VARIABLES= "X pix", "Y pix", "U pix/dt", "V pix/dt", "CHC", ZONE I=21, J=30
 16 272 -0.0580 -0.2313 223.1149
 48 272 -0.3506 -0.1335 154.9908
 80 272 -0.3742 -0.1341 129.0766
112 272 -0.0588 -0.1271 237.2636
144 272  0.0009  0.0041 212.4681
176 272 -0.0693 -0.0626 125.4622
208 272 -0.0248 -0.0796 300.2064
240 272 -0.0475 -0.0618 234.2888
272 272 -0.0269 -0.0296 157.7110
304 272 -0.0303 -0.0392 175.7152
336 272 -0.0206 -0.0080 82.4315
368 272  0.0004  0.0050 197.7204
400 272  0.0085  0.0521 243.4371
432 272  0.0101  0.0488 160.3694
464 272  0.0068  0.0863 141.7362
496 272  0.0369  0.0748 122.5376
528 272 -0.0105  0.0646 125.0502
560 272  0.0000  0.0457 40.7779
592 272  0.0380  0.0795 127.3400
624 272  0.0311  0.0555 124.1167
656 272  0.0367  0.0211 152.5993
 16 304 -0.0918 -0.2139 297.6102
 48 304 -0.0592 -0.1305 286.9495
 80 304 -0.1716 -0.1592 187.5452
112 304 -0.0731 -0.1632 238.9704
144 304 -0.1494 -0.1755 215.0619
176 304 -0.0545 -0.0436 222.5101
208 304 -0.1206 -0.1242 315.2670
240 304 -0.0833 -0.0812 152.1778
272 304 -0.0273 -0.0125 32.8448
304 304 -0.0134 -0.0244 277.4110
336 304 -0.0110 -0.0084 172.2695
368 304  0.0018 -0.0029 300.9988
400 304 -0.0107  0.0040 79.8495
432 304 -0.0010  0.0243 152.0541
464 304  0.0206  0.0425 281.6285
496 304  0.0238  0.0808 145.7661
528 304  0.0607  0.0812 85.0575
560 304 -0.0213  0.1259 216.4716
592 304  0.0069  0.0384 150.1979
624 304  0.0086  0.0470 140.3698
656 304  0.0119  0.0373 98.8157
 16 336 -0.1900 -0.2357 191.1091
 48 336 -0.1991 -0.4012 61.7783
 80 336 -0.2007 -0.1230 160.6767
112 336 -0.1464 -0.2559 362.9690
144 336 -0.1392 -0.1104 69.2512
176 336 -0.0430 -0.1104 182.4622
208 336 -0.0673 -0.1473 235.9354
240 336 -0.0569 -0.1012 216.6464
272 336 -0.0171 -0.0482 29.3664
304 336  0.0066 -0.0443 70.6362
336 336 -0.0515 -0.0356 154.8430
368 336 -0.0129 -0.0074 136.8249
400 336  0.0080  0.0471 56.4851
432 336  0.0127  0.0089 182.1197
464 336  0.0206  0.0353 203.2363
496 336  0.0217  0.0752 209.6032
528 336 -0.0033  0.0701 155.2700
560 336  0.0211  0.0853 141.1864
592 336  0.0075  0.0040 87.4778
624 336 -0.0009  0.0233 88.6707
656 336  0.0029  0.0185 74.7658
 16 368 -0.2530 -0.2926 97.0334
 48 368 -0.1552 -0.2792 134.3607
 80 368 -0.1787 -0.2264 146.1586
112 368 -0.0077 -0.0720 336.1900
144 368 -0.1044 -0.3093 255.1046
176 368 -0.2772 -0.1567 181.7515
208 368 -0.0852 -0.1545 233.9885
240 368 -0.0706 -0.1412 115.7487
272 368 -0.0459 -0.0738 193.0665
304 368 -0.0519 -0.0941 296.9528
336 368 -0.0132 -0.0210 102.0717
368 368 -0.0013 -0.0208 296.7793
400 368 -0.0232 -0.0237 108.4705
432 368  0.0138  0.0168 213.6848
464 368  0.0144  0.0461 121.6839
496 368  0.0189  0.0681 136.0398
528 368  0.0034  0.1084 145.2765
560 368  0.0197  0.0357 247.3749
592 368  0.0282  0.1090 123.8317
624 368  0.0055  0.0635 107.4102
656 368  0.0269  0.0253 60.8045
 16 400 -0.0210 -0.1123 28.6493
 48 400 -0.0336 -0.1330 159.4901
 80 400 -0.3297 -0.3536 137.6689
112 400 -0.2922 -0.3722 34.3959
144 400 -0.4460 -0.3268 114.8531
176 400 -0.1618  0.0027 36.3866
208 400 -0.1666 -0.1121 167.0108
240 400 -0.2155 -0.1982 89.3752
272 400 -0.0369 -0.1721 242.1425
304 400 -0.0657 -0.1078 174.0699
336 400 -0.0522 -0.0360 98.8088
368 400 -0.0068 -0.0152 153.0038
400 400 -0.0008  0.0091 63.6668
432 400  0.0069  0.0005 169.0685
464 400 -0.0134  0.0368 225.2769
496 400  0.0549  0.0269 123.6230
528 400  0.0681  0.0719 161.9664
560 400  0.0006  0.0780 172.0662
592 400  0.0049  0.0297 243.5233
624 400  0.0224  0.0500 126.1502
656 400 -0.0279  0.0358 209.6089
 16 432 -0.2114 -0.1746 22.5954
 48 432 -0.1752 -0.2287 85.9105
 80 432 -0.8901 -0.3368 245.7829
112 432 -0.6330 -0.1563 81.2748
144 432 -0.0442 -0.5336 124.3127
176 432 -0.3841 -0.0488 219.6243
208 432 -0.3421 -0.1488 113.7237
240 432 -0.1396 -0.1694 252.8738
272 432 -0.1648 -0.3373 154.5012
304 432 -0.1696 -0.1534 257.0749
336 432 -0.1365 -0.1497 170.7678
368 432 -0.0445 -0.0849 158.3346
400 432  0.0052 -0.0343 82.6073
432 432  0.0273 -0.0255 182.8986
464 432  0.0267  0.0480 129.6690
496 432  0.0467 -0.0091 99.5679
528 432  0.0134  0.1310 102.9883
560 432  0.0388  0.0386 140.2976
592 432  0.0094  0.0736 149.9059
624 432  0.0351  0.0825 116.5294
656 432  0.0112  0.0608 98.2807
 16 464 -0.5191 -0.2082 20.5133
 48 464 -0.6191 -0.3172 85.0191
 80 464 -1.4189 -0.7134 191.4128
112 464 -0.8327 -0.3038 42.1076
144 464 -0.3542 -0.1872 44.6074
176 464 -0.3530 -0.3618 92.5474
208 464 -0.3058 -0.4196 110.8771
240 464 -0.3821 -0.2247 142.8357
272 464 -0.2254 -0.3324 331.1335
304 464 -0.1468 -0.2385 183.9255
336 464 -0.0500 -0.0841 243.3229
368 464 -0.0582 -0.1600 123.9592
400 464 -0.0082 -0.0581 112.6788
432 464  0.0008 -0.1261 190.8971
464 464  0.0155 -0.0031 178.0307
496 464  0.0343  0.0051 52.9251
528 464  0.0596  0.0003 176.8776
560 464  0.0466  0.0301 230.6070
592 464  0.0221  0.1017 149.5332
624 464  0.0115  0.0797 145.5527
656 464  0.0037  0.0258 263.7130
 16 496 -0.1024 -0.1463 91.8364
 48 496 -0.8461 -0.4430 215.2162
 80 496 -0.5153 -0.3756 169.4080
112 496 -0.4344 -0.9943 177.2758
144 496 -0.3137 -0.3732 119.8913
176 496 -0.1489 -0.1014 13.9311
208 496 -0.3656 -0.6152 86.3235
240 496 -0.2747 -0.3476 227.8101
272 496 -0.0831 -0.3902 36.7116
304 496 -0.1554 -0.4944 63.0415
336 496 -0.0406 -0.0966 138.9551
368 496 -0.0987 -0.1608 146.1956
400 496 -0.0151 -0.1010 45.4242
432 496 -0.0059 -0.0708 181.5486
464 496  0.0359  0.0107 93.9239
496 496  0.0827  0.0470 169.5413
528 496  0.0346  0.0930 167.6105
560 496  0.0734 -0.0019 32.3297
592 496  0.1291  0.0258 48.9739
624 496 -0.0127  0.0821 85.7619
656 496  0.0144  0.0528 137.7710
 16 528 -0.2583 -0.3370 28.6056
 48 528 -0.6032 -0.4573 191.7393
 80 528 -0.8399 -0.6489 179.6164
112 528 -0.6267 -0.6162 61.3762
144 528 -0.7151 -0.5427 274.0008
176 528 -0.2892 -0.3108 22.3428
208 528 -0.7553 -1.0911 116.2339
240 528 -0.5476 -0.6361 62.6027
272 528 -0.3219 -0.6799 107.3855
304 528 -0.6130 -0.4752 238.9617
336 528 -0.1001 -0.2854 293.5353
368 528 -0.0547 -0.2374 194.3498
400 528 -0.0922 -0.1781 39.9506
432 528  0.0433 -0.1097 156.4333
464 528  0.0313 -0.0329 234.2737
496 528  0.0520 -0.0158 182.3795
528 528  0.0905  0.0419 35.5516
560 528  0.0637  0.0630 150.6862
592 528  0.0399  0.1246 111.6989
624 528  0.0419  0.1009 211.2663
656 528  0.0083  0.0719 87.9716
 16 560 -0.3319 -0.0660 24.3047
 48 560 -0.2864 -0.2797 110.2125
 80 560 -0.2717 -0.3291 43.5042
112 560 -0.5890 -1.0079 75.0498
144 560 -0.1448 -0.2684 23.3045
176 560 -0.6846 -0.8150 63.4515
208 560 -0.7292 -0.5664 146.7642
240 560 -0.9860 -0.7313 197.1813
272 560 -0.2703 -0.2410 190.2223
304 560 -0.3635 -0.6285 89.7513
336 560 -0.2594 -0.3290 57.4001
368 560 -0.0600 -0.3270 135.0681
400 560 -0.0222 -0.2075 202.5208
432 560  0.0670 -0.0901 287.0195
464 560  0.1186 -0.0416 117.4947
496 560  0.0387  0.0134 69.9759
528 560  0.0764 -0.0058 200.6038
560 560  0.0927  0.0641 66.1884
592 560  0.1294  0.1213 133.3637
624 560  0.0297  0.1463 39.1360
656 560  0.0334  0.1015 68.9526
 16 592 -0.4617 -0.1359 62.5230
 48 592 -0.8252 -0.2805 185.7842
 80 592 -0.6236 -0.3044 96.5855
112 592 -0.9563 -0.7285 69.0442
144 592 -0.9300 -0.7941 198.5656
176 592 -0.3646 -0.2504 27.3684
208 592 -1.3828 -0.7800 281.3425
240 592 -0.7086 -0.7357 226.8500
272 592 -0.7855 -0.8250 202.6409
304 592 -0.3272 -1.4147 59.5241
336 592 -0.1138 -0.6026 81.9689
368 592 -0.0947 -0.6951 190.4351
400 592  0.0562 -0.5248 29.6646
432 592  0.1445 -0.2588 60.4400
464 592  0.2708 -0.1468 259.1952
496 592  0.2321 -0.0407 194.1957
528 592  0.1698  0.1267 163.4860
560 592  0.1627  0.1355 121.5826
592 592  0.0995  0.1203 60.9768
624 592  0.0374  0.1860 216.2083
656 592  0.0214  0.2165 104.8024
 16 624 -0.1331 -0.0596 43.2433
 48 624 -0.4914 -0.1504 48.9868
 80 624 -0.4450 -0.3345 76.5375
112 624 -0.9044 -1.2433 243.3845
144 624 -0.3937 -0.3680 182.6578
176 624 -1.3628 -0.7307 100.3803
208 624 -0.9018 -0.9565 168.3995
240 624 -0.8089 -0.9554 27.7021
272 624 -0.1992 -0.3295 30.6129
304 624 -0.5154 -0.9102 172.8935
336 624 -0.2296 -1.0455 93.6299
368 624  0.0455 -0.9218 335.2361
400 624  0.0603 -0.8755 90.6012
432 624  0.2527 -0.4294 37.7290
464 624  0.5849 -0.3747 164.6843
496 624  0.5498 -0.0215 90.1742
528 624  0.1759  0.0323 24.0755
560 624  0.2401  0.0836 101.6526
592 624  0.2004  0.2864 190.9533
624 624  0.0303  0.4188 272.0251
656 624 -0.0130  0.3531 177.7628
 16 656 -0.2546 -0.2051 85.3113
 48 656 -0.2162  0.0166 18.1425
 80 656 -0.6586 -0.6176 138.6918
112 656 -0.7005 -0.7015 145.2545
144 656 -1.0231 -0.6081 132.2910
176 656 -0.9490 -1.0295 75.3226
208 656 -0.9720 -0.8429 179.2197
240 656 -1.2482 -1.0475 123.9928
272 656 -0.3584 -1.0901 110.6198
304 656 -0.0678 -0.3546 80.6003
336 656 -0.1267 -0.4857 12.8152
368 656  0.0216 -2.0155 29.5489
400 656 -0.1598 -0.5967 15.0061
432 656  0.1403 -0.5250 41.2238
464 656  0.4489 -0.2604 221.0983
496 656  0.3410 -0.0088 66.4792
528 656  0.3147  0.1581 117.9487
560 656  0.0899  0.1445 132.6358
592 656  0.4718  0.4453 120.7708
624 656  0.1369  0.4877 136.6987
656 656  0.0814  0.2877 66.7409
 16 688 -0.0105 -0.0609 146.4219
 48 688 -0.2380 -0.0766 30.8847
 80 688 -0.6596 -0.4247 171.6834
112 688 -0.2755 -0.3641 160.4472
144 688 -0.8962 -0.6146 58.8434
176 688 -0.9973 -0.6098 168.6254
208 688 -0.9387 -1.0634 28.3737
240 688 -1.0978 -1.3598 153.2387
272 688 -0.9437 -1.2208 144.3412
304 688 -0.9681 -2.1162 26.5228
336 688 -0.2587 -1.0821 12.8280
368 688 -1.0023 -1.4673 193.0304
400 688 -1.2364 -0.9208 41.7593
432 688 -1.0952 -1.0245 132.8178
464 688 -0.7051 -0.6236 70.6855
496 688 -0.1242 -0.2324 145.2632
528 688  0.3344 -0.0164 245.6461
560 688  0.7198  0.5705 60.3977
592 688  0.2984  0.4687 54.1671
624 688  0.2457  0.3327 57.4514
656 688 -0.1436 -0.8360 79.5496
 16 720 -0.0509 -0.0614 61.5730
 48 720 -0.0813 -0.0614 130.7150
 80 720 -0.3661 -0.0804 55.2172
112 720 -0.2069 -0.1926 33.1957
144 720 -0.2060 -0.2124 29.4849
176 720 -0.7528 -0.4538 19.1633
208 720 -1.4586 -0.7358 51.4644
240 720 -1.4523 -1.0512 60.1521
272 720 -1.8614 -1.9602 27.7776
304 720 -1.4977 -1.1112 28.5481
336 720 -2.1371 -1.1619 224.1898
368 720 -2.2699 -1.1050 99.8290
400 720 -2.5169 -0.8852 24.0863
432 720 -2.0096 -0.9408 43.5900
464 720 -1.4618 -0.7065 37.2000
496 720 -1.5894 -0.9635 88.5910
528 720 -0.4785 -0.0971 115.0239
560 720 -0.0768  0.1704 81.0695
592 720  0.0670  0.4063 39.6481
624 720  0.1459  0.6232 41.3749
656 720  0.3840  0.8026 78.9404
 16 752 -0.1202 -0.0146 70.3277
 48 752 -0.0771 -0.0752 46.2591
 80 752 -0.3483 -0.1023 84.3219
112 752 -0.1071 -0.1925 284.7959
144 752 -0.3227 -0.2472 79.9806
176 752 -0.2548 -0.2470 221.8655
208 752 -0.9438 -0.9106 102.9276
240 752 -2.0480 -1.1388 72.8901
272 752 -1.6400 -1.1498 96.5792
304 752 -1.3087 -0.6254 86.4957
336 752 -2.1658 -1.1537 43.6505
368 752 -2.1281 -0.2802 34.2790
400 752 -3.0178 -0.4650 99.3405
432 752 -2.2145 -0.6397 27.0268
464 752 -2.0819 -1.0991 16.6930
496 752 -1.8715 -1.1403 57.2499
528 752 -0.4811 -0.1827 37.9327
560 752 -0.7238 -0.3523 60.0599
592 752 -0.5083  0.0514 105.6650
624 752  0.0070  0.3175 66.1135
656 752  0.2969  0.3857 28.3145
 16 784 -0.0109 -0.0164 62.0243
 48 784 -0.0685 -0.0596 100.8248
 80 784 -0.2313 -0.0337 93.3604
112 784 -0.0518 -0.0531 337.2307
144 784 -0.8523 -0.3432 179.4475
176 784 -0.2246 -0.0178 36.1669
208 784 -0.7594 -0.3895 31.7334
240 784 -1.1469 -0.2693 73.9375
272 784 -1.7829 -0.7648 96.9988
304 784 -0.3498 -0.0419 10.0505
336 784 -0.0217 -0.0063 11.7259
368 784 -0.2570  0.6114  8.1177
400 784 -0.1622  0.4620  5.2792
432 784 -0.6585  0.1460 10.3314
464 784 -0.2397  0.1598 64.7058
496 784 -2.1758 -1.2211 146.5020
528 784 -1.5998 -1.1131 61.7248
560 784 -1.0025 -0.8111 144.5374
592 784 -0.4679 -0.0133 175.5515
624 784  0.0121  0.0978 42.4500
656 784  0.1551  0.1871 78.7760
 16 816 -0.0152  0.0202 74.8233
 48 816 -0.0033 -0.0079 167.0710
 80 816 -0.0509 -0.0824 17.8917
112 816 -0.1730 -0.0481 195.6289
144 816 -0.1549 -0.1088 130.4346
176 816 -0.1374 -0.0027 14.8729
208 816 -0.7752 -0.1504 29.5662
240 816 -0.9446 -0.2035 65.3132
272 816 -1.8604 -1.7586 88.2711
304 816  0.0044 -0.0480  8.4587
336 816 -0.0726 -0.0806 13.9568
368 816 -0.0939  0.2485  5.3484
464 816 -0.0700  0.1417  4.1967
496 816 -0.1407  0.1399 11.3944
528 816 -0.3546 -0.4739 28.6711
560 816 -0.5307 -0.3510 35.1502
592 816 -0.4730 -0.2372 100.3198
624 816 -0.0914 -0.0381 65.9576
656 816  0.0798  0.0628 26.8891
 16 848  0.0490  0.0206 110.2864
 48 848  0.0369  0.0265 51.6322
 80 848 -0.0050  0.0010 43.8333
112 848 -0.0744 -0.0152 158.9798
144 848 -0.2079 -0.0049 164.0558
176 848 -0.9232 -0.0117 63.5609
208 848 -0.6673  0.0637 75.9302
240 848 -0.7802 -0.1027 62.8059
272 848 -1.6557 -1.2803 61.3009
304 848 -0.9902 -2.0660  9.9995
336 848  0.0307  0.0226 24.3060
368 848 -0.0154  0.0299  4.0434
496 848 -0.0430  0.0250  4.2935
528 848 -0.0703 -0.0080 73.6345
560 848 -0.2369 -0.1744 23.6476
592 848 -0.1093  0.0032 58.9577
624 848 -0.0716 -0.1175 102.1346
656 848 -0.0085  0.0744 52.1036
 16 880  0.0059 -0.0039 38.6083
 48 880  0.0217  0.0131 171.3289
 80 880 -0.0034  0.0371 168.2759
112 880 -0.0136  0.0356 89.4378
144 880 -0.0154  0.0971 98.8961
176 880 -0.0524  0.0862 182.1945
208 880 -0.1470  0.1340 86.1370
240 880 -1.0679 -0.1805 152.2932
272 880 -1.0732 -0.7950 29.7093
304 880  0.0195 -0.0668 10.9023
336 880  0.0161 -0.0354 39.5112
368 880  0.0038 -0.0128  6.3796
528 880 -0.0489  0.0663 16.1433
560 880 -0.0883  0.1916 19.6226
592 880 -0.3024  0.3881  6.3490
624 880 -0.2153 -0.0043 28.9437
656 880 -0.0838  0.0708 11.3549
 16 912  0.1963  0.0233 104.5324
 48 912  0.0390  0.0059 27.9046
 80 912  0.0303  0.0280 181.2322
112 912  0.0407  0.0414 116.7562
144 912 -0.0041  0.0891 70.7690
176 912 -0.0138  0.0749 113.9624
208 912  0.0001  0.0682 98.3447
240 912 -0.0680  0.0439 181.5104
272 912 -0.1921 -0.1903 40.7232
304 912 -0.0853 -0.3073 10.9458
336 912 -1.0302 -1.5500 13.8420
368 912 -0.0088 -0.0091 86.1658
400 912  0.0691 -0.0742  6.2559
528 912 -0.0545  0.0449  4.4706
560 912 -0.1345  0.0383  5.4510
624 912 -0.2736  0.1577  8.5457
656 912  0.0526  0.0923  5.6131
 16 944  0.0456  0.0266 24.9591
 48 944  0.1836  0.0257 101.8252
 80 944  0.1160  0.0493 121.5064
112 944  0.0241  0.0311 331.7733
144 944  0.0647  0.0588 397.0285
176 944  0.0899  0.0830 233.3792
208 944  0.0587  0.2606 41.5453
240 944  0.0653  0.0751 303.5584
272 944  0.0397 -0.1065 130.1608
304 944 -0.2406 -1.1883 93.3015
336 944 -1.3842 -1.7492 92.7200
368 944  0.0020 -0.0715 15.2900
400 944 -0.0136  0.0405 34.8378
432 944  0.0009  0.0128  9.0722
464 944  0.0104  0.0249  7.2253
496 944 -0.0302  0.0703  7.0868
624 944 -0.2733  0.1111  4.9820
656 944  0.0623  0.0656  4.1967
 16 976  0.0542  0.0020 34.1706
 48 976  0.0337  0.0392 42.5317
 80 976  0.1392  0.0069 29.8923
112 976  0.1030  0.0467 238.5299
144 976  0.0836  0.0601 54.6124
176 976  0.0897  0.0331 241.8861
208 976  0.0985  0.0609 69.1407
240 976  0.1514  0.0398 143.9718
272 976  0.1749 -0.0747 110.1567
304 976  0.0736 -0.3792 100.8326
336 976 -0.0224 -1.2926 86.6789
368 976 -0.1008 -1.0197 55.7110
400 976 -0.0332 -0.0094 13.0994
432 976 -0.0164 -0.0631 14.0546
464 976 -0.0297 -0.0313 30.8523
496 976  0.0367 -0.1679  8.1667
528 976  0.0171 -0.0735  4.6020
 16 1008  0.0648  0.0208 26.9388
 48 1008  0.0559  0.0515 86.1358
 80 1008  0.3378  0.0205 68.2917
112 1008  0.0647  0.0373 79.6936
144 1008  0.1176  0.0157 271.0388
176 1008  0.1528  0.0872 135.7943
208 1008  0.2085  0.0426 275.0806
240 1008  0.2708  0.0040 127.1495
272 1008  0.2845 -0.2933 262.3697
304 1008  0.2527 -0.3209 23.3760
336 1008  0.1866 -0.4677 29.0528
368 1008  0.1054 -0.5353 26.8274
400 1008 -0.0771 -0.2841 15.8672
432 1008 -0.0435 -0.0361 12.9194
464 1008  0.0554 -0.1312 15.9256
496 1008 -0.0116 -0.0026 22.3233
528 1008 -0.0203 -0.1325  9.6928
560 1008  0.1169 -0.2384  5.8164
 16 1040  0.2951  0.0432 102.5366
 48 1040  0.0412 -0.0203 24.7795
 80 1040  0.1318  0.0658 190.5988
112 1040  0.0746  0.0165 85.3046
144 1040  0.1253 -0.0561 127.1185
176 1040  0.1119 -0.0368 261.7501
208 1040  0.3787  0.0067 153.6202
240 1040  0.2285 -0.0099 85.6977
272 1040  0.1967 -0.0614 95.4648
304 1040  0.0828 -0.0524 15.6075
336 1040  0.6177 -0.5070 40.4121
368 1040  0.1836 -0.6451 54.5979
400 1040 -0.0133  0.0129 10.4659
432 1040  0.0212 -0.0599 15.0010
464 1040  0.0028 -0.0069 37.8469
496 1040 -0.0075 -0.0356 14.7474
528 1040  0.0328 -0.1300 10.0743
560 1040  0.0538  0.0457 12.2454
592 1040  0.2168  0.0019  5.2099
 16 1072  0.1574  0.0236 218.3118
 48 1072  0.0494  0.0668 26.0773
 80 1072  0.0488  0.0382 288.5207
112 1072  0.0545  0.0881 137.0181
144 1072  0.0808 -0.0082 62.9662
176 1072  0.1114  0.0088 36.9106
208 1072  0.1025 -0.0349 41.8349
240 1072  0.1288 -0.0428 186.6457
272 1072  0.3044 -0.1315 102.5154
304 1072  0.3227 -0.1563 126.6848
336 1072  0.3606 -0.2007 108.6858
368 1072  0.3357 -0.3198 137.5231
400 1072  0.0073 -0.0199 14.0961
432 1072 -0.0233  0.0558 30.6765
464 1072  0.0099  0.0052  9.9810
496 1072  0.0492 -0.4312 13.2279
528 1072 -0.0527 -0.4080 10.7984
560 1072  0.0588 -0.1652  8.7697
592 1072 -0.0006 -0.1028 10.4007
624 1072 -0.0155 -0.1110  5.3887
656 1072  0.1141 -0.1226  4.5300
 16 1104  0.0345  0.0120 38.9301
 48 1104  0.0358  0.0497 86.5930
 80 1104  0.1647  0.0252 68.3264
112 1104  0.0703  0.0154 78.8056
144 1104  0.3478  0.0268 82.1140
176 1104  0.1462 -0.0241 37.8960
208 1104  0.1712 -0.0846 35.9804
240 1104  0.1607 -0.1286 119.9580
272 1104  0.1278 -0.0685 89.3837
304 1104  0.1528 -0.2328 157.4652
336 1104  0.6044 -0.2892 101.1986
368 1104  0.0207 -0.0385 31.5767
400 1104  0.0367 -0.0345 19.4395
432 1104  0.0090 -0.0129 24.1269
464 1104 -0.0304 -0.0103 17.3250
496 1104 -0.0262 -0.0101 13.9987
528 1104  0.0234 -0.0388 10.7154
560 1104 -0.0166 -0.1378 14.6360
592 1104  0.0311 -0.0793 10.3307
624 1104 -0.0761 -0.1046 12.7557
656 1104  0.1039 -0.1428  8.3782
 16 1136  0.0074  0.0036 15.5029
 48 1136  0.1013  0.0807 52.8542
 80 1136  0.1817  0.0475 72.7729
112 1136  0.1242 -0.0144 27.2620
144 1136  0.3475 -0.0122 64.7465
176 1136  0.2084  0.0294 196.5180
208 1136  0.1012 -0.0227 70.5324
240 1136  0.0668 -0.0309 164.2800
272 1136  0.1538 -0.2032 72.1221
304 1136  0.0688 -0.1239 33.3519
336 1136  0.1881 -0.0974 153.5316
368 1136  0.1687 -0.2050 173.1992
400 1136  0.0227 -0.0221 16.1877
432 1136  0.0312 -0.0177 14.6818
464 1136 -0.0166 -0.0033 16.3965
496 1136 -0.0142 -0.0309 12.1783
528 1136 -0.0261 -0.0429 16.6630
560 1136 -0.0043 -0.0569 10.4265
592 1136 -0.4144 -0.0265 12.6440
624 1136 -0.0017  0.0112 13.6525
656 1136 -0.0055 -0.0007 17.3152
 16 1168  0.0560 -0.0102 13.7031
 48 1168  0.0298 -0.0052 20.7363
 80 1168  0.0682 -0.0075 102.8341
112 1168  0.0526 -0.0262 45.0216
144 1168  0.0559  0.0071 100.4414
176 1168  0.1383 -0.0181 141.3197
208 1168  0.2701 -0.0548 74.6705
240 1168  0.1329 -0.0688 58.1006
272 1168  0.2582 -0.0954 138.9114
304 1168  0.2221 -0.0945 60.1973
336 1168  0.2331 -0.3165 110.2189
368 1168  0.0881 -0.3059 277.1713
400 1168  0.0276 -0.0411 15.3696
432 1168  0.0112 -0.0661 13.6577
464 1168  0.0575 -0.0844 20.1482
496 1168  0.0123  0.0056 18.9506
528 1168 -0.0269 -0.0034 17.6188
560 1168 -0.0232 -0.0118 13.2187
592 1168 -0.1612 -0.0191 10.7430
624 1168 -0.0186 -0.0251 13.8989
656 1168 -0.0450  0.0037 12.6992
 16 1200  0.0301 -0.0037 13.6158
 48 1200  0.0512  0.0083 20.0737
 80 1200 -0.0136  0.0057 16.7726
112 1200  0.0515 -0.0206 170.7804
144 1200  0.0891 -0.0117 26.9106
176 1200  0.1215 -0.0851 169.0529
208 1200  0.0197 -0.0136 30.3613
240 1200  0.1623 -0.0368 44.9861
272 1200  0.4142 -0.0948 59.9211
304 1200  0.0790 -0.0995 61.8719
336 1200  0.2540 -0.1513 153.4690
368 1200  0.1199 -0.1199 52.8839
400 1200  0.0051 -0.0160 17.5816
432 1200 -0.0122 -0.0439 11.7243
464 1200  0.0165 -0.0189 10.9153
496 1200  0.0124 -0.0121 20.5179
528 1200 -0.0125  0.0062 20.0945
560 1200 -0.0506 -0.0138 13.9698
592 1200 -0.0148  0.0297 14.2291
624 1200  0.0253 -0.1624 28.7288
656 1200  0.0135 -0.0177 20.1778
  0   0 -0.0862  0.0304  0.0000
  0   0 -0.1607 -0.0467  0.0000
  0   0 -0.1241 -0.0865  0.0000
  0   0 -0.1173 -0.0062  0.0000
  0   0 -0.1591  0.0570  0.0000
  0   0 -0.2339  0.1048  0.0000
  0   0 -0.3302  0.1056  0.0000
  0   0 -0.2611  0.1015  0.0000
  0   0 -0.1814  0.1132  0.0000
  0   0 -0.0410  0.0720  0.0000
  0   0  0.0314  0.0452  0.0000
  0   0  0.0399  0.0228  0.0000
  0   0  0.1142 -0.0010  0.0000
  0   0  0.2035 -0.0165  0.0000
  0   0  0.2877 -0.0588  0.0000
  0   0  0.3527 -0.0446  0.0000
  0   0  0.4780 -0.0897  0.0000
  0   0  0.5998 -0.1715  0.0000
  0   0  0.3936 -0.2273  0.0000
  0   0  0.3559 -0.2652  0.0000
  0   0  0.1817 -0.2078  0.0000
  0   0 -0.0032 -0.0929  0.0000
  0   0 -0.1021 -0.0554  0.0000
  0   0 -0.1553 -0.0110  0.0000
  0   0 -0.2269  0.0319  0.0000
