VARIABLES= "X pix", "Y pix", "U pix/dt", "V pix/dt", "CHC", ZONE I=21, J=30
 16 272 -0.0364 -0.2736 56.4496
 48 272 -0.0479 -0.1286 218.7156
 80 272  0.0155 -0.1488 355.2727
112 272 -0.1057 -0.2098 78.9717
144 272 -0.1994 -0.1165 124.3097
176 272 -0.0651 -0.0261 372.2512
208 272 -0.0301 -0.0982 171.0988
240 272 -0.0210 -0.0457 29.8514
272 272  0.0411 -0.0577 310.1720
304 272  0.0024 -0.0252 258.2978
336 272  0.0408 -0.0087 72.3717
368 272  0.0705  0.0112 60.0596
400 272  0.0590  0.0080 113.0393
432 272  0.0811  0.0352 279.5417
464 272  0.0389  0.0324 232.6369
496 272  0.0978  0.0673 165.4630
528 272  0.0751  0.0893 77.1441
560 272  0.0612  0.0681 85.2989
592 272  0.0325  0.0563 230.5990
624 272  0.0813  0.0309 126.0617
656 272  0.0098  0.0042 141.0682
 16 304 -0.2926 -0.1229 157.2556
 48 304 -0.0599 -0.3527 60.4742
 80 304 -0.0598 -0.0810 46.6009
112 304 -0.0794 -0.1732 204.9759
144 304 -0.0727 -0.2131 306.5812
176 304 -0.0720 -0.2232 170.3670
208 304 -0.0427 -0.0984 233.1368
240 304 -0.0308 -0.1186 109.4004
272 304 -0.0023 -0.0619 295.9881
304 304  0.0047 -0.0766 261.3762
336 304  0.0166 -0.0279 185.0898
368 304  0.0261 -0.0015 76.2827
400 304  0.0438  0.0302 63.9358
432 304  0.0540  0.0229 187.5109
464 304  0.0383  0.0235 190.7770
496 304  0.0643  0.0288 355.0232
528 304  0.0247  0.0733 123.2595
560 304  0.0688  0.0608 130.4083
592 304  0.0779  0.0695 146.5874
624 304  0.0115  0.0490 156.0908
656 304  0.0866  0.0188 66.9010
 16 336 -0.2526 -0.2588 191.9513
 48 336 -0.4008 -0.3582 218.7762
 80 336 -0.1319 -0.1571 210.5160
112 336 -0.0905 -0.2545 369.6176
144 336 -0.1173 -0.1347 174.1376
176 336 -0.0747 -0.2795 117.5068
208 336 -0.0641 -0.0941 235.9860
240 336 -0.0314 -0.1844 117.1461
272 336 -0.0218 -0.0820 266.0807
304 336 -0.0058 -0.0487 210.6873
336 336 -0.0021 -0.0439 108.3589
368 336  0.0391 -0.0256 140.1859
400 336  0.0707  0.0049 135.4026
432 336  0.0320  0.0171 155.8707
464 336  0.0863  0.0539 145.4623
496 336  0.0368  0.0624 33.4725
528 336  0.0838  0.0645 168.1774
560 336  0.0488 -0.0110 186.5399
592 336  0.0836  0.0573 161.6029
624 336  0.0609  0.0449 107.7862
656 336  0.0708  0.0182 196.7365
 16 368 -0.0933 -0.5180 205.1804
 48 368 -0.8716 -0.5268 129.1385
 80 368 -0.4881 -0.4865 143.4644
112 368 -0.0896 -0.3776 204.3523
144 368 -0.2965 -0.3433 254.0707
176 368 -0.1468 -0.2199 219.1228
208 368 -0.1889 -0.2597 223.7489
240 368 -0.0650 -0.1665 73.5361
272 368 -0.0337 -0.0768 193.1502
304 368 -0.0145 -0.0984 157.2176
336 368  0.0206 -0.0518 196.6635
368 368  0.0205 -0.0467 282.4496
400 368  0.0444 -0.0350 170.7349
432 368  0.0842  0.0255 83.6825
464 368  0.0906  0.0417 278.5904
496 368  0.0440  0.0279 180.4552
528 368  0.0732  0.0722 162.4050
560 368  0.0540  0.0040 15.3766
592 368  0.0746  0.0369 68.4149
624 368  0.0718  0.0780 58.0426
656 368  0.0471  0.0092 194.1167
 16 400 -0.0628 -0.0625 51.9074
 48 400 -0.2584 -0.3924 45.9484
 80 400 -0.2573 -0.3808 104.9566
112 400 -0.3269 -0.3097 193.6763
144 400 -0.0525 -0.1644 115.8108
176 400 -0.1877 -0.3485 159.8778
208 400 -0.1349 -0.2134 144.6877
240 400 -0.0667 -0.2590 118.5364
272 400 -0.0461 -0.1995 199.7833
304 400 -0.0384 -0.1003 162.3009
336 400 -0.0114 -0.1511 200.3474
368 400  0.0066 -0.0299 243.9619
400 400  0.0245 -0.0424 137.1338
432 400  0.1962  0.0699 46.9522
464 400  0.1536 -0.0077 240.1223
496 400  0.0506  0.0341 145.5823
528 400  0.0631  0.0993 210.4715
560 400  0.0230  0.0800 101.5125
592 400  0.0787  0.0269 49.8527
624 400  0.0607  0.0675 124.8414
656 400  0.0924  0.0320 124.7023
 16 432 -0.3655 -0.1659 57.5059
 48 432 -0.3544 -0.3436 42.0002
 80 432 -0.0429 -0.1787 15.3843
112 432 -0.2643 -0.2272 149.9381
144 432 -0.1289 -0.5226 232.9646
176 432 -0.3382 -0.2721 124.1886
208 432 -0.0894 -0.2928 89.1211
240 432 -0.2425 -0.2859 143.0691
272 432 -0.0668 -0.2830 41.2931
304 432 -0.0388 -0.1268 89.7682
336 432  0.0021 -0.0714 122.8954
368 432  0.0283 -0.1161 256.8098
400 432  0.0549 -0.0521 111.0231
432 432  0.0930 -0.0182 103.7538
464 432  0.0412 -0.0046 160.2189
496 432  0.0871  0.0005 119.7189
528 432  0.0665  0.0512 143.9052
560 432  0.0596  0.0534 122.7925
592 432  0.0602  0.0694 99.5896
624 432  0.0734  0.0087 38.8037
656 432  0.0774  0.0188 110.7109
 16 464 -0.6407 -0.6316 28.4478
 48 464 -0.1992 -0.1557 45.7565
 80 464 -1.1116 -0.3088 115.6923
112 464 -0.4143 -0.4848 70.3260
144 464 -0.5715 -0.2866 114.8702
176 464 -0.2730 -0.3781 40.8698
208 464 -0.1719 -0.4263 96.3511
240 464 -0.1630 -0.3460 154.4240
272 464 -0.1163 -0.3693 180.9314
304 464 -0.0929 -0.2809 244.7144
336 464 -0.0516 -0.2002 154.7016
368 464  0.0098 -0.1702 162.0315
400 464  0.1110 -0.0429 238.3405
432 464  0.0769 -0.0390 162.1580
464 464  0.0555  0.0404 32.5915
496 464  0.0599  0.0056 180.8181
528 464  0.0754  0.0225 141.5726
560 464  0.1173  0.0403 62.6344
592 464  0.1276  0.0987 283.6321
624 464  0.0615  0.0771 87.8892
656 464  0.0505  0.0342 220.2822
 16 496 -0.1040 -0.3937 29.1056
 48 496 -0.6126 -0.5809 121.3374
 80 496 -0.3591 -0.3219 59.3432
112 496 -0.2486 -0.3263 35.6771
144 496 -0.3580 -0.3624 384.4825
176 496 -0.6368 -0.0251 92.8470
208 496 -0.2442 -0.7157 23.1130
240 496 -0.0503 -0.4513 84.4796
272 496 -0.1319 -0.6301 258.5817
304 496 -0.0441 -0.6865 59.9083
336 496 -0.0252 -0.2797 161.6201
368 496  0.0159 -0.2034 206.6288
400 496  0.0468 -0.1544 121.7134
432 496  0.0272 -0.0845 60.9837
464 496  0.1239 -0.0004 180.7130
496 496  0.1576  0.0120 126.8796
528 496  0.0398  0.0041 123.5901
560 496  0.1588  0.0443 173.8918
592 496  0.0202  0.0296 57.3114
624 496  0.1128  0.0390 217.5842
656 496  0.0817  0.0338 130.1403
 16 528 -0.2548 -0.1895 66.8098
 48 528 -0.2599 -0.4062 49.5370
 80 528 -0.4984 -0.5481 241.3877
112 528 -1.0418  2.9466 190.6945
144 528 -0.7442 -0.6212 162.0855
176 528 -0.4118 -0.6180 145.4657
208 528 -0.5422 -0.6900 108.0961
240 528 -0.1258 -0.1534 17.3872
272 528 -0.1309 -0.6191 168.8680
304 528 -0.0438 -0.7634 197.0058
336 528 -0.0959 -0.2257 119.4606
368 528  0.0211 -0.2653 217.1407
400 528  0.0686 -0.1457 30.7580
432 528  0.0865 -0.1256 47.9379
464 528  0.1631 -0.0278 179.0254
496 528  0.1983 -0.0102 127.8986
528 528  0.1616  0.0431 133.8390
560 528  0.1718  0.0390 98.9442
592 528  0.0936  0.0419 67.3140
624 528  0.1195  0.0405 365.2904
656 528  0.1029  0.0098 105.8815
 16 560 -0.6911 -0.7459 49.8627
 48 560 -0.1247 -0.2056 17.5952
 80 560 -0.3105 -0.3293 70.6491
112 560 -0.8272 -0.5827 121.1655
144 560 -0.8765 -0.8451 12.7067
176 560 -0.4909 -0.6225 63.0957
208 560 -0.7072 -0.6518 231.6106
240 560 -0.5058 -0.6616 96.2166
272 560 -0.1243 -0.8247 225.8168
304 560 -0.1818 -0.6219 166.5337
336 560 -0.0434 -0.4165 154.3901
368 560 -0.0087 -0.3103 157.2223
400 560  0.0697 -0.3573 190.0990
432 560  0.1597 -0.0914 163.9435
464 560  0.1361 -0.0689 79.4704
496 560  0.1944  0.0234 221.8612
528 560  0.1762  0.0473 145.6526
560 560  0.1481  0.0353 89.3263
592 560  0.1302 -0.0026 42.1932
624 560  0.0980  0.0178 28.6107
656 560  0.1029  0.0413 112.7351
 16 592 -0.0902 -0.0887 62.7106
 48 592 -0.2291 -0.1684 67.8074
 80 592 -0.1762 -0.1406 12.8678
112 592 -0.7645 -0.4285 77.6992
144 592 -0.4453 -0.6979 172.9861
176 592 -0.7912 -0.6739 138.7588
208 592 -0.5782 -0.8474 230.1428
240 592 -0.5254 -1.0713 64.4402
272 592 -0.2030 -0.9422 167.3291
304 592 -0.1583 -0.6394 47.1784
336 592 -0.0843 -0.7508 249.0973
368 592 -0.0110 -0.6422 226.9740
400 592 -0.0986 -0.3564 191.2718
432 592  0.1854 -0.0720 141.6368
464 592  0.1318 -0.0785 112.7393
496 592  0.2090  0.0130 89.7459
528 592  0.1542  0.0798 87.7518
560 592  0.1602  0.0767 40.8940
592 592  0.1741  0.0066 43.2298
624 592  0.1868 -0.0167 88.9017
656 592  0.1677  0.0240 137.4156
 16 624 -0.2366 -0.3106 103.2891
 48 624 -0.1105 -0.1469 261.9697
 80 624 -0.1812 -0.0356 20.3489
112 624 -0.5192 -0.3922 21.6145
144 624 -0.7936 -0.5199 127.3662
176 624 -0.8548 -1.0605 60.8437
208 624 -0.5909 -1.1955 42.8145
240 624 -0.8138 -1.2514 66.4218
272 624 -0.8877 -1.1371 31.9921
304 624 -0.7488 -1.0754 196.2962
336 624 -0.6015 -0.9013 89.5313
368 624 -0.3328 -0.5022 109.5153
400 624 -0.0720 -0.4997 52.2576
432 624 -0.0167 -0.3949 158.8741
464 624 -0.0658 -0.1313 220.4822
496 624  0.0270  0.0098 13.9887
528 624  0.0900  0.0321 244.2084
560 624  0.1013  0.0582 159.2783
592 624  0.1212  0.0489 68.6467
624 624  0.1604  0.0393 101.9754
656 624  0.2113 -0.0541 83.6291
 16 656 -0.2486  0.0145 238.4989
 48 656 -0.2287 -0.1834 62.2073
 80 656 -0.8555 -0.2937 211.3671
112 656 -0.3649 -0.2980 229.4557
144 656 -1.0121 -0.8167 109.3930
176 656 -1.3368 -1.2118 68.9313
208 656 -1.0563 -1.1713 104.1777
240 656 -0.6747 -0.7629 111.5946
272 656 -0.9850 -0.9707 16.6387
304 656 -1.1762 -0.9813 53.8870
336 656 -0.5035 -0.8840 136.5771
368 656 -1.1024 -0.8684 109.8523
400 656 -1.0549 -0.8478 98.7809
432 656 -0.4217 -0.3292 113.8439
464 656 -0.2625 -0.2896 135.6315
496 656 -0.1062 -0.0884 91.7137
528 656  0.0020  0.0344 156.7543
560 656  0.0228  0.1035 202.9262
592 656  0.0804  0.0509 42.7086
624 656 -0.4722 -0.4760 121.3906
656 656 -0.4797 -0.3365 55.5927
 16 688 -0.1027 -0.0360 54.7075
 48 688 -0.2499 -0.0982 60.5521
 80 688 -0.3404 -0.2969 91.6634
112 688 -0.8227 -0.1528 393.4900
144 688 -0.8611 -0.6389 69.0551
176 688 -1.4706 -0.8411 139.2206
208 688 -1.2053 -0.7907 219.7426
240 688 -1.7894 -1.5504 54.4849
272 688 -1.6220 -0.9927 87.9229
304 688 -2.0836 -1.2370 174.1093
336 688 -1.2981 -0.3066 117.3813
368 688 -1.6487 -1.0809 107.8973
400 688 -1.5832 -1.2749 67.2773
432 688 -0.9016 -0.4887 165.3414
464 688 -0.8169 -0.4293 122.2747
496 688 -0.6078 -0.2909 36.5477
528 688 -0.2861 -0.1564 145.1924
560 688 -0.1594 -0.0383 116.3316
592 688  0.0270  0.0136 20.1898
624 688  0.0085 -0.0295 69.2420
656 688 -0.3804  0.0033 28.4296
 16 720 -0.0226 -0.0289 153.0382
 48 720 -0.2737 -0.0756 91.8733
 80 720 -0.2652 -0.1973 148.0883
112 720 -0.3317 -0.1933 72.4063
144 720 -0.5474 -0.3584 58.2311
176 720 -1.1996 -0.4994 32.3714
208 720 -0.1310 -0.0676 12.2892
240 720 -0.7062 -0.3716 44.8320
272 720 -1.2631 -0.4802 19.5900
304 720 -2.0560 -0.6718 50.5105
336 720 -1.5125 -0.2360 120.8111
368 720 -1.3408 -0.3114 29.0455
400 720 -2.1034 -0.6829 20.2947
432 720 -2.0550 -0.7175 71.6979
464 720 -1.7433 -0.8823 69.9837
496 720 -1.4216 -0.7174 38.9329
528 720 -0.5116 -0.3732 40.4251
560 720 -0.3299 -0.1052 80.5166
592 720 -0.1234 -0.1357 50.8113
624 720 -0.0419 -0.0585 33.1601
656 720 -0.3800  0.0191 12.2543
 16 752 -0.0022 -0.1012 19.7129
 48 752 -0.0326 -0.0440 68.3768
 80 752 -0.0687 -0.0381 171.2763
112 752 -0.1406 -0.0408 186.9980
144 752 -0.2227 -0.0566 197.3533
176 752 -0.6321 -0.2587 101.8799
208 752 -1.4460 -0.8346 38.5851
240 752 -2.0431 -0.7503 185.3325
272 752 -1.1972 -1.0619 97.1586
304 752 -0.4115 -0.0202 13.3948
336 752 -0.8988  0.2287 116.4183
368 752 -1.4538  1.0606 112.5490
400 752 -2.2341  0.4704 66.5906
432 752 -1.7417 -0.2860 19.8090
464 752 -2.5025 -1.1078 86.7802
496 752 -1.0953 -0.8616 58.2730
528 752 -0.6021 -0.3158 87.4013
560 752 -0.5553 -0.1494 66.9215
592 752 -0.3290 -0.0509 41.3308
624 752 -0.1393 -0.0195 30.3006
656 752 -0.2283  0.0773 12.8770
 16 784  0.0153 -0.0240 28.0082
 48 784 -0.0085 -0.0210 46.3337
 80 784 -0.0582 -0.0449 288.3342
112 784 -0.0625 -0.0599 179.4838
144 784 -0.2560 -0.0315 158.1763
176 784 -0.2088 -0.1142 108.1686
208 784 -0.9011 -1.1795 233.2219
240 784 -0.9623 -1.0035 185.0063
272 784 -1.0474 -0.9634 61.7606
304 784 -0.4788 -0.1914 18.0014
336 784 -0.0192  0.7892 100.1695
368 784 -0.6806  0.9919 18.1810
400 784  0.3903 -0.2877 10.1592
432 784 -0.0003 -0.3648  7.1843
464 784  0.0832 -0.4566  7.2975
496 784  0.4842 -0.4654 18.8204
528 784 -0.5821 -0.9411 57.5420
560 784 -0.6045 -0.4435 86.8332
592 784 -0.2766 -0.1007 57.4652
624 784 -0.1545 -0.0633 100.8284
656 784 -0.1175  0.0596 12.8777
 16 816 -0.0134 -0.0137 25.1924
 48 816  0.0131 -0.0017 52.0404
 80 816 -0.0106 -0.0227 331.6681
112 816 -0.0291 -0.0158 58.3758
144 816 -0.0623 -0.0294 165.3888
176 816 -0.1278 -0.0666 104.9378
208 816 -0.1127 -0.4598 24.5030
240 816 -0.1743 -0.4173 65.5611
272 816 -0.0914 -0.7705 31.4927
304 816  0.0840 -0.3314 42.1144
336 816  1.4294  0.9615 20.3126
368 816  3.1123  3.1386 12.3520
400 816  0.3540 -0.2887  6.5596
496 816  0.0830 -0.1169  4.1499
528 816  0.2394 -0.2177 24.9735
560 816 -0.2401 -0.1487 41.8077
592 816 -0.1790 -0.1212 107.2402
624 816 -0.0860 -0.0715 57.1772
656 816 -0.0584  0.0411 14.7947
 16 848 -0.0201  0.0006 15.7953
 48 848  0.0263 -0.0107 106.5209
 80 848  0.0818 -0.0249 228.9808
112 848  0.1833 -0.0316 77.7815
144 848  0.0133  0.0005 284.7310
176 848 -0.0260 -0.0730 303.1270
208 848  0.0413 -0.2040 228.2017
240 848 -0.1163 -0.8034 90.9589
272 848 -0.1434 -1.1095 23.6741
304 848  0.3492 -1.1385 48.2244
336 848  4.7988 -0.0848 51.5566
368 848 -0.8263  0.0822 19.7662
400 848  0.2221 -0.3258  9.7878
432 848  0.2460 -0.3578  9.1374
464 848  0.3799 -0.2793  5.1382
496 848  0.2099 -0.1460  4.5406
528 848  0.1197 -0.0372 11.7183
560 848 -0.0542  0.1643 39.4817
592 848 -0.2032 -0.0101 62.2848
624 848 -0.1954  0.0380 44.9069
656 848 -0.1640  0.0682 62.8661
 16 880  0.0304 -0.0387 18.1019
 48 880  0.1937  0.0184 157.7685
 80 880  0.0930 -0.0090 195.2009
112 880  0.0793 -0.0246 109.3586
144 880  0.1201 -0.0197 148.3790
176 880  0.0654  0.0432 105.0050
208 880  0.2297 -0.0879 30.9972
240 880  0.0833 -0.7238 54.8301
272 880  0.0108 -1.4055 62.3978
304 880  1.0244 -2.1772 19.5910
336 880  0.2593  0.1085 20.0232
368 880 -0.1410  0.5480  9.2748
400 880 -0.1631  0.1817 10.4136
432 880 -0.0020 -0.0082 11.2328
464 880  0.2588 -0.0850  7.5714
528 880  0.0028  0.0018 13.1984
560 880 -0.1054  0.0291 66.9204
592 880 -0.2008  0.1162 51.4900
624 880 -0.3303  0.1375 39.4954
656 880 -0.0936  0.0930 162.4375
 16 912  0.1590 -0.0193 37.1166
 48 912  0.0829 -0.0152 24.1423
 80 912  0.3234  0.0193 113.9288
112 912  0.2721 -0.0354 191.8070
144 912  0.2046  0.0184 89.2671
176 912  0.1013 -0.0402 219.6606
208 912  0.5217 -0.1501 149.4011
240 912  0.3921 -0.4531 108.3053
272 912  0.0178 -0.3184 17.4835
304 912  0.0746 -1.9412 49.8611
336 912 -0.2267  0.4683 10.6811
368 912 -0.4378  0.4970  5.3467
400 912 -0.1952  0.4695 10.2197
432 912  0.1834  0.4462  5.9086
464 912  0.0526  0.1285  4.7654
528 912 -0.0072  0.0072  4.5802
560 912 -0.0178  0.0159 11.8521
592 912 -0.0902  0.0609 31.9624
624 912 -0.1809  0.0825 21.3345
656 912 -0.1670  0.1700 82.1241
 16 944  0.1036  0.0056 34.1770
 48 944  0.0029 -0.0161 15.6360
 80 944  0.1790 -0.0027 76.0348
112 944  0.1333 -0.0102 246.1540
144 944  0.0475  0.0365 49.5496
176 944  0.0968 -0.0144 248.5997
208 944  0.3038 -0.3716 61.1896
240 944  0.2150 -0.3793 149.1320
272 944  0.0692 -0.2509 13.8720
304 944 -0.2129 -1.8087 112.5763
336 944 -0.4143  0.4215 44.9499
368 944 -0.2375  0.2371  4.8659
400 944 -0.2930  0.4149  4.6558
432 944  0.0878  0.1485  4.6770
464 944  0.0474  0.0477  4.7852
496 944  0.0036  0.0083  9.5199
528 944 -0.0199  0.0171  4.8592
592 944 -0.0031  0.0104  5.7639
624 944 -0.0120  0.0249 16.8533
656 944 -0.0830  0.0576 34.2807
 16 976  0.2618 -0.0122 78.5110
 48 976  0.1395  0.0055 127.0957
 80 976  0.2713 -0.0148 143.1143
112 976  0.2237 -0.0783 250.3401
144 976  0.0829 -0.1738 210.8080
176 976  0.1067 -0.0336 165.7309
208 976  0.2218 -0.1876 193.9027
240 976  0.2524 -0.2031 227.6922
272 976  0.1035 -0.4083 44.2157
304 976  0.0022 -1.2969 76.6731
336 976 -0.0393 -0.3515 17.4527
368 976 -0.3515  0.2306 47.4591
400 976 -0.1556  0.3844 10.2593
432 976  0.1987  0.1923 11.1212
464 976  0.1120  0.0971 121.2972
496 976  0.1188 -0.2069 17.1561
528 976  0.0076 -0.0107 36.6631
560 976 -0.0056  0.0047  8.0990
592 976  0.0248  0.0728  8.7810
624 976 -0.0222  0.0442  8.0927
656 976 -0.0268  0.0348  7.2475
 16 1008  0.0635 -0.0051 87.9784
 48 1008  0.0850 -0.0059 23.4960
 80 1008  0.2222 -0.0035 113.8049
112 1008  0.3673  0.0074 176.4237
144 1008  0.0460  0.0358 208.3802
176 1008  0.0557 -0.1587 123.1748
208 1008  0.2611 -0.1277 185.7573
240 1008 -0.0073  0.0007 13.9767
272 1008  0.0964 -0.2096 82.8522
304 1008  0.0903 -0.2590 118.7936
336 1008 -0.0287 -0.4928 73.0810
368 1008 -0.0142 -0.1387 77.5029
400 1008  0.0020 -0.1069 27.4922
432 1008  0.2809 -0.0635 22.6732
464 1008  0.2430 -0.1558 29.0447
496 1008  0.1752 -0.0619 49.4238
528 1008 -0.0103 -0.2136 15.7829
560 1008  0.0190  0.0404 13.1357
592 1008  0.0776  0.2043  4.6844
624 1008 -0.0095  0.1438  6.1475
656 1008  0.0493 -0.0332  4.5197
 16 1040  0.0522  0.0159 287.0097
 48 1040  0.1198  0.0138 40.2303
 80 1040  0.1114 -0.0171 169.0054
112 1040  0.1586 -0.0135 186.5078
144 1040  0.2379 -0.0921 80.8600
176 1040  0.3587 -0.0764 126.6503
208 1040  0.1159 -0.0886 257.3683
240 1040  0.1662 -0.1379 52.3915
272 1040  0.2066 -0.0493 30.4115
304 1040  0.0354 -0.0419 37.0809
336 1040  0.1048 -0.2856 149.2833
368 1040  0.0608 -0.3471 148.2821
400 1040  0.1729 -0.1093 134.6640
432 1040  0.1059 -0.1166 46.2439
464 1040  0.0514 -0.0735 18.2185
496 1040  0.0576 -0.1059 12.4766
528 1040  0.0011 -0.0240 16.2924
560 1040 -0.0053  0.0004 15.6581
592 1040  0.0271 -0.0514 12.4381
624 1040 -0.0625 -0.0716 12.8904
656 1040  0.0245 -0.0019  8.1180
 16 1072  0.1438  0.0114 100.6876
 48 1072  0.1977  0.0012 152.6226
 80 1072  0.1275 -0.0234 103.4228
112 1072  0.1400 -0.0466 24.8462
144 1072  0.3895 -0.0093 143.1591
176 1072  0.1236 -0.0659 51.4612
208 1072  0.1083 -0.1007 37.1355
240 1072  0.1465 -0.0831 64.8980
272 1072  0.1453 -0.3441 152.4135
304 1072  0.1558 -0.1551 26.2731
336 1072  0.1204 -0.1939 128.8919
368 1072  0.2774 -0.0871 67.9308
400 1072  0.1074 -0.1197 194.3636
432 1072  0.0808 -0.0726 35.5473
464 1072  0.0583 -0.0163 15.5981
496 1072  0.0027 -0.0912 56.4741
528 1072  0.0057 -0.0404 13.3330
560 1072  0.0122  0.0018 16.4589
592 1072  0.0120  0.0242 10.4087
624 1072 -0.0327 -0.0128 13.2234
656 1072  0.0106 -0.0026 24.0064
 16 1104  0.0068  0.0049 19.1282
 48 1104  0.0137  0.0184 27.6119
 80 1104  0.1828  0.0049 150.2675
112 1104  0.1887  0.0001 107.8924
144 1104  0.0814 -0.0017 89.4367
176 1104  0.0504 -0.0403 92.1224
208 1104  0.1879 -0.0723 249.9207
240 1104  0.0931 -0.1066 66.6859
272 1104  0.0242 -0.0530 43.3063
304 1104  0.3668 -0.2510 53.6455
336 1104  0.0912 -0.1663 165.6655
368 1104  0.1209 -0.0753 120.6507
400 1104  0.3390 -0.1180 163.0977
432 1104  0.2805 -0.2414 33.6664
464 1104  0.0759 -0.1007 41.1734
496 1104  0.0370 -0.0107 11.8875
528 1104  0.0131 -0.0657 16.2454
560 1104  0.0146 -0.0184 12.3201
592 1104  0.0334 -0.0188 12.9093
624 1104  0.0883 -0.0449 17.3424
656 1104  0.0055  0.0091 18.2775
 16 1136  0.0338 -0.0021 13.4653
 48 1136  0.0497  0.0149 49.9983
 80 1136  0.1467 -0.0187 44.5691
112 1136  0.1329 -0.0078 52.7298
144 1136  0.0850 -0.0304 108.6668
176 1136  0.0756 -0.0361 200.3330
208 1136  0.1430 -0.0744 175.6312
240 1136  0.1098 -0.0722 166.2612
272 1136  0.0268 -0.0811 258.0546
304 1136  0.0771 -0.1134 53.0860
336 1136  0.3092 -0.1633 139.2012
368 1136  0.3223 -0.1963 89.5385
400 1136  0.1648 -0.1163 186.6045
432 1136  0.4517 -0.1928 70.7788
464 1136  0.0119 -0.0157 24.3559
496 1136 -0.0047 -0.0295 12.1862
528 1136  0.0198 -0.0642 15.9626
560 1136  0.0001 -0.0249 16.9138
592 1136  0.0134 -0.0289 11.9484
624 1136  0.0155  0.0563 37.4141
656 1136 -0.0017 -0.0232 31.9100
 16 1168  0.0068 -0.0223 16.3540
 48 1168 -0.0014  0.0042 14.2189
 80 1168  0.0985 -0.0230 82.5528
112 1168  0.2116 -0.0396 24.2992
144 1168  0.0176 -0.0075 10.6537
176 1168  0.3062 -0.0550 145.9957
208 1168  0.1927 -0.1041 77.4931
240 1168  0.0632 -0.0384 214.6499
272 1168  0.3333 -0.0756 40.3428
304 1168  0.0751 -0.1122 44.4579
336 1168  0.2985 -0.1718 31.6455
368 1168  0.3267 -0.0749 251.7168
400 1168  0.1044 -0.0682 218.0165
432 1168  0.0607 -0.1605 16.6045
464 1168  0.0260 -0.1349 16.2428
496 1168  0.0067 -0.0985 27.9158
528 1168  0.0105 -0.0253 12.7302
560 1168  0.0325  0.0061 13.0014
592 1168  0.0212 -0.0401 13.3133
624 1168 -0.0662  0.0693 10.1999
656 1168  0.0527  0.0445 26.7860
 16 1200  0.0033 -0.0162 11.1392
 48 1200  0.0040  0.0153 18.2803
 80 1200  0.1231  0.0018 46.3772
112 1200  0.1340  0.0205 160.9440
144 1200  0.2044 -0.0060 52.9233
176 1200  0.2155 -0.0567 181.2584
208 1200  0.1136 -0.0021 223.8070
240 1200  0.3259 -0.1038 171.4538
272 1200  0.0867 -0.0626 28.7092
304 1200  0.0550 -0.1721 33.9523
336 1200  0.1081 -0.0810 269.5696
368 1200  0.1220 -0.0588 172.3485
400 1200  0.0960 -0.0929 329.9551
432 1200  0.0157 -0.0678 23.3513
464 1200  0.0251  0.0249 14.2118
496 1200  0.0022 -0.0124 14.9590
528 1200  0.0053 -0.0183 12.4376
560 1200  0.0275 -0.0148 14.0275
592 1200 -0.0062  0.0062 14.8241
624 1200 -0.0312 -0.0316 13.2173
656 1200  0.0511 -0.0104 25.7982
  0   0  0.0232 -0.1018  0.0000
  0   0 -0.0053 -0.2268  0.0000
  0   0 -0.0509 -0.2339  0.0000
  0   0 -0.0973 -0.1531  0.0000
  0   0 -0.1163 -0.0253  0.0000
