VARIABLES= "X pix", "Y pix", "U pix/dt", "V pix/dt", "CHC", ZONE I=21, J=30
 16 272 -0.0233 -0.1525 173.1086
 48 272 -0.3013 -0.0969 266.6395
 80 272 -0.1635 -0.2402 290.6077
112 272 -0.0466 -0.1281 244.1616
144 272 -0.0150 -0.0599 32.5807
176 272 -0.0497 -0.0867 69.6274
208 272 -0.0101 -0.0650 345.9330
240 272  0.0245 -0.0331 53.0318
272 272  0.0421 -0.0196 167.1894
304 272  0.0327 -0.0363 187.2693
336 272  0.0376 -0.0010 150.5361
368 272  0.0371  0.0145 130.4881
400 272  0.0298  0.0544 240.9887
432 272  0.0270  0.0214 228.0700
464 272  0.0662  0.0691 85.9777
496 272  0.0571  0.0804 153.0115
528 272  0.0478  0.0687 97.4709
560 272  0.0404  0.0438 37.9121
592 272  0.0280  0.0412 114.5960
624 272  0.1035  0.0476 195.8304
656 272  0.0594  0.0075 186.5875
 16 304 -0.1945 -0.1914 63.0215
 48 304 -0.0883 -0.1909 65.3752
 80 304 -0.2228 -0.1300 119.8303
112 304 -0.0739 -0.0614 186.8446
144 304 -0.0505 -0.1047 247.9966
176 304 -0.0205 -0.0440 140.4108
208 304 -0.0582 -0.0566 288.3930
240 304 -0.0462 -0.0566 202.2501
272 304 -0.0619 -0.0169 17.9380
304 304  0.0090 -0.0461 225.1492
336 304  0.0420 -0.0045 135.1027
368 304 -0.0201  0.0094 34.5641
400 304  0.0731  0.0229 207.0000
432 304  0.0654  0.0417 300.8914
464 304  0.0390  0.0395 296.7800
496 304  0.0414  0.0440 128.7060
528 304  0.0711  0.0625 121.1323
560 304  0.0117  0.0300 297.5959
592 304  0.0574 -0.0114 161.8014
624 304  0.0085 -0.0037 314.5760
656 304  0.0526 -0.0087 73.4585
 16 336 -0.0327 -0.0822 22.9124
 48 336 -0.0581 -0.1317 120.0606
 80 336 -0.1531 -0.1062 230.1445
112 336 -0.1909 -0.1524 211.1638
144 336 -0.1282 -0.0928 351.2537
176 336 -0.1528 -0.1037 111.5412
208 336 -0.0437 -0.2155 76.8162
240 336 -0.0395 -0.1471 185.7942
272 336 -0.0194 -0.0593 182.2738
304 336  0.0503 -0.0222 180.2843
336 336 -0.0058 -0.0440 182.3333
368 336  0.0412 -0.0102 234.2307
400 336 -0.0314 -0.0163 187.7922
432 336  0.0379  0.0292 159.9197
464 336  0.0698  0.0297 102.4348
496 336 -0.1300  0.0344 210.2401
528 336  0.0747  0.0572 103.5710
560 336  0.0312  0.0583 180.1281
592 336  0.0611  0.0329 172.9799
624 336  0.0640  0.0127 143.8784
656 336  0.0582 -0.0032 123.0809
 16 368 -0.0498 -0.1860 35.3273
 48 368 -0.1384 -0.3390 119.9907
 80 368 -0.1988 -0.2029 118.5626
112 368 -0.3907 -0.2304 115.6572
144 368 -0.0694 -0.1237 48.9642
176 368 -0.0990 -0.4758 71.2879
208 368 -0.0743 -0.1019 370.8885
240 368 -0.0394 -0.1094 149.6467
272 368 -0.0379 -0.0841 131.9408
304 368  0.0205 -0.0461 239.2489
336 368  0.0388 -0.0125 243.1714
368 368  0.0389  0.0158 218.7213
400 368  0.0176  0.0320 261.4338
432 368  0.0192  0.0249 134.4505
464 368  0.0511  0.0651 122.2772
496 368  0.0225  0.0256 216.9133
528 368  0.0629  0.0493 111.0579
560 368  0.0433  0.0170 50.9525
592 368  0.0606  0.0508 104.9814
624 368  0.0935  0.0132 270.7426
656 368  0.0898 -0.0015 110.7709
 16 400 -0.0842 -0.1745 24.4838
 48 400 -0.1216 -0.3281 79.5981
 80 400 -0.2678 -0.2872 286.4584
112 400 -0.0773 -0.2066 99.6070
144 400 -0.1676 -0.3871 120.1460
176 400 -0.0790 -0.1260 241.5618
208 400 -0.1008 -0.2038 78.8956
240 400 -0.0608 -0.1433 108.2004
272 400 -0.0945 -0.0873 43.1442
304 400 -0.0854 -0.0688 81.6862
336 400 -0.0285 -0.0467 63.2806
368 400 -0.0021 -0.0169 131.0433
400 400 -0.0184  0.0261 193.2019
432 400  0.0181  0.0244 142.7453
464 400  0.0154  0.0341 124.2150
496 400  0.0166  0.0187 41.7410
528 400  0.0445  0.0254 152.2426
560 400  0.0197  0.0318 96.3039
592 400  0.0596 -0.0023 187.4321
624 400  0.0494 -0.0171 142.2357
656 400  0.0269 -0.0321 156.0394
 16 432 -0.1851 -0.1407 33.1423
 48 432 -0.2372 -0.1738 149.6487
 80 432 -0.5891 -0.5403 108.1512
112 432 -0.2316 -0.4821 158.1494
144 432 -0.1649 -0.3209 226.9960
176 432 -0.2826 -0.1107 374.2872
208 432 -0.1569 -0.4095 231.1807
240 432 -0.1490 -0.2230 182.1572
272 432  0.0295 -0.1404 41.6967
304 432 -0.1024 -0.1381 92.8933
336 432 -0.0580 -0.0360 79.6824
368 432 -0.0385 -0.0794 190.8062
400 432 -0.0220 -0.0176 256.0746
432 432 -0.0353  0.0344 94.7898
464 432  0.0421 -0.0263 153.0473
496 432 -0.0043  0.0358 89.1197
528 432  0.0687  0.0196 74.8156
560 432  0.0467  0.0081 126.9135
592 432  0.0500 -0.0127 124.6889
624 432  0.0515 -0.0116 182.0203
656 432  0.0872 -0.0504 92.4312
 16 464 -0.5791 -0.1490 46.8674
 48 464 -0.3644 -0.2421 52.0948
 80 464 -0.3521 -0.4376 121.4445
112 464 -0.7145 -0.4150 168.9072
144 464 -0.1499 -0.3065 237.2831
176 464 -0.2773 -0.4971 300.7267
208 464 -0.1665 -0.4450 87.5086
240 464 -0.1424 -0.2444 95.1925
272 464 -0.0077 -0.3342 82.6040
304 464 -0.1632 -0.2588 276.1390
336 464 -0.0726 -0.0934 223.0340
368 464 -0.0183 -0.0193 275.0025
400 464  0.0142 -0.0384 63.1170
432 464 -0.0058  0.0083 116.1502
464 464 -0.0223  0.0014 139.5102
496 464  0.0240  0.0260 214.2054
528 464  0.0170  0.0317 163.6199
560 464  0.0061 -0.0027 178.5177
592 464  0.0289 -0.0324 65.3063
624 464  0.0577 -0.0513 200.1368
656 464  0.0513 -0.0978 305.5284
 16 496 -0.2104 -0.2240 39.5757
 48 496 -0.2294 -0.1467 50.8793
 80 496 -0.1912 -0.3488 74.4757
112 496 -0.1161 -1.2359 255.5452
144 496 -0.9291 -1.1993 91.2963
176 496 -0.2158 -0.3803 219.8058
208 496 -0.0543 -0.1637 52.9063
240 496 -0.1525 -0.1563 64.6261
272 496 -0.0878 -0.1006 25.7109
304 496 -0.1200 -0.1059 115.4038
336 496 -0.1302 -0.1588 124.8072
368 496 -0.0592 -0.0729 95.1756
400 496 -0.0224 -0.0301 159.9962
432 496 -0.0544  0.0058 101.3725
464 496 -0.0394 -0.0085 89.8577
496 496 -0.0762 -0.0325 173.2983
528 496 -0.0184 -0.0218 39.5929
560 496  0.0012 -0.0282 64.0902
592 496  0.0080 -0.0908 34.6119
624 496  0.0448 -0.0550 194.8704
656 496  0.0318 -0.1151 143.4842
 16 528 -1.1231 -0.7183 38.5450
 48 528 -0.2958 -0.4645 32.4876
 80 528 -0.3964 -0.3991 181.2149
112 528 -0.6401 -0.8801 31.3501
144 528 -0.5070 -0.4895 42.3437
176 528 -1.1381 -0.7414 195.8483
208 528 -0.3953 -0.5624 120.5725
240 528 -0.3741 -0.2808 117.2647
272 528 -0.0502 -0.3141 22.7434
304 528 -0.2779 -0.3198 201.7746
336 528 -0.0728 -0.1904 194.6450
368 528 -0.1470 -0.0974 39.3251
400 528 -0.0755 -0.0193 123.7660
432 528 -0.0534 -0.0145 120.9910
464 528 -0.0739  0.0071 133.4090
496 528  0.0243 -0.0376 198.5699
528 528 -0.1009  0.0321 272.7692
560 528 -0.0150 -0.0613 180.8654
592 528 -0.0318 -0.0470 70.9326
624 528  0.0024 -0.1001 133.0906
656 528  0.0756 -0.1079 212.4823
 16 560 -0.0918 -0.1748 26.9033
 48 560 -0.1526 -0.2524 173.1172
 80 560 -0.1867 -0.3220 160.6210
112 560 -0.0320 -0.5296 72.8770
144 560 -0.3214 -0.6853 99.8399
176 560 -0.2044 -0.2719 17.8405
208 560 -0.3065 -0.4203 43.9784
240 560 -0.5871 -0.6424 239.3156
272 560 -0.4413 -0.2111 19.9857
304 560 -0.2276 -0.2668 70.6134
336 560 -0.2771 -0.2143 137.9746
368 560 -0.1420 -0.1668 48.7395
400 560 -0.2162 -0.0245 182.5731
432 560 -0.1322 -0.0117 223.2347
464 560 -0.1513 -0.0154 54.9374
496 560 -0.0892 -0.0208 119.5890
528 560 -0.0556 -0.0652 95.6928
560 560 -0.0472 -0.0672 237.1431
592 560  0.0055 -0.1915 70.4253
624 560  0.0262 -0.1903 158.7295
656 560  0.0421 -0.3100 98.6715
 16 592 -0.0098 -0.0377 17.0488
 48 592 -0.6955 -0.3619 135.7457
 80 592 -0.3141 -0.2698 36.0827
112 592 -0.0106 -0.1236 10.5554
144 592 -0.8252 -1.0651 180.9367
176 592 -0.2282 -0.5244 144.9557
208 592 -0.8777 -0.8288 128.4161
240 592 -0.6768 -0.8437 142.0695
272 592 -0.2703 -0.3883 24.8690
304 592 -0.6138 -0.1515 130.8997
336 592 -0.3882 -0.2150 131.5462
368 592 -0.2545 -0.1540 209.7133
400 592 -0.2191 -0.0324 104.7081
432 592 -0.1913 -0.0151 55.8578
464 592 -0.3093 -0.0256 164.3305
496 592 -0.1310 -0.0030 87.9873
528 592 -0.1066 -0.0185 246.2073
560 592 -0.1664 -0.1661 110.7122
592 592 -0.0524 -0.1826 151.6277
624 592  0.0264 -0.1599 59.1702
656 592  0.0530 -0.3331 209.1244
 16 624 -0.0906 -0.1519 34.0191
 48 624 -0.2009 -0.3632 29.8785
 80 624 -0.2082 -0.4903 227.4964
112 624 -0.3303 -0.5685 155.3450
144 624 -0.4437 -0.4206 204.2377
176 624 -1.2660 -0.7231 135.0741
208 624 -0.9369 -0.9222 80.9787
240 624 -1.4441 -0.8242 243.3820
272 624 -0.5049 -0.7292 57.2972
304 624 -0.7535 -0.4146 171.4168
336 624 -0.3069 -0.1765 102.2108
368 624 -0.3909 -0.1690 157.9610
400 624 -0.4152 -0.1141 133.7276
432 624 -0.2079 -0.0209 101.9101
464 624 -0.2153  0.0324 57.6441
496 624 -0.2394 -0.0711 228.5006
528 624 -0.1068 -0.0953 243.4795
560 624 -0.1099 -0.1379 145.7981
592 624 -0.0315 -0.2151 143.8799
624 624 -0.0345 -0.1620 46.0004
656 624 -0.1194 -0.2768 99.1867
 16 656 -0.0936 -0.1673 42.5868
 48 656 -0.6712 -0.1560 257.2277
 80 656 -0.4621 -0.0182 231.6246
112 656 -0.2433 -0.2417 124.2853
144 656 -0.5882 -0.4038 87.0755
176 656 -1.0788 -0.5263 63.9088
208 656 -0.7698 -0.7671 389.8980
240 656 -0.4061 -0.4301 134.7421
272 656 -0.5482 -0.4046 104.2753
304 656 -0.4457 -0.4207 150.7229
336 656 -0.3052 -0.3133 47.0802
368 656 -0.3641 -0.1717 384.5431
400 656 -0.2556  0.0390 133.3650
432 656 -0.0489  0.0313 306.6214
464 656 -0.2286  0.0344 180.3448
496 656 -0.2017 -0.0305 238.2676
528 656 -0.0097 -0.1641 132.2495
560 656  0.1126 -0.2439 152.3213
592 656 -0.0366 -0.2457 101.7614
624 656 -0.1060 -0.1957 74.8177
656 656 -0.2517 -0.1011 77.7122
 16 688 -0.0325 -0.0412 21.1060
 48 688 -0.0748 -0.1024 265.7303
 80 688 -0.1024 -0.1826 84.0239
112 688 -0.2261 -0.3338 18.4888
144 688 -0.1560 -0.3284 21.3418
176 688 -0.5159 -0.4629 103.7933
208 688 -0.5630 -0.6649 135.0339
240 688 -0.5984 -0.7847 79.0282
272 688 -0.0488 -0.4523 87.3055
304 688 -0.1621 -0.4546 272.7788
336 688 -0.2715 -0.3028 76.0421
368 688 -0.1762 -0.1190 197.5502
400 688 -0.0262 -0.0035 78.6674
432 688  0.1015  0.1053 112.4548
464 688  0.2350 -0.0116 163.4872
496 688  0.0918 -0.0520 55.6663
528 688  0.3206 -0.1985 86.5735
560 688  0.1542 -0.2767 53.9443
592 688  0.0003 -0.0227 29.4025
624 688 -0.0553  0.1314 52.9774
656 688 -0.0734  0.6778 128.6059
 16 720  0.0009 -0.0162 17.3595
 48 720 -0.0137 -0.1209 170.1792
 80 720 -0.0358 -0.1688 187.5398
112 720 -0.0765 -0.1716 74.5087
144 720 -0.5607 -0.2282 225.3755
176 720 -0.1756 -0.1650 52.8144
208 720 -0.1306 -0.3446 83.6373
240 720 -0.7118 -0.7038 60.2147
272 720 -0.4005 -0.3007 379.8105
304 720 -0.2043 -0.5774 243.5766
336 720 -0.1091 -0.1183 59.2473
368 720 -0.0080 -0.1246 61.5835
400 720  0.2657 -0.0150 260.8759
432 720  0.8279  0.0327 129.2877
464 720  0.6554  0.0100 104.8743
496 720  0.8387 -0.3214 100.0696
528 720  0.9241 -0.2939 78.4108
560 720  0.7104 -0.1293 53.2151
592 720  1.0207  0.0627 16.8404
624 720  0.1285 -3.0162 20.8952
656 720  0.1681 -2.4828 12.3023
 16 752  0.0001 -0.0293 44.8628
 48 752  0.0295 -0.0458 31.3608
 80 752  0.0248 -0.1269 114.0009
112 752 -0.0243 -0.2668 206.9682
144 752 -0.0323 -0.1357 241.2293
176 752 -0.1457 -0.3944 97.4174
208 752 -1.0489 -0.7123 167.3231
240 752 -0.0340 -0.2778 295.4281
272 752 -0.1421 -0.4896 46.2982
304 752 -0.1045 -0.3961 86.2842
336 752 -0.0111 -0.0721 219.4216
368 752  0.0690 -0.0587 18.6818
400 752  0.3721 -0.1063 155.1651
432 752  1.3563  0.0053 157.6461
464 752  0.9021 -0.0199 48.9943
496 752  1.0767 -0.2299 80.7230
528 752  0.1864 -0.1264 81.8748
560 752  0.1600  0.0869 13.5661
592 752  0.1641  0.5080 11.7241
624 752  0.1934  0.0964 12.2527
656 752  4.4918 -0.3267 11.8386
 16 784  0.0788 -0.0509 31.7247
 48 784  0.0722 -0.0216 184.0922
 80 784  0.0960 -0.1307 226.8933
112 784  0.0793 -0.0840 198.6919
144 784  0.0269 -0.2735 48.9591
176 784  0.0561 -0.1527 20.7752
208 784 -0.0374 -0.2790 113.7727
240 784 -0.0956 -0.0974 231.9368
272 784  0.0082 -0.4533 194.1511
304 784  0.0013 -0.5003 238.3093
336 784  0.2341 -0.2638 99.4856
368 784  0.3395 -0.2035 124.6409
400 784  0.9467 -0.0535 168.0099
432 784  0.9566 -0.0613 51.0887
464 784  1.1421 -0.1902 73.2328
496 784  1.1808 -0.3226 109.8491
528 784  0.2625 -0.0491 22.4407
560 784  0.1789  0.1973  9.0549
592 784  0.1955  0.2612  8.3727
624 784  0.0854  0.0138 17.0184
656 784  0.1728 -4.0991  7.5563
 16 816  0.0097 -0.0069 19.4380
 48 816  0.0403 -0.0272 11.3597
 80 816  0.1093 -0.1493 184.8585
112 816  0.1035  0.0186 19.2089
144 816  0.1058 -0.3140 80.8092
176 816  0.1212 -0.2124 199.8024
208 816  0.0350 -0.2087 95.7704
240 816  0.1442 -0.2125 46.2859
272 816  0.0443 -0.3261 46.9673
304 816  0.2164 -0.3843 162.7443
336 816  0.3790 -0.1664 100.3525
368 816  0.8965 -0.1238 235.7984
400 816  0.7739 -0.0766 105.5175
432 816  1.4597 -0.0743 35.7405
464 816  1.2808 -0.1896 112.5352
496 816  1.0526 -0.3242 19.8416
528 816  0.1129  0.0658  8.3197
560 816 -0.0273  0.0852  6.1590
592 816  0.0648  0.0341 88.7850
624 816  0.7788 -0.1133 72.0949
656 816  0.1477  0.0128 27.4644
 16 848  0.0996  0.0065 15.3401
 48 848  0.0678 -0.1993 174.1775
 80 848  0.0893 -0.0227 69.6091
112 848  0.1548 -0.0616 80.8533
144 848  0.0675 -0.0744 183.8938
176 848  0.4824 -0.1537 192.3117
208 848  0.1233 -0.3124 233.4087
240 848  0.1566 -0.2938 22.1532
272 848  0.1233 -0.1129 20.1168
304 848  0.2105 -0.1796 29.4405
336 848  0.3871 -0.4951 108.5615
368 848  0.7355 -0.3289 49.9804
400 848  1.0712 -0.1132 48.2402
432 848  0.0474 -0.0522 23.0797
464 848  0.8260 -0.2277 38.1579
496 848  0.1210 -0.0196 19.7876
528 848 -0.1705 -0.1354  5.3887
560 848  0.0115 -0.0199 12.7873
592 848  0.1201  0.0267 39.6044
624 848  0.7133 -0.2829 34.0583
656 848  0.0105  0.0292 14.2839
 16 880  0.1378 -0.0875 26.4074
 48 880  0.1372 -0.0473 74.7109
 80 880  0.1484 -0.0509 173.6562
112 880  0.2496 -0.0936 200.2581
144 880  0.0622 -0.1503 198.9707
176 880  0.2964 -0.2420 108.1591
208 880  0.1439 -0.1437 68.9767
240 880  0.2609 -0.9729 76.3673
272 880  0.8327 -0.5031 99.4301
304 880  0.6649 -0.4572 139.9559
336 880  0.6939 -0.3453 102.8844
368 880  0.9526 -0.5886 30.4420
400 880  0.8544 -0.0816 90.0382
432 880  0.7758 -0.1908 29.6929
464 880  0.1326 -0.0417 31.0480
496 880  0.0966  0.0750  5.9868
528 880 -0.1247 -0.0129  8.2857
560 880  0.0964  0.0418 12.6328
592 880  0.1804  0.0632  8.4149
624 880  0.1546 -0.0326 26.8940
656 880  0.0508 -0.0089 11.0818
 16 912  0.0530 -0.0352 49.1027
 48 912  0.2893 -0.0832 65.1878
 80 912  0.5676 -0.1410 78.0327
112 912  0.1802 -0.0426 192.7538
144 912  0.1307 -0.0644 279.1970
176 912  0.2695 -0.1075 127.2915
208 912  0.1555 -0.0549 77.6229
240 912  0.5424 -0.3082 144.7726
272 912  0.2416 -0.1192 17.3841
304 912  1.0625 -0.4681 110.4759
336 912  0.5198 -0.4304 88.6557
368 912  0.7383 -0.3162 181.4097
400 912  0.6766 -0.0413 19.4777
432 912  0.0112 -0.0203 14.4116
464 912  0.0688  0.0572 10.9857
496 912  0.0554  0.0517  4.0595
528 912 -0.0596  0.0473  4.9532
560 912  0.0607  0.0419  6.1388
592 912 -0.0239  0.0598  4.2314
624 912 -0.0417  0.0599  9.0201
656 912  0.1859  0.0745  7.6036
 16 944  0.0991 -0.0107 49.4858
 48 944  0.0860 -0.0109 62.4062
 80 944  0.1951 -0.0634 96.1676
112 944  0.2455 -0.1161 70.5665
144 944  0.2997 -0.2292 85.0916
176 944  0.1610 -0.0900 170.4794
208 944  0.4054 -0.3402 119.5015
240 944  0.1275 -1.0585 131.2968
272 944  0.2103 -0.4813 59.6340
304 944  0.3489 -0.5921 23.5883
336 944  0.4631 -0.3464 57.5505
368 944  0.1629 -0.0990 55.2197
400 944  0.0745  0.0179 18.7950
432 944  0.0334  0.0308 15.4162
464 944  0.0218 -0.0245  5.7713
496 944  0.0113 -0.0194  6.7664
528 944 -0.0215 -0.0039  4.1374
624 944 -0.1780  0.1088  5.0702
656 944  0.2297  0.0368  4.9689
 16 976  0.0990 -0.0344 67.0800
 48 976  0.1111 -0.0153 17.5649
 80 976  0.5770 -0.0501 96.6726
112 976  0.0336 -0.0488 86.4954
144 976  0.2207 -0.1525 181.6835
176 976  0.2405 -0.2060 44.7166
208 976  0.1531 -0.1655 68.4801
240 976  0.1817 -0.3876 46.5299
272 976  0.4763 -0.6571 103.3709
304 976  0.3417 -0.4050 131.6033
336 976  0.1170 -0.2897 73.5380
368 976  0.0744  0.0259 25.7082
400 976  0.0375  0.0250 13.5922
432 976 -0.0444  0.0168  7.5845
464 976 -0.0262 -0.0250 16.6483
496 976  0.0458  0.0391  8.1420
528 976  0.0501  0.0021  4.6348
 16 1008  0.0371 -0.0468 20.9113
 48 1008  0.0929 -0.0575 281.5155
 80 1008  0.0915 -0.0674 22.7789
112 1008  0.0831 -0.0754 200.6477
144 1008  0.4401 -0.0382 34.5480
176 1008  0.2471 -0.2244 185.4845
208 1008  0.2039 -0.0815 48.1751
240 1008  0.0676 -0.1249 15.7042
272 1008  0.3186 -0.3531 72.2264
304 1008  0.1136 -0.5565 48.5247
336 1008  0.0634 -0.0853 24.7827
368 1008  0.0226  0.0677 11.3267
400 1008  0.0392 -0.0212 11.4171
432 1008 -0.0188 -0.0129 16.2633
464 1008  0.0396 -0.0372 96.6082
496 1008  0.0025  0.0066 20.1525
528 1008  0.0730 -0.0484 11.6013
560 1008  0.0700 -0.1908  6.0578
 16 1040  0.0424  0.0133 39.9178
 48 1040  0.2369 -0.0325 48.0236
 80 1040  0.1380 -0.0595 167.4844
112 1040  0.2709 -0.0612 41.9352
144 1040  0.1384 -0.0568 152.3851
176 1040  0.0997 -0.0616 145.4196
208 1040  0.0753 -0.1806 59.0233
240 1040  0.0833 -0.1538 43.2804
272 1040  0.0138 -0.0155 14.4652
304 1040  0.0637 -0.1789 64.4888
336 1040  0.0284 -0.0798 80.4055
368 1040  0.0784  0.0927 12.7916
400 1040  0.0170  0.0323 25.5252
432 1040  0.0598 -0.0249 21.8648
464 1040  0.0595 -0.0406 82.2320
496 1040  0.0215  0.0036 17.6846
528 1040  0.0077 -0.0052 11.6572
560 1040  0.0207  0.0005 12.7506
592 1040  0.1344  0.0232  6.5629
 16 1072  0.0900 -0.0153 32.8398
 48 1072  0.2578 -0.0780 77.6791
 80 1072  0.0866 -0.0355 112.6660
112 1072  0.0166  0.0292 54.2449
144 1072  0.0704 -0.0922 36.0708
176 1072  0.2709 -0.1389 130.3011
208 1072  0.0695 -0.0956 66.9378
240 1072  0.0858 -0.1309 173.5551
272 1072  0.2063 -0.1082 34.1614
304 1072  0.1678 -0.2060 152.9007
336 1072 -0.0003 -0.0738 263.9995
368 1072  0.0083 -0.0166 127.0188
400 1072  0.0884 -0.0252 55.6184
432 1072  0.0627  0.0250 196.2295
464 1072 -0.0078  0.1167  9.6369
496 1072 -0.0157  0.0720 14.8431
528 1072 -0.0032  0.0988 11.4771
560 1072  0.0934 -0.0336  8.9229
592 1072 -0.0292 -0.1120  9.6334
624 1072  0.0347 -0.1714  5.7835
656 1072 -0.0227 -0.1234  4.8492
 16 1104 -0.0191  0.0035 17.8625
 48 1104  0.1606 -0.0114 27.1480
 80 1104  0.2990 -0.0325 219.4460
112 1104  0.0968 -0.0551 216.2434
144 1104  0.0773 -0.0488 49.0477
176 1104  0.1441 -0.0800 202.3743
208 1104  0.0958 -0.1202 330.8824
240 1104  0.0892 -0.4937 235.0816
272 1104  0.0636 -0.1955 31.0407
304 1104  0.0416 -0.1513 197.7262
336 1104  0.0228 -0.0958 198.5197
368 1104  0.0484 -0.1380 125.1524
400 1104  0.0748 -0.0668 108.9036
432 1104  0.0545 -0.0678 65.4994
464 1104 -0.0138  0.0070 24.5732
496 1104 -0.0380  0.0015 14.6537
528 1104 -0.0034  0.0103 12.3949
560 1104  0.0061 -0.0019 13.1828
592 1104 -0.0115  0.0260 11.0155
624 1104 -0.0004 -0.0394 10.7430
656 1104  0.0248 -0.0624  9.4170
 16 1136  0.0399 -0.0027 15.8835
 48 1136  0.0346 -0.0107 11.5340
 80 1136  0.0673 -0.0005 111.9476
112 1136  0.2287 -0.0298 97.8084
144 1136  0.0877 -0.0056 27.4944
176 1136  0.1650 -0.1286 144.9802
208 1136  0.0726 -0.1220 91.2400
240 1136  0.0520 -0.0721 48.5956
272 1136  0.1859 -0.1250 53.7271
304 1136  0.0494 -0.1751 116.0933
336 1136  0.0565 -0.1362 207.2351
368 1136  0.1596 -0.0807 148.8025
400 1136  0.0634 -0.1581 93.5892
432 1136  0.0062 -0.0444 227.2654
464 1136  0.1005 -0.0396 45.9264
496 1136  0.1157 -0.0190 19.2413
528 1136  0.0097 -0.0259 21.9793
560 1136 -0.0017  0.0092 11.6364
592 1136  0.0346 -0.0055 13.4296
624 1136 -0.0005 -0.0085 14.0218
656 1136  0.0281 -0.0027 18.4757
 16 1168  0.0497 -0.0008 31.7106
 48 1168  0.0023 -0.0017 15.7593
 80 1168  0.0577 -0.0681 62.1309
112 1168  0.0418 -0.0361 57.5704
144 1168  0.1930 -0.0552 53.1404
176 1168  0.0379 -0.0678 82.2055
208 1168  0.2618 -0.0910 136.9204
240 1168  0.0781 -0.1897 58.4987
272 1168  0.1058 -0.1426 32.2261
304 1168  0.0538 -0.1020 74.9366
336 1168  0.0781 -0.1437 226.1220
368 1168  0.1175 -0.0961 172.1687
400 1168  0.1847 -0.0907 265.3737
432 1168  0.1336 -0.0304 19.7690
464 1168  0.1091 -0.0929 146.6965
496 1168  0.0481 -0.0580 21.5895
528 1168  0.0104  0.0127 19.3720
560 1168 -0.0016 -0.0062 12.1648
592 1168  0.0259  0.0235 11.6504
624 1168  0.0121  0.0083 14.3400
656 1168  0.0072 -0.0306 12.3624
 16 1200  0.0609 -0.0263 22.0991
 48 1200  0.0673  0.0304 13.5702
 80 1200  0.1600 -0.1017 243.6993
112 1200  0.0342 -0.0032 118.9211
144 1200  0.0486 -0.0478 180.5235
176 1200  0.1024 -0.0900 177.7802
208 1200  0.1014 -0.0662 65.5656
240 1200  0.1058 -0.0400 237.0177
272 1200  0.1601 -0.0671 26.3055
304 1200  0.0544 -0.2193 28.5707
336 1200  0.0699 -0.2145 205.5889
368 1200  0.0372 -0.0783 231.8637
400 1200  0.0728 -0.0979 88.5795
432 1200  0.0103 -0.1288 45.4038
464 1200  0.0168 -0.0147 23.4104
496 1200  0.0081  0.0176 20.1073
528 1200  0.0098 -0.0036 20.9366
560 1200  0.0390  0.0150 13.4777
592 1200 -0.0120  0.0001 14.0662
624 1200  0.0107 -0.0114 30.9253
656 1200  0.0133 -0.0826 26.5844
  0   0  0.1026 -0.1105  0.0000
  0   0  0.1252 -0.0770  0.0000
  0   0  0.0836 -0.0602  0.0000
  0   0  0.0084  0.0067  0.0000
  0   0 -0.0637  0.0960  0.0000
  0   0 -0.1044  0.1430  0.0000
  0   0 -0.0786  0.1748  0.0000
  0   0 -0.0751  0.1388  0.0000
  0   0 -0.0607  0.0750  0.0000
  0   0  0.0318  0.0612  0.0000
  0   0  0.1263  0.0762  0.0000
