VARIABLES= "X pix", "Y pix", "U pix/dt", "V pix/dt", "CHC", ZONE I=21, J=30
 16 272 -0.0711 -0.0792 179.2660
 48 272 -0.0554 -0.1251 112.7260
 80 272 -0.0881 -0.1501 145.8387
112 272 -0.1487 -0.1822 199.4675
144 272 -0.0184 -0.0178 33.2207
176 272 -0.0107 -0.0497 244.5973
208 272 -0.0206 -0.1168 305.7903
240 272 -0.0032 -0.0565 291.9801
272 272  0.0489 -0.0033 250.1078
304 272  0.0883 -0.0147 249.5702
336 272  0.0243 -0.0091 278.5725
368 272  0.0488  0.0371 61.2167
400 272  0.0353  0.0830 74.4480
432 272  0.0608  0.0910 156.7916
464 272  0.0771  0.1265 219.2488
496 272  0.0724  0.0843 186.8913
528 272  0.0775  0.0857 177.2577
560 272  0.0535  0.0489 122.9703
592 272  0.0490  0.0789 54.7300
624 272  0.0784  0.0439 111.3881
656 272  0.0181  0.0572 195.9151
 16 304 -0.0904 -0.1684 94.7265
 48 304 -0.0356 -0.0895 351.9939
 80 304 -0.1267 -0.2133 149.5917
112 304 -0.1133 -0.1364 147.8840
144 304 -0.0446 -0.0939 173.3787
176 304 -0.0442 -0.0371 153.7959
208 304 -0.0382 -0.1211 240.3354
240 304  0.0003 -0.0488 52.3643
272 304 -0.0159 -0.0296 472.9613
304 304  0.0335 -0.0125 204.0250
336 304  0.0485  0.0269 36.3844
368 304  0.0618  0.0275 269.7056
400 304  0.0655  0.0180 95.7884
432 304  0.0266  0.0724 86.3260
464 304  0.0415  0.0337 287.2466
496 304  0.0767  0.0464 150.2009
528 304  0.0530  0.1250 48.7248
560 304  0.0698  0.0370 307.9866
592 304  0.0690  0.0624 110.9104
624 304  0.0811  0.0816 135.8648
656 304  0.0698  0.0355 201.3037
 16 336 -0.0232 -0.0421 17.5446
 48 336 -0.1337 -0.0698 95.1706
 80 336 -0.0595 -0.4773 149.7234
112 336 -0.0614 -0.1642 118.7527
144 336 -0.0826 -0.1835 51.2311
176 336 -0.1154 -0.0806 133.2252
208 336 -0.0050 -0.1228 363.7834
240 336 -0.0187 -0.0738 278.3244
272 336  0.0521 -0.0975 298.8914
304 336  0.0303  0.0065 224.1577
336 336  0.0319  0.0071 152.3627
368 336  0.0788  0.0329 202.4594
400 336  0.0579  0.0394 200.9056
432 336  0.0428  0.0576 186.8296
464 336  0.0460  0.0420 240.6568
496 336  0.0524  0.1116 129.8920
528 336  0.0142  0.0540 91.2304
560 336  0.0445  0.0267 140.6066
592 336  0.0274  0.0573 29.6295
624 336  0.0427  0.0475 83.2271
656 336  0.0654  0.0417 145.2647
 16 368 -0.2530 -0.1039 40.9302
 48 368 -0.1885 -0.1226 124.1996
 80 368 -0.0549 -0.2302 388.9283
112 368 -0.1628 -0.2131 73.1564
144 368 -0.2644 -0.1107 83.9335
176 368 -0.0647 -0.2910 335.0279
208 368 -0.0745 -0.1220 57.6339
240 368 -0.0258 -0.1062 215.5712
272 368 -0.0340 -0.0767 70.9558
304 368  0.0181 -0.0197 243.5508
336 368  0.0128 -0.0305 195.6965
368 368  0.0113 -0.0009 218.0333
400 368  0.0622  0.0520 112.0213
432 368  0.0197  0.0728 52.2218
464 368  0.1024  0.0621 205.5135
496 368  0.0423  0.0298 162.4465
528 368  0.0653  0.0647 173.8361
560 368  0.0808  0.0367 129.8855
592 368  0.0866  0.0553 118.9831
624 368  0.1139  0.0258 113.6610
656 368  0.1272  0.0384 108.6650
 16 400 -0.2822 -0.0852 287.5446
 48 400 -0.3842 -0.1871 36.3137
 80 400 -0.2964 -0.3786 251.1666
112 400 -0.1191 -0.0152 20.1106
144 400 -0.2120 -0.2586 88.4732
176 400 -0.3301 -0.2048 81.8662
208 400 -0.1072 -0.3314 176.1860
240 400 -0.0950 -0.0998 136.6371
272 400 -0.0297 -0.0977 64.1688
304 400 -0.0196 -0.0689 80.6512
336 400 -0.0062 -0.0172 170.5547
368 400  0.0018 -0.0171 100.1128
400 400  0.0265  0.0334 179.5617
432 400  0.0754  0.0519 192.5243
464 400  0.0906  0.0484 152.6664
496 400  0.0650  0.0371 232.4593
528 400  0.0682  0.0400 126.6033
560 400  0.0804  0.0634 93.5466
592 400  0.0924  0.0517 162.9133
624 400  0.0954  0.0583 140.5887
656 400  0.0678  0.0606 297.3597
 16 432 -0.1754 -0.2797 59.5077
 48 432 -0.6401 -0.1554 57.3579
 80 432 -0.1480 -0.1796 112.7291
112 432 -0.2451 -0.1864 123.0257
144 432 -0.1519 -0.3792 203.3988
176 432 -0.2719 -0.2129 264.6273
208 432 -0.1279 -0.2578 115.9403
240 432 -0.0754 -0.1416 97.1552
272 432 -0.0736 -0.0824 150.7447
304 432 -0.0363 -0.0035 19.6803
336 432 -0.0103 -0.0234 63.8574
368 432  0.0313  0.1407 147.9763
400 432  0.0200 -0.0059 180.1368
432 432  0.0303  0.0264 274.5844
464 432  0.0687  0.0364 131.5297
496 432  0.0358  0.0741 83.8178
528 432  0.0510  0.0768 221.6877
560 432  0.0651  0.0265 85.0248
592 432  0.0747  0.0631 184.4743
624 432  0.1253  0.0314 88.6087
656 432  0.0949  0.0413 79.3511
 16 464 -0.0953 -0.0491 16.6067
 48 464 -0.1054 -0.5752 198.9892
 80 464 -0.2465 -0.0481 76.2900
112 464 -0.1631 -0.3613 163.7543
144 464 -0.5119 -0.2339 108.6070
176 464 -0.1043 -0.3121 328.4989
208 464 -0.1711 -0.3143 268.4398
240 464 -0.1083 -0.2572 308.7662
272 464 -0.0918 -0.2681 38.6805
304 464 -0.0479 -0.2683 57.8704
336 464 -0.0151 -0.0630 105.0058
368 464 -0.0511 -0.0839 183.1572
400 464  0.0302  0.0080 144.3671
432 464  0.0359  0.0383 184.7368
464 464  0.0255  0.0215 131.7863
496 464  0.0631  0.0583 61.4621
528 464  0.0520  0.0584 120.6886
560 464  0.0753  0.0428 150.6101
592 464  0.0809  0.0501 201.5183
624 464  0.1428  0.0348 133.2546
656 464  0.0926  0.0158 190.7060
 16 496 -0.2840 -0.1458 227.7341
 48 496 -0.2297 -0.1427 101.5102
 80 496 -0.4531 -0.2433 192.1916
112 496 -0.3644 -0.1290 16.5491
144 496 -0.0557 -0.1996 30.9280
176 496 -0.4030 -0.5581 48.5485
208 496 -0.2801 -0.4757 188.4571
240 496 -0.2321 -0.4035 172.0400
272 496 -0.0800 -0.5238 170.6295
304 496 -0.1012 -0.1453 239.3638
336 496 -0.1033 -0.0669 22.2776
368 496 -0.0235 -0.0271 59.3922
400 496  0.0141  0.0001 169.0793
432 496  0.0116  0.0411 89.9358
464 496  0.0193  0.0228 184.9297
496 496  0.0326 -0.0352 138.5060
528 496  0.0260  0.0085 90.7160
560 496  0.0599 -0.0090 86.2134
592 496  0.0729  0.0066 87.4473
624 496  0.0762  0.0211 81.1093
656 496  0.0784  0.0139 104.7508
 16 528 -0.2869 -0.1189 98.3838
 48 528 -0.6477 -0.4925 45.5197
 80 528 -0.4216 -0.2135 23.2434
112 528 -0.4779 -0.3984 330.5302
144 528 -0.3386 -0.4609 99.1431
176 528 -0.2760 -0.4723 57.9777
208 528 -0.3290 -0.6834 167.8892
240 528 -0.2591 -0.1832 153.1158
272 528 -0.3839 -0.6582 211.4789
304 528 -0.2971 -0.2635 129.0917
336 528 -0.0813 -0.1378 149.6672
368 528 -0.1410 -0.1336 150.6611
400 528 -0.1044 -0.0236 414.7996
432 528 -0.0082  0.0102 105.8054
464 528 -0.0186  0.0010 74.7432
496 528  0.0089  0.0107 116.1938
528 528  0.0008  0.0013 163.6751
560 528  0.0649  0.0359 31.1240
592 528  0.0692  0.0373 175.0513
624 528  0.1069 -0.0137 146.8836
656 528  0.1244 -0.0199 50.3586
 16 560 -0.7024 -0.1151 97.8279
 48 560 -0.2972 -0.0971 70.1409
 80 560 -0.2513 -0.2768 184.8685
112 560 -1.1917 -0.7445 129.9762
144 560 -1.4492 -1.3849 92.3864
176 560 -0.7137 -0.8014 215.6727
208 560 -0.6105 -0.7241 17.1993
240 560 -0.4517 -0.5813 80.4925
272 560 -0.4733 -0.5719 174.3373
304 560 -0.2801 -0.2446 156.8717
336 560 -0.1905 -0.1791 30.2015
368 560 -0.1482 -0.1597 253.8918
400 560 -0.0908 -0.1082 68.7301
432 560 -0.0915 -0.0196 190.2829
464 560 -0.3528 -0.2771 92.8938
496 560 -0.3654 -0.4277 191.4155
528 560  0.0083 -0.0249 184.2405
560 560  0.0059  0.0080 230.2745
592 560  0.0719 -0.0602 218.1300
624 560  0.1569 -0.0102 62.0297
656 560  0.1099 -0.0211 76.7956
 16 592 -0.6347 -0.4228 69.2519
 48 592 -0.7929 -0.2250 90.0030
 80 592 -0.7749 -0.4082 135.2249
112 592 -0.5871 -0.4013 300.9493
144 592 -0.2709 -0.3377 22.6873
176 592 -0.9115 -0.7695 43.1955
208 592 -0.6546 -0.8672 100.2857
240 592 -0.4796 -0.4269 71.6436
272 592 -1.0617 -0.7410 43.5649
304 592 -0.3475 -0.4302 136.3284
336 592 -0.2291 -0.1481 32.0468
368 592 -0.2908 -0.2720 143.1064
400 592 -0.2055 -0.1082 73.3091
432 592 -0.1791 -0.0215 80.4279
464 592 -0.1310 -0.0187 105.3862
496 592 -0.2012 -0.0583 178.0594
528 592  0.0034 -0.0216 79.6988
560 592  0.0195 -0.0629 62.0881
592 592  0.0763 -0.0616 65.8906
624 592  0.1557 -0.1444 52.9598
656 592  0.2625 -0.2133 224.7741
 16 624 -0.1562 -0.0484 33.7971
 48 624 -0.0035 -0.0149 10.3163
 80 624 -0.5818 -0.2406 111.7304
112 624 -0.8348 -0.5638 66.7567
144 624 -0.9808 -1.0377 32.6904
176 624 -0.8885 -0.7193 56.1515
208 624 -0.6944 -0.8344 49.6059
240 624 -0.8624 -1.0027 236.0271
272 624 -0.8150 -0.8889 71.6768
304 624 -0.7162 -0.8115 170.2763
336 624 -0.3340 -0.0570 34.5501
368 624 -0.2020 -0.1462 25.0135
400 624 -0.3148 -0.0355 174.3902
432 624 -0.3799 -0.0252 188.2640
464 624 -0.3079 -0.0438 131.8402
496 624 -0.2497 -0.0558 196.9418
528 624 -0.1478 -0.1172 145.7850
560 624 -0.0155 -0.2064 193.0789
592 624  0.0296 -0.2552 46.2176
624 624  0.2582 -0.2218 148.2941
656 624  0.1953 -0.1496 75.6995
 16 656 -0.1263 -0.0833 85.8130
 48 656 -0.0485 -0.0520 11.0560
 80 656 -0.3127 -0.1719 155.2063
112 656 -0.1888 -0.3795 175.9405
144 656 -0.8860 -0.4996 102.7836
176 656 -0.4383 -0.2583 78.0534
208 656 -0.9473 -0.7428 215.9328
240 656 -1.0829 -0.7520 61.2507
272 656 -0.8927 -0.7315 227.1037
304 656 -0.8530 -0.6147 127.3586
336 656 -0.7042 -0.5019 86.6579
368 656 -0.4427 -0.2034 286.0655
400 656 -0.5581 -0.0100 142.2115
432 656 -0.2033 -0.0115 102.1999
464 656 -0.3860 -0.0545 127.0238
496 656 -0.1162 -0.0781 185.7913
528 656 -0.0611 -0.1509 17.1647
560 656 -0.0307 -0.3395 143.7294
592 656  0.0589 -0.3069 127.5448
624 656  0.0586 -0.2755 67.7263
656 656  0.1387 -0.2030 35.9590
 16 688 -0.0635 -0.0821 57.8026
 48 688 -0.1542 -0.2030 151.3709
 80 688 -0.0687 -0.1395 38.7892
112 688 -0.2229 -0.1060 45.4955
144 688 -0.6908 -0.2538 37.7315
176 688 -1.0637 -0.6284 41.3278
208 688 -0.8984 -0.6180 69.4210
240 688 -1.3288 -1.2843 128.0429
272 688 -0.9387 -0.8896 86.0260
304 688 -0.2776 -0.1042 15.9908
336 688 -0.4299 -0.1807 159.9233
368 688 -0.4986 -0.1253 126.2135
400 688 -0.3144  0.1042 302.7531
432 688 -0.0985  0.0503 119.5255
464 688 -0.0379 -0.0598 143.6883
496 688  0.0068 -0.6652 232.8093
528 688  0.2288 -0.8018 115.1554
560 688  0.0313 -0.5188 43.2729
592 688  0.0630 -0.5161 42.8161
624 688  0.0912 -0.6247 125.7066
656 688  0.0870 -0.2968 57.4367
 16 720  0.0087 -0.0024 18.4587
 48 720 -0.0809 -0.0242 20.1600
 80 720 -0.0642 -0.0759 155.6296
112 720 -0.1292 -0.0361 128.4848
144 720 -0.2501 -0.2255 70.7316
176 720 -0.7076 -0.4647 216.0933
208 720 -0.3209 -0.2388 162.2800
240 720 -0.9316 -1.2872 48.5244
272 720 -0.5476 -0.2738 57.0736
304 720 -0.3043 -0.1951 16.6119
336 720 -0.4223 -0.2415 141.1857
368 720 -0.2629 -0.2246 197.1501
400 720 -0.0121  0.0891 46.2843
432 720  0.0516  0.0801 107.4312
464 720  0.5776 -0.0749 59.2952
496 720  0.8860 -0.9578 24.2934
528 720  0.4508 -0.7517 24.3310
560 720  0.0794 -0.0087 18.7036
592 720  0.1345  0.1439 22.7229
624 720  0.1241 -0.3294 123.8953
656 720 -0.0057 -0.3012 192.1556
 16 752  0.0005 -0.0133 22.8719
 48 752 -0.0069 -0.0128 301.1970
 80 752  0.0007 -0.0714 176.4731
112 752 -0.0343 -0.1725 249.8805
144 752 -0.0325 -0.1048 142.1192
176 752 -0.3935 -0.2107 183.8186
208 752 -0.0965 -0.1175 15.3138
240 752 -0.6881 -0.8142 59.2727
272 752 -0.8356 -0.5292 234.6298
304 752 -0.0326 -0.2780 15.7068
336 752 -0.0262 -0.1115 125.6061
368 752  0.2033 -0.0485 172.1078
400 752  0.7083  0.1593 258.9851
432 752  0.7932  0.0132 27.1798
464 752  1.8984 -0.3354 105.7446
496 752  1.7571 -0.8572 105.5265
528 752  1.1265 -0.7047 37.5178
560 752  0.3678  0.0928  9.8572
592 752  0.2142  0.2038 10.5019
624 752 -0.0925  0.0789 11.4969
656 752 -0.0054 -0.0033 22.4405
 16 784  0.0206 -0.0166 242.3691
 48 784  0.0074 -0.0176 33.0777
 80 784  0.0642 -0.0444 141.0915
112 784  0.0358 -0.0945 143.8546
144 784  0.0236 -0.0642 123.4770
176 784 -0.0562 -0.1462 98.5368
208 784 -0.0897 -0.4600 53.0257
240 784 -0.1109 -0.4504 102.1525
272 784 -0.3279 -0.5871 53.3567
304 784 -0.0809 -0.3626 148.7672
336 784  0.0174 -0.3637 298.0540
368 784  0.2922 -0.1597 157.7051
400 784  0.8791  0.0336 241.6485
432 784  1.3536  0.1360 127.7993
464 784  1.5655 -0.3170 76.1450
496 784  1.4915 -0.5003 17.8624
528 784  0.0643 -0.0215 19.1556
560 784  0.2192  0.2768 12.7684
592 784  0.1668  0.1481 17.6503
624 784  0.0030  0.0193 19.8622
656 784 -0.0277  0.0396  9.7962
 16 816  0.0002  0.0115 30.1936
 48 816  0.0939 -0.0040 192.4871
 80 816  0.1488 -0.0231 180.4421
112 816  0.0399 -0.0705 101.1025
144 816  0.0513 -0.1443 294.5028
176 816  0.1276 -0.3073 53.3252
208 816  0.0599 -0.5084 123.9563
240 816  0.1180 -0.3619 224.3302
272 816  0.0322 -0.2605 281.4414
304 816  0.1409 -0.2780 85.1428
336 816  0.3589 -0.1564 71.4750
368 816  0.9758 -0.0912 99.4066
400 816  1.3174  0.0636 294.3705
432 816  1.3661  0.0013 80.7390
464 816  1.5544 -0.1356 61.0345
496 816  2.0882 -0.6389 33.7498
528 816  0.0247 -0.0025  7.6809
560 816  0.1019  0.1108  7.3340
592 816  0.1261  0.0458 21.9172
624 816  0.0248  0.0734  9.3491
656 816 -0.0083  0.0153 12.4120
 16 848  0.0024 -0.0106 14.5882
 48 848  0.1587 -0.0412 234.1495
 80 848  0.2780 -0.0545 163.6109
112 848  0.3614 -0.0924 116.2429
144 848  0.2621 -0.1540 32.7757
176 848  0.2051 -0.1455 258.4765
208 848  0.1517 -0.1566 200.9754
240 848  0.3129 -0.2457 15.1504
272 848  0.0944 -0.0840 105.1644
304 848  0.5436 -0.3604 77.9932
336 848  0.7673 -0.2947 171.6014
368 848  0.7149 -0.2484 50.0520
400 848  1.4581 -0.0300 27.3268
432 848  1.5877 -0.0127 80.9992
464 848  1.2150 -0.2824 27.3909
496 848  0.0488  0.0083 21.3285
528 848  0.0867  0.0487  7.2520
560 848  0.0519  0.0331 24.6340
592 848  0.1135  0.1737 110.3696
624 848  0.0875  0.1387 54.9305
656 848  0.0407  0.0354 27.8877
 16 880  0.1851 -0.0201 56.1566
 48 880  0.1908 -0.0397 159.7332
 80 880  0.2148 -0.0791 169.2542
112 880  0.1749 -0.1288 189.2607
144 880  0.2227 -0.0115 48.2488
176 880  0.1657 -0.1273 77.5697
208 880  0.1717 -0.2147 247.8891
240 880  0.5100 -0.4242 175.3758
272 880  0.2739 -0.2206 139.9394
304 880  0.7482 -0.4431 171.4502
336 880  0.9081 -0.4839 55.4395
368 880  0.8929 -0.1959 299.7233
400 880  1.7089 -0.2424 101.9135
432 880  1.7659 -0.0248 67.9207
464 880  0.1969 -0.0263 16.7244
496 880  0.0129  0.0013  6.0290
528 880  0.0303  0.0131  8.2738
560 880  0.0335  0.0371 19.0483
592 880  0.0908  0.1088 42.1273
624 880  0.0468  0.1786 52.6889
656 880 -0.0285  0.1791 25.1573
 16 912  0.1975 -0.0065 29.1712
 48 912  0.1233 -0.0455 187.4850
 80 912  0.1233 -0.1285 196.8370
112 912  0.2297 -0.2055 356.0467
144 912  0.1233 -0.0947 32.1107
176 912  0.2516 -0.1270 99.3749
208 912  0.6110 -0.2909 144.0707
240 912  0.2657 -0.1945 18.6992
272 912  0.6625 -0.5613 123.5233
304 912  0.8777 -0.7314 263.9402
336 912  0.8461 -0.7957 79.6672
368 912  1.2924 -0.2812 162.2799
400 912  1.2741 -0.0526 27.4380
432 912  0.3268  0.0212 17.7630
464 912  0.0063 -0.0026 10.5348
496 912 -0.0232 -0.0487  4.0595
528 912  0.0087 -0.0060  4.7347
560 912  0.0148 -0.0105 12.3215
592 912  0.0130  0.0482 32.7417
624 912  0.0310  0.1135 26.6199
656 912  0.0128  0.1055 20.8900
 16 944  0.1382  0.0230 41.3121
 48 944  0.0400  0.0030 22.3159
 80 944  0.4419 -0.0138 207.7119
112 944  0.0330 -0.0179 91.2390
144 944  0.2761 -0.1165 48.2489
176 944  0.1828 -0.2562 33.0835
208 944  0.1821 -0.2357 107.0717
240 944  0.2375 -0.3199 93.5154
272 944  0.3684 -0.3571 45.0112
304 944  0.5434 -0.7373 25.1143
336 944  0.8220 -0.5850 89.7280
368 944  0.5123 -0.1339 175.6960
400 944  0.1186 -0.0275 16.1127
432 944 -0.0040 -0.0161 15.1929
464 944  0.0209  0.0267  6.0138
496 944  0.0009 -0.0191  8.6828
528 944  0.0331 -0.0346  4.8301
592 944  0.0324 -0.0719  5.4080
624 944  0.1252 -0.1264  7.2544
656 944  0.0395 -0.0351 19.7997
 16 976  0.2067 -0.0004 109.8131
 48 976  0.2597  0.0156 30.6130
 80 976  0.1302 -0.0153 129.3193
112 976  0.3549 -0.1394 92.6890
144 976  0.1075 -0.1041 35.9549
176 976  0.1382 -0.1435 124.9858
208 976  0.2158 -0.1385 126.8942
240 976  0.1723 -0.3639 151.7852
272 976  0.3618 -0.3763 57.4600
304 976  0.5131 -0.4790 47.1501
336 976  0.1760 -0.3636 48.6960
368 976  0.0090 -0.0067 25.9054
400 976  0.0043 -0.0291 12.8088
432 976  0.0177 -0.0008  8.6539
464 976  0.0054  0.0019 21.8391
496 976  0.0164 -0.0597 17.1128
528 976  0.0097 -0.0200 33.0254
560 976 -0.1327  0.0452  5.7416
656 976  0.0664 -0.4068  5.1080
 16 1008  0.2537 -0.0141 125.6675
 48 1008  0.1418 -0.0063 66.5030
 80 1008  0.1325 -0.0450 33.4320
112 1008  0.2583 -0.0507 117.8166
144 1008  0.1811 -0.1397 112.8922
176 1008  0.0413 -0.0736 122.1142
208 1008  0.1286 -0.5185 157.1952
240 1008  0.2044 -0.4042 27.5647
272 1008  0.0470 -0.2313 49.3521
304 1008  0.0649 -0.2500 23.2002
336 1008  0.0329 -0.0562 19.0144
368 1008 -0.0085  0.0111 10.9813
400 1008  0.0265  0.0088 11.1103
432 1008  0.0078  0.0087 18.1011
464 1008  0.1143 -0.0743 204.0669
496 1008  0.0128 -0.0333 22.7799
528 1008 -0.0151 -0.0586 15.3716
560 1008 -0.1561  0.0854 10.2473
 16 1040  0.0680  0.0028 114.6704
 48 1040  0.0754 -0.0962 277.6231
 80 1040  0.1954 -0.0093 115.4116
112 1040  0.3409 -0.1153 82.0272
144 1040  0.1064 -0.0598 324.5914
176 1040  0.4483 -0.0623 193.1242
208 1040  0.1160 -0.1607 80.1381
240 1040  0.0986 -0.5109 25.5297
272 1040  0.0835 -0.1182 29.4561
304 1040  0.0613 -0.3995 61.5768
336 1040  0.0266 -0.1568 88.1431
368 1040  0.0336 -0.0080 12.9174
400 1040  0.0224  0.0102 38.4932
432 1040  0.1067 -0.0574 21.7499
464 1040  0.0361 -0.0615 37.4959
496 1040  0.0508 -0.0773 43.2264
528 1040 -0.0314  0.0472 27.1983
560 1040  0.0415  0.0843  9.4722
592 1040 -0.1842 -0.0167  5.7655
656 1040  0.0254  0.2194  5.2912
 16 1072  0.0235 -0.0072 22.8999
 48 1072  0.1783 -0.0197 163.8466
 80 1072  0.1876 -0.0081 45.8868
112 1072  0.2753 -0.0876 42.3234
144 1072  0.1180 -0.0895 202.8288
176 1072  0.1761 -0.0587 20.7471
208 1072  0.4433 -0.2046 150.0067
240 1072  0.0074 -0.1246 78.4294
272 1072  0.0460 -0.2543 93.5720
304 1072  0.0101 -0.2761 245.7061
336 1072  0.0665 -0.1620 124.2528
368 1072  0.0559 -0.1397 205.8028
400 1072  0.0546 -0.1239 142.0693
432 1072  0.0787 -0.0730 28.4756
464 1072  0.1550 -0.1282 147.6285
496 1072  0.0037 -0.0003 21.2155
528 1072  0.0004 -0.0002 18.0470
560 1072  0.0057  0.0002 15.3929
592 1072 -0.0873  0.0639 17.1795
624 1072 -0.0008  0.0833 13.6948
656 1072 -0.0640  0.0322 13.2487
 16 1104  0.0993 -0.0215 58.7389
 48 1104  0.0347  0.0306 36.3389
 80 1104  0.0407 -0.0283 108.0005
112 1104  0.0921 -0.0179 218.9732
144 1104  0.0539 -0.0303 103.1394
176 1104  0.0604 -0.0122 79.4158
208 1104  0.3550 -0.0394 43.2770
240 1104  0.2012 -0.0589 63.0585
272 1104  0.0430 -0.1555 306.4559
304 1104  0.1141 -0.1814 107.5977
336 1104  0.0534 -0.0956 182.5773
368 1104  0.0425 -0.0465 270.2498
400 1104  0.0461 -0.0725 239.6173
432 1104  0.0192 -0.0352 48.7387
464 1104  0.1685 -0.0630 191.0203
496 1104  0.0196 -0.0209 14.8417
528 1104  0.1422 -0.0326 34.2890
560 1104 -0.0127  0.0308 21.0845
592 1104  0.0359  0.0100 10.6440
624 1104 -0.0201  0.0057 10.2095
656 1104  0.0534  0.0209 12.5026
 16 1136  0.0454 -0.0014 20.4797
 48 1136  0.1110 -0.0228 55.5406
 80 1136  0.1096 -0.0532 34.4822
112 1136  0.1068 -0.0259 68.2413
144 1136  0.1768 -0.0682 118.7345
176 1136  0.0731 -0.0571 52.9578
208 1136  0.0596 -0.1095 372.3284
240 1136  0.0729 -0.0517 163.7529
272 1136  0.1047 -0.0986 113.3675
304 1136  0.0428 -0.1385 134.4516
336 1136  0.0626 -0.0899 149.4519
368 1136  0.0586 -0.1403 73.4661
400 1136  0.0771 -0.1222 175.4101
432 1136  0.1014 -0.0575 197.5323
464 1136  0.0909 -0.0714 112.8573
496 1136  0.0524 -0.0776 36.8670
528 1136  0.0647 -0.0903 62.9462
560 1136 -0.0609 -0.1021 52.4332
592 1136  0.0235 -0.0932 15.9891
624 1136 -0.0259  0.0097 21.9372
656 1136 -0.0413 -0.0418 32.7906
 16 1168  0.1053  0.0016 21.1809
 48 1168  0.1735  0.0128 21.5755
 80 1168  0.0354 -0.0550 33.4735
112 1168  0.1884 -0.0560 75.5090
144 1168  0.1619 -0.0543 73.5383
176 1168  0.0604 -0.0317 119.7765
208 1168  0.0597 -0.0820 201.4972
240 1168  0.0694 -0.0784 73.4087
272 1168  0.0730 -0.1104 206.3366
304 1168  0.1239 -0.0564 101.2541
336 1168  0.1016 -0.0831 121.9796
368 1168  0.0582 -0.0410 210.1223
400 1168  0.1034 -0.0927 80.9254
432 1168  0.0544 -0.1130 41.3652
464 1168  0.0846 -0.0170 288.1544
496 1168 -0.0011 -0.0109 18.3657
528 1168  0.0016  0.0012 14.2619
560 1168 -0.0248  0.0258 10.9361
592 1168 -0.0150  0.0053 14.1346
624 1168  0.0090  0.0134 10.2868
656 1168  0.0014 -0.0445 14.3420
 16 1200  0.0237 -0.0315 26.8958
 48 1200  0.0533 -0.0077 17.5537
 80 1200  0.0427 -0.0098 13.6253
112 1200  0.0779 -0.0080 197.8494
144 1200  0.0381 -0.1236 44.1613
176 1200  0.1383 -0.0985 98.7740
208 1200  0.0945 -0.0463 170.5482
240 1200  0.0854 -0.0935 108.7316
272 1200  0.1050 -0.0533 33.3810
304 1200  0.0635 -0.0833 108.4019
336 1200  0.2580 -0.0921 79.8417
368 1200  0.0542 -0.0466 247.4035
400 1200  0.0601 -0.0772 188.3127
432 1200  0.0749  0.0019 320.1184
464 1200  0.0618 -0.1321 127.8677
496 1200  0.0051  0.0084 16.6254
528 1200  0.0104 -0.0148 17.4889
560 1200 -0.0104  0.0127 12.2593
592 1200  0.0159  0.0310 15.5012
624 1200  0.0263 -0.0104 26.3396
656 1200  0.0158 -0.0421  9.2552
  0   0  0.0408 -0.1133  0.0000
  0   0  0.0196 -0.1152  0.0000
  0   0  0.0235 -0.0168  0.0000
  0   0 -0.0427  0.0536  0.0000
  0   0 -0.0856  0.0980  0.0000
  0   0 -0.1193  0.1462  0.0000
  0   0 -0.1129  0.1717  0.0000
