VARIABLES= "X pix", "Y pix", "U pix/dt", "V pix/dt", "CHC", ZONE I=21, J=30
 16 272 -0.4000 -0.1926 168.7880
 48 272 -0.0475 -0.0733 261.7023
 80 272 -0.1564 -0.1743 114.8368
112 272 -0.0414 -0.1131 305.8507
144 272 -0.2448 -0.0709 49.8156
176 272 -0.0907 -0.0856 129.9324
208 272 -0.1641 -0.1635 279.3583
240 272 -0.0817 -0.0900 217.4660
272 272 -0.1348 -0.0686 166.2630
304 272 -0.0383 -0.0324 187.6323
336 272 -0.0250  0.0152 69.5285
368 272 -0.0335 -0.0165 203.4619
400 272 -0.0111  0.0226 164.2696
432 272 -0.0068  0.0338 154.9609
464 272 -0.0100  0.0536 151.3526
496 272 -0.0223  0.0796 90.2226
528 272 -0.0144  0.0444 129.8715
560 272  0.0037  0.0294 80.1676
592 272 -0.0107  0.0324 155.3807
624 272 -0.0119  0.0801 131.2357
656 272 -0.0154  0.0163 165.3742
 16 304 -0.2924 -0.2013 202.2232
 48 304 -0.2211 -0.1976 116.6329
 80 304 -0.1227 -0.2473 184.8003
112 304 -0.1751 -0.1128 316.4258
144 304 -0.1803 -0.3214 202.0622
176 304 -0.1585 -0.1077 289.2145
208 304 -0.2136 -0.1087 241.3007
240 304 -0.0786 -0.0778 286.6383
272 304 -0.0402 -0.0348 21.9159
304 304 -0.0502 -0.0455 258.1289
336 304 -0.0418 -0.0227 193.9706
368 304 -0.0332 -0.0276 350.6341
400 304 -0.0297  0.0367 68.3036
432 304 -0.0415  0.0112 154.1705
464 304 -0.0381  0.0930 209.5777
496 304 -0.0140  0.0690 150.3908
528 304 -0.0053  0.0807 91.5646
560 304 -0.0053  0.0430 246.5547
592 304  0.0211  0.0455 140.3451
624 304 -0.0037  0.0564 115.5604
656 304  0.0128  0.0372 81.9221
 16 336 -0.2652 -0.2263 249.6735
 48 336 -0.0629 -0.6014 76.2107
 80 336 -0.1267 -0.4647 103.1556
112 336 -0.3101 -0.1501 320.9370
144 336 -0.1180 -0.2171 73.4784
176 336 -0.0859 -0.1826 91.3618
208 336 -0.1645 -0.0750 274.4050
240 336 -0.1294 -0.1281 184.8109
272 336 -0.0468 -0.0400 27.3168
304 336 -0.0925 -0.0690 83.5582
336 336 -0.0438 -0.0652 147.8673
368 336 -0.0321 -0.0159 145.2812
400 336 -0.0524  0.0052 66.5980
432 336 -0.0585  0.0326 140.7851
464 336 -0.0168  0.0508 200.6322
496 336 -0.0072  0.0237 221.8373
528 336  0.0347  0.0600 180.3568
560 336  0.0004  0.0479 183.8687
592 336 -0.0068  0.0462 89.3954
624 336 -0.0174  0.0208 105.9343
656 336 -0.0059  0.0228 76.1938
 16 368 -0.1812 -0.3627 71.9595
 48 368 -0.4601 -0.1169 35.5596
 80 368 -0.2360 -0.2993 185.0964
112 368 -0.0919 -0.1506 16.6044
144 368 -0.2308 -0.2031 281.9100
176 368 -0.0996 -0.2768 114.0569
208 368 -0.1825 -0.3688 103.2300
240 368 -0.0572 -0.3019 157.1612
272 368 -0.1664 -0.0953 86.1297
304 368 -0.1047 -0.1297 274.5471
336 368 -0.0501 -0.0477 60.8174
368 368 -0.0543 -0.0438 280.3360
400 368 -0.0192 -0.0135 95.7608
432 368  0.0007  0.0036 104.8728
464 368 -0.0088  0.0361 90.7838
496 368 -0.0151  0.0450 91.1770
528 368 -0.0090  0.0422 157.3486
560 368  0.0199  0.0639 258.7406
592 368 -0.0171  0.0382 182.6620
624 368 -0.0060  0.0298 131.4955
656 368 -0.0070  0.0324 38.2010
 16 400 -0.0522 -0.0272 15.3237
 48 400 -0.6212 -0.1226 94.0739
 80 400 -0.4087 -0.4040 128.6975
112 400 -0.1345 -0.2077 37.9894
144 400 -0.1663 -0.3294 183.5699
176 400 -0.1339 -0.1673 30.3905
208 400 -0.1783 -0.1359 299.5440
240 400 -0.1520 -0.2209 83.2286
272 400 -0.0710 -0.0917 63.3992
304 400 -0.1252 -0.1620 129.3926
336 400 -0.0693 -0.0978 40.6446
368 400 -0.1204 -0.0952 174.0366
400 400 -0.0422 -0.0511 94.1002
432 400 -0.0438  0.0616 154.5634
464 400 -0.0059 -0.0045 203.3976
496 400  0.0044  0.0441 118.8988
528 400  0.0103  0.0292 182.4526
560 400 -0.0080  0.0202 195.9250
592 400 -0.0162  0.0598 168.8551
624 400  0.0061  0.0266 124.6491
656 400  0.0008  0.0383 184.4529
 16 432 -0.5856 -0.1391 31.7321
 48 432 -0.2856 -0.5206 60.7273
 80 432 -0.3384 -0.1888 24.5787
112 432 -0.5429 -0.1531 94.4399
144 432 -0.8152 -0.2753 47.0195
176 432 -0.5184 -0.2110 109.6282
208 432 -0.2681 -0.3804 112.7123
240 432 -0.4053 -0.2230 127.3654
272 432 -0.1445 -0.4878 312.9349
304 432 -0.1090 -0.1712 193.6323
336 432 -0.0905 -0.0630 308.7556
368 432 -0.0385 -0.1265 161.2949
400 432 -0.0342 -0.0295 47.0381
432 432 -0.0149 -0.0435 196.6573
464 432 -0.0116  0.0263 128.4401
496 432  0.0135  0.0126 38.4259
528 432 -0.0002  0.0410 133.3023
560 432  0.0036  0.0532 143.4780
592 432 -0.0018  0.0552 129.4154
624 432  0.0034  0.0326 117.1524
656 432 -0.0267  0.0310 120.2301
 16 464 -0.2553 -0.2301 24.6459
 48 464 -0.4967 -0.4230 38.3071
 80 464 -0.2633 -0.4711 120.7851
112 464 -0.3214 -0.3073 81.5502
144 464 -0.6992 -0.4492 64.0479
176 464 -0.3951 -0.3833 218.0332
208 464 -0.2658 -0.3533 163.7491
240 464 -0.5081 -0.3581 58.8291
272 464 -0.1967 -0.3325 245.7260
304 464 -0.2114 -0.2599 170.1185
336 464 -0.0985 -0.0790 275.0916
368 464 -0.0786 -0.1798 159.7366
400 464 -0.0470 -0.1141 95.1698
432 464 -0.0377 -0.0294 250.0080
464 464 -0.0114 -0.0239 188.1018
496 464  0.0143  0.0309 148.1219
528 464  0.0406  0.0479 144.6387
560 464  0.0306  0.0900 228.0314
592 464  0.0221  0.0401 125.6651
624 464  0.0018  0.0414 123.7283
656 464 -0.0110  0.0166 235.2429
 16 496 -0.9351 -0.3957 62.8313
 48 496 -0.1508 -0.1541 130.6368
 80 496 -0.5945 -0.3342 169.9642
112 496 -0.9799 -0.4534 199.3984
144 496 -0.6267 -0.4409 86.9976
176 496 -0.5803 -0.1856 99.8123
208 496 -0.6903 -0.3066 93.2645
240 496 -0.4242 -0.3240 162.3153
272 496 -0.2205 -0.5656 37.7513
304 496 -0.2451 -0.8121 124.1106
336 496 -0.1617 -0.1972 121.2442
368 496 -0.1039 -0.2285 164.4592
400 496 -0.0388 -0.1298 47.1830
432 496 -0.0144 -0.0475 197.5916
464 496 -0.0071 -0.0261 96.1929
496 496  0.0480  0.0056 163.8271
528 496  0.1043  0.0951 232.4745
560 496  0.0103  0.0209 52.9193
592 496  0.0433  0.0479 67.7065
624 496 -0.0008  0.0665 90.5172
656 496 -0.0106  0.0305 127.3187
 16 528 -0.1292 -0.1737 17.3469
 48 528 -0.3027 -0.3274 72.0034
 80 528 -0.8249 -0.6184 165.0709
112 528 -0.7998 -0.5998 111.3988
144 528 -0.5894 -0.5866 271.2858
176 528 -1.0173 -1.0627 25.0621
208 528 -0.7191 -0.8902 69.5744
240 528 -0.6800 -0.6942 88.5588
272 528 -0.8513 -0.7002 82.6125
304 528 -0.3553 -0.6937 240.7820
336 528 -0.1425 -0.4837 219.2083
368 528 -0.1226 -0.3659 212.4695
400 528 -0.0434 -0.1367 126.5005
432 528 -0.0431 -0.1218 142.5054
464 528  0.0070 -0.1018 193.7364
496 528  0.1019  0.1100 238.6524
528 528  0.0910  0.0616 36.3318
560 528  0.0744  0.1099 174.2995
592 528 -0.0034  0.0594 174.1488
624 528 -0.0156  0.0932 168.7078
656 528 -0.0409  0.0119 137.0711
 16 560 -0.2450 -0.2242 35.7441
 48 560 -1.0194 -0.3736 40.0778
 80 560 -0.7277 -0.3743 80.8747
112 560 -0.7404 -0.8322 112.8188
144 560 -1.4046 -0.8545 23.2419
176 560 -0.9670 -1.4198 253.5710
208 560 -0.5249 -0.7184 164.3509
240 560 -0.3728 -0.5981 135.3182
272 560 -0.2596 -0.9128 210.1682
304 560 -0.5341 -0.6478 116.5747
336 560 -0.1452 -0.4263 74.5836
368 560 -0.1313 -0.5938 184.5567
400 560 -0.0813 -0.1674 105.8228
432 560 -0.0009 -0.3202 211.2099
464 560  0.0998 -0.1214 161.3304
496 560  0.0434 -0.0201 295.9827
528 560  0.0473 -0.0067 207.1152
560 560  0.1427  0.1307 62.6660
592 560  0.0627  0.0675 161.9003
624 560  0.1306  0.0679 33.8527
656 560  0.0108  0.1562 70.5062
 16 592 -0.2765 -0.2848 35.6628
 48 592 -0.2767 -0.2163 163.5453
 80 592 -0.3525 -0.2479 47.3527
112 592 -0.9028 -0.7999 69.8776
144 592 -1.2954 -0.7027 78.3948
176 592 -1.4820 -0.9124 110.0776
208 592 -0.8595 -0.6545 349.4166
240 592 -0.7318 -0.7926 241.3091
272 592 -0.3483 -0.5108 100.7148
304 592 -0.6968 -0.8405 13.3792
336 592 -0.3381 -0.3752 34.1288
368 592 -0.2539 -0.9600 117.5281
400 592 -0.0331 -0.5914 51.0426
432 592  0.1257 -0.2471 69.5771
464 592  0.2321 -0.3456 184.9341
496 592  0.0137 -0.1577 106.7224
528 592  0.1843  0.0916 166.9781
560 592  0.1754  0.1836 137.2689
592 592  0.1194  0.1558 63.5217
624 592  0.0320  0.1705 161.6940
656 592  0.0033  0.2032 198.5621
 16 624 -0.0535  0.0003 17.3091
 48 624 -0.9948 -0.1785 57.0728
 80 624 -0.4063 -0.3786 65.0032
112 624 -1.1761 -0.8247 242.9059
144 624 -0.0979 -0.0897 21.4394
176 624 -1.4100 -0.8186 154.0288
208 624 -0.8904 -1.3311 215.5880
240 624 -1.4578 -1.3813 77.7864
272 624 -1.2505 -1.1301 56.3677
304 624 -1.2651 -1.5480 178.2489
336 624 -0.3886 -1.2339 91.0429
368 624 -0.0290 -1.0006 148.6367
400 624  0.3413 -1.0161 45.1093
432 624  0.1899 -0.2926 53.9869
464 624  0.6072 -0.3414 125.7665
496 624  0.3525 -0.1134 127.6463
528 624  0.5591  0.2051 47.4776
560 624  0.4242  0.1103 90.7248
592 624  0.2366  0.1286 36.2392
624 624  0.0757  0.2027 180.1019
656 624 -0.0483  0.2992 218.8081
 16 656 -0.1353 -0.0503 60.3983
 48 656 -0.4218 -0.0021 16.3190
 80 656 -0.7040 -0.4102 182.8496
112 656 -0.9126 -0.5703 216.2616
144 656 -0.9656 -0.6570 171.4868
176 656 -0.9304 -0.8148 117.1948
208 656 -1.0743 -0.9314 260.0766
240 656 -1.0301 -1.2632 165.4564
272 656 -1.5028 -1.2607 285.2042
304 656 -0.2927 -1.1500 124.4486
336 656 -0.3696 -1.2323 87.0725
368 656 -0.0732 -2.4009 20.9885
400 656  0.2495 -1.0573 23.0824
432 656  0.2357 -1.2439 74.2629
464 656  0.4378 -0.6643 172.7475
496 656  0.9840 -0.0793 146.1391
528 656  0.9996  0.3343 90.3036
560 656  0.5803  0.2622 117.4052
592 656  0.4342  0.3261 96.2015
624 656  0.1379  0.3663 164.3399
656 656  0.1805  0.5352 188.6718
 16 688 -0.1388 -0.0360 293.1322
 48 688 -0.1007 -0.0216 29.4028
 80 688 -0.7537 -0.2592 196.8569
112 688 -0.9644 -0.5863 74.0904
144 688 -0.8111 -0.2661 219.5413
176 688 -1.1660 -1.0202 96.4481
208 688 -1.1358 -0.9637 162.7430
240 688 -1.3689 -1.0162 73.8833
272 688 -1.0216 -1.0557 18.3135
304 688 -0.2050 -0.0590 11.6772
336 688 -0.7762 -2.9157 21.8449
368 688 -1.2808 -2.5406 33.9833
400 688 -1.1304 -1.3025 111.9780
432 688  5.6819  0.9830 17.5516
464 688 -0.1130 -0.1681 13.0545
496 688 -0.3634 -0.2305 76.4244
528 688  0.3901  0.0411 45.9004
560 688  0.5904  0.1970 43.8639
592 688  0.5392  0.6032 34.3441
624 688  0.1639  0.4245 74.2551
656 688  0.2364  0.7216 97.7307
 16 720 -0.1188 -0.0409 78.7941
 48 720 -0.0542 -0.0757 183.4687
 80 720 -0.7792 -0.6183 68.8348
112 720 -0.4016 -0.1586 73.2541
144 720 -1.2259 -1.1715 66.2478
176 720 -1.2791 -0.8145 30.0847
208 720 -1.1293 -0.9160 61.7487
240 720 -1.6786 -1.6407 211.6496
272 720 -1.2770 -1.6954 123.0556
304 720 -1.4053 -1.7689 30.4081
336 720 -0.0137 -0.0654  8.5709
368 720 -1.4211 -0.3053 27.4554
400 720 -3.2651 -1.1675 66.8548
432 720 -0.3235 -0.0913  8.6168
464 720 -2.3465 -1.3637 83.6065
496 720 -1.1743 -0.8820 161.1546
528 720 -0.3011 -0.2346 123.5868
560 720  0.0031  0.0845 150.3649
592 720  0.2254  0.6526 60.5282
624 720  0.2046  0.7292 40.1010
656 720  0.2440  0.5271 107.9514
 16 752 -0.0803 -0.0531 72.4809
 48 752 -0.1175  0.0141 31.4549
 80 752 -0.0633 -0.0789 235.2327
112 752 -0.1290 -0.1397 237.8311
144 752 -0.3821 -0.2045 225.0648
176 752 -0.6243 -0.3558 124.4984
208 752 -0.7736 -0.4434 44.7542
240 752 -1.5596 -1.0469 33.0504
272 752 -1.9079 -1.1903 70.0074
304 752 -0.1265 -0.0223  8.2839
336 752 -0.0193  0.0130 15.2340
368 752  0.1182  0.2106 56.5880
400 752 -2.4335  0.4050 18.0612
432 752 -3.1721 -0.8309 81.3682
464 752 -2.7206 -1.0739 108.0294
496 752 -1.7475 -1.6595 95.9167
528 752 -1.7940 -1.2668 81.4138
560 752 -0.8934 -0.1575 32.0896
592 752 -0.2990  0.0250 218.7751
624 752  0.0322  0.3295 25.4925
656 752  0.0364  0.3713 110.2503
 16 784 -0.1805 -0.0385 50.1622
 48 784 -0.0855 -0.0583 111.2981
 80 784 -0.1378 -0.0396 149.9360
112 784 -0.1428 -0.1552 290.6543
144 784 -0.1459 -0.2700 235.0592
176 784 -0.1185 -0.2663 122.5927
208 784 -0.9783 -0.4950 33.3251
240 784 -1.1308 -0.3961 45.1832
272 784 -2.3575 -1.0146 75.5374
304 784 -3.1266 -2.6376 124.2228
336 784 -1.6598 -0.9566  9.7001
368 784 -0.2477  0.2198  8.9546
432 784 -0.4231  1.0621  5.7589
464 784 -0.4079  0.2970 20.0251
496 784 -1.9388 -1.2973 18.0486
528 784 -2.0322 -1.2767 79.9415
560 784 -1.3850 -0.6792 40.9404
592 784 -0.4210 -0.0402 188.3797
624 784  0.0385  0.0830 70.3821
656 784  0.0952  0.3644 41.3718
 16 816 -0.0004  0.0091 39.1754
 48 816 -0.1184 -0.0514 28.9240
 80 816 -0.0319 -0.0586 19.3268
112 816 -0.1695 -0.0955 173.4704
144 816 -0.5182 -0.2404 74.1097
176 816 -0.1258 -0.0355 15.7700
208 816 -1.0030 -0.1327 46.8892
240 816 -1.3535 -0.1228 81.2590
272 816 -2.1987 -0.9515 31.6206
304 816  0.0005 -0.0251  8.7849
336 816 -0.0384 -0.0011 32.7340
368 816 -0.1417  0.1053  6.1056
496 816 -0.2633  0.2787  8.4527
528 816 -1.2599 -1.1091 52.6310
560 816 -1.3130 -1.1093 31.7687
592 816 -0.4571 -0.3288 83.3579
624 816 -0.2055 -0.1454 46.5637
656 816  0.0899 -0.0935 39.6276
 16 848  0.0006 -0.0021 189.8338
 48 848 -0.0238 -0.0085 53.2921
 80 848 -0.0271 -0.0026 67.2135
112 848 -0.2136  0.0021 145.7210
144 848 -0.0633 -0.0649 78.1977
176 848 -0.2060  0.0279 60.2651
208 848 -0.6357  0.0368 116.4096
240 848 -1.0743  0.0135 71.7788
272 848 -1.5077 -1.1063 19.1090
304 848 -1.1765 -2.6471 14.2027
336 848  0.0627 -0.1150 22.6625
368 848  0.0962  0.3290  4.0474
496 848 -0.0525  0.0430  4.1166
528 848 -0.0822  0.0645 53.8540
560 848 -0.6384 -0.6907 21.7936
592 848  0.0224 -0.0286 47.1683
624 848 -0.1063 -0.2789 84.5200
656 848  0.0177 -0.0414 35.9290
 16 880  0.0300 -0.0068 27.4264
 48 880  0.0274  0.0149 61.4734
 80 880 -0.0328  0.0079 172.2621
112 880 -0.0135  0.0177 180.8175
144 880 -0.1854  0.0100 62.2933
176 880 -0.1362  0.0676 66.2472
208 880 -0.1514  0.0693 117.7260
240 880 -1.5353 -0.1948 182.7081
272 880 -1.1384 -1.3642 166.6477
304 880 -1.1311 -2.4574 26.0472
336 880  0.0111 -0.1243 38.5183
368 880  0.0703 -0.0567  6.2437
528 880 -0.0426  0.0568 14.8167
560 880  0.0419 -0.0121 17.7163
592 880  0.0519  0.0069  6.6752
624 880 -0.0061  0.0024 24.9720
656 880  0.0080  0.0173 12.7925
 16 912  0.1638  0.0398 99.3537
 48 912  0.0199  0.0264 47.2554
 80 912  0.0257  0.0760 104.5488
112 912 -0.0025  0.0383 174.5575
144 912 -0.0093  0.1174 28.8899
176 912 -0.0292  0.0815 122.1579
208 912 -0.0462  0.2964 43.5373
240 912 -0.1002  0.1738 222.7987
272 912 -0.5352 -0.0495 21.3725
304 912 -0.9474 -1.4407 11.1832
336 912 -1.0508 -2.5573 15.6086
368 912  0.0398 -0.0191 90.7243
400 912  0.0404 -0.0469  5.6250
528 912 -0.0140  0.0277  4.4228
560 912  0.0040  0.0249  5.9434
592 912  0.0228  0.0164  4.1001
624 912 -0.0623  0.0454  7.3647
656 912  0.0455  0.0047  6.4593
 16 944  0.0425  0.0119 27.8375
 48 944  0.0028  0.0127 169.0632
 80 944  0.0282  0.0324 321.6782
112 944  0.0537  0.0112 304.4445
144 944  0.0098  0.1660 186.2600
176 944  0.0364  0.0442 389.3479
208 944  0.0332  0.1489 113.5080
240 944 -0.0080  0.2062 278.4549
272 944  0.0117  0.0352 115.0773
304 944 -0.7347 -1.6958 106.8906
336 944 -1.0352 -1.9577 109.2413
368 944 -0.0285 -0.0730 16.7104
400 944 -0.0045  0.0264 36.1885
432 944 -0.0152  0.0337  9.5733
464 944  0.0032  0.0236  8.1267
496 944 -0.0168 -0.0023  7.2752
528 944 -0.0063  0.0072  4.2402
624 944 -0.0517  0.0299  4.6592
656 944  0.0098  0.0064  4.5912
 16 976  0.0605 -0.0045 18.1874
 48 976  0.0766  0.0156 31.5248
 80 976  0.0441  0.0338 29.0843
112 976  0.0674  0.0862 227.3021
144 976  0.1625  0.0106 76.9967
176 976  0.2800  0.0932 110.6238
208 976  0.0859  0.0831 77.6484
240 976  0.6685  0.1400 101.3947
272 976  0.2799  0.0160 85.0006
304 976  0.3766 -0.4201 60.7139
336 976 -0.1149 -1.1760 157.8906
368 976 -0.2605 -1.2148 23.5678
400 976  0.0014 -0.0607 12.6190
432 976 -0.0610 -0.0671 14.4104
464 976 -0.0360 -0.0446 37.9747
496 976 -0.0115 -0.0708  8.6381
528 976 -0.0101 -0.0664  4.9251
 16 1008 -0.0275 -0.0147 15.7277
 48 1008  0.0975  0.0251 105.6543
 80 1008  0.1308  0.0090 24.5348
112 1008  0.0962  0.0249 109.4689
144 1008  0.0815 -0.0055 205.0181
176 1008  0.1658  0.0195 164.8705
208 1008  0.0882  0.0365 255.3043
240 1008  0.1707  0.0012 34.2741
272 1008  0.6567  0.2430 211.6382
304 1008  0.6175 -0.4586 21.9429
336 1008  0.0942 -0.9773 101.7964
368 1008  0.0318 -1.0161 42.8860
400 1008  0.0004 -0.1402 13.5003
432 1008 -0.0592 -0.3865 16.2339
464 1008 -0.0557 -0.1098 15.9759
496 1008  0.0227 -0.0527 24.1587
528 1008 -0.0867 -0.1190 11.8129
560 1008 -0.0301 -0.0718  6.6442
 16 1040  0.3027  0.0083 121.1355
 48 1040  0.0587  0.0140 39.7294
 80 1040  0.0976 -0.0112 254.7230
112 1040  0.1231  0.0183 81.4881
144 1040  0.0740  0.0447 213.6321
176 1040  0.1693  0.0001 318.1298
208 1040  0.1752  0.0048 29.0697
240 1040  0.3488 -0.0492 54.1368
272 1040  0.4097 -0.1980 54.2713
304 1040  0.1123 -0.0528 17.3897
336 1040  0.3821 -0.4900 51.8303
368 1040  0.7269 -0.8166 64.2032
400 1040  0.0252 -0.0522 12.7581
432 1040 -0.0116 -0.1016 12.1529
464 1040 -0.0104 -0.1438 39.5832
496 1040 -0.0134 -0.0200 16.8446
528 1040 -0.0363  0.0073 11.2272
560 1040  0.0126 -0.0037 12.6079
592 1040  0.0660 -0.0006  5.6941
 16 1072  0.1829  0.0390 113.2713
 48 1072  0.0406  0.0273 102.0963
 80 1072  0.1602  0.0377 273.7839
112 1072  0.0812  0.0043 97.7504
144 1072  0.1153 -0.0375 27.6871
176 1072  0.1587  0.0067 37.9339
208 1072  0.0704 -0.0183 131.3969
240 1072  0.1504 -0.0979 74.4714
272 1072  0.1148 -0.1217 83.9527
304 1072  0.1795 -0.4142 180.5017
336 1072  0.1504 -0.7782 108.7529
368 1072  0.2411 -0.5636 52.6906
400 1072  0.0240 -0.0164 13.7362
432 1072 -0.0149  0.0032 23.8362
464 1072 -0.0061 -0.0091  9.2834
496 1072  0.0191 -0.0587 12.9905
528 1072 -0.0058 -0.0864 11.1022
560 1072 -0.0106 -0.0978  8.2844
592 1072 -0.0065 -0.0268 10.0042
624 1072 -0.0004 -0.0336  5.3760
656 1072  0.0106 -0.0308  4.6007
 16 1104  0.1141 -0.0140 29.3194
 48 1104  0.0327  0.0176 106.1797
 80 1104  0.3859 -0.0324 36.2034
112 1104  0.2164 -0.0281 63.6033
144 1104  0.0711  0.0065 110.4543
176 1104  0.0626 -0.0094 80.0139
208 1104  0.2868 -0.0621 40.6023
240 1104  0.2287 -0.1721 68.9381
272 1104  0.1577 -0.2443 143.5421
304 1104  0.5205 -0.2365 109.5102
336 1104  0.4496 -0.3116 79.8911
368 1104  0.0608 -0.2398 80.3989
400 1104  0.0326 -0.0486 20.3952
432 1104  0.0254 -0.0249 19.8603
464 1104 -0.0008  0.0086 18.8036
496 1104 -0.0044 -0.0142 14.2572
528 1104 -0.0218 -0.0206 10.9040
560 1104 -0.0664 -0.0486 13.5717
592 1104  0.0121 -0.0011 10.3907
624 1104 -0.0246 -0.0359 11.1020
656 1104  0.0359 -0.0380  8.5999
 16 1136  0.0095  0.0014 13.0305
 48 1136  0.0419  0.0007 54.2728
 80 1136  0.1231 -0.0103 95.9530
112 1136  0.0617  0.0340 55.1481
144 1136  0.0785  0.0005 114.8892
176 1136  0.0746 -0.0407 220.4785
208 1136  0.0556 -0.0685 83.5198
240 1136  0.0769 -0.0821 149.8606
272 1136  0.1564 -0.2328 57.2438
304 1136  0.0934 -0.1071 48.7056
336 1136  0.2521 -0.2278 111.9833
368 1136  0.3043 -0.2560 170.0311
400 1136 -0.0101 -0.0127 16.4357
432 1136  0.0023 -0.0100 11.7795
464 1136  0.0266 -0.0534 22.7173
496 1136 -0.0207 -0.0226 15.5775
528 1136 -0.0214 -0.0082 14.4231
560 1136 -0.0175  0.0128 10.5819
592 1136  0.0291 -0.0298 13.1696
624 1136 -0.0100 -0.0339 13.8629
656 1136 -0.0003 -0.0316 17.5614
 16 1168  0.0684 -0.0306 16.9735
 48 1168  0.0234 -0.0112 16.3695
 80 1168  0.0252 -0.0114 217.9586
112 1168  0.0504 -0.0030 195.6327
144 1168  0.0975 -0.0120 132.6721
176 1168  0.2375 -0.0843 63.1152
208 1168  0.0333 -0.0410 275.3083
240 1168  0.0660 -0.0507 103.4650
272 1168  0.0674 -0.0847 170.5809
304 1168  0.0387 -0.0620 207.0135
336 1168  0.1175 -0.1362 135.1543
368 1168  0.1426 -0.0719 227.0344
400 1168  0.0030 -0.0049 11.8114
432 1168  0.0094 -0.0511 12.7964
464 1168  0.0440 -0.0273 25.7309
496 1168 -0.0053 -0.0104 12.0274
528 1168 -0.0162  0.0056 18.4160
560 1168  0.0141 -0.0170 13.0869
592 1168 -0.0033 -0.0079 10.6185
624 1168 -0.0015  0.0086 15.1854
656 1168  0.0026  0.0081 13.2517
 16 1200  0.0012  0.0076 13.4558
 48 1200  0.0730  0.0011 19.8998
 80 1200  0.0059 -0.0354 14.6405
112 1200  0.1885 -0.0135 46.9380
144 1200  0.0757 -0.0175 26.7531
176 1200  0.1526 -0.0553 121.6573
208 1200  0.1014 -0.0538 26.1240
240 1200  0.0215 -0.0335 194.7891
272 1200  0.0478 -0.0445 196.9124
304 1200  0.1285 -0.0660 28.8004
336 1200  0.1103 -0.2686 162.8433
368 1200  0.0973 -0.1148 112.7733
400 1200  0.0151 -0.0162 12.5882
432 1200 -0.0083  0.0044 15.2645
464 1200  0.0401  0.0048 12.5926
496 1200 -0.0063 -0.0306 20.2527
528 1200 -0.0121  0.0299 22.3067
560 1200  0.0240  0.0181 14.3585
592 1200 -0.0411  0.0004 13.7622
624 1200  0.0203 -0.1374 27.0253
656 1200  0.0084 -0.0158 18.5231
  0   0 -0.0522  0.0036  0.0000
  0   0 -0.0522 -0.0317  0.0000
  0   0 -0.0318 -0.0085  0.0000
  0   0 -0.0669  0.0459  0.0000
  0   0 -0.1043  0.1052  0.0000
  0   0 -0.1285  0.1461  0.0000
  0   0 -0.1706  0.1719  0.0000
  0   0 -0.2130  0.2067  0.0000
  0   0 -0.1870  0.1867  0.0000
  0   0 -0.0684  0.1034  0.0000
  0   0  0.0608  0.0342  0.0000
  0   0  0.1259 -0.0136  0.0000
  0   0  0.2739 -0.0246  0.0000
  0   0  0.2616 -0.0454  0.0000
  0   0  0.2652 -0.0767  0.0000
  0   0  0.1823 -0.0670  0.0000
  0   0  0.0963 -0.0505  0.0000
  0   0  0.1106 -0.0911  0.0000
  0   0  0.1790 -0.2040  0.0000
  0   0  0.1861 -0.3602  0.0000
  0   0  0.1251 -0.2470  0.0000
  0   0 -0.0046 -0.0741  0.0000
  0   0 -0.0905  0.0328  0.0000
  0   0 -0.0938  0.0705  0.0000
  0   0 -0.0715  0.0440  0.0000
