VARIABLES= "X pix", "Y pix", "U pix/dt", "V pix/dt", "CHC", ZONE I=21, J=30
 16 272 -0.1340 -0.0561 50.8930
 48 272 -0.2275 -0.1795 221.9394
 80 272 -0.1248 -0.1319 212.9651
112 272 -0.0712 -0.4747 209.6350
144 272 -0.1767 -0.0596 187.6945
176 272 -0.0591 -0.0707 236.0016
208 272 -0.0674 -0.0553 51.7920
240 272 -0.0488 -0.0468 81.3024
272 272 -0.0235 -0.0118 29.2917
304 272 -0.0301 -0.0345 125.4450
336 272 -0.0147 -0.0044 149.8177
368 272 -0.0416  0.0055 140.3997
400 272 -0.0639  0.0256 266.9504
432 272 -0.0395  0.0360 189.4081
464 272 -0.0448  0.0494 69.8503
496 272 -0.0320  0.0919 270.4977
528 272 -0.0093  0.0342 221.9013
560 272 -0.0086  0.0271 23.0302
592 272 -0.0523  0.0919 169.9469
624 272 -0.0302  0.0850 103.4325
656 272 -0.0494  0.0640 140.3189
 16 304 -0.1006 -0.0437 165.2149
 48 304 -0.0183 -0.1122 67.0637
 80 304 -0.1433 -0.0966 204.3074
112 304 -0.1043 -0.1466 293.9624
144 304 -0.1378 -0.1058 106.9649
176 304 -0.0681 -0.0789 231.2502
208 304 -0.1671 -0.0725 345.0267
240 304 -0.0914 -0.0630 137.9364
272 304 -0.0570 -0.0358 258.0926
304 304 -0.0393 -0.0283 283.2836
336 304 -0.0381 -0.0112 98.0322
368 304 -0.0419  0.0051 117.9535
400 304 -0.0648 -0.0108 50.3150
432 304 -0.0253  0.0336 61.0675
464 304 -0.0283  0.0270 193.7728
496 304 -0.0589  0.0729 149.1170
528 304 -0.0109  0.0979 138.2381
560 304 -0.0049  0.0479 206.1749
592 304 -0.0406  0.0790 163.2856
624 304 -0.0167  0.0709 260.8485
656 304 -0.0487  0.0329 105.3167
 16 336 -0.1124 -0.1015 87.9987
 48 336 -0.1017 -0.0201 12.8406
 80 336 -0.1223 -0.3693 253.1441
112 336 -0.2082 -0.2359 160.2348
144 336 -0.2363 -0.1835 163.0970
176 336 -0.1146 -0.2160 251.7493
208 336 -0.0252 -0.0972 21.6344
240 336 -0.1148 -0.1623 121.1906
272 336 -0.0445 -0.0732 54.8302
304 336 -0.0080 -0.0291 287.6217
336 336 -0.1011 -0.0887 260.0399
368 336 -0.0801 -0.0112 133.8964
400 336 -0.0266  0.0047 80.4404
432 336 -0.0476  0.0454 170.3708
464 336 -0.0665  0.0253 185.4353
496 336 -0.0477  0.0994 60.5466
528 336 -0.0458  0.0321 194.3382
560 336 -0.0525  0.0323 155.1253
592 336 -0.0124  0.0473 254.3167
624 336 -0.0252  0.0361 120.5076
656 336 -0.0212  0.0379 113.0549
 16 368 -0.0529 -0.0363 25.8241
 48 368 -0.2395 -0.1927 253.8793
 80 368 -0.5775 -0.2302 69.9355
112 368 -0.1314 -0.1263 18.6646
144 368 -0.1072 -0.2002 48.4304
176 368 -0.3300 -0.1242 83.5555
208 368 -0.0992 -0.1747 115.8203
240 368 -0.3536 -0.2207 107.5709
272 368 -0.1774 -0.0660 27.5078
304 368 -0.1971 -0.1109 301.0078
336 368 -0.0825 -0.0308 433.2819
368 368 -0.0916 -0.0136 188.1367
400 368 -0.0653 -0.0156 328.8673
432 368 -0.0404  0.0195 173.2556
464 368 -0.0269  0.0493 93.7178
496 368 -0.0717  0.0307 417.1428
528 368 -0.0206  0.0737 110.5864
560 368 -0.0475  0.0997 124.8930
592 368  0.0239  0.0578 155.1581
624 368 -0.0199  0.0246 173.9016
656 368 -0.0155  0.0812 127.6539
 16 400 -0.2546 -0.1951 133.9197
 48 400 -0.8615 -0.7399 137.9942
 80 400 -0.7674 -0.1749 173.3580
112 400 -0.1581 -0.2492 72.2942
144 400 -0.1703 -0.1690 53.2229
176 400 -0.2908 -0.3375 146.9651
208 400 -0.2019 -0.2098 102.6058
240 400 -0.2005 -0.1110 255.2264
272 400 -0.1374 -0.3150 112.6316
304 400 -0.1857 -0.0745 199.6715
336 400 -0.0666 -0.1081 98.1052
368 400 -0.0776 -0.0155 55.7657
400 400 -0.0051  0.0089 38.9914
432 400 -0.0527  0.0262 198.6747
464 400 -0.0303  0.0512 220.1442
496 400 -0.0660  0.0419 25.9181
528 400 -0.0378  0.0396 152.4108
560 400 -0.0210  0.0120 220.5541
592 400 -0.0406  0.0501 234.9683
624 400  0.0090  0.0202 139.7591
656 400 -0.0120  0.0334 154.3825
 16 432 -0.2914 -0.2431 61.3741
 48 432 -0.1410 -0.2277 164.1066
 80 432 -1.1331 -0.2099 132.5121
112 432 -0.5940 -0.2008 128.0391
144 432 -0.3784 -0.3103 312.4744
176 432 -0.5243 -0.3984 129.6061
208 432 -0.3444 -0.2104 62.5562
240 432 -0.0847 -0.1376 111.6983
272 432 -0.1312 -0.2245 152.0879
304 432 -0.0756 -0.1373 21.3565
336 432 -0.1019 -0.0717 213.8322
368 432 -0.0243 -0.0394 183.8702
400 432 -0.1088  0.0208 193.7519
432 432 -0.1079  0.0407 125.6103
464 432 -0.0200 -0.0213 157.1304
496 432 -0.0420  0.0427 163.5802
528 432 -0.0492  0.0387 72.5407
560 432 -0.0372  0.0406 106.4443
592 432 -0.0454  0.0410 84.3777
624 432 -0.0196  0.0296 169.3882
656 432  0.0029  0.0656 106.4126
 16 464 -0.2253 -0.4102 156.5383
 48 464 -0.5945 -0.2694 170.8455
 80 464 -0.3197 -0.6096 169.6216
112 464 -0.4297 -0.3857 115.6102
144 464 -0.1909 -0.2004 115.9322
176 464 -0.2398 -0.3169 185.3421
208 464 -0.4858 -0.3014 138.4124
240 464 -0.2706 -0.3851 187.1156
272 464 -0.0027 -0.0622 10.0636
304 464 -0.2484 -0.1168 124.7759
336 464 -0.0893 -0.0606 161.6715
368 464 -0.0846 -0.1227 303.4277
400 464 -0.1023 -0.0153 79.4460
432 464 -0.0636  0.0107 54.7284
464 464 -0.0456  0.0230 106.5729
496 464  0.0490  0.1454 118.1793
528 464 -0.0112  0.0258 182.1453
560 464 -0.0330  0.0332 167.4749
592 464 -0.0248  0.0296 127.6557
624 464 -0.0100  0.0593 130.7566
656 464 -0.0055  0.0009 176.8926
 16 496 -0.1728 -0.1477 22.9054
 48 496 -0.0991 -0.2318 15.0733
 80 496 -0.6097 -0.5837 131.8168
112 496 -0.3247 -0.5880 95.6568
144 496 -0.5696 -0.6486 140.8913
176 496 -0.4758 -0.8558 142.9250
208 496 -0.1735 -0.5321 177.7600
240 496 -0.1555 -0.6971 43.0933
272 496 -0.3604 -0.4736 147.1642
304 496 -0.3245 -0.1294 61.9592
336 496 -0.1512 -0.1449 225.5946
368 496 -0.1856 -0.0453 51.1068
400 496 -0.0590 -0.0088 31.9208
432 496 -0.0551 -0.0089 176.8152
464 496 -0.0728  0.0039 203.7691
496 496 -0.0433  0.0047 172.7886
528 496 -0.0310  0.0188 118.4847
560 496 -0.0324  0.0344 157.3958
592 496  0.0101 -0.0317 27.6585
624 496 -0.0108 -0.0148 86.1490
656 496  0.0057 -0.0081 149.1621
 16 528 -0.1343 -0.1184 17.2703
 48 528 -0.2153 -0.5473 62.0110
 80 528 -0.5904 -0.4412 142.0642
112 528 -0.7789 -0.8470 16.3872
144 528 -0.0989 -0.6169 81.0894
176 528 -0.3467 -0.4335 204.2449
208 528 -0.5260 -0.5396 181.1371
240 528 -0.2877 -0.3862 147.0176
272 528 -0.5443 -0.2057 76.2906
304 528 -0.0415 -0.2043 303.8010
336 528 -0.1531 -0.0615 16.7220
368 528 -0.1885 -0.0753 115.8834
400 528 -0.1992 -0.0701 195.1057
432 528 -0.0714 -0.0245 65.4041
464 528 -0.0740  0.0048 197.3436
496 528 -0.0452 -0.0235 116.1246
528 528 -0.0485  0.0286 298.8262
560 528 -0.0350 -0.0137 148.6250
592 528 -0.0071 -0.0230 155.7138
624 528  0.0027 -0.0297 80.1918
656 528  0.0162 -0.0340 110.7432
 16 560 -0.3464 -0.1292 63.7747
 48 560 -0.6858 -0.3327 243.8773
 80 560 -0.6934 -0.4855 47.7490
112 560 -1.3172 -0.6089 70.6794
144 560 -0.0932 -0.1491  9.5611
176 560 -0.5391 -0.7717 92.2195
208 560 -0.4329 -0.6018 232.6790
240 560 -0.3474 -0.6720 93.2217
272 560 -0.2672 -0.4445 76.4842
304 560 -0.2080 -0.2577 145.5508
336 560 -0.3136 -0.2528 261.4694
368 560 -0.1706 -0.1664 44.0987
400 560 -0.0350 -0.0242 14.3760
432 560 -0.1187 -0.0476 49.9028
464 560 -0.1224  0.0375 223.0641
496 560 -0.1202 -0.0374 73.5170
528 560 -0.1103 -0.0005 161.7969
560 560 -0.0589 -0.0437 132.3660
592 560 -0.0058 -0.0480 167.4384
624 560  0.0404 -0.0635 164.8515
656 560  0.0474 -0.0517 71.4736
 16 592 -0.5633 -0.1113 68.5574
 48 592 -0.7966 -0.2809 117.7094
 80 592 -0.3740 -0.2107 37.7363
112 592 -0.8319 -0.6530 118.2574
144 592 -0.7361 -0.7022 127.9065
176 592 -0.8630 -0.7855 133.8497
208 592 -0.4758 -0.6274 72.0448
240 592 -0.2729 -0.6038 39.9720
272 592 -0.4438 -0.1868 32.6396
304 592 -0.8336 -0.4878 78.0512
336 592 -0.3804 -0.3142 204.8311
368 592 -0.4643 -0.2058 113.8418
400 592 -0.4744 -0.1200 198.5164
432 592 -0.3383 -0.0696 108.8956
464 592 -0.3779 -0.0200 166.7723
496 592 -0.3297 -0.1054 191.4344
528 592 -0.1109 -0.0252 129.2020
560 592 -0.0576 -0.1558 109.3347
592 592  0.0107 -0.1504 103.6305
624 592  0.0406 -0.1069 110.9724
656 592  0.1301 -0.1160 198.8183
 16 624 -0.3541 -0.0703 25.2856
 48 624 -0.2127 -0.2337 48.7285
 80 624 -0.7305 -0.2247 45.3814
112 624 -0.8428 -0.6019 189.4637
144 624 -1.1084 -0.6447 127.0163
176 624 -1.3073 -0.9012 71.5693
208 624 -1.0031 -0.8142 153.6934
240 624 -0.8191 -0.7959 66.4443
272 624 -0.4009 -0.1500 32.8588
304 624 -0.7755 -0.6333 81.2589
336 624 -0.1041 -0.3024 82.2783
368 624 -0.4752 -0.2457 92.2739
400 624 -0.4990 -0.0924 74.7982
432 624 -0.5027 -0.0919 209.4097
464 624 -0.6307 -0.0167 56.8975
496 624 -0.5602 -0.0163 143.3384
528 624 -0.3926 -0.1316 108.3750
560 624 -0.1193 -0.2414 105.8885
592 624  0.0002 -0.2070 118.9740
624 624  0.0315 -0.1386 34.0999
656 624  0.1957 -0.2945 299.1303
 16 656 -0.0717 -0.0148 13.9303
 48 656 -0.2675 -0.1390 74.2804
 80 656 -0.3923 -0.1825 243.5565
112 656 -0.4630 -0.2265 40.8613
144 656 -1.2143 -0.2109 150.7348
176 656 -1.0291 -0.8314 242.8581
208 656 -0.8512 -0.8060 76.4849
240 656 -0.8518 -0.9744 102.6144
272 656 -0.7950 -0.8516 72.8802
304 656 -1.2999 -0.8313 29.5683
336 656 -0.7351 -0.3247 109.8399
368 656 -0.3336 -0.1583 74.6992
400 656 -0.4853 -0.1258 108.5598
432 656 -1.1116  0.0320 167.2233
464 656 -0.7895  0.0230 50.9200
496 656 -0.8044 -0.0420 179.1590
528 656 -0.8183 -0.3439 50.2010
560 656 -0.2452 -0.3265 34.2461
592 656 -0.1638 -0.3698 122.8682
624 656  0.0697 -0.3439 94.3020
656 656  0.1181 -0.5001 198.7241
 16 688 -0.5201 -0.1250 25.5267
 48 688 -0.1921 -0.0880 168.3887
 80 688 -0.2311 -0.0983 206.1188
112 688 -0.1898 -0.1042 49.7653
144 688 -1.2263 -0.1774 133.6380
176 688 -0.7545 -0.3310 144.9769
208 688 -0.8666 -0.6518 202.4334
240 688 -1.3102 -0.9214 128.6379
272 688 -1.1314 -0.7960 73.4689
304 688 -0.9273 -0.7048 74.8715
336 688 -0.7831 -0.2609 69.9637
368 688 -0.3877  0.0059 187.9401
400 688 -0.1869  0.1447 152.9666
432 688 -0.6078  0.2567 66.0956
464 688 -0.6933  0.0575 80.9432
496 688 -0.7584 -0.3423 207.2047
528 688 -0.1093 -0.2193 21.8616
560 688 -0.4344 -0.6588 91.4660
592 688 -0.1689 -0.5876 241.1255
624 688 -0.0066 -0.3126 51.0805
656 688 -0.0058 -0.7274 69.7008
 16 720 -0.0364 -0.0418 104.3350
 48 720 -0.1237 -0.0234 25.6594
 80 720 -0.1387 -0.0536 304.3262
112 720 -0.2472 -0.1640 113.1382
144 720 -0.6188 -0.1929 90.3723
176 720 -0.9008 -0.7750 230.5380
208 720 -0.1923 -0.4805 46.3553
240 720 -0.8538 -0.6466 26.6263
272 720 -1.3632 -0.5192 21.4706
304 720 -0.8029 -0.3065 117.9082
336 720 -0.6222 -0.2113 103.5062
368 720 -0.2519  0.0561 51.5564
400 720 -0.2209  0.3462 81.6736
432 720 -0.5473  0.0869 175.8748
464 720 -0.3014 -0.1722 217.2214
496 720 -0.5780 -0.7614 26.9623
528 720  0.1579 -0.0869 16.7732
560 720 -0.1091 -0.3150 11.5706
592 720  0.0712 -0.4505 44.0028
624 720 -0.0453 -0.0042 38.3753
656 720 -0.0425 -0.2738 150.2188
 16 752 -0.0404 -0.0076 19.9289
 48 752 -0.0313 -0.0745 223.5157
 80 752 -0.0658 -0.0629 121.4181
112 752 -0.1484 -0.0987 176.8864
144 752 -0.4450 -0.1854 105.9611
176 752 -0.8078 -0.3465 192.0477
208 752 -0.7124 -1.0155 241.6752
240 752 -0.7757 -0.6330 187.1699
272 752 -0.8193 -0.7380 202.7874
304 752 -0.4344 -0.2686 50.0147
336 752 -0.7984 -0.1172 122.5472
368 752  0.1428  0.3532 152.3499
400 752  0.3643  0.4187 111.8560
432 752  0.4317  0.1558 51.4584
464 752 -0.2595 -0.4109 89.4214
496 752  0.2269 -0.2858 165.3976
528 752  0.2195 -0.2136 10.8067
560 752 -0.2491 -0.2912 10.0273
592 752  0.0936 -0.1727 40.2640
624 752 -0.4745  0.3280  9.3261
656 752 -0.0819 -0.0438 14.1656
 16 784 -0.0317  0.0042 19.8024
 48 784  0.0005 -0.0237 276.3116
 80 784 -0.0393 -0.0848 233.0893
112 784 -0.0458 -0.1485 252.0375
144 784 -0.0748 -0.1489 65.2963
176 784 -0.0425 -0.1195 295.1845
208 784 -0.1865 -0.3523 139.7312
240 784 -0.2005 -0.4428 147.6950
272 784 -0.6540 -0.6844 113.2442
304 784 -0.2593 -0.3893 124.8536
336 784 -0.1777 -0.0721 241.9198
368 784  0.4117  0.0882 112.4235
400 784  1.0649  0.5287 224.5833
432 784  0.1430  0.2121 48.5342
464 784 -0.2720 -0.0100 61.4425
496 784 -0.1167 -0.2466 25.9758
528 784  0.4382  0.1077 12.5664
560 784  0.5001  0.0147  7.8079
592 784 -0.0267  0.0342 13.0451
624 784 -0.0258  0.0195 29.2554
656 784 -0.0727  0.0918  8.7272
 16 816  0.0328 -0.0236 103.1642
 48 816  0.0049  0.0061 110.4244
 80 816  0.0152 -0.1635 77.9671
112 816  0.0322 -0.1350 89.6923
144 816  0.0248 -0.0896 67.9923
176 816  0.0160 -0.2068 66.2509
208 816 -0.0382 -0.3098 153.9184
240 816 -0.0954 -0.4263 48.1672
272 816 -0.1759 -0.3683 69.9228
304 816 -0.0604 -0.1661 87.7992
336 816  0.2141 -0.0866 28.7512
368 816  0.8920  0.0669 75.3112
400 816  0.4104  0.0359 160.2517
432 816  0.2794 -0.0967 28.9596
464 816  0.0483 -0.0078 106.0278
496 816  0.0405 -0.0516 15.9480
528 816  0.2255  0.0102  7.1544
560 816  0.1476  0.1917 16.4084
592 816  0.0348  0.0274 53.3349
624 816 -0.0366  0.0598 11.1616
656 816 -0.0272  0.0392 19.1718
 16 848  0.0257 -0.0440 43.6593
 48 848  0.0125 -0.0143 35.8927
 80 848  0.1633  0.0123 25.8015
112 848  0.0459 -0.0143 110.7626
144 848  0.0187 -0.0668 310.6763
176 848  0.0903 -0.3884 172.1622
208 848  0.1353 -0.1029 158.6087
240 848  0.1360 -0.4312 195.2769
272 848  0.1466 -0.3482 64.0971
304 848  0.3111 -0.2521 43.7582
336 848  0.9347 -0.6015 58.0389
368 848  0.4955 -0.1601 75.6724
400 848 -0.1085  0.0813 107.9931
432 848 -0.0138  0.0869 27.1419
464 848  0.1790  0.0880 14.7590
496 848  0.0808 -0.0591 11.1571
528 848  0.0883  0.0980  5.7540
560 848  0.0295  0.1626 84.3370
592 848  0.0298  0.1531 85.3492
624 848 -0.0223  0.0804 60.9465
656 848 -0.0131  0.0457 27.8558
 16 880  0.0185  0.0118 15.1487
 48 880  0.6543 -0.2980 19.8957
 80 880  0.1104 -0.0333 137.4172
112 880  0.1107 -0.0605 160.2465
144 880  0.0770 -0.0893 271.3420
176 880  0.0764 -0.1224 246.8145
208 880  0.1655 -0.1032 287.2487
240 880  0.4340 -0.5832 91.6012
272 880  0.2265 -0.8866 129.6404
304 880  0.9342 -0.5969 109.9748
336 880  1.3719 -0.3584 171.7153
368 880  1.6243 -0.2681 116.1353
400 880  0.6612 -0.0965 123.0932
432 880  0.1732  0.0052 65.7034
464 880  0.0415  0.0290 20.6714
496 880 -0.0069 -0.0128  5.6756
528 880  0.0686  0.0394 11.8657
560 880  0.0352  0.1229 28.8181
592 880 -0.0151  0.1646 42.9647
624 880 -0.0481  0.1755 106.5722
656 880 -0.0424  0.2560 69.7362
 16 912  0.0470 -0.0320 289.8384
 48 912  0.0060 -0.0453 13.7714
 80 912  0.0773 -0.0622 181.3060
112 912  0.0903 -0.0866 143.6495
144 912  0.4440 -0.1128 192.6685
176 912  0.2682 -0.1429 200.9162
208 912  0.0892 -0.2494 40.9144
240 912  0.2486 -0.4689 62.5119
272 912  0.3758 -0.4990 53.4968
304 912  0.2056 -0.2224 10.6642
336 912  1.5467 -0.7653 78.9598
368 912  0.6019 -0.2647 18.1353
400 912  0.0260  0.0123 18.4360
432 912  0.0692  0.0199 20.6380
464 912 -0.0207 -0.0229  9.3417
496 912  0.0000  0.0000  4.0514
528 912  0.0361 -0.0227  4.8860
560 912  0.0184 -0.0163 12.5998
592 912  0.0018  0.0245 25.3527
624 912 -0.0398  0.1190 49.5548
656 912 -0.0480  0.1387 98.0829
 16 944  0.0123 -0.0325 25.3474
 48 944  0.0537 -0.0035 95.8408
 80 944  0.1958 -0.0852 82.7306
112 944  0.1439 -0.0439 222.9173
144 944  0.1263 -0.0017 181.0094
176 944  0.1918 -0.1436 302.0139
208 944  0.4095 -0.4629 142.9410
240 944  0.4279 -0.3217 142.3856
272 944  0.1532 -0.4345 48.7052
304 944  0.5844 -0.5569 175.6016
336 944  0.9405 -0.7224 45.7704
368 944  0.2295 -0.0502 43.8913
400 944  0.0463  0.3171 13.3585
432 944 -0.0105  0.0368 12.9457
464 944 -0.0141  0.0316  5.9120
496 944 -0.0019 -0.0110  7.8026
528 944  0.0169 -0.0169  4.5930
592 944  0.0267 -0.0388  5.9130
624 944  0.0619 -0.0561 11.7276
656 944 -0.0010 -0.0266 23.2477
 16 976  0.0608 -0.0065 31.0472
 48 976  0.0451  0.0026 29.9960
 80 976  0.0810 -0.0656 174.1799
112 976  0.2519 -0.2422 280.0387
144 976  0.4670 -0.1544 146.1973
176 976  0.1596 -0.5071 45.9347
208 976  0.1716 -0.1618 78.5030
240 976  0.1734 -0.7563 62.6350
272 976  0.4262 -0.6460 34.6554
304 976  0.0755 -0.2053 56.6161
336 976 -0.0494 -0.1335 76.4763
368 976 -0.0080  0.0084 24.5928
400 976 -0.0044 -0.0109 12.5580
432 976  0.0338  0.0219  7.5398
464 976 -0.0171 -0.0148 21.0503
496 976  0.0263 -0.0652 22.2209
528 976  0.0030 -0.0042 34.3543
560 976 -0.0427  0.0313  6.1811
624 976  0.0777 -0.0574  4.3298
656 976  0.1267 -0.2047  7.2924
 16 1008  0.0750 -0.0312 57.8056
 48 1008  0.1897 -0.0091 50.7384
 80 1008  0.1598 -0.0157 49.0111
112 1008  0.0849 -0.1380 108.6504
144 1008  0.0461 -0.1271 73.2039
176 1008  0.1640 -0.3447 167.7481
208 1008  0.0898 -0.3444 103.3964
240 1008  0.1345 -0.3774 30.8512
272 1008  0.1427 -0.4676 54.4496
304 1008  0.0178 -0.8370 97.4675
336 1008 -0.0275 -0.0733 20.4714
368 1008 -0.0086  0.0621 10.1289
400 1008  0.0594  0.0918  8.2197
432 1008  0.0184  0.0209 18.2060
464 1008  0.0217  0.0090 57.4093
496 1008  0.0025 -0.0138 42.6496
528 1008 -0.0345 -0.0491 24.7029
560 1008 -0.0395  0.0259 12.4392
 16 1040  0.0410 -0.0189 45.5497
 48 1040  0.1003 -0.0226 240.6861
 80 1040  0.0750 -0.0692 239.8349
112 1040  0.1145 -0.0511 99.8390
144 1040  0.0637 -0.0478 48.3858
176 1040  0.0889 -0.2128 94.9925
208 1040  0.0609 -0.2332 132.4314
240 1040  0.0079 -0.1774 23.0166
272 1040  0.0377 -0.3097 118.4085
304 1040 -0.0726 -0.1974 62.5860
336 1040 -0.0019  0.1911 27.8030
368 1040  0.1641  0.1073 11.9508
400 1040  0.0429  0.0216 59.9478
432 1040  0.0162  0.0483 28.3927
464 1040  0.0406 -0.0034 134.6150
496 1040  0.0806 -0.0456 84.0927
528 1040 -0.0067  0.0081 33.8172
560 1040  0.0230  0.0439  7.7969
592 1040 -0.1312  0.1571 11.1561
624 1040 -0.0598  0.2851  6.8956
656 1040 -0.0523  0.1882  5.7078
 16 1072  0.0910 -0.0109 71.5203
 48 1072  0.0429 -0.0632 37.6452
 80 1072  0.0520 -0.0551 219.4459
112 1072  0.0282 -0.0480 87.1389
144 1072  0.0658 -0.0873 106.7666
176 1072  0.1793 -0.1055 151.8994
208 1072  0.0036 -0.0304 17.4035
240 1072  0.0227 -0.1758 117.4005
272 1072 -0.0147 -0.3428 65.8236
304 1072 -0.0618 -0.2197 75.2181
336 1072 -0.0425 -0.1828 201.4761
368 1072 -0.0451 -0.1995 149.8824
400 1072 -0.0253 -0.0110 41.3173
432 1072  0.0185 -0.0968 271.2867
464 1072  0.0671 -0.0276 65.9947
496 1072  0.0705 -0.0450 22.0134
528 1072  0.0020 -0.0708 49.9909
560 1072 -0.0111 -0.0091 13.3856
592 1072 -0.0516 -0.0012 12.8309
624 1072  0.0558 -0.0269 10.6532
656 1072 -0.0140  0.0153 16.1323
 16 1104  0.0161 -0.0125 105.6343
 48 1104  0.0062  0.0040 38.1789
 80 1104  0.0330 -0.0443 44.7629
112 1104  0.0320 -0.1036 178.1265
144 1104  0.0268 -0.0734 85.9543
176 1104  0.0245 -0.0236 467.9288
208 1104  0.0658 -0.0354 37.1625
240 1104  0.0619 -0.3024 147.3188
272 1104 -0.0026 -0.1097 71.0006
304 1104 -0.0130 -0.2066 106.5943
336 1104 -0.0301 -0.1802 232.8745
368 1104 -0.0020 -0.0715 166.8910
400 1104 -0.0003 -0.0406 168.8472
432 1104  0.0327 -0.0483 87.4776
464 1104  0.0423 -0.0110 25.4881
496 1104  0.0417  0.0082 15.1905
528 1104 -0.0027  0.0009 16.6732
560 1104 -0.0136  0.0066 22.5366
592 1104 -0.0332  0.0174 12.1424
624 1104 -0.0139 -0.0163  9.6615
656 1104  0.0266  0.0142 16.4994
 16 1136  0.0152 -0.0352 18.8229
 48 1136  0.0196 -0.0153 20.7493
 80 1136  0.0434 -0.0233 156.2780
112 1136  0.0266 -0.0473 20.3975
144 1136  0.0188 -0.0834 157.6852
176 1136  0.0244 -0.0575 252.8006
208 1136  0.0306 -0.1004 149.1130
240 1136  0.0324 -0.0403 306.8574
272 1136  0.0062 -0.1989 110.1003
304 1136  0.0134 -0.1421 247.7558
336 1136  0.0174 -0.0627 168.7554
368 1136  0.0028 -0.0794 182.9641
400 1136  0.0360 -0.0628 101.2662
432 1136 -0.0065 -0.0337 79.2729
464 1136  0.0214  0.0000 23.1324
496 1136  0.0256 -0.0169 25.5464
528 1136 -0.0085 -0.0381 13.0366
560 1136 -0.0145 -0.0056 15.3591
592 1136  0.0218 -0.0035 11.2172
624 1136  0.0264 -0.0458 22.9018
656 1136 -0.1147 -0.0623 32.9994
 16 1168 -0.0010 -0.0286 13.3015
 48 1168  0.0166 -0.0261 28.6925
 80 1168  0.0316 -0.0509 40.2366
112 1168  0.0092 -0.0394 99.2559
144 1168  0.0105 -0.0538 156.0179
176 1168  0.0285 -0.0465 116.4709
208 1168  0.0200 -0.0389 311.7144
240 1168  0.0103 -0.0603 93.2959
272 1168  0.0179 -0.0689 53.6854
304 1168  0.0129 -0.0676 49.1446
336 1168  0.0315 -0.1598 193.4158
368 1168  0.0065 -0.1012 188.3364
400 1168  0.0253 -0.0455 219.5017
432 1168  0.0317 -0.0958 83.3762
464 1168  0.0169 -0.0641 291.7792
496 1168  0.0240 -0.0318 19.7674
528 1168  0.0010 -0.0195 14.7143
560 1168  0.0235  0.0022 11.6656
592 1168 -0.0140  0.0058 13.8677
624 1168 -0.0033 -0.0090 11.8975
656 1168 -0.0074 -0.0228 11.8804
 16 1200  0.0098 -0.0031 44.2686
 48 1200  0.0249 -0.0317 18.0216
 80 1200  0.0176 -0.0183 26.1899
112 1200 -0.0094 -0.0091 27.5399
144 1200  0.0584 -0.0841 123.8018
176 1200  0.0440 -0.0122 72.1349
208 1200  0.0129 -0.0543 78.2313
240 1200  0.0069 -0.0456 338.5660
272 1200  0.0147 -0.0788 101.6189
304 1200  0.0246 -0.1698 29.8780
336 1200  0.0137 -0.0204 199.0311
368 1200  0.0240 -0.0611 261.3076
400 1200  0.0285 -0.1092 227.9194
432 1200  0.0352 -0.0183 35.1675
464 1200  0.0113 -0.0961 229.2522
496 1200  0.0142 -0.0097 30.1195
528 1200  0.0056  0.0209 23.0368
560 1200 -0.0348 -0.0221 12.5053
592 1200 -0.0131 -0.0192 18.3771
624 1200  0.0195  0.0401 48.5327
656 1200  0.0002 -0.0012 42.5478
  0   0  0.0162 -0.0340  0.0000
  0   0  0.0295 -0.0786  0.0000
  0   0  0.0224 -0.0587  0.0000
  0   0  0.0137 -0.0099  0.0000
  0   0 -0.0127  0.0201  0.0000
