VARIABLES= "X pix", "Y pix", "U pix/dt", "V pix/dt", "CHC", ZONE I=21, J=30
 16 272 -0.1496 -0.1317 217.0223
 48 272 -0.1412 -0.0574 194.8513
 80 272 -0.1486 -0.1114 124.7689
112 272 -0.4141 -0.1339 207.1076
144 272 -0.0831 -0.3041 116.3624
176 272 -0.1429 -0.0751 123.4608
208 272 -0.1267 -0.1503 190.4594
240 272 -0.1989 -0.0594 211.5835
272 272 -0.0750 -0.0973 148.9282
304 272 -0.0440 -0.0370 186.2959
336 272 -0.0971 -0.0373 132.5964
368 272 -0.0366 -0.0041 181.0822
400 272 -0.0180  0.0306 140.2967
432 272 -0.0466  0.0359 151.8778
464 272 -0.0193  0.0461 171.1992
496 272 -0.0066  0.0627 153.0025
528 272 -0.0247  0.0686 113.6481
560 272 -0.0375  0.0359 54.7707
592 272 -0.0112  0.0832 139.0040
624 272 -0.0187  0.0439 112.7475
656 272 -0.0396  0.0174 165.6267
 16 304 -0.2547 -0.1750 184.7936
 48 304 -0.1236 -0.0978 167.3145
 80 304 -0.1912 -0.2451 159.1225
112 304 -0.1315 -0.1801 208.1847
144 304 -0.1761 -0.1875 214.6878
176 304 -0.0940 -0.0970 216.1312
208 304 -0.1167 -0.1829 120.7500
240 304 -0.1970 -0.1106 270.3643
272 304 -0.0401 -0.0398 83.3698
304 304 -0.0881 -0.0284 259.6157
336 304 -0.0523 -0.0202 164.3773
368 304 -0.0390 -0.0145 292.2513
400 304 -0.0138  0.0144 56.9235
432 304 -0.0224  0.0082 166.4149
464 304 -0.0023  0.0660 246.4622
496 304 -0.0279  0.0846 166.3943
528 304 -0.0305  0.0327 91.8537
560 304 -0.0577  0.0448 273.6880
592 304 -0.0280  0.0366 142.4167
624 304 -0.0299  0.0151 136.7404
656 304 -0.0186  0.0224 68.2154
 16 336 -0.3221 -0.3466 212.2598
 48 336 -0.1944 -0.5225 109.7406
 80 336 -0.1450 -0.3764 130.0519
112 336 -0.2146 -0.2018 327.7267
144 336 -0.2268 -0.2432 45.9852
176 336 -0.1627 -0.1577 45.9507
208 336 -0.1494 -0.1791 261.6751
240 336 -0.1311 -0.1586 178.2199
272 336 -0.0236 -0.0578 38.4545
304 336 -0.0610 -0.0672 68.4503
336 336 -0.0747 -0.0507 164.9552
368 336 -0.0682 -0.0248 138.0218
400 336 -0.0143  0.0022 94.3270
432 336 -0.0600  0.0116 154.5163
464 336 -0.0155  0.0382 216.7977
496 336 -0.0185  0.0455 207.7135
528 336 -0.0315  0.0466 117.6155
560 336 -0.0232  0.0772 120.1472
592 336 -0.0325  0.0832 81.0560
624 336 -0.0246  0.0673 97.2057
656 336 -0.0086  0.0172 73.5756
 16 368 -0.3314 -0.2206 58.0996
 48 368 -0.1408 -0.5593 86.6407
 80 368 -0.3651 -0.3189 117.5554
112 368 -0.1501 -0.1580 28.8990
144 368 -0.2173 -0.1403 273.0320
176 368 -0.1644 -0.2812 104.3010
208 368 -0.2399 -0.1144 134.3369
240 368 -0.0955 -0.0701 209.4291
272 368 -0.0712 -0.0946 108.9372
304 368 -0.0978 -0.0801 245.4912
336 368 -0.0580 -0.0689 50.1274
368 368 -0.0743 -0.0515 234.0318
400 368 -0.0413 -0.0155 114.3307
432 368 -0.0239 -0.0071 138.7453
464 368 -0.0217  0.0375 124.3401
496 368  0.0168  0.0621 123.0815
528 368 -0.0209  0.0347 164.0900
560 368 -0.0044  0.0398 233.8609
592 368 -0.0154  0.0410 132.2003
624 368 -0.0287  0.0401 147.8354
656 368  0.0008  0.0232 52.3058
 16 400 -0.1002 -0.3796 105.7373
 48 400 -0.2629 -0.3026 92.1101
 80 400 -0.3045 -0.4339 144.7193
112 400 -0.0525 -0.2122 107.7524
144 400 -0.3449 -0.4638 185.6915
176 400 -0.2214 -0.1439 29.9024
208 400 -0.1203 -0.1427 287.9759
240 400 -0.1948 -0.1998 129.0112
272 400 -0.0874 -0.1827 28.4783
304 400 -0.1041 -0.1268 162.9207
336 400 -0.0821 -0.0363 47.4056
368 400 -0.0247 -0.0899 137.9543
400 400 -0.0407 -0.0295 90.7185
432 400 -0.0186 -0.0203 157.4971
464 400 -0.0057  0.0281 180.2104
496 400 -0.0120  0.0251 153.0159
528 400 -0.0423  0.0347 173.1464
560 400  0.0038  0.0232 185.9499
592 400 -0.0118  0.0463 181.3719
624 400 -0.0666  0.0438 116.9901
656 400  0.0529 -0.0030 193.8925
 16 432 -0.2701 -0.2169 40.0418
 48 432 -0.6497 -0.5936 39.4817
 80 432 -0.3005 -0.6490 44.2224
112 432 -0.1878 -0.7580 143.1720
144 432 -0.2546 -0.4266 64.3860
176 432 -0.2225 -0.8460 138.3441
208 432 -0.3713 -0.3034 116.3289
240 432 -0.3014 -0.2349 121.6050
272 432 -0.1546 -0.4056 215.7542
304 432 -0.1984 -0.1222 163.2511
336 432 -0.1142 -0.1556 163.7264
368 432 -0.0894 -0.0734 160.3701
400 432 -0.0627 -0.0836 21.4632
432 432 -0.0495 -0.0568 181.2464
464 432 -0.0275 -0.0042 107.4450
496 432 -0.0546  0.0290 41.0365
528 432 -0.0427  0.0578 129.2450
560 432 -0.0062  0.0764 149.0519
592 432 -0.0231  0.0524 139.9872
624 432 -0.0048  0.0216 112.6431
656 432 -0.0249 -0.0035 136.8271
 16 464 -0.3105 -0.1867 46.4463
 48 464 -1.0495 -0.7723 51.6022
 80 464 -0.2550 -0.5363 67.0114
112 464 -0.9292 -0.8856 157.0379
144 464 -0.3451 -0.4032 88.6259
176 464 -0.3597 -0.4371 168.4409
208 464 -0.5694 -0.2995 106.3087
240 464 -0.1437 -0.2680 255.1187
272 464 -0.1845 -0.3847 279.6592
304 464 -0.1573 -0.3102 194.5197
336 464 -0.1894 -0.1291 236.8661
368 464 -0.0961 -0.1285 171.8315
400 464 -0.0611 -0.1214 124.1649
432 464 -0.0480 -0.0334 83.2659
464 464  0.0105 -0.0029 324.2346
496 464 -0.0005  0.0267 139.8101
528 464 -0.0109  0.1143 163.4544
560 464  0.0011  0.0740 230.0562
592 464 -0.0112  0.0397 155.6685
624 464  0.0032  0.0168 137.7234
656 464 -0.0331  0.0167 225.8193
 16 496 -0.2533 -0.1504 69.3508
 48 496 -1.4087 -0.6888 69.3370
 80 496 -0.8497 -0.4367 143.2241
112 496 -0.3054 -0.8084 196.1461
144 496 -0.3674 -0.3996 190.9794
176 496 -0.6754 -0.2755 180.6776
208 496 -0.6418 -0.2677 119.6123
240 496 -0.2694 -0.4013 199.7982
272 496 -0.2483 -0.1461 32.5899
304 496 -0.2752 -0.3688 60.4443
336 496 -0.1766 -0.1996 185.5578
368 496 -0.1698 -0.1604 142.9965
400 496 -0.1000 -0.1116 41.0967
432 496 -0.0400 -0.0759 168.1126
464 496  0.0042 -0.0314 173.6353
496 496  0.0105 -0.0152 142.1965
528 496 -0.0914  0.0968 178.6715
560 496 -0.0162  0.0593 43.3152
592 496  0.1038  0.0474 72.1017
624 496 -0.0127  0.0702 88.4480
656 496  0.0020  0.0351 118.8290
 16 528 -0.1359 -0.1911 17.2385
 48 528 -0.2861 -0.2292 88.9128
 80 528 -0.6506 -0.4325 174.5907
112 528 -0.8108 -0.6928 108.5224
144 528 -0.7949 -0.5469 272.5977
176 528 -0.2726 -0.4485 35.2725
208 528 -0.3092 -0.3698 56.6311
240 528 -0.4121 -0.3681 65.6980
272 528 -0.5309 -0.6284 101.0367
304 528 -0.3520 -0.4455 198.2848
336 528 -0.1412 -0.2765 285.7259
368 528 -0.2416 -0.4666 188.1142
400 528 -0.0811 -0.1717 64.2000
432 528 -0.0333 -0.1440 135.6196
464 528  0.0066 -0.1093 174.8162
496 528  0.0173 -0.0043 215.0271
528 528  0.0282  0.0102 41.0927
560 528  0.0393  0.0279 183.5019
592 528 -0.0425  0.0329 242.0955
624 528  0.0360  0.1206 135.8475
656 528 -0.0299  0.0660 102.4423
 16 560 -0.6895 -0.2053 36.3092
 48 560 -0.2984 -0.1878 45.2800
 80 560 -0.4199 -0.6004 70.1903
112 560 -0.7313 -0.9194 73.3356
144 560 -0.3138 -0.1959 17.8989
176 560 -0.7286 -0.6154 168.9274
208 560 -1.3726 -1.1860 153.6496
240 560 -0.7374 -0.5390 139.6337
272 560 -0.7487 -0.5736 260.2945
304 560 -0.6809 -1.0895 124.2093
336 560 -0.4312 -0.6379 103.9222
368 560 -0.1458 -0.5424 216.9264
400 560 -0.0674 -0.2234 119.0681
432 560 -0.0404 -0.2780 236.8011
464 560  0.0643 -0.0922 119.9611
496 560  0.0422  0.0029 248.9627
528 560  0.0554 -0.0239 203.4324
560 560  0.0300  0.1002 72.2368
592 560  0.0839  0.1089 199.8588
624 560 -0.0030  0.0407 56.8555
656 560 -0.0016  0.1228 104.2314
 16 592 -0.4530 -0.1443 84.1693
 48 592 -0.6291 -0.3644 79.1923
 80 592 -0.5515 -0.2839 115.6145
112 592 -0.3272 -0.2801 12.3160
144 592 -0.9860 -0.7312 74.9161
176 592 -0.9408 -1.2761 116.6572
208 592 -0.4127 -0.8270 74.1579
240 592 -0.6277 -1.0404 164.0102
272 592 -0.6133 -0.6580 313.7755
304 592 -0.5860 -0.8375 17.8370
336 592 -0.2685 -0.4944 73.4957
368 592 -0.2860 -0.7059 117.5833
400 592 -0.0585 -0.5288 92.6598
432 592  0.1486 -0.2487 40.6292
464 592  0.2048 -0.2371 193.3058
496 592  0.1161 -0.0721 38.5903
528 592  0.1698  0.0186 159.0949
560 592  0.1253  0.0671 150.6886
592 592  0.1383  0.1316 68.9759
624 592  0.0168  0.1333 178.9007
656 592 -0.0092  0.1959 194.8431
 16 624 -0.0440 -0.0110 16.0213
 48 624 -0.6696 -0.5304 30.6168
 80 624 -0.5804 -0.2868 30.9175
112 624 -1.0294 -1.1194 174.9589
144 624 -0.2297 -0.0774 29.8911
176 624 -0.9055 -0.7547 221.0122
208 624 -1.2693 -0.7471 159.6414
240 624 -0.9090 -0.9897 136.9685
272 624 -0.7975 -0.8893 25.8064
304 624 -0.7895 -0.5870 127.8094
336 624 -0.7364 -1.0955 114.4560
368 624 -0.0629 -1.2508 209.8740
400 624  0.0555 -0.9978 38.8259
432 624  0.2456 -0.5850 47.4743
464 624  0.5794 -0.2755 121.0788
496 624  0.5886 -0.0668 145.4973
528 624  0.4530 -0.0119 101.1510
560 624  0.4123  0.1324 92.7689
592 624  0.1609  0.1863 71.6672
624 624  0.0005  0.3049 146.8833
656 624 -0.0176  0.3182 217.6494
 16 656 -0.5410 -0.1214 121.5900
 48 656 -0.8714 -0.0524 112.5850
 80 656 -0.4598 -0.4260 129.4823
112 656 -0.6965 -0.3555 175.4071
144 656 -1.0900 -0.5768 118.4590
176 656 -1.2699 -0.5987 69.9846
208 656 -0.4371 -0.9433 198.8631
240 656 -0.2975 -0.7644 55.0865
272 656 -0.9569 -1.3577 301.6568
304 656 -0.3639 -0.8850 135.4433
336 656 -0.4667 -1.1604 114.0897
368 656  0.0736 -0.4800 44.2701
400 656  0.3218 -1.3028 24.9255
432 656  0.2687 -1.0016 82.9552
464 656  0.7654 -0.7256 212.7087
496 656  1.0069 -0.2408 83.2440
528 656  0.7040  0.2128 103.8344
560 656  0.6216  0.4688 82.7855
592 656  0.3385  0.3929 111.1480
624 656  0.2038  0.5486 147.5132
656 656  0.0903  0.5141 125.4886
 16 688 -0.2829 -0.0856 97.6632
 48 688 -0.1226 -0.1350 23.6203
 80 688 -0.8916 -0.2201 225.2123
112 688 -0.2660 -0.2276 136.6047
144 688 -0.9353 -0.3846 165.0915
176 688 -1.0054 -0.6441 101.0790
208 688 -0.9621 -0.7904 123.9099
240 688 -1.2330 -0.9823 161.1195
272 688 -0.0780 -0.0385 14.8124
304 688 -0.8714 -1.1951 97.5758
336 688 -0.8804 -2.7244 40.1744
368 688 -0.1363 -2.0671 32.4194
400 688 -1.8222 -1.5249 108.2776
432 688 -0.2253 -0.8672 40.5677
464 688 -0.0744 -0.1878 15.6680
496 688  0.1941 -0.1641 41.8108
528 688  0.5257  0.0440 95.0066
560 688  0.4500  0.1711 25.4371
592 688  0.4394  0.2079 59.6923
624 688  0.2284  0.7043 131.4434
656 688  0.2180  0.8396 87.1375
 16 720 -0.1345 -0.0578 102.5915
 48 720 -0.1843 -0.1564 60.5755
 80 720 -0.6434 -0.6405 78.3390
112 720 -0.8981 -1.1792 77.2540
144 720 -0.3577 -0.3426 64.3323
176 720 -0.4142 -0.2301 21.9848
208 720 -1.0674 -0.9030 40.3214
240 720 -1.6181 -1.6510 209.6924
272 720 -1.2509 -1.2808 142.9566
304 720 -1.1527 -1.1324 47.0358
336 720  0.0462 -0.1531  9.0850
368 720 -0.0258 -0.0404 12.0953
400 720 -2.9616 -0.5395 107.1618
432 720 -2.7272 -0.2495 27.9335
464 720 -1.3870 -1.1469 93.5831
496 720 -1.0716 -0.8114 143.1424
528 720 -0.2738 -0.3817 101.6302
560 720  0.1660  0.0761 113.7198
592 720  0.3471  0.6451 39.9827
624 720  0.3222  0.8132 34.2631
656 720  0.0738  0.3753 100.5878
 16 752 -0.0343 -0.0059 223.8394
 48 752 -0.1603  0.0112 47.6127
 80 752 -0.1562 -0.0647 116.5634
112 752 -0.4493 -0.0979 216.0739
144 752 -0.3439 -0.2475 248.0859
176 752 -0.5861 -0.4553 138.9988
208 752 -0.6563 -0.4832 39.9839
240 752 -1.5685 -1.0278 44.5412
272 752 -2.2908 -1.6967 95.9603
304 752 -0.8764 -0.6299 25.6685
336 752 -0.0170  0.0620 13.7540
368 752 -0.1834  0.2441 42.4476
400 752 -0.0997  0.3390  7.6839
432 752 -0.4487  0.4132 45.1278
464 752 -3.2487 -1.5892 106.2078
496 752  3.5164 -0.6756 19.3171
528 752 -2.1056 -1.2027 123.9891
560 752 -1.1043 -0.2022 39.9721
592 752 -0.4837  0.3202 154.4029
624 752  0.0161  0.4929 25.3914
656 752  0.2644  0.2986 176.5114
 16 784 -0.0495 -0.0445 157.6938
 48 784 -0.1284 -0.0067 176.0130
 80 784 -0.4071 -0.0451 79.6347
112 784 -0.1652 -0.0712 238.7904
144 784 -0.3911 -0.0890 80.7399
176 784 -0.8191 -0.4003 299.0258
208 784 -1.0011 -0.6053 16.9470
240 784 -1.6479 -0.8154 47.5080
272 784 -2.5454 -1.4183 26.8334
304 784 -2.7791 -2.2040 99.2223
336 784 -3.0041 -1.9106 14.5862
368 784 -0.2528  0.3438 10.5469
432 784 -0.1642  0.2497  4.4234
464 784 -0.3789  0.3749 10.9830
496 784 -0.2136  0.1062 74.9399
528 784 -0.7603 -1.2360 44.7510
560 784 -1.3794 -0.7354 47.9637
592 784 -0.4054  0.0761 163.2113
624 784  0.0002  0.1149 88.1023
656 784 -0.0035  0.4480 44.2342
 16 816 -0.0128 -0.0172 37.3557
 48 816 -0.0450 -0.0396 117.9295
 80 816 -0.0196  0.0124 16.9837
112 816 -0.1756 -0.0327 152.6372
144 816 -0.1524 -0.0715 203.1465
176 816 -0.1360 -0.0412 13.3627
208 816 -0.8782 -0.1127 18.9773
240 816 -1.2396 -0.0863 145.3468
272 816 -1.8748 -0.4350 13.1356
304 816 -2.6684 -2.0475 18.4552
336 816  0.0307 -0.1072 31.2903
368 816 -0.1288  0.0391  6.7978
496 816 -0.2386  0.2573  6.9595
528 816 -1.0055 -1.2146 66.9015
560 816 -0.9323 -0.7962 59.0649
592 816 -0.2880 -0.2200 121.5251
624 816 -0.1388 -0.1759 87.5073
656 816  0.1247 -0.1117 47.3609
 16 848 -0.0051  0.0001 204.1920
 48 848 -0.0327 -0.0064 167.6907
 80 848 -0.0302  0.0092 139.4175
112 848 -0.2113 -0.0427 263.5638
144 848 -0.2556 -0.1277 49.2607
176 848 -0.2934 -0.0432 111.8234
208 848 -1.2360 -0.0113 97.4099
240 848 -1.0379  0.1548 132.0981
272 848 -0.0062  0.0101 14.8047
304 848 -0.8395 -3.1504 11.7861
336 848  0.1718 -0.3508 18.5437
496 848 -0.0164  0.0250  4.0474
528 848 -0.0737  0.0938 39.6280
560 848 -0.4929 -0.5541 29.3744
592 848 -0.0209 -0.0300 46.9993
624 848 -0.1470 -0.3445 107.7878
656 848  0.0136 -0.0045 35.2076
 16 880 -0.0035 -0.0015 36.0300
 48 880 -0.0050  0.0353 103.2475
 80 880 -0.0057 -0.0130 221.7371
112 880 -0.0163  0.0072 347.0924
144 880 -0.0524  0.0395 83.4207
176 880 -0.1575  0.0861 81.0243
208 880 -0.7419  0.1697 31.8977
240 880 -0.4884  0.0098 150.2602
272 880 -0.6242 -0.6322 124.0536
304 880 -0.4365 -0.5307 10.2748
336 880  0.0635 -0.2914 38.6774
368 880  0.1897 -0.1845  5.6618
528 880 -0.0366  0.0412 13.6628
560 880  0.0791 -0.0424 16.5491
592 880  0.0781 -0.0152  6.4342
624 880  0.0623  0.0009 24.7107
656 880  0.0238  0.0097 12.1572
 16 912  0.0410  0.0074 99.5179
 48 912  0.0682 -0.0121 70.2679
 80 912 -0.0007  0.0355 130.4873
112 912  0.0020  0.0295 199.0949
144 912 -0.0198  0.0468 72.0927
176 912 -0.0411  0.0813 122.8165
208 912 -0.0866  0.1238 31.3366
240 912 -0.1943  0.4313 177.5244
272 912 -0.4907  0.0412 32.1176
304 912 -0.8758 -0.9668 77.8421
336 912 -1.2827 -2.5214 65.7536
368 912  0.1289 -0.1380 83.7142
400 912  0.1696 -0.1393  5.2279
528 912  0.0050 -0.0050  4.3854
560 912  0.0038  0.0055  5.7399
592 912  0.1210  0.0651  4.0960
624 912  0.0047 -0.0025  7.1921
656 912  0.0477  0.0068  6.1136
 16 944  0.0560  0.0029 41.0220
 48 944 -0.0003  0.0226 29.8376
 80 944  0.0431  0.0404 251.6535
112 944 -0.0209  0.0131 349.3053
144 944 -0.0087  0.0442 250.3375
176 944  0.0094  0.1722 373.7459
208 944 -0.0072  0.2246 74.6838
240 944 -0.1134  0.2452 82.7222
272 944 -0.0709  0.2130 75.5100
304 944 -0.5383 -1.1511 46.0938
336 944 -0.2963 -1.2348 90.1502
368 944  0.0176  0.0174 17.2430
400 944  0.0533 -0.0520 35.1582
432 944  0.0141 -0.0193  9.4696
464 944  0.0094  0.0052  8.3746
496 944 -0.0002 -0.0072  7.2673
528 944 -0.0125  0.0070  4.2358
624 944  0.0385 -0.0380  4.5363
656 944  0.0704  0.0197  4.4958
 16 976  0.0364  0.0094 15.5442
 48 976  0.0310  0.0259 93.5496
 80 976  0.0702  0.0723 40.8555
112 976  0.0701  0.0167 220.8895
144 976  0.0081  0.0398 373.3404
176 976  0.0468  0.1948 246.0294
208 976  0.0440  0.0789 82.8229
240 976  0.1416  0.1180 122.3528
272 976  0.2109  0.1152 71.3312
304 976  0.0863 -0.3571 78.6989
336 976 -0.0539 -1.0409 59.8144
368 976 -0.0280 -0.0788 10.4170
400 976 -0.0222 -0.0447 11.2245
432 976 -0.0494 -0.1093 15.9434
464 976 -0.0090 -0.0338 37.9498
496 976  0.0160 -0.0291  8.1193
528 976  0.0160  0.0181  4.8161
 16 1008  0.0261  0.0325 13.5871
 48 1008  0.1388  0.0185 99.4737
 80 1008  0.0875  0.0208 167.0378
112 1008  0.0394  0.0404 141.2806
144 1008  0.0708  0.0284 263.9998
176 1008  0.0460  0.0368 201.5133
208 1008  0.0624  0.0542 297.8147
240 1008  0.2287 -0.0034 57.3886
272 1008  0.5646 -0.0259 216.0716
304 1008  0.1366 -0.1413 89.7386
336 1008  0.0933 -1.3182 194.8817
368 1008 -0.0476 -0.9572 37.3605
400 1008 -0.0441 -0.0124 12.0936
432 1008 -0.2153 -0.6562 15.6999
464 1008 -0.0441 -0.0988 15.0455
496 1008  0.0035 -0.0140 23.4230
528 1008 -0.0153 -0.0411 11.1044
560 1008  0.0140 -0.0528  6.3006
 16 1040  0.0534  0.0114 241.4292
 48 1040  0.0901 -0.0031 23.9341
 80 1040  0.0919  0.0411 201.2341
112 1040  0.0633  0.0191 98.4166
144 1040  0.1315  0.0348 162.1948
176 1040  0.2462 -0.0027 262.7206
208 1040  0.1192  0.0027 24.6837
240 1040  0.2421  0.0022 65.5644
272 1040  0.1380 -0.0786 79.4595
304 1040  0.3156 -0.2023 26.4224
336 1040  0.2303 -0.4852 62.8772
368 1040  0.0649 -0.3654 109.1729
400 1040 -0.0030 -0.1675 16.3522
432 1040 -0.0050 -0.1268 11.7240
464 1040 -0.0751 -0.1532 39.1513
496 1040 -0.0036  0.0021 17.3480
528 1040  0.0012 -0.0071 11.4319
560 1040  0.0043 -0.0023 11.9038
592 1040  0.0843  0.0019  5.3777
 16 1072  0.0082  0.0403 150.9720
 48 1072  0.1288  0.0281 193.9312
 80 1072  0.1233 -0.0405 256.4039
112 1072  0.1686  0.0091 134.6631
144 1072  0.0738 -0.0313 32.7158
176 1072  0.1961 -0.0037 50.0723
208 1072  0.0333 -0.0053 187.3660
240 1072  0.7952 -0.0209 123.4339
272 1072  0.4857 -0.1595 84.8013
304 1072  0.9743 -0.3348 144.3494
336 1072  0.3584 -0.3769 110.8557
368 1072  0.1035 -0.4397 73.4902
400 1072 -0.0101 -0.0134 12.7706
432 1072  0.0123 -0.0060 19.6407
464 1072  0.0073 -0.0154  9.3843
496 1072 -0.0102 -0.0370 13.3777
528 1072 -0.0206 -0.1406 11.3596
560 1072 -0.0006 -0.0191  7.8321
592 1072 -0.0042 -0.0326  9.2401
624 1072 -0.0242 -0.0211  5.0903
656 1072 -0.0029 -0.0029  4.4903
 16 1104  0.0771  0.0242 25.4184
 48 1104  0.1869  0.0029 104.5335
 80 1104  0.0273 -0.0051 215.7969
112 1104  0.0338  0.0203 126.4969
144 1104  0.2411  0.0042 78.1039
176 1104  0.1253  0.0080 69.1477
208 1104  0.3136 -0.0730 44.6455
240 1104  0.0666 -0.0501 218.3849
272 1104  0.0772 -0.1566 126.0725
304 1104  0.1802 -0.3080 105.1163
336 1104  0.1859 -0.2630 72.1635
368 1104  0.0472 -0.1900 79.1264
400 1104 -0.0033 -0.0180 17.7696
432 1104 -0.0031 -0.0257 17.9432
464 1104  0.0275 -0.2255 20.0085
496 1104  0.0214 -0.0040 14.3245
528 1104  0.0115 -0.0183 10.9876
560 1104 -0.0611 -0.0447 13.4835
592 1104  0.0095 -0.0085 10.0904
624 1104 -0.0191 -0.0189 10.1127
656 1104  0.0144 -0.0158  8.1794
 16 1136  0.0046 -0.0009 14.3889
 48 1136  0.1194  0.0637 46.5846
 80 1136  0.1687  0.0143 90.0501
112 1136  0.0833  0.0077 32.2840
144 1136  0.3033 -0.0412 53.5633
176 1136  0.1020  0.0187 189.2736
208 1136  0.0116 -0.2057 101.1263
240 1136  0.1169 -0.0577 77.9486
272 1136  0.1154 -0.1205 103.5650
304 1136  0.0916 -0.0977 64.4861
336 1136  0.1978 -0.2247 155.1278
368 1136  0.2574 -0.2240 159.5139
400 1136  0.0027 -0.0176 19.3237
432 1136  0.0256 -0.0219 11.3948
464 1136  0.0098 -0.0503 18.2395
496 1136  0.0193  0.0012 13.2179
528 1136  0.0365 -0.0185 14.6274
560 1136 -0.0261 -0.0300 10.5900
592 1136 -0.1017 -0.0026 12.7644
624 1136  0.0258 -0.0058 13.4254
656 1136 -0.0249 -0.0008 17.8408
 16 1168  0.0309  0.0284 16.8309
 48 1168  0.0197 -0.0197 17.9293
 80 1168  0.2822 -0.0371 64.7970
112 1168  0.2511 -0.0171 102.3292
144 1168  0.0641 -0.0194 170.2596
176 1168  0.0776 -0.0337 204.4570
208 1168  0.1825 -0.1306 64.5481
240 1168  0.1350 -0.0650 67.9204
272 1168  0.0803 -0.1351 140.5611
304 1168  0.1479 -0.0877 145.9698
336 1168  0.0711 -0.1285 155.8997
368 1168  0.0409 -0.0662 58.1817
400 1168 -0.0404 -0.0282 14.6406
432 1168  0.0067 -0.1661 16.1411
464 1168  0.1305 -0.0105 30.1919
496 1168  0.0285 -0.0170 13.1097
528 1168 -0.0197 -0.0127 19.2726
560 1168  0.0250  0.0088 13.1958
592 1168  0.0306  0.0071 10.7892
624 1168 -0.0068 -0.0001 14.6768
656 1168  0.0030  0.0196 13.0402
 16 1200  0.0413  0.0053 16.3858
 48 1200  0.0733  0.0106 17.9432
 80 1200 -0.0020 -0.0228 14.2728
112 1200  0.0145 -0.0038 170.7900
144 1200  0.0537  0.0006 29.7370
176 1200  0.0981 -0.0643 138.2336
208 1200  0.1082 -0.0381 48.2847
240 1200  0.2042 -0.1193 52.5118
272 1200  0.1453 -0.0821 74.7172
304 1200  0.0887 -0.1614 33.9499
336 1200  0.0834 -0.1502 191.1127
368 1200  0.0660 -0.1616 196.3861
400 1200 -0.0122  0.0122 14.3102
432 1200  0.0144 -0.0149 15.7791
464 1200  0.0010 -0.0095 13.9288
496 1200  0.0009 -0.0257 16.3798
528 1200 -0.0071  0.0156 21.0514
560 1200  0.0008 -0.0185 14.8691
592 1200  0.0003  0.0075 13.9740
624 1200 -0.0117 -0.1426 27.5904
656 1200  0.0068 -0.0013 16.7727
  0   0 -0.0920 -0.0335  0.0000
  0   0 -0.0919 -0.1290  0.0000
  0   0  0.0230 -0.0324  0.0000
  0   0 -0.0059  0.0564  0.0000
  0   0 -0.0755  0.0920  0.0000
  0   0 -0.0853  0.1334  0.0000
  0   0 -0.1086  0.1629  0.0000
  0   0 -0.1593  0.1906  0.0000
  0   0 -0.1305  0.1810  0.0000
  0   0 -0.0142  0.1057  0.0000
  0   0  0.0482  0.0524  0.0000
  0   0  0.0155  0.0118  0.0000
  0   0  0.0271  0.0041  0.0000
  0   0  0.1009 -0.0101  0.0000
  0   0  0.2150 -0.0686  0.0000
  0   0  0.3120 -0.1098  0.0000
  0   0  0.3763 -0.1937  0.0000
  0   0  0.3122 -0.2364  0.0000
  0   0  0.1850 -0.3115  0.0000
  0   0  0.0615 -0.3034  0.0000
  0   0 -0.0814 -0.2267  0.0000
  0   0 -0.1692 -0.0505  0.0000
  0   0 -0.1351  0.0116  0.0000
  0   0 -0.1237  0.0388  0.0000
  0   0 -0.1395  0.0557  0.0000
  0   0 -0.1522  0.0844  0.0000
