VARIABLES= "X pix", "Y pix", "U pix/dt", "V pix/dt", "CHC", ZONE I=21, J=30
 16 272 -0.1001 -0.1957 235.7469
 48 272 -0.0820 -0.1063 203.2199
 80 272 -0.0326 -0.0627 398.5335
112 272 -0.0565 -0.1333 258.0059
144 272 -0.0387 -0.1011 62.3855
176 272 -0.0281 -0.0399 210.2653
208 272 -0.0216 -0.1157 288.8820
240 272 -0.0169 -0.0427 320.1815
272 272  0.0018 -0.0214 132.5847
304 272  0.0320 -0.0482 231.5651
336 272  0.0341  0.0081 319.6369
368 272  0.0422  0.0100 53.1227
400 272  0.0160  0.0337 110.4313
432 272  0.0415  0.0566 133.5821
464 272  0.0113  0.0276 200.2578
496 272  0.0389  0.0930 137.5135
528 272  0.0308  0.0706 215.9889
560 272  0.0120  0.0359 36.6445
592 272  0.0501  0.0631 90.7139
624 272  0.0572  0.0589 103.3024
656 272  0.0790  0.0289 167.4431
 16 304 -0.2434 -0.1695 190.1556
 48 304 -0.0933 -0.2159 77.8467
 80 304 -0.1298 -0.1835 220.4122
112 304 -0.1034 -0.1616 208.4126
144 304 -0.2563 -0.0832 193.6295
176 304 -0.0588 -0.0988 156.9126
208 304 -0.0232  0.0042 176.7138
240 304 -0.0398  0.0099 166.5466
272 304 -0.0114 -0.0461 412.4480
304 304  0.0337 -0.0222 221.8603
336 304  0.0322  0.0576 71.9667
368 304  0.0173  0.0014 253.9288
400 304  0.0537  0.0127 75.8227
432 304  0.0556  0.0260 67.0051
464 304  0.0474  0.0352 314.3519
496 304  0.0351  0.0377 164.6548
528 304  0.1060  0.0802 74.7150
560 304  0.1059  0.0413 408.9993
592 304  0.0675  0.0574 121.4965
624 304  0.0556  0.0444 134.4559
656 304  0.0588  0.0192 136.3156
 16 336 -0.0288 -0.0868 55.1000
 48 336 -0.2617 -0.2028 30.3511
 80 336 -0.0813 -0.1606 348.8180
112 336 -0.3145 -0.1070 39.1269
144 336 -0.0432 -0.1937 35.3890
176 336 -0.1074 -0.0718 279.4318
208 336 -0.0758 -0.1981 333.5237
240 336 -0.0209 -0.0382 195.8475
272 336  0.0055 -0.0915 225.8464
304 336 -0.0183 -0.0440 326.7888
336 336  0.0081 -0.0026 148.8443
368 336  0.0214  0.0341 130.6539
400 336  0.0347  0.0090 118.7128
432 336  0.0466  0.0432 224.2372
464 336  0.0652  0.0374 212.4783
496 336  0.0779  0.0739 150.5923
528 336  0.0187  0.0540 78.0211
560 336  0.1267  0.0363 237.1035
592 336  0.0063  0.1239 51.6646
624 336  0.0776  0.0636 127.5288
656 336  0.0505  0.0352 94.4781
 16 368 -0.1558 -0.2391 81.9827
 48 368 -0.1266 -0.1186 186.5836
 80 368 -0.1621 -0.3517 166.2511
112 368 -0.6266 -0.0090 148.5545
144 368 -0.2028 -0.2438 101.3557
176 368 -0.1020 -0.1029 267.0000
208 368 -0.1787 -0.1734 90.0310
240 368 -0.0611 -0.1793 268.3355
272 368 -0.0149 -0.1298 45.2058
304 368 -0.0371 -0.0377 243.2700
336 368 -0.0302 -0.0686 228.4565
368 368  0.0144 -0.0092 161.3166
400 368  0.0470  0.0237 95.8783
432 368  0.0317  0.0178 41.2523
464 368  0.0229  0.0401 251.9416
496 368  0.0465  0.0347 54.9985
528 368  0.0471  0.0596 210.5868
560 368  0.0345  0.0590 154.0842
592 368  0.0328  0.0482 169.1263
624 368  0.0517  0.0665 125.9289
656 368  0.0139  0.0186 89.7701
 16 400 -0.1413 -0.1448 193.4741
 48 400 -0.1059 -0.2309 358.3930
 80 400 -0.0282 -0.1121 67.3801
112 400  0.0142 -0.1062 141.0213
144 400 -0.0353 -0.2798 26.5926
176 400 -0.0588 -0.0959 141.4929
208 400 -0.0403 -0.0954 169.9951
240 400 -0.1333 -0.2170 52.0330
272 400 -0.0814 -0.1088 54.5190
304 400 -0.0175 -0.0901 137.0848
336 400 -0.0099 -0.0262 220.1163
368 400  0.0051 -0.0203 159.7353
400 400  0.0198  0.0089 141.5274
432 400  0.0204  0.0424 180.5581
464 400  0.0562  0.0420 124.3300
496 400  0.0360  0.0322 189.8393
528 400  0.1015  0.0515 158.3723
560 400  0.0477  0.0736 100.8856
592 400  0.0899  0.0384 181.1692
624 400  0.0452  0.0142 171.4468
656 400  0.0240  0.0269 161.2355
 16 432 -0.0956 -0.6627 139.3230
 48 432 -0.0708 -0.0740 30.9104
 80 432 -0.1552 -0.4333 133.9103
112 432 -0.1294 -0.2487 198.2226
144 432 -0.1165 -0.4562 167.4416
176 432 -0.1209 -0.4055 194.0555
208 432 -0.1630 -0.2448 70.1184
240 432 -0.1404 -0.3299 143.4027
272 432 -0.1799 -0.0985 123.6492
304 432 -0.0584 -0.0742 65.9733
336 432  0.0236 -0.0642 113.5354
368 432 -0.0234 -0.0350 141.2511
400 432 -0.0006  0.0012 275.1024
432 432  0.0124  0.0068 164.2409
464 432  0.0145  0.0258 122.6025
496 432  0.0747  0.0316 35.9266
528 432  0.0446  0.0597 141.5076
560 432  0.0584  0.0246 95.2851
592 432  0.0779  0.0091 108.1434
624 432  0.0724  0.0003 100.9468
656 432  0.0805 -0.0031 85.9263
 16 464 -0.2260 -0.4701 27.4074
 48 464 -0.3759 -0.7015 156.3478
 80 464 -0.4440 -0.2951 156.1762
112 464 -0.1778 -0.2555 145.5952
144 464 -0.2173 -0.5530 124.9896
176 464 -0.0782 -0.2366 321.0774
208 464 -0.3006 -0.2491 143.0762
240 464 -0.2689 -0.3506 224.2822
272 464 -0.1317 -0.2275 68.3310
304 464 -0.0057 -0.0584 92.2863
336 464 -0.0407 -0.0994 114.7732
368 464 -0.0119 -0.0333 147.9777
400 464 -0.0047 -0.0326 112.5806
432 464  0.0137  0.0379 71.4253
464 464 -0.0054 -0.0051 216.7283
496 464  0.0151  0.0201 72.4560
528 464  0.0144  0.0548 168.8207
560 464  0.0100  0.0646 168.0764
592 464  0.0674  0.0287 174.4793
624 464  0.0794  0.0421 118.3930
656 464  0.1062 -0.0212 241.3454
 16 496 -0.1326 -0.2138 28.2320
 48 496 -0.1145 -0.1464 102.8689
 80 496 -0.2604 -0.2604 152.6597
112 496 -0.1339 -0.3089 26.7311
144 496 -0.5492 -0.5958 201.0104
176 496 -0.2287 -0.7259 176.4199
208 496 -0.6232 -0.1986 148.1229
240 496 -0.2912 -0.2190 76.9198
272 496 -0.2737 -0.3618 159.6958
304 496 -0.1585 -0.2042 170.8418
336 496 -0.0181 -0.0568 12.2374
368 496 -0.0656 -0.0239 226.9189
400 496 -0.0385 -0.0164 128.9529
432 496  0.0107 -0.0908 172.3139
464 496 -0.0173 -0.0010 120.9612
496 496 -0.0113 -0.0277 240.5453
528 496  0.0257  0.0539 68.2287
560 496  0.0564  0.0132 92.2490
592 496  0.0390 -0.0069 149.8985
624 496  0.0375 -0.0056 125.0372
656 496  0.1225 -0.0049 136.1626
 16 528 -0.2376 -0.2047 105.9047
 48 528 -0.1862 -0.2882 114.7552
 80 528 -0.3107 -0.3055 255.9223
112 528 -0.6217 -0.4364 166.1448
144 528 -0.7122 -0.4315 55.1478
176 528 -0.4231 -0.5982 76.2986
208 528 -0.5396 -0.4744 151.7059
240 528 -0.6658 -0.4174 151.3525
272 528 -0.1420 -0.2772 345.5922
304 528 -0.4655 -0.2319 80.0939
336 528 -0.1303 -0.1207 75.9324
368 528 -0.0934 -0.0600 295.1956
400 528 -0.2464 -0.0652 171.0144
432 528 -0.1098 -0.0194 147.3781
464 528 -0.0483 -0.0136 207.2144
496 528  0.0009 -0.0056 95.8636
528 528 -0.0015 -0.0706 182.3584
560 528  0.0337 -0.0674 52.9893
592 528 -0.0894 -0.0390 132.0915
624 528  0.0818 -0.0491 128.9972
656 528  0.0527 -0.0412 52.0933
 16 560 -0.1720 -0.2661 26.5240
 48 560 -0.7292 -0.4834 136.0111
 80 560 -1.2095 -0.7057 191.9367
112 560 -0.6037 -0.6724 166.6324
144 560 -0.4512 -0.6298 212.5740
176 560 -0.8385 -0.6941 65.6579
208 560 -0.9226 -0.6969 22.9567
240 560 -0.2951 -0.5491 158.4065
272 560 -0.4019 -0.5287 54.0898
304 560 -0.2123 -0.1850 36.7224
336 560 -0.0898 -0.1529 55.6991
368 560 -0.2828 -0.1759 185.2952
400 560 -0.1139 -0.0913 36.6793
432 560 -0.1032 -0.0736 165.4158
464 560 -0.1572 -0.0317 52.2708
496 560 -0.1019 -0.0433 126.8122
528 560 -0.0287 -0.0628 189.9240
560 560 -0.0118 -0.1155 216.0399
592 560  0.0981 -0.0516 141.4311
624 560  0.0709 -0.0850 70.1837
656 560  0.1295 -0.1119 93.0057
 16 592 -0.0871 -0.1209 27.6758
 48 592 -0.7716 -0.1883 146.6747
 80 592 -0.7976 -0.4423 168.9323
112 592 -0.8724 -0.6406 85.8600
144 592 -0.8352 -0.7770 27.6370
176 592 -0.7782 -0.8122 68.6495
208 592 -0.6040 -0.5517 205.3535
240 592 -0.7026 -0.6276 157.6001
272 592 -0.4438 -0.3756 29.1064
304 592 -0.3436 -0.2404 142.1857
336 592 -0.2374 -0.1132 76.9252
368 592 -0.3296 -0.1572 169.1991
400 592 -0.1149 -0.0627 16.5700
432 592 -0.2775 -0.0652 237.6584
464 592 -0.2038 -0.0714 140.2586
496 592 -0.1888 -0.1120 219.2021
528 592 -0.1839 -0.0727 234.6325
560 592  0.0131 -0.1360 60.9499
592 592  0.0663 -0.1992 89.1046
624 592  0.1151 -0.1489 51.9288
656 592  0.2504 -0.1869 157.5640
 16 624 -0.0882 -0.1140 25.4407
 48 624 -0.6208 -0.4115 91.1388
 80 624 -0.5351 -0.3273 222.2399
112 624 -0.5501 -0.6496 80.7499
144 624 -0.9531 -0.7993 97.5066
176 624 -0.9698 -0.8684 238.8884
208 624 -0.8643 -0.8439 84.0762
240 624 -0.9803 -0.8613 69.3988
272 624 -0.7840 -0.6215 89.6291
304 624 -0.4364 -0.1541 92.0256
336 624 -0.1519 -0.1019 21.9579
368 624 -0.2502 -0.1203 144.9139
400 624 -0.2462 -0.0788 179.7298
432 624 -0.3727 -0.0842 126.6254
464 624 -0.2039 -0.1002 99.5110
496 624 -0.2274 -0.1755 112.4540
528 624 -0.2333 -0.0952 139.3021
560 624 -0.0758 -0.3183 61.7935
592 624  0.0568 -0.2872 72.2444
624 624  0.2155 -0.2174 156.8926
656 624  0.1759 -0.2820 67.9957
 16 656 -0.0603 -0.0678 248.0046
 48 656 -0.1130 -0.6735 62.4148
 80 656 -0.3347 -0.1771 171.0201
112 656 -0.9652 -0.4471 83.4338
144 656 -0.5984 -0.2754 104.7676
176 656 -0.7556 -0.5350 102.4539
208 656 -0.9265 -0.9098 44.1063
240 656 -0.4092 -0.3168 150.4831
272 656 -0.8567 -0.4914 182.0211
304 656 -0.5272 -0.3920 33.3653
336 656 -0.4810 -0.2605 130.0836
368 656 -0.4795 -0.1099 94.2230
400 656 -0.4362 -0.1479 169.6355
432 656 -0.2307 -0.0624 244.4660
464 656 -0.2028 -0.0599 89.1576
496 656 -0.0897 -0.3730 77.0184
528 656  0.0651 -0.3814 96.4117
560 656  0.0399 -0.5172 158.0347
592 656  0.0728 -0.4618 92.2084
624 656  0.0767 -0.5293 80.7606
656 656  0.0743 -0.1780 46.4541
 16 688 -0.0405 -0.0283 69.2975
 48 688 -0.1034 -0.1031 197.9047
 80 688 -0.1689 -0.1964 117.1240
112 688 -0.2200 -0.2209 21.0510
144 688 -0.7367 -0.1943 111.1879
176 688 -0.2105 -0.1870 20.8975
208 688 -0.8206 -0.7708 112.9028
240 688 -0.7149 -0.6789 294.2411
272 688 -0.8213 -0.9477 89.3261
304 688 -0.5940 -0.4050 16.6049
336 688 -0.6149 -0.5711 310.4618
368 688 -0.3123 -0.1936 134.1512
400 688 -0.3245 -0.1509 149.0901
432 688 -0.0410 -0.0159 90.6689
464 688  0.0696 -0.0861 95.4960
496 688  0.0496 -0.3609 120.9375
528 688  0.1114 -0.5534 167.3271
560 688  0.1301 -0.3272 31.7334
592 688  0.2483 -0.4099 34.7436
624 688  0.1279 -0.3608 50.2220
656 688  0.0675 -0.2537 165.3716
 16 720  0.0189 -0.0147 13.3960
 48 720 -0.0615 -0.1027 89.4467
 80 720 -0.0672 -0.1554 60.1327
112 720 -0.1704 -0.1892 294.9366
144 720 -0.3342 -0.2450 197.1248
176 720 -0.1304 -0.2465 163.1346
208 720 -0.6055 -1.0742 53.8369
240 720 -0.6898 -0.6989 145.5533
272 720 -0.3263 -0.3153 100.1326
304 720 -0.5357 -0.6709 105.9133
336 720 -0.2091 -0.1774 76.3863
368 720 -0.0474 -0.1520 212.7727
400 720  0.1577 -0.0924 118.9708
432 720  0.2873 -0.1047 76.6860
464 720  0.6741 -0.1383 174.0312
496 720  1.1981 -0.8459 82.1951
528 720  0.2874 -0.4390 58.4896
560 720  0.0714 -0.0545 30.4134
592 720  0.1360  0.0332 16.9030
624 720  0.0622 -0.2479 74.4372
656 720 -0.1291 -0.0866 24.2353
 16 752  0.0107 -0.0189 25.2821
 48 752 -0.0136 -0.0296 82.9196
 80 752 -0.0113 -0.0713 274.5523
112 752 -0.0236 -0.2237 267.5642
144 752 -0.0326 -0.3404 93.5290
176 752  0.6325 -0.3503 100.6882
208 752  0.4443 -0.3947 92.0436
240 752 -0.0957 -0.3947 18.0259
272 752 -0.2035 -0.5678 46.7960
304 752 -0.0719 -0.4061 179.5428
336 752 -0.0861 -0.1339 78.4900
368 752  0.0319 -0.1581 134.4632
400 752  0.2251 -0.1762 155.3769
432 752  0.5862 -0.0693 27.1883
464 752  0.9662 -0.3380 27.3325
496 752  1.2324 -0.5590 14.6315
528 752  0.5277 -0.7896 47.1871
560 752  0.0771 -0.0257 10.8188
592 752  0.0491  0.0409 11.4275
624 752 -0.0650  0.0329 11.1586
656 752 -0.0130 -0.0125 25.0526
 16 784  0.0895 -0.0303 64.5393
 48 784 -0.0007 -0.0656 34.3837
 80 784  0.0322 -0.2436 148.8815
112 784  0.0212 -0.1933 203.5229
144 784  0.0349 -0.1231 144.3252
176 784  0.0377 -0.2310 116.7343
208 784 -0.0628 -0.2299 150.2167
240 784 -0.1920 -0.4040 264.3157
272 784 -0.0947 -0.6046 85.1767
304 784 -0.0220 -0.4471 138.9008
336 784  0.1589 -0.4632 189.1110
368 784  0.4987 -0.1998 214.8708
400 784  0.6808 -0.1188 134.3589
432 784  0.6342 -0.0570 111.6791
464 784  1.3638 -0.2996 151.2280
496 784  0.7315 -0.3171 20.3978
528 784  0.3034 -0.2076 19.1839
560 784  0.0429  0.0348  9.8279
592 784  0.0446  0.0635  9.5504
624 784 -0.0130  0.0177 14.1405
656 784  0.0133  0.0010  8.6658
 16 816  0.0566 -0.0223 40.7669
 48 816  0.0924 -0.0365 146.7885
 80 816  0.0250 -0.0553 130.8967
112 816  0.0534 -0.0764 232.7300
144 816  0.0617 -0.1816 175.0695
176 816  0.0414 -0.3253 144.0315
208 816  0.0842 -0.4057 311.2413
240 816  0.1017 -0.4082 223.8950
272 816  0.0452 -0.3641 190.5294
304 816  0.0892 -0.2082 128.8833
336 816  0.1309 -0.2696 65.1586
368 816  0.5357 -0.2195 79.4146
400 816  0.8359 -0.1365 92.9515
432 816  1.1076 -0.2313 116.5031
464 816  0.7334 -0.1877 22.9193
496 816  0.4934 -0.4061 19.6050
528 816  0.0097 -0.0152  7.7932
560 816  0.0141  0.0159  6.2664
592 816  0.0357 -0.0178 15.2281
624 816  0.0745 -0.0260 11.6392
656 816  0.0080  0.0020 13.0857
 16 848  0.1797 -0.0240 258.4906
 48 848  0.2779 -0.0403 148.9480
 80 848  0.1205 -0.1045 204.3389
112 848  0.1608 -0.1920 327.2930
144 848  0.1256 -0.1132 288.7530
176 848  0.0864 -0.4095 62.9162
208 848  0.0812 -0.2275 52.8032
240 848  0.2465 -0.3962 42.5189
272 848  0.0912 -0.3026 194.3504
304 848  0.1471 -0.1242 14.4499
336 848  1.2725 -0.4955 193.9350
368 848  0.7900 -0.3503 81.7718
400 848  1.0190 -0.1567 100.9162
432 848  0.7508 -0.1437 16.0272
464 848  0.5089 -0.1750 95.0354
496 848 -0.0047 -0.0140 20.7842
528 848 -0.0316 -0.0429  6.3892
560 848  0.0048 -0.0148 18.5110
592 848  0.0423 -0.0100 88.7156
624 848  0.0527 -0.0103 84.4837
656 848  0.0262  0.0017 23.7804
 16 880  0.0363 -0.0259 45.2348
 48 880  0.0854 -0.0423 133.8382
 80 880  0.1901 -0.1916 148.1551
112 880  0.1587 -0.1866 75.6404
144 880  0.1767 -0.1508 162.7393
176 880  0.2772 -0.0838 175.2476
208 880  0.2697 -0.1384 26.8251
240 880  0.1591 -0.1996 103.6572
272 880  0.5560 -0.2660 77.2929
304 880  0.2493 -0.2417 30.0704
336 880  0.8554 -0.4552 55.0861
368 880  1.3374 -0.3300 172.6651
400 880  1.0565 -0.0513 135.1212
432 880  0.4660 -0.0338 20.0072
464 880  0.3407 -0.1047 20.3332
496 880 -0.0191 -0.0240  5.9071
528 880 -0.0133  0.0232  7.9269
560 880  0.1351 -0.1212 11.3547
592 880  0.0481 -0.0644 16.3439
624 880  0.1557 -0.0893 13.6279
656 880  0.1646 -0.1190 14.3356
 16 912  0.0588 -0.0602 16.0526
 48 912  0.2939 -0.0561 50.7768
 80 912  0.6045  0.0164 114.7381
112 912  0.2969 -0.2194 200.8461
144 912  0.0923 -0.0612 22.4048
176 912  0.0952 -0.2045 98.0757
208 912  0.0817 -0.1707 24.6674
240 912  0.1442 -0.1460 129.7263
272 912  0.3467 -0.4496 128.2342
304 912  0.3328 -0.5383 81.4139
336 912  0.4902 -0.4660 190.0688
368 912  0.7160 -0.3876 58.1233
400 912  0.3484 -0.1641 50.2297
432 912  0.0934 -0.0515 16.2809
464 912  0.0059  0.0027 10.1186
496 912  0.1537 -0.0608  4.0554
528 912 -0.0104  0.0104  4.7261
560 912 -0.0412 -0.0303  4.2756
592 912  0.0939 -0.1068  4.4116
624 912  0.1592 -0.0578  8.3785
656 912  0.2588 -0.1000  5.6275
 16 944  0.0038 -0.0224 32.0637
 48 944  0.0608 -0.0102 19.2266
 80 944  0.1130 -0.0099 461.1302
112 944  0.2154 -0.0554 55.6392
144 944  0.0731 -0.0785 40.7546
176 944  0.2543 -0.1376 36.9657
208 944  0.1430 -0.2924 88.6858
240 944  0.1949 -0.2502 75.2416
272 944  0.3087 -0.3201 100.0882
304 944  0.2645 -0.0573 49.4966
336 944  0.4097 -0.3485 85.2754
368 944  0.1233 -0.4569 109.8121
400 944  0.1170 -0.1130 19.3413
432 944 -0.0186 -0.0155 14.3292
464 944 -0.0220 -0.0189  5.7971
496 944 -0.0389  0.0054  7.6009
624 944  0.1072 -0.0354  4.4377
 16 976  0.1936 -0.0211 64.9671
 48 976  0.1073 -0.0204 19.1278
 80 976  0.4853 -0.0167 62.0983
112 976  0.2040 -0.0653 156.5179
144 976  0.0371 -0.0057 16.2652
176 976  0.2765 -0.1979 114.6512
208 976  0.1220 -0.1011 94.4908
240 976  0.3137 -0.2526 114.6318
272 976  0.1094 -0.4396 21.7347
304 976  0.2147 -0.2121 85.3849
336 976  0.1530 -0.2625 64.5055
368 976  0.0144 -0.0485 24.7545
400 976 -0.0230 -0.0032 12.5319
432 976  0.0018  0.0174  7.8350
464 976 -0.0249 -0.0195 20.8101
496 976 -0.0783 -0.0626 10.9680
528 976 -0.0111  0.0190  4.2890
 16 1008  0.0739 -0.0019 37.5769
 48 1008  0.0935 -0.0382 70.3518
 80 1008  0.1244 -0.0587 168.0913
112 1008  0.4076 -0.0424 64.5715
144 1008  0.1420 -0.0812 236.2946
176 1008  0.0604 -0.1393 328.7819
208 1008  0.3553 -0.2981 78.2904
240 1008  0.2455 -0.4950 129.8742
272 1008  0.0913 -0.1013 35.0064
304 1008  0.0817  0.0137 62.2029
336 1008  0.0353 -0.3056 22.2309
368 1008  0.0109  0.0525 10.8854
400 1008 -0.0199  0.0017 10.2939
432 1008 -0.0114 -0.0041 17.7044
464 1008  0.0092 -0.1067 213.0819
496 1008 -0.0233  0.0358 21.4203
528 1008  0.0229  0.0305  8.8796
560 1008  0.0465 -0.0229  5.3761
 16 1040  0.3159 -0.0292 159.0394
 48 1040  0.0357 -0.0164 345.1963
 80 1040  0.1340 -0.0592 168.3126
112 1040  0.1790 -0.0800 94.1461
144 1040  0.1314 -0.3351 153.5085
176 1040  0.1194 -0.1001 231.2613
208 1040  0.0986 -0.1371 276.5887
240 1040  0.1441 -0.1974 25.5302
272 1040  0.2960 -0.0785 24.5771
304 1040 -0.0236 -0.2290 229.1913
336 1040  0.0417 -0.0794 64.2343
368 1040 -0.0187 -0.0421 13.2010
400 1040 -0.0135 -0.0022 32.3158
432 1040 -0.0463 -0.0218 45.2671
464 1040 -0.0160 -0.0535 45.3280
496 1040 -0.4085  0.2060 10.7594
528 1040 -0.0229  0.0524  9.8386
560 1040  0.0172  0.0047 10.1458
592 1040  0.0648 -0.0068  5.3817
 16 1072  0.1349 -0.0080 129.0820
 48 1072  0.0515 -0.0083 227.9476
 80 1072  0.0766 -0.0357 102.9796
112 1072  0.0474 -0.0475 154.2272
144 1072  0.0636 -0.1486 225.3242
176 1072  0.0395 -0.1726 69.0173
208 1072  0.0291 -0.1267 204.4499
240 1072  0.1809 -0.1625 90.1917
272 1072  0.1042 -0.1310 121.7202
304 1072  0.0275 -0.1438 16.6633
336 1072 -0.0108 -0.4535 112.9292
368 1072 -0.0655 -0.1305 199.3170
400 1072  0.0223 -0.0643 111.4000
432 1072  0.0155 -0.0399 34.4998
464 1072  0.0272 -0.0337 28.8984
496 1072 -0.1319  0.1309 12.6834
528 1072 -0.0132  0.3666 12.0497
560 1072  0.0042  0.0363  8.4117
592 1072  0.0020 -0.0029  9.3688
624 1072  0.0182 -0.0104  5.1731
656 1072 -0.0607  0.0299  5.6424
 16 1104  0.0115  0.0287 14.7368
 48 1104  0.2047 -0.0275 37.5586
 80 1104  0.3235 -0.0574 26.7611
112 1104  0.1935 -0.1069 60.7912
144 1104  0.0608 -0.0351 66.4119
176 1104  0.0621 -0.1295 49.2213
208 1104  0.0756 -0.1036 83.5794
240 1104  0.0788 -0.1158 183.7152
272 1104  0.1747 -0.1934 86.7198
304 1104  0.1135 -0.2404 137.4962
336 1104  0.0196 -0.2367 161.5497
368 1104  0.0255 -0.3076 49.2395
400 1104  0.0126 -0.0643 145.1075
432 1104  0.0215 -0.0241 128.5467
464 1104  0.0221 -0.0222 37.7264
496 1104 -0.0036 -0.0153 24.3632
528 1104 -0.1203 -0.0329 16.2160
560 1104  0.0562  0.0546 13.8905
592 1104  0.0109  0.0660 11.8337
624 1104 -0.0005  0.0206 11.2360
656 1104  0.0018  0.0155 11.3330
 16 1136  0.0288 -0.0066 13.2468
 48 1136  0.0622 -0.0143 47.1893
 80 1136  0.1313 -0.0224 70.4382
112 1136  0.1157 -0.0465 109.0098
144 1136  0.1334 -0.0483 187.4890
176 1136  0.0768 -0.0524 93.7035
208 1136  0.2082 -0.0596 331.2726
240 1136  0.0825 -0.0809 121.8091
272 1136  0.0865 -0.1682 80.0021
304 1136  0.0540 -0.1881 109.5594
336 1136  0.0313 -0.1637 134.3058
368 1136  0.0199 -0.1113 76.2519
400 1136  0.0967 -0.0708 232.2010
432 1136  0.0613 -0.0382 59.9054
464 1136  0.0409 -0.0373 57.3242
496 1136  0.0107 -0.0384 32.7241
528 1136 -0.0597 -0.0804 33.8035
560 1136 -0.0500  0.0327  8.1852
592 1136  0.0416  0.0252 16.2426
624 1136 -0.0087  0.0135 15.6294
656 1136  0.0166  0.0156 16.5391
 16 1168  0.0333  0.0064 17.8638
 48 1168  0.0319 -0.0174 30.2941
 80 1168  0.1108 -0.0488 186.0352
112 1168  0.0361 -0.0277 116.2660
144 1168  0.0416 -0.0546 237.7586
176 1168  0.0524 -0.2679 91.9082
208 1168  0.0575 -0.1055 153.0009
240 1168  0.0456 -0.0507 94.8198
272 1168  0.0891 -0.2101 107.7367
304 1168  0.0413 -0.1010 159.4071
336 1168  0.0337 -0.1398 119.9513
368 1168  0.0366 -0.0846 169.4127
400 1168  0.0115 -0.0971 46.8258
432 1168  0.0293 -0.1200 65.3465
464 1168  0.1002  0.0529 64.8570
496 1168  0.0331  0.0118 14.3667
528 1168 -0.0320 -0.0212 15.0035
560 1168 -0.0427  0.0511 17.8308
592 1168 -0.0934  0.0517 12.6570
624 1168  0.0180  0.0037 11.3300
656 1168  0.0140 -0.0001 11.1005
 16 1200  0.0632 -0.0223 21.1172
 48 1200  0.0821 -0.0218 23.0246
 80 1200 -0.0076  0.0057 14.3160
112 1200  0.1219 -0.0439 76.7886
144 1200  0.1076 -0.0294 23.7761
176 1200  0.3598 -0.0916 195.0084
208 1200  0.0572 -0.2430 125.3400
240 1200  0.0320 -0.1590 70.3760
272 1200  0.0700 -0.1529 110.3992
304 1200  0.1006 -0.2290 58.4337
336 1200  0.0802 -0.1190 143.8982
368 1200  0.0329 -0.1769 127.3183
400 1200  0.0438 -0.0874 170.9446
432 1200  0.0755 -0.0795 197.7434
464 1200  0.0653 -0.0774 292.0695
496 1200  0.0141 -0.0249 18.8949
528 1200 -0.0080 -0.0116 20.1126
560 1200 -0.0050 -0.0273 11.6366
592 1200  0.0163 -0.0465 17.5792
624 1200  0.0535  0.0063 25.5445
656 1200 -0.0086  0.0097  9.0603
  0   0 -0.0512 -0.0671  0.0000
  0   0 -0.0320 -0.0779  0.0000
  0   0  0.0066  0.0538  0.0000
  0   0 -0.0735  0.0948  0.0000
  0   0 -0.1553  0.1302  0.0000
  0   0 -0.1923  0.2254  0.0000
  0   0 -0.1831  0.2491  0.0000
  0   0 -0.0664  0.1864  0.0000
  0   0 -0.0005  0.1136  0.0000
  0   0  0.0431  0.0478  0.0000
  0   0  0.0480  0.0214  0.0000
  0   0  0.0147  0.0232  0.0000
  0   0  0.1072 -0.0122  0.0000
