VARIABLES= "X pix", "Y pix", "U pix/dt", "V pix/dt", "CHC", ZONE I=21, J=30
 16 272 -0.0857 -0.1560 103.7248
 48 272 -0.0470 -0.1062 185.5280
 80 272 -0.0821 -0.0716 169.0517
112 272 -0.0396 -0.1081 204.8661
144 272 -0.0115 -0.0617 349.9229
176 272 -0.0165 -0.0893 212.9949
208 272  0.0019 -0.0918 402.9942
240 272  0.0358 -0.0442 309.2713
272 272  0.0272  0.0079 333.1538
304 272  0.0601  0.0009 253.6513
336 272  0.0763  0.0512 222.4350
368 272  0.0661  0.0525 72.5036
400 272  0.0970  0.0500 152.8971
432 272  0.0948  0.0667 147.1115
464 272  0.1287  0.1461 181.7464
496 272  0.1049  0.0985 226.3783
528 272  0.1479  0.1228 178.5885
560 272  0.0670  0.1259 73.1238
592 272  0.0715  0.0890 79.2707
624 272  0.1111  0.1091 103.1306
656 272  0.0479  0.0297 92.7152
 16 304 -0.1268 -0.1102 202.9451
 48 304 -0.0382 -0.2727 275.3750
 80 304 -0.1142 -0.1545 175.4160
112 304 -0.0800 -0.0959 184.6498
144 304 -0.1268 -0.1513 228.5182
176 304 -0.0364 -0.0486 159.4630
208 304  0.0100 -0.0702 367.7838
240 304  0.0132 -0.0096 34.2792
272 304  0.0067 -0.0643 283.8921
304 304  0.0325  0.0052 226.5212
336 304  0.0411  0.0585 42.1859
368 304  0.0687  0.0341 305.0043
400 304  0.0347  0.0801 66.4153
432 304  0.0168  0.0252 46.9872
464 304  0.0730  0.0883 306.2182
496 304  0.0363  0.0963 207.6211
528 304  0.0610  0.1409 108.1773
560 304  0.0875  0.1060 242.1477
592 304  0.0678  0.0416 77.8332
624 304  0.0826  0.0709 130.4542
656 304  0.0556  0.0369 224.3190
 16 336 -0.0030 -0.0941 16.5379
 48 336 -0.0330 -0.2156 83.7707
 80 336 -0.0573 -0.3642 293.0797
112 336 -0.0822 -0.0933 136.0520
144 336 -0.0337 -0.0791 226.2609
176 336 -0.0210 -0.1553 52.5221
208 336 -0.0776 -0.1285 288.0253
240 336  0.0137 -0.0291 293.1936
272 336  0.0756 -0.0610 279.2832
304 336  0.0366 -0.0013 206.4358
336 336  0.0590  0.0240 160.4264
368 336  0.0603  0.0394 185.3113
400 336  0.0726  0.0111 175.5662
432 336  0.0565  0.0884 152.9243
464 336  0.1464  0.0644 225.0385
496 336  0.0387  0.0309 159.6316
528 336  0.0628  0.1095 65.6885
560 336  0.0719  0.0333 199.3061
592 336  0.0138  0.0827 53.0063
624 336  0.0909  0.0510 104.4400
656 336  0.1003  0.0693 141.8191
 16 368 -0.0813 -0.3445 240.3699
 48 368 -0.4294 -0.1851 54.1279
 80 368 -0.0752 -0.1399 394.7647
112 368 -0.0516 -0.1864 95.0743
144 368 -0.1163 -0.1597 153.4616
176 368 -0.1948 -0.1740 265.5636
208 368 -0.0271 -0.1043 81.1557
240 368 -0.0241 -0.1047 244.2910
272 368 -0.0517 -0.1161 68.9420
304 368 -0.0236 -0.0155 324.1174
336 368  0.0239 -0.0213 201.5614
368 368  0.0591  0.0150 224.4256
400 368  0.0560  0.0718 87.6758
432 368  0.0554  0.0611 43.3180
464 368  0.0715  0.1060 213.8964
496 368  0.0449  0.0837 77.8590
528 368  0.0780  0.0810 142.3490
560 368  0.1055  0.1388 119.0938
592 368  0.0965  0.1081 85.4474
624 368  0.1006  0.0396 100.7761
656 368  0.1655  0.0595 159.2953
 16 400 -0.3540 -0.2055 64.4918
 48 400 -0.1904 -0.3769 45.4473
 80 400 -0.1440 -0.2176 218.3408
112 400 -0.0637 -0.4226 201.5435
144 400 -0.3192 -0.1867 61.1088
176 400 -0.3158 -0.1892 188.4411
208 400 -0.1009 -0.2079 104.3559
240 400 -0.1300 -0.1247 157.3889
272 400 -0.0497 -0.1138 198.1221
304 400  0.0063 -0.0545 160.0587
336 400  0.0168 -0.0035 211.0174
368 400  0.0145 -0.0085 124.8084
400 400  0.0415  0.0160 150.5028
432 400  0.0533  0.0313 244.8396
464 400  0.0767  0.1066 116.7050
496 400  0.1126  0.0413 158.7159
528 400  0.0980  0.0647 126.8799
560 400  0.0780  0.0877 116.2549
592 400  0.1275  0.0432 149.4434
624 400  0.0499  0.0433 165.5181
656 400  0.0501  0.0701 208.4479
 16 432 -0.2377 -0.2103 78.6617
 48 432 -0.1458 -0.1790 92.4291
 80 432 -0.3611 -0.2143 111.4807
112 432 -0.1259 -0.1493 181.3785
144 432 -0.0883 -0.2437 377.8185
176 432 -0.2326 -0.3655 194.4742
208 432 -0.0991 -0.2238 123.4171
240 432 -0.1588 -0.1095 66.9457
272 432 -0.0860 -0.1517 76.3888
304 432 -0.0313 -0.0221 19.0309
336 432  0.0031 -0.0063 97.9358
368 432  0.0531 -0.0138 151.4969
400 432  0.0692  0.0026 184.1116
432 432  0.0731  0.0458 194.9454
464 432  0.0460  0.1048 191.3809
496 432  0.0581  0.0706 26.0196
528 432  0.1064  0.0366 174.7289
560 432  0.1046  0.0719 94.4024
592 432  0.1027  0.0325 137.3800
624 432  0.1109  0.0828 101.2842
656 432  0.1320  0.0224 75.4136
 16 464 -0.0731 -0.0118 20.5105
 48 464 -0.1460 -0.7050 268.5536
 80 464 -0.2187 -0.3598 277.2686
112 464 -0.2579 -0.6904 132.1243
144 464 -0.2016 -0.6508 137.7443
176 464 -0.1859 -0.4087 120.9932
208 464 -0.4550 -0.2609 90.2253
240 464 -0.1384 -0.2419 218.9111
272 464 -0.0886 -0.1331 47.7092
304 464 -0.0167 -0.0432 42.4082
336 464 -0.0168 -0.0726 149.4921
368 464 -0.0252 -0.0134 381.9776
400 464  0.0364  0.0169 137.2308
432 464  0.0428  0.0202 98.9154
464 464  0.0431  0.0451 154.0619
496 464  0.0407  0.0583 58.6883
528 464  0.1281  0.0773 185.0263
560 464  0.1056  0.0685 156.5661
592 464  0.1316  0.0240 186.4958
624 464  0.1690  0.0346 113.4388
656 464  0.1710  0.0181 206.4097
 16 496 -0.4802 -0.2619 127.5767
 48 496 -0.3211 -0.2237 81.1637
 80 496 -0.6599 -0.4548 226.9356
112 496 -0.5631 -0.4681 19.0913
144 496 -0.2151 -0.4533 28.5271
176 496 -0.2264 -0.5684 90.9860
208 496 -0.2468 -0.2596 227.6768
240 496 -0.2216 -0.1336 184.5109
272 496 -0.1277 -0.2928 229.5053
304 496 -0.1024 -0.1098 274.0682
336 496 -0.0104 -0.1187 32.3198
368 496 -0.0022 -0.0149 48.9800
400 496  0.0100 -0.0022 168.7523
432 496  0.0098  0.0350 101.2086
464 496  0.0217  0.0250 158.8747
496 496 -0.0032  0.0144 211.9829
528 496  0.0619  0.0413 76.1126
560 496  0.0495  0.0446 95.0286
592 496  0.1115 -0.0074 98.1071
624 496  0.0881  0.0343 98.5720
656 496  0.1533  0.0099 92.8633
 16 528 -0.7087 -0.5658 41.9029
 48 528 -0.5089 -0.1937 22.9837
 80 528 -0.4129 -0.2385 38.9347
112 528 -0.4892 -0.3804 245.1028
144 528 -0.2681 -0.3358 109.7165
176 528 -0.6333 -0.7167 60.4960
208 528 -0.2492 -0.5693 148.8573
240 528 -0.3471 -0.3675 100.7152
272 528 -0.2554 -0.3460 210.5998
304 528 -0.1589 -0.2326 126.8752
336 528 -0.0679 -0.1681 102.7138
368 528 -0.2244 -0.0969 149.7240
400 528  0.0359 -0.0526 305.5003
432 528 -0.0326 -0.0109 128.6438
464 528 -0.0106  0.0135 215.4457
496 528  0.0234  0.0194 113.4965
528 528  0.0633 -0.0062 95.5734
560 528  0.0809  0.0328 53.8325
592 528  0.0718 -0.0317 181.5661
624 528  0.0906 -0.0345 116.8278
656 528  0.0558 -0.0187 29.6772
 16 560 -0.7075 -0.2556 62.1880
 48 560 -0.2551 -0.3158 70.0505
 80 560 -1.0381 -0.5164 105.0685
112 560 -0.7620 -0.6560 116.1115
144 560 -0.7182 -0.7155 210.4632
176 560 -1.2190 -0.7787 118.6391
208 560 -0.3067 -0.3916 57.9150
240 560 -0.6281 -0.5446 71.9403
272 560 -0.6006 -0.6006 171.6986
304 560 -0.1294 -0.2811 193.8461
336 560 -0.2170 -0.1878 21.2962
368 560 -0.1316 -0.1343 271.6205
400 560 -0.1474 -0.0699 41.5525
432 560 -0.0734 -0.0145 164.0320
464 560 -0.0515 -0.0052 149.9253
496 560 -0.0536 -0.0094 213.1618
528 560  0.0216 -0.0584 177.9780
560 560  0.0423 -0.0695 199.6678
592 560  0.1056 -0.0201 235.6411
624 560  0.1683 -0.0224 72.3660
656 560  0.1724 -0.0513 117.4581
 16 592 -0.5507 -0.2382 117.6174
 48 592 -0.3412 -0.5010 74.3131
 80 592 -0.4048 -0.3382 118.7842
112 592 -0.9246 -0.4782 296.5417
144 592 -0.2621 -0.0867  9.5382
176 592 -0.8191 -0.8642 125.8048
208 592 -0.3584 -0.4895 47.5110
240 592 -0.7601 -0.4250 138.1290
272 592 -0.7289 -0.7899 27.5636
304 592 -0.5501 -0.5860 126.5751
336 592 -0.2915 -0.1723 53.4052
368 592 -0.3734 -0.2281 162.1461
400 592 -0.2715 -0.0917 121.2632
432 592 -0.2342 -0.0722 217.4795
464 592 -0.0826  0.0054 96.6361
496 592 -0.0346 -0.0626 194.1274
528 592 -0.0241 -0.0065 80.9157
560 592  0.0075 -0.0835 45.0221
592 592 -0.0333 -0.0754 63.2175
624 592  0.1267 -0.1130 56.4921
656 592  0.2195 -0.1738 147.5699
 16 624 -0.0483 -0.1082 40.5605
 48 624 -0.0988 -0.1032 195.7958
 80 624 -0.6100 -0.3720 126.2947
112 624 -0.8042 -0.3260 75.5400
144 624 -1.3947 -0.7400 21.7132
176 624 -0.9794 -0.8614 154.1563
208 624 -0.8157 -0.7957 70.3703
240 624 -0.8336 -0.8258 176.8599
272 624 -0.9262 -1.2784 99.5246
304 624 -0.7069 -0.6890 142.5665
336 624 -0.2086 -0.0995 19.7635
368 624 -0.4955 -0.1206 204.9206
400 624 -0.5249 -0.1131 190.5716
432 624 -0.3511 -0.0612 218.5424
464 624 -0.4791 -0.0099 165.6983
496 624 -0.3089 -0.1413 165.4651
528 624 -0.2286 -0.1348 127.8568
560 624 -0.0403 -0.2461 162.2848
592 624  0.0475 -0.2122 53.8544
624 624  0.2908 -0.2916 193.6329
656 624  0.2539 -0.1912 123.0905
 16 656 -0.1690 -0.3201 37.8732
 48 656 -0.0992 -0.1623 20.1021
 80 656 -0.5325 -0.2099 151.3322
112 656  1.4629  1.9932 68.8409
144 656 -0.4617 -0.6299 73.0899
176 656 -0.9550 -0.7800 104.7471
208 656 -1.1587 -0.8595 222.8763
240 656 -0.9167 -1.2525 94.9223
272 656 -0.9635 -1.1212 244.2720
304 656 -0.7772 -0.7718 47.0932
336 656 -0.3064 -0.1502 23.8160
368 656 -0.4144 -0.3105 167.2353
400 656 -0.3739 -0.0429 214.7786
432 656 -0.3124  0.0040 29.4022
464 656 -0.2166  0.0346 97.8182
496 656 -0.2657 -0.2219 101.0307
528 656 -0.0064 -0.4751 22.9792
560 656 -0.0092 -0.2279 147.5036
592 656  0.1098 -0.5405 109.4154
624 656  0.1221 -0.3403 70.0260
656 656  0.2560 -0.2607 75.9869
 16 688 -0.2384 -0.1033 45.1527
 48 688 -0.0962 -0.1062 127.5078
 80 688 -0.1274 -0.0394 221.6988
112 688 -0.2930 -0.1992 46.7391
144 688 -0.6370 -0.4121 47.1997
176 688 -1.2062 -0.7014 62.1249
208 688 -0.2932 -0.1822 28.7995
240 688 -1.3193 -0.8569 114.7444
272 688 -1.1603 -0.8355 111.6174
304 688 -0.6571 -0.4067 28.4928
336 688 -0.8461 -0.6833 115.8889
368 688 -0.3775 -0.1628 121.6142
400 688 -0.1906 -0.0658 255.0961
432 688 -0.0426  0.0337 86.1102
464 688  0.0257 -0.0713 167.4323
496 688  0.1283 -0.6712 223.4993
528 688  0.2354 -0.7980 90.5208
560 688  0.0168 -0.5516 99.9609
592 688  0.1914 -0.5534 40.2975
624 688  0.1621 -0.5066 155.6879
656 688  0.1044 -0.4006 68.6379
 16 720 -0.0057 -0.0017 22.9136
 48 720 -0.0841 -0.0794 61.2365
 80 720 -0.0947 -0.0361 217.8765
112 720 -0.0889 -0.1051 180.5731
144 720 -0.0857 -0.3857 101.3045
176 720 -0.1771 -0.4937 290.2451
208 720 -0.9273 -0.8812 198.4544
240 720 -1.0683 -0.3889 231.4285
272 720 -0.6063 -0.3549 261.6758
304 720 -0.2556 -0.5562 34.1089
336 720 -0.3649 -0.1923 123.2818
368 720 -0.2269 -0.0898 106.6472
400 720  0.0431  0.1551 92.1302
432 720  0.2528  0.0376 161.4993
464 720  0.2782 -0.1574 36.8988
496 720  0.8643 -0.8259 22.8756
528 720  1.1942 -1.0219 128.8008
560 720  0.0683 -0.0246 21.7923
592 720  0.2470  0.0744 19.1444
624 720  0.1415 -0.3633 93.8403
656 720  0.1113 -0.3414 192.6270
 16 752  0.0242 -0.0109 28.3627
 48 752  0.0128 -0.1018 226.2048
 80 752 -0.0053 -0.0645 229.3829
112 752 -0.0607 -0.1364 216.1094
144 752 -0.0280 -0.0885 413.9142
176 752 -0.1884 -0.4562 152.0291
208 752 -0.0678 -0.1588 31.5741
240 752 -0.5897 -0.1155 48.6921
272 752 -0.8004 -0.0527 61.2405
304 752 -0.0634 -0.5074 77.1314
336 752 -0.0106 -0.1735 64.3419
368 752  0.2347 -0.0081 166.7252
400 752  0.6955 -0.0018 238.7064
432 752  0.4940 -0.0310 21.6246
464 752  1.0435 -0.0766 21.7037
496 752  1.5902 -0.7711 66.3293
528 752  0.1361 -0.0280 47.0879
560 752  0.2254  0.0148  9.9671
592 752  0.1144  0.1164 11.2379
624 752 -0.0668  0.0652 10.3915
656 752 -0.0247  0.0124 23.7412
 16 784  0.1030 -0.0597 141.8188
 48 784  0.0124 -0.0163 17.6111
 80 784  0.0373 -0.0602 185.5641
112 784  0.0184 -0.1504 112.0354
144 784  0.0577 -0.2674 56.0932
176 784  0.0640 -0.3728 76.9013
208 784 -0.0742 -0.3544 38.6152
240 784 -0.0016 -0.2701 195.0826
272 784 -0.0388 -0.3523 46.7988
304 784 -0.0737 -0.3332 188.0034
336 784  0.0095 -0.3664 381.0878
368 784  0.5593 -0.1606 193.2930
400 784  1.2540  0.0203 234.9424
432 784  1.2295  0.0212 99.4284
464 784  1.8213 -0.0950 91.3979
496 784  1.6769 -0.8184 18.5034
528 784  0.0589 -0.0595 18.4129
560 784  0.1537  0.0993 10.0318
592 784  0.1280  0.1433 11.8563
624 784 -0.0028  0.0327 17.6941
656 784 -0.0306  0.0355  8.6296
 16 816  0.0247 -0.0113 13.4583
 48 816  0.1514 -0.0460 54.5266
 80 816  0.1202 -0.0218 131.8626
112 816  0.0745 -0.0726 269.6604
144 816  0.1109 -0.1219 270.4914
176 816  0.0375 -0.2267 142.6446
208 816  0.0712 -0.4349 160.8764
240 816  0.0986 -0.2957 283.8480
272 816  0.1765 -0.4454 150.1856
304 816  0.2457 -0.2150 85.3173
336 816  0.4234 -0.1808 71.3900
368 816  1.0053 -0.1026 71.2505
400 816  0.3740 -0.0248 86.3550
432 816  1.3170 -0.0407 222.6079
464 816  1.7740 -0.3038 74.3522
496 816  1.2890 -0.9048 33.3664
528 816  0.0112 -0.0443  7.5263
560 816  0.0947  0.0831  6.5996
592 816  0.0942  0.0440 17.8109
624 816  0.0162  0.0363  9.6560
656 816 -0.0213  0.0187 11.9294
 16 848 -0.0040  0.0355 91.4556
 48 848  0.1689 -0.1070 121.2134
 80 848  0.4124 -0.0580 199.0743
112 848  0.0652 -0.0556 224.9348
144 848  0.1800 -0.0512 106.9911
176 848  0.1364 -0.2354 260.8211
208 848  0.3036 -0.3269 135.8711
240 848  0.1264 -0.3637 41.2054
272 848  0.2024 -0.4370 284.6101
304 848  0.9649 -0.2690 31.9058
336 848  0.4819 -0.1825 80.5015
368 848  1.1427 -0.2995 115.4449
400 848  1.6677 -0.1116 46.3328
432 848  1.3663 -0.0928 33.2493
464 848  1.1761 -0.3563 55.7749
496 848  0.0053 -0.0084 19.9643
528 848  0.1941  0.0948  5.8435
560 848  0.0262  0.0238 18.6251
592 848  0.1048  0.0835 120.6520
624 848  0.0506  0.1003 66.9413
656 848  0.0483  0.0552 26.7411
 16 880  0.0993 -0.0243 38.6058
 48 880  0.0976 -0.0558 157.4612
 80 880  0.3981 -0.0581 222.0281
112 880  0.1010 -0.2076 73.1913
144 880  0.1275 -0.1585 238.9547
176 880  0.2018 -0.1156 228.1837
208 880  0.3492 -0.3821 278.9301
240 880  0.4777 -0.1752 165.9000
272 880  0.7685 -0.4827 63.5797
304 880  0.5889 -0.3619 165.0460
336 880  0.8335 -0.4200 84.4056
368 880  1.1371 -0.5465 44.1465
400 880  1.2409 -0.0832 158.3143
432 880  0.2931 -0.0055 18.5358
464 880  0.5262 -0.0375 18.3694
496 880 -0.0450 -0.0537  5.8320
528 880  0.0610  0.0234  7.6137
560 880  0.0231  0.0386 24.4559
592 880  0.0412  0.0497 62.3984
624 880  0.0684  0.1077 89.0730
656 880  0.0098  0.1300 33.1196
 16 912  0.5288 -0.0174 98.6083
 48 912  0.1668 -0.0133 72.8421
 80 912  0.1887 -0.3026 111.2666
112 912  0.2808 -0.1101 268.0957
144 912  0.2623 -0.0295 26.5392
176 912  0.1930 -0.2047 103.2851
208 912  0.1554 -0.1201 142.9983
240 912  0.6605 -0.2531 58.1219
272 912  0.6669 -0.8579 125.1505
304 912  0.7224 -0.5320 245.8545
336 912  0.9184 -0.5870 53.5940
368 912  0.5413 -0.2851 54.7275
400 912  0.3226 -0.2657 34.3684
432 912  0.1532 -0.0107 16.8077
464 912 -0.0575 -0.0453  9.7515
496 912  0.0204 -0.1497  4.0554
528 912  0.0154 -0.0101  4.6777
560 912  0.0727 -0.0891 10.9584
592 912  0.0066 -0.1735 13.1614
624 912  0.0898 -0.1037 20.6471
656 912  0.0448 -0.0069 27.4969
 16 944  0.0757  0.0171 20.2165
 48 944  0.0479 -0.0273 17.0326
 80 944  0.1632 -0.0269 318.1176
112 944  0.1263 -0.1145 211.2268
144 944  0.1060 -0.0401 174.4036
176 944  0.1268 -0.0759 33.0138
208 944  0.1702 -0.2490 94.6593
240 944  0.4696 -0.3150 20.7406
272 944  0.6508 -0.4266 81.0734
304 944  0.4770 -0.3559 27.1625
336 944  0.7660 -0.7647 68.8167
368 944  0.3861 -0.3176 158.4816
400 944  0.0823 -0.0456 14.2831
432 944 -0.0292 -0.0251 13.8691
464 944  0.0036  0.0556  5.3509
496 944 -0.0060  0.0204  8.7988
528 944 -0.0292  0.0300  4.8414
624 944  0.1647 -0.4409  4.8524
656 944  0.1608 -0.2035  9.2164
 16 976  0.2235  0.0011 57.7828
 48 976  0.2024  0.0027 33.3188
 80 976  0.1772 -0.0336 80.3058
112 976  0.2032 -0.0603 126.2792
144 976  0.5951 -0.1066 35.8847
176 976  0.1935 -0.0920 216.4046
208 976  0.2786 -0.2052 89.9547
240 976  0.8107 -0.2321 138.4214
272 976  0.6208 -0.3722 162.5911
304 976  0.7129 -0.7183 65.0555
336 976  0.2009 -0.4682 50.0954
368 976  0.0643 -0.0249 23.8943
400 976 -0.0271 -0.0001 12.1542
432 976  0.0725  0.0124  7.1104
464 976  0.0076  0.0109 21.2822
496 976  0.0179 -0.0171 19.1829
528 976 -0.1847  0.0463 11.4510
 16 1008  0.1756  0.0061 89.7542
 48 1008  0.1350  0.0003 52.4935
 80 1008  0.1853 -0.0308 29.4860
112 1008  0.3171  0.0011 114.5951
144 1008  0.2983 -0.2889 78.9614
176 1008  0.1321 -0.2003 96.7796
208 1008  0.6195 -0.2033 197.8153
240 1008  0.1779 -0.2073 40.1897
272 1008  0.1105 -0.1836 130.9568
304 1008  0.2081 -0.3660 31.4757
336 1008  0.0036 -0.2187 18.3194
368 1008 -0.0219  0.0101 11.3865
400 1008 -0.0518  0.0566  9.0164
432 1008  0.0234  0.0199 17.8742
464 1008  0.0573 -0.1234 219.2101
496 1008  0.0096 -0.0224 16.3411
528 1008 -0.0728 -0.0537 10.3556
560 1008 -0.2587  0.2383  5.8723
 16 1040  0.1702  0.0200 63.6581
 48 1040  0.1135 -0.1561 279.3227
 80 1040  0.2259 -0.0392 110.1665
112 1040  0.2240 -0.0747 188.9646
144 1040  0.1262 -0.0342 201.0995
176 1040  0.3742 -0.1891 89.3848
208 1040  0.3204 -0.0209 244.6100
240 1040  0.0380 -0.1668 41.0586
272 1040  0.0295 -0.2145 28.8197
304 1040  0.1125 -0.2541 85.3153
336 1040  0.0465 -0.1602 58.7834
368 1040  0.0152  0.0039 13.2731
400 1040  0.0203 -0.0042 35.5280
432 1040  0.0414  0.0237 58.0310
464 1040  0.1297 -0.0872 31.1815
496 1040  0.0774 -0.0803 21.1466
528 1040 -0.1053  0.0664 10.3413
560 1040 -0.1310 -0.0918 12.9045
592 1040 -0.0723  0.0104  4.6294
 16 1072  0.1190  0.0038 28.4559
 48 1072  0.3629 -0.0058 212.3703
 80 1072  0.2302 -0.0168 74.9759
112 1072  0.1810 -0.0019 48.7582
144 1072  0.0861 -0.0720 166.3354
176 1072  0.2831 -0.1771 139.3988
208 1072  0.3881 -0.1360 41.7607
240 1072  0.0839 -0.1615 80.0791
272 1072  0.1949 -0.0776 115.1741
304 1072  0.0922 -0.2286 169.6517
336 1072  0.0453 -0.4171 166.7765
368 1072  0.0968 -0.1369 142.3365
400 1072  0.0744 -0.0440 226.4833
432 1072  0.0951 -0.0554 42.7256
464 1072  0.0237 -0.0358 29.6291
496 1072  0.0120 -0.0259 15.1313
528 1072 -0.0541  0.0376 27.3205
560 1072 -0.1047  0.0667 12.8965
592 1072 -0.0122  0.0861 10.5141
624 1072 -0.0091  0.1330  5.0477
656 1072  0.2064  0.2708  9.1156
 16 1104  0.1178 -0.0090 23.5670
 48 1104  0.0203 -0.0024 93.7489
 80 1104  0.1424 -0.0400 37.5759
112 1104  0.0890 -0.0356 194.3214
144 1104  0.0933 -0.0204 36.4729
176 1104  0.0601 -0.0514 30.1272
208 1104  0.0915 -0.2224 66.3314
240 1104  0.1213 -0.0845 162.0852
272 1104  0.4237 -0.1220 172.4947
304 1104  0.0992 -0.1112 83.1182
336 1104  0.1073 -0.1053 123.6145
368 1104  0.1161 -0.0796 321.3461
400 1104  0.1313 -0.1193 146.2451
432 1104  0.1259 -0.0345 29.8883
464 1104  0.1988 -0.1143 67.9170
496 1104 -0.0167 -0.0489 16.2065
528 1104  0.0265 -0.1000 39.0701
560 1104 -0.0149  0.0518 15.4511
592 1104  0.0216  0.0750 13.5609
624 1104 -0.0417  0.0727 16.6022
656 1104  0.0338 -0.0039 11.7218
 16 1136  0.0500  0.0084 15.5975
 48 1136  0.0507  0.0216 42.9228
 80 1136  0.0969 -0.0465 28.8889
112 1136  0.0898 -0.0390 93.4381
144 1136  0.1609 -0.0421 159.4432
176 1136  0.0953 -0.0119 137.2328
208 1136  0.0705 -0.2202 207.0604
240 1136  0.2819 -0.0639 37.9048
272 1136  0.1191 -0.0549 189.0094
304 1136  0.0406 -0.0532 212.5579
336 1136  0.1066 -0.0462 174.9944
368 1136  0.1378 -0.0754 142.4560
400 1136  0.1112 -0.1479 138.6474
432 1136  0.3107 -0.0358 72.7646
464 1136  0.2390 -0.1623 73.8416
496 1136  0.0614 -0.0755 15.2373
528 1136  0.1370 -0.0679 78.6059
560 1136  0.1083  0.0522 40.1183
592 1136 -0.0351 -0.0080 16.5294
624 1136 -0.0090  0.0176 14.4479
656 1136  0.1368  0.1349 27.7059
 16 1168  0.0653  0.0126 46.5454
 48 1168  0.0436 -0.0587 107.8088
 80 1168  0.1728 -0.0116 51.9568
112 1168  0.0950 -0.0063 199.9372
144 1168  0.1239 -0.0958 104.8447
176 1168  0.1032 -0.0130 99.8744
208 1168  0.3113 -0.0862 100.1460
240 1168  0.2083 -0.1839 72.6952
272 1168  0.0426 -0.1043 265.3796
304 1168  0.1613 -0.1279 67.4083
336 1168  0.1301 -0.0941 118.1649
368 1168  0.1357 -0.1219 106.7295
400 1168  0.0551 -0.0633 204.6013
432 1168  0.0128 -0.0427 60.8893
464 1168  0.1731 -0.2053 273.2101
496 1168  0.0010 -0.0070 13.4193
528 1168  0.0160  0.0019 14.4902
560 1168  0.0377 -0.0047 13.0193
592 1168  0.0141 -0.0389 13.7046
624 1168  0.0244 -0.0271 10.6288
656 1168  0.0261  0.0033 11.6214
 16 1200  0.1398 -0.0400 26.8988
 48 1200  0.0758 -0.0264 24.2450
 80 1200 -0.0043 -0.0057 12.2144
112 1200  0.1151 -0.0288 76.4639
144 1200  0.0968  0.1561 34.8229
176 1200  0.0614 -0.0228 245.8247
208 1200  0.1088 -0.0955 98.8414
240 1200  0.2952 -0.0349 90.5719
272 1200  0.0698 -0.0979 55.5502
304 1200  0.0542 -0.0586 164.3702
336 1200  0.0736 -0.1561 155.0332
368 1200  0.0525 -0.1444 184.2861
400 1200  0.0841 -0.0841 235.3457
432 1200  0.1317 -0.0703 253.4139
464 1200  0.0635 -0.0941 317.9188
496 1200  0.0159  0.0003 17.9371
528 1200  0.0278  0.0054 13.9343
560 1200 -0.0278  0.0184 12.9898
592 1200  0.0002  0.0228 17.8050
624 1200  0.1469  0.0568 25.6207
656 1200  0.0325 -0.0223  8.8285
  0   0 -0.0304 -0.0690  0.0000
  0   0 -0.0307 -0.1141  0.0000
  0   0  0.0556 -0.1691  0.0000
  0   0 -0.0551  0.0085  0.0000
  0   0 -0.1185  0.0707  0.0000
  0   0 -0.0909  0.0567  0.0000
  0   0 -0.0667  0.0183  0.0000
  0   0 -0.0478  0.0233  0.0000
  0   0 -0.0156  0.0511  0.0000
  0   0  0.0470  0.0310  0.0000
  0   0 -0.0248 -0.0031  0.0000
