VARIABLES= "X pix", "Y pix", "U pix/dt", "V pix/dt", "CHC", ZONE I=21, J=30
 16 272 -0.0486 -0.0439 22.5387
 48 272 -0.1455 -0.2688 49.2207
 80 272 -0.1710 -0.0715 68.4361
112 272 -0.1354 -0.1372 107.8404
144 272 -0.0852 -0.3062 136.1283
176 272 -0.1415 -0.1145 29.4122
208 272 -0.0752 -0.0833 154.7414
240 272 -0.0522 -0.0302 22.1052
272 272 -0.1114 -0.0475 243.8504
304 272 -0.0569 -0.0354 172.5591
336 272 -0.0469 -0.0134 130.3226
368 272 -0.0178 -0.0143 78.2724
400 272  0.0106  0.0293 122.7340
432 272 -0.0570  0.0579 130.3992
464 272 -0.0287  0.0667 130.2883
496 272 -0.0019  0.0211 154.1644
528 272 -0.0113  0.0495 84.6896
560 272  0.0182  0.0074 109.5835
592 272 -0.0015  0.0211 250.1976
624 272 -0.0574  0.0545 147.4492
656 272 -0.0428  0.0023 127.4385
 16 304 -0.2085 -0.1102 106.2585
 48 304 -0.3662 -0.1253 220.6928
 80 304 -0.1836 -0.1501 58.5673
112 304 -0.1840 -0.1772 195.1697
144 304 -0.1171 -0.1494 28.3582
176 304 -0.2078 -0.2426 244.2244
208 304 -0.1771 -0.0540 222.4309
240 304 -0.1017 -0.0792 211.0947
272 304 -0.0603 -0.0713 176.1180
304 304 -0.0562 -0.0334 262.3412
336 304 -0.0611 -0.0389 170.5813
368 304 -0.0841  0.0040 68.1017
400 304 -0.0286 -0.0097 221.8366
432 304 -0.0152  0.0312 163.9882
464 304  0.0085  0.0632 353.8933
496 304 -0.0161  0.0341 266.7830
528 304 -0.1036  0.0690 145.5711
560 304  0.1422  0.0144 355.9801
592 304 -0.0015  0.0688 191.8750
624 304 -0.0197  0.0258 238.2307
656 304 -0.0512  0.0147 102.9667
 16 336 -0.1018 -0.4316 223.0431
 48 336 -0.0520 -0.2413 91.3147
 80 336 -0.0268 -0.0653  9.2735
112 336 -0.4762 -0.2158 113.5360
144 336 -0.3284 -0.4947 182.7109
176 336 -0.1815 -0.1962 289.0170
208 336 -0.1055 -0.3235 287.3734
240 336 -0.1435 -0.0983 178.0003
272 336 -0.1212 -0.0918 410.5318
304 336 -0.1090 -0.0811 172.4785
336 336 -0.0853 -0.0598 181.8820
368 336 -0.0745 -0.0456 98.0285
400 336 -0.0342 -0.0335 167.9744
432 336 -0.0554  0.0036 139.0919
464 336 -0.0070  0.0386 98.6264
496 336 -0.0062  0.0093 41.6900
528 336 -0.0533  0.0678 183.1478
560 336 -0.0054  0.0208 159.7988
592 336  0.0116  0.0463 159.7474
624 336 -0.0081  0.0781 112.1620
656 336 -0.0015  0.0561 189.3770
 16 368 -0.0847 -0.4250 27.9746
 48 368 -0.2330 -0.2166 203.9999
 80 368 -0.0938 -0.2122 18.9064
112 368 -0.1730 -0.2529 151.5652
144 368 -0.4016 -0.3107 302.8249
176 368 -0.1710 -0.1873 222.0342
208 368 -0.1379 -0.1997 113.7449
240 368 -0.1639 -0.1447 316.2332
272 368 -0.0973  0.0019 99.6562
304 368 -0.0646 -0.0621 264.6657
336 368 -0.0513 -0.0493 166.4015
368 368 -0.0649 -0.1195 230.7800
400 368 -0.0336 -0.1094 154.9124
432 368 -0.0204  0.0087 75.7446
464 368 -0.0156  0.0506 116.3615
496 368  0.0142  0.0530 94.2459
528 368 -0.0028  0.0327 250.8635
560 368  0.0014  0.0504 18.6410
592 368 -0.0127  0.0355 87.3536
624 368 -0.0034  0.0408 310.4820
656 368 -0.0086  0.0643 154.2837
 16 400 -0.1988 -0.1002 53.6559
 48 400 -0.4895 -0.3330 149.1829
 80 400 -0.3999 -0.4579 120.5568
112 400 -0.3770 -0.4155 113.5259
144 400 -0.3614 -0.2882 60.7791
176 400 -0.2081 -0.2783 71.9570
208 400 -0.2923 -0.2634 234.4384
240 400 -0.1258 -0.2889 66.7563
272 400 -0.1460 -0.0949 37.2117
304 400 -0.1748 -0.1209 187.9004
336 400 -0.0635 -0.1545 149.2518
368 400 -0.0555 -0.1264 203.4608
400 400 -0.0064 -0.0134 109.4152
432 400 -0.0138 -0.0097 112.8799
464 400 -0.0013  0.0201 204.7675
496 400  0.0140  0.0914 150.6439
528 400 -0.0166 -0.0077 153.8656
560 400  0.0178  0.0379 54.6296
592 400  0.0204  0.0683 72.5904
624 400  0.0113  0.0674 113.9465
656 400  0.0009  0.0411 171.3468
 16 432 -0.3110 -0.0794 18.8944
 48 432 -0.3972 -0.4045 178.0011
 80 432 -0.6225 -0.4278 179.3999
112 432 -0.3969 -0.3256 236.5891
144 432 -0.7318 -0.7537 111.9288
176 432 -0.1252 -0.5379 79.5549
208 432 -0.4115 -0.4885 201.2914
240 432 -0.1087 -0.1747 27.5688
272 432 -0.1134 -0.4280 89.6435
304 432 -0.1300 -0.1727 83.7628
336 432 -0.1343 -0.1547 205.6169
368 432 -0.0742 -0.1217 119.9740
400 432 -0.0616 -0.0442 100.8707
432 432 -0.0144 -0.0094 78.7635
464 432 -0.0236  0.0011 256.8435
496 432  0.0183  0.0203 86.3028
528 432  0.0133  0.0651 91.0511
560 432  0.0152  0.0762 86.1188
592 432 -0.0032  0.0740 281.9335
624 432  0.0103  0.0194 94.6713
656 432 -0.0150  0.0552 163.9191
 16 464 -0.4923 -0.1349 60.3729
 48 464 -0.2019 -0.3247 45.6548
 80 464 -0.8480 -0.8779 47.0106
112 464 -0.1552 -0.3128 15.3140
144 464 -1.0119 -0.6208 34.7462
176 464 -0.8245 -0.4787 127.3322
208 464 -0.3909 -0.3964 178.4155
240 464 -0.4664 -0.3777 116.3969
272 464 -0.1575 -0.2609 341.7898
304 464 -0.1445 -0.2699 141.2028
336 464 -0.1664 -0.1633 136.7899
368 464 -0.0873 -0.1357 168.0932
400 464 -0.1116 -0.1277 303.7138
432 464  0.0112 -0.0238 237.7414
464 464 -0.0172  0.0039 29.2820
496 464  0.0385  0.0815 136.6846
528 464  0.0562  0.0025 200.9641
560 464  0.0200  0.0300 204.5139
592 464  0.0189  0.0473 220.0196
624 464  0.0177  0.0202 87.8728
656 464 -0.0374  0.0428 297.7570
 16 496 -0.6736 -0.1584 211.1747
 48 496 -1.0897 -0.4850 48.4888
 80 496 -0.1714 -0.2513 205.7100
112 496 -0.7284 -0.3203 145.8248
144 496 -0.3850 -0.7027 114.1569
176 496 -0.6391 -0.2683 217.5546
208 496 -0.4176 -0.6118 102.6971
240 496 -0.7427 -0.5592 191.1755
272 496 -0.2909 -0.7180 55.9112
304 496 -0.0318 -0.1897 26.3888
336 496 -0.0456 -0.2701 40.9297
368 496 -0.0967 -0.2644 143.0768
400 496 -0.0488 -0.2225 153.7934
432 496  0.0274 -0.1450 125.0930
464 496  0.0179 -0.0571 120.3093
496 496  0.0463  0.0090 104.5425
528 496  0.0141  0.0323 47.7821
560 496  0.0389  0.0817 228.8738
592 496  0.0763  0.0200 37.4539
624 496  0.0315  0.0920 178.1588
656 496  0.0027  0.0807 109.8996
 16 528 -0.3214 -0.2572 40.0051
 48 528 -1.4269 -1.3811 42.5196
 80 528 -0.7966 -0.5506 137.4978
112 528 -0.2608 -0.4341 45.4053
144 528 -0.2761 -0.3445 11.7481
176 528 -0.4267 -0.4505 76.1500
208 528 -0.7840 -0.6336 139.3523
240 528 -0.1913 -0.6639 86.3084
272 528 -0.4590 -0.5334 70.3291
304 528 -0.3740 -0.5155 140.1852
336 528 -0.2104 -0.5406 149.0400
368 528 -0.1322 -0.2528 248.6069
400 528 -0.0293 -0.1878 136.8937
432 528  0.0135 -0.3017 72.7789
464 528  0.0634 -0.0485 140.8369
496 528  0.0544 -0.0338 149.9704
528 528  0.0268  0.0919 152.6793
560 528  0.0872  0.1134 102.6172
592 528  0.0477  0.0840 50.5661
624 528  0.0718  0.0626 31.1378
656 528  0.0434  0.1066 144.4465
 16 560 -0.2323 -0.0923 20.4331
 48 560 -0.4214 -0.3861 61.2459
 80 560 -0.6319 -0.4453 139.8460
112 560 -0.9644 -1.1754 144.4227
144 560 -0.8468 -1.0226 10.5525
176 560 -0.9129 -0.7840 52.3888
208 560 -0.3954 -0.2996 129.2604
240 560 -0.4486 -0.9469 88.4266
272 560 -0.0943 -0.4920 47.8807
304 560 -0.2852 -0.4882 24.6583
336 560 -0.1555 -0.6782 96.4431
368 560 -0.0413 -0.6099 110.8828
400 560  0.0778 -0.3158 248.5704
432 560  0.0981 -0.2451 98.6094
464 560  0.1342 -0.0349 114.6087
496 560  0.2250  0.0310 298.3587
528 560  0.1399  0.0777 161.4775
560 560  0.0936  0.0974 129.7783
592 560  0.0882  0.1198 293.5941
624 560  0.0117  0.1422 140.2109
656 560  0.0198  0.1194 204.9388
 16 592 -0.8484 -0.3083 52.6455
 48 592 -0.9427 -0.9309 56.9244
 80 592 -1.1589 -0.2784 138.7139
112 592 -0.9432 -0.6084 104.1930
144 592 -0.6938 -0.6672 137.9390
176 592 -1.0058 -0.9304 44.0472
208 592 -0.8556 -0.6213 26.6133
240 592 -0.5469 -0.8650 90.6991
272 592 -0.7760 -1.1108 190.2925
304 592 -0.2787 -0.9541 171.9585
336 592 -0.1321 -0.8269 93.4282
368 592  0.0041 -0.8762 133.7697
400 592  0.0870 -0.5361 174.2604
432 592  0.3893 -0.3301 77.7425
464 592  0.1561 -0.0519 116.7975
496 592  0.1996  0.0469 96.0997
528 592  0.0959  0.1188 77.7028
560 592  0.1903  0.1668 122.3304
592 592  0.0725  0.1596 183.6687
624 592  0.0598  0.1557 59.8455
656 592  0.0065  0.1348 83.9914
 16 624 -0.3902 -0.1222 224.2366
 48 624 -0.3269 -0.0486 100.3268
 80 624 -1.2825 -0.3120 40.7321
112 624 -0.9750 -0.7936 27.6675
144 624 -0.8540 -0.3850 351.7610
176 624 -0.9352 -0.8623 154.3009
208 624 -0.4533 -0.5228 243.7032
240 624 -0.1797 -0.2941 62.9994
272 624 -0.8725 -1.2486 53.0707
304 624 -0.4683 -0.9503 134.9311
336 624 -0.1158 -1.0888 203.1823
368 624 -0.0646 -0.7501 214.7191
400 624  0.3433 -0.6974 119.1673
432 624  0.2924 -0.4478 146.5633
464 624  0.2613 -0.1057 194.9622
496 624  0.3925  0.0788 49.2862
528 624  0.2524  0.1527 100.5305
560 624  0.2688  0.3444 123.2606
592 624  0.1459  0.2101 78.6061
624 624  0.0106  0.3403 95.8673
656 624  0.0381  0.2412 107.6030
 16 656 -0.1261 -0.0981 245.2688
 48 656 -0.3293  0.1096 156.4862
 80 656 -0.2903 -0.5038 171.1507
112 656 -0.3610 -0.6729 200.7118
144 656 -0.5158 -0.1086 74.6245
176 656 -0.9519 -0.8708 129.9685
208 656 -1.2827 -0.9734 92.9757
240 656 -1.1818 -1.1713 48.5665
272 656 -0.3724 -1.3731 92.6836
304 656 -0.2071 -0.7196 17.9529
336 656 -0.6154 -1.7479 125.4691
368 656 -0.3611 -0.9376 61.6596
400 656 -0.6643 -1.5402 96.9242
432 656 -0.7277 -0.9347 95.5861
464 656 -0.2254 -0.2543 223.9550
496 656  0.2498  0.0991 215.1578
528 656  0.3297  0.1602 180.7483
560 656  0.1514  0.1656 147.4227
592 656  0.1104  0.4265 110.4851
624 656  0.0686  0.2890 54.7324
656 656  0.0801  0.3166 57.1266
 16 688 -0.1624 -0.1617 255.6129
 48 688 -0.2791 -0.2627 77.8857
 80 688 -0.2115 -0.0978 282.8378
112 688 -0.3814 -0.2271 42.4919
144 688 -0.4001 -0.4381 50.9085
176 688 -1.2414 -0.7705 63.0099
208 688 -1.2835 -0.8800 35.6076
240 688 -2.3403 -2.0019 148.1729
272 688 -1.7739 -2.0341 49.9466
304 688 -1.2864 -2.0188 58.3435
336 688 -1.1809 -0.9691 68.6157
368 688 -2.0827 -1.3964 115.9012
400 688 -2.1271 -1.0812 45.7696
432 688 -1.4203 -0.7735 39.1408
464 688 -0.9358 -0.6914 175.0761
496 688 -0.3791 -0.0938 100.8635
528 688 -0.0869  0.2108 230.8019
560 688  0.0982  0.1820 256.8920
592 688  0.1334  0.5260 91.2476
624 688  0.1400  0.4575 219.0051
656 688  0.0608  0.3458 127.2796
 16 720 -0.1270 -0.1367 117.4452
 48 720 -0.2723 -0.1185 87.4653
 80 720 -1.0382 -0.0204 72.6498
112 720 -0.7281 -0.4279 307.1032
144 720 -0.6721 -0.4904 153.2682
176 720 -1.0071 -0.5016 18.9474
208 720 -1.8890 -1.0495 28.4616
240 720 -1.5418 -1.2600 69.3555
272 720 -1.3578 -0.9402 76.9303
304 720 -2.3137 -1.8776 23.8509
336 720 -2.2604 -1.2339 145.3918
368 720 -2.7357 -1.0624 165.5326
400 720 -2.8794 -1.2647 140.0709
432 720 -2.3193 -0.8428 96.6002
464 720 -2.4089 -1.0463 69.7398
496 720 -1.5336 -0.9306 99.8750
528 720 -1.1912 -0.5150 220.2241
560 720 -0.5402  0.1139 138.8994
592 720 -0.1226  0.4019 83.9456
624 720  0.0343  0.4315 176.9076
656 720  0.0388  0.3219 105.6031
 16 752 -0.0936 -0.1174 47.0381
 48 752 -0.0943 -0.1135 41.5863
 80 752 -0.1847 -0.1328 124.9393
112 752 -0.3425 -0.1006 108.9504
144 752 -0.1958 -0.1016 18.1885
176 752 -1.2692 -0.2854 186.1279
208 752 -0.9001 -0.3581 96.9692
240 752 -1.1945 -0.7367 14.6316
272 752 -2.1256 -1.8567 19.5464
304 752 -2.8177 -2.2498 18.5076
336 752 -0.0975 -0.0064 13.7836
368 752 -2.1789  0.2774 69.8310
400 752 -1.7615 -0.4510 34.9190
432 752 -2.5491 -1.3535 24.0333
464 752 -2.4139 -0.9784 53.0153
496 752 -1.9553 -0.9386 40.6056
528 752 -1.8952 -0.8257 108.7004
560 752 -0.8055 -0.0671 58.2421
592 752 -0.5571  0.0691 87.2782
624 752 -0.1328  0.3721 120.7264
656 752  0.0500  0.5446 82.6984
 16 784 -0.0671 -0.0080 16.1677
 48 784 -0.0628 -0.0127 67.7930
 80 784 -0.1132 -0.0621 170.0335
112 784 -0.6813 -0.1903 58.7757
144 784 -0.7593 -0.1256 279.7961
176 784 -0.4222 -0.1160 17.8372
208 784 -1.0490 -0.2268 120.4247
240 784 -1.1827 -0.4097 232.3777
272 784 -0.0631 -0.1092 11.4356
304 784 -2.2171 -2.0576 103.6586
336 784 -0.2056 -0.0041 14.2829
368 784 -0.0631  0.3450 10.3543
400 784 -0.2063  0.2997  7.0875
432 784 -0.3167  0.1606 14.2820
464 784 -0.8866 -0.0725 73.6408
496 784 -1.0592 -0.6046 28.9213
528 784 -1.1616 -0.5870 53.1367
560 784 -0.9333 -0.2276 92.6314
592 784 -0.6334 -0.0646 32.0944
624 784 -0.2154  0.2156 44.9775
656 784 -0.0655  0.2979 103.1122
 16 816  0.0167 -0.0149 17.4737
 48 816 -0.0610 -0.0221 97.7778
 80 816 -0.0564 -0.0275 293.6497
112 816 -0.0789  0.0114 100.8545
144 816 -0.3737  0.0216 110.0183
176 816 -0.1856 -0.0091 153.8855
208 816 -1.0360 -0.0987 146.1279
240 816 -1.0136 -0.6933 166.3391
272 816 -1.1329 -1.3093 39.8066
304 816 -1.3486 -1.8399 24.9186
336 816 -0.2715 -0.0298 12.7388
368 816 -0.0983  0.1930  5.4052
464 816 -0.0222  0.0794  4.4724
496 816 -0.0074  0.0087 11.5737
528 816 -1.2102 -0.5257 65.8761
560 816 -0.9851 -0.2353 53.6422
592 816 -0.6494 -0.0786 38.4109
624 816 -0.3018  0.0748 54.8375
656 816 -0.1023  0.1647 53.2083
 16 848  0.0019  0.0077 21.1851
 48 848 -0.0032  0.0040 44.7848
 80 848 -0.0264  0.0005 258.9464
112 848 -0.1510  0.0222 48.9267
144 848 -0.2029  0.0189 103.4159
176 848 -0.1640  0.0811 260.3043
208 848 -0.1880  0.1839 223.4392
240 848 -0.8094 -0.4689 144.7844
272 848 -0.9368 -1.4426 152.3094
304 848 -1.2905 -1.8212 11.1609
336 848  0.0174  0.8861 47.1925
368 848 -0.0517  0.1786  4.1836
496 848  0.0294 -0.0294  4.1967
528 848  0.0211 -0.0958 57.3906
560 848 -0.2220 -0.1055 44.8845
592 848 -0.3836 -0.0363 80.1057
624 848 -0.1776  0.1327 90.4436
656 848 -0.0782  0.2342 49.9480
 16 880  0.0456  0.0074 28.5427
 48 880  0.0053  0.0182 256.1944
 80 880 -0.0181  0.0161 122.5658
112 880 -0.0154 -0.0030 138.5351
144 880 -0.0282  0.0533 169.8472
176 880 -0.1173  0.0522 90.0364
208 880 -0.4429  0.0411 87.3640
240 880 -0.8214 -0.6451 176.6200
272 880 -0.8760 -1.0487 41.4375
304 880 -1.0839 -1.8422 68.1268
336 880  0.0299 -0.1296 15.5345
368 880 -0.3630  0.3003  6.4098
528 880  0.0302 -0.0344 13.4834
560 880 -0.1498  0.1896  7.4747
592 880 -0.0433  0.0313 17.3917
624 880 -0.2550  0.1044 14.9240
656 880 -0.1008  0.1002 28.7854
 16 912  0.0033  0.0410 79.8634
 48 912  0.0553  0.0244 28.5713
 80 912  0.0277  0.0628 82.0958
112 912  0.0013  0.0416 181.0252
144 912  0.0099  0.0918 268.4444
176 912 -0.0066  0.0696 304.3586
208 912 -0.0234  0.0884 266.9117
240 912 -0.1029 -0.0732 48.3616
272 912 -0.5657 -1.0448 144.5469
304 912 -1.1147 -1.8325 51.2985
336 912 -0.9299 -1.1673 20.0783
368 912 -0.2026  0.1966 53.7929
400 912 -0.1992  0.1733  4.9679
528 912  0.0257  0.0286  4.2923
592 912 -0.1257  0.2015  5.5073
624 912 -2.3741  0.4453  7.8792
656 912 -0.0665  0.1065 14.6590
 16 944  0.0442 -0.0182 64.3863
 48 944  0.0180  0.0017 16.3306
 80 944  0.0286  0.0377 154.7790
112 944  0.0361  0.0200 251.5311
144 944  0.0456  0.0557 76.0939
176 944  0.0347  0.1461 122.6208
208 944  0.0875  0.1735 158.1791
240 944  0.2484  0.0322 186.2987
272 944 -0.0632 -0.3247 16.7253
304 944 -0.1438 -0.9736 212.6646
336 944 -0.5713 -1.3376 54.9467
368 944 -0.9308 -1.0701 13.6503
400 944 -0.2004  0.3871 17.6436
432 944 -0.0339  0.3096  6.5565
464 944  0.0504  0.0603  6.8468
496 944  0.0100 -0.0068 10.6758
528 944  0.1418 -0.0449  4.3359
624 944 -0.2301  0.2821  4.8937
656 944 -0.1279  0.1173  9.3335
 16 976  0.0400  0.0050 27.0804
 48 976  0.0408  0.0785 99.0838
 80 976  0.1310  0.0283 189.7329
112 976  0.0431  0.0626 436.2512
144 976  0.1400 -0.0216 180.0733
176 976  0.0906  0.1154 212.2139
208 976  0.1140  0.0817 433.9978
240 976  0.1031  0.0185 83.2002
272 976  0.5468  0.1515 39.0043
304 976  0.0002 -1.1098 204.6367
336 976 -0.0042 -0.9432 31.6539
368 976 -0.7047 -1.7039 253.6868
400 976 -0.0051 -0.0338 14.0848
432 976 -0.0091 -0.0055 14.3732
464 976 -0.0075 -0.0403 11.1702
496 976  0.0403  0.3974 10.5787
528 976  0.3883 -0.1052  5.0696
656 976 -0.1170  0.1941  4.5027
 16 1008  0.0505  0.0647 38.6105
 48 1008  0.0825 -0.0135 20.9278
 80 1008  0.0464  0.0385 242.8434
112 1008  0.0528  0.0109 472.2626
144 1008  0.3508  0.0965 208.9936
176 1008  0.1541  0.0240 142.8797
208 1008  0.1752 -0.0146 161.9391
240 1008  0.1507  0.0127 224.5161
272 1008  0.1264 -0.0992 109.9008
304 1008  0.3117 -0.3040 95.8809
336 1008  0.0791 -0.5765 58.8084
368 1008 -0.0048 -0.7339 211.0540
400 1008  0.0030  0.0014 14.6505
432 1008 -0.0138 -0.0576 11.6580
464 1008  0.1705 -0.2159 14.2764
496 1008  0.0775 -0.0404 23.6648
528 1008  0.0126  0.0121 11.5453
560 1008  0.0773 -0.0809  6.6078
 16 1040  0.2024  0.0137 100.0864
 48 1040  0.0781  0.0210 39.1763
 80 1040  0.1013  0.0054 241.3072
112 1040  0.0630 -0.0104 225.8833
144 1040  0.4927  0.0022 74.7895
176 1040  0.1627  0.0485 119.9594
208 1040  0.1720 -0.0400 189.3185
240 1040  0.1481 -0.1250 23.9016
272 1040  0.2598 -0.1636 44.9846
304 1040  0.1369 -0.1192 48.5055
336 1040  0.2039 -0.4225 127.3674
368 1040  0.6251 -0.3209 81.6447
400 1040 -0.0052 -0.0368 10.3537
432 1040  0.1412 -0.2705 19.8664
464 1040  0.0450 -0.2089 20.2390
496 1040  0.1574 -0.6143  7.7960
528 1040  0.0282 -0.2148 14.0449
560 1040  0.0012 -0.0885 13.8075
592 1040 -0.1140 -0.0216  4.3714
 16 1072  0.1144 -0.0091 136.6082
 48 1072  0.0863  0.0106 57.2096
 80 1072  0.1463  0.0397 194.5408
112 1072  0.0303 -0.0693 77.6616
144 1072  0.2170  0.0345 55.8175
176 1072  0.0996 -0.0225 328.9954
208 1072  0.8075 -0.0486 99.3449
240 1072  0.1101 -0.0058 55.6366
272 1072  0.4458 -0.1058 45.9635
304 1072  0.5151 -0.2892 48.7669
336 1072  0.4116 -0.4028 135.6061
368 1072  0.1403 -0.1526 216.5273
400 1072  0.0076 -0.0376 11.9202
432 1072  0.0351 -0.0969 14.1065
464 1072  0.0251 -0.0549 27.4213
496 1072  0.1353 -0.0683 14.2008
528 1072  0.0207 -0.0284 14.4534
560 1072  0.0502 -0.0235 20.1764
592 1072 -0.0072 -0.0219 12.0694
624 1072 -0.1196 -0.0104  6.7769
656 1072 -0.0945 -0.1253  9.0144
 16 1104  0.0318 -0.0006 24.9769
 48 1104  0.0374  0.0220 19.2938
 80 1104  0.0932  0.0163 149.6822
112 1104  0.0477  0.0045 86.2802
144 1104  0.0736 -0.0049 91.4450
176 1104  0.0501 -0.0117 194.8311
208 1104  0.4155 -0.1479 187.9121
240 1104  0.2023 -0.1101 63.9237
272 1104  0.1856 -0.1675 105.4805
304 1104  0.2828 -0.1528 55.3239
336 1104  0.1236 -0.2029 198.3636
368 1104  0.2213 -0.2912 159.5060
400 1104  0.0379 -0.0223 23.1363
432 1104  0.0441 -0.0324 19.2787
464 1104  0.0437 -0.0884 28.4726
496 1104  0.8793 -0.8020 20.2192
528 1104  0.0141 -0.0572 13.4039
560 1104  0.0044 -0.0984 14.6211
592 1104 -0.0261 -0.0449 14.5571
624 1104  0.0300 -0.0096 12.6634
656 1104 -0.1455 -0.0004 12.5418
 16 1136  0.0348 -0.0029 16.1851
 48 1136  0.0373  0.0212 96.7387
 80 1136  0.1189  0.0103 41.9117
112 1136  0.0867  0.0247 101.4331
144 1136  0.0558  0.0028 54.6815
176 1136  0.0919 -0.0372 233.8380
208 1136  0.0445 -0.0298 268.8556
240 1136  0.1197 -0.1164 125.2793
272 1136  0.4443 -0.0600 25.7656
304 1136  0.2754 -0.3136 88.1980
336 1136  0.2335 -0.2293 47.5269
368 1136  0.2694 -0.1808 194.9186
400 1136  0.0253 -0.0214 15.2560
432 1136  0.0350 -0.0535 16.1309
464 1136 -0.0025 -0.0040 13.9722
496 1136 -0.0055 -0.0105 12.9252
528 1136  0.0256 -0.1641 17.5562
560 1136 -0.0237 -0.1188 10.1745
592 1136  0.0094 -0.0566 11.2935
624 1136  0.0609 -0.0780 22.1062
656 1136 -0.0791  0.0290 35.7413
 16 1168 -0.0070 -0.0111 12.1633
 48 1168 -0.0111 -0.0024 14.5291
 80 1168  0.1696 -0.0419 50.3597
112 1168  0.0080  0.0010 161.4873
144 1168  0.0689 -0.0437 313.3719
176 1168  0.3638 -0.0406 50.1293
208 1168  0.1316 -0.0072 177.5070
240 1168  0.1457 -0.0792 249.2628
272 1168  0.1670 -0.1183 83.5715
304 1168  0.1779 -0.0768 29.2421
336 1168  0.2305 -0.1413 97.4841
368 1168  0.0894 -0.2716 218.2970
400 1168  0.0601 -0.0526 11.6658
432 1168  0.0213 -0.0341 14.8705
464 1168  0.0470 -0.0899 13.0008
496 1168 -0.0048 -0.0425 12.7435
528 1168 -0.0182 -0.0243 16.1404
560 1168  0.0355 -0.0158  9.3454
592 1168 -0.0085 -0.0338 14.1284
624 1168 -0.0150  0.0354  8.8477
656 1168  0.0042 -0.1280 28.4074
 16 1200 -0.0028  0.0027 13.6481
 48 1200 -0.0035  0.0003 13.1709
 80 1200  0.0216 -0.0173 77.4426
112 1200  0.0821 -0.0476 133.9528
144 1200  0.0860 -0.0224 172.0818
176 1200  0.1799 -0.0400 200.5357
208 1200  0.1133 -0.0123 200.2245
240 1200  0.1285 -0.1954 287.4443
272 1200  0.1306 -0.0408 21.7056
304 1200  0.0292 -0.0719 114.9181
336 1200  0.1678 -0.1189 248.9977
368 1200  0.2165 -0.3135 176.8020
400 1200 -0.0057 -0.0264 18.8731
432 1200  0.0265 -0.0219 14.0565
464 1200  0.0131 -0.0911 11.8771
496 1200  0.0065 -0.1232 26.7471
528 1200 -0.0118 -0.0056 13.7452
560 1200  0.0298 -0.0716 16.6269
592 1200  0.0066 -0.0244 12.9568
624 1200  0.0131 -0.0139 14.0205
656 1200 -0.1049  0.0103 38.2247
  0   0 -0.0757  0.0062  0.0000
  0   0 -0.0423 -0.0434  0.0000
  0   0 -0.0290 -0.0917  0.0000
  0   0 -0.0955 -0.0449  0.0000
  0   0 -0.1929  0.0367  0.0000
  0   0 -0.2694  0.1115  0.0000
  0   0 -0.3035  0.1787  0.0000
  0   0 -0.2798  0.1811  0.0000
  0   0 -0.2096  0.0412  0.0000
  0   0 -0.1135  0.0333  0.0000
  0   0 -0.0373  0.0213  0.0000
  0   0  0.0498 -0.0044  0.0000
  0   0  0.1476 -0.0053  0.0000
  0   0  0.2169  0.0433  0.0000
  0   0  0.2970  0.0316  0.0000
  0   0  0.2664 -0.0316  0.0000
  0   0  0.2506 -0.1755  0.0000
  0   0  0.2443 -0.1551  0.0000
  0   0  0.2007 -0.2002  0.0000
  0   0  0.2726 -0.3100  0.0000
  0   0  0.2377 -0.4006  0.0000
  0   0  0.0377 -0.1658  0.0000
  0   0 -0.0891  0.0345  0.0000
