VARIABLES= "X pix", "Y pix", "U pix/dt", "V pix/dt", "CHC", ZONE I=21, J=30
 16 272 -0.0669 -0.1136 192.6419
 48 272 -0.0586 -0.0949 43.9400
 80 272 -0.0760 -0.2096 228.4623
112 272 -0.0115 -0.1237 291.0173
144 272 -0.0635 -0.1027 326.9603
176 272 -0.0374 -0.1406 145.6686
208 272  0.0520 -0.0958 278.5483
240 272 -0.0117 -0.0200 231.6096
272 272  0.0092 -0.0979 193.2307
304 272  0.0178 -0.0098 154.9997
336 272  0.0029  0.0253 162.4781
368 272  0.0248 -0.0178 168.3828
400 272  0.0998  0.0112 265.2460
432 272  0.0651  0.0255 115.7327
464 272  0.0866  0.0503 79.1807
496 272  0.0963  0.0278 248.1297
528 272  0.0820  0.2057 135.8447
560 272  0.0646  0.0898 65.5346
592 272  0.1012  0.0386 164.5512
624 272  0.1401  0.0023 128.0612
656 272  0.0546 -0.0011 138.6812
 16 304 -0.1091 -0.0956 154.7096
 48 304 -0.0443 -0.0875 106.6343
 80 304 -0.0494 -0.1967 154.6116
112 304 -0.0638 -0.1074 21.2278
144 304 -0.0401 -0.1313 255.5117
176 304 -0.0687 -0.1093 92.8155
208 304 -0.0959 -0.1371 300.6949
240 304 -0.0152 -0.0880 246.6840
272 304  0.0404 -0.0450 96.0623
304 304  0.0012 -0.0264 329.1794
336 304  0.0464 -0.0408 129.1130
368 304  0.0317 -0.0336 129.1674
400 304  0.0354  0.0259 28.0155
432 304  0.0452  0.0463 80.7241
464 304  0.0714  0.0266 151.8142
496 304  0.1173  0.0354 190.8587
528 304  0.0998  0.0276 82.7179
560 304  0.0480  0.0412 173.0985
592 304  0.0581  0.0618 148.4226
624 304  0.0443  0.0170 96.1196
656 304  0.0956  0.0259 150.0143
 16 336 -0.1062 -0.2682 168.5723
 48 336 -0.0846 -0.1180 15.8954
 80 336 -0.1444 -0.3617 172.9628
112 336 -0.1463 -0.2549 160.9835
144 336 -0.1404 -0.3883 202.2736
176 336 -0.0639 -0.0860 218.5201
208 336 -0.1081 -0.1307 533.2528
240 336 -0.0723 -0.1137 79.8798
272 336 -0.0478 -0.0610 25.2547
304 336 -0.0313 -0.0832 258.9988
336 336  0.0739 -0.0735 144.8037
368 336  0.0301 -0.0224 146.6349
400 336  0.0606 -0.0270 25.6479
432 336  0.0556  0.0152 146.5217
464 336  0.0639  0.0329 147.9676
496 336  0.0280  0.0857 131.0420
528 336  0.0259  0.0292 179.8769
560 336  0.0731  0.0121 134.9160
592 336  0.0779  0.0093 271.7207
624 336  0.0814  0.0240 101.3883
656 336  0.0451  0.0054 185.8748
 16 368 -0.0765 -0.2052 56.2631
 48 368 -0.2517 -0.5021 62.7432
 80 368 -0.2708 -0.4130 198.5271
112 368 -0.0715 -0.1556 76.0909
144 368 -0.1565 -0.3100 46.6658
176 368 -0.1817 -0.0792 20.6552
208 368 -0.0420 -0.2111 211.6458
240 368 -0.0631 -0.2384 93.5616
272 368 -0.0211 -0.1315 137.8751
304 368 -0.0124 -0.0484 146.4770
336 368 -0.0039 -0.1369 374.0855
368 368  0.0172 -0.0146 316.9438
400 368  0.0264 -0.0048 310.0294
432 368  0.0644  0.0036 194.7487
464 368  0.0602  0.0090 98.2679
496 368  0.1136  0.0234 231.1530
528 368  0.0984  0.0153 91.5082
560 368  0.1159  0.0678 149.9956
592 368  0.0647  0.0203 219.9548
624 368  0.0746  0.0239 190.4830
656 368  0.0335 -0.0122 222.8219
 16 400 -0.0632 -0.6259 77.7322
 48 400 -0.0495 -0.0820 47.8418
 80 400 -0.2294 -0.5050 156.6813
112 400 -0.2833 -0.2369 89.7725
144 400 -0.1351 -0.1207 32.5474
176 400 -0.5139 -0.2168 58.4697
208 400 -0.1225 -0.2008 147.5251
240 400 -0.0674 -0.0871 71.3763
272 400 -0.0409 -0.1125 246.6426
304 400 -0.0399 -0.1167 175.8750
336 400 -0.0069 -0.1312 128.1582
368 400  0.0134 -0.0469 166.2984
400 400  0.0484 -0.0160 84.2577
432 400  0.0589 -0.0049 206.2434
464 400  0.0514 -0.0042 205.8691
496 400  0.0926  0.0176 64.4940
528 400  0.0878  0.0085 160.5822
560 400  0.0897  0.0250 249.2678
592 400  0.0542  0.0298 168.8175
624 400  0.0715  0.0060 151.9714
656 400  0.0451  0.0048 106.2086
 16 432 -0.5077 -0.5171 51.7437
 48 432 -0.3298 -0.2871 126.8161
 80 432 -0.1889 -0.6133 219.7696
112 432 -0.0980 -0.9603 25.6826
144 432 -0.3640 -0.4347 322.0174
176 432 -0.3057 -0.4489 176.4339
208 432 -0.1458 -0.6035 47.0476
240 432 -0.1538 -0.3004 266.8099
272 432 -0.1678 -0.2654 303.6589
304 432 -0.1885 -0.3146 271.9764
336 432 -0.0295 -0.1389 280.1268
368 432  0.0073 -0.0596 211.5505
400 432  0.0583 -0.0323 239.4178
432 432  0.0516 -0.0121 110.5205
464 432  0.0669  0.0070 78.6628
496 432  0.1043  0.0226 108.8623
528 432  0.0700  0.0282 49.9312
560 432  0.1177  0.0331 117.0754
592 432  0.0681 -0.0043 137.7357
624 432  0.0427  0.0272 104.6588
656 432  0.0930  0.0508 102.1536
 16 464 -0.2036 -0.3251 15.1628
 48 464 -0.7363 -0.5482 122.9292
 80 464 -0.2261 -0.5153 152.2619
112 464 -0.1742 -0.4181 167.5459
144 464 -0.3982 -0.4010 37.5469
176 464 -0.2022 -0.4536 151.0769
208 464 -0.1606 -0.4142 131.1640
240 464 -0.2175 -0.4490 172.8383
272 464 -0.1997 -0.2452 256.9693
304 464 -0.0818 -0.2244 87.4562
336 464 -0.0647 -0.3358 235.5333
368 464  0.0156 -0.1042 189.3669
400 464  0.0258 -0.0801 88.7661
432 464  0.0339 -0.1607 76.9070
464 464  0.0653 -0.0363 157.2833
496 464  0.0500  0.0024 18.5955
528 464  0.0514  0.0456 163.5174
560 464  0.0912  0.0277 107.6480
592 464  0.1056  0.0399 101.8953
624 464  0.0852  0.0068 149.7277
656 464  0.0575 -0.0258 223.6994
 16 496 -0.6943 -0.2173 38.6576
 48 496 -0.2194 -0.3397 134.6928
 80 496 -0.2379 -0.2813 146.4137
112 496 -0.6115 -0.9776 214.0981
144 496 -0.2064 -0.3064 194.9404
176 496 -0.6663 -0.3266 231.6908
208 496 -0.3798 -0.6166 160.8841
240 496 -0.1926 -0.5663 86.9131
272 496 -0.0514 -0.1221 445.0089
304 496 -0.0726 -0.4290 59.9517
336 496 -0.0355 -0.3993 214.4690
368 496 -0.0210 -0.1283 71.7074
400 496  0.0286 -0.0597 88.1177
432 496  0.0791 -0.0844 156.7043
464 496  0.0654 -0.0948 278.6257
496 496  0.1106  0.0009 181.5910
528 496  0.1507  0.0321 125.0615
560 496  0.0868  0.0144 134.3458
592 496  0.1400  0.0431 42.6127
624 496  0.0919 -0.0151 113.7509
656 496  0.1157  0.0489 112.2778
 16 528 -0.2689 -0.1344 24.3221
 48 528 -0.7238 -0.4780 52.0889
 80 528 -0.3107 -0.4353 22.5708
112 528 -0.7423 -0.4285 199.3412
144 528 -0.1951 -0.5002 23.4892
176 528 -0.3225 -0.6701 155.4923
208 528 -0.5780 -0.5605 122.0058
240 528 -0.2577 -0.2814 72.8731
272 528 -0.1210 -0.6571 219.6443
304 528 -0.1415 -0.5889 210.4162
336 528 -0.1339 -0.2597 182.3223
368 528 -0.0482 -0.1907 146.1059
400 528  0.0747 -0.1917 124.2506
432 528  0.0292 -0.0819 290.0362
464 528  0.1245 -0.0514 282.8669
496 528  0.0386  0.0145 69.9038
528 528  0.0621  0.0102 115.2061
560 528  0.1432  0.0209 152.3002
592 528  0.1190  0.0556 62.5491
624 528  0.0861  0.0345 35.9954
656 528  0.1042  0.0092 140.4794
 16 560 -0.3647 -0.2540 44.0836
 48 560 -0.2852 -0.2464 169.2129
 80 560 -1.1176 -0.6847 54.5912
112 560 -0.5582 -0.6821 113.2714
144 560 -0.7616 -0.8646 35.9182
176 560 -0.4721 -0.6195 119.4724
208 560 -0.3642 -0.6823 72.6331
240 560 -0.7470 -0.8029 189.4953
272 560 -0.3619 -0.7257 104.1275
304 560 -0.4038 -0.4902 187.8309
336 560 -0.0588 -0.5896 255.3807
368 560 -0.0367 -0.3755 58.1532
400 560 -0.0113 -0.0683 271.5056
432 560  0.0585 -0.1767 111.0577
464 560  0.1219 -0.0475 116.6469
496 560  0.1102 -0.0096 75.8379
528 560  0.1300 -0.0188 194.8431
560 560  0.0793  0.0198 135.4796
592 560  0.1291  0.0286 179.4541
624 560  0.0925  0.0139 113.6976
656 560  0.1015 -0.0053 66.2390
 16 592 -0.5965 -0.1288 134.2365
 48 592 -0.2688 -0.3959 19.7956
 80 592 -0.3221 -0.3639 92.4518
112 592 -0.8714 -0.8018 170.1033
144 592 -0.2059 -0.3588 156.4459
176 592 -0.8486 -1.0178 45.0265
208 592 -0.9638 -1.2233 232.2145
240 592 -0.0892 -0.2046 12.8651
272 592 -0.4419 -0.8077 109.5429
304 592 -0.2188 -0.8004 73.9374
336 592 -0.1411 -0.7849 74.4060
368 592 -0.1398 -0.5047 121.8862
400 592 -0.0355 -1.0442 259.6093
432 592  0.0447 -0.1461 39.7120
464 592  0.1291 -0.0983 177.6272
496 592  0.1507 -0.0211 108.0890
528 592  0.1787  0.0471 83.8568
560 592  0.1583  0.0641 283.3613
592 592  0.1377  0.0124 60.5107
624 592  0.0623 -0.0665 134.3740
656 592  0.1955 -0.0193 258.1187
 16 624 -0.1268 -0.0675 48.5933
 48 624 -0.3508 -0.1886 44.6992
 80 624 -0.3023 -0.4931 28.4492
112 624 -0.8403 -0.3327 62.6685
144 624 -1.0384 -0.7711 135.2513
176 624 -0.7926 -0.9544 183.8522
208 624 -0.9769 -1.2413 112.6918
240 624 -0.6711 -0.9625 29.6758
272 624 -0.0161 -0.0619 29.8086
304 624 -0.7060 -0.8872 20.3582
336 624 -0.7656 -0.9558 61.4872
368 624 -0.6654 -0.7010 80.9024
400 624 -0.6267 -0.7328 193.1474
432 624 -0.1051 -0.1618 22.6786
464 624 -0.0561 -0.1841 207.9032
496 624 -0.0455 -0.1303 138.8925
528 624  0.0787 -0.0436 176.0595
560 624  0.1599  0.0365 195.0863
592 624  0.1313  0.0151 115.0706
624 624  0.1391  0.0444 46.9558
656 624  0.0874 -0.0979 108.1767
 16 656 -0.3349 -0.3312 42.1948
 48 656 -0.2265 -0.2733 207.9212
 80 656 -0.7440 -0.7171 100.4743
112 656 -0.4122 -0.3505 230.4843
144 656 -0.3142 -0.3163 27.8817
176 656 -1.3690 -1.0911 89.4249
208 656 -1.1013 -1.0823 72.0666
240 656 -0.8982 -1.1396 43.4170
272 656 -1.1346 -1.1619 92.4759
304 656 -0.1611 -0.0794  9.8362
336 656 -1.6360 -1.0423 188.6570
368 656 -1.0259 -0.9086 113.3704
400 656 -1.2287 -0.9912 96.1195
432 656 -0.4594 -0.3548 41.2834
464 656 -0.5005 -0.4662 35.1702
496 656 -0.1291 -0.1070 133.6136
528 656 -0.0032 -0.0584 68.7027
560 656  0.1204 -0.0059 142.3935
592 656  0.2054 -0.0122 161.4169
624 656  0.0798 -0.0343 269.2500
656 656  0.2035 -0.0077 179.8081
 16 688 -0.0486 -0.0418 21.5356
 48 688 -0.1531 -0.2008 245.0720
 80 688 -0.3791 -0.1958 113.3243
112 688 -0.1734 -0.1264 254.1672
144 688 -1.0956 -0.6438 48.2243
176 688 -0.9755 -1.1717 160.3532
208 688 -1.0407 -1.2958 158.7607
240 688 -1.2415 -1.1228 77.1677
272 688 -1.2928 -1.0818 76.8356
304 688 -1.3433 -0.8579 67.7346
336 688 -1.4483 -0.7863 130.8946
368 688 -1.4309 -0.2572 120.1870
400 688 -1.5961 -0.8680 75.8134
432 688 -1.1437 -0.5593 156.8093
464 688 -1.4070 -0.7660 157.3247
496 688 -0.6986 -0.5813 75.3289
528 688 -0.1759 -0.3632 110.8291
560 688 -0.0721 -0.1256 39.3117
592 688  0.0806 -0.0062 160.7698
624 688  0.1604  0.0340 225.1799
656 688  0.0870 -0.0610 56.2125
 16 720 -0.0188 -0.0536 208.9425
 48 720 -0.0603 -0.0711 79.2509
 80 720 -0.2287 -0.1875 240.3847
112 720 -0.2259 -0.1058 117.5742
144 720 -0.1698 -0.0213 121.1608
176 720 -0.2242 -0.0454 187.8848
208 720 -1.1487 -1.0801 145.3438
240 720 -0.9265 -0.8578 24.3948
272 720 -1.5206 -1.0631 159.9396
304 720 -1.2528 -0.7203 145.3585
336 720 -1.3747 -0.2331 161.3786
368 720 -1.1867 -0.0458 185.1218
400 720 -1.8258 -0.1516 78.6478
432 720 -2.2110 -0.7397 55.7576
464 720 -1.6319 -1.1956 87.9219
496 720 -1.4958 -0.9182 137.3711
528 720 -0.2712 -0.3821 199.5265
560 720 -0.0864 -0.2201 92.6713
592 720  0.0292 -0.0455 122.1225
624 720  0.0288 -0.0242 61.5055
656 720  0.0452 -0.0725 60.4610
 16 752  0.0066 -0.0208 102.7846
 48 752 -0.0480 -0.0562 125.6894
 80 752 -0.1460 -0.0587 193.4344
112 752 -0.2646 -0.1158 164.8725
144 752 -0.2016 -0.0929 160.9617
176 752 -0.3294 -0.1747 88.7117
208 752 -1.4903 -1.1956 252.0872
240 752 -1.0394 -0.7372 162.3105
272 752 -1.0379 -1.1517 73.1703
304 752 -1.3298 -0.1009 193.4838
336 752 -0.5266  0.2604 164.8164
368 752 -0.7229  0.4942 105.8139
400 752  0.0417  0.0803 29.7579
432 752 -0.3088 -0.2958 35.1675
464 752  0.0263 -0.0835 27.7090
496 752 -1.1050 -1.0183 67.4430
528 752 -0.5459 -0.8466 36.3010
560 752 -0.1859 -0.4192 104.4330
592 752 -0.0410 -0.1832 136.9984
624 752 -0.0187 -0.0782 133.3243
656 752 -0.0608 -0.0643 23.2017
 16 784  0.0188 -0.0601 22.5037
 48 784  0.0583 -0.0579 95.8681
 80 784 -0.0179 -0.0585 38.7697
112 784 -0.0411 -0.1701 306.4613
144 784 -0.1437 -0.0419 37.3426
176 784 -1.1338 -0.9387 59.7443
208 784 -0.4777 -0.5527 131.0184
240 784 -0.5080 -1.4246 93.1653
272 784 -0.6229 -1.2862 25.9524
304 784 -1.2734 -0.1568 77.7859
336 784  0.2629  0.4898 138.8485
368 784  1.1799  2.8972 44.9755
400 784  0.1391 -1.1982 22.4028
432 784  0.1545 -2.7296  4.4064
464 784  0.0750 -0.1976  4.0850
496 784  0.4008 -0.4923  6.2806
528 784  0.0552 -0.2696 87.8670
560 784 -0.1500 -0.2755 43.8310
592 784 -0.1061 -0.2798 81.4185
624 784 -0.0091  0.0837 24.0286
656 784 -0.0353  0.0113 23.1443
 16 816  0.3028 -0.0073 46.1700
 48 816  0.1237 -0.0327 115.9683
 80 816  0.0368 -0.0782 141.1347
112 816  0.0417 -0.0345 209.5389
144 816 -0.0014 -0.0138 237.2208
176 816 -0.0965 -0.1865 38.4384
208 816 -0.1773 -0.1834 28.6427
240 816 -0.2185 -0.9348 65.2458
272 816 -0.1517 -0.8708 118.9784
304 816  0.6527 -0.4562 131.3849
336 816  0.7493  0.3428 41.9474
368 816  0.2912  0.1282 37.6847
400 816  0.1062 -0.7673 17.0180
432 816  0.4494 -1.2068  7.3460
464 816  0.1648 -0.6748  8.3192
496 816  0.1590 -0.2585  4.7035
528 816  0.2056 -0.2205 12.1911
560 816 -0.1323 -0.1975 72.1633
592 816 -0.1085 -0.0924 112.3039
624 816 -0.0430 -0.0008 61.9550
656 816  0.0323  0.0393 126.9338
 16 848  0.2476 -0.0034 37.8243
 48 848  0.0852 -0.0118 47.3098
 80 848  0.1348 -0.0267 60.1815
112 848  0.0530 -0.0075 343.4470
144 848  0.0260 -0.0622 41.7382
176 848 -0.0187 -0.0930 25.8109
208 848  0.0808 -0.4627 94.4246
240 848  0.0771 -0.8818 214.1100
272 848  0.6940 -1.0948 88.6104
304 848  0.3577 -0.3605 40.1924
336 848  0.0163 -0.0165 12.6236
368 848  0.0189  0.0638 18.4366
400 848  0.0777 -0.4150 15.7693
432 848  0.0947 -0.0809  8.8761
464 848  0.5340 -0.2278  8.2796
496 848  0.1543 -0.0196  6.2061
528 848  0.0761 -0.0160 10.1590
560 848 -0.0418  0.0363 59.0497
592 848 -0.0476  0.0119 89.8979
624 848 -0.0859  0.0694 50.9836
656 848 -0.0188  0.0592 57.8245
 16 880  0.0409 -0.0202 17.9379
 48 880  0.1089  0.0018 96.5192
 80 880  0.0739 -0.0488 177.9293
112 880  0.0794 -0.0665 237.9381
144 880  0.1109 -0.0197 111.0167
176 880  0.3373 -0.2412 291.8269
208 880  0.1722 -0.3687 70.7243
240 880  0.1635 -1.1234 202.0320
272 880  0.2768 -1.2061 107.4333
304 880  1.5405 -2.4484 47.3506
336 880  2.7748 -1.1566 19.6141
368 880 -0.1395  0.3379 12.6417
400 880 -0.1224  0.1337 11.0852
432 880 -0.0652  0.0729 11.8473
464 880  0.1350 -0.0384  8.7040
528 880 -0.0207  0.0014 13.0480
560 880 -0.0638  0.1565 16.4976
592 880 -0.0155  0.0724 56.5517
624 880 -0.0871  0.1240 76.2435
656 880 -0.0811  0.1465 40.1650
 16 912  0.1385 -0.0230 54.1385
 48 912 -0.0142 -0.0091 16.0332
 80 912  0.5874 -0.0155 147.1807
112 912  0.1397 -0.0068 223.3809
144 912  0.3410 -0.2598 247.9075
176 912  0.2450 -0.1206 92.0696
208 912  0.2263 -0.2529 42.1094
240 912  0.4888 -0.8487 240.8643
272 912  0.3607 -1.1943 156.3918
304 912  1.3125 -2.7376 24.1728
336 912  0.0459  0.1570 19.4855
368 912 -0.0592  0.0730  7.8542
400 912  0.0105  0.9623 11.5332
432 912  0.1234  0.3260  7.8325
464 912  0.0020  0.1400  4.8831
528 912 -0.0510  0.0510  4.5094
560 912 -0.0513  0.0426 10.5332
592 912 -0.0176  0.0278 27.6480
624 912 -0.0236  0.1647 18.8496
656 912 -0.0036  0.0329 89.9217
 16 944  0.0295  0.0215 28.2064
 48 944  0.0700 -0.0356 27.8029
 80 944  0.1028 -0.0402 368.1230
112 944  0.1314 -0.0908 196.2252
144 944  0.1206 -0.0922 85.1641
176 944  0.1551 -0.1278 180.7380
208 944  0.5868 -0.1187 202.3289
240 944  0.6100 -0.8695 64.1616
272 944  0.1323 -0.4030 81.9513
304 944  0.1291 -1.9229 19.5140
336 944 -0.2018  3.0848 11.7221
368 944 -0.2472  2.9912  5.8073
400 944 -0.1274  0.4585  7.3015
432 944  0.0424  0.1844  5.1278
464 944  0.0420  0.0328  4.6886
496 944  0.0041  0.0243  9.4742
528 944 -0.0048  0.0024  4.9054
592 944 -0.0475  0.0584  5.4986
624 944 -0.0198  0.0227 17.9726
656 944 -0.1166 -0.0198 32.7870
 16 976  0.0788  0.0057 48.9063
 48 976  0.1546 -0.0481 55.2992
 80 976  0.0976 -0.0253 49.6019
112 976  0.1457 -0.0558 311.7039
144 976  0.2151 -0.0526 329.7562
176 976  0.0950 -0.0838 13.5092
208 976  0.1497 -0.1315 55.3131
240 976  0.1432 -0.0951 17.6338
272 976  0.1310 -0.6978 79.1976
304 976  0.0101 -1.2712 59.4986
336 976  0.0613 -0.3482 15.6680
368 976 -0.3844  0.3765 18.8338
400 976 -0.1015  0.4199  7.3844
432 976  0.2119  0.2690  8.8241
464 976  0.1164  0.0933 77.6127
496 976  0.4914 -0.1734 27.2326
528 976  0.0036 -0.0314 31.1573
560 976  0.0033 -0.0083  7.3804
592 976 -0.0363  0.0817  4.3544
624 976 -0.0892  0.1783  5.0007
656 976 -0.0229  0.0839  7.9542
 16 1008  0.2710 -0.0180 89.8963
 48 1008  0.0730 -0.0148 110.8450
 80 1008  0.0269 -0.0113 212.3779
112 1008  0.8153 -0.0347 58.4658
144 1008  0.1569 -0.0396 303.9897
176 1008  0.4503 -0.2188 147.4768
208 1008  0.2340 -0.2724 134.3864
240 1008  0.1037 -0.2751 110.0590
272 1008  0.2705 -0.3309 44.5367
304 1008  0.0311 -0.3639 21.8098
336 1008 -0.1407 -0.3463 49.1416
368 1008 -0.5777 -0.2790 65.5657
400 1008 -0.1947  0.0809 60.0982
432 1008  0.1719 -0.0645 39.4869
464 1008  0.1490 -0.0288 18.7878
496 1008  0.0249 -0.0302 20.6045
528 1008  0.0118 -0.0541 18.3585
560 1008  0.0300 -0.0052 13.5752
592 1008  0.0795 -0.0309  4.2771
656 1008 -0.0532 -0.1049  4.5670
 16 1040  0.2732  0.0027 55.1366
 48 1040  0.0904  0.0093 222.4671
 80 1040  0.1955 -0.0663 231.0283
112 1040  0.1651 -0.1367 104.2145
144 1040  0.2127 -0.0937 65.4681
176 1040  0.2819 -0.0774 131.7518
208 1040  0.1480 -0.1729 205.3702
240 1040  0.2654 -0.3821 104.2931
272 1040  0.0741 -0.2371 135.6414
304 1040  0.0908 -0.0869 214.1277
336 1040  0.0352 -0.1660 57.6740
368 1040 -0.0049 -0.0687 151.2758
400 1040  0.0972 -0.1285 56.8706
432 1040  0.0567 -0.0195 21.4512
464 1040  0.1077 -0.0041 26.8168
496 1040  0.1681 -0.2456 20.0288
528 1040  0.0150 -0.0698 15.0094
560 1040 -0.0235  0.0007 13.3623
592 1040  0.0824 -0.1056 11.2872
624 1040 -0.0454 -0.0805 13.2498
656 1040  0.0374 -0.0331  7.8203
 16 1072  0.0874 -0.0023 53.7042
 48 1072  0.1020  0.0168 71.8575
 80 1072  0.2694 -0.0674 181.9117
112 1072  0.4189 -0.0415 73.7097
144 1072  0.0653 -0.0415 35.3440
176 1072  0.1326 -0.1108 59.2143
208 1072  0.3492 -0.0558 27.9657
240 1072  0.1245 -0.1901 62.9644
272 1072  0.3694 -0.0914 96.4800
304 1072  0.1576 -0.1272 20.7952
336 1072  0.1051 -0.0833 181.8720
368 1072  0.2367 -0.1659 152.2844
400 1072  0.2254 -0.0566 32.8526
432 1072  0.4599 -0.1525 76.2510
464 1072  0.1625 -0.1172 223.9053
496 1072  0.0960 -0.2177 28.8761
528 1072  0.1591 -0.3894 50.8288
560 1072  0.0376 -0.2733 14.6022
592 1072  0.0191  0.0325 10.3195
624 1072  0.0276 -0.0435 11.0543
656 1072  0.0114 -0.0239 22.6760
 16 1104  0.1967  0.0037 47.8272
 48 1104  0.0460 -0.0292 212.0871
 80 1104  0.1173 -0.0155 19.1032
112 1104  0.0501 -0.0238 334.2993
144 1104  0.1513 -0.0638 85.7890
176 1104  0.1457 -0.0836 58.9905
208 1104  0.3664 -0.0945 36.6213
240 1104  0.2090 -0.1738 182.3465
272 1104  0.0921 -0.2663 137.4324
304 1104  0.2008 -0.1295 164.6947
336 1104  0.1894 -0.1896 301.1594
368 1104  0.1925 -0.1933 131.0471
400 1104  0.1348 -0.1165 101.8028
432 1104  0.1787 -0.3390 76.7497
464 1104  0.2045 -0.1196 49.0874
496 1104  0.0089 -0.0210 12.7884
528 1104  0.0374 -0.0556 13.8158
560 1104 -0.0003 -0.0255 12.3599
592 1104  0.0309 -0.0717 19.6994
624 1104 -0.0558 -0.0937 16.8313
656 1104  0.0418  0.0267 19.3885
 16 1136  0.0464 -0.0146 24.7853
 48 1136  0.1237 -0.0201 66.1517
 80 1136  0.1640 -0.0033 46.1276
112 1136  0.1701 -0.0381 74.7747
144 1136  0.2196 -0.0493 184.3595
176 1136  0.2412 -0.1481 113.0915
208 1136  0.1192 -0.0616 67.2602
240 1136  0.0802 -0.1221 122.0594
272 1136  0.1183 -0.0943 84.1072
304 1136  0.1164 -0.1086 177.9818
336 1136  0.1505 -0.1514 78.2818
368 1136  0.1943 -0.1775 116.0437
400 1136  0.0784 -0.2320 73.5030
432 1136  0.1064 -0.0376 21.4507
464 1136  0.0638 -0.0977 52.2404
496 1136  0.1477 -0.0823 23.2099
528 1136 -0.0063 -0.0345 15.9386
560 1136  0.0178  0.0051 14.9421
592 1136  0.0134 -0.0721 11.5174
624 1136  0.0078 -0.0434 28.7966
656 1136 -0.0631 -0.0110 31.5880
 16 1168  0.3012 -0.0081 26.7632
 48 1168  0.0261  0.0221 20.4321
 80 1168  0.1408 -0.0453 44.6141
112 1168  0.0619 -0.0955 63.5777
144 1168  0.1238 -0.0296 122.0495
176 1168  0.3454 -0.0936 62.8292
208 1168  0.3041 -0.0934 149.1656
240 1168  0.0600 -0.0447 50.0035
272 1168  0.0983 -0.0575 139.3646
304 1168  0.0801 -0.2271 76.3315
336 1168  0.1537 -0.1648 102.3455
368 1168  0.3772 -0.1309 156.2717
400 1168  0.1137 -0.3678 158.2665
432 1168  0.4342 -0.0843 32.8074
464 1168  0.1032 -0.2262 37.6847
496 1168  0.0549 -0.0622 18.2873
528 1168  0.0036 -0.0372 17.0869
560 1168  0.0089  0.0026 12.4561
592 1168  0.0151 -0.0400 14.6740
624 1168 -0.0378 -0.0049 16.9443
656 1168  0.0004  0.0195 17.8335
 16 1200  0.3626  0.0081 59.2258
 48 1200  0.0869 -0.0217 51.5720
 80 1200 -0.0058 -0.0028 17.8446
112 1200  0.0161  0.0057 25.4076
144 1200  0.0824 -0.0252 152.8671
176 1200  0.0612 -0.0378 116.4617
208 1200  0.1666 -0.0804 62.3544
240 1200  0.0431 -0.1064 214.6979
272 1200  0.1709 -0.0670 106.1057
304 1200  0.0673 -0.0604 16.3876
336 1200  0.0969 -0.1176 182.0479
368 1200  0.1196 -0.0661 87.8734
400 1200  0.3351 -0.2920 260.9335
432 1200  0.0727 -0.1564 29.1910
464 1200  0.0316 -0.0967 23.6560
496 1200 -0.0097  0.0025 16.7771
528 1200  0.0160 -0.0752 17.2689
560 1200  0.0024 -0.0045 16.5634
592 1200  0.0378 -0.0214 18.4137
624 1200 -0.0040  0.0272 44.1481
656 1200 -0.0211  0.0182 44.7520
  0   0  0.0706 -0.2687  0.0000
  0   0  0.3083 -0.2491  0.0000
  0   0  0.1318 -0.2878  0.0000
  0   0 -0.0270 -0.1947  0.0000
