VARIABLES= "X pix", "Y pix", "U pix/dt", "V pix/dt", "CHC", ZONE I=21, J=30
 16 272 -0.0859 -0.2024 65.1271
 48 272 -0.0715 -0.0583 67.3880
 80 272 -0.3605 -0.2009 62.8178
112 272 -0.1045 -0.0979 104.2711
144 272 -0.1043 -0.1084 160.6863
176 272 -0.0745 -0.1374 33.2733
208 272 -0.0964 -0.0567 159.8215
240 272 -0.0874 -0.0477 53.0918
272 272 -0.0691 -0.0540 154.5970
304 272 -0.0232 -0.0388 228.5583
336 272 -0.0395 -0.0229 144.7347
368 272 -0.0500 -0.0087 90.4602
400 272 -0.0207  0.0094 67.8661
432 272 -0.0274  0.0129 204.1306
464 272 -0.0079  0.0168 172.6661
496 272 -0.0159  0.0078 97.3508
528 272 -0.0160  0.0550 59.8912
560 272 -0.0047 -0.0110 81.0273
592 272 -0.0018  0.0152 240.4685
624 272 -0.0317  0.0403 161.8443
656 272 -0.0225  0.0182 150.0139
 16 304 -0.0980 -0.1073 157.6308
 48 304 -0.6487 -0.1012 128.5004
 80 304 -0.3126 -0.1746 47.7957
112 304 -0.1202 -0.2666 191.1434
144 304 -0.1502 -0.1411 19.8074
176 304 -0.1698 -0.1051 309.2104
208 304 -0.0875 -0.0987 168.9055
240 304 -0.0732 -0.0320 227.0147
272 304 -0.0926 -0.0570 176.1745
304 304 -0.0459 -0.0499 321.7655
336 304 -0.0814 -0.0460 149.3710
368 304 -0.0518  0.0056 112.0104
400 304 -0.0519 -0.0025 233.7259
432 304 -0.0241  0.0225 171.6916
464 304 -0.0484  0.0094 297.7002
496 304 -0.0093  0.0501 227.0665
528 304 -0.0038  0.0554 157.0929
560 304 -0.0399  0.0584 328.1911
592 304  0.0051  0.0365 225.8099
624 304 -0.0137  0.0318 140.8376
656 304 -0.0296  0.0148 61.1334
 16 336 -0.1890 -0.1270 21.4096
 48 336 -0.2427 -0.1732 221.4979
 80 336 -0.0364 -0.0037 14.3978
112 336 -0.2603 -0.2232 134.6081
144 336 -0.1767 -0.1749 111.5458
176 336 -0.0399 -0.2079 58.4497
208 336 -0.1478 -0.1242 313.3731
240 336 -0.0975 -0.1196 185.1496
272 336 -0.0946 -0.1205 115.8863
304 336 -0.0779 -0.1152 208.2797
336 336 -0.0556 -0.0741 176.9348
368 336 -0.0410 -0.0387 111.7464
400 336 -0.0276 -0.0190 162.7562
432 336 -0.0148  0.0059 160.9120
464 336 -0.0029  0.0139 104.1585
496 336 -0.0353  0.0156 30.2630
528 336 -0.0142  0.0665 204.4001
560 336 -0.0275 -0.0104 158.7740
592 336 -0.0242  0.0419 192.8595
624 336 -0.0216  0.0316 129.3549
656 336 -0.0263  0.0137 209.2079
 16 368 -0.1012 -0.0177 16.0813
 48 368 -0.1326 -0.5084 232.9773
 80 368 -0.0787 -0.0388 19.4581
112 368 -0.3318 -0.2073 63.9841
144 368 -0.2635 -0.3835 225.3504
176 368 -0.1526 -0.2044 210.8391
208 368 -0.1306 -0.2281 90.5928
240 368 -0.1963 -0.2021 311.6868
272 368 -0.0851 -0.0883 120.2325
304 368 -0.1465 -0.0340 202.0392
336 368 -0.0547 -0.0922 106.5898
368 368 -0.0613 -0.0406 336.2298
400 368 -0.0607 -0.0237 194.8075
432 368 -0.0349  0.0191 66.0581
464 368 -0.0407 -0.0073 171.1724
496 368 -0.0115  0.0607 148.2606
528 368  0.0001  0.0268 279.6595
560 368 -0.0056  0.0140 31.1140
592 368  0.0049  0.0206 73.5129
624 368 -0.0219  0.0603 300.8036
656 368 -0.0035  0.0242 159.6529
 16 400 -0.5579 -0.1792 82.2374
 48 400 -0.3670 -0.1450 55.6438
 80 400 -0.2840 -0.2627 227.3910
112 400 -0.1421 -0.6348 124.4344
144 400 -0.1541 -0.3446 108.5552
176 400 -0.1504 -0.1964 108.4252
208 400 -0.2737 -0.2560 225.7245
240 400 -0.1773 -0.2806 68.0836
272 400 -0.0931 -0.1752 33.2942
304 400 -0.1944 -0.0640 168.1518
336 400 -0.1371 -0.1382 135.7925
368 400 -0.0654 -0.0755 174.9589
400 400 -0.0190 -0.0139 132.4312
432 400 -0.0178 -0.0213 112.9015
464 400 -0.0061 -0.0310 191.7222
496 400 -0.0057  0.0252 145.0325
528 400  0.0161 -0.0028 121.6432
560 400  0.0354  0.0690 36.5000
592 400 -0.0006  0.0272 60.1092
624 400 -0.0178  0.0380 128.5430
656 400 -0.0071  0.0250 171.8242
 16 432 -0.0438  0.0032 18.0973
 48 432 -0.4635 -0.4247 134.2079
 80 432 -0.6902 -0.6123 212.2041
112 432 -0.4437 -0.4475 136.2242
144 432 -0.3213 -0.2398 124.8941
176 432 -0.2076 -0.2790 169.8182
208 432 -0.3074 -0.2368 256.8432
240 432 -0.0469 -0.1322 29.9171
272 432 -0.2980 -0.2134 93.7851
304 432 -0.0354 -0.3389 72.2599
336 432 -0.1114 -0.1291 224.9144
368 432  0.0091 -0.0962 90.6406
400 432 -0.0253 -0.0476 87.3272
432 432 -0.0380 -0.0342 87.4970
464 432 -0.0163 -0.0118 303.5524
496 432  0.0249  0.0366 59.9287
528 432  0.0040  0.0258 210.7480
560 432  0.0028  0.0636 151.4868
592 432 -0.0496  0.0531 173.9588
624 432 -0.0301  0.0287 73.7058
656 432 -0.0127  0.0143 165.4415
 16 464 -0.2622 -0.1744 20.2363
 48 464 -0.0339 -0.2856 36.3005
 80 464 -0.4036 -0.2481 37.7247
112 464 -0.1510 -0.2616 27.7294
144 464 -0.0921 -0.1948 25.5380
176 464 -0.3327 -0.2987 137.9247
208 464 -0.5168 -1.2349 131.0711
240 464 -0.2522 -0.4304 90.8600
272 464 -0.1726 -0.0519 19.2973
304 464 -0.2227 -0.2389 145.1697
336 464 -0.0890 -0.1285 172.3235
368 464 -0.0969 -0.2006 148.6178
400 464 -0.0571  0.0122 122.8273
432 464 -0.0313 -0.0651 218.0943
464 464  0.0093 -0.0155 41.9021
496 464  0.0264  0.0359 151.5605
528 464  0.0273  0.0735 217.2832
560 464  0.0148  0.0528 160.1065
592 464  0.0435  0.0807 165.6418
624 464  0.0040  0.0104 58.7358
656 464 -0.0223  0.0334 261.6373
 16 496 -0.4676 -0.2458 163.4083
 48 496 -0.2168 -0.2067 37.8265
 80 496 -0.8127 -0.6537 117.5460
112 496 -0.7567 -0.8361 160.2771
144 496 -0.7335 -0.5233 103.5225
176 496 -0.4494 -0.3283 27.1649
208 496 -0.5561 -0.2511 146.1244
240 496 -0.3165 -0.5433 67.6020
272 496 -0.1445 -0.2839 84.4124
304 496 -0.1226 -0.1010 13.6458
336 496 -0.0358 -0.2511 15.4345
368 496 -0.1747 -0.2157 90.5955
400 496 -0.0613 -0.0996 87.0944
432 496 -0.0009 -0.1529 144.3495
464 496  0.0336 -0.0420 89.6643
496 496  0.0679 -0.0087 91.0240
528 496  0.0606  0.0551 48.4402
560 496  0.0357  0.0593 166.5146
592 496 -0.0113  0.0499 14.7630
624 496  0.0098  0.0632 187.5905
656 496  0.0066  0.0085 128.0511
 16 528 -0.5161 -0.1861 41.3461
 48 528 -0.4438 -0.0618 79.7501
 80 528 -0.6972 -0.3576 271.5590
112 528 -1.0826 -0.6297 103.4544
144 528 -0.9299 -0.6840 33.7551
176 528 -0.3443 -0.5235 230.9880
208 528 -0.8098 -0.7426 150.3701
240 528 -0.2680 -0.3669 130.8724
272 528 -0.9525 -0.6230 128.8782
304 528 -0.1907 -0.4344 191.5066
336 528 -0.1303 -0.3454 219.3694
368 528 -0.1449 -0.2708 226.7213
400 528 -0.0261 -0.3110 104.0199
432 528 -0.0132 -0.1212 107.5848
464 528  0.0311 -0.0652 161.1731
496 528  0.0305 -0.0263 231.6623
528 528  0.0760  0.0234 108.6386
560 528  0.0770  0.1078 77.9645
592 528  0.0333  0.0968 41.3304
624 528  0.0788  0.0239 33.5377
656 528 -0.0010  0.0820 176.2510
 16 560 -0.1434 -0.0484 25.3842
 48 560 -0.4707 -0.1758 71.1787
 80 560 -0.6416 -0.2538 63.1898
112 560 -0.7475 -0.5573 131.6923
144 560 -0.1615 -0.1082 12.3413
176 560 -0.3399 -0.2655 48.7347
208 560 -1.1478 -0.7286 310.2707
240 560 -0.5799 -0.6600 35.4973
272 560 -0.1103 -0.2167 13.1668
304 560 -0.2223 -0.6796 55.2159
336 560 -0.2418 -0.5742 178.3806
368 560 -0.1247 -0.6194 165.0775
400 560  0.0034 -0.4403 47.3520
432 560  0.0677 -0.1927 100.9347
464 560  0.0817 -0.0348 53.9635
496 560  0.0656 -0.0262 343.9044
528 560  0.1311 -0.0012 146.0645
560 560  0.0422  0.0683 166.2748
592 560  0.0196  0.0723 247.4349
624 560  0.0008  0.0833 203.1487
656 560 -0.0183  0.1623 272.9388
 16 592 -0.3349 -0.1451 56.7952
 48 592 -0.5783 -0.4554 45.9779
 80 592 -0.2364 -0.1115 138.9705
112 592 -0.8702 -0.9460 159.9607
144 592 -0.8663 -0.6713 16.5639
176 592 -0.8133 -0.9020 78.8976
208 592 -0.1239 -0.1927 10.8783
240 592 -1.3155 -0.7454 206.3152
272 592 -0.9846 -0.9132 91.4466
304 592 -0.2854 -0.8360 183.5667
336 592 -0.1974 -0.7773 72.8372
368 592 -0.0224 -1.0470 92.1286
400 592  0.0555 -0.5618 132.9306
432 592  0.2203 -0.2720 80.4077
464 592  0.2799 -0.1385 104.8960
496 592  0.2451  0.0266 108.7686
528 592  0.1289  0.1001 109.9925
560 592  0.0819  0.0459 89.3522
592 592  0.0695  0.0955 88.3450
624 592  0.0251  0.1222 41.6348
656 592  0.0113  0.1357 60.6027
 16 624 -0.5588 -0.3807 211.7856
 48 624 -0.7265 -0.0936 43.8730
 80 624 -1.3073 -0.3114 69.1858
112 624 -0.2830 -0.2758 10.4492
144 624 -0.3341 -0.0726 48.2933
176 624 -1.1011 -0.7447 82.6444
208 624 -0.9353 -0.8401 214.9522
240 624 -0.7664 -0.9857 95.1143
272 624 -0.1685 -0.3693 32.6586
304 624 -0.6322 -1.4348 105.1279
336 624 -0.1468 -1.3077 187.0328
368 624 -0.0057 -1.1106 171.4786
400 624  0.2183 -0.9017 54.6641
432 624  0.3416 -0.7436 117.8615
464 624  0.4540 -0.2008 222.8129
496 624  0.2046  0.1853 187.1105
528 624  0.2000  0.1075 129.8611
560 624  0.3248  0.1678 156.6156
592 624  0.1452  0.1372 48.4972
624 624  0.0732  0.2692 82.3231
656 624  0.0013  0.3357 134.8609
 16 656 -0.2626 -0.1571 176.9765
 48 656 -0.3313 -0.2379 158.6226
 80 656 -1.2458 -0.2461 57.8296
112 656 -0.6095 -0.3629 337.0619
144 656 -0.4899 -0.2703 97.3804
176 656 -0.8625 -0.7051 325.7293
208 656 -0.9106 -1.2168 45.4429
240 656 -1.2231 -0.9164 49.9664
272 656 -1.3087 -1.6742 113.0413
304 656 -0.0566 -0.3771 68.4573
336 656 -0.4559 -1.6524 122.0902
368 656 -0.1169 -1.3954 154.8860
400 656 -0.1083 -1.0414 187.0304
432 656 -0.1619 -0.5678 87.3562
464 656 -0.0861 -0.3940 69.2798
496 656  0.1688 -0.0357 39.1631
528 656  0.3214  0.1842 146.6275
560 656  0.1856  0.5881 141.6618
592 656  0.1290  0.1654 115.7842
624 656  0.0698  0.5049 28.1852
656 656  0.0395  0.4610 40.5472
 16 688 -0.6264 -0.0896 72.2381
 48 688 -0.3229 -0.0751 32.4638
 80 688 -0.7201 -0.5807 137.6839
112 688 -1.3749 -0.9449 118.0643
144 688 -0.4149 -0.2307 117.6698
176 688 -0.2058 -0.2057 25.0814
208 688 -1.2383 -0.8184 41.3108
240 688 -1.3528 -1.1130 46.5559
272 688 -1.1232 -0.0674 10.6313
304 688 -1.6479 -0.1980 56.8562
336 688 -0.4815 -1.7732 113.2342
368 688 -0.9572 -1.3969 126.5515
400 688 -1.3989 -1.2042 132.5422
432 688 -1.0236 -0.7144 126.7827
464 688 -0.9067 -0.4507 168.1559
496 688 -0.0863 -0.0712 114.4049
528 688 -0.0078  0.1204 207.9168
560 688  0.1509  0.3904 101.3879
592 688  0.1057  0.2782 80.5383
624 688  0.1193  0.4479 238.0953
656 688  0.1438  0.3840 88.9341
 16 720 -0.1026 -0.1095 117.7025
 48 720 -0.2627 -0.1343 97.4285
 80 720 -0.4289 -0.0826 65.4116
112 720 -0.1466 -0.1520 408.5723
144 720 -0.6849 -0.4568 276.7248
176 720 -0.7840 -0.3637 29.8315
208 720 -0.0713 -0.0875 13.8943
240 720 -1.2877 -0.9885 123.7750
272 720 -1.0346 -0.2459 81.5830
304 720 -1.5863 -0.4010 40.9449
336 720 -2.3043 -1.6743 73.8817
368 720 -0.0956 -5.1697 48.0211
400 720 -2.3126 -0.1919 114.6209
432 720 -2.2176 -0.7950 12.6231
464 720 -2.3081 -0.9823 175.2869
496 720 -1.3035 -0.2572 108.0715
528 720 -0.8736 -0.3788 127.3802
560 720 -0.3845  0.3704 152.6355
592 720 -0.1570  0.3598 53.1947
624 720  0.1162  0.5458 139.7299
656 720  0.1335  0.5073 78.5520
 16 752 -0.0498 -0.0306 87.4066
 48 752 -0.1638 -0.0422 49.1079
 80 752 -0.5110 -0.1189 45.2247
112 752 -0.5232 -0.2149 103.2300
144 752 -0.2721 -0.0867 44.3450
176 752 -0.7299 -0.4548 79.8894
208 752 -0.8073 -0.4121 33.9366
240 752 -0.4510 -0.0584 11.6154
272 752 -3.0410 -1.6520 51.7441
304 752 -2.8622 -2.2565 69.6796
336 752 -2.7139 -1.7507 20.5007
368 752 -1.3754 -0.4101 18.0767
400 752 -1.0915  0.1302 45.8707
432 752 -2.7920 -0.8603 83.2956
464 752 -2.3244 -0.9349 46.3319
496 752 -2.2358 -0.7721 49.7450
528 752 -0.4101 -0.1219 86.7766
560 752 -0.4888  0.1109 57.9155
592 752 -0.4768  0.3513 161.8974
624 752 -0.1573  0.4180 114.5542
656 752  0.0358  0.2828 91.8249
 16 784 -0.0051 -0.0058 20.7593
 48 784 -0.0726 -0.0389 30.7727
 80 784 -0.0787 -0.0571 268.3246
112 784 -0.1427 -0.0604 68.4171
144 784 -0.1625 -0.0942 313.9777
176 784 -0.4251 -0.0380 18.5780
208 784 -1.1124 -0.1613 86.6790
240 784 -1.2105 -0.2469 98.6080
272 784 -0.0413 -0.0038 10.0248
304 784 -0.0224 -0.0712  9.5570
336 784 -0.1558 -0.0567 10.7510
368 784 -0.1498  0.5154  8.5868
400 784 -0.1120  0.3591  4.9112
432 784 -0.6488  0.1450  9.1293
464 784 -0.3898  0.1283 56.9157
496 784 -2.1227 -0.9231 18.0742
528 784 -1.6529 -0.7284 87.4630
560 784 -1.0880 -0.3219 62.8530
592 784 -0.3868  0.0289 43.0813
624 784 -0.1872  0.2071 36.1050
656 784 -0.0776  0.2445 103.9682
 16 816 -0.0090 -0.0164 19.7214
 48 816 -0.1375 -0.0135 49.7331
 80 816 -0.1428 -0.0433 84.4875
112 816 -0.1066 -0.0487 25.2132
144 816 -0.3745 -0.0285 221.0994
176 816 -0.6277 -0.0384 53.6549
208 816 -0.7855 -0.0192 85.3401
240 816 -1.4205 -0.7867 60.4571
272 816  0.0387 -0.0331 10.5410
304 816 -1.3472 -2.0506 171.3275
336 816 -0.1163 -0.0056 15.9694
368 816 -0.1033  0.2725  6.3302
464 816 -0.0593  0.1328  4.2010
496 816 -0.1337  0.1296 10.9462
528 816 -1.2142 -0.6697 64.2276
560 816 -0.7448 -0.4949 88.2104
592 816 -0.7941 -0.1505 74.2650
624 816 -0.2028  0.1591 81.3187
656 816 -0.0492  0.1393 54.5420
 16 848 -0.0204  0.0014 22.6302
 48 848  0.0015 -0.0050 46.6125
 80 848 -0.1112  0.0339 132.5866
112 848 -0.0506 -0.0148 47.2867
144 848 -0.2381 -0.0299 60.2409
176 848 -0.2936  0.0107 263.4457
208 848 -0.6766  0.1481 177.2687
240 848 -0.8311 -0.4875 106.3556
272 848 -1.0351 -1.3654 82.6679
304 848  0.0243 -0.1578 10.4705
336 848 -0.0360  0.2349 52.8052
368 848 -0.0400  0.0735  4.3671
496 848 -0.0549  0.0442  4.2303
528 848 -0.0552 -0.0186 70.7769
560 848 -0.1624 -0.0623 36.0370
592 848 -0.3023 -0.0040 41.6683
624 848 -0.1940  0.1090 115.6464
656 848 -0.1443  0.0204 21.8219
 16 880  0.0102  0.0215 25.4735
 48 880 -0.0064  0.0123 164.1435
 80 880 -0.0219 -0.0002 92.0835
112 880 -0.0346  0.0364 84.9685
144 880 -0.0750  0.0289 199.9201
176 880 -0.0608  0.0502 98.7056
208 880 -0.1093  0.0518 57.1384
240 880 -0.6950 -0.2651 122.5408
272 880 -0.8631 -1.0074 18.5445
304 880 -1.1021 -1.7978 14.1301
336 880 -0.7663 -1.4741 11.3023
368 880 -0.1015  0.1782  9.6397
528 880 -0.0456  0.0501 16.0856
560 880 -0.1463  0.0796  6.5070
592 880 -0.2159  0.1004 11.0729
624 880 -0.0429  0.0195 18.4017
656 880 -0.7926 -0.0540  9.2919
 16 912  0.0838  0.0368 117.5899
 48 912  0.0071  0.0231 48.8314
 80 912  0.0195  0.0326 214.0026
112 912 -0.0140  0.0572 130.5230
144 912 -0.0038  0.1040 259.1246
176 912 -0.0233  0.0368 233.6036
208 912 -0.0728  0.2362 191.6645
240 912 -0.2252  0.0390 49.7941
272 912 -0.5665 -0.2135 168.6007
304 912 -1.0773 -1.4732 61.9340
336 912 -1.1028 -1.5962 35.0383
368 912  0.0036 -0.0510 27.7452
400 912 -0.0115  0.0533  6.3300
528 912 -0.0455  0.0362  4.4663
560 912 -0.0445 -0.0258  4.1541
592 912 -0.2828  0.2431  4.3413
624 912  0.0475  0.1316 10.6483
656 912 -1.1690  0.2932  7.2394
 16 944  0.0223  0.0155 31.3848
 48 944 -0.0093 -0.0142 15.4832
 80 944  0.0614  0.0232 136.8790
112 944  0.0115  0.0188 255.9684
144 944  0.0691  0.0411 86.4033
176 944  0.0484  0.0895 103.9678
208 944  0.0341  0.1447 154.5007
240 944  0.0756  0.0275 241.0064
272 944  0.0040 -0.3901 83.2815
304 944 -0.1475 -0.6050 49.5904
336 944 -0.9279 -1.6324 13.4766
368 944 -0.7213 -1.2977 23.4064
400 944 -0.0759  0.1499 35.1157
432 944 -0.0580  0.0953  9.0877
464 944  0.0251  0.0167  7.5695
496 944  0.0599 -0.0155  8.2408
656 944 -0.3931  0.1172  4.5276
 16 976  0.0390  0.0003 28.3157
 48 976  0.0639  0.0286 189.0106
 80 976  0.0902  0.0375 249.7297
112 976  0.0090  0.0098 296.8545
144 976  0.0282  0.0511 169.5794
176 976  0.0357  0.0411 279.3218
208 976  0.2490  0.1893 176.6552
240 976  0.1664  0.1456 33.7535
272 976  0.1542 -0.0170 52.5698
304 976  0.0013 -0.9525 191.9161
336 976 -0.0227 -1.3455 83.9695
368 976 -0.2376 -1.0355 214.7105
400 976 -0.0004  0.0103 17.3532
432 976 -0.0153  0.0128 13.7856
464 976  0.0021  0.0105 29.0545
496 976  0.0923 -0.0009 10.2140
528 976  0.1611 -0.1120  4.6743
 16 1008  0.0341  0.0043 68.5118
 48 1008  0.0915 -0.0004 29.4958
 80 1008  0.0526  0.0288 160.7287
112 1008  0.0878  0.0042 304.9473
144 1008  0.1063  0.0031 268.2408
176 1008  0.1018  0.0166 139.0967
208 1008  0.0987  0.0071 264.8319
240 1008  0.1298  0.0083 168.4722
272 1008  0.5441 -0.0132 120.7001
304 1008  0.7222 -0.2684 120.3409
336 1008  0.1651 -0.3305 41.8575
368 1008  0.0698 -1.1587 229.3735
400 1008  0.0233 -0.0705 14.6898
432 1008  0.0144 -0.0514 14.6879
464 1008  0.0354 -0.0803 13.0534
496 1008  0.0213 -0.0018 23.8076
528 1008  0.0463 -0.0225 10.7472
560 1008  0.1316 -0.1863  6.7393
 16 1040  0.0916  0.0137 62.1521
 48 1040  0.0730  0.0180 38.8240
 80 1040  0.1323  0.0395 166.8553
112 1040  0.0691  0.0142 197.7636
144 1040  0.0447  0.0384 143.8972
176 1040  0.1203  0.0083 182.9886
208 1040  0.0649 -0.0206 346.0939
240 1040  0.1844 -0.0221 38.2458
272 1040  0.4295 -0.1607 73.1486
304 1040  0.4907 -0.0296 33.6311
336 1040  0.3344 -0.3220 55.5891
368 1040  0.6405 -0.6493 146.4592
400 1040 -0.0049 -0.0308  9.3539
432 1040  0.1204 -0.2612 16.4140
464 1040 -0.0231 -0.0786 28.0230
496 1040  0.0466 -0.0866  9.5755
528 1040  0.0766 -0.0039 13.1532
560 1040  0.0863  0.0437 13.0026
592 1040  0.1584  0.0278  5.7054
 16 1072  0.0769  0.0602 83.8754
 48 1072  0.0452  0.0498 146.6868
 80 1072  0.1074  0.0236 135.5728
112 1072  0.1369  0.0127 25.6503
144 1072  0.0616  0.0122 113.1927
176 1072  0.1310  0.0011 81.2663
208 1072  0.5240 -0.0190 132.0005
240 1072  0.0716 -0.0115 43.5038
272 1072  0.4445 -0.0697 67.2893
304 1072  0.0608 -0.0958 23.8911
336 1072  0.4420 -0.2539 111.0209
368 1072  0.3161 -0.2852 62.5687
400 1072  0.0286 -0.0692 13.7383
432 1072 -0.0139 -0.0190 17.2252
464 1072  0.0424 -1.6891  9.8845
496 1072  0.0009 -0.8829 11.7489
528 1072 -0.0723 -0.2853  9.6809
560 1072  0.0444 -0.0606 13.1107
592 1072  0.0099 -0.0997 13.7916
624 1072  0.1075 -0.2060  7.0541
656 1072 -0.0638 -0.3724  6.4333
 16 1104  0.0124 -0.0037 16.8583
 48 1104 -0.0099  0.0473 39.7267
 80 1104  0.0808  0.0041 167.3736
112 1104  0.0320  0.0132 98.6691
144 1104  0.1486  0.0164 29.2191
176 1104  0.1198  0.0056 74.1895
208 1104  0.0869 -0.0113 254.0322
240 1104  0.0654 -0.0256 98.7933
272 1104  0.4313 -0.0686 158.6468
304 1104  0.1124 -0.2053 83.7269
336 1104  0.5558 -0.0911 121.9120
368 1104  0.0447 -0.0952 36.8457
400 1104  0.0318 -0.0088 17.2408
432 1104 -0.0136 -0.0175 20.3438
464 1104  0.0345 -0.0482 20.4297
496 1104  0.0858 -0.0467 13.7173
528 1104 -0.0137 -0.0456 13.9800
560 1104  0.0352 -0.1754 14.4699
592 1104 -0.0903 -0.0994 13.6318
624 1104  0.0316 -0.0182 16.9629
656 1104 -0.0104 -0.0164 11.8690
 16 1136  0.0130  0.0226 42.5897
 48 1136  0.0136  0.0082 18.2748
 80 1136  0.1007  0.0028 55.9903
112 1136  0.0529  0.0201 81.1505
144 1136  0.0465 -0.0383 32.2351
176 1136  0.1394 -0.0207 86.9887
208 1136  0.3123 -0.0342 66.9771
240 1136  0.0746 -0.0931 226.8456
272 1136  0.0972 -0.0443 38.8915
304 1136  0.1407 -0.1008 124.4245
336 1136  0.0696 -0.1324 64.3049
368 1136  0.2919 -0.2258 176.9093
400 1136  0.0202 -0.0663 14.4290
432 1136  0.0480 -0.0122 11.2510
464 1136  0.1225 -0.1259 28.8908
496 1136 -0.0097 -0.0497 11.7553
528 1136 -0.0211  0.0022 14.5297
560 1136 -0.1175 -0.0310 11.2073
592 1136 -0.1005 -0.0640 11.4079
624 1136 -0.0033 -0.0146 14.6945
656 1136 -0.0109  0.0217 13.9491
 16 1168  0.0463  0.0165 18.4993
 48 1168  0.0107  0.0212 12.2083
 80 1168  0.1086 -0.0117 33.3946
112 1168  0.0215  0.0043 59.4302
144 1168  0.0994 -0.0049 50.8245
176 1168  0.0909 -0.0079 88.0468
208 1168  0.0653 -0.0384 87.2806
240 1168  0.0443 -0.0226 340.4947
272 1168  0.0728 -0.1297 141.8481
304 1168  0.1067 -0.1429 78.1422
336 1168  0.2854 -0.2463 61.9557
368 1168  0.0623 -0.2680 339.4797
400 1168  0.0736 -0.0274 16.6340
432 1168  0.0302  0.0070 10.5978
464 1168  0.0556 -0.0866 22.6774
496 1168  0.0114  0.0007 15.5913
528 1168  0.0068 -0.2029 13.7392
560 1168 -0.4042 -0.1596 10.2983
592 1168 -0.0073 -0.0246 13.3237
624 1168 -0.0441  0.0124 13.2518
656 1168  0.0767 -0.0411 15.4894
 16 1200  0.0189  0.0221 12.3569
 48 1200  0.0215 -0.0126 11.8368
 80 1200  0.0378  0.0162 52.9359
112 1200  0.0488 -0.0114 180.1719
144 1200  0.1364 -0.0495 56.8126
176 1200  0.2063 -0.0653 179.6879
208 1200  0.0605 -0.0722 225.6244
240 1200  0.1373 -0.1406 262.4243
272 1200  0.0433 -0.0410 29.7077
304 1200  0.0440 -0.0662 71.1920
336 1200  0.4933 -0.1717 171.7514
368 1200  0.1144 -0.1223 181.1043
400 1200  0.0073 -0.0108 14.2323
432 1200 -0.0227 -0.0113 11.1914
464 1200  0.0031  0.0009 13.9353
496 1200  0.0107 -0.0345 22.6730
528 1200  0.0235 -0.0414 23.6228
560 1200 -0.1557 -0.0724 15.7596
592 1200 -0.0045 -0.0645 18.6629
624 1200 -0.0512 -0.0237 14.6221
656 1200  0.0135 -0.0306 41.5391
  0   0  0.0547  0.0284  0.0000
  0   0  0.0203  0.0268  0.0000
  0   0 -0.0473 -0.0592  0.0000
  0   0 -0.1813 -0.0999  0.0000
  0   0 -0.3259 -0.2400  0.0000
  0   0 -0.5730 -0.1977  0.0000
  0   0 -0.3431 -0.0111  0.0000
  0   0 -0.1972  0.1132  0.0000
  0   0 -0.0749  0.1290  0.0000
  0   0 -0.0339  0.1247  0.0000
  0   0 -0.0168  0.0864  0.0000
  0   0  0.0248  0.0842  0.0000
  0   0  0.1375  0.0249  0.0000
  0   0  0.3015 -0.0539  0.0000
  0   0  0.3902 -0.1021  0.0000
  0   0  0.2874 -0.1393  0.0000
  0   0  0.2324 -0.1913  0.0000
  0   0  0.1762 -0.1638  0.0000
  0   0  0.2858 -0.2058  0.0000
  0   0  0.5550 -0.2817  0.0000
  0   0  0.2850 -0.2181  0.0000
  0   0  0.0259 -0.0799  0.0000
  0   0 -0.1088 -0.0086  0.0000
  0   0 -0.1156  0.0202  0.0000
  0   0 -0.0831  0.0093  0.0000
