VARIABLES= "X pix", "Y pix", "U pix/dt", "V pix/dt", "CHC", ZONE I=21, J=30
 16 272 -0.0467 -0.1626 112.4620
 48 272 -0.0244 -0.0984 314.3260
 80 272 -0.0557 -0.2634 42.6690
112 272 -0.0073 -0.0672 135.0655
144 272 -0.0473 -0.0626 30.6102
176 272 -0.0297 -0.0684 248.0878
208 272 -0.0073 -0.0432 217.7186
240 272  0.0037 -0.0528 137.8399
272 272  0.0291 -0.0764 226.6376
304 272  0.0360 -0.0387 171.0370
336 272  0.0287  0.0153 89.9668
368 272  0.0552  0.0143 85.0114
400 272  0.0680  0.0138 213.9174
432 272  0.0711  0.0291 207.5213
464 272  0.0633  0.0207 198.7041
496 272  0.1080  0.0614 136.7979
528 272  0.1052  0.0459 213.9412
560 272  0.0929  0.0141 221.9981
592 272  0.0419  0.0666 45.1641
624 272  0.0534  0.0085 134.7118
656 272  0.0149 -0.0259 111.2158
 16 304 -0.1062 -0.0296 22.6705
 48 304 -0.0444 -0.1477 106.1818
 80 304 -0.1899 -0.2262 288.5042
112 304 -0.0626 -0.2747 196.7038
144 304 -0.0605 -0.3600 226.3902
176 304 -0.0599 -0.1339 273.9809
208 304 -0.0723 -0.2335 234.7561
240 304 -0.0288 -0.0581 109.9898
272 304  0.0118 -0.0373 326.3696
304 304  0.0330 -0.0389 269.0661
336 304  0.0302 -0.0120 275.8439
368 304  0.0450 -0.0223 71.6787
400 304  0.0810 -0.0075 98.1486
432 304  0.0565 -0.0401 288.2250
464 304  0.0552  0.0194 191.0378
496 304  0.0619  0.0597 68.9150
528 304  0.0924  0.0714 142.8611
560 304  0.0612  0.0789 45.2613
592 304  0.0971  0.0360 58.5680
624 304  0.1303  0.0001 183.1411
656 304  0.0648  0.0144 71.0961
 16 336 -0.1445 -0.3858 104.8209
 48 336 -0.1606 -0.3043 254.3644
 80 336 -0.0008 -0.5195 131.6620
112 336 -0.1436 -0.2095 281.4553
144 336 -0.1260 -0.1496 297.8538
176 336 -0.0680 -0.1675 225.7011
208 336 -0.0702 -0.1178 96.5262
240 336 -0.0797 -0.1068 35.1505
272 336 -0.0049 -0.0653 318.4065
304 336  0.0227 -0.0571 129.3427
336 336  0.0612 -0.0450 51.1940
368 336  0.0067 -0.0229 107.1868
400 336  0.0697 -0.0083 172.9832
432 336  0.0946  0.0052 171.9004
464 336  0.0902  0.0259 147.4433
496 336  0.0899  0.0671 83.1677
528 336  0.1252  0.0126 146.5759
560 336  0.1276 -0.0040 150.3491
592 336  0.1193  0.0346 131.4556
624 336  0.0975  0.0191 100.1996
656 336  0.1187  0.0466 184.7733
 16 368 -0.0809 -0.2127 265.0717
 48 368 -0.5635 -0.9273 192.3185
 80 368 -0.0606 -0.1829 277.9688
112 368 -0.1686 -0.4559 139.6483
144 368 -0.0521 -0.1826 115.6089
176 368 -0.0442 -0.3344 382.5793
208 368 -0.0451 -0.2144 241.9585
240 368 -0.0278 -0.1463 58.7967
272 368  0.0130 -0.0554 195.7487
304 368  0.0082 -0.0458 139.8736
336 368  0.0319 -0.0929 286.9662
368 368  0.0208 -0.0246 196.2506
400 368  0.0505 -0.0279 162.7246
432 368  0.0905  0.0323 51.3608
464 368  0.0300  0.0398 157.3075
496 368  0.1136  0.0278 160.9333
528 368  0.1291  0.0458 230.2846
560 368  0.1375  0.0567 77.6044
592 368  0.1073  0.0605 72.7218
624 368  0.1023  0.0175 184.0578
656 368  0.0712 -0.0046 162.3489
 16 400 -0.2046 -0.1345 27.1570
 48 400 -0.3585 -0.1896 28.9099
 80 400 -0.1902 -0.5207 131.4823
112 400 -0.3450 -0.2718 157.8003
144 400 -0.1143 -0.2460 284.0606
176 400 -0.1461 -0.3293 279.3850
208 400 -0.1868 -0.2010 208.9288
240 400 -0.0690 -0.0928 181.1283
272 400 -0.0645 -0.2258 158.1641
304 400 -0.0171 -0.1148 108.2169
336 400  0.0051 -0.0493 73.6245
368 400  0.0443 -0.1022 193.7229
400 400  0.0589 -0.0414 151.0579
432 400  0.0692 -0.0056 48.8340
464 400  0.0545 -0.0098 267.7843
496 400  0.1085  0.0017 119.7788
528 400  0.0858  0.0441 137.5888
560 400  0.1024  0.0451 81.3984
592 400  0.0379  0.0284 77.3096
624 400  0.0856 -0.0101 121.6761
656 400  0.0933  0.0319 163.4190
 16 432  0.0016 -0.3795 55.1115
 48 432 -0.0102 -0.0674 16.0614
 80 432 -0.0780 -0.7133 60.9683
112 432 -0.1057 -0.5665 212.8226
144 432 -0.1966 -0.4494 169.8415
176 432 -0.0677 -0.3332 65.9076
208 432  0.0026 -0.0875 20.5233
240 432 -0.2214 -0.2905 160.3653
272 432 -0.0413 -0.1122 18.7194
304 432 -0.0086 -0.1254 177.4447
336 432 -0.0036 -0.0890 159.2100
368 432  0.0496 -0.1131 212.8036
400 432  0.0840 -0.0281 187.5379
432 432  0.0832 -0.0068 140.3305
464 432  0.1117 -0.0132 88.6651
496 432  0.0902 -0.0109 335.8864
528 432  0.0482  0.0180 224.5382
560 432  0.0678  0.0614 108.1480
592 432  0.0786  0.0721 92.3219
624 432  0.1008  0.0028 55.5361
656 432  0.1250 -0.0024 114.9015
 16 464 -0.2245 -0.3817 83.8302
 48 464 -0.4311 -0.2712 59.6741
 80 464 -0.2259 -0.3817 114.5344
112 464 -0.2136 -0.2401 224.1433
144 464 -0.2703 -0.6978 171.1158
176 464 -0.0839 -0.4901 62.7902
208 464 -0.3147 -0.4420 174.6249
240 464 -0.2376 -0.3741 330.8068
272 464 -0.0976 -0.1990 218.3855
304 464 -0.0216 -0.2353 486.0857
336 464 -0.0340 -0.3656 141.0955
368 464  0.0134 -0.0978 184.4279
400 464  0.0053 -0.0550 171.0531
432 464  0.0260 -0.0658 53.9657
464 464  0.1077 -0.0350 128.2333
496 464  0.1161  0.0064 181.5175
528 464  0.0701  0.0158 162.5478
560 464  0.1190  0.0175 50.6310
592 464  0.1167 -0.1104 260.6950
624 464  0.0961  0.0205 96.9752
656 464  0.1599 -0.0095 216.8132
 16 496 -0.1645 -0.2080 35.1500
 48 496 -0.3095 -0.8144 98.1746
 80 496 -0.1090 -0.4265 82.8770
112 496 -0.3541 -0.2413 17.2437
144 496 -0.4052 -0.7031 102.5185
176 496 -0.4372 -0.4512 62.9421
208 496 -0.1503 -0.5121 150.5465
240 496 -0.2198 -0.2745 68.2701
272 496 -0.0641 -0.5107 153.4162
304 496 -0.1160 -0.1103 289.9135
336 496 -0.0291 -0.2216 176.6626
368 496  0.0102 -0.1720 177.0766
400 496  0.0294 -0.0929 156.7590
432 496  0.0312 -0.0680 61.2726
464 496  0.1280  0.0065 207.7875
496 496  0.1119  0.0131 134.5825
528 496  0.1779 -0.0161 91.7687
560 496  0.1389 -0.0051 242.6717
592 496  0.0443 -0.0162 99.0467
624 496  0.1340 -0.0373 216.3851
656 496  0.0910  0.0494 99.3263
 16 528 -0.3019 -0.1611 43.0513
 48 528 -0.5289 -0.3712 123.5465
 80 528 -0.1216 -0.1829 167.1879
112 528 -0.7707 -0.6291 179.4064
144 528 -0.2858 -0.4299 81.9271
176 528 -0.3478 -0.6368 127.2827
208 528 -0.2246 -0.4870 150.1686
240 528 -0.2270 -0.3450 82.5312
272 528 -0.2527 -0.4735 217.0718
304 528 -0.0514 -0.3063 136.0219
336 528 -0.0045 -0.4389 153.6785
368 528  0.0121 -0.1767 146.3638
400 528  0.0156 -0.0337 64.6246
432 528  0.0594 -0.0815 32.8953
464 528  0.0565 -0.0261 139.9382
496 528  0.0379 -0.0079 247.0881
528 528  0.0565 -0.0109 111.4525
560 528  0.1376  0.0040 36.9239
592 528  0.0644 -0.0242 117.4542
624 528  0.0229 -0.0296 110.4148
656 528  0.1004 -0.0367 92.4721
 16 560 -0.1364 -0.1844 22.8092
 48 560 -0.4377 -0.1454 19.2041
 80 560 -0.2265 -0.4597 209.5043
112 560 -0.7022 -0.7714 172.3338
144 560 -0.3647 -0.9480 146.0146
176 560 -0.5691 -0.7765 373.2475
208 560 -0.4880 -0.6707 97.3744
240 560 -0.2457 -0.3552 103.3367
272 560 -0.2533 -0.7636 120.8098
304 560 -0.1371 -0.0764 75.7671
336 560 -0.3057 -0.3075 142.9873
368 560 -0.1028 -0.2031 35.7410
400 560  0.0017 -0.1270 141.1479
432 560  0.0305 -0.1145 121.2369
464 560 -0.0193  0.0021 68.8410
496 560  0.0436 -0.0598 174.0703
528 560  0.1003  0.0092 147.0568
560 560  0.0945 -0.0152 88.4824
592 560  0.1120 -0.0573 49.6790
624 560  0.0414 -0.0539 32.6027
656 560  0.2522 -0.0485 170.8446
 16 592 -0.4657 -0.1018 36.3672
 48 592 -0.1834 -0.2021 41.0909
 80 592 -0.5978 -1.0318 31.6043
112 592 -0.4542 -0.3387 120.8172
144 592 -0.5711 -0.8347 20.4151
176 592 -0.7480 -0.9196 65.0473
208 592 -0.4716 -0.7758 120.1529
240 592 -0.4166 -0.8873 100.9542
272 592 -0.0396 -0.2614 15.8288
304 592 -0.3143 -0.4701 128.2706
336 592 -0.2739 -0.3918 147.3519
368 592 -0.1189 -0.2417 309.4829
400 592 -0.2211 -0.2173 80.8085
432 592 -0.1057 -0.0646 167.1510
464 592 -0.0580 -0.0813 44.4211
496 592  0.0083 -0.0380 148.1733
528 592  0.0033 -0.0369 126.0335
560 592  0.0522 -0.0190 58.4312
592 592  0.1128 -0.0238 43.3876
624 592  0.1407 -0.0899 114.8041
656 592  0.1554 -0.0770 137.5242
 16 624 -0.2088 -0.1462 221.6493
 48 624 -0.0573 -0.1121 67.2580
 80 624 -0.1720 -0.5654 185.3863
112 624 -0.7270 -0.7217 62.2898
144 624 -1.0381 -1.0091 79.8720
176 624 -0.9227 -1.0509 166.0009
208 624 -0.8843 -1.0683 238.0779
240 624 -0.8430 -1.0847 102.9355
272 624 -1.0007 -0.7662 40.1666
304 624 -0.5822 -0.9881 27.5843
336 624 -0.8742 -0.6605 87.8740
368 624 -0.6080 -0.4621 213.0056
400 624 -0.9215  0.0045 101.9754
432 624 -0.3431 -0.0910 120.7592
464 624 -0.4223 -0.1076 206.9080
496 624 -0.1617 -0.0785 31.8794
528 624  0.0042 -0.0864 193.2460
560 624  0.0451 -0.0813 152.4333
592 624  0.1397 -0.0681 48.7365
624 624  0.1355 -0.1150 160.6241
656 624  0.1147 -0.0955 198.6251
 16 656 -0.0514 -0.1527 31.8031
 48 656 -0.1483 -0.1797 114.1067
 80 656 -0.4641 -0.1699 188.2360
112 656 -0.5118 -0.2382 47.5426
144 656 -0.9222 -0.7818 227.3206
176 656 -1.5328 -1.4135 204.0713
208 656 -1.1088 -1.3948 194.6714
240 656 -1.3699 -0.9392 19.9963
272 656 -1.5972 -1.0928 64.3461
304 656 -1.2019 -0.8910 148.0469
336 656 -0.6717 -0.3789 73.8795
368 656 -1.0468 -0.3210 258.0031
400 656 -1.1742 -0.1725 64.3700
432 656 -1.1045 -0.0498 39.9845
464 656 -0.7160 -0.1924 36.0517
496 656 -0.2714 -0.2109 51.0940
528 656 -0.0482 -0.1594 17.9523
560 656 -0.0346 -0.1692 163.4074
592 656  0.0608 -0.1180 26.4251
624 656  0.1076 -0.3000 99.7426
656 656  0.1818 -0.2457 33.3087
 16 688 -0.0421 -0.0980 59.6277
 48 688 -0.2356 -0.1436 141.1862
 80 688 -0.5917 -0.1594 150.5694
112 688 -1.2098 -0.1495 68.9497
144 688 -0.4149 -0.2389 26.7257
176 688 -1.0522 -0.8014 120.3147
208 688 -1.2700 -1.0210 74.9931
240 688 -1.6745 -1.0392 272.3336
272 688 -1.3243 -0.8167 81.0836
304 688 -1.5843 -0.7482 78.6837
336 688 -1.0834 -0.3286 137.4438
368 688 -0.5738  0.0107 199.4485
400 688 -0.6245  0.0849 126.2142
432 688 -1.1700  0.0103 77.5387
464 688 -1.7926 -0.3397 136.3299
496 688 -0.9382 -0.7030 86.1782
528 688 -0.7653 -0.9133 135.7908
560 688 -0.1003 -0.4123 118.7499
592 688  0.0227 -0.2305 29.8729
624 688  0.0907 -0.2470 44.6379
656 688  0.0681 -0.4769 92.0407
 16 720 -0.0303 -0.0871 45.2239
 48 720 -0.0726 -0.0368 518.8219
 80 720 -0.2517 -0.1294 89.9850
112 720 -0.0332 -0.0069 14.6549
144 720 -0.3279 -0.1274 28.2893
176 720 -0.0299 -0.0092 14.3467
208 720 -1.4294 -1.1970 172.9203
240 720 -1.1642 -1.0219 243.8268
272 720 -0.6803 -0.5811 68.9235
304 720 -0.8812 -0.5189 84.8921
336 720 -0.6860 -0.2121 18.4595
368 720 -0.8490  0.0908 40.7247
400 720 -0.8879  0.8706 31.3788
432 720 -0.9099  0.3344 24.7748
464 720  0.1918 -0.2322 19.1088
496 720  2.8994 -0.0991 10.2749
528 720  4.2157 -0.1141 23.6993
560 720 -0.1256 -0.5759 36.3353
592 720 -0.0370 -0.0047 64.8824
624 720 -0.0753  0.0346 36.0748
656 720  0.0256 -0.3456 37.6782
 16 752 -0.0176 -0.0160 21.8130
 48 752  0.0104 -0.0273 135.3804
 80 752 -0.0609 -0.0458 142.4911
112 752 -0.0987 -0.0664 178.0558
144 752 -0.2670 -0.1178 92.4547
176 752 -0.3141 -0.4033 70.8041
208 752 -0.8628 -0.8638 174.6428
240 752 -0.9671 -0.7724 111.4498
272 752 -0.9857 -1.0405 288.7830
304 752 -0.3503 -0.0451 26.7222
336 752 -0.2588  0.1085 95.8144
368 752 -0.0438  1.5384 117.2172
400 752  0.8622  1.9386 41.1685
432 752  0.1058 -0.1014 12.5664
464 752  0.1119 -1.4120 27.1323
496 752  2.2369 -1.0259  8.9387
528 752  0.6606 -0.1356  9.0745
560 752  0.0024 -0.1286 11.7241
592 752 -0.0087 -0.0723 67.9303
624 752 -0.4122  0.4596  9.3289
656 752 -0.0623 -0.0024 13.7483
 16 784  0.1003  0.0084 32.3193
 48 784  0.0239 -0.0291 117.5801
 80 784  0.0569 -0.0431 102.7412
112 784  0.0037 -0.0389 442.8942
144 784  0.0213 -0.0461 49.3724
176 784 -0.1263 -0.2087 159.1329
208 784 -0.1901 -0.1346 85.3386
240 784 -0.1322 -0.4273 85.3694
272 784 -0.6114 -0.7672 34.5808
304 784 -0.1270 -0.2089 45.8779
336 784  0.0685  0.1754 135.1353
368 784  1.5112  0.8197 106.6334
400 784  2.3721  1.1009 84.7779
432 784  1.7765  0.4347 26.9264
464 784 -0.0604 -0.0024 13.2256
496 784  0.1043 -0.9194 10.1743
528 784  1.4350 -0.2627  8.6243
560 784  0.0394 -0.4208 60.9079
592 784  0.0137 -0.3083 22.0684
624 784 -0.0262  0.0188 28.5134
656 784 -0.1158  0.1088  8.8941
 16 816  0.0993  0.0010 35.2132
 48 816  0.0285 -0.0022 222.0778
 80 816  0.0522 -0.0211 303.8333
112 816  0.0795 -0.0989 298.6986
144 816  0.1268  0.0053 33.3021
176 816  0.0045 -0.6157 82.3716
208 816  0.0019 -0.2636 210.7729
240 816  0.0225 -0.9404 216.6787
272 816  0.0105 -0.5885 27.1869
304 816  0.7843 -0.2607 66.6435
336 816  0.9013  0.4161 166.1649
368 816  1.4701  0.6922 165.3084
400 816  3.0454  1.0747 91.8664
432 816  0.0835  0.0048 21.7516
464 816  0.2146 -0.0998  8.1457
496 816  0.3726 -0.3873 18.5691
528 816  0.6739  0.0389  6.8719
560 816  0.0619 -0.1452 36.0679
592 816 -0.0312 -0.0376 29.7965
624 816 -0.0234  0.0099 13.0682
656 816 -0.0154 -0.0101 17.9172
 16 848  0.0223 -0.0185 15.0220
 48 848  0.0627 -0.0255 161.9753
 80 848  0.1395 -0.0407 65.5253
112 848  0.2472 -0.0713 135.0576
144 848  0.1848 -0.2177 263.0123
176 848  0.4115 -0.1045 114.0058
208 848  0.1811 -0.5336 194.5170
240 848  0.1497 -0.2045 203.0665
272 848  0.0679 -0.3550 32.9364
304 848  0.9812 -0.4944 38.1190
336 848  2.2697 -0.1176 66.1143
368 848  1.9013  0.5544 65.7355
400 848 -0.4482  0.3050 64.8654
432 848  0.0559  0.0084 26.2074
464 848  0.0661 -0.0215  8.4214
496 848  0.0000 -0.0385 17.4729
528 848  0.1433  0.0939  7.0721
560 848  0.1697  0.0418 81.3242
592 848  0.0056  0.0213 56.5307
624 848 -0.0256  0.0006 114.9071
656 848 -0.0233  0.0686 34.1953
 16 880 -0.0010 -0.0245 13.3472
 48 880  0.1516 -0.0586 72.4369
 80 880  0.1409 -0.0194 182.3632
112 880  0.1133 -0.0093 170.5841
144 880  0.3697 -0.0457 76.9987
176 880  0.3952 -0.0922 117.0784
208 880  0.3721 -0.2106 90.3892
240 880  0.7679 -0.9553 99.1475
272 880  0.3208 -0.3053 36.6845
304 880  1.3869 -0.9576 25.4433
336 880  0.5156 -0.3127 21.7575
368 880  0.2188 -0.1036 102.6907
400 880  0.1287  0.0101 16.8855
432 880  0.2325  0.1092 15.2778
464 880  0.0473  0.0093 17.2170
496 880 -0.1386 -0.1118  6.0457
528 880  0.0119  0.0101 14.0682
560 880  0.0084  0.1116 18.8997
592 880 -0.0167  0.1550 43.9890
624 880 -0.0443  0.0684 39.5241
656 880 -0.0950  0.1373 73.4464
 16 912  0.1176  0.0005 196.4216
 48 912  0.2195  0.0227 27.6134
 80 912  0.3899 -0.1059 110.9252
112 912  0.2451 -0.1077 285.7759
144 912  0.1156 -0.0840 358.1173
176 912  0.2605 -0.1334 146.5199
208 912  0.6222 -0.1787 93.8399
240 912  0.7117 -0.3694 84.8829
272 912  1.3785 -1.0403 49.0173
304 912  1.3216 -1.0804 93.3325
336 912  2.1207 -1.1159 32.1124
368 912  0.0992  0.0678 15.6186
400 912  0.1317  0.2655 17.6676
432 912 -0.0148  0.0856 12.7803
464 912  0.0117  0.0152  8.0922
528 912 -0.0098  0.0119  4.9780
560 912  0.0085 -0.0001 13.8826
592 912 -0.0102  0.0261 25.9074
624 912 -0.0471  0.0365 17.2422
656 912 -0.0136  0.0971 33.4117
 16 944  0.0612 -0.0260 16.6405
 48 944  0.0977 -0.0047 52.4306
 80 944  0.0595 -0.0438 108.4141
112 944  0.1530 -0.2452 227.0439
144 944  0.1406 -0.1162 32.1810
176 944  0.1836 -0.0969 45.7307
208 944  0.2581 -0.3325 186.6427
240 944  0.8420 -0.8896 211.2604
272 944  0.9433 -0.9940 196.9971
304 944  1.0219 -1.5275 66.4402
336 944  1.5000 -1.4755 16.0526
368 944  0.2153 -0.1244 19.2713
400 944  0.0034  0.1674  8.9049
432 944  0.0397  0.0845 16.6740
464 944  0.0678  0.0940  5.0339
496 944  0.0053  0.0263  7.7649
528 944 -0.0271  0.0271  4.5990
592 944  0.0121 -0.0113  6.2874
624 944  0.0345 -0.0428 14.6217
656 944  0.1047 -0.0232 24.1312
 16 976  0.0597 -0.0293 172.2289
 48 976  0.2195 -0.0306 85.0199
 80 976  0.2754 -0.0449 154.4993
112 976  0.2099 -0.1486 246.2321
144 976  0.2134 -0.1469 185.3789
176 976  0.5095 -0.2909 171.0052
208 976  0.1854 -0.3194 102.1214
240 976  0.8019 -0.7961 135.7586
272 976  0.3476 -0.9288 55.2575
304 976  0.3475 -1.7050 35.9144
336 976  0.0381 -0.0232 14.8519
368 976 -0.0262  0.1934 10.1941
400 976  0.0681  0.2126  8.8675
432 976  0.1528  0.2207  5.0795
464 976  0.0847  0.0766 22.4999
496 976  0.0121  0.0014 15.6161
528 976 -0.0186  0.0109 38.1580
560 976 -0.0259  0.0291  7.4737
592 976 -0.0467 -0.0151  7.6174
624 976 -0.2216 -0.1539  6.5283
656 976  0.1201 -0.2210  8.0741
 16 1008  0.0709 -0.0213 104.3652
 48 1008  0.0463 -0.0455 133.5899
 80 1008  0.2345  0.0946 42.3081
112 1008  0.0608  0.0272 37.0354
144 1008  0.8598 -0.1237 71.7720
176 1008  0.1131 -0.1948 130.6688
208 1008  0.2327 -0.2036 126.5207
240 1008  0.5473 -0.4214 44.9802
272 1008  0.1170 -0.9845 47.9579
304 1008 -0.0038 -0.2325 11.6404
336 1008  0.0180  0.4137 12.0406
368 1008  0.1080  1.0920  7.6618
400 1008  0.2200  0.2806  8.5218
432 1008  0.1231  0.1157 44.4032
464 1008  0.2222 -0.0075 138.6557
496 1008  0.1689 -0.0747 130.6269
528 1008  0.0269 -0.0038 19.6635
560 1008 -0.0235 -0.0164  8.7357
592 1008 -0.0494 -0.0255  9.4828
 16 1040  0.2000 -0.0366 73.5741
 48 1040  0.0888  0.0015 80.8210
 80 1040  0.2184 -0.0913 34.1118
112 1040  0.3183 -0.0789 157.3632
144 1040  0.1279 -0.0898 143.8252
176 1040  0.0677 -0.0573 21.8825
208 1040  0.1728 -0.2047 160.6315
240 1040  0.0018 -0.0165 15.1172
272 1040  0.0586 -0.3834 54.9090
304 1040 -0.0242 -0.1368 15.5925
336 1040 -0.2957 -0.3995 129.9741
368 1040 -0.5909 -0.1352 51.9656
400 1040  0.0122  0.1200 100.1770
432 1040  0.1045  0.1138 21.9568
464 1040  0.1087  0.0160 31.5117
496 1040  0.1281 -0.0696 31.4739
528 1040 -0.0120 -0.0241 17.2214
560 1040 -0.0093  0.0252 12.5512
592 1040 -0.0200  0.0147 22.4905
624 1040  0.0550  0.1051 11.5916
656 1040 -0.1206  0.1656  8.1912
 16 1072  0.1839  0.0027 43.6360
 48 1072  0.0962 -0.0199 144.4298
 80 1072  0.2368 -0.0377 120.1000
112 1072  0.1197 -0.0605 104.6646
144 1072  0.1323 -0.2362 94.9865
176 1072  0.1882 -0.0706 73.3898
208 1072  0.2715 -0.0958 41.2692
240 1072  0.1615 -0.1597 107.0780
272 1072  0.0865 -0.1419 49.3326
304 1072  0.1831 -0.2280 81.7687
336 1072 -0.0769 -0.0770 98.4635
368 1072 -0.0497 -0.1014 136.6003
400 1072  0.0358 -0.0044 192.2404
432 1072  0.1723  0.0153 47.3504
464 1072  0.1063 -0.1184 27.2223
496 1072  0.0650 -0.0372 15.2589
528 1072  0.1160 -0.1968 47.6095
560 1072 -0.0116 -0.0133 16.0484
592 1072  0.0003  0.0496  8.2831
624 1072 -0.0121 -0.0398 11.2354
656 1072  0.0008  0.0083 30.7127
 16 1104  0.0490 -0.0408 23.9555
 48 1104  0.0457 -0.0623 40.7813
 80 1104  0.1089 -0.0967 159.2107
112 1104  0.1313 -0.0664 188.8168
144 1104  0.1159 -0.0584 70.8044
176 1104  0.1225 -0.0438 26.2911
208 1104  0.1678 -0.1540 236.3100
240 1104  0.4735 -0.0729 237.3658
272 1104  0.0563 -0.0569 18.7289
304 1104  0.0804 -0.1185 61.4384
336 1104  0.0333 -0.1229 129.3101
368 1104  0.0285 -0.0598 232.6555
400 1104  0.1080 -0.0272 167.0323
432 1104  0.1006 -0.0423 101.1836
464 1104  0.1654 -0.0986 37.9198
496 1104  0.0112 -0.0242 13.4771
528 1104  0.0044 -0.0742 18.1553
560 1104 -0.0284  0.0091 13.3531
592 1104 -0.0679  0.0148 16.1229
624 1104  0.0621  0.1187 14.7560
656 1104  0.0361  0.0082 20.2493
 16 1136  0.0254 -0.0083 17.4074
 48 1136  0.3978 -0.0116 43.6860
 80 1136  0.1172 -0.0289 53.8398
112 1136  0.1884 -0.0575 27.6039
144 1136  0.1415 -0.1422 64.2044
176 1136  0.0493 -0.0574 141.8490
208 1136  0.0805 -0.1085 93.2308
240 1136  0.0767 -0.1638 237.4350
272 1136  0.4188 -0.0836 133.2869
304 1136  0.0454 -0.1987 33.2102
336 1136  0.0718 -0.0973 198.3707
368 1136  0.0614 -0.0626 235.3643
400 1136  0.0634 -0.1233 118.6345
432 1136  0.1214 -0.0960 303.9211
464 1136  0.0111 -0.0137 20.6317
496 1136  0.0132 -0.0127 11.9549
528 1136 -0.0289 -0.0053 20.0955
560 1136 -0.0013 -0.0105 15.8966
592 1136 -0.0362  0.0089 11.4080
624 1136 -0.0156 -0.0191 27.1846
656 1136  0.0481  0.0285 32.2380
 16 1168 -0.0086 -0.0166 14.0924
 48 1168  0.0098 -0.0029 15.4325
 80 1168  0.2655 -0.0932 50.0672
112 1168  0.1151 -0.0980 36.3908
144 1168  0.0785 -0.0559 19.1193
176 1168  0.0699 -0.0692 194.1897
208 1168  0.0627 -0.0370 77.2413
240 1168  0.0998 -0.1222 94.7892
272 1168  0.0731 -0.0942 83.1464
304 1168  0.0844 -0.1250 58.6545
336 1168  0.0977 -0.2362 83.9352
368 1168  0.0665 -0.1288 219.3773
400 1168  0.1003 -0.2051 197.6637
432 1168  0.1389 -0.1105 174.9769
464 1168  0.0872 -0.1152 81.2828
496 1168  0.0461 -0.1025 21.9974
528 1168  0.0086 -0.0222 14.2955
560 1168 -0.0069 -0.0296 16.2578
592 1168  0.0043 -0.0033 13.8929
624 1168  0.0142  0.0291  9.6238
656 1168  0.0585  0.0202 26.9500
 16 1200  0.0220 -0.0250 10.8734
 48 1200  0.0374 -0.0169 15.2033
 80 1200  0.1122 -0.0368 57.1435
112 1200  0.1014 -0.0489 136.0399
144 1200  0.1240 -0.0948 52.1820
176 1200  0.0944 -0.2114 87.6988
208 1200  0.0982 -0.1055 186.7166
240 1200  0.0303 -0.0557 206.4725
272 1200  0.0958 -0.2071 267.9876
304 1200  0.0627 -0.1244 112.6182
336 1200  0.1300 -0.0804 83.8205
368 1200  0.1988 -0.1987 94.2084
400 1200  0.0470 -0.1277 259.7834
432 1200  0.1013 -0.2153 95.9231
464 1200  0.0973 -0.0260 26.9759
496 1200  0.0296 -0.0022 21.1762
528 1200  0.0061 -0.0265 16.8406
560 1200 -0.0126 -0.0303 13.2299
592 1200  0.0107 -0.0386 16.2244
624 1200  0.0065  0.0055 12.7725
656 1200  0.0375  0.0088 23.2677
  0   0  0.0778 -0.1269  0.0000
  0   0  0.1248 -0.1335  0.0000
  0   0  0.1057 -0.1402  0.0000
  0   0  0.0491 -0.1216  0.0000
