VARIABLES= "X pix", "Y pix", "U pix/dt", "V pix/dt", "CHC", ZONE I=21, J=30
 16 272 -0.0315 -0.2242 73.3217
 48 272 -0.0467 -0.1217 235.7165
 80 272 -0.1646 -0.1601 125.5043
112 272 -0.0027  0.0200 50.1784
144 272 -0.0139 -0.0577 38.1175
176 272 -0.0538 -0.1120 166.4292
208 272  0.0120 -0.0243 272.0666
240 272 -0.0135 -0.0807 38.8362
272 272 -0.0028  0.0017 310.4299
304 272  0.0352 -0.0381 151.6790
336 272  0.0563 -0.0052 45.3158
368 272  0.0447  0.0127 54.5039
400 272  0.0437  0.0170 216.6182
432 272  0.0886  0.0491 293.5496
464 272  0.0879 -0.0431 175.8086
496 272  0.1216  0.0468 123.4328
528 272  0.0721  0.0651 240.6606
560 272  0.0960  0.0423 92.2468
592 272  0.0418  0.0362 60.2548
624 272  0.0619  0.0268 152.5588
656 272  0.0485  0.0381 54.9933
 16 304 -0.0548 -0.0564 34.8490
 48 304 -0.1105 -0.2811 47.5695
 80 304 -0.1153 -0.2051 355.1692
112 304 -0.0268 -0.2835 196.8437
144 304 -0.1947 -0.2189 142.4857
176 304 -0.0881 -0.1047 214.4070
208 304 -0.0912 -0.1243 246.0520
240 304 -0.0142 -0.1059 203.4380
272 304 -0.0041 -0.0575 322.5587
304 304  0.0161 -0.0334 289.6030
336 304  0.0631 -0.0107 266.8490
368 304  0.0686 -0.0016 50.0762
400 304  0.0528 -0.0195 89.8698
432 304  0.0683 -0.0012 257.7922
464 304  0.0968 -0.0002 155.0746
496 304  0.0210  0.0434 132.5340
528 304  0.0686  0.0444 147.4311
560 304  0.0224  0.0485 114.1299
592 304  0.0906  0.0261 125.7339
624 304  0.0990 -0.0037 112.8047
656 304  0.0910  0.0035 65.5085
 16 336 -0.1850 -0.3367 164.4414
 48 336 -0.2611 -0.2266 220.8851
 80 336 -0.1313 -0.3687 249.9856
112 336 -0.3072 -0.3695 404.5247
144 336 -0.1463 -0.4110 177.0839
176 336 -0.0509 -0.1921 263.2528
208 336 -0.0421 -0.1616 60.5568
240 336 -0.0256 -0.0857 49.1078
272 336 -0.0096 -0.1265 313.7293
304 336  0.0426 -0.0267 134.2144
336 336  0.0078 -0.0857 108.8565
368 336  0.0599 -0.0376 120.3521
400 336  0.0621  0.0175 144.2117
432 336  0.0434  0.0189 177.4872
464 336  0.1000  0.0121 157.3947
496 336  0.1090  0.0394 44.8347
528 336  0.0881  0.0584 151.8967
560 336  0.1296  0.0355 184.5649
592 336  0.0743  0.0631 163.6955
624 336  0.1010  0.0194 118.6821
656 336  0.1280  0.0238 172.4679
 16 368 -0.3799 -0.2394 185.2352
 48 368 -0.1833 -0.3490 278.4063
 80 368 -0.1441 -0.2123 175.6105
112 368 -0.2075 -0.4808 63.3255
144 368 -0.1787 -0.2560 287.1000
176 368 -0.1291 -0.2419 329.3770
208 368 -0.1208 -0.1875 104.5473
240 368 -0.0467 -0.1809 43.3799
272 368  0.0109 -0.0792 363.9485
304 368 -0.0002 -0.0956 119.5356
336 368  0.0401 -0.0410 219.7322
368 368  0.0531 -0.0894 322.4076
400 368  0.0443 -0.0376 189.7434
432 368  0.0738  0.0006 57.9473
464 368  0.1059  0.0101 295.5904
496 368  0.0520  0.0199 177.2690
528 368  0.1124  0.0609 151.5871
560 368  0.0654  0.0098 48.0542
592 368  0.1181  0.0242 59.2141
624 368  0.1361  0.0361 112.1652
656 368  0.1348  0.0187 141.0129
 16 400 -0.2016 -0.1490 32.6193
 48 400 -0.1423 -0.3812 47.4317
 80 400 -0.2682 -0.2956 167.6191
112 400 -0.2141 -0.3279 294.2267
144 400 -0.2087 -0.4387 235.7886
176 400 -0.2560 -0.3567 249.6284
208 400 -0.1736 -0.2970 149.9618
240 400 -0.0988 -0.2633 70.5932
272 400 -0.1288 -0.1624 188.8191
304 400 -0.0338 -0.1166 135.1258
336 400  0.0142 -0.1074 268.4871
368 400  0.0450 -0.1188 167.4436
400 400  0.0263 -0.0360 140.5109
432 400  0.0245 -0.0685 57.7566
464 400  0.0099 -0.1258 192.9099
496 400  0.0948  0.0331 126.8729
528 400  0.0803  0.0155 187.4196
560 400  0.0591  0.0121 111.6260
592 400  0.0692  0.0359 40.9544
624 400  0.1825  0.0241 107.3061
656 400  0.1432  0.0143 118.8740
 16 432 -0.0903 -0.3306 295.7632
 48 432 -0.2159 -0.2037 26.1829
 80 432 -0.0840 -0.7854 36.0385
112 432 -0.1740 -0.4270 159.6214
144 432 -0.2132 -0.3987 340.3988
176 432 -0.1028 -0.7097 90.8250
208 432 -0.1513 -0.0752 15.5921
240 432 -0.1859 -0.1875 131.0382
272 432 -0.0423 -0.1432 26.0450
304 432 -0.0426 -0.1967 125.1970
336 432  0.0102 -0.1087 178.8423
368 432  0.0329 -0.1211 243.2090
400 432  0.0849 -0.0936 103.1912
432 432  0.0468 -0.0870 165.9674
464 432  0.1439  0.0078 118.5661
496 432  0.1515  0.0538 181.8598
528 432  0.1746  0.0381 100.6644
560 432  0.1172  0.0095 135.6143
592 432  0.1597 -0.0011 114.5627
624 432  0.0906 -0.0114 40.6955
656 432  0.1513 -0.0040 89.6676
 16 464 -0.1651 -0.5376 112.4918
 48 464 -0.1145 -0.4121 34.6841
 80 464 -0.1698 -0.3943 112.2605
112 464 -0.3357 -0.5514 45.1314
144 464 -0.1707 -0.4822 189.9756
176 464 -0.0373 -0.4377 113.1164
208 464 -0.3085 -0.5575 74.1817
240 464 -0.1421 -0.4843 184.4768
272 464 -0.1158 -0.2078 196.2503
304 464 -0.0588 -0.3928 299.6688
336 464 -0.0585 -0.1330 184.5692
368 464  0.0060 -0.0772 175.5232
400 464  0.0274 -0.0799 268.8397
432 464  0.0297 -0.0161 131.3927
464 464  0.0738 -0.0907 106.6761
496 464  0.0815  0.0139 224.3538
528 464  0.0878  0.0420 138.7209
560 464  0.1337  0.0403 51.8824
592 464  0.2366  0.0010 219.1864
624 464  0.1065 -0.0038 89.8873
656 464  0.0908  0.0032 159.7399
 16 496 -0.0940 -0.2691 22.5482
 48 496 -0.6939 -0.2913 93.5196
 80 496 -0.6831 -0.7991 67.3673
112 496 -0.0490 -0.2143 246.9875
144 496 -0.4087 -0.4562 219.1523
176 496 -0.5438 -0.2814 79.1223
208 496 -0.3227 -0.6137 41.6305
240 496 -0.4235 -0.3765 38.5967
272 496 -0.1380 -0.3807 107.2459
304 496 -0.0720 -0.3195 327.4906
336 496 -0.0096 -0.2951 163.2967
368 496  0.0125 -0.1773 192.8328
400 496  0.0489 -0.1543 175.5006
432 496  0.0196 -0.0599 39.6654
464 496  0.1208 -0.0237 183.1079
496 496  0.1096 -0.0259 146.0878
528 496  0.1444 -0.0040 83.0524
560 496  0.1299  0.0097 224.0860
592 496  0.0552 -0.0069 18.0766
624 496  0.1595  0.0196 154.8638
656 496  0.1725 -0.0204 104.9806
 16 528 -0.5739 -0.1646 29.5390
 48 528 -0.7105 -0.5394 107.8092
 80 528 -0.7488 -0.3681 221.7289
112 528 -0.6681 -0.5440 258.6024
144 528 -0.4721 -0.7234 68.7819
176 528 -0.4098 -1.0939 130.2848
208 528 -0.2004 -0.6208 178.8898
240 528 -0.0667 -0.6786 238.5010
272 528 -0.1280 -0.8147 188.9182
304 528 -0.0877 -0.4945 176.6557
336 528 -0.0165 -0.4268 124.3443
368 528  0.0345 -0.1791 124.5250
400 528  0.0444 -0.1266 26.6755
432 528  0.1776 -0.0411 46.3522
464 528  0.1145 -0.0534 135.6383
496 528  0.1378  0.0027 135.4732
528 528  0.1293 -0.0230 167.2976
560 528  0.1216  0.0244 60.9206
592 528  0.1861 -0.0024 50.5319
624 528  0.1396  0.0063 267.3759
656 528  0.1213 -0.0151 116.7027
 16 560 -0.1245 -0.1164 40.1492
 48 560 -1.3083 -0.6040 32.4355
 80 560 -0.4035 -0.5353 37.3256
112 560 -0.8404 -0.6485 105.7162
144 560 -0.5498 -0.8300 61.7449
176 560  0.0126 -0.3005 17.1079
208 560 -0.5039 -0.7495 284.0681
240 560 -0.4181 -0.8353 86.0043
272 560 -0.3724 -0.5255 72.7232
304 560 -0.1320 -0.8164 118.7641
336 560 -0.0542 -0.2386 131.5425
368 560  0.0164 -0.1711 130.8787
400 560  0.0623 -0.1697 193.3891
432 560  0.1388 -0.1109 221.2072
464 560  0.1598 -0.0033 110.0179
496 560  0.1653 -0.0597 183.7859
528 560  0.1521 -0.0320 138.9600
560 560  0.0999  0.0509 43.2635
592 560  0.1150 -0.0353 25.0329
624 560  0.2088 -0.0201 34.6797
656 560  0.2605 -0.0270 139.4145
 16 592 -0.1424 -0.0347 17.2987
 48 592 -0.3191 -0.3087 64.5245
 80 592 -0.3070 -0.3900 26.6489
112 592 -0.8140 -0.5109 192.2996
144 592 -0.8759 -0.8697 380.9461
176 592 -0.8472 -0.9699 178.7007
208 592 -0.5378 -0.7915 63.1364
240 592 -0.6786 -1.2647 50.7590
272 592  0.1387 -0.2745 26.5366
304 592 -0.6569 -0.8914 58.7300
336 592 -0.2160 -0.6118 185.8174
368 592 -0.3174 -0.3977 116.0753
400 592 -0.2441 -0.2025 147.6262
432 592 -0.0017 -0.1248 172.7334
464 592  0.0206 -0.1930 112.3813
496 592  0.0778 -0.0118 144.3913
528 592  0.0835 -0.0133 106.8735
560 592  0.1247 -0.0246 27.3918
592 592  0.0988 -0.0416 47.7508
624 592  0.1490  0.0033 98.8492
656 592  0.1640 -0.0529 132.9163
 16 624 -0.1623 -0.1197 211.1159
 48 624 -0.2577 -0.2203 27.4159
 80 624 -0.4524 -0.2030 151.1323
112 624 -0.8008 -0.5143 128.9092
144 624 -0.8862 -0.8985 86.7139
176 624 -1.0489 -0.9446 98.2343
208 624 -1.1250 -1.2172 218.5580
240 624 -0.9510 -1.1685 74.1449
272 624 -0.9630 -0.6024 43.1769
304 624 -1.1037 -0.8521 66.2522
336 624 -0.9689 -0.7424 102.5191
368 624 -0.7184 -0.7205 135.7549
400 624 -0.7044 -0.6124 82.9449
432 624 -0.3564 -0.2864 67.0003
464 624 -0.2210 -0.2489 79.0813
496 624 -0.0733  0.0017 14.4439
528 624  0.1653 -0.0422 247.5227
560 624  0.1854 -0.0298 128.2150
592 624  0.2181 -0.0570 44.8707
624 624  0.1553 -0.1256 155.3564
656 624  0.2697 -0.1243 219.5234
 16 656 -0.0673 -0.1640 40.6003
 48 656 -0.1966 -0.2055 169.6936
 80 656 -0.6978 -0.3078 193.4339
112 656 -0.4870 -0.2608 237.6343
144 656 -1.2114 -0.7263 114.4745
176 656 -1.1347 -0.9953 203.8533
208 656 -1.0069 -1.3170 320.5630
240 656 -1.7606 -1.3410 75.5158
272 656 -1.2732 -0.5589 36.5528
304 656 -1.4054 -0.8141 71.9074
336 656 -1.4329 -0.8596 101.4552
368 656 -0.8185 -0.4551 57.1580
400 656 -1.1152 -0.4963 64.5061
432 656 -0.8717 -0.5304 143.5171
464 656 -0.7022 -0.4738 42.6789
496 656 -0.3598 -0.2138 66.8125
528 656 -0.0270 -0.1527 45.9484
560 656  0.0675 -0.1267 157.2513
592 656 -0.0015 -0.0584 16.3204
624 656  0.1961 -0.1675 80.0536
656 656  0.1853 -0.2170 72.1346
 16 688 -0.0744 -0.0692 32.5412
 48 688 -0.1665 -0.3659 144.0999
 80 688 -0.4082 -0.1752 181.8634
112 688 -0.1493 -0.0678 98.9824
144 688 -0.7679 -0.3102 55.0798
176 688 -1.3374 -0.8395 119.0828
208 688 -1.8426 -1.6131 58.0154
240 688 -1.3627 -1.0759 45.9771
272 688 -1.5234 -1.2991 101.2241
304 688 -1.6082 -0.8841 73.6009
336 688 -1.5001 -0.8774 82.6830
368 688 -2.0411 -0.5278 51.8607
400 688 -1.4763 -0.2356 130.7614
432 688 -1.2894 -0.4363 22.4946
464 688 -0.7810 -0.3449 22.7070
496 688 -0.4078 -0.2917 17.9679
528 688 -0.2662 -0.2786 24.4841
560 688 -0.0689 -0.2726 155.2905
592 688  0.0174 -0.0980 18.0998
624 688  0.0302 -0.1102 65.8627
656 688  0.0402 -0.3078 115.2387
 16 720 -0.0319 -0.0453 106.6383
 48 720 -0.0795 -0.1032 243.2608
 80 720 -0.2221 -0.0693 163.6759
112 720 -0.2663 -0.0751 19.8019
144 720 -0.1114 -0.0629 94.1140
176 720 -0.0746 -0.0715 13.6025
208 720 -1.3188 -0.9696 232.1605
240 720 -1.3094 -1.0952 66.5811
272 720 -1.6739 -1.3669 25.6603
304 720 -1.5289 -0.6384 62.2510
336 720 -1.2399 -0.3236 125.4123
368 720 -1.2916  0.0196 24.7923
400 720 -0.2807 -0.0202  9.7376
432 720 -2.2746 -0.0559 14.4838
464 720 -1.0382 -0.2774 16.4578
496 720 -0.8711 -1.0655 157.1527
528 720 -0.2764 -0.4666 38.0269
560 720 -0.1367 -0.2872 49.6804
592 720 -0.0510 -0.1468 19.7607
624 720 -1.3826  0.1842 16.7238
656 720 -0.0911 -0.0345 33.8228
 16 752 -0.0181 -0.0341 53.8280
 48 752 -0.0063 -0.0400 98.8442
 80 752 -0.0345 -0.0713 59.5126
112 752 -0.1054 -0.1031 220.0736
144 752 -0.2208 -0.1611 120.9966
176 752 -0.8141 -0.8572 108.0129
208 752 -0.9426 -0.8835 78.9139
240 752 -1.2340 -0.8562 23.4846
272 752 -1.0232 -0.9052 189.9106
304 752 -0.6246 -0.1001 33.9045
336 752 -0.3731  0.3960 115.6963
368 752 -0.6862  1.0148 45.4791
400 752 -0.6742  1.0288 16.5846
432 752  0.4398 -4.5914  8.4327
464 752  0.0547 -0.3043  4.9361
496 752  0.3627 -0.6358 10.4442
528 752 -0.2440 -0.8046 69.4855
560 752 -0.1162 -0.4576 66.6376
592 752 -0.1152 -0.2661 35.7049
624 752 -0.3295  0.3121 12.0931
656 752 -0.1190  0.0384 11.7519
 16 784  0.0309 -0.0241 19.8975
 48 784  0.0076 -0.0226 147.6395
 80 784  0.0074 -0.0132 362.1801
112 784 -0.0012 -0.0333 451.2602
144 784 -0.1981 -0.0172 175.7424
176 784 -0.1941 -0.2252 106.5840
208 784 -0.3054 -0.3837 100.9105
240 784 -1.1234 -0.9403 73.0650
272 784 -0.3303 -0.5596 81.1234
304 784 -0.1934 -0.1580 34.1101
336 784  0.1817  0.3552 165.8823
368 784  0.3629  1.2093 82.4737
400 784  0.2603  2.2190 11.1892
432 784  0.0892  0.0253 11.6732
464 784  0.4541 -1.5281  6.8604
496 784  0.1431 -0.1389  4.0428
528 784  0.4410 -0.4742 14.3575
560 784 -0.1049 -0.4254 29.3874
592 784 -0.1269 -0.1092 65.0049
624 784 -0.0639 -0.0144 15.5368
656 784 -0.1497  0.1300  9.5932
 16 816  0.0550 -0.0057 22.1071
 48 816  0.1028 -0.0088 25.9253
 80 816  0.0501 -0.0989 194.5361
112 816  0.0390 -0.0244 100.2807
144 816  0.0134 -0.0528 125.1321
176 816  0.1221 -0.1512 115.6533
208 816 -0.0787 -0.5835 152.6100
240 816  0.0060 -0.6889 194.7803
272 816  0.0340 -0.7872 27.4917
304 816  0.1515 -0.1092 22.2898
336 816  0.8807  0.5073 167.3784
368 816  1.7784  1.7273 148.8657
400 816  0.0366 -0.3658 23.7175
432 816  0.1720 -0.3202  9.1891
464 816  1.0637 -0.5305  9.6846
496 816  0.4490 -0.3080  6.5343
528 816  0.2123 -0.0673  7.7453
560 816 -0.0377 -0.0802 44.0692
592 816 -0.1768 -0.1514 42.5298
624 816 -0.0670  0.0159 20.8447
656 816 -0.0694  0.0251 11.2892
 16 848  0.0122 -0.0087 17.7411
 48 848  0.0907 -0.0256 28.2184
 80 848  0.0638  0.0208 256.2782
112 848  0.1497  0.0245 88.3246
144 848  0.0926 -0.0260 297.5818
176 848  0.2851 -0.0476 99.9548
208 848  0.1356 -0.2935 230.1237
240 848  0.0986 -0.6936 176.6700
272 848  0.6108 -0.8697 36.8285
304 848  1.2499 -0.3702 111.3726
336 848  2.6807  0.1993 69.5529
368 848  1.8412  0.3482 68.7583
400 848  0.1429  0.0619 12.1319
432 848  0.0679 -0.0424 13.4713
464 848  0.0979 -0.0773 11.7552
496 848  0.1906  0.0382  8.9590
528 848  0.0508  0.0097  8.3586
560 848 -0.0378  0.0751 33.6334
592 848 -0.0866 -0.0918 130.3504
624 848 -0.0728  0.0687 39.9523
656 848 -0.0916  0.0845 43.0217
 16 880  0.0352  0.0017 16.3746
 48 880  0.1450 -0.0129 124.8639
 80 880  0.1409 -0.0165 168.1193
112 880  0.1355 -0.0646 93.0259
144 880  0.2693 -0.0468 159.6674
176 880  0.1667 -0.0481 31.1189
208 880  0.2511 -0.1903 116.5173
240 880  1.2440 -1.2162 99.6704
272 880  0.8065 -1.0402 30.4524
304 880  0.0747 -0.0444 11.4054
336 880 -0.0296  0.1562 81.7036
368 880  0.0169  0.0809 14.1986
400 880  0.0333  0.0592 14.1859
432 880  0.0851  0.0299 12.1350
464 880  0.0131  0.0399 11.4764
496 880  0.3267  0.0987  5.1097
528 880 -0.0284 -0.0075 13.9277
560 880 -0.0688  0.0172 38.7816
592 880 -0.0622  0.0677 68.2032
624 880 -0.1436  0.0710 74.6036
656 880 -0.1275  0.1166 82.2962
 16 912  0.1290 -0.0013 55.9334
 48 912  0.0784 -0.0496 22.0602
 80 912  0.5615  0.0827 107.3156
112 912  0.2279 -0.0598 289.5276
144 912  0.1243 -0.0440 191.2570
176 912  0.5304 -0.1469 99.9487
208 912  0.4426 -0.2338 89.5607
240 912  1.0003 -0.7951 23.5712
272 912  0.1901 -0.1662 12.7318
304 912  0.0197 -0.0457 10.1815
336 912  3.0855 -2.5491 50.4099
368 912  0.0131  0.3789 10.2026
400 912  0.1074  0.0443 14.1141
432 912  0.0060  0.2051 13.2414
464 912  0.0936  0.1900  6.3578
528 912 -0.0452  0.0472  4.7889
560 912 -0.0491  0.0490 12.9311
592 912  0.0017  0.1069 24.6803
624 912 -0.1440  0.0366 17.8493
656 912 -0.1303  0.1064 31.0477
 16 944  0.0837 -0.0032 19.2486
 48 944  0.0448  0.0207 20.7280
 80 944  0.1049 -0.0083 91.1270
112 944  0.1101 -0.1317 239.6163
144 944  0.2065 -0.0383 34.5050
176 944  0.3972 -0.1051 41.1774
208 944  0.5147 -0.2130 67.1088
240 944  0.4399 -0.7446 93.6311
272 944  0.6283 -1.4970 91.9031
304 944  0.9960 -2.5098 18.0587
336 944 -0.2849  0.2480 13.7383
368 944 -0.4288  0.3266 15.7606
400 944  0.0313  0.3863 17.2799
432 944  0.1590  0.2254  8.9554
464 944  0.0961  0.0625  4.4385
496 944 -0.0002  0.0514  8.6479
528 944 -0.0317  0.0295  4.7364
592 944 -0.0259  0.0230  6.0774
624 944 -0.0177  0.0118 19.6425
656 944 -0.0541  0.0073 27.4751
 16 976  0.1886 -0.0578 53.3559
 48 976  0.1468 -0.0290 65.9207
 80 976  0.2862 -0.0391 142.0331
112 976  0.3026 -0.0600 225.5581
144 976  0.3426 -0.1164 83.9873
176 976  0.2661 -0.0624 157.6846
208 976  0.3395 -0.2286 171.2958
240 976  0.0999 -0.4862 198.1758
272 976  0.0886 -1.6412 97.7968
304 976  0.0473 -1.3208 18.1279
336 976 -0.0340  2.1720 10.1596
368 976  0.0488  1.9499 11.0808
400 976  0.2441  0.9726  5.1416
432 976  0.1754  0.2256  5.8829
464 976  0.1163  0.1007 36.9578
496 976  0.0734 -0.0902 16.7090
528 976 -0.0323  0.0141 39.5796
560 976 -0.0386  0.0266  7.7642
592 976 -0.0046  0.0151  7.1018
624 976  0.0283 -0.1040  8.2389
656 976  0.0274 -0.0764  7.8313
 16 1008  0.1999 -0.0465 110.8791
 48 1008  0.1146 -0.0293 61.8520
 80 1008  0.2633 -0.0214 54.6384
112 1008  0.0837 -0.0855 23.3218
144 1008  0.1871 -0.0471 73.0531
176 1008  0.1975 -0.1639 42.0548
208 1008  0.2567 -0.1941 109.5228
240 1008  0.0533 -0.1024 14.7755
272 1008  0.0408 -0.6067 55.3811
304 1008 -0.1650 -1.0375 39.9515
336 1008 -0.9518 -1.6142 47.0443
368 1008 -0.0680  0.1236 36.3907
400 1008 -0.1870  0.1887 44.2599
432 1008  0.5549  0.1160 16.0382
464 1008  0.2026 -0.0671 65.1464
496 1008  0.1373 -0.0805 60.1730
528 1008 -0.0134 -0.0564 20.8482
560 1008 -0.0060  0.0132  9.9756
592 1008  0.1347 -0.0064  6.9761
624 1008 -0.0503 -0.2311  8.8875
656 1008  0.0315 -0.0904  4.5852
 16 1040  0.1040  0.0840 232.1560
 48 1040  0.1074  0.0035 55.1928
 80 1040  0.3335 -0.0590 73.2653
112 1040  0.4549 -0.0813 134.5689
144 1040  0.0983 -0.0275 212.8380
176 1040  0.1130 -0.0525 29.6016
208 1040  0.2004 -0.1550 138.6390
240 1040  0.1625 -0.1948 23.2976
272 1040  0.0924 -0.1483 88.6784
304 1040  0.0034 -0.0842 20.2769
336 1040 -0.0825 -0.2201 199.6782
368 1040 -0.0843 -0.0538 132.4809
400 1040  0.0444 -0.0150 202.7945
432 1040  0.2587  0.0506 31.8987
464 1040  0.1215 -0.0023 18.4759
496 1040  0.0539 -0.0746 16.8708
528 1040  0.0008 -0.0101 16.9675
560 1040 -0.0116  0.0027 15.4001
592 1040  0.0332 -0.0240 21.8377
624 1040  0.0106 -0.0089 14.7042
656 1040  0.0362 -0.0133  9.0836
 16 1072  0.1450  0.0178 85.0723
 48 1072  0.2436 -0.0261 130.1057
 80 1072  0.1208 -0.0675 94.7731
112 1072  0.2134 -0.0273 88.6556
144 1072  0.2207 -0.0664 89.9434
176 1072  0.1028 -0.0779 84.8527
208 1072  0.1062 -0.0789 69.9798
240 1072  0.1213 -0.3146 103.5602
272 1072 -0.0102 -0.3614 80.6406
304 1072  0.1457 -0.2285 68.4378
336 1072  0.0268 -0.3122 135.1805
368 1072  0.0172 -0.2055 179.9956
400 1072  0.1137 -0.0968 150.6108
432 1072  0.1486 -0.0283 77.4581
464 1072  0.0634 -0.0336 15.6960
496 1072  0.0507 -0.0569 16.7740
528 1072  0.0997 -0.1856 41.9529
560 1072 -0.0029 -0.0219 15.9875
592 1072 -0.0179  0.0376  9.1926
624 1072  0.0030 -0.0104 14.4789
656 1072  0.0127  0.0226 28.8016
 16 1104  0.4016 -0.0054 28.2911
 48 1104  0.0694 -0.0374 41.1302
 80 1104  0.1975 -0.0865 83.9692
112 1104  0.0945 -0.0436 222.3851
144 1104  0.1218 -0.0737 66.3048
176 1104  0.0803 -0.0380 22.5334
208 1104  0.0730 -0.1062 307.3481
240 1104  0.0374 -0.0677 73.1913
272 1104  0.1767 -0.1168 19.3330
304 1104  0.0452 -0.0915 311.0861
336 1104  0.1299 -0.0937 184.5230
368 1104  0.1705 -0.1970 129.9160
400 1104  0.2197 -0.0571 97.7388
432 1104  0.3197 -0.0273 83.2433
464 1104  0.1303 -0.0971 39.4633
496 1104 -0.0004 -0.0096 12.5870
528 1104  0.0411 -0.0304 15.3408
560 1104 -0.0174  0.0016 13.3904
592 1104  0.0345 -0.0306 13.9656
624 1104 -0.0397  0.0365 19.2368
656 1104  0.0127 -0.0085 18.9944
 16 1136 -0.0030  0.0054 14.7990
 48 1136  0.0487 -0.0196 146.3074
 80 1136  0.1513 -0.0204 75.7733
112 1136  0.0942 -0.0058 63.9181
144 1136  0.1287 -0.0820 64.3726
176 1136  0.0236 -0.0755 160.3638
208 1136  0.1390 -0.0593 181.5191
240 1136  0.1447 -0.1006 273.4320
272 1136  0.1183 -0.1237 148.7203
304 1136  0.0797 -0.0423 42.9131
336 1136  0.1348 -0.0753 191.9475
368 1136  0.2228 -0.1710 197.9623
400 1136  0.0988 -0.1180 124.4332
432 1136  0.1972 -0.1874 243.9367
464 1136  0.0038 -0.0162 21.0809
496 1136  0.0313 -0.0416 12.0299
528 1136  0.0220 -0.0445 20.2400
560 1136 -0.0123 -0.0202 15.3433
592 1136  0.0007 -0.0019 12.0484
624 1136 -0.0355  0.0060 34.8567
656 1136  0.0131 -0.0717 34.9820
 16 1168  0.0085  0.0117 15.0750
 48 1168  0.0402 -0.0060 17.8555
 80 1168  0.1876 -0.0590 69.6109
112 1168  0.0676 -0.1233 36.1824
144 1168  0.0404 -0.0186 11.4993
176 1168  0.0775  0.0115 201.5555
208 1168  0.0885 -0.0801 85.6297
240 1168  0.3119 -0.0544 42.8593
272 1168  0.0427 -0.1728 50.1068
304 1168  0.2488 -0.0606 48.6080
336 1168  0.0526 -0.0735 109.8594
368 1168  0.1102 -0.1657 279.3229
400 1168  0.2320 -0.1371 130.7679
432 1168  0.1351 -0.1403 29.2573
464 1168 -0.0051 -0.0181 15.6987
496 1168  0.0405 -0.0713 18.4683
528 1168  0.0179 -0.0091 11.1411
560 1168 -0.0376 -0.0038 13.7215
592 1168  0.0134  0.0005 13.2095
624 1168  0.0402  0.0314 10.0399
656 1168  0.0796  0.0016 26.7543
 16 1200  0.0390 -0.0103 15.8199
 48 1200  0.0285  0.0005 14.5641
 80 1200  0.1681 -0.0343 46.7095
112 1200  0.1144 -0.0531 173.5759
144 1200  0.1066 -0.0783 88.2997
176 1200  0.0617 -0.0223 151.6537
208 1200  0.1154 -0.0807 244.2560
240 1200  0.0338 -0.0972 286.0710
272 1200  0.0020 -0.1020 44.2102
304 1200  0.1166 -0.0825 34.8352
336 1200  0.0710 -0.1535 46.8922
368 1200  0.1079 -0.1619 186.0499
400 1200  0.0791 -0.1158 228.6231
432 1200  0.1720 -0.1203 47.0010
464 1200  0.0917 -0.0809 37.7130
496 1200  0.0192  0.0023 17.9200
528 1200  0.0115 -0.0062 15.9441
560 1200 -0.0063  0.0119 12.5528
592 1200  0.0220  0.0048 17.7814
624 1200 -0.0252  0.0170 13.5621
656 1200  0.0621 -0.0004 24.0281
  0   0  0.2353 -0.1133  0.0000
  0   0  0.2751 -0.2124  0.0000
