VARIABLES= "X pix", "Y pix", "U pix/dt", "V pix/dt", "CHC", ZONE I=21, J=30
 16 272 -0.0799 -0.1628 165.8279
 48 272 -0.1007 -0.4065 132.4444
 80 272 -0.0004 -0.0613 60.2056
112 272 -0.1439 -0.0100 42.3496
144 272 -0.0394 -0.0914 116.5767
176 272 -0.0806 -0.0928 132.3049
208 272 -0.0751 -0.0910 190.9481
240 272 -0.0802 -0.0733 101.1655
272 272 -0.0310 -0.0508 255.6517
304 272 -0.0084 -0.0211 236.8154
336 272 -0.0040 -0.0113 85.8110
368 272  0.0551  0.0133 157.4250
400 272  0.0063  0.0216 247.1570
432 272  0.0213  0.0345 169.2338
464 272 -0.0109  0.0227 260.5791
496 272  0.0332  0.0572 164.6980
528 272  0.0568  0.1052 78.0174
560 272  0.0050  0.0559 174.9413
592 272  0.0292  0.0040 30.1385
624 272  0.0514  0.0166 178.2232
656 272  0.0309  0.0678 133.0355
 16 304 -0.0878 -0.1492 95.9409
 48 304 -0.0320 -0.0764 181.2147
 80 304 -0.1357 -0.1217 279.4402
112 304 -0.0997 -0.1869 172.5018
144 304 -0.2287 -0.1838 229.7778
176 304 -0.0889 -0.1798 182.4491
208 304 -0.0278 -0.1528 305.8412
240 304 -0.0189 -0.0959 65.2845
272 304 -0.0094 -0.0577 141.2300
304 304 -0.0178 -0.0669 262.8356
336 304  0.0179 -0.0132 189.8822
368 304 -0.0023 -0.0065 107.1756
400 304  0.0095  0.0004 86.8578
432 304  0.0138  0.0279 34.4815
464 304  0.0569  0.0373 178.6472
496 304  0.0369  0.0483 62.5953
528 304  0.0569  0.0750 155.7181
560 304  0.0454  0.1050 90.8999
592 304  0.0176  0.0749 61.7520
624 304  0.0684  0.0213 184.7517
656 304  0.0292  0.0407 90.2985
 16 336 -0.0579 -0.1101 23.9136
 48 336 -0.2489 -0.3707 220.4560
 80 336 -0.2188 -0.3811 103.1278
112 336 -0.1710 -0.0255 147.3434
144 336 -0.1138 -0.1887 24.0884
176 336 -0.1648 -0.3026 219.7102
208 336 -0.0424 -0.0859 247.3561
240 336 -0.0399 -0.0583 74.7394
272 336 -0.0471 -0.0139 167.8724
304 336  0.0012 -0.0589 208.6758
336 336 -0.0105 -0.0394 106.4714
368 336  0.0143  0.0108 104.5424
400 336  0.0344 -0.0019 192.5504
432 336  0.0378  0.0209 171.2047
464 336  0.0388  0.0307 127.0814
496 336  0.0177  0.0481 86.2203
528 336  0.0448  0.0349 165.2438
560 336  0.0240 -0.0019 188.8666
592 336  0.0842  0.0295 194.9149
624 336  0.0672 -0.0006 129.7988
656 336  0.0559  0.0236 218.1638
 16 368 -0.3005 -0.1729 178.4374
 48 368 -0.3023 -0.5438 102.5384
 80 368 -0.1210 -0.4004 82.9285
112 368 -0.3347 -0.1795 332.8930
144 368 -0.6151 -0.0825 90.8675
176 368 -0.4431 -0.0782 186.7489
208 368 -0.0974 -0.3029 163.7646
240 368 -0.0180 -0.2819 66.0691
272 368 -0.0181 -0.0112 60.9603
304 368 -0.0279 -0.0737 189.3955
336 368  0.0032 -0.0742 297.0292
368 368 -0.0065 -0.0691 121.8600
400 368  0.0042 -0.0139 154.0061
432 368  0.0334  0.0310 85.1925
464 368  0.0481  0.0119 163.9686
496 368  0.0617  0.0857 331.2473
528 368  0.0497  0.0110 190.3060
560 368  0.0503  0.0197 181.1731
592 368  0.0601  0.0659 57.8467
624 368  0.0323  0.0308 46.2079
656 368  0.0440  0.0100 117.8060
 16 400 -0.1218 -0.1384 32.2233
 48 400 -0.5007 -0.1730 44.7861
 80 400 -0.2565 -0.5493 195.8501
112 400 -0.3441 -0.3946 98.4287
144 400 -0.3556 -0.3235 123.5277
176 400 -0.1480 -0.1764 283.9900
208 400 -0.1120 -0.3616 185.2752
240 400 -0.0844 -0.2750 79.8179
272 400 -0.0753 -0.1453 125.0454
304 400 -0.0300 -0.0826 172.0742
336 400 -0.0119 -0.0415 96.5782
368 400 -0.0072 -0.0509 133.2388
400 400  0.0262  0.0077 136.3384
432 400  0.0091 -0.0037 69.2143
464 400  0.1210  0.0336 246.1428
496 400  0.0455  0.0405 153.1808
528 400  0.0373  0.0420 151.3713
560 400  0.0143  0.0267 115.6077
592 400  0.0605  0.0424 49.8472
624 400  0.0909  0.0339 146.9018
656 400  0.0811  0.0198 144.3215
 16 432 -0.0420 -0.0141 22.2780
 48 432 -0.0922 -0.1736 31.4675
 80 432 -0.0880 -0.2551 67.1287
112 432 -0.2302 -0.4608 156.1480
144 432 -0.1535 -0.2060 231.3057
176 432 -0.1602 -0.2031 52.4576
208 432 -0.0652 -0.0574 19.8727
240 432 -0.1184 -0.3603 135.6487
272 432 -0.0699 -0.1691 53.0298
304 432 -0.0358 -0.0977 220.2663
336 432 -0.0575 -0.0807 165.3016
368 432 -0.0207 -0.0711 239.5998
400 432  0.0066 -0.0318 149.9063
432 432  0.0272 -0.0036 150.9936
464 432  0.0311  0.0276 112.4000
496 432  0.0829  0.0023 121.8809
528 432  0.0613  0.0131 55.3269
560 432  0.0659  0.0631 141.1039
592 432  0.0544  0.0205 189.3275
624 432  0.0693  0.0146 46.6873
656 432  0.0767 -0.0242 96.9743
 16 464 -0.5448 -0.6049 83.8998
 48 464 -0.4936 -0.4606 151.6112
 80 464 -0.2277 -0.2987 163.7297
112 464 -0.1954 -0.4461 85.7443
144 464 -0.4817 -0.3591 183.3676
176 464 -0.1726 -0.3473 260.9297
208 464 -0.1746 -0.2592 48.3096
240 464 -0.1913 -0.1784 329.1929
272 464 -0.0588 -0.3669 266.2892
304 464 -0.1511 -0.2234 387.4485
336 464 -0.0571 -0.0892 187.7489
368 464  0.0336 -0.0840 270.1218
400 464  0.0283 -0.0313 93.8605
432 464 -0.0015 -0.0175 32.3393
464 464  0.0397  0.0130 116.6394
496 464  0.0323  0.0144 206.5588
528 464  0.0358  0.0369 119.0917
560 464  0.0281  0.0404 63.1951
592 464  0.0630  0.0564 259.3585
624 464  0.0534  0.0180 141.7275
656 464  0.1166  0.0258 142.1438
 16 496 -0.3780 -0.0767 31.9729
 48 496 -0.1735 -0.5109 19.0924
 80 496 -0.2682 -0.3727 130.0466
112 496 -0.0147 -0.0910 13.8126
144 496 -0.8030 -0.8523 81.5220
176 496 -0.3511 -0.4790 186.3022
208 496 -0.2131 -0.5365 143.0298
240 496 -0.2639 -0.4603 100.1308
272 496 -0.1920 -0.3319 189.7407
304 496 -0.0556 -0.2750 208.6329
336 496 -0.0247 -0.1096 178.4612
368 496 -0.0332 -0.0914 174.8633
400 496 -0.0115 -0.0115 246.2227
432 496  0.0052 -0.0439 112.3540
464 496  0.0367 -0.0053 177.0084
496 496  0.0250  0.0195 121.3269
528 496  0.0648  0.0290 165.4832
560 496  0.0193  0.0226 187.9700
592 496  0.0958  0.0199 213.4725
624 496  0.0163 -0.0153 79.0514
656 496  0.0622 -0.0191 96.7054
 16 528 -0.1291 -0.1157 182.8394
 48 528 -0.6634 -0.8788 98.1638
 80 528 -0.6663 -0.6005 119.0326
112 528 -0.3269 -0.2924 93.3536
144 528 -0.3098 -0.3600 224.9597
176 528 -0.6993 -0.7835 153.1310
208 528 -0.1799 -0.5949 264.5913
240 528 -0.1798 -0.4150 164.6809
272 528 -0.1450 -0.4698 114.1543
304 528 -0.1956 -0.4467 80.9658
336 528 -0.0478 -0.1730 202.1386
368 528 -0.0234 -0.1258 198.4728
400 528 -0.0218 -0.0189 197.9572
432 528 -0.0510 -0.0305 100.8894
464 528 -0.0034 -0.0059 119.6279
496 528  0.0143  0.0201 91.9319
528 528  0.0308  0.0070 215.2288
560 528  0.0420  0.0133 76.7563
592 528  0.0375 -0.0042 51.8804
624 528  0.0827  0.0010 44.9736
656 528  0.1071 -0.0056 102.1993
 16 560 -0.1980 -0.1634 25.3959
 48 560 -0.2037 -0.3511 73.8032
 80 560 -0.4320 -0.5124 131.4383
112 560 -0.4260 -0.3718 47.3617
144 560 -0.9980 -0.7908 84.6899
176 560 -0.4843 -0.6818 291.7718
208 560 -0.2591 -0.8461 55.8299
240 560 -0.3400 -0.7976 45.1904
272 560 -0.1969 -0.5889 93.2103
304 560 -0.1351 -0.2341 27.9984
336 560 -0.3611 -0.2304 160.5289
368 560 -0.0696 -0.2263 152.2250
400 560 -0.0794 -0.0615 122.7122
432 560 -0.0435 -0.0015 81.0648
464 560 -0.1071 -0.0038 107.2018
496 560 -0.0831  0.0093 154.7821
528 560  0.0056 -0.0109 205.6862
560 560  0.0200 -0.0216 144.5722
592 560  0.0984 -0.0262 21.4456
624 560  0.0498 -0.0646 13.2142
656 560  0.2135 -0.0663 130.4529
 16 592 -0.3452 -0.1591 34.4428
 48 592 -0.5860 -0.1287 13.0652
 80 592 -0.4116 -0.4221 108.0858
112 592 -0.2252 -0.1786 73.1063
144 592 -0.8738 -1.4109 88.8035
176 592 -0.8852 -0.9827 141.3674
208 592 -0.8605 -1.1200 125.5105
240 592 -0.6671 -0.7274 73.7318
272 592 -0.8538 -0.8460 34.3624
304 592 -0.5117 -0.5244 122.9557
336 592 -0.4350 -0.3338 156.3223
368 592 -0.2427 -0.1478 256.7522
400 592 -0.2172 -0.0699 119.1633
432 592 -0.1924 -0.0071 112.4228
464 592 -0.0832 -0.0038 102.0495
496 592 -0.0183  0.0030 205.5149
528 592 -0.0494 -0.0322 148.4906
560 592 -0.0396 -0.0590 94.6930
592 592  0.0364 -0.1148 50.0884
624 592  0.0738 -0.0852 192.5968
656 592  0.1126 -0.0738 140.2417
 16 624 -0.1443 -0.1367 226.6483
 48 624 -0.2034 -0.1405 185.7453
 80 624 -0.5219 -0.3478 146.8961
112 624 -0.9347 -0.8113 19.2177
144 624 -0.8665 -0.7596 194.2306
176 624 -0.9370 -1.0935 214.2558
208 624 -1.0356 -0.8611 16.1465
240 624 -1.2262 -1.1182 83.3378
272 624 -0.8825 -0.8509 82.9659
304 624 -0.7906 -0.2254 184.4818
336 624 -0.3855 -0.2638 109.3265
368 624 -0.5936 -0.2637 74.2745
400 624 -0.3967 -0.1104 198.6078
432 624 -0.6815 -0.0557 199.1910
464 624 -0.4780 -0.0263 49.8077
496 624 -0.1801 -0.0557 38.3010
528 624 -0.2076 -0.1281 171.4810
560 624 -0.0966 -0.3310 217.1291
592 624  0.0474 -0.1408 50.3627
624 624  0.1174 -0.2018 105.0338
656 624  0.2056 -0.1967 149.6707
 16 656 -0.1375 -0.1457 68.6269
 48 656 -0.1091 -0.0096 367.9964
 80 656 -1.0467 -0.5591 127.9377
112 656 -0.6992 -0.4340 127.0576
144 656 -1.0998 -0.5698 200.6301
176 656 -1.0444 -1.0584 92.9975
208 656 -1.1718 -1.0024 211.8563
240 656 -1.3534 -1.0278 162.3925
272 656 -1.1241 -0.8138 159.4067
304 656 -1.0012 -0.5934 36.3865
336 656 -1.5173 -0.4036 148.0327
368 656 -0.9958 -0.2780 43.3937
400 656 -1.2670 -0.0410 40.6178
432 656 -0.9455  0.0008 160.9130
464 656 -0.7187 -0.0073 160.2287
496 656 -0.6025 -0.1932 126.3762
528 656 -0.3516 -0.1055 53.1164
560 656 -0.2822 -0.3963 95.2940
592 656  0.0496 -0.0588 76.2267
624 656  0.0941 -0.1681 83.4699
656 656  0.1005 -0.3412 41.1172
 16 688 -0.0621 -0.1280 111.8062
 48 688 -0.1285 -0.0945 227.1075
 80 688 -0.1945 -0.0541 285.2871
112 688 -0.6971 -0.3253 82.1183
144 688 -0.8173 -0.5521 40.2713
176 688 -0.9548 -0.8031 188.9169
208 688 -0.1559 -0.3604 32.9659
240 688 -1.0204 -0.6696 181.2532
272 688 -1.3509 -0.7915 20.0842
304 688 -1.1631 -0.7802 105.8631
336 688 -0.8122 -0.4120 253.1913
368 688 -0.1870  0.0895 196.7034
400 688 -0.2984 -0.0468 235.3842
432 688 -1.0190  0.1865 213.7518
464 688 -0.3722 -0.1733 201.7755
496 688 -0.3016 -0.3611 114.4633
528 688 -0.1818 -0.3970 88.3520
560 688 -0.4154 -0.5355 61.6505
592 688 -0.0537 -0.6697 57.8701
624 688  0.0227 -0.2392 39.4558
656 688  0.0410 -0.3589 76.1874
 16 720 -0.0286 -0.0913 53.4639
 48 720 -0.0889 -0.1440 28.1779
 80 720 -0.0909 -0.0647 218.3150
112 720 -0.0745 -0.0822 46.1716
144 720 -0.1306 -0.1527 76.7808
176 720 -0.8925 -1.4498 32.2250
208 720 -0.9421 -0.8347 239.1382
240 720 -1.0563 -0.7524 243.4031
272 720 -1.3145 -0.7660 66.7811
304 720 -0.8792 -0.5480 103.8644
336 720 -0.8033 -0.2167 304.4090
368 720 -0.4412  0.3374 173.3670
400 720 -0.5533  0.3183 58.6870
432 720 -0.3419  0.2597 28.0010
464 720 -0.4100 -0.0595 167.1237
496 720  0.3225 -1.2885 74.3745
528 720  0.1684  0.0477 14.0465
560 720  0.6636  0.0794 14.0426
592 720  0.0542 -0.5373 74.6939
624 720  0.0228 -0.2347 37.8417
656 720 -0.0609 -0.1550 32.7478
 16 752  0.0171 -0.0020 16.6139
 48 752 -0.0328 -0.0242 35.1091
 80 752 -0.0491 -0.0589 189.7496
112 752 -0.1463 -0.0814 136.3576
144 752 -0.2423 -0.2878 144.4267
176 752 -0.4155 -0.3149 96.3186
208 752 -0.3403 -0.3804 90.4675
240 752 -0.8635 -0.8270 82.4443
272 752 -0.9236 -0.7826 17.8144
304 752 -0.3726 -0.3689 32.6500
336 752 -0.1943 -0.1697 171.7419
368 752  0.0102 -0.0014 26.9569
400 752  0.2194  0.2554 45.3214
432 752  0.2839  0.1445 20.0248
464 752  0.8098 -0.1565 28.5962
496 752  0.9530 -1.0361 38.5011
528 752  0.4202 -0.0620 10.0664
560 752  1.4248  0.0650  9.8052
592 752  0.0197  0.0401 36.1034
624 752 -0.1128  0.0812  9.7523
656 752 -0.0352 -0.0226 18.3182
 16 784  0.0238 -0.0327 59.4423
 48 784  0.0196 -0.0214 36.6516
 80 784  0.0060 -0.0397 160.1761
112 784 -0.0154 -0.0554 206.9843
144 784 -0.0698 -0.1206 51.9420
176 784 -0.1285 -0.2920 129.3223
208 784 -0.0667 -0.4156 67.7360
240 784 -0.1793 -0.7478 80.0593
272 784 -0.5369 -0.8780 66.1655
304 784 -0.1623 -0.4967 62.3207
336 784  0.0028 -0.1107 155.2103
368 784  0.3951  0.0522 353.0585
400 784  0.8106  0.3202 49.7205
432 784  2.3020  0.3480 66.1338
464 784  2.6497 -0.3043 121.7664
496 784  0.0815 -0.0271 20.7738
528 784  0.7642 -0.0751 12.9343
560 784  0.4589  0.1422  7.5938
592 784  0.0595 -0.1296 15.4358
624 784 -0.0255  0.0281 27.9653
656 784 -0.0429  0.0825  8.9295
 16 816  0.0339  0.0237 25.6253
 48 816  0.0411 -0.0135 30.6412
 80 816  0.0685 -0.0319 157.5855
112 816  0.1002 -0.0238 224.9139
144 816  0.0282 -0.0866 82.1134
176 816  0.0175 -0.0713 69.2413
208 816  0.0159 -0.1913 130.6359
240 816 -0.0272 -0.3794 199.9730
272 816 -0.0073 -0.3660 27.2054
304 816  0.0757 -0.0300 27.6879
336 816  0.4602 -0.2546 139.9171
368 816  1.1310  0.1791 166.7295
400 816  1.6396  0.3915 129.4834
432 816  0.0470  0.0057 14.1251
464 816  2.5107  0.0146 28.8021
496 816  0.0249  0.0049 15.1283
528 816  0.1951  0.0541  7.5333
560 816  0.1358  0.2042 15.9458
592 816  0.0945  0.0147 25.2243
624 816  0.0328 -0.0055 11.5648
656 816 -0.0221  0.0086 21.0134
 16 848  0.0175 -0.0206 15.0101
 48 848  0.0694  0.0173 13.0345
 80 848  0.1409 -0.0776 67.5009
112 848  0.1064 -0.0054 285.6100
144 848  0.1417 -0.0311 71.8787
176 848  0.0962 -0.2146 184.7007
208 848  0.1055 -0.4716 68.2279
240 848  0.1157 -0.5679 107.6260
272 848  0.0976 -0.0882 14.3150
304 848  0.1915 -0.1730 21.6656
336 848  0.8961 -0.3703 77.2774
368 848  1.1452 -0.0297 44.2682
400 848  1.3097  0.1522 29.6982
432 848  2.4454  0.2715 46.8710
464 848 -0.0015  0.0077 16.2425
496 848  0.0191 -0.0328 11.3791
528 848  0.1595  0.1099  6.4425
560 848  0.0411  0.1195 67.2476
592 848  0.0841  0.0356 56.1432
624 848  0.0525  0.0491 91.3702
656 848  0.0083  0.0194 24.7791
 16 880 -0.0014 -0.0075 21.3037
 48 880  0.1637 -0.0229 99.4508
 80 880  0.0691 -0.0164 280.7147
112 880  0.1120 -0.0177 113.6211
144 880  0.4633 -0.0561 119.1058
176 880  0.1996 -0.1353 175.5397
208 880  0.4546 -0.3451 287.8927
240 880  0.1189 -0.2548 29.1991
272 880  1.2622 -0.6908 258.2871
304 880  1.0080 -0.5747 68.7173
336 880  0.9678 -0.0816 30.6753
368 880  2.1201 -0.1098 63.0737
400 880  1.9792  0.2542 180.5116
432 880  2.2990  0.3036 62.4974
464 880  0.1100 -0.0200 16.7950
496 880 -0.0014 -0.0616  5.9398
528 880  0.0704  0.0370 11.8538
560 880  0.0062  0.0470 14.7029
592 880 -0.0175  0.0993 45.3858
624 880  0.0573  0.1613 115.3045
656 880 -0.0434  0.1491 135.7488
 16 912  0.1230  0.0241 19.9589
 48 912  0.0485 -0.0111 32.1196
 80 912  0.1466 -0.0235 197.2532
112 912  0.6714 -0.1101 130.9772
144 912  0.0888 -0.1310 228.2398
176 912  0.1711 -0.1149 260.3045
208 912  0.4765 -0.3337 108.0921
240 912  0.5937 -0.3216 50.4695
272 912  0.7896 -0.6668 85.6093
304 912  1.1627 -0.8834 51.8071
336 912  1.1096 -0.3779 27.6832
368 912  1.5746 -0.2913 41.6361
400 912  0.3285  0.0220 18.1562
432 912  0.2957  0.0166 18.6557
464 912 -0.0336 -0.0343 10.4964
496 912  0.1871 -0.1409  4.0716
528 912  0.0357 -0.0357  4.9514
560 912  0.0349 -0.0214 14.9232
592 912 -0.0079 -0.0198 18.9112
624 912 -0.0091 -0.0373 38.6462
656 912 -0.0299  0.1011 64.6895
 16 944  0.0665  0.0150 30.2285
 48 944  0.0622  0.0025 22.8218
 80 944  0.0580 -0.0376 116.1833
112 944  0.3694 -0.0326 86.5523
144 944  0.4593 -0.0454 93.5345
176 944  0.1341 -0.1104 119.9413
208 944  0.4836 -0.1154 57.8028
240 944  0.6371 -0.3640 106.3392
272 944  0.3883 -0.3642 17.7503
304 944  0.0650 -0.3682 19.6960
336 944  0.3456 -0.5320 125.3723
368 944  0.0438  0.0516 26.0948
400 944  0.1320  0.0060 12.4966
432 944  0.0294  0.0144 14.1184
464 944 -0.0507 -0.0168  6.9591
496 944  0.0086  0.0003  7.8140
528 944  0.1765 -0.0350  4.6545
592 944  0.0805 -0.1366  6.1889
624 944  0.0278 -0.1066  7.9087
656 944  0.0430 -0.0449 12.6289
 16 976  0.2017 -0.0109 44.8423
 48 976  0.1088 -0.0405 165.8967
 80 976  0.1186 -0.0552 110.7208
112 976  0.1506 -0.2109 161.4786
144 976  0.2664 -0.1245 43.0751
176 976  0.3077 -0.1192 83.5867
208 976  0.2744 -0.1664 122.4895
240 976  0.2299 -0.5878 81.4385
272 976  0.0937 -0.3216 59.3651
304 976  0.1676 -0.6140 137.7725
336 976  0.2314 -0.3363 71.6050
368 976 -0.0067 -0.0013 23.5311
400 976 -0.0092  0.0124 12.3284
432 976  0.0544  0.0214  8.4365
464 976  0.0038 -0.0020 20.7140
496 976 -0.0067  0.0016 18.5692
528 976  0.0116 -0.0157 43.5370
560 976 -0.1052  0.0634  6.0994
656 976  0.0431 -0.3666  4.2534
 16 1008  0.0937 -0.0255 41.2379
 48 1008  0.0776 -0.0221 126.7574
 80 1008  0.0970 -0.0243 23.2799
112 1008  0.1564  0.0371 564.3190
144 1008  0.0619 -0.0668 73.1264
176 1008  0.1534 -0.0574 89.5609
208 1008  0.1021 -0.0929 152.0540
240 1008  0.1336  0.0732 120.9653
272 1008  0.0882 -0.3086 34.2919
304 1008 -0.0126 -0.2419 14.2496
336 1008 -0.0042 -0.7208 20.9597
368 1008  0.0020  0.0862 10.6892
400 1008  0.0415  0.0635  9.2139
432 1008  0.0242  0.0361 18.3366
464 1008  0.0360 -0.0070 68.2968
496 1008  0.0628 -0.0687 99.3293
528 1008 -0.0269 -0.1600 20.5671
560 1008 -0.1797  0.0975 10.7975
 16 1040  0.1684 -0.0237 84.7504
 48 1040  0.0626 -0.0027 99.8967
 80 1040  0.1059  0.0278 72.1340
112 1040  0.1404 -0.1849 234.8831
144 1040  0.2425 -0.0915 134.0379
176 1040  0.0758 -0.1612 136.6362
208 1040  0.2180 -0.4986 156.2882
240 1040  0.0458 -0.1577 23.6923
272 1040  0.0558 -0.3555 26.9730
304 1040 -0.0328 -0.5348 50.6121
336 1040 -0.0711 -0.2398 48.5431
368 1040  0.1943  0.1356 12.7288
400 1040  0.0394  0.0219 43.7073
432 1040  0.0569 -0.0034 33.0636
464 1040  0.0471 -0.0281 41.0459
496 1040  0.0848 -0.0368 23.4498
528 1040 -0.0100  0.0320 26.3397
560 1040  0.0180  0.0614  8.3464
592 1040 -0.2813  0.0096  6.8819
656 1040  0.0578  0.5000  4.2097
 16 1072  0.1794 -0.0171 27.2244
 48 1072  0.3821 -0.0278 73.4302
 80 1072  0.1005 -0.0099 227.5092
112 1072  0.0473 -0.0231 98.6834
144 1072  0.0776 -0.0480 264.5178
176 1072  0.0831 -0.0922 181.4042
208 1072  0.3150 -0.2231 60.2050
240 1072  0.1505 -0.4348 76.1853
272 1072  0.0634 -0.1176 25.5175
304 1072  0.0700 -0.3068 118.5482
336 1072 -0.0719 -0.0837 185.7260
368 1072 -0.1708 -0.1607 67.6338
400 1072  0.0187 -0.0695 159.9761
432 1072  0.1050 -0.0513 36.0026
464 1072  0.0736  0.0402 16.6604
496 1072  0.0224 -0.0103 20.0587
528 1072  0.0493 -0.0434 59.4499
560 1072 -0.0088  0.0077 14.9303
592 1072 -0.0823  0.1303 16.9713
624 1072  0.1397  0.1871 10.2571
656 1072  0.0051  0.0133 13.8453
 16 1104  0.0756 -0.0329 29.0172
 48 1104  0.0517  0.0228 30.0654
 80 1104  0.2490 -0.0016 91.0166
112 1104  0.1196 -0.0393 254.2128
144 1104  0.1152 -0.0182 42.5947
176 1104  0.0438 -0.0748 34.2531
208 1104  0.1139 -0.1391 263.5026
240 1104  0.3032 -0.1077 104.5739
272 1104  0.0179 -0.0466 17.0368
304 1104  0.0160 -0.2002 82.6885
336 1104  0.0085 -0.1312 173.1257
368 1104  0.0334 -0.0561 262.0850
400 1104  0.0621 -0.0511 153.0710
432 1104  0.0203 -0.1014 105.6546
464 1104  0.0096 -0.0327 66.3859
496 1104  0.0910 -0.0699 32.8387
528 1104 -0.0042 -0.0499 17.5129
560 1104 -0.0132  0.0525 20.2167
592 1104  0.0438  0.0162 10.5573
624 1104  0.1015  0.0221 14.8278
656 1104 -0.0077  0.0212 11.9579
 16 1136  0.0053 -0.0111 15.5934
 48 1136  0.0679 -0.0027 64.8818
 80 1136  0.0603 -0.0640 44.5169
112 1136  0.0261 -0.0823 50.9921
144 1136  0.0865 -0.0480 55.7772
176 1136  0.0466 -0.0575 223.7868
208 1136  0.0796 -0.1667 105.2986
240 1136  0.0975 -0.1122 178.9611
272 1136  0.0682 -0.2105 265.6211
304 1136  0.0339 -0.2321 79.2588
336 1136  0.0916 -0.1234 87.9800
368 1136 -0.0096 -0.1115 207.1391
400 1136  0.0404 -0.1316 148.2253
432 1136  0.1132 -0.1325 257.5903
464 1136  0.0521 -0.0801 41.3898
496 1136  0.0298 -0.0213 15.7148
528 1136 -0.0068 -0.0130 13.2815
560 1136 -0.0049 -0.0171 16.4591
592 1136  0.0164 -0.0223 12.6755
624 1136 -0.0182  0.0088 20.6825
656 1136 -0.0112 -0.0504 35.9351
 16 1168  0.0253 -0.0020 13.5935
 48 1168  0.0545 -0.0099 18.5081
 80 1168  0.1800 -0.0303 91.3529
112 1168  0.0598 -0.0395 32.7531
144 1168  0.0136 -0.0367 14.4035
176 1168  0.0246 -0.0231 346.6567
208 1168  0.0246 -0.0809 73.9078
240 1168  0.0412 -0.0530 184.0373
272 1168  0.1541 -0.1408 200.0427
304 1168  0.0681 -0.1688 37.9001
336 1168  0.0221 -0.0863 177.7449
368 1168  0.0250 -0.0938 35.0620
400 1168  0.1395 -0.0772 195.0643
432 1168  0.0463 -0.0708 114.9900
464 1168  0.1099 -0.0817 20.0846
496 1168 -0.0283 -0.0813 24.2889
528 1168 -0.0050 -0.0089 15.7077
560 1168 -0.0076  0.0069 11.3619
592 1168 -0.0306  0.0230 15.7534
624 1168 -0.0250 -0.0045  9.8676
656 1168  0.0396  0.0016 30.8900
 16 1200 -0.0068 -0.0010 12.4254
 48 1200  0.0270 -0.0117 17.0441
 80 1200  0.0519  0.0021 70.4492
112 1200  0.1132 -0.0706 173.4181
144 1200  0.0403 -0.0657 100.3544
176 1200  0.0976 -0.0547 22.2138
208 1200  0.0897 -0.0599 231.8315
240 1200  0.0469 -0.0356 197.6970
272 1200  0.0313 -0.0365 57.6771
304 1200  0.2445 -0.1031 69.3325
336 1200  0.0665 -0.1046 78.6348
368 1200  0.0430 -0.0681 246.4114
400 1200  0.0437 -0.0732 218.1730
432 1200  0.0504 -0.0708 115.9785
464 1200  0.0381 -0.2253 103.6761
496 1200 -0.0079  0.0036 15.6338
528 1200 -0.0234 -0.0270 18.9974
560 1200 -0.0017  0.0125 11.1887
592 1200  0.0108 -0.0211 14.2955
624 1200  0.0127 -0.0011 12.9019
656 1200  0.0294  0.0008 36.3725
  0   0  0.1243 -0.0408  0.0000
  0   0  0.0940 -0.0767  0.0000
  0   0  0.0712 -0.0783  0.0000
  0   0 -0.0559 -0.0171  0.0000
  0   0 -0.0954  0.0968  0.0000
  0   0 -0.0972  0.2024  0.0000
  0   0 -0.0970  0.2931  0.0000
