VARIABLES= "X pix", "Y pix", "U pix/dt", "V pix/dt", "CHC", ZONE I=21, J=30
 16 272 -0.0233 -0.1148 38.0769
 48 272 -0.0873 -0.1931 259.9031
 80 272 -0.0793 -0.0933 341.8819
112 272 -0.0654 -0.0939 185.7578
144 272 -0.0184 -0.0347 267.5780
176 272 -0.1012 -0.0569 90.9150
208 272 -0.0497 -0.0809 250.2778
240 272 -0.0700 -0.0350 124.6663
272 272 -0.0123 -0.0146 49.3769
304 272 -0.0132 -0.0335 179.7802
336 272  0.0239 -0.0117 142.7436
368 272  0.0473  0.0297 101.9967
400 272 -0.0093  0.0389 71.3351
432 272  0.0050  0.0352 230.8902
464 272  0.0452  0.0328 150.4946
496 272  0.0416  0.0433 98.3278
528 272  0.0093  0.0628 128.2877
560 272  0.0329  0.0306 62.7955
592 272  0.0961 -0.0023 90.3234
624 272  0.1075  0.0651 195.4072
656 272  0.0065 -0.0018 180.5770
 16 304 -0.2720 -0.1815 152.2641
 48 304 -0.1263 -0.4574 92.4979
 80 304 -0.0566 -0.0783 246.1801
112 304 -0.1740 -0.1499 165.4390
144 304 -0.1055 -0.2056 64.8935
176 304 -0.0749 -0.0874 62.2508
208 304 -0.0566 -0.1536 123.4560
240 304 -0.0022 -0.0800 257.3915
272 304 -0.0222 -0.0335 31.9618
304 304 -0.0142 -0.0447 214.9442
336 304  0.0354 -0.0207 302.4827
368 304  0.0186 -0.0218 70.7414
400 304  0.0278 -0.0026 306.6692
432 304  0.0238  0.0105 232.3762
464 304  0.0290  0.0546 341.5077
496 304  0.0614  0.0115 59.2582
528 304  0.0548  0.0513 130.5071
560 304  0.2344  0.0908 281.5732
592 304  0.0679  0.0003 180.9918
624 304  0.0340  0.0133 175.3800
656 304  0.0486 -0.0016 51.8421
 16 336 -0.0325 -0.1938 29.3069
 48 336 -0.0434 -0.1592 74.3953
 80 336 -0.0719 -0.0575 46.8445
112 336 -0.1207 -0.4293 143.8922
144 336 -0.0778 -0.1886 253.8478
176 336 -0.0306 -0.1840 65.7505
208 336 -0.0279 -0.1014 352.3450
240 336 -0.0727 -0.2066 175.6857
272 336 -0.0339 -0.0896 178.7922
304 336 -0.0279 -0.0601 177.3309
336 336 -0.0280 -0.0599 179.3574
368 336  0.0181 -0.0263 265.6094
400 336  0.0212 -0.0053 170.9116
432 336  0.0207  0.0174 121.3964
464 336  0.0417  0.0197 103.0900
496 336  0.0194  0.0086 52.6858
528 336  0.0530  0.0395 81.6722
560 336  0.0394  0.0041 144.9511
592 336  0.0287 -0.0040 180.2793
624 336  0.0656  0.0226 138.5690
656 336  0.0678  0.0084 129.9446
 16 368 -0.0460 -0.0537 23.1322
 48 368 -0.1269 -0.3639 112.8537
 80 368 -0.4130 -0.1827 78.5134
112 368 -0.0829 -0.6050 126.2844
144 368 -0.3146 -0.2584 72.4109
176 368 -0.2533 -0.0911 88.3360
208 368 -0.1747 -0.2223 117.1738
240 368 -0.1235 -0.2675 276.0109
272 368 -0.0648 -0.0860 140.9939
304 368 -0.0372 -0.0707 256.5128
336 368 -0.0010 -0.0664 257.0442
368 368 -0.0105 -0.0227 270.8434
400 368  0.0218 -0.0557 203.3602
432 368  0.0159  0.0044 169.9182
464 368  0.0388  0.0269 101.4347
496 368  0.0513  0.0270 156.9958
528 368  0.0241  0.0392 203.7628
560 368  0.0338  0.0418 57.2198
592 368  0.0092  0.0250 72.3500
624 368  0.0723  0.0096 247.7263
656 368  0.0590  0.0042 84.2490
 16 400 -0.0942 -0.0475 15.7030
 48 400 -0.1571 -0.3063 90.5310
 80 400 -0.2969 -0.4849 192.2715
112 400 -0.3121 -0.2453 97.3096
144 400 -0.3273 -0.1637 133.4976
176 400 -0.1917 -0.2353 89.1993
208 400 -0.1476 -0.2252 284.8508
240 400 -0.1274 -0.2312 95.3097
272 400 -0.0416 -0.1457 42.8670
304 400 -0.0572 -0.0603 249.6661
336 400 -0.0096 -0.0718 153.8578
368 400 -0.0078 -0.0381 146.5587
400 400 -0.0064 -0.0237 227.1857
432 400  0.0371 -0.0118 195.1567
464 400  0.0185  0.0050 202.1170
496 400  0.0555  0.0045 45.0601
528 400  0.0638  0.0205 87.9024
560 400  0.0609  0.0358 63.9709
592 400  0.0679  0.0481 107.0184
624 400  0.0670  0.0058 147.7922
656 400  0.0652 -0.0098 150.0612
 16 432 -0.2011 -0.3289 26.3383
 48 432 -0.4075 -0.2745 115.6909
 80 432 -0.4161 -0.2921 117.0815
112 432 -0.2590 -0.4884 176.4045
144 432 -0.1806 -0.3184 219.3114
176 432 -0.1897 -0.2539 311.6659
208 432 -0.0750 -0.1906 201.4315
240 432 -0.2683 -0.4558 114.5270
272 432 -0.0436 -0.1623 26.8204
304 432 -0.1511 -0.0438 122.1069
336 432 -0.0669 -0.0904 197.4260
368 432 -0.0139 -0.0833 154.3623
400 432 -0.0338 -0.0406 223.0067
432 432  0.0528 -0.0148 79.4153
464 432  0.0003  0.0023 187.1038
496 432  0.0382  0.0087 244.3111
528 432  0.0422  0.0068 132.1573
560 432  0.0568  0.0122 133.7092
592 432  0.0418 -0.0011 101.9993
624 432  0.0463  0.0176 151.0351
656 432  0.0402 -0.0340 109.6594
 16 464 -0.1660 -0.1289 49.2960
 48 464 -0.1180 -0.1835 45.7340
 80 464 -0.7952 -0.1441 244.0951
112 464 -0.2067 -0.4807 209.9180
144 464 -0.0392 -0.1551 36.1129
176 464 -0.3028 -0.3845 235.3623
208 464 -0.1663 -0.9610 208.9597
240 464 -0.1243 -0.4520 103.9050
272 464 -0.1424 -0.1589 50.9890
304 464 -0.0962 -0.2208 290.3832
336 464 -0.0670 -0.2011 190.6454
368 464 -0.0253 -0.1669 275.7662
400 464 -0.0056 -0.0421 166.9985
432 464 -0.0059 -0.0904 297.8351
464 464  0.0268 -0.0397 108.9119
496 464  0.0294 -0.0505 173.5736
528 464  0.0364  0.0061 141.5273
560 464  0.0281 -0.0046 133.9575
592 464  0.0656  0.0231 117.4931
624 464  0.0356 -0.0073 135.5246
656 464  0.0986 -0.0439 190.0618
 16 496 -0.1576 -0.1376 43.0760
 48 496 -1.3062 -0.6947 65.8578
 80 496 -0.2443 -0.5341 264.9469
112 496 -0.2057 -0.6681 30.1463
144 496 -0.0556 -0.1996 15.1909
176 496 -0.1993 -0.2321 56.7219
208 496 -0.4153 -0.3578 194.9825
240 496 -0.3023 -0.3104 117.3732
272 496 -0.0650 -0.2371 32.3993
304 496 -0.2344 -0.0706 91.4117
336 496 -0.1612 -0.2639 123.2380
368 496 -0.0542 -0.1007 85.3683
400 496 -0.0496 -0.0782 147.3215
432 496 -0.0222 -0.0948 107.0966
464 496 -0.0151 -0.0598 228.6813
496 496  0.0598 -0.0171 140.8345
528 496  0.0251 -0.0414 44.0928
560 496  0.0733  0.0273 61.5740
592 496  0.0196 -0.0541 11.5247
624 496  0.0965 -0.0020 197.3036
656 496  0.0336  0.0192 141.1676
 16 528 -0.1719 -0.1679 68.1083
 48 528 -0.1867 -0.2901 299.4350
 80 528 -0.1876 -0.2771 33.7103
112 528 -0.6716 -0.7916 38.6646
144 528 -0.2699 -0.6679 144.9511
176 528 -0.2540 -0.6763 128.8903
208 528 -0.5856 -0.3560 161.0563
240 528 -0.5553 -0.3423 223.9580
272 528 -0.3816 -0.3066 27.7636
304 528 -0.1474 -0.3077 142.2276
336 528 -0.1802 -0.0713 123.5954
368 528 -0.1742 -0.2157 54.2965
400 528 -0.0992 -0.1573 185.2966
432 528 -0.0212 -0.0932 150.0602
464 528  0.0470 -0.1000 144.4463
496 528  0.0781 -0.0319 230.5753
528 528  0.0133 -0.0297 412.4518
560 528  0.0571 -0.0722 168.5950
592 528  0.1306  0.0153 70.4237
624 528  0.1641  0.0150 51.9276
656 528  0.0992 -0.0006 162.2377
 16 560  0.0344 -0.0733 25.8391
 48 560 -0.3046 -0.2819 112.6388
 80 560 -0.8252 -0.5334 19.7456
112 560 -0.2673 -0.3973 44.7131
144 560 -0.8450 -0.7378 139.0590
176 560 -0.6579 -0.5881 48.4522
208 560 -0.8503 -0.3483 76.1240
240 560 -0.5766 -0.6837 214.5300
272 560 -0.2747 -0.3138 23.9334
304 560 -0.1508 -0.3923 228.3332
336 560 -0.0755 -0.6133 151.1678
368 560 -0.2762 -0.1938 171.2260
400 560 -0.1267 -0.2588 90.1688
432 560 -0.0848 -0.1504 80.3064
464 560 -0.0049 -0.0773 55.9763
496 560  0.0639 -0.2035 71.8180
528 560  0.0930 -0.0720 95.8039
560 560  0.2267 -0.0441 213.8053
592 560  0.1337 -0.0065 42.4225
624 560  0.0763  0.0312 142.2023
656 560  0.0774  0.0337 154.2954
 16 592 -0.0969 -0.1703 23.7150
 48 592 -0.2836 -0.1475 52.9274
 80 592 -0.8398 -0.5907 238.2829
112 592 -0.8552 -0.3942 203.9734
144 592 -0.6708 -0.5717 132.7599
176 592 -0.3245 -0.2133 14.7146
208 592 -0.6407 -0.6898 294.1422
240 592 -1.0071 -0.7360 106.5695
272 592 -0.3905 -0.4993 65.0043
304 592 -0.6115 -0.6324 185.0341
336 592 -0.4152 -0.5725 112.3829
368 592 -0.3374 -0.3378 167.9783
400 592 -0.1722 -0.3231 63.7154
432 592 -0.0957 -0.1980 102.2618
464 592  0.0224 -0.2389 156.8443
496 592  0.0995 -0.3036 226.0552
528 592  0.2715 -0.1438 135.7635
560 592  0.2014 -0.0519 77.3209
592 592  0.2982  0.0314 87.3262
624 592  0.1083  0.0482 19.9771
656 592  0.0934  0.0358 309.0703
 16 624 -0.1354 -0.0989 22.3541
 48 624 -0.1628 -0.2982 54.5706
 80 624 -1.0819 -1.0744 135.5407
112 624 -0.7601 -0.5414 82.3413
144 624 -0.8084 -0.7427 157.5854
176 624 -0.8441 -0.5331 270.0617
208 624 -0.8089 -0.7762 155.1558
240 624 -1.1258 -0.8163 82.8227
272 624  0.3386 -0.2159 89.7628
304 624 -0.3556 -0.5640 225.0861
336 624 -0.2415 -0.4936 109.7993
368 624 -0.2355 -0.5367 261.5664
400 624 -0.2034 -0.2625 143.9017
432 624 -0.0690 -0.3601 33.9489
464 624  0.0882 -0.4056 121.5383
496 624  0.1889 -0.5810 142.8672
528 624  0.2265 -0.2697 139.9932
560 624  0.2963 -0.1126 265.4883
592 624  0.2803  0.0435 40.4974
624 624  0.3306  0.0413 51.1534
656 624  0.0872  0.1824 167.0619
 16 656 -0.1263 -0.0767 26.8375
 48 656 -0.2701 -0.6026 160.0596
 80 656 -0.2009 -0.4630 140.3354
112 656 -0.3205 -0.1957 50.8974
144 656 -0.5987 -0.6053 163.2580
176 656 -0.9968 -0.9414 183.3201
208 656 -0.6934 -0.7426 139.1154
240 656 -1.2487 -0.7933 221.8167
272 656 -0.8080 -0.0593 242.2975
304 656 -0.6595 -0.6972 141.7450
336 656 -0.2896 -0.4839 136.8391
368 656 -0.4884 -0.6186 70.5073
400 656 -0.1086 -0.4117 85.5819
432 656  0.0564 -0.7405 168.1273
464 656  0.2076 -1.0097 240.4099
496 656  0.5784 -0.8535 114.8632
528 656  0.8972 -0.4080 143.0706
560 656  1.3931 -0.1413 60.1826
592 656  1.0262  0.1742 150.8909
624 656  0.1868  0.3882 71.4091
656 656  0.1909  0.6806 79.9014
 16 688 -0.0191 -0.0774 19.8723
 48 688 -0.0702 -0.1520 123.2123
 80 688 -0.1880 -0.1998 110.8188
112 688 -0.5792 -0.4920 329.2268
144 688 -0.7837 -0.5362 261.2812
176 688 -0.1430 -0.2528 35.4778
208 688 -0.2812 -0.2906 26.4618
240 688 -0.7062 -1.2746 116.4281
272 688 -0.7698 -0.7567 39.4245
304 688 -0.2994 -0.3758 30.0703
336 688 -0.4266 -0.4994 115.7315
368 688 -0.3134 -1.0446 98.4615
400 688 -0.0462 -0.8352 208.7531
432 688  0.0118 -0.7719 127.3114
464 688  0.3944 -1.2172 99.9661
496 688  0.9785 -1.2712 39.7115
528 688  1.7239 -0.8363 78.1627
560 688  2.3328  0.0217 65.1675
592 688  1.2008  0.4057 85.7878
624 688  0.6411  0.7874 49.8762
656 688  0.3184  0.8218 73.7300
 16 720 -0.0163 -0.0307 87.8387
 48 720 -0.0487 -0.0834 93.7740
 80 720 -0.1441 -0.1104 230.3177
112 720 -0.2524 -0.2747 124.1962
144 720 -0.1874 -0.4174 166.7517
176 720 -0.9817 -0.8155 172.9753
208 720 -0.7548 -0.8163 91.7108
240 720 -0.5375 -0.7775 71.8316
272 720 -0.8170 -1.0729 21.2295
304 720 -0.5555 -0.8843 27.5273
336 720 -0.5332 -0.8558 211.8100
368 720 -0.2750 -0.8069 68.4097
400 720 -0.1871 -0.9757 266.6552
432 720  0.0713 -0.6782 17.7203
464 720  0.0918 -0.9826 19.5551
496 720 -0.2230 -0.2881 30.9470
528 720 -6.0691 -0.3086 12.5390
560 720 -0.3214 -0.2362 26.4202
592 720  1.7022  1.2909 65.9420
624 720  0.2405  0.4194 124.2350
656 720  0.2537  0.7791 128.9229
 16 752  0.0195 -0.0451 92.0141
 48 752 -0.0292 -0.2211 91.6260
 80 752 -0.0844 -0.0597 184.2427
112 752 -0.1555 -0.1784 170.6672
144 752 -0.0733 -0.2849 37.6225
176 752 -0.1565 -0.2960 233.1838
208 752 -0.6255 -0.8143 56.7821
240 752 -0.4101 -0.8916 166.9227
272 752 -0.7098 -0.8147 60.5689
304 752 -0.5204 -0.9637 98.9472
336 752 -0.6306 -0.9348 74.8042
368 752 -0.1774 -0.7616 80.4742
400 752 -0.0565 -1.0519 46.2772
432 752  0.0094 -1.2407 165.5834
464 752  0.0434 -1.9086 37.1666
496 752 -0.1015 -3.7773  9.3781
528 752 -0.1921 -1.0186 10.2953
560 752 -0.1325 -0.1191 12.3044
592 752  0.1178  0.6657 59.9221
624 752  0.3826  0.7900 16.9833
656 752  0.4928  1.1597 64.7160
 16 784  0.0277 -0.0275 41.1231
 48 784  0.0051 -0.0368 247.4532
 80 784 -0.0734 -0.1174 293.8589
112 784 -0.0172 -0.1447 192.3520
144 784 -0.0762 -0.1488 47.0332
176 784 -0.1238 -0.1717 205.9187
208 784 -0.2160 -0.1656 19.6398
240 784 -0.3713 -0.5683 144.3543
272 784 -0.7347 -0.8419 15.0983
304 784 -0.6525 -1.1012 60.5969
336 784 -0.8088 -1.1248 62.3102
368 784 -0.2720 -1.0761 112.4140
400 784 -0.2592 -1.1889 122.6278
432 784 -0.0783 -1.1824 35.0705
464 784 -0.1028 -0.1956  9.8064
496 784 -3.8397  0.5276  7.0508
528 784 -0.4863 -0.3546 14.2355
560 784 -0.1899 -0.3202 123.5960
592 784  0.4764  0.6283 103.1440
624 784  0.0396  1.0579 37.8049
656 784  0.4623  0.5579 102.9782
 16 816 -0.0028 -0.0113 15.5457
 48 816  0.0453  0.0064 19.5417
 80 816  0.0039 -0.0593 232.7584
112 816  0.0272 -0.1590 62.8002
144 816 -0.0250 -0.0887 160.7637
176 816 -0.0689 -0.2347 227.7053
208 816 -0.1155 -0.2831 49.2084
240 816 -0.3695 -0.6840 81.5559
272 816 -0.1965 -0.4922 240.3982
304 816 -0.4975 -0.8114 56.1480
336 816 -0.3279 -1.0300 103.5645
368 816 -0.2126 -1.1559 191.0900
400 816 -0.1297 -1.5761 21.0446
432 816 -0.0828 -0.7501 10.4808
464 816 -0.0684 -0.1082 16.7942
496 816 -0.5677  0.2910  8.4493
528 816 -0.4767  0.0463 16.4551
560 816 -1.1293 -0.5452 14.6620
592 816 -0.7223 -0.0631 22.6319
624 816 -0.3069  0.0462 132.7462
656 816  0.0656  0.0774 63.9886
 16 848  0.0460  0.0014 22.8364
 48 848  0.0456 -0.0247 18.0628
 80 848  0.0432 -0.0724 287.5572
112 848 -0.0106 -0.0807 70.5219
144 848 -0.0791 -0.0816 77.6676
176 848 -0.1048 -0.1350 336.1063
208 848 -0.1574 -0.2885 52.3923
240 848 -0.2394 -0.3215 145.6786
272 848 -0.8194 -1.3279 56.7942
304 848 -0.9315 -1.4606 165.5292
336 848 -0.9235 -1.7110 154.5878
368 848 -0.8895 -2.1791 76.1024
400 848 -0.1068 -1.3643 36.3478
432 848 -0.1223 -1.1002 13.2699
464 848 -0.0908 -0.0658 12.3431
496 848 -0.1973 -0.0241  7.1672
528 848 -0.1628  0.0004 16.6663
560 848 -0.0790 -0.1941 34.9928
592 848 -0.2108 -0.0354 54.7772
624 848 -0.0374 -0.1384 75.1180
656 848  0.0036 -0.0444 39.3065
 16 880  0.0649 -0.0047 23.0866
 48 880  0.0901 -0.0439 155.5092
 80 880  0.1109 -0.0431 101.1481
112 880  0.0225 -0.0294 238.8152
144 880 -0.0214 -0.1012 109.0832
176 880 -0.1914 -0.0003 297.8641
208 880 -0.2357 -0.1206 70.5705
240 880 -0.3028 -0.0851 184.3477
272 880 -0.8533 -1.0440 130.4244
304 880 -0.8378 -0.9259 42.1527
336 880 -1.2659 -1.2970 77.3602
368 880  0.0028 -0.3336 14.0426
400 880 -0.0118 -0.3200 13.7014
432 880  0.0391 -0.0794 15.9824
464 880 -0.1380 -0.1710  7.5083
528 880  0.0160 -0.0452 20.6324
560 880 -0.0525  0.0094 17.0386
592 880 -0.0550 -0.0141  7.4262
624 880 -0.0433 -0.0933 28.1236
656 880 -0.0161 -0.0423 13.2413
 16 912  0.2215  0.0140 95.2649
 48 912  0.0430 -0.0126 30.2725
 80 912  0.0518 -0.0269 143.4910
112 912  0.0764 -0.0389 239.1587
144 912  0.0237 -0.0414 268.5500
176 912 -0.0270 -0.0666 217.3923
208 912 -0.1534  0.0276 221.6133
240 912 -0.4727  0.1141 44.7342
272 912 -0.0552  0.0622 279.2010
304 912  0.0206  0.0518 64.8144
336 912 -0.2258 -0.2786 17.9900
368 912  0.4036 -0.1325 11.2376
400 912 -0.0713 -0.2276 11.2169
432 912 -0.2242 -0.5439  4.9861
464 912 -0.0204 -0.1714  4.2681
528 912  0.1013 -0.0923  5.0716
560 912  0.0116 -0.0573  6.6383
592 912 -0.0170 -0.0099  4.1682
624 912  0.0220 -0.0323  8.1737
656 912 -0.0512 -0.0224  7.1882
 16 944  0.1744  0.0164 47.0120
 48 944  0.1636 -0.0036 25.8142
 80 944  0.0356 -0.0097 268.9809
112 944  0.0283 -0.0198 267.3508
144 944  0.0293 -0.0330 80.9604
176 944  0.0344  0.0180 274.9202
208 944 -0.2420  0.0393 118.9870
240 944 -0.3593  0.1292 182.3018
272 944 -0.2092  0.2573 19.9455
304 944 -0.1059 -0.7380 20.8799
336 944 -0.2274 -4.3493  9.0944
368 944 -0.0172 -3.1269  5.9929
400 944  0.0430 -0.4155  4.0273
432 944 -0.0250 -0.1685  4.1166
464 944 -0.0850 -0.1438  5.0770
496 944 -0.0105 -0.0336  5.5975
528 944  0.3613 -0.0499  4.0797
624 944  0.0363 -0.0165  4.9597
656 944 -0.0613 -0.0163  4.8540
 16 976  0.1423 -0.0016 44.1649
 48 976  0.0595  0.0050 138.0836
 80 976  0.0668  0.0215 274.8252
112 976  0.0315 -0.0142 156.5036
144 976  0.2219 -0.0082 199.3584
176 976  0.0914  0.0187 114.7123
208 976  0.0262  0.0739 178.3461
240 976 -0.0045  0.1471 84.5546
272 976 -0.0191  1.1854 129.9306
304 976  0.0640  1.8275 156.1546
336 976 -0.2949  1.1564 56.3946
368 976 -0.0715  0.0654 14.9684
400 976  0.3724 -0.3115 35.9723
432 976 -0.3495 -0.3402 43.7162
464 976 -0.0209 -0.0068 28.3495
496 976 -0.0174 -0.0003  7.2117
528 976  0.0004  0.0159  4.6804
 16 1008  0.0154 -0.0168 16.7426
 48 1008  0.0868  0.0136 123.7832
 80 1008  0.3590 -0.0123 324.4685
112 1008  0.0540 -0.0146 196.0475
144 1008  0.1614  0.0079 71.7282
176 1008  0.1358  0.0979 157.2685
208 1008  0.0222  0.1908 195.5144
240 1008  0.1249  0.0385 65.1983
272 1008  0.2180  0.4122 102.7633
304 1008  0.7989  0.9488 30.8825
336 1008  1.1396 -0.0123 209.9390
368 1008  0.2367 -0.4713 27.3606
400 1008 -0.8079 -1.2576 11.4293
432 1008 -1.2624 -1.6518 44.9577
464 1008 -0.1740 -0.2431 13.1826
496 1008  0.0070 -0.0709 24.1017
528 1008 -0.0154  0.0054 11.6295
560 1008 -0.0284  0.0418  6.4936
 16 1040  0.3156  0.0036 54.2685
 48 1040  0.0779  0.0282 109.8819
 80 1040  0.0792 -0.0401 170.3637
112 1040  0.1194  0.0214 177.6916
144 1040  0.1816  0.0785 71.9788
176 1040  0.0955  0.0788 148.1616
208 1040  0.0670  0.0685 25.3304
240 1040  0.4300  0.0985 68.2505
272 1040  0.0203  0.0034 13.3590
304 1040  1.0017  0.0578 41.7336
336 1040  0.9857 -0.1371 199.8608
368 1040  0.8885 -0.9779 148.7924
400 1040  0.0366 -0.7764 17.3378
432 1040  0.0445 -0.2886 12.6742
464 1040 -0.1065 -0.8367 61.1207
496 1040  0.0015 -0.0019 17.0808
528 1040  0.0011 -0.0078 11.1715
560 1040 -0.0145 -0.0070 12.6496
592 1040 -0.0403 -0.0221  6.1685
 16 1072  0.0977  0.0084 94.4539
 48 1072  0.1670  0.0158 41.9124
 80 1072  0.1994  0.0134 50.4622
112 1072  0.0243  0.0241 14.5094
144 1072  0.2185 -0.0159 47.9769
176 1072  0.1186 -0.0195 303.3546
208 1072  0.1925 -0.0038 46.0367
240 1072  0.2940 -0.0023 139.8780
272 1072  0.1572 -0.0008 26.3752
304 1072  0.8218 -0.2625 171.1766
336 1072  0.7892 -0.4979 103.4776
368 1072  0.0451 -0.2027 45.8777
400 1072  0.5536 -0.8448 24.1637
432 1072  0.0581 -0.7479 31.4854
464 1072  0.0057 -0.0235  8.8672
496 1072 -0.0355  0.0431 14.7713
528 1072 -0.0238 -0.0367 10.9140
560 1072 -0.0129  0.0289  8.2958
592 1072  0.0039  0.0083 10.1046
624 1072 -0.0669  0.0203  5.6518
656 1072 -0.0838  0.0659  4.7096
 16 1104  0.0564  0.0077 14.9464
 48 1104  0.0213  0.0338 26.8929
 80 1104  0.1450  0.0635 182.9540
112 1104  0.0218  0.0573 127.7799
144 1104  0.1014 -0.0156 60.2607
176 1104  0.1302  0.0017 248.1130
208 1104  1.0006 -0.0536 148.4038
240 1104  0.1249 -0.0284 43.3976
272 1104  0.4967 -0.0916 124.1069
304 1104  0.6330 -0.2455 78.4035
336 1104  0.2073 -0.2665 247.5594
368 1104  0.6338 -0.7465 117.0200
400 1104  0.2501 -0.4638 39.7635
432 1104  0.0086 -0.2809 20.5027
464 1104  0.0013 -0.0043 19.3927
496 1104  0.0035 -0.0075 14.7135
528 1104 -0.0237 -0.0080 11.9283
560 1104 -0.0168 -0.0177 12.8246
592 1104 -0.0173 -0.0070 10.5165
624 1104  0.0212  0.0050 11.1589
656 1104 -0.0033  0.0167  9.0448
 16 1136  0.0159 -0.0172 19.8590
 48 1136  0.0044 -0.0006 12.8904
 80 1136  0.2101  0.0028 82.7800
112 1136  0.4844 -0.0646 77.5312
144 1136  0.0366 -0.0183 16.5359
176 1136  0.1432 -0.0523 75.0716
208 1136  0.1984 -0.0697 128.4283
240 1136  0.1818 -0.1367 66.3614
272 1136  0.1400 -0.0192 29.9459
304 1136  0.4600 -0.2353 40.9117
336 1136  0.0651 -0.2120 103.5561
368 1136  0.2913 -0.2250 141.7327
400 1136  0.1723 -0.3263 28.5402
432 1136  0.0761 -0.5757 35.8343
464 1136  0.0136 -0.2055 50.2820
496 1136  0.0683 -0.3642 41.9852
528 1136 -0.0246 -0.0279 13.4640
560 1136 -0.0024  0.0118 10.7927
592 1136  0.0473  0.0027 12.6787
624 1136  0.0101  0.0190 14.3573
656 1136  0.0204 -0.0288 17.6027
 16 1168  0.0681  0.0059 13.5818
 48 1168  0.0491  0.0106 25.2638
 80 1168  0.1059  0.0006 64.7655
112 1168  0.0924 -0.0795 32.6989
144 1168  0.1619 -0.0389 99.7481
176 1168  0.0778 -0.0061 182.1671
208 1168  0.1298 -0.0437 199.2182
240 1168  0.1912 -0.1329 188.3053
272 1168  0.4326 -0.0249 16.7759
304 1168  0.1210 -0.0587 305.5837
336 1168  0.2209 -0.1994 127.1799
368 1168  0.2644 -0.1365 65.7169
400 1168  0.5841 -0.0740 66.4459
432 1168 -0.0052 -0.0517 13.1391
464 1168  0.3969 -0.5607 92.9148
496 1168 -0.0188 -0.0524 13.8728
528 1168  0.0002  0.0023 19.5600
560 1168 -0.0027  0.0050 13.0875
592 1168  0.0303 -0.0072 10.7232
624 1168 -0.0274 -0.0100 14.1523
656 1168 -0.0212 -0.0193 13.4702
 16 1200  0.0164 -0.0098 12.5913
 48 1200  0.0142 -0.0444 18.0647
 80 1200  0.1512 -0.0687 238.2808
112 1200  0.2231 -0.0234 119.2182
144 1200  0.1207 -0.0107 137.1079
176 1200  0.2031 -0.0239 174.6319
208 1200  0.0541 -0.0220 87.1663
240 1200  0.0722 -0.0984 242.4786
272 1200  0.1503 -0.0990 151.9845
304 1200  0.1119 -0.0869 72.6240
336 1200  0.1154 -0.3257 170.7310
368 1200  0.1515 -0.1401 198.4859
400 1200  0.0270 -0.0683 27.7518
432 1200  0.0594 -0.1572 33.9433
464 1200  0.0295 -0.0217 17.9017
496 1200  0.0347 -0.0337 19.0113
528 1200 -0.0136 -0.0091 20.8319
560 1200 -0.0067 -0.0036 14.2662
592 1200  0.0076  0.0095 13.6238
624 1200 -0.0011 -0.0476 17.3270
656 1200 -0.0059 -0.0023 27.4898
  0   0  0.2884 -0.0784  0.0000
  0   0  0.1828 -0.2842  0.0000
  0   0  0.2829 -0.5925  0.0000
  0   0 -0.0271 -0.2462  0.0000
  0   0 -0.1778  0.0186  0.0000
  0   0 -0.2430  0.1302  0.0000
  0   0 -0.2782  0.1917  0.0000
  0   0 -0.2773  0.2201  0.0000
  0   0 -0.2646  0.2522  0.0000
  0   0 -0.1710  0.3029  0.0000
  0   0 -0.0278  0.3029  0.0000
  0   0  0.2048  0.2304  0.0000
  0   0  0.4076  0.2377  0.0000
