VARIABLES= "X pix", "Y pix", "U pix/dt", "V pix/dt", "CHC", ZONE I=21, J=30
 16 272 -0.0056 -0.1028 20.1423
 48 272 -0.2428 -0.2744 129.2370
 80 272 -0.0545 -0.0802 229.1990
112 272 -0.0986 -0.0513 130.2547
144 272 -0.0772 -0.0693 175.6364
176 272  0.0061 -0.0725 57.7112
208 272 -0.0074 -0.0822 268.6791
240 272 -0.0326 -0.1144 78.4757
272 272 -0.0211 -0.0160 54.6529
304 272  0.0234 -0.0449 184.2255
336 272  0.0175  0.0076 115.0520
368 272  0.0325  0.0200 131.0075
400 272  0.0476  0.0375 85.1441
432 272  0.0433  0.0239 250.9104
464 272  0.0719  0.0324 96.9900
496 272  0.0640  0.0526 163.6326
528 272  0.0376  0.0327 142.7520
560 272  0.0399  0.1171 53.6427
592 272  0.0401  0.0063 157.3140
624 272 -0.0021 -0.0030 215.0416
656 272 -0.0015 -0.0287 210.5177
 16 304 -1.1866 -0.6389 74.9359
 48 304 -0.1678 -0.2560 108.0441
 80 304 -0.2505 -0.1132 165.2588
112 304 -0.0230 -0.1250 183.9132
144 304 -0.0543 -0.4388 99.2842
176 304 -0.0180 -0.1439 59.6729
208 304 -0.0880 -0.0626 178.5315
240 304 -0.0406 -0.0622 240.2437
272 304 -0.0054 -0.0245 38.5002
304 304 -0.0060 -0.0305 217.6590
336 304  0.0230 -0.0079 179.4616
368 304  0.0488  0.0048 64.6377
400 304  0.0665  0.0186 247.6403
432 304  0.0925  0.0373 237.1918
464 304  0.0692  0.0398 311.4976
496 304  0.0390  0.0497 92.8860
528 304  0.0452  0.0353 148.5560
560 304  0.0333 -0.0266 335.1221
592 304  0.0820  0.0108 121.0988
624 304  0.0763 -0.0527 165.6912
656 304  0.0302  0.0207 69.8829
 16 336 -0.0772 -0.1169 28.9231
 48 336 -0.1006 -0.2575 22.8367
 80 336 -0.1342 -0.2974 59.1386
112 336 -0.4796 -0.2247 164.7761
144 336 -0.1579 -0.2211 81.6485
176 336 -0.0950 -0.1426 159.5496
208 336 -0.3970 -0.0345 249.9347
240 336 -0.0414 -0.1406 204.8659
272 336 -0.0161 -0.0526 245.8544
304 336 -0.0454 -0.0387 218.8010
336 336 -0.0005 -0.0546 187.6214
368 336  0.0089  0.0042 231.8528
400 336  0.0182  0.0652 150.8785
432 336  0.0256  0.0170 120.7697
464 336  0.0265  0.0312 105.2655
496 336  0.0320  0.0017 33.5003
528 336  0.0447  0.0564 69.4513
560 336  0.0255  0.0379 147.7980
592 336  0.0708  0.0403 168.1527
624 336  0.0658  0.0202 200.0827
656 336  0.0355  0.0008 119.0146
 16 368 -0.0486 -0.0569 17.7087
 48 368 -0.1335 -0.1555 89.0356
 80 368 -0.1117 -0.1733 119.8673
112 368 -0.0955 -0.1621 197.1671
144 368 -0.2646 -0.1247 82.2346
176 368 -0.0654 -0.2083 168.1699
208 368 -0.0457 -0.1834 235.3248
240 368 -0.1446 -0.2216 291.2673
272 368 -0.0361 -0.1564 179.2651
304 368 -0.0617 -0.1349 118.6766
336 368  0.0002 -0.0211 279.0894
368 368  0.0111 -0.0202 268.1105
400 368  0.0210 -0.0431 244.8998
432 368  0.0090  0.0102 172.8007
464 368  0.0182  0.0214 64.1797
496 368  0.0238  0.0402 170.2103
528 368  0.0403  0.0153 190.7985
560 368  0.0359  0.0074 56.2511
592 368  0.0328  0.0271 64.6326
624 368  0.0458  0.0366 262.1449
656 368  0.0735 -0.0240 101.2588
 16 400 -0.1245 -0.0776 20.5231
 48 400 -0.1832 -0.5852 46.6334
 80 400 -0.4589 -0.3686 176.7556
112 400 -0.1147 -0.1729 235.3852
144 400 -0.0910 -0.2560 175.4835
176 400 -0.1483 -0.1812 194.8757
208 400 -0.1210 -0.2229 266.9874
240 400 -0.1543 -0.2004 77.7303
272 400 -0.2047 -0.0854 41.0850
304 400 -0.0461 -0.1544 89.4122
336 400 -0.0251 -0.0707 73.0794
368 400  0.0105 -0.0545 149.3635
400 400  0.0002  0.0188 247.6535
432 400 -0.0034 -0.0018 192.9421
464 400  0.0094  0.0141 212.2849
496 400  0.0109  0.0125 43.5102
528 400  0.0447  0.0202 99.7668
560 400  0.0340  0.0133 130.2435
592 400  0.0522  0.0343 100.1782
624 400  0.0669 -0.0020 142.2926
656 400  0.0684  0.0117 166.3491
 16 432 -0.4118 -0.2174 78.0808
 48 432 -0.7041 -0.3483 115.2761
 80 432 -0.5438 -0.1493 198.8626
112 432 -0.5035 -0.1017 221.8640
144 432 -0.2469 -0.4800 233.6226
176 432 -0.1707 -0.5579 291.6389
208 432 -0.0773 -0.5956 212.1478
240 432 -0.2756 -0.2989 198.2660
272 432 -0.0290 -0.0856 21.8819
304 432 -0.0590 -0.0690 132.6305
336 432 -0.0897 -0.0948 176.1690
368 432 -0.0259 -0.0741 167.3755
400 432 -0.0197 -0.0170 278.7228
432 432 -0.0031  0.0202 88.3572
464 432  0.0481  0.0037 135.0890
496 432  0.0451  0.0147 256.5948
528 432  0.0693  0.0084 176.8479
560 432  0.0738  0.0300 93.7687
592 432  0.0719  0.0456 78.7692
624 432  0.0152  0.0057 227.8209
656 432  0.0223 -0.0720 114.4336
 16 464 -0.1154 -0.2509 29.4050
 48 464 -0.1585 -0.1938 20.5424
 80 464 -0.3427 -0.4781 203.3721
112 464 -0.1554 -0.5709 192.4946
144 464 -0.5717 -0.0653 60.1651
176 464 -0.3343 -0.4067 192.7936
208 464 -0.3292 -0.4522 104.6451
240 464 -0.1651 -0.2670 170.8399
272 464 -0.2555 -0.1878 58.7281
304 464 -0.0790 -0.2463 259.3663
336 464 -0.0330 -0.1676 220.7439
368 464  0.0267 -0.0757 248.0249
400 464 -0.0163 -0.0688 98.9998
432 464 -0.0123 -0.0550 283.5873
464 464  0.0273 -0.0162 114.4128
496 464  0.0298  0.0160 191.2431
528 464  0.0343  0.0001 168.5303
560 464  0.0283  0.0070 146.3441
592 464  0.0239  0.0165 137.4700
624 464  0.0862  0.0088 169.9070
656 464  0.0536 -0.0432 66.1612
 16 496 -0.2105 -0.2859 27.0796
 48 496 -0.3050 -0.1239 24.4041
 80 496 -1.0296 -0.6978 156.4911
112 496 -0.2781 -1.0069 69.5707
144 496 -0.1479 -0.0799 17.9694
176 496 -0.2919 -0.3957 264.5232
208 496 -0.0964 -0.5315 72.2417
240 496 -0.8196 -0.2390 111.1311
272 496 -0.1302 -0.2015 28.8048
304 496 -0.0176 -0.1090 22.4926
336 496 -0.1587 -0.0735 184.3700
368 496 -0.0795 -0.1115 79.8763
400 496 -0.0588 -0.0847 217.8202
432 496 -0.0215 -0.0494 94.0599
464 496 -0.0458 -0.0172 294.5901
496 496  0.0617 -0.0367 148.0706
528 496  0.0751  0.0302 56.9089
560 496  0.0326  0.0269 44.0068
592 496  0.0298  0.0116 15.7132
624 496  0.0702 -0.0191 200.2635
656 496  0.0805 -0.0578 134.3907
 16 528 -0.2913 -0.1593 37.2949
 48 528 -0.7631 -0.7972 42.1255
 80 528 -0.7427 -1.2647 194.4266
112 528 -0.6593 -0.4874 47.2608
144 528 -0.7249 -0.4414 142.5107
176 528 -0.6172 -0.3212 177.4863
208 528 -0.4650 -0.4727 225.6973
240 528 -0.4871 -0.2932 235.1305
272 528 -0.1318 -0.5440 54.6031
304 528 -0.1911 -0.4536 118.3374
336 528 -0.2904 -0.1688 57.3664
368 528  0.0003 -0.0502 14.2129
400 528 -0.0568 -0.0991 153.3136
432 528 -0.0836 -0.0620 107.8456
464 528 -0.0224 -0.0112 162.0868
496 528  0.0203 -0.0212 242.9875
528 528  0.0517 -0.0068 306.9552
560 528  0.0783 -0.0204 159.9865
592 528  0.0869 -0.0293 78.6288
624 528  0.0821  0.0008 177.3084
656 528  0.0463 -0.0452 156.6114
 16 560 -0.3367 -0.3740 39.0734
 48 560 -0.9287 -0.6045 127.5488
 80 560 -1.1655 -0.6969 22.7782
112 560 -0.8635 -0.5524 80.1778
144 560 -1.2391 -0.7322 188.0344
176 560 -0.7142 -0.8108 59.0740
208 560 -0.2740 -0.6351 41.9988
240 560 -0.6542 -0.5659 159.9727
272 560 -0.8133 -0.2769 67.4402
304 560 -0.4704 -0.4514 120.8942
336 560 -0.3885 -0.3053 162.6572
368 560 -0.1965 -0.2324 80.1313
400 560 -0.1152 -0.1503 113.9615
432 560 -0.0825 -0.0992 56.2870
464 560 -0.0352 -0.0156 33.7744
496 560 -0.0279 -0.0405 98.2071
528 560  0.0385 -0.0453 107.0544
560 560  0.0922 -0.0438 319.4958
592 560  0.0669 -0.0086 50.2088
624 560  0.1199  0.0591 151.7459
656 560  0.1219  0.0299 121.4070
 16 592 -0.0359 -0.0183 24.7846
 48 592 -0.6280 -0.2231 44.5766
 80 592 -0.2707 -1.0847 157.9459
112 592 -1.4017 -1.4315 182.7162
144 592 -0.6996 -0.6264 110.3809
176 592 -0.0698 -0.1260 11.8922
208 592 -0.4295 -0.6914 225.7219
240 592 -0.4761 -0.2248 18.3142
272 592 -0.6908 -0.2968 58.0991
304 592 -0.3228 -0.6251 132.8370
336 592 -0.3671 -0.3444 146.8987
368 592 -0.2284 -0.2395 107.1722
400 592 -0.1710 -0.2537 56.6042
432 592 -0.1683 -0.1223 76.0072
464 592 -0.1346 -0.1549 137.6988
496 592  0.0136 -0.2308 238.1705
528 592  0.0604 -0.1204 153.2042
560 592  0.0900 -0.0554 131.9801
592 592  0.1730 -0.0283 116.0859
624 592  0.0745  0.0179 28.3316
656 592  0.0745  0.0593 320.1846
 16 624 -0.0825 -0.1648 26.9460
 48 624 -0.2725 -0.0917 85.5777
 80 624 -0.2612 -0.3444 195.4006
112 624 -0.3998 -0.3770 127.8414
144 624 -0.4823 -0.5586 118.5115
176 624 -0.4336 -0.3121 87.7689
208 624 -0.6840 -0.8874 116.4752
240 624 -0.8365 -0.8731 154.1635
272 624 -1.0598 -0.7989 27.4785
304 624 -0.6564 -0.4495 203.3139
336 624 -0.2944 -0.3888 109.5692
368 624 -0.1832 -0.1866 153.8928
400 624 -0.3190 -0.1472 163.8397
432 624 -0.1231 -0.1528 38.9014
464 624 -0.0262 -0.1470 46.6640
496 624  0.1680 -0.2357 208.8245
528 624  0.0957 -0.1871 137.0307
560 624  0.1193 -0.2079 228.8856
592 624  0.0779  0.0102 104.9131
624 624  0.0855  0.0750 61.3285
656 624  0.0224  0.1836 163.1603
 16 656 -0.1343 -0.1425 30.7217
 48 656 -0.1863 -0.2142 257.3262
 80 656 -0.2989 -0.6014 207.2666
112 656 -0.8144 -1.1824 75.2550
144 656 -0.8354 -0.7666 225.0087
176 656 -0.9299 -0.7218 202.3378
208 656 -1.0938 -0.7562 158.5370
240 656 -0.6342 -0.9844 106.4172
272 656 -1.4096 -0.7208 165.6093
304 656 -0.4652 -0.3416 113.2554
336 656 -0.5592 -0.6674 111.6859
368 656 -0.1805 -0.4213 92.2875
400 656 -0.2522 -0.1261 194.5957
432 656 -0.1718 -0.5628 32.6503
464 656  0.0627 -0.2714 175.2155
496 656  0.3094 -0.4976 91.9312
528 656  0.5242 -0.4423 180.7806
560 656  0.4566 -0.1702 82.1578
592 656  0.6523 -0.0342 166.0982
624 656  0.3268  0.2285 78.9465
656 656  0.2148  0.6119 92.4547
 16 688 -0.0033 -0.0374 35.4575
 48 688 -0.1451 -0.1175 99.4473
 80 688 -0.2443 -0.2707 88.3809
112 688 -0.1224 -0.5203 457.8287
144 688 -0.6235 -0.7760 196.9812
176 688 -0.1661 -0.2156 56.1476
208 688 -0.2492 -0.4632 36.8441
240 688 -1.0798 -0.3312 136.8138
272 688 -0.7431 -0.7988 68.4236
304 688 -0.1241 -0.2141 15.7030
336 688 -0.5952 -0.4450 117.0048
368 688 -0.2350 -0.6965 136.4569
400 688  0.0140 -0.4839 182.7768
432 688  0.0473 -0.4371 125.8469
464 688  0.3103 -0.6868 90.2230
496 688  0.5127 -0.6867 105.7367
528 688  1.5353 -0.8621 72.2768
560 688  1.0915 -0.0804 70.5567
592 688  1.1472  0.1729 94.9779
624 688  0.6229  0.8390 77.7234
656 688  0.3411  0.8745 103.5759
 16 720 -0.0292 -0.0513 37.6155
 48 720 -0.0327 -0.1721 81.7480
 80 720 -0.0540 -0.1115 209.2612
112 720 -0.1984 -0.2117 75.8433
144 720 -0.6777 -1.1286 196.3090
176 720 -0.2435 -0.5107 230.7040
208 720 -0.7443 -0.7856 66.6602
240 720 -1.5802 -0.1041 43.7275
272 720 -0.9361 -0.7407 28.6868
304 720 -0.4695 -0.6581 42.4800
336 720 -0.3413 -0.5062 230.5442
368 720 -0.1131 -0.7178 103.7723
400 720  0.0504 -0.9050 171.2688
432 720  0.1694 -0.3241 27.4384
464 720  0.6135 -0.8875 66.5848
496 720  0.8762 -1.1338 68.0911
528 720  1.5309 -1.3079 69.5084
560 720  0.4784 -0.9237 27.4968
592 720  0.2150 -0.2337 26.8506
624 720 -0.1306  0.1430 69.3090
656 720  0.2081  1.1788 202.2874
 16 752  0.0140 -0.0658 51.6167
 48 752 -0.0138 -0.0820 42.8554
 80 752 -0.0342 -0.1543 73.5224
112 752 -0.0963 -0.3805 270.5793
144 752 -0.0604 -0.1760 51.9288
176 752 -0.4924 -0.3814 189.9608
208 752 -0.2477 -0.8548 116.6053
240 752 -0.2407 -0.4158 143.8004
272 752 -0.2081 -0.6158 82.0413
304 752 -0.2182 -0.4312 39.8538
336 752 -0.1080 -0.6673 129.3082
368 752 -0.1230 -0.5668 131.4841
400 752  0.0667 -0.5138 69.5647
432 752  0.2629 -0.8197 136.1982
464 752  0.3549 -1.2206 81.4478
496 752 -2.0075  0.0384 22.0044
528 752 -4.1989 -0.1355 10.6429
560 752 -4.8675 -3.1808 10.4271
592 752 -0.1993 -0.4022 11.4351
624 752  0.7185  1.2946 29.1447
656 752  0.8839  0.9571 50.1181
 16 784  0.0310 -0.0839 28.5352
 48 784 -0.0133 -0.0502 137.9992
 80 784  0.0623 -0.1664 266.6354
112 784 -0.0087 -0.2019 177.6406
144 784 -0.0531 -0.2957 28.3219
176 784 -0.0362 -0.3510 205.6570
208 784 -0.0244 -0.1311 13.5371
240 784 -0.2683 -0.6369 101.1411
272 784 -0.0833 -0.3087 18.2132
304 784 -0.3415 -0.6632 134.4180
336 784 -0.0842 -0.9613 111.5705
368 784  0.0270 -0.8507 101.8243
400 784  0.1050 -0.8102 157.5074
432 784  0.1790 -1.1170 135.7615
464 784  0.1707 -0.7690 16.1942
496 784 -0.0793 -0.1465 19.0898
528 784 -5.0051 -0.1265  8.7382
560 784 -0.1528 -0.4973  9.9035
592 784 -0.2843 -0.0949 17.8084
624 784  0.3664  0.9551 29.9037
656 784  0.3611  0.1818 123.9398
 16 816 -0.0124  0.0077 15.5845
 48 816  0.0181 -0.0627 84.2521
 80 816  0.0243 -0.1280 193.2107
112 816 -0.0177 -0.1772 51.7353
144 816  0.0048 -0.1664 201.7833
176 816 -0.1064 -0.3855 123.1171
208 816 -0.0844 -0.3816 60.1780
240 816 -0.1089 -0.3469 50.5607
272 816 -0.1906 -0.6159 216.1261
304 816 -0.1192 -0.7731 52.6013
336 816 -0.1104 -0.9456 102.1440
368 816  0.0672 -1.2832 217.1198
400 816  0.0470 -0.3719 87.2761
432 816  0.1448 -0.9278 64.2380
464 816 -0.0412 -0.3043 15.6488
496 816 -1.0244  0.4001 11.4539
528 816 -0.2842 -0.0486  7.6483
560 816 -0.3842 -0.1632 25.5432
592 816 -0.3627  0.1812 22.4754
624 816 -0.0686  0.1220 140.6282
656 816  0.1506  0.0497 63.1616
 16 848  0.0247 -0.0186 27.8022
 48 848  0.0501 -0.0118 19.1282
 80 848  0.1000 -0.0654 347.0805
112 848  0.0550  0.0007 78.9777
144 848  0.0314 -0.0659 53.4424
176 848 -0.0000 -0.1724 123.7630
208 848 -0.0505 -0.2561 57.3530
240 848 -0.0692 -0.4116 167.4544
272 848 -0.2181 -0.6266 55.5399
304 848 -0.1437 -0.6897 149.0103
336 848 -0.2812 -0.9981 265.4863
368 848 -0.1092 -0.4214 55.6382
400 848 -0.0007 -1.1769 95.1729
432 848 -0.0204 -1.3410 46.6873
464 848 -0.0664 -0.3181 14.6438
496 848 -0.2044 -0.1827 10.0480
528 848 -0.2879 -0.2271  9.0959
560 848 -0.1362 -0.2607 14.9701
592 848 -0.1251 -0.0542 49.4665
624 848  0.0482 -0.1565 80.5468
656 848  0.0393 -0.0304 40.3720
 16 880  0.0779 -0.0214 20.3677
 48 880  0.0524 -0.0149 257.1773
 80 880  0.0867 -0.0778 72.2325
112 880  0.0424 -0.0848 207.7654
144 880  0.0436 -0.0648 129.3028
176 880 -0.0687 -0.1472 286.6172
208 880 -0.0287 -0.3634 148.3405
240 880 -0.2290 -0.5098 101.0566
272 880 -0.2822 -0.3708 49.8643
304 880 -0.7613 -0.9039 113.9889
336 880 -0.5498 -1.1609 51.6288
368 880 -0.0565 -0.7483 35.5639
400 880 -0.0287 -0.9037 18.1913
432 880 -0.2110 -0.0195 13.4952
464 880 -0.1818 -0.1321 11.0481
496 880 -0.2439 -0.2366  4.5477
528 880 -0.0376 -0.0377 19.1936
560 880 -0.0493 -0.0220 18.2316
592 880 -0.0314 -0.0411  7.7301
624 880  0.0077 -0.0673 28.0459
656 880  0.0076 -0.0295 13.3805
 16 912  0.5027 -0.0685 89.0564
 48 912  0.0812 -0.0730 97.1428
 80 912  0.0693 -0.0873 38.9914
112 912  0.1490 -0.1067 143.1518
144 912  0.0438 -0.1253 98.3437
176 912 -0.0080 -0.1148 180.2063
208 912 -0.0300 -0.2421 204.4746
240 912 -0.1514 -0.0943 64.1398
272 912 -0.6553 -0.0641 148.7220
304 912 -0.8228 -0.5578 133.8362
336 912 -0.6479 -1.2195 174.7443
368 912 -0.1115 -0.3281 14.0438
400 912 -0.0119 -0.0968 12.8093
432 912 -0.1493 -0.6844  8.9571
464 912 -0.1343 -0.2152  5.0355
528 912  0.0784 -0.0677  5.3449
560 912 -0.0175 -0.0683  7.0665
592 912  0.0063 -0.0235  4.1924
624 912  0.0995 -0.0822  8.2702
656 912 -0.1591 -0.0873  7.6267
 16 944  0.2494 -0.0291 47.3407
 48 944  0.2017 -0.0042 38.3331
 80 944  0.1545 -0.0222 123.0924
112 944  0.0787 -0.0718 224.7464
144 944  0.0031 -0.0646 149.9425
176 944  0.0496 -0.0430 243.4226
208 944 -0.0390 -0.1086 184.4106
240 944 -0.0557 -0.0552 240.0536
272 944 -0.4910  0.0226 32.8159
304 944 -0.9707 -0.1840 97.3749
336 944 -0.3027 -0.3074 20.1391
368 944 -0.1495 -0.3321  9.3683
400 944 -0.0299 -0.7705  6.8867
432 944 -0.1431 -0.2324  4.5587
464 944 -0.0716 -0.0841  4.6526
496 944 -0.0138 -0.0615  5.7032
528 944 -0.0235  0.0250  4.0716
624 944  0.1558 -0.0870  4.9383
656 944 -0.2237 -0.0621  4.9630
 16 976  0.1633 -0.0209 50.9666
 48 976  0.1306 -0.0157 80.1224
 80 976  0.0685 -0.0122 231.6362
112 976  0.1151 -0.0187 84.1394
144 976  0.1280  0.0059 204.6829
176 976  0.0735 -0.0762 121.0515
208 976  0.0471 -0.0170 100.1121
240 976 -0.0607  0.1146 75.9966
272 976 -0.2516  0.1734 108.2262
304 976 -0.9136  1.1514 86.2486
336 976 -0.4365 -2.4389 10.0274
368 976 -0.1967 -0.4095  9.9678
400 976  0.0620 -0.4539 10.5623
432 976 -0.3343 -0.3573 16.2921
464 976 -0.0484 -0.0832 35.2268
496 976 -0.0911  0.0309  7.5982
528 976 -0.0738  0.0343  4.7246
 16 1008  0.0562 -0.0042 21.3202
 48 1008  0.1307 -0.0137 113.6681
 80 1008  0.3663 -0.0234 207.6995
112 1008  0.1180 -0.0134 166.6676
144 1008  0.1729 -0.0042 85.2292
176 1008  0.0922  0.0330 234.6223
208 1008  0.0479 -0.0177 33.7711
240 1008  0.1609  0.0755 46.7416
272 1008  0.0801  0.2329 163.8297
304 1008 -2.3878 -0.0550 28.7379
336 1008 -5.9013 -0.3011 12.8660
368 1008  1.2515  0.2021 34.9325
400 1008 -1.6029 -2.0408 22.5821
432 1008 -0.1894 -0.4627 12.6346
464 1008 -0.2727 -0.5096 17.8182
496 1008  0.0111 -0.0329 24.4351
528 1008 -0.0807  0.0031 12.0609
560 1008 -0.0946  0.1635  6.6026
592 1008 -0.0430  0.0525  4.0675
 16 1040  0.3751 -0.0076 94.6913
 48 1040  0.0791  0.0140 134.3747
 80 1040  0.1391 -0.0494 202.7433
112 1040  0.1310  0.0114 158.1696
144 1040  0.1260  0.0147 88.1820
176 1040  0.1168 -0.0180 124.2555
208 1040  0.0249 -0.0027 32.8683
240 1040  0.1266  0.0125 153.2642
272 1040  0.0523  0.1001 15.9956
304 1040  0.8730  0.1635 56.5564
336 1040  1.1543  0.0917 184.8982
368 1040  1.1052 -0.1912 133.7269
400 1040  0.0552 -1.2876 25.8440
432 1040  0.0177 -0.3098 11.4684
464 1040 -0.2328 -0.8843 70.4638
496 1040  0.0120 -0.0622 17.2951
528 1040 -0.0289 -0.0160 11.3991
560 1040 -0.0446 -0.0505 13.1532
592 1040 -0.1832 -0.0435  6.3893
 16 1072  0.1005  0.0003 89.2467
 48 1072  0.1671 -0.0211 64.9335
 80 1072  0.1870  0.0328 62.6695
112 1072  0.0254 -0.0182 11.3112
144 1072  0.1314 -0.0288 60.7353
176 1072  0.1189 -0.0185 136.1575
208 1072  0.0915  0.0155 58.6323
240 1072  0.1419  0.0113 212.7254
272 1072  0.2856  0.1101 29.4501
304 1072  0.9010 -0.0264 206.4693
336 1072  0.7649 -0.1870 164.8375
368 1072  0.7632 -0.1433 49.7819
400 1072  0.2195 -0.3838 30.5488
432 1072  0.1310 -0.9862 33.9398
464 1072 -0.0096 -0.0134  9.0085
496 1072  0.0055  0.0129 14.8807
528 1072 -0.0301 -0.0361 11.2421
560 1072 -0.1104  0.0609  8.6996
592 1072  0.0192  0.0823 10.2933
624 1072 -0.1289  0.1357  5.8154
656 1072 -0.0075  0.1497  4.7826
 16 1104  0.0546  0.0006 16.6930
 48 1104  0.0617 -0.0039 32.7733
 80 1104  0.2056  0.0032 153.3798
112 1104  0.0747 -0.0039 171.4892
144 1104  0.0517  0.0038 33.8088
176 1104  0.4007 -0.0265 114.2231
208 1104  0.1169 -0.0261 304.0014
240 1104  0.0924 -0.0927 220.9519
272 1104  0.2426 -0.1522 51.0245
304 1104  0.2795 -0.2942 78.5214
336 1104  0.6236 -0.2171 60.6832
368 1104  0.6698 -0.6227 70.2227
400 1104  0.1340 -0.3608 78.7971
432 1104  0.0148 -0.2226 17.9151
464 1104 -0.0075 -0.0202 19.6732
496 1104  0.0011 -0.0046 14.6948
528 1104 -0.0126  0.0221 11.9915
560 1104 -0.0055  0.0041 13.2224
592 1104 -0.0008 -0.0093 10.7114
624 1104 -0.0248  0.0628 11.1329
656 1104 -0.0626  0.0973  9.4266
 16 1136  0.0189  0.0025 16.2022
 48 1136  0.0175 -0.0062 15.2536
 80 1136  0.1217  0.0132 77.9830
112 1136  0.1862 -0.0101 57.0658
144 1136  0.0075 -0.0043 12.7988
176 1136  0.1398 -0.0438 136.7965
208 1136  0.2353 -0.0155 71.0578
240 1136  0.2514 -0.0601 83.3319
272 1136  0.2130 -0.0367 26.2422
304 1136  0.6495 -0.2640 64.1493
336 1136  0.1665 -0.2490 119.9214
368 1136  0.2139 -0.2386 151.4697
400 1136  0.1996 -0.3596 34.4102
432 1136  0.0827 -0.2717 35.2744
464 1136  0.0197 -0.1611 36.8957
496 1136  0.0633 -0.6557 75.6774
528 1136 -0.0156 -0.0417 15.4709
560 1136  0.0051 -0.0070 10.7251
592 1136 -0.0334 -0.0086 12.5986
624 1136 -0.0085  0.0183 13.8418
656 1136 -0.0062  0.0164 17.7826
 16 1168  0.1090  0.0052 19.2672
 48 1168  0.0552 -0.0387 21.2682
 80 1168  0.0880 -0.0006 41.2683
112 1168  0.1051 -0.1903 26.4538
144 1168  0.1349 -0.0518 57.7233
176 1168  0.1543 -0.0244 226.0611
208 1168  0.5186 -0.1359 140.2451
240 1168  0.2829 -0.2410 97.1030
272 1168  0.0855 -0.1206 26.0073
304 1168  0.5608 -0.1063 68.6583
336 1168  0.3082 -0.1857 277.3379
368 1168  0.3873 -0.2203 95.9676
400 1168  0.0846 -0.5311 132.8698
432 1168  0.3014 -0.2477 37.8300
464 1168  0.3480 -0.3150 131.1012
496 1168 -0.0040 -0.0709 18.7903
528 1168  0.0129 -0.0248 19.5556
560 1168 -0.0218 -0.0113 13.0678
592 1168  0.0156  0.0359 10.9511
624 1168 -0.0008  0.0585 14.8440
656 1168 -0.0628  0.0131 13.1329
 16 1200  0.0247 -0.0176 13.5485
 48 1200  0.0592 -0.0105 15.9717
 80 1200  0.1706 -0.0594 231.7469
112 1200  0.1110 -0.0146 152.2266
144 1200  0.1003 -0.0128 84.0685
176 1200  0.1627 -0.0613 215.2814
208 1200  0.1099  0.0038 125.5076
240 1200  0.1211 -0.1905 197.6191
272 1200  0.1274 -0.0725 103.5305
304 1200  0.2075 -0.3178 49.4566
336 1200  0.4283 -0.4846 94.2832
368 1200  0.2760 -0.3648 112.8758
400 1200  0.0600 -0.2989 72.8015
432 1200  0.0268 -0.1049 20.6377
464 1200  0.0024 -0.0353 14.9219
496 1200  0.0357 -0.0694 16.9613
528 1200  0.0132 -0.0112 20.1866
560 1200  0.0210  0.0249 14.2328
592 1200 -0.0084  0.0144 13.6086
624 1200  0.0154 -0.0335 16.5638
656 1200 -0.0436 -0.0630 27.1265
  0   0  0.0411 -0.5139  0.0000
  0   0  0.3403 -0.5577  0.0000
  0   0  0.3472 -0.4982  0.0000
  0   0 -0.0198 -0.2217  0.0000
  0   0 -0.2348 -0.0143  0.0000
  0   0 -0.3642  0.1317  0.0000
  0   0 -0.4135  0.2809  0.0000
  0   0 -0.3526  0.3471  0.0000
  0   0 -0.3025  0.3235  0.0000
  0   0 -0.1541  0.2902  0.0000
  0   0  0.0149  0.2538  0.0000
