VARIABLES= "X pix", "Y pix", "U pix/dt", "V pix/dt", "CHC", ZONE I=21, J=30
 16 272 -0.1322 -0.0834 270.7529
 48 272 -0.1162 -0.1807 158.4362
 80 272 -0.2721 -0.1042 319.4188
112 272 -0.0587 -0.1520 303.0597
144 272 -0.1106 -0.0780 247.5535
176 272 -0.1799 -0.1720 143.9677
208 272 -0.0938 -0.0717 196.1321
240 272 -0.0726 -0.0316 272.8593
272 272 -0.0400 -0.0814 231.9570
304 272 -0.0713 -0.0175 197.3493
336 272 -0.0833 -0.0333 193.6766
368 272 -0.0243 -0.0123 120.0748
400 272 -0.0103  0.0054 52.0972
432 272 -0.0203  0.0045 117.6206
464 272 -0.0089  0.0494 166.7081
496 272 -0.0197  0.0401 135.6574
528 272  0.0236  0.0326 189.4333
560 272  0.0708  0.0367 26.4303
592 272  0.0277 -0.0275 109.0430
624 272 -0.0027  0.0058 95.7696
656 272 -0.0291 -0.0035 159.1360
 16 304 -0.1511 -0.3821 252.8996
 48 304 -0.3456 -0.4646 195.5762
 80 304 -0.2988 -0.1533 200.8747
112 304 -0.1857 -0.1551 223.9259
144 304 -0.0617 -0.1673 314.8196
176 304 -0.0896 -0.1858 113.6404
208 304 -0.0041 -0.0116 15.1563
240 304 -0.1140 -0.1015 212.8006
272 304 -0.0193 -0.0648 357.8252
304 304 -0.0458 -0.0532 224.8452
336 304 -0.0590 -0.0600 81.9538
368 304 -0.0298 -0.0334 163.8936
400 304 -0.0484  0.0085 75.4020
432 304 -0.0290  0.0012 134.2172
464 304 -0.0215  0.0156 336.0994
496 304 -0.0093  0.0310 183.7718
528 304  0.0047  0.0469 54.3657
560 304 -0.0581  0.0332 225.1882
592 304  0.0021  0.0015 115.2618
624 304  0.0126  0.0072 136.9630
656 304  0.0042  0.0216 128.9197
 16 336 -0.2140 -0.1234 42.5041
 48 336 -0.0987 -0.1641 83.0599
 80 336 -0.3298 -0.2815 250.7441
112 336 -0.1627 -0.2576 107.6353
144 336 -0.4048 -0.2044 30.0436
176 336 -0.1608 -0.1031 59.6717
208 336 -0.1260 -0.0955 318.6404
240 336 -0.0602 -0.0775 195.5788
272 336 -0.0446 -0.0334 215.5712
304 336 -0.0507 -0.0799 270.6670
336 336 -0.0548 -0.0599 158.3521
368 336 -0.0573 -0.0390 107.1952
400 336 -0.0614 -0.0111 87.2752
432 336 -0.0249  0.0098 206.3517
464 336 -0.0204  0.0082 165.5193
496 336 -0.0026  0.0148 146.4567
528 336 -0.0144  0.0211 221.5411
560 336 -0.0008  0.0380 210.0375
592 336  0.0220  0.0184 60.9137
624 336 -0.0146 -0.0198 106.8908
656 336 -0.0097  0.0034 87.0536
 16 368 -0.1769 -0.5072 44.4879
 48 368 -0.1926 -0.1751 237.9855
 80 368 -0.1555 -0.1087 313.1219
112 368 -0.4223 -0.3665 37.7952
144 368 -0.0763 -0.1710 140.8738
176 368 -0.1318 -0.2013 212.8521
208 368 -0.0877 -0.0609 99.6419
240 368 -0.1600 -0.1283 235.3138
272 368 -0.0490 -0.0565 41.4306
304 368 -0.0608 -0.1070 169.2558
336 368 -0.0368 -0.0650 277.1101
368 368 -0.0823 -0.0588 126.4779
400 368 -0.0433  0.0056 92.5526
432 368 -0.0398 -0.0250 48.0089
464 368 -0.0249  0.0044 218.6019
496 368  0.0453  0.0142 175.5306
528 368 -0.0418  0.0152 182.5809
560 368 -0.0170  0.0423 159.8340
592 368 -0.0007 -0.0039 163.0652
624 368 -0.0022 -0.0237 116.1134
656 368  0.0180 -0.0252 71.0380
 16 400 -0.0517 -0.4657 51.1507
 48 400 -0.4082 -0.3095 65.3768
 80 400 -0.1614 -0.5689 200.7495
112 400 -0.3238 -0.4192 261.1693
144 400 -0.1430 -0.2514 300.9478
176 400 -0.1622 -0.3880 81.3601
208 400 -0.2858 -0.3550 44.7764
240 400 -0.0892 -0.2486 169.1355
272 400 -0.0888 -0.1268 81.6475
304 400 -0.0595 -0.0864 112.9248
336 400 -0.1545 -0.0940 146.0745
368 400 -0.0363 -0.0382 212.7958
400 400 -0.0560 -0.0209 127.5754
432 400 -0.0406 -0.0096 231.3414
464 400 -0.0234 -0.0017 139.2909
496 400 -0.0329 -0.0008 160.0469
528 400 -0.0375 -0.0022 194.2244
560 400 -0.0026  0.0059 88.6112
592 400 -0.0079 -0.0279 170.9207
624 400  0.0000 -0.0188 159.0769
656 400 -0.0078 -0.0617 137.1568
 16 432 -0.2756 -0.3432 126.6229
 48 432 -0.2705 -0.2604 164.1747
 80 432 -0.1889 -0.5958 105.8139
112 432 -0.6595 -0.8025 65.1425
144 432 -0.2792 -0.2080 255.0101
176 432 -0.7364 -0.2761 219.9351
208 432 -0.1635 -0.2265 176.1400
240 432 -0.2330 -0.1857 193.8914
272 432 -0.1545 -0.2872 58.4597
304 432 -0.1624 -0.1534 137.8582
336 432 -0.1568 -0.0350 287.3054
368 432 -0.0575 -0.0732 111.5094
400 432 -0.0380 -0.0220 271.6310
432 432 -0.0476 -0.0630 168.2657
464 432 -0.0803 -0.0022 62.3583
496 432 -0.0341 -0.0257 17.6138
528 432 -0.0246  0.0014 195.6494
560 432 -0.0171  0.0019 105.9457
592 432 -0.0060 -0.0270 116.9942
624 432 -0.0095 -0.0286 124.0689
656 432  0.0458 -0.0224 81.3990
 16 464 -0.2023 -0.4402 161.1022
 48 464 -0.2742 -0.1390 52.5839
 80 464 -0.2398 -0.3826 156.7467
112 464 -0.3234 -0.3842 79.8826
144 464 -0.2110 -0.3172 226.7249
176 464 -0.1221 -0.5486 223.4743
208 464 -0.4299 -0.3427 157.5280
240 464 -0.2073 -0.2652 180.4994
272 464 -0.2796 -0.3101 155.7243
304 464 -0.1189 -0.1677 139.0930
336 464 -0.1087 -0.1046 179.3230
368 464 -0.0995 -0.0495 172.5359
400 464 -0.0444 -0.0670 116.7370
432 464 -0.0382 -0.0057 60.3292
464 464  0.0502  0.0019 117.5949
496 464 -0.0401 -0.0196 105.4873
528 464 -0.0349  0.0357 122.8426
560 464 -0.0067 -0.0136 151.1472
592 464 -0.0134 -0.0356 198.4442
624 464 -0.0055 -0.0075 115.7007
656 464 -0.0065 -0.0522 197.3198
 16 496 -0.1240 -0.1766 43.0267
 48 496 -0.1941 -0.1009 91.6630
 80 496 -0.2384 -0.0257 93.8572
112 496 -0.4622 -0.2459 227.5846
144 496 -0.3316 -1.1302 133.0420
176 496 -1.0131 -0.4092 126.7604
208 496 -0.2109 -0.4200 32.3091
240 496 -0.2125 -0.1467 31.6804
272 496 -0.2074 -0.5346 142.7361
304 496 -0.2070 -0.2119 138.7740
336 496 -0.0752 -0.1303 28.2095
368 496 -0.1419 -0.1008 180.3018
400 496 -0.0781 -0.0251 163.2008
432 496 -0.0773 -0.0562 153.7908
464 496 -0.1383 -0.0398 120.2261
496 496 -0.0810 -0.0238 164.6184
528 496 -0.0214 -0.0420 99.7694
560 496 -0.0182 -0.0356 87.6178
592 496  0.0068 -0.0406 122.7295
624 496 -0.0005 -0.0386 84.3246
656 496  0.0001 -0.0416 121.4469
 16 528 -0.3121 -0.1816 63.5114
 48 528 -0.2650 -0.5306 105.8876
 80 528 -1.1978 -0.6588 110.3526
112 528 -0.6991 -0.7011 212.2214
144 528 -0.2779 -0.2440 176.1424
176 528 -0.7466 -0.6910 196.7906
208 528 -0.5739 -0.4173 23.6251
240 528 -0.2606 -0.6825 117.9109
272 528 -0.5270 -0.5399 131.0976
304 528 -0.3677 -0.2942 214.6537
336 528 -0.3377 -0.1320 96.1043
368 528 -0.3105 -0.1480 91.2504
400 528 -0.1425 -0.0660 80.5591
432 528 -0.1663 -0.0783 96.5852
464 528 -0.1536 -0.0643 141.0446
496 528 -0.0902 -0.0673 117.1506
528 528 -0.0867 -0.0348 83.5651
560 528 -0.0547 -0.1393 52.2726
592 528 -0.0588 -0.0574 160.2583
624 528 -0.0180 -0.0674 121.0359
656 528  0.0051 -0.0494 164.3540
 16 560 -0.3192 -0.2514 43.9251
 48 560 -0.4356 -0.1430 142.4348
 80 560 -0.8188 -0.2672 189.5673
112 560 -0.8375 -0.5668 179.8921
144 560 -0.8265 -0.8422 26.7775
176 560 -0.3543 -0.2530 30.1296
208 560 -0.5210 -0.8725 84.2695
240 560 -0.6122 -0.5855 139.6041
272 560 -0.6885 -0.2946 94.2476
304 560 -0.3461 -0.6665 116.8666
336 560 -0.2552 -0.2344 37.9559
368 560 -0.3445 -0.3270 186.7211
400 560 -0.1937 -0.0758 162.2133
432 560 -0.1323 -0.0821 158.4506
464 560 -0.1336 -0.0820 106.4716
496 560 -0.0450 -0.0955 148.2045
528 560 -0.0348 -0.0953 241.3802
560 560 -0.0597 -0.1505 153.3787
592 560 -0.0167 -0.1280 104.8955
624 560  0.0117 -0.0710 73.6729
656 560  0.0003 -0.0655 166.7718
 16 592 -0.8313 -1.2637 165.8658
 48 592 -0.6890 -0.5839 46.1268
 80 592 -0.9310 -0.6111 116.7865
112 592 -0.9234 -0.1875 96.5061
144 592 -0.9949 -1.1646 81.2172
176 592 -1.0461 -0.7665 195.9721
208 592 -0.9930 -1.2084 53.6606
240 592 -0.6524 -0.6454 173.8702
272 592 -0.6461 -0.3482 97.0857
304 592 -0.7967 -0.5643 54.7001
336 592 -0.3277 -0.1266 65.4121
368 592 -0.2848 -0.1926 64.9184
400 592 -0.4000 -0.1365 164.6154
432 592 -0.2722 -0.1037 165.5120
464 592 -0.3453 -0.1383 125.9422
496 592 -0.2266 -0.1197 185.0330
528 592 -0.3601 -0.2239 278.0773
560 592 -0.1821 -0.2150 134.6708
592 592 -0.0288 -0.2471 101.6883
624 592 -0.0026 -0.1330 62.6510
656 592  0.0499 -0.2534 174.8545
 16 624 -0.6350 -0.1590 39.1994
 48 624 -0.3818 -0.2905 166.7862
 80 624 -0.2030 -0.1733 18.4185
112 624 -1.0259 -1.0271 165.0804
144 624 -0.9321 -0.7574 150.0283
176 624 -1.2471 -0.6596 173.4046
208 624 -1.3577 -0.7174 131.6168
240 624 -0.4872 -0.0793 20.0167
272 624 -0.9925 -0.6179 210.4048
304 624 -0.7258 -0.6979 36.4171
336 624 -0.5862 -0.3342 132.1207
368 624 -0.2290 -0.1963 82.1232
400 624 -0.2501 -0.1781 197.6875
432 624 -0.1522 -0.0645 264.5243
464 624 -0.2069 -0.1334 59.8790
496 624 -0.1751 -0.2519 129.2222
528 624 -0.1574 -0.2362 125.6672
560 624  0.0066 -0.2804 165.9321
592 624  0.0254 -0.4831 110.4769
624 624  0.0079 -0.1731 179.8840
656 624 -0.0335 -0.1985 66.8473
 16 656 -0.0928 -0.0870 166.0749
 48 656 -0.2500 -0.2309 101.3844
 80 656 -0.5348 -0.1985 112.0792
112 656 -1.3759 -0.6933 139.0409
144 656 -0.9834 -0.6766 168.5223
176 656 -1.0859 -0.8111 127.8767
208 656 -1.2984 -0.8664 64.8955
240 656 -1.3971 -0.8042 69.4537
272 656 -0.9303 -0.4768 48.2115
304 656 -0.6574 -0.5540 148.0952
336 656 -0.6782 -0.5496 171.8989
368 656 -0.0912 -0.1757 94.2352
400 656 -0.2977 -0.1921 147.8380
432 656 -0.1939 -0.1238 152.8751
464 656 -0.0611 -0.2136 117.2215
496 656  0.0236 -0.4752 167.6200
528 656  0.0328 -0.4248 158.6727
560 656  0.1850 -0.4111 62.6885
592 656  0.0925 -0.2466 62.6581
624 656  0.0289 -0.1570 144.5053
656 656 -0.0421 -0.0983 92.2466
 16 688 -0.1997 -0.1037 53.7859
 48 688 -0.1208 -0.0956 263.9980
 80 688 -0.2470 -0.1642 101.1979
112 688 -0.1787 -0.2517 41.1307
144 688 -1.0462 -0.7388 109.5457
176 688 -0.8391 -0.8747 91.5211
208 688 -0.6616 -0.7093 182.2520
240 688 -0.7811 -0.6359 255.5450
272 688 -0.9890 -0.7158 37.6506
304 688 -0.8098 -0.7468 60.5767
336 688 -0.1105 -0.3935 236.6118
368 688 -0.2903 -0.3275 139.8906
400 688 -0.2751 -0.1558 40.9193
432 688 -0.0739 -0.0790 93.2326
464 688  0.2030 -0.3951 130.2058
496 688  0.1460 -0.5417 137.6801
528 688  0.3474 -0.2632 79.2362
560 688  0.9645 -0.5354 50.3614
592 688  0.4611 -0.0690 75.1764
624 688  0.0485  0.0081 59.6345
656 688 -0.1698  0.4113 87.6787
 16 720 -0.1115 -0.0553 29.0165
 48 720 -0.3095 -0.1249 95.0703
 80 720 -0.0888 -0.0391 15.1924
112 720 -0.1267 -0.2291 375.7496
144 720 -0.2095 -0.2652 135.3535
176 720 -0.1045 -0.0926 215.2135
208 720 -0.3853  0.0099 84.0132
240 720 -0.2870 -0.2731 39.7263
272 720 -1.0367 -0.8146 97.0242
304 720 -0.7392 -0.6960 149.7059
336 720 -0.4093 -0.3980 208.2028
368 720 -0.1179 -0.2691 63.9621
400 720  0.0587 -0.2519 180.5804
432 720  0.5978 -0.5545 274.0320
464 720  0.3267 -0.7075 53.1990
496 720  0.8650 -0.7584 100.7389
528 720  0.9790 -0.5721 36.4380
560 720  1.1844 -0.0390 74.6530
592 720  0.2981  0.1607 26.2470
624 720  0.0860  0.7692 27.0605
656 720 -0.5720  0.5094 29.6477
 16 752 -0.0065 -0.0847 40.1913
 48 752 -0.0445 -0.0876 47.1723
 80 752 -0.0460 -0.1031 234.4470
112 752 -0.1056 -0.1991 226.2993
144 752  0.1976 -0.1339 105.1015
176 752 -0.0647 -0.1410 102.0607
208 752 -0.1004 -0.3020 198.8607
240 752 -0.2317 -0.5335 138.9762
272 752 -0.1177 -0.6886 168.3120
304 752 -0.1683 -0.6807 110.2653
336 752 -0.1736 -0.4045 102.9623
368 752 -0.0094 -0.1940 90.6710
400 752  0.2110 -0.3490 149.9511
432 752  0.3523 -0.2018 19.2510
464 752  0.7914 -0.6302 58.9933
496 752 -1.4997  0.0480 82.6024
528 752 -2.3240 -0.1636 28.0592
560 752 -0.5203 -0.2355 10.9889
592 752 -0.0145  0.1374 11.2764
624 752 -0.0332 -0.2448 11.0462
656 752  0.0289 -0.2099  9.3825
 16 784  0.1257 -0.0153 160.9480
 48 784  0.0185 -0.0784 59.4657
 80 784 -0.0508 -0.0862 90.7304
112 784  0.0040 -0.1377 300.0252
144 784 -0.0752 -0.1827 314.6920
176 784 -0.0902 -0.3432 126.3793
208 784 -0.2750 -0.5464 133.9476
240 784 -0.2128 -0.5616 239.7443
272 784 -0.5226 -1.2129 110.4501
304 784 -0.0786 -0.4984 90.4244
336 784 -0.0612 -0.6458 183.8291
368 784  0.1860 -0.5790 209.6211
400 784  0.4491 -0.5444 70.4500
432 784  0.7168 -0.4270 88.4704
464 784  0.7665 -0.5343 19.0268
496 784  1.4014 -1.0442 69.5574
528 784 -0.1824 -0.1542 13.6961
560 784 -1.8584 -0.7215  7.6826
592 784 -0.0668 -0.5752  8.8069
624 784  0.0500  0.2123 32.9588
656 784  0.1729 -0.0953 21.9825
 16 816  0.0585 -0.0210 26.5873
 48 816  0.0176 -0.0841 130.8614
 80 816  0.0168 -0.0720 51.4363
112 816 -0.0220 -0.1233 249.8982
144 816  0.0290 -0.2057 138.5188
176 816 -0.0379 -0.6980 216.7626
208 816 -0.0396 -0.3203 126.7356
240 816 -0.0451 -0.6453 62.4763
272 816 -0.0334 -0.3529 46.2408
304 816 -0.0226 -0.0857 12.8908
336 816  0.0620 -0.3636 15.4426
368 816  0.1806 -0.4600 92.1174
400 816  0.3924 -0.4530 198.8712
432 816  0.5270 -0.8884 97.1838
464 816  0.0046 -0.2806 19.0724
496 816 -0.0077 -0.1901 15.1346
528 816 -1.1414 -0.0907  5.0499
560 816 -0.3481 -2.0769 10.4157
592 816  0.0473  0.0282 37.5164
624 816  0.2777  0.0878 27.4494
656 816  0.1231 -0.0970 21.2868
 16 848  0.0780 -0.0565 97.7643
 48 848  0.0908 -0.0451 87.3511
 80 848  0.0777 -0.0652 119.6944
112 848 -0.0053 -0.1690 265.7152
144 848  0.0236 -0.4600 204.1455
176 848  0.0873 -0.2081 104.7984
208 848  0.0836 -0.3426 82.2304
240 848  0.0516 -0.4359 60.8319
272 848  0.0979 -0.3792 57.7920
304 848  0.0461 -1.1614 125.8605
336 848  0.1139 -0.8286 100.5749
368 848  0.3080 -0.5832 100.1184
400 848  0.2586 -0.4828 67.2401
432 848  0.4703 -0.6187 57.9250
464 848  0.1491 -0.5887 25.9703
496 848 -0.2600 -0.3239 13.2634
528 848 -0.4804 -0.4074  6.3559
560 848  0.0312  0.0072 11.5483
592 848  0.0011 -0.0521 47.1662
624 848  0.1560 -0.0169 135.9472
656 848  0.3798 -0.0674 15.4883
 16 880  0.0954 -0.0027 24.4034
 48 880  0.1841 -0.0885 34.4306
 80 880  0.0788 -0.0814 178.3028
112 880  0.1157 -0.2184 175.3552
144 880  0.0737 -0.1916 112.0340
176 880  0.0917 -0.1915 117.0920
208 880  0.0950 -0.3504 78.4645
240 880  0.0577 -0.1990 176.9051
272 880  0.0332 -0.2917 177.0678
304 880  0.1227 -0.5343 38.5121
336 880  0.0929 -0.7255 79.5905
368 880  0.1221 -0.1988 45.3132
400 880  0.1505 -0.8115 43.6666
432 880 -0.0366 -0.1779 12.1888
464 880  0.0446 -0.2266 16.8750
496 880 -0.2647 -0.1226  4.8873
528 880 -0.1446 -0.1892  7.8264
560 880  0.0587 -0.0185  7.4038
592 880  0.1491 -0.0494  8.8614
624 880  0.0265 -0.1046 32.5115
656 880  0.0853 -0.0769  9.2923
 16 912  0.0365 -0.0329 16.0843
 48 912  0.1297 -0.0699 62.2812
 80 912  0.4808 -0.0809 89.1368
112 912  0.1194 -0.0663 188.2558
144 912  0.0962 -0.0857 336.2424
176 912  0.0745 -0.1727 44.7152
208 912  0.0700 -0.0852 22.8564
240 912  0.0436 -0.2361 27.8617
272 912  0.0857 -0.3311 187.7522
304 912  0.0223 -0.6247 156.3132
336 912  0.1119 -0.4696 186.7586
368 912 -0.1464 -0.5934 18.9064
400 912 -0.0501 -0.8341 11.0634
432 912 -0.0563 -0.4282 17.4535
464 912 -0.1768 -0.2105  6.7083
528 912 -0.0116  0.0091  5.1317
560 912  0.0505  0.0050  4.9286
624 912  0.0625 -0.0598  9.6435
656 912  0.0430 -0.0105  4.9325
 16 944  0.0286 -0.0507 77.3155
 48 944 -0.0130 -0.0219 20.8050
 80 944  0.0965 -0.1050 162.5489
112 944  0.0673 -0.0870 346.7617
144 944  0.0868 -0.0393 39.8211
176 944  0.0529 -0.1778 261.6230
208 944  0.0772 -0.1124 327.9694
240 944  0.0574 -0.0749 141.3325
272 944  0.0241 -0.3874 83.0079
304 944 -0.0861 -0.1946 27.6190
336 944 -0.2020 -0.2700 60.0029
368 944 -0.5789 -0.6410 87.2510
400 944 -0.2684 -0.3844 21.9619
432 944 -1.8618 -0.3082  8.5000
464 944 -0.4001 -0.0749  5.0581
496 944 -0.0630 -0.0498  5.0307
624 944  0.0739 -0.0593  5.0196
656 944  0.0213  0.0299  4.2711
 16 976  0.0707 -0.0018 196.5753
 48 976  0.1509 -0.0372 23.9704
 80 976  0.3204 -0.0181 58.0462
112 976  0.0899 -0.0449 204.5116
144 976  0.0151 -0.0129 14.3558
176 976  0.0765 -0.0687 170.4242
208 976  0.0791 -0.0926 75.0517
240 976  0.0360 -0.1761 77.6534
272 976  0.0292 -0.2682 93.8088
304 976 -0.0559 -0.0678 213.3926
336 976 -0.3302  0.0422 27.3764
368 976 -0.2644 -0.0719 13.2339
400 976 -0.4655 -0.4258  5.3075
432 976 -0.2617 -1.0124  8.9858
464 976 -0.0959 -0.0661 23.5091
496 976 -0.1094  0.1004  5.8705
528 976 -0.2527  0.0960  4.1753
 16 1008  0.0566 -0.0030 40.4205
 48 1008  0.1096 -0.1161 92.2908
 80 1008  0.0678 -0.1640 99.9889
112 1008  0.1569 -0.0206 113.7420
144 1008  0.1033 -0.0841 135.9027
176 1008  0.1339 -0.1357 219.2826
208 1008  0.0014 -0.1524 29.0917
240 1008  0.1087 -0.1254 39.0523
272 1008  0.0931 -0.1850 262.2278
304 1008  0.0091  0.2980 31.5335
336 1008 -0.0664  0.0616 16.3554
368 1008 -0.0737 -0.0861 11.0357
400 1008 -0.2675 -0.2676 12.7256
432 1008 -0.1583  0.0137 19.7728
464 1008 -0.3528 -0.4575 91.8908
496 1008  0.0075 -0.0016 18.3265
528 1008 -0.0135  0.0370  7.5704
560 1008  0.0224  0.0827  4.7449
 16 1040  0.0918 -0.0342 160.1066
 48 1040  0.0638  0.0006 30.6117
 80 1040  0.0661 -0.0320 254.2527
112 1040  0.0548 -0.0339 21.6383
144 1040  0.0939 -0.0790 223.3151
176 1040  0.0723 -0.2049 350.0200
208 1040  0.1365 -0.0849 111.6520
240 1040  0.1269 -0.0918 44.0745
272 1040  0.0835 -0.0685 67.6582
304 1040  0.0125  0.0687 100.9456
336 1040  0.0279 -0.0058 27.0363
368 1040 -0.4488  0.0244 13.2508
400 1040  0.6808 -0.1274 73.7750
432 1040 -0.0438 -1.1703 81.1066
464 1040 -0.0279 -0.0367 42.7525
496 1040 -0.0159  0.0068 13.9923
528 1040 -0.0283  0.0294 11.5551
560 1040 -0.0050  0.0122 10.1619
592 1040 -0.0968 -0.0309  4.9547
 16 1072  0.2318 -0.0493 99.4302
 48 1072  0.1060 -0.0278 262.9478
 80 1072  0.2461 -0.0164 227.1633
112 1072  0.1283 -0.0408 106.0690
144 1072  0.1309  0.0191 58.9693
176 1072  0.1440 -0.0517 25.6401
208 1072  0.0340 -0.0403 78.3223
240 1072  0.0615 -0.1215 98.5937
272 1072  0.0804 -0.1292 196.8569
304 1072  0.0759  0.0147 46.2023
336 1072  0.0828 -0.0285 35.7057
368 1072  0.3946 -0.0870 217.5361
400 1072  0.2240 -0.2998 42.1767
432 1072  0.0286 -0.0898 19.0942
464 1072 -0.0303 -0.0098 11.3500
496 1072 -0.0029  0.2127 15.5967
528 1072 -0.0380  0.0448 10.9869
560 1072 -0.0269  0.0336  6.7966
592 1072 -0.0230  0.0107  8.0393
624 1072 -0.0721 -0.0147  4.7225
656 1072  0.0547  0.0418  4.7265
 16 1104  0.0632 -0.0206 18.4741
 48 1104  0.0207 -0.0570 95.5326
 80 1104  0.0209 -0.0190 114.0791
112 1104  0.0265 -0.0282 149.4814
144 1104  0.1509 -0.0331 56.6706
176 1104  0.1324 -0.0330 58.6411
208 1104  0.1125 -0.1363 115.5139
240 1104  0.0667 -0.1477 109.8073
272 1104  0.0469 -0.0839 158.4720
304 1104  0.0952 -0.0940 108.8876
336 1104  0.1362 -0.1313 139.8751
368 1104  0.1736 -0.5503 121.2762
400 1104  0.1190 -0.3236 184.1246
432 1104  0.0545 -0.1619 46.1922
464 1104 -0.0104 -0.0074 29.0774
496 1104 -0.0435  0.0005 14.6348
528 1104  0.0043 -0.0283 11.9450
560 1104 -0.0055 -0.0001 13.1248
592 1104 -0.0608 -0.0042  9.7325
624 1104  0.0379  0.0466  8.9256
656 1104 -0.0202  0.0443  9.4700
 16 1136  0.0575 -0.0134 13.3846
 48 1136  0.0279 -0.0005 128.5589
 80 1136  0.0948 -0.0457 37.4472
112 1136  0.1413 -0.0281 35.7362
144 1136  0.0746 -0.0398 218.5969
176 1136  0.0574 -0.0460 76.3645
208 1136  0.3789 -0.0488 202.0625
240 1136  0.0746 -0.1916 56.5909
272 1136  0.0777 -0.0456 184.4769
304 1136  0.2822 -0.1349 203.0959
336 1136  0.0833 -0.1470 142.9335
368 1136  0.1653 -0.2591 34.2084
400 1136  0.1701 -0.3139 146.8381
432 1136  0.0230 -0.6039 41.9931
464 1136  0.0625 -0.1611 185.4530
496 1136  0.0270 -0.1811 18.2801
528 1136 -0.0217 -0.2207 40.0186
560 1136 -0.0064  0.0502 12.4979
592 1136  0.0156 -0.0094 13.8105
624 1136 -0.0035 -0.0174 14.0443
656 1136  0.0103  0.0169 18.5016
 16 1168  0.0345 -0.0132 26.6212
 48 1168  0.0349 -0.0070 26.4609
 80 1168  0.0397 -0.0226 141.8902
112 1168  0.0319 -0.0258 83.7162
144 1168  0.0576 -0.1115 128.9673
176 1168  0.0500 -0.0407 179.2145
208 1168  0.0786 -0.0878 47.7259
240 1168  0.0308 -0.1314 108.1378
272 1168  0.0298 -0.2161 181.5610
304 1168  0.1220 -0.1187 182.0373
336 1168  0.1168 -0.0856 142.6348
368 1168  0.0885 -0.1897 124.2412
400 1168 -0.0330 -0.0924 11.8527
432 1168  0.0946 -0.1775 17.8324
464 1168  0.1149 -0.0960 16.0583
496 1168  0.0180  0.0039 15.3117
528 1168 -0.0058  0.0355 19.1972
560 1168  0.0021  0.0516 11.4560
592 1168 -0.0287  0.0165 12.7788
624 1168 -0.0136  0.0162 13.2668
656 1168  0.0248 -0.0145 11.4977
 16 1200 -0.0002 -0.0106 23.2088
 48 1200  0.0429 -0.0094 22.5234
 80 1200  0.0086 -0.0320 19.0668
112 1200  0.0385 -0.0720 77.3107
144 1200  0.0476 -0.0100 24.8916
176 1200  0.1068 -0.0664 94.3346
208 1200  0.1107 -0.1096 130.5936
240 1200  0.0377 -0.0713 71.6190
272 1200  0.0363 -0.1089 100.6267
304 1200  0.0567 -0.0604 211.9324
336 1200  0.0527 -0.1121 144.2491
368 1200  0.1684 -0.3666 79.7449
400 1200  0.1473 -0.1117 43.0861
432 1200  0.0415 -0.1936 95.2791
464 1200  0.0846 -0.2799 253.9400
496 1200  0.0041 -0.0244 20.6550
528 1200  0.0138 -0.0217 21.2542
560 1200  0.0233  0.0425 14.3990
592 1200 -0.0095  0.0364 16.8941
624 1200 -0.0329 -0.1360 26.1131
656 1200  0.0054  0.0132 12.4686
  0   0 -0.0377 -0.0502  0.0000
  0   0  0.0417 -0.1691  0.0000
  0   0  0.0286 -0.1104  0.0000
  0   0 -0.1122  0.0461  0.0000
  0   0 -0.1543  0.1669  0.0000
  0   0 -0.1754  0.1971  0.0000
  0   0 -0.2166  0.1930  0.0000
  0   0 -0.1785  0.2139  0.0000
  0   0 -0.1307  0.2592  0.0000
  0   0 -0.0980  0.3243  0.0000
  0   0 -0.0267  0.3409  0.0000
  0   0 -0.0038  0.2117  0.0000
  0   0  0.0508  0.1075  0.0000
  0   0  0.1111  0.1020  0.0000
