VARIABLES= "X pix", "Y pix", "U pix/dt", "V pix/dt", "CHC", ZONE I=21, J=30
 16 272 -0.2928 -0.1604 202.2260
 48 272 -0.1406 -0.1815 164.8092
 80 272 -0.0570 -0.1581 271.0373
112 272 -0.0643 -0.2534 202.5633
144 272 -0.1661 -0.2595 78.0915
176 272 -0.1351 -0.1245 144.1665
208 272 -0.1916 -0.1277 228.2687
240 272 -0.0981 -0.0249 210.9081
272 272 -0.0318 -0.0721 112.3281
304 272 -0.0873 -0.0493 179.5172
336 272 -0.1121 -0.0322 107.1715
368 272 -0.0572 -0.0278 183.9484
400 272 -0.0418 -0.0001 90.9840
432 272 -0.0435  0.0091 118.8278
464 272 -0.0476  0.0159 199.7373
496 272 -0.0579  0.0492 132.2778
528 272 -0.0402  0.0673 155.5651
560 272 -0.0294  0.0002 59.0153
592 272 -0.0508  0.0283 100.0478
624 272 -0.0311  0.0139 101.3231
656 272 -0.0107  0.0141 167.9843
 16 304 -0.2365 -0.1222 258.0909
 48 304 -0.0986 -0.2625 267.3168
 80 304 -0.1612 -0.2801 145.1665
112 304 -0.1515 -0.1849 203.2057
144 304 -0.0695 -0.1424 143.5519
176 304 -0.1534 -0.1120 141.5554
208 304 -0.1675 -0.1379 38.0528
240 304 -0.1668 -0.0466 153.4075
272 304 -0.0315 -0.1945 322.8206
304 304 -0.0704 -0.0724 281.3853
336 304 -0.0641 -0.0517 170.4375
368 304 -0.0592 -0.0169 280.0411
400 304 -0.0597 -0.0424 52.6038
432 304 -0.0287  0.0085 122.8380
464 304 -0.0760  0.0162 350.6489
496 304 -0.0274  0.0311 153.3354
528 304 -0.0244  0.0212 73.8817
560 304 -0.0369  0.0207 260.7262
592 304 -0.0193  0.0386 117.3678
624 304 -0.0221  0.0065 140.5195
656 304 -0.0546 -0.0009 81.2319
 16 336 -0.3807 -0.2783 275.1000
 48 336 -0.4305 -0.2041 144.8336
 80 336 -0.0567 -0.2009 68.0417
112 336 -0.2657 -0.4063 170.8197
144 336 -0.1895 -0.4259 41.4202
176 336 -0.1735 -0.1030 137.9947
208 336 -0.1664 -0.1507 275.0266
240 336 -0.0930 -0.2084 206.0665
272 336 -0.1922 -0.0765 162.0522
304 336 -0.1097 -0.0376 237.0186
336 336 -0.0978 -0.1294 146.9024
368 336 -0.0842 -0.0339 121.8414
400 336 -0.0691 -0.0091 84.4561
432 336 -0.0643 -0.0259 163.6051
464 336 -0.0329  0.0152 211.6043
496 336 -0.0222  0.0164 160.9783
528 336 -0.0378  0.0440 67.5302
560 336 -0.0427  0.0235 217.3058
592 336 -0.0192  0.0071 55.2264
624 336 -0.0355  0.0186 92.6782
656 336 -0.0175 -0.0017 112.0882
 16 368 -0.2732 -0.0450 44.2787
 48 368 -0.3350 -0.1624 51.7201
 80 368 -0.3020 -0.2957 23.1741
112 368 -0.0308 -0.5501 120.5425
144 368 -0.2044 -0.1354 238.6817
176 368 -0.1327 -0.4933 117.9819
208 368 -0.3003 -0.2476 94.9060
240 368 -0.1629 -0.2648 173.9769
272 368 -0.1220 -0.0926 33.5133
304 368 -0.0971 -0.0922 299.6320
336 368 -0.0441 -0.0339 316.2399
368 368 -0.1111 -0.0513 155.2642
400 368 -0.0653 -0.0325 122.4862
432 368 -0.0675 -0.0196 54.0900
464 368 -0.0603 -0.0047 142.6528
496 368 -0.0287  0.0262 75.1197
528 368 -0.0490  0.0274 154.9520
560 368 -0.0112  0.0263 197.5509
592 368 -0.0425  0.0316 203.3193
624 368 -0.0227  0.0037 149.2052
656 368 -0.0014 -0.0175 32.2108
 16 400 -0.4896 -0.3812 168.4186
 48 400 -0.2464 -0.5746 64.0579
 80 400 -0.3987 -0.2817 172.4113
112 400 -0.2721 -0.4636 217.7041
144 400 -0.1545 -0.3816 201.8236
176 400 -0.6060 -0.1679 115.4420
208 400  0.0095 -0.7514 180.7352
240 400 -0.2053 -0.2683 75.8012
272 400 -0.1134 -0.2076 40.4905
304 400 -0.1440 -0.1309 133.8544
336 400 -0.0949 -0.1367 136.7806
368 400 -0.1102 -0.0196 221.8293
400 400 -0.0723 -0.0366 135.4254
432 400 -0.0567  0.0029 216.4241
464 400 -0.0246 -0.0065 184.4912
496 400 -0.0474  0.0047 150.9180
528 400 -0.0431  0.0457 180.4414
560 400 -0.0218  0.0374 124.5343
592 400 -0.0044 -0.0149 145.1434
624 400 -0.0212  0.0371 120.7021
656 400 -0.0121  0.0185 163.3299
 16 432 -0.4346 -0.0985 48.4814
 48 432 -0.2631 -0.1836 63.1357
 80 432 -0.1603 -0.3430 37.8826
112 432 -0.4472 -0.1951 121.3773
144 432 -0.3398 -0.3234 147.5602
176 432 -0.4119 -0.2769 98.1708
208 432 -0.2147 -0.2699 240.1756
240 432 -0.3097 -0.3046 124.5187
272 432 -0.1798 -0.3191 233.2742
304 432 -0.1402 -0.1416 150.0362
336 432 -0.0695 -0.2230 427.5195
368 432 -0.1272 -0.1094 126.6494
400 432 -0.1054 -0.0695 27.5283
432 432 -0.0535 -0.0831 187.1949
464 432 -0.0646 -0.0256 85.8113
496 432 -0.0468 -0.0066 30.8863
528 432  0.0522 -0.0470 111.4356
560 432 -0.0497  0.0562 165.3438
592 432 -0.0412  0.0175 126.8199
624 432 -0.0240  0.0093 83.1193
656 432 -0.0241 -0.0018 86.0706
 16 464 -0.1628 -0.0498 40.2738
 48 464 -0.3105 -0.1747 67.1687
 80 464 -0.1842 -0.7687 102.1805
112 464 -0.8020 -0.3596 90.3156
144 464 -0.7480 -0.4892 82.6271
176 464 -0.3160 -0.3522 191.0926
208 464 -0.1144 -0.3838 279.5991
240 464 -0.3764 -0.2074 67.8767
272 464 -0.1831 -0.3362 27.6509
304 464 -0.1934 -0.2343 178.1627
336 464 -0.1997 -0.1667 236.1934
368 464 -0.1719 -0.1171 161.5456
400 464 -0.0712 -0.1140 128.4685
432 464 -0.0762 -0.0462 103.9551
464 464 -0.0205 -0.0337 226.1406
496 464 -0.0200 -0.0211 116.2959
528 464 -0.0323  0.0392 164.4675
560 464 -0.0166  0.0169 169.0496
592 464 -0.0270  0.0317 191.0944
624 464 -0.0346 -0.0055 124.4064
656 464 -0.0284 -0.0006 188.0878
 16 496 -0.3662 -0.2741 82.0607
 48 496 -1.2091 -0.7376 65.6140
 80 496 -0.7412 -0.6856 190.1902
112 496 -0.6132 -1.0930 235.4632
144 496 -0.3867 -0.3155 133.5824
176 496 -0.2932 -0.7239 158.6997
208 496 -0.5037 -0.4274 50.6803
240 496 -0.6535 -0.1722 135.5527
272 496 -0.3781 -0.3829 166.3535
304 496 -0.1731 -0.2139 133.8071
336 496 -0.0496 -0.1880 14.9735
368 496 -0.2045 -0.1344 154.3763
400 496 -0.0619 -0.1939 216.7832
432 496 -0.0208 -0.1173 154.3033
464 496 -0.0190 -0.0437 138.8227
496 496 -0.0140 -0.0760 142.3458
528 496  0.0222  0.0060 272.1353
560 496 -0.0236  0.0315 119.7917
592 496 -0.0143  0.0205 130.2310
624 496 -0.0044  0.0294 106.8347
656 496 -0.0331 -0.0030 141.5665
 16 528 -0.3767 -0.5540 33.2359
 48 528 -0.8547 -0.3725 75.5904
 80 528 -0.5648 -0.4069 207.3742
112 528 -0.5296 -0.4864 87.8780
144 528 -0.9353 -0.3243 197.7725
176 528 -0.6434 -0.4713 45.0163
208 528 -0.8181 -1.1107 226.9419
240 528 -0.6470 -0.4945 53.3895
272 528 -0.3172 -0.3527 78.8650
304 528 -0.4279 -0.3200 251.8322
336 528 -0.2881 -0.2497 158.2198
368 528 -0.2129 -0.3703 169.8346
400 528 -0.1493 -0.2529 56.6107
432 528 -0.0444 -0.1330 114.6214
464 528 -0.0571 -0.1318 149.4041
496 528  0.0073 -0.0326 186.1079
528 528 -0.0233 -0.0565 53.7635
560 528  0.0467  0.0490 233.4681
592 528  0.0431  0.0645 221.1197
624 528  0.0114  0.0294 152.8902
656 528 -0.0245  0.0107 79.7772
 16 560 -0.4736 -0.1345 59.3391
 48 560 -0.5352 -0.2562 140.4697
 80 560 -0.7481 -0.2952 292.5908
112 560 -0.3674 -0.2239 67.1977
144 560 -0.4196 -0.2248 94.1209
176 560 -0.7370 -0.6763 27.9663
208 560 -0.9538 -0.8091 62.8366
240 560 -0.8303 -0.4413 47.4982
272 560 -0.8036 -0.6083 147.5245
304 560 -0.6398 -0.7462 137.9243
336 560 -0.0098 -0.0434 18.9739
368 560 -0.2775 -0.2793 61.2921
400 560 -0.0295 -0.1508 17.1013
432 560 -0.0577 -0.5071 285.5892
464 560 -0.0151 -0.2456 62.7104
496 560  0.0305 -0.1018 175.2461
528 560  0.0264 -0.1288 179.9572
560 560  0.0363  0.0133 76.1073
592 560  0.0468  0.0481 146.6155
624 560  0.0054  0.0276 62.3125
656 560 -0.0327  0.1189 165.4174
 16 592 -0.4648 -0.1680 76.4506
 48 592 -0.4548 -0.1449 124.6219
 80 592 -0.4699 -0.2779 136.2595
112 592 -0.9227 -0.6719 17.0844
144 592 -0.4358 -0.8206 125.8940
176 592 -0.3106 -0.9416 75.9248
208 592 -0.9154 -1.4067 212.1734
240 592 -1.0363 -0.4875 147.9322
272 592 -0.8724 -0.8432 114.6886
304 592 -0.2610 -0.3631 22.1054
336 592 -0.7611 -0.4226 104.1784
368 592 -0.1961 -0.5007 197.3668
400 592 -0.2840 -0.4787 85.7142
432 592 -0.0480 -0.3040 42.8174
464 592  0.1437 -0.3450 95.0986
496 592  0.1412 -0.1360 37.7824
528 592  0.2360 -0.1858 160.6166
560 592  0.0753 -0.0192 152.7619
592 592  0.1000  0.0708 63.8980
624 592  0.0134  0.1105 109.6643
656 592 -0.0258  0.1224 206.4247
 16 624 -0.0232 -0.0679 20.2880
 48 624 -0.5339 -0.6947 44.5823
 80 624 -0.9943 -0.6380 93.1784
112 624 -0.7476 -0.4494 196.1851
144 624 -0.9721 -0.8082 255.2001
176 624 -0.9187 -0.4431 126.8517
208 624 -0.9727 -0.6716 25.6170
240 624 -0.9491 -0.5666 65.0705
272 624 -0.1797 -0.1612 24.2088
304 624 -0.9498 -0.6993 71.4850
336 624 -0.7311 -0.8943 25.7414
368 624 -0.3877 -0.8721 113.6324
400 624 -0.0653 -0.7796 40.9791
432 624  0.2032 -0.8123 179.6402
464 624  0.3201 -0.6693 173.4385
496 624  0.2671 -0.2780 42.1007
528 624  0.5406 -0.0405 150.6793
560 624  0.3313  0.1004 69.1250
592 624  0.1329  0.1790 93.4716
624 624  0.0895  0.2262 92.0942
656 624 -0.0579  0.1532 140.6682
 16 656 -0.6686 -0.1595 84.2427
 48 656 -0.3763 -0.2139 44.3292
 80 656 -0.7847 -0.3802 20.5970
112 656 -0.8569 -0.6572 144.5551
144 656 -1.0195 -0.7278 101.2491
176 656 -1.2249 -1.0693 192.8930
208 656 -1.0235 -0.7918 208.0563
240 656 -1.0362 -0.8842 131.8518
272 656 -1.0280 -1.0952 15.4251
304 656 -0.8068 -1.1323 198.2442
336 656 -0.7251 -1.2041 142.0201
368 656 -0.2397 -1.2984 102.7551
400 656 -0.1002 -1.5633 50.1295
432 656  0.4576 -1.4967 109.2015
464 656  1.2226 -0.8565 151.8431
496 656  1.2068 -0.1778 103.4686
528 656  0.8855 -0.0825 76.1147
560 656  0.6333  0.3238 169.8120
592 656  0.3189  0.2679 86.4231
624 656  0.2277  0.8226 177.3998
656 656 -0.0130  0.3444 109.2480
 16 688 -0.0767 -0.1780 50.1274
 48 688 -0.0525 -0.2745 313.8009
 80 688 -0.3069 -0.2416 86.9868
112 688 -0.6221 -0.3993 62.8808
144 688 -0.1802 -0.2300 15.1236
176 688 -0.9776 -0.9222 238.7768
208 688 -1.2095 -1.4362 135.4149
240 688 -1.0088 -1.0826 185.0744
272 688 -0.9235 -0.9197 67.6484
304 688 -0.8821 -1.2234 96.3974
336 688 -0.4979 -0.9715 111.9344
368 688 -0.9387 -2.0456 81.0471
400 688 -0.1683 -2.3884 56.0673
432 688  0.8272 -1.2824 112.1834
464 688  1.0363 -1.0929 26.7918
496 688  1.3600 -0.3676 27.7593
528 688  1.7664  0.0076 95.7700
560 688  1.4959  0.2031 83.0684
592 688  0.3210  0.1554 11.2604
624 688  0.1669  0.8630 74.4787
656 688 -0.0299  0.3208 93.7265
 16 720 -0.0844 -0.0446 53.1580
 48 720 -0.0626 -0.0899 89.1770
 80 720 -0.1354 -0.3046 31.8611
112 720 -0.4276 -0.1862 211.2907
144 720 -0.9568 -0.6854 151.7935
176 720 -1.1736 -0.2733 79.9603
208 720 -0.9529 -0.7679 17.8140
240 720 -0.0458 -0.0345 13.8153
272 720 -1.0206 -1.0099 255.6628
304 720 -1.2144 -1.6177 173.7203
336 720 -1.0252 -1.3579 38.7666
368 720 -1.6890 -2.5493 76.7694
400 720 -0.6524 -3.7464 16.7275
432 720 -0.3972 -0.1326 11.1230
464 720 -0.4504  0.3357 21.7419
496 720 -1.0855 -1.1029 78.5506
528 720  1.3092  0.0097 169.2768
560 720  1.0282  0.1971 113.2836
592 720  0.8130  0.9489 49.7893
624 720  0.3785  0.7781 30.1992
656 720  0.2966  1.0117 177.6935
 16 752 -0.0675 -0.0379 114.1461
 48 752 -0.1043 -0.0821 113.0883
 80 752 -0.1640 -0.0901 101.1539
112 752 -0.3729 -0.2385 252.9831
144 752 -0.7602 -0.5338 180.9961
176 752 -0.7377 -0.4967 181.5797
208 752 -0.9243 -1.1332 107.1775
240 752 -1.0930 -0.5981 37.2648
272 752 -1.1853 -1.0481 87.9870
304 752 -1.5509 -1.3220 47.7858
336 752 -2.0023 -1.8575 61.1649
368 752 -0.9925 -2.0271 11.0334
400 752 -1.5895  0.0034 22.5615
432 752 -0.4134  0.0488  6.4626
464 752 -1.2857  0.1699  6.8827
496 752 -2.2860 -1.7092 34.3044
528 752 -0.4772 -1.1328 68.4531
560 752  0.0802 -0.0252 56.6423
592 752  0.3456  1.1878 174.4067
624 752  0.0851  0.4366 15.6703
656 752  0.3825  0.7657 133.6525
 16 784 -0.0825  0.0108 169.4566
 48 784 -0.0641 -0.0364 104.5758
 80 784 -0.1022 -0.1281 146.1224
112 784 -0.4660 -0.1537 207.9404
144 784 -0.1684 -0.2016 145.9688
176 784 -0.2930 -0.4199 160.3028
208 784 -0.7997 -0.7477 45.7485
240 784 -0.8731 -0.7195 184.0447
272 784 -1.1389 -0.4959 30.6425
304 784 -1.4288 -1.1043 60.6302
336 784 -2.2947 -1.9687 30.8614
368 784 -0.1319  0.3039 19.5986
400 784 -0.3134  0.2526 12.3771
432 784 -0.4213  0.3610  8.9754
464 784 -0.2733  0.1258  4.0562
496 784 -0.3622  0.3994 17.1561
528 784 -1.4667 -1.8717 29.3359
560 784 -1.2539 -1.2190 187.3307
592 784 -0.2341  0.4709 159.6995
624 784  0.0064  0.2753 71.5150
656 784  0.4201  0.2209 29.1966
 16 816 -0.0291 -0.0286 52.2442
 48 816 -0.0607 -0.0333 61.5551
 80 816 -0.0973 -0.0077 18.3119
112 816 -0.2206 -0.1515 171.6737
144 816 -0.2517 -0.0965 243.4673
176 816 -0.0905 -0.0040 19.4798
208 816 -0.8410 -0.5174 25.5247
240 816 -1.3397 -0.6382 38.0632
272 816 -2.1024 -0.7140 39.4938
304 816 -2.3340 -1.1317 31.4715
336 816 -3.0617 -2.7628 73.5923
368 816  1.9941 -0.2876 17.1031
400 816 -0.0550 -0.1072  8.8881
432 816 -0.4152  0.0311 11.9855
464 816 -0.4086  0.1945  5.3636
496 816 -0.1156  0.0790  4.8378
528 816  0.0183 -0.0038 94.1570
560 816 -1.3822 -0.9033 71.3505
592 816 -0.4351 -0.2540 171.5795
624 816 -0.2612 -0.0817 104.3859
656 816  0.0548  0.1125 158.3283
 16 848 -0.0107 -0.0045 90.7879
 48 848 -0.0082 -0.0130 282.3112
 80 848 -0.1011 -0.0178 101.5301
112 848 -0.1118 -0.0203 299.9612
144 848 -0.0942 -0.0209 347.0603
176 848 -0.6256 -0.2435 151.7214
208 848 -0.8798 -0.1920 90.2362
240 848 -0.9380 -0.0806 82.9558
272 848 -1.2244 -0.1542 113.2817
304 848 -0.1012  0.0179 11.5111
336 848 -0.1171 -0.3611 20.6950
368 848  0.1201 -1.6225  6.8940
400 848  0.5882 -0.4085  8.3896
432 848 -0.1270  0.0174 13.4796
464 848 -0.1328 -0.0434  4.9685
496 848 -0.1550  0.0000  4.2845
528 848  0.0129 -0.0248 27.4727
560 848 -0.1023 -0.3650 52.2792
592 848 -0.0271 -0.0377 47.3627
624 848 -0.1316 -0.2665 73.7754
656 848  0.0234 -0.0690 29.2639
 16 880  0.0215  0.0030 43.6337
 48 880  0.0034  0.0260 104.6765
 80 880 -0.0242 -0.0188 143.7066
112 880 -0.0396 -0.0145 245.7756
144 880 -0.0198  0.0079 204.7258
176 880 -0.0772 -0.0081 157.6894
208 880 -0.3803  0.0639 67.7634
240 880 -0.8611  0.0719 32.4811
272 880 -1.3662  0.1627 42.3800
304 880 -0.1505 -0.1722 11.4627
336 880  0.2796 -1.6188  4.8659
368 880  0.1298 -0.5000  4.4619
400 880  0.1368 -0.2775  4.8254
432 880  0.1572 -0.4255  5.8968
464 880 -0.1650 -0.1583  5.4397
528 880  0.0878 -0.0709 15.2355
560 880  0.0581 -0.1013 13.2163
592 880  0.1117 -0.0768  6.7104
624 880  0.0494 -0.0433 29.7278
656 880  0.0069 -0.0660 11.7255
 16 912 -0.0228 -0.0063 45.5238
 48 912  0.0220  0.0516 87.5450
 80 912 -0.0156  0.0118 182.1310
112 912 -0.0058  0.0659 153.6882
144 912 -0.0999  0.0273 118.1397
176 912 -0.0367  0.0804 67.8396
208 912 -0.2193  0.1033 41.6192
240 912 -0.2635  0.5017 41.5848
272 912 -0.7975  0.8815 171.9878
304 912 -0.1135 -0.0783 16.8936
336 912  0.2494 -1.1255 21.4534
368 912  0.3129 -0.5000  7.1551
528 912  0.0894 -0.1062  4.4912
560 912  0.0245 -0.0533  5.6433
592 912 -0.0074 -0.0430  4.0797
624 912  0.0888 -0.0631  7.8621
656 912 -0.1890 -0.0569  5.9479
 16 944  0.0242  0.0247 95.8989
 48 944  0.0067 -0.0028 18.6946
 80 944  0.0111  0.0540 245.1461
112 944  0.0186  0.0414 375.9997
144 944  0.0012  0.0666 64.5308
176 944 -0.0127  0.1032 479.0718
208 944 -0.0130  0.3753 56.7178
240 944 -0.3185  0.3208 86.8080
272 944 -0.0914  0.8760 61.7831
304 944 -0.1724 -0.0301 52.9471
336 944 -1.0265 -1.9489 21.1784
368 944  0.0235 -0.0867 11.6073
400 944  0.4303 -0.4581  9.8762
432 944 -0.0124 -0.2721  6.1452
464 944 -0.0537 -0.0924  7.0911
496 944  0.0011 -0.0319  7.1054
528 944  0.0131 -0.0076  4.1711
624 944  0.1401 -0.0613  4.7267
656 944 -0.1064 -0.0470  4.4300
 16 976  0.0848  0.0249 40.9977
 48 976  0.0274  0.0007 16.0699
 80 976  0.0472  0.0149 61.7413
112 976  0.0181  0.0228 254.7209
144 976  0.0252  0.0674 12.2578
176 976  0.1107  0.0724 70.3628
208 976  0.0084  0.1885 61.2846
240 976  0.0961  0.3137 46.2436
272 976  0.2130  0.3775 84.7683
304 976  0.2320 -0.2919 83.0908
336 976 -0.1822 -0.6981 64.5550
368 976 -1.1339 -1.6956 24.8655
400 976 -0.0980 -0.1791 13.9372
432 976 -0.9850 -0.9325 27.9646
464 976 -0.0040 -0.0227 35.8461
496 976 -0.0820  0.0490  8.2112
528 976 -0.0486  0.0318  4.6705
 16 1008  0.0566  0.0170 20.2921
 48 1008  0.0830  0.0635 56.9575
 80 1008  0.1430  0.0186 43.4766
112 1008  0.0677  0.0416 200.0348
144 1008  0.0471  0.0340 201.3044
176 1008  0.1094  0.1067 175.8027
208 1008  0.0213  0.0140 19.0006
240 1008  0.0838  0.1675 61.0173
272 1008  0.3816  0.2892 217.0439
304 1008  0.4514  0.0910 40.3552
336 1008  0.3072 -0.5408 19.0376
368 1008 -0.0095 -1.2529 98.4235
400 1008 -0.2225 -0.9888 31.6028
432 1008 -0.5663 -0.9501 23.1280
464 1008 -0.1735 -0.1380 13.5673
496 1008 -0.0020 -0.0005 20.6421
528 1008 -0.0406  0.0393 10.8181
560 1008 -0.1174  0.1587  5.9168
 16 1040  0.0552  0.0374 89.7581
 48 1040  0.0173 -0.0002 22.8789
 80 1040  0.0457  0.0312 226.9307
112 1040  0.0759  0.0569 29.4040
144 1040  0.0788  0.0485 198.6489
176 1040  0.1017 -0.0075 267.0043
208 1040  0.1238  0.0281 25.3428
240 1040  0.3537  0.0093 80.8399
272 1040  0.3344 -0.0643 49.4649
304 1040  0.7206 -0.1512 103.6504
336 1040  0.2357 -0.2805 37.4379
368 1040  0.6916 -1.2772 40.0037
400 1040 -0.0472 -0.3186 14.5702
432 1040 -0.1033 -1.0823 43.2623
464 1040 -0.0052 -0.0138 28.5325
496 1040 -0.0129  0.0014 17.3192
528 1040 -0.0043 -0.0022 11.5694
560 1040 -0.0267 -0.0348 11.6234
592 1040 -0.1603 -0.0217  5.4357
 16 1072  0.1359  0.0453 89.2703
 48 1072  0.1343  0.0121 92.9246
 80 1072  0.2254  0.0236 242.4927
112 1072  0.0892  0.0097 101.5075
144 1072  0.1997  0.0048 78.6653
176 1072  0.0859 -0.0251 30.4731
208 1072  0.1089  0.0106 99.8840
240 1072  0.0853 -0.0137 253.6488
272 1072  0.2542 -0.1114 74.1557
304 1072  2.5109  2.9805 96.8181
336 1072  0.1928 -0.2174 35.7196
368 1072  0.2031 -0.2359 16.3104
400 1072  0.0303 -0.1304 11.8716
432 1072  0.0098 -0.1703 21.7069
464 1072  0.0077  0.0133  9.1289
496 1072  0.0093 -0.0047 13.1808
528 1072 -0.0301 -0.0580 11.1177
560 1072 -0.0568  0.0607  7.5161
592 1072 -0.0080  0.0713  8.9528
624 1072 -0.0326  0.0493  4.9637
656 1072 -0.0922  0.0831  4.4406
 16 1104  0.0202  0.0034 16.6416
 48 1104  0.0423  0.0211 180.8512
 80 1104  0.0167 -0.0247 34.1542
112 1104  0.0323  0.0305 144.6529
144 1104  0.0879 -0.0053 123.6408
176 1104  0.1916 -0.0154 28.6316
208 1104  0.1222 -0.0112 168.1267
240 1104  0.2366 -0.0990 76.9270
272 1104  0.2811 -0.0971 87.0078
304 1104  0.1984 -0.0723 127.5548
336 1104  0.0206 -0.1371 152.0770
368 1104  0.0668 -0.1923 30.7937
400 1104  0.0355 -0.0688 17.1778
432 1104  0.0019 -0.0775 18.2039
464 1104  0.0032  0.0020 18.6811
496 1104  0.0102 -0.0033 14.5727
528 1104 -0.0046 -0.0493 11.1339
560 1104 -0.0108 -0.0577 13.2063
592 1104 -0.0678  0.0001  9.9536
624 1104  0.0862  0.0826 10.0565
656 1104 -0.1242  0.1067  8.0139
 16 1136 -0.0099 -0.0090 16.6399
 48 1136  0.0392  0.0573 101.8403
 80 1136  0.0804  0.0036 52.1080
112 1136  0.1633  0.0172 37.3069
144 1136  0.0921  0.0055 87.9064
176 1136  0.0726 -0.0283 201.7147
208 1136  0.1533 -0.1081 113.4719
240 1136  0.3950 -0.0578 70.9736
272 1136  0.1926 -0.0971 94.7202
304 1136  0.8976 -0.2951 180.1943
336 1136  0.1291 -0.1699 159.9745
368 1136  0.1243 -0.2474 34.3255
400 1136  0.3152 -0.2697 118.9928
432 1136  0.0084 -0.1357 21.7008
464 1136  0.0050 -0.1674 21.2506
496 1136  0.0000 -0.0398 11.6344
528 1136 -0.0249 -0.0049 16.2319
560 1136  0.0028 -0.0297 10.7359
592 1136 -0.0225  0.0032 13.0467
624 1136  0.0200 -0.0150 14.1863
656 1136 -0.0254  0.0300 17.7007
 16 1168  0.0276  0.0158 15.0416
 48 1168  0.0390 -0.0103 20.9178
 80 1168  0.0504 -0.0280 62.5289
112 1168  0.0557 -0.0036 114.0168
144 1168  0.0928  0.0078 108.8557
176 1168  0.1517 -0.0555 113.2822
208 1168  0.0803 -0.0856 67.1348
240 1168  0.0924 -0.0340 82.6560
272 1168  0.1883 -0.1106 110.3493
304 1168  0.2873 -0.2820 193.9479
336 1168  0.1595 -0.1795 67.0881
368 1168  0.0912 -0.1797 42.6167
400 1168  0.0288 -0.0894 14.0291
432 1168  0.0556 -0.2693 29.5420
464 1168  0.0901 -0.1106 22.6293
496 1168  0.0072  0.0065 17.1590
528 1168 -0.0206  0.0086 19.1640
560 1168  0.0011 -0.0021 12.7207
592 1168  0.0179  0.0147 10.8580
624 1168 -0.0003  0.0026 15.7827
656 1168 -0.0028  0.0061 13.1995
 16 1200  0.0817  0.0214 14.5264
 48 1200  0.0440 -0.0129 20.5762
 80 1200  0.0347 -0.0454 15.2700
112 1200  0.1475 -0.0213 41.6863
144 1200  0.0207  0.0006 42.1608
176 1200  0.0404 -0.0233 229.2810
208 1200  0.2389 -0.0770 78.6687
240 1200  0.1233 -0.0953 57.0034
272 1200  0.0323 -0.0566 233.0937
304 1200  0.2464 -0.2493 178.2256
336 1200  0.0549 -0.1279 158.4724
368 1200  0.0816 -0.1328 93.1345
400 1200  0.0515 -0.0693 30.8158
432 1200  0.0441 -0.0335 31.1539
464 1200  0.0436 -0.0026 14.2287
496 1200 -0.0062 -0.0089 23.2949
528 1200  0.0164  0.0007 21.6230
560 1200  0.0221 -0.0102 14.3538
592 1200 -0.0144 -0.0083 13.9363
624 1200  0.0068 -0.1371 26.5911
656 1200 -0.0146  0.0161 16.8589
  0   0 -0.0341 -0.1023  0.0000
  0   0  0.0041 -0.2950  0.0000
  0   0 -0.0053 -0.1884  0.0000
  0   0 -0.1602  0.0032  0.0000
  0   0 -0.3282  0.1031  0.0000
  0   0 -0.4111  0.1669  0.0000
  0   0 -0.4677  0.2352  0.0000
  0   0 -0.3314  0.2469  0.0000
  0   0 -0.1948  0.2593  0.0000
  0   0 -0.0643  0.2419  0.0000
  0   0  0.0318  0.1532  0.0000
  0   0  0.0995  0.0717  0.0000
  0   0  0.1644  0.0308  0.0000
  0   0  0.0951  0.0119  0.0000
  0   0  0.1301 -0.0348  0.0000
  0   0  0.3327 -0.1193  0.0000
