VARIABLES= "X pix", "Y pix", "U pix/dt", "V pix/dt", "CHC", ZONE I=21, J=30
 16 272 -0.0659 -0.0716 235.2738
 48 272 -0.0752 -0.1397 196.3645
 80 272 -0.3863 -0.1397 141.9490
112 272 -0.0317 -0.1842 252.5905
144 272 -0.0441 -0.2032 150.3299
176 272 -0.0964 -0.0989 120.4038
208 272 -0.0994 -0.1414 318.3643
240 272 -0.0887 -0.0676 186.7987
272 272 -0.0946 -0.0108 185.3393
304 272 -0.0022 -0.0252 197.0736
336 272  0.0060 -0.0068 150.0167
368 272  0.0142  0.0050 194.8022
400 272  0.0326  0.0340 270.6144
432 272  0.0203  0.0284 162.7255
464 272  0.0410  0.0631 192.9081
496 272 -0.0008  0.0720 72.6071
528 272  0.0315  0.0525 111.3494
560 272  0.0205  0.0107 23.9312
592 272  0.0266  0.0897 174.4553
624 272  0.0220  0.0402 129.0355
656 272 -0.0081  0.0285 134.7881
 16 304 -0.2903 -0.2345 203.4727
 48 304 -0.3342 -0.0901 112.0347
 80 304 -0.2499 -0.2227 138.2041
112 304 -0.0779 -0.2783 206.6567
144 304 -0.0632 -0.0876 228.0523
176 304 -0.1374 -0.0965 104.9169
208 304 -0.0746 -0.0906 303.1541
240 304 -0.0320 -0.0764 322.4581
272 304  0.0099 -0.0312 36.9029
304 304 -0.0357 -0.0343 219.4779
336 304  0.0058 -0.0203 150.1287
368 304  0.0040 -0.0100 237.3247
400 304  0.0278  0.0116 55.8627
432 304  0.0803  0.0380 200.4202
464 304  0.0511  0.0364 116.7849
496 304  0.0152  0.0531 204.5339
528 304  0.0028  0.0239 116.1083
560 304 -0.0032  0.0198 342.8908
592 304 -0.0047  0.0194 153.3182
624 304  0.0049  0.0259 168.7040
656 304  0.0454  0.0827 105.3545
 16 336 -0.1745 -0.2163 223.0944
 48 336 -0.5357 -0.1209 220.4551
 80 336 -0.1211 -0.1723 123.1044
112 336 -0.2300 -0.1694 307.7347
144 336 -0.1591 -0.1618 106.9676
176 336  0.0548 -0.1740 289.1024
208 336 -0.1435 -0.2211 256.2010
240 336 -0.0956 -0.1377 217.1900
272 336 -0.0957 -0.0801 28.0554
304 336 -0.0022 -0.0646 47.3206
336 336 -0.0236 -0.0293 182.1898
368 336  0.0035 -0.0042 136.3057
400 336  0.0371 -0.0042 54.1484
432 336  0.0522  0.0548 162.3696
464 336  0.0314  0.0472 253.5170
496 336  0.0438  0.0624 191.0567
528 336  0.0261  0.0741 111.3185
560 336  0.0571  0.0484 153.5894
592 336  0.0221  0.0576 183.4390
624 336  0.0215  0.0334 95.9228
656 336  0.0137  0.0245 84.6570
 16 368 -0.1387 -0.8258 171.3739
 48 368 -0.0021 -0.1766 20.2809
 80 368 -0.3307 -0.1750 129.6121
112 368 -0.2521 -0.1441 137.1836
144 368 -0.2073 -0.3129 256.9680
176 368 -0.1247 -0.1452 73.5652
208 368 -0.0594 -0.1205 299.7227
240 368 -0.0381 -0.0598 100.7119
272 368 -0.1112 -0.1006 64.9937
304 368 -0.0450 -0.1119 273.9718
336 368 -0.0182 -0.0324 36.3936
368 368 -0.0152 -0.0180 296.2673
400 368  0.0213 -0.0031 102.7149
432 368  0.0284  0.0008 228.8174
464 368  0.0533  0.0414 141.6250
496 368  0.0388  0.0243 221.6859
528 368  0.0680  0.0455 184.3181
560 368  0.0194  0.0529 246.6472
592 368  0.0695  0.0609 204.0206
624 368  0.0253  0.0632 129.4204
656 368  0.0123  0.0255 86.7653
 16 400 -0.2490 -0.1734 91.6443
 48 400 -0.8315 -0.4742 133.5382
 80 400 -0.4685 -0.4930 157.6070
112 400 -0.0281 -0.3365 110.8547
144 400 -0.0987 -0.2088 72.4895
176 400 -0.1287 -0.0333 14.7801
208 400 -0.2033 -0.1789 122.7666
240 400 -0.1056 -0.2400 114.5604
272 400 -0.1308 -0.1642 218.6058
304 400 -0.0733 -0.0999 200.3401
336 400 -0.0247 -0.0846 163.2587
368 400 -0.0035 -0.0664 190.0206
400 400  0.0140 -0.0011 93.1911
432 400  0.0142  0.0113 163.3077
464 400  0.0602  0.0377 214.1980
496 400  0.0507  0.0647 150.5225
528 400  0.0447  0.0258 155.0698
560 400  0.0221  0.0351 178.6381
592 400  0.0102  0.0883 197.8564
624 400  0.0130  0.0658 124.0927
656 400  0.0185  0.0569 182.5526
 16 432 -0.4015 -0.3336 22.1917
 48 432 -0.1816 -0.5216 40.2165
 80 432 -0.6544 -0.2730 219.3235
112 432 -0.3324 -0.3275 172.2308
144 432 -0.1375 -0.2483 52.6050
176 432 -0.4206 -0.3694 151.1964
208 432 -0.1976 -0.3053 164.2100
240 432 -0.1937 -0.3811 213.8564
272 432 -0.1731 -0.3401 209.9986
304 432 -0.1115 -0.1601 268.2891
336 432 -0.0962 -0.0999 153.9810
368 432 -0.0226 -0.1173 163.1743
400 432  0.0163 -0.0441 88.9307
432 432  0.0307 -0.0183 190.7690
464 432  0.0408  0.0287 101.2939
496 432 -0.0058  0.0371 158.0802
528 432  0.0377  0.0489 198.0604
560 432  0.0458  0.0645 130.7846
592 432  0.0692  0.0632 116.7768
624 432  0.0329  0.0613 117.0429
656 432  0.0036  0.0246 143.0178
 16 464 -0.3961 -0.3896 35.2933
 48 464 -0.1777 -0.3118 282.4096
 80 464 -0.1913 -0.3749 207.2770
112 464 -0.2764 -1.0515 139.0124
144 464 -0.4703 -0.2461 24.7440
176 464 -0.4336 -0.7341 89.8985
208 464 -0.1635 -0.6482 146.6499
240 464 -0.1806 -0.6500 77.5141
272 464 -0.2276 -0.4159 327.1791
304 464 -0.0965 -0.2320 226.6209
336 464 -0.1090 -0.0747 158.8991
368 464 -0.0139 -0.1752 152.2830
400 464  0.0093 -0.0863 98.1279
432 464  0.0058 -0.1313 144.9695
464 464  0.0571 -0.0120 186.6878
496 464  0.0350  0.0200 53.8202
528 464  0.0579 -0.0211 161.3557
560 464  0.0586  0.0987 178.9009
592 464  0.0618  0.0603 112.4050
624 464  0.0400  0.0034 121.0219
656 464  0.0091  0.0317 224.8582
 16 496 -0.2847 -0.1838 43.8939
 48 496 -0.3821 -0.3135 252.0848
 80 496 -0.7267 -0.7367 201.1761
112 496 -0.8124 -0.3707 213.6503
144 496 -1.0934 -0.2256 202.7886
176 496 -0.1820 -0.2724 17.3308
208 496 -0.3685 -0.3430 83.8037
240 496 -0.2937 -0.5677 155.9125
272 496 -0.2613 -0.3475 36.2851
304 496 -0.2136 -0.2998 80.5420
336 496 -0.0539 -0.2214 85.8140
368 496 -0.0605 -0.1682 144.5900
400 496  0.0050 -0.0804 25.7984
432 496  0.0549 -0.0908 187.5297
464 496  0.0577 -0.0146 257.2074
496 496  0.0549  0.0343 183.8064
528 496  0.0770  0.0743 202.6565
560 496  0.0441 -0.0295 29.1942
592 496  0.0350  0.1035 50.6869
624 496  0.0092  0.0809 81.4775
656 496  0.0030  0.0722 121.2990
 16 528 -0.1751 -0.1295 23.6257
 48 528 -0.6233 -0.5222 155.3209
 80 528 -0.3741 -0.2329 135.7972
112 528 -1.2143 -0.6966 59.6231
144 528 -0.5741 -0.0658 78.0696
176 528 -0.4096 -0.6948 62.2022
208 528 -0.6325 -0.7939 138.8275
240 528 -0.2129 -0.6446 95.7886
272 528 -0.1000 -0.7711 230.1164
304 528 -0.3894 -0.3260 390.5519
336 528 -0.1475 -0.5242 150.6516
368 528 -0.0720 -0.1116 197.4888
400 528 -0.0170 -0.1058 186.2458
432 528  0.0587 -0.1009 177.0529
464 528  0.1178 -0.0480 199.1047
496 528  0.1527  0.0150 224.6054
528 528  0.0730  0.0281 30.0573
560 528  0.0756  0.0598 139.6199
592 528  0.0757  0.1398 150.5447
624 528 -0.0102  0.0632 275.4034
656 528  0.0077  0.0531 116.8883
 16 560 -0.3616 -0.1841 24.6845
 48 560 -0.2620 -0.2647 322.7675
 80 560 -0.4464 -0.2280 70.4398
112 560 -0.8197 -0.7625 68.2889
144 560 -0.7416 -0.6219 69.4822
176 560 -1.0118 -0.8946 37.4895
208 560 -0.7906 -0.6993 193.8292
240 560 -0.5927 -0.8135 148.2440
272 560 -0.1088 -0.0485 26.7672
304 560 -0.3302 -0.5504 201.7827
336 560 -0.2014 -0.5238 49.5128
368 560 -0.0824 -0.6361 152.3259
400 560  0.0189 -0.1923 80.7867
432 560  0.1471 -0.2353 223.2032
464 560  0.1535 -0.0643 88.3347
496 560  0.1006 -0.0085 39.9403
528 560  0.1778  0.0422 192.4696
560 560  0.0901  0.1063 78.7638
592 560  0.1313  0.1672 151.8170
624 560  0.0851  0.0742 41.0720
656 560  0.0440  0.2068 117.3872
 16 592 -0.4761 -0.2352 74.4430
 48 592 -0.3250 -0.1751 96.9432
 80 592 -1.1695 -0.5313 117.7278
112 592 -0.9581 -0.7114 90.6391
144 592 -0.8932 -0.6984 222.5243
176 592 -0.7376 -1.2782 211.2436
208 592 -1.0145 -0.7750 195.7850
240 592 -0.5956 -1.0233 19.1939
272 592 -0.6494 -0.9530 223.3669
304 592 -0.4796 -0.9761 100.7052
336 592 -0.0978 -0.7830 333.2390
368 592 -0.0510 -0.6962 244.6590
400 592  0.0819 -0.5000 41.2258
432 592  0.2938 -0.2175 81.8107
464 592  0.2996 -0.0629 223.3017
496 592  0.2843 -0.0315 179.9823
528 592  0.1498  0.1750 235.4734
560 592  0.1705  0.1667 148.3550
592 592  0.1553  0.1253 53.0790
624 592  0.0694  0.1994 185.8322
656 592  0.0144  0.1875 180.7254
 16 624 -0.1519 -0.0800 36.7815
 48 624 -0.2082 -0.5735 80.6440
 80 624 -1.2521 -0.2994 96.6634
112 624 -0.6991 -1.1666 62.2725
144 624 -0.9734 -0.7062 197.5650
176 624 -0.9331 -0.6672 93.2305
208 624 -0.9307 -1.0109 59.7723
240 624  2.8027  1.9248 28.4437
272 624 -1.1177 -1.0876 22.0416
304 624 -0.3363 -0.9195 237.5154
336 624 -0.1255 -1.0259 136.8832
368 624  0.0525 -1.1145 110.4243
400 624  0.1403 -0.7512 261.1306
432 624  0.3718 -0.4810 29.4831
464 624  0.5766 -0.1988 165.8578
496 624  0.6660  0.0252 93.0786
528 624  0.3364  0.2500 50.9724
560 624  0.3363  0.2133 58.3196
592 624  0.2459  0.2075 150.8807
624 624  0.0778  0.0962 165.7855
656 624 -0.0304  0.1942 168.0321
 16 656 -0.0997 -0.0933 197.3879
 48 656 -0.2363 -0.1187 22.6776
 80 656 -0.5300 -0.4288 174.7244
112 656 -0.8169 -0.2466 194.5406
144 656 -0.8111 -0.8302 38.8731
176 656 -0.9060 -1.0253 147.4392
208 656 -0.8327 -0.8756 128.4256
240 656 -1.2339 -1.2384 147.8212
272 656 -0.6412 -1.7946 40.2759
304 656 -0.3995 -1.2385 31.6574
336 656 -0.2557 -1.3116 56.7927
368 656 -1.2993 -1.1512 259.4292
400 656 -0.9190 -1.2989 69.4035
432 656 -0.0170 -0.5457 78.7951
464 656  0.3933 -0.2983 204.7916
496 656  0.2983 -0.0110 63.4873
528 656  0.4465  0.3471 99.2411
560 656  0.4112  0.2678 127.2485
592 656  0.3728  0.3498 120.8643
624 656  0.1761  0.2516 107.5670
656 656  0.1728  0.3529 169.6899
 16 688 -0.0133 -0.0470 22.9184
 48 688 -0.1166 -0.1604 108.2692
 80 688 -0.3928 -0.2533 191.9642
112 688 -0.7963 -0.6039 174.6639
144 688 -0.9842 -0.3994 61.0203
176 688 -0.2975 -0.1453 21.2714
208 688 -0.7018 -0.9811 44.7189
240 688 -1.2458 -1.2350 122.9540
272 688 -1.0637 -1.3374 56.8319
304 688 -0.9241 -1.6800 18.3069
336 688 -1.7986 -1.6236 27.5758
368 688 -1.9013 -1.0439 78.3331
400 688 -1.8504 -1.5596 107.7359
432 688 -1.2492 -0.9215 210.1192
464 688 -1.0143 -0.5026 66.8040
496 688 -0.2397 -0.2730 111.3671
528 688  0.2498  0.1257 226.6948
560 688  0.4820  0.3761 37.4000
592 688  0.2871  0.3893 102.3596
624 688  0.2065  0.2679 44.6952
656 688  0.2811  0.5675 84.9136
 16 720 -0.0470 -0.1819 63.1570
 48 720 -0.2024 -0.0774 62.4842
 80 720 -0.2592 -0.1253 81.9983
112 720 -0.8217 -0.2365 78.2081
144 720 -0.2174 -0.0819 12.8183
176 720 -0.9394 -0.6364 55.7340
208 720 -1.0365 -0.7846 67.6793
240 720 -1.1776 -0.8812 22.5407
272 720 -1.8091 -1.9518 13.6817
304 720 -1.9330 -2.2876 108.8271
336 720 -1.6100 -0.4702 44.3732
368 720 -2.2303 -0.8723 89.1895
400 720 -2.2414 -1.1912 52.8964
432 720 -2.5999 -1.2556 51.4704
464 720 -1.4808 -0.9341 77.9626
496 720 -1.7979 -1.1395 73.8728
528 720 -0.3950 -0.1099 55.6233
560 720 -0.0294  0.0620 90.9997
592 720  0.0294  0.3154 51.4565
624 720  0.1700  0.6412 158.3907
656 720  0.4037  0.5781 122.3269
 16 752 -0.0555 -0.0374 153.9366
 48 752 -0.1294 -0.0478 30.2567
 80 752  0.0157 -0.0710 246.4298
112 752 -0.1737 -0.1143 249.6980
144 752 -0.6470 -0.3373 73.5171
176 752 -0.9161 -0.5316 118.3967
208 752 -0.9044 -0.3923 22.9950
240 752 -1.3798 -0.5502 149.1534
272 752 -2.1152 -1.7127 137.8997
304 752 -1.4503 -1.6970 40.1951
336 752 -1.0177 -0.7374 85.5771
368 752 -1.6937 -0.4937 86.4695
400 752 -2.2946 -0.2021 84.0915
432 752 -2.0350 -0.6025 18.0131
464 752 -2.7539 -1.1805 58.4893
496 752 -1.8044 -1.1653 147.7306
528 752 -1.2279 -0.5522 77.9150
560 752 -0.5026 -0.3641 85.5768
592 752 -0.1418 -0.0126 87.3033
624 752  0.0524  0.3443 45.1527
656 752  0.1036  0.2540 26.3044
 16 784 -0.0523 -0.0103 23.2110
 48 784 -0.0451 -0.0188 71.7112
 80 784 -0.0262 -0.0567 304.1649
112 784 -0.0144 -0.0928 169.2818
144 784 -0.5937 -0.3475 212.3135
176 784 -0.8909 -0.9397 24.3476
208 784 -1.2744 -0.1838 98.0900
240 784 -1.4045 -1.0528 113.2721
272 784 -1.7311 -2.4930 14.7324
304 784 -2.1663 -2.2114 15.2327
336 784 -0.6187 -0.0440 47.8073
368 784 -0.0239  0.3868 10.9917
400 784 -0.1477  0.2652  8.3929
432 784 -0.5840  0.0942 19.2782
464 784 -0.3556 -0.0560 26.9604
496 784 -1.5503 -1.2169 28.0690
528 784 -0.8668 -0.8050 88.3460
560 784 -0.6727 -0.3864 45.4402
592 784 -0.5258 -0.0211 158.6566
624 784  0.0723  0.0964 60.1183
656 784  0.2170  0.4627 60.4508
 16 816  0.0198  0.0208 94.0015
 48 816 -0.0248 -0.0036 47.7754
 80 816 -0.0698 -0.0624 39.3576
112 816 -0.1342 -0.0587 162.7943
144 816 -0.5092 -0.2639 83.8952
176 816 -0.1853 -0.0082 16.3415
208 816 -0.9486 -0.1089 84.9423
240 816 -0.6780 -1.3337 241.4849
272 816 -0.4787 -1.1493 38.8000
304 816 -1.2324 -1.9602 10.9944
336 816 -1.2715 -0.8501 52.5752
368 816 -0.1145  0.3852  5.1139
464 816 -0.0418  0.1020  4.5260
496 816 -0.0197  0.0112 12.6718
528 816 -0.3855 -0.3590 70.3593
560 816 -0.4536 -0.4015 45.0369
592 816 -0.2690 -0.1124 115.8925
624 816 -0.0178  0.0989 38.8605
656 816  0.1151  0.0915 23.1073
 16 848 -0.0415  0.0290 44.2063
 48 848  0.0134 -0.0101 123.9287
 80 848  0.0099 -0.0080 40.6915
112 848 -0.1268  0.0208 87.2973
144 848 -0.3874  0.0333 60.5332
176 848 -0.2727  0.0119 62.1755
208 848 -0.2299  0.0924 161.7477
240 848 -1.0907 -1.1268 178.3437
272 848 -1.0522 -1.2530 58.3626
304 848 -0.1820 -0.4336 11.0205
336 848  0.0361  0.2037 29.0402
368 848  0.0602  0.0250  4.0797
496 848  0.0133 -0.0066  4.3223
528 848  0.0323 -0.0536 77.3491
560 848 -0.1958 -0.0468 41.1124
592 848 -0.2626 -0.0590 51.1627
624 848 -0.0265  0.0347 97.9240
656 848 -0.1215 -0.0207 40.1941
 16 880  0.0440  0.0291 20.3341
 48 880  0.0565  0.0220 76.1171
 80 880  0.0193  0.0006 147.4621
112 880 -0.0111  0.0235 85.4422
144 880 -0.0121  0.0299 95.2553
176 880 -0.0652  0.0640 120.6330
208 880 -0.2295  0.0385 43.7879
240 880 -0.6746 -0.2864 44.3771
272 880 -0.2994 -0.2049 10.7774
304 880  0.0245 -0.0217 11.1505
336 880 -0.0315 -0.0201 30.3808
368 880 -0.1319  0.1821  5.8422
528 880  0.0216 -0.0278 15.3628
560 880 -0.4640 -0.2667  8.2601
592 880 -0.8176 -0.0368  6.4626
624 880 -0.0920 -0.0350 25.6364
656 880 -0.2046  0.0257  8.0177
 16 912  0.0918  0.0109 40.4198
 48 912  0.0246  0.0220 43.8086
 80 912  0.0277  0.0100 270.0169
112 912  0.0577  0.0580 113.4802
144 912  0.0134  0.0362 149.0274
176 912 -0.0066  0.0503 138.7944
208 912  0.0507  0.0260 55.5563
240 912 -0.0341 -0.1135 146.8798
272 912 -0.6239 -0.8024 47.5041
304 912 -1.2112 -1.6316 40.5415
336 912 -1.4133 -1.6985 32.2613
368 912 -0.2363  0.2056 76.9580
400 912 -0.1226  0.1586  5.6246
528 912  0.0064 -0.0091  4.4684
560 912 -0.1052 -0.0525  4.2684
624 912 -0.2585  0.0704  8.2908
 16 944  0.0110  0.0211 20.7500
 48 944  0.2316  0.0256 49.0906
 80 944  0.1508 -0.0253 112.0574
112 944  0.0356  0.0367 173.8923
144 944  0.0643  0.0175 159.2824
176 944  0.0691  0.0812 287.2422
208 944  0.1418  0.0605 110.3469
240 944  0.6223  0.1003 142.0617
272 944  0.0871 -0.2276 111.9084
304 944 -0.1430 -1.0039 125.9512
336 944 -0.6471 -1.9674 78.0242
368 944 -0.1124 -0.4751 13.4140
400 944 -0.1190  0.1733 25.7712
432 944 -0.0686  0.1925  7.3888
464 944  0.0251  0.0916  6.9687
496 944  0.0569  0.0046  6.8231
624 944 -0.0704 -0.0376  4.1122
 16 976  0.0457 -0.0044 28.3158
 48 976  0.0908  0.0112 91.4330
 80 976  0.2574  0.0046 37.9989
112 976  0.1643 -0.0059 226.3743
144 976  0.4923 -0.0178 41.6708
176 976  0.1831  0.0642 116.2361
208 976  0.1324  0.0535 91.4933
240 976  0.2072 -0.0106 148.8029
272 976  0.2310 -0.1842 67.8805
304 976  0.0672 -0.4691 117.1554
336 976 -0.0443 -1.3826 173.0042
368 976 -0.1171 -0.8522 92.6567
400 976 -0.0333 -0.1511 13.3006
432 976  0.0204 -0.0792 15.4060
464 976  0.0259  0.0409 27.2354
496 976  0.0736  0.0295  7.7896
528 976  0.0511 -0.0228  4.3161
 16 1008  0.0454  0.0230 42.0894
 48 1008  0.1418  0.0236 105.7051
 80 1008  0.1206 -0.0070 208.1547
112 1008  0.0545  0.0308 67.3588
144 1008  0.1700  0.0491 253.0169
176 1008  0.2969 -0.0213 137.1103
208 1008  0.2744 -0.0121 253.5207
240 1008  0.6111 -0.0089 111.9303
272 1008  0.2888 -0.1325 194.4230
304 1008  0.1437 -0.2851 19.3996
336 1008  0.3035 -0.4891 60.6074
368 1008  0.0215 -0.2850 21.4993
400 1008 -0.0183 -0.0837 13.3597
432 1008 -0.0259 -0.0759 14.0975
464 1008  0.2839 -0.2097 18.9281
496 1008  0.0239 -0.0365 22.7809
528 1008  0.0245  0.0037  8.8999
560 1008  0.0076  0.0461  5.0752
 16 1040  0.1412  0.0069 188.6037
 48 1040  0.0609  0.0124 24.8367
 80 1040  0.1206  0.0241 214.7377
112 1040  0.1773  0.0094 58.8045
144 1040  0.1461  0.0034 130.4726
176 1040  0.3614  0.0525 217.4371
208 1040  0.4384 -0.0228 95.3531
240 1040  0.2986 -0.0146 109.0714
272 1040  0.8401 -0.0716 155.8870
304 1040  0.1391 -0.0631 20.9531
336 1040  0.3615 -0.8420 42.4949
368 1040  0.0725 -0.5713 138.0829
400 1040  0.0361 -0.0440 12.3795
432 1040  0.0187 -0.0812 15.0503
464 1040 -0.0204 -0.0813 45.3761
496 1040  0.0622 -0.0754 11.2722
528 1040  0.0577 -0.0619 11.8110
560 1040 -0.0039 -0.0005  8.9632
592 1040 -0.0581 -0.0404  4.5232
 16 1072  0.2530  0.0014 213.1498
 48 1072  0.1927  0.0467 52.1524
 80 1072  0.2580  0.0309 177.8927
112 1072  0.1154 -0.0205 105.8108
144 1072  0.0867 -0.0235 52.1589
176 1072  0.1777 -0.0041 69.5261
208 1072  0.1342  0.0004 93.2945
240 1072  0.9864 -0.0485 194.1984
272 1072  0.3592 -0.1460 79.4833
304 1072  0.1607 -0.1966 167.6567
336 1072  0.1925 -0.5084 108.1374
368 1072  0.3056 -0.2726 57.3735
400 1072  0.0087  0.0059 15.5741
432 1072  0.0249 -0.0732 28.6594
464 1072  0.0242 -0.4366  9.0170
496 1072 -0.0091 -1.0559 14.2803
528 1072 -0.0858 -0.3665 10.1895
560 1072  0.0089 -0.0573  9.8535
592 1072  0.0127 -0.0053 10.2072
624 1072  0.0248  0.0373  5.1520
656 1072 -0.0089 -0.0153  4.6589
 16 1104  0.0295  0.0365 53.9181
 48 1104  0.1947  0.0319 89.8107
 80 1104  0.0683 -0.0162 82.2654
112 1104  0.3284 -0.0211 83.1417
144 1104  0.0306  0.0186 186.4284
176 1104  0.1978 -0.0195 60.3449
208 1104  0.2135 -0.0046 60.3575
240 1104  0.1229 -0.0560 184.3955
272 1104  0.2615 -0.1541 63.0967
304 1104  0.3492 -0.1714 121.7377
336 1104  0.4782 -0.2788 142.1996
368 1104  0.0754 -0.1199 226.8447
400 1104  0.0333 -0.0675 19.7414
432 1104 -0.0036 -0.0142 15.9347
464 1104  0.0500 -0.0392 14.9079
496 1104 -0.0094  0.0120 11.1182
528 1104  0.0254 -0.0513 13.1093
560 1104  0.0287 -0.4389 13.8254
592 1104 -0.0317 -0.1463 13.2799
624 1104 -0.0061 -0.0329 14.8847
656 1104 -0.1894 -0.0306  8.4451
 16 1136  0.0117 -0.0105 15.1421
 48 1136  0.2706  0.0100 33.4876
 80 1136  0.1157 -0.0032 479.8057
112 1136  0.0517 -0.0050 92.1705
144 1136  0.0847 -0.0607 87.7129
176 1136  0.1124 -0.0535 284.2782
208 1136  0.1371 -0.0173 82.8364
240 1136  0.5829 -0.0209 115.1121
272 1136  0.1317 -0.3075 83.6710
304 1136  0.1461 -0.1285 49.1599
336 1136  0.2889 -0.2438 165.1932
368 1136  0.2693 -0.3054 137.5421
400 1136 -0.0013 -0.0190 15.7080
432 1136  0.0284  0.0043 10.2673
464 1136  0.0069  0.0161 19.6403
496 1136 -0.0037 -0.0536 11.5767
528 1136 -0.0222 -0.0510 17.1482
560 1136 -0.0064  0.0474 11.9002
592 1136 -0.2939 -0.0824  9.5646
624 1136 -0.0319 -0.0228 13.2625
656 1136 -0.0437 -0.0142 15.6497
 16 1168 -0.0069  0.0011 13.1568
 48 1168  0.0527  0.0166 15.6210
 80 1168  0.1247 -0.0190 70.2389
112 1168  0.1179 -0.0316 69.8406
144 1168  0.2136 -0.0349 146.0634
176 1168  0.0968 -0.0127 251.5136
208 1168  0.1088 -0.3066 120.1850
240 1168  0.0789 -0.0666 62.1669
272 1168  0.1782 -0.1284 116.2577
304 1168  0.1020 -0.0489 110.3550
336 1168  0.1251 -0.1937 138.3694
368 1168  0.1453 -0.2032 255.0049
400 1168  0.0033 -0.0470 13.3003
432 1168  0.0352 -0.0890 13.5568
464 1168  0.0628 -0.1067 42.9711
496 1168 -0.0075 -0.0172 20.2592
528 1168 -0.0119 -0.0717 15.2491
560 1168 -0.3068 -0.2457  9.3605
592 1168 -0.0311 -0.0471 11.9857
624 1168 -0.0399 -0.0242 13.7684
656 1168 -0.0255 -0.0099 11.5642
 16 1200  0.0160  0.0202 12.0854
 48 1200  0.0884 -0.0275 17.0485
 80 1200  0.0339 -0.0087 14.9497
112 1200  0.0509 -0.0263 97.3324
144 1200  0.0823 -0.0101 59.2505
176 1200  0.0944 -0.0095 137.8268
208 1200  0.0250 -0.0619 61.7831
240 1200  0.0852 -0.1547 118.3071
272 1200  0.0788 -0.1682 141.0568
304 1200  0.1396 -0.0912 68.9607
336 1200  0.1612 -0.1570 175.0659
368 1200  0.2608 -0.2538 50.7156
400 1200  0.0093 -0.0215 11.6586
432 1200  0.0250 -0.0245 13.9065
464 1200  0.0261 -0.0336 15.3379
496 1200 -0.0225  0.0047 14.1523
528 1200 -0.0054 -0.0647 24.0416
560 1200 -0.2651 -0.0655 11.0891
592 1200 -0.0425 -0.1050 19.5990
624 1200  0.0248 -0.1827 30.7987
656 1200  0.0083 -0.1463 26.8296
  0   0 -0.0354 -0.0823  0.0000
  0   0 -0.0260 -0.0977  0.0000
  0   0 -0.0667 -0.1079  0.0000
  0   0 -0.2447 -0.0719  0.0000
  0   0 -0.4698 -0.1082  0.0000
  0   0 -0.6249 -0.1360  0.0000
  0   0 -0.4392  0.0303  0.0000
  0   0 -0.3328  0.1561  0.0000
  0   0 -0.2107  0.1864  0.0000
  0   0 -0.0364  0.1138  0.0000
  0   0  0.0894  0.0143  0.0000
  0   0  0.1054 -0.0126  0.0000
  0   0  0.1359 -0.0076  0.0000
  0   0  0.1892  0.0040  0.0000
  0   0  0.2289 -0.0280  0.0000
  0   0  0.2355 -0.1114  0.0000
  0   0  0.2373 -0.2393  0.0000
  0   0  0.2415 -0.2948  0.0000
  0   0  0.2865 -0.2870  0.0000
  0   0  0.3037 -0.3433  0.0000
  0   0  0.2631 -0.3447  0.0000
  0   0  0.0225 -0.1283  0.0000
  0   0 -0.0754 -0.0044  0.0000
  0   0 -0.0767  0.0688  0.0000
  0   0 -0.1012  0.1300  0.0000
  0   0 -0.1871  0.0468  0.0000
  0   0 -0.4906 -0.0194  0.0000
