VARIABLES= "X pix", "Y pix", "U pix/dt", "V pix/dt", "CHC", ZONE I=21, J=30
 16 272 -0.1065 -0.1466 34.1473
 48 272 -0.1980 -0.2588 216.6410
 80 272 -0.1077 -0.2712 217.6227
112 272 -0.2301 -0.1338 186.0858
144 272 -0.1226 -0.1464 55.5168
176 272  0.0452 -0.0181 257.1617
208 272 -0.0679 -0.1003 160.0294
240 272  0.0030 -0.0334 32.9782
272 272 -0.0132 -0.0036 101.8240
304 272 -0.0288 -0.0249 136.2730
336 272 -0.0527 -0.0191 181.9319
368 272 -0.0023  0.0001 117.1628
400 272 -0.0309  0.0156 303.9902
432 272 -0.0226  0.0246 239.2119
464 272 -0.0283  0.0337 96.5389
496 272 -0.0007  0.0182 239.2565
528 272 -0.0017  0.0393 116.1100
560 272  0.0284  0.0115 52.5772
592 272  0.0424  0.0441 161.6098
624 272  0.0041  0.0306 161.6288
656 272  0.0443  0.0854 153.8128
 16 304 -0.3943 -0.1353 95.5468
 48 304 -0.1617 -0.2815 62.5323
 80 304 -0.4139 -0.1567 136.1904
112 304 -0.1035 -0.1360 241.0219
144 304 -0.0486 -0.2093 87.5345
176 304 -0.1419 -0.0470 67.4333
208 304 -0.1217 -0.1065 227.5885
240 304 -0.0932 -0.0680 148.7288
272 304 -0.0335  0.0074 414.4576
304 304 -0.0393 -0.0303 165.3246
336 304  0.0091 -0.0393 143.8085
368 304 -0.0359 -0.0137 88.4192
400 304  0.0130  0.0410 60.7110
432 304 -0.0143  0.0536 314.8257
464 304  0.0199  0.0401 201.6030
496 304 -0.0045  0.0371 124.4806
528 304  0.0293  0.0511 108.6041
560 304  0.0155  0.0264 160.1231
592 304  0.0093 -0.0283 185.0660
624 304  0.0123  0.0153 180.1216
656 304 -0.0091  0.0448 57.6683
 16 336 -0.0874 -0.0580 27.1776
 48 336 -0.0469 -0.1427 282.1890
 80 336 -0.1123 -0.2717 99.6762
112 336 -0.1640 -0.3171 167.1798
144 336 -0.4004 -0.2033 222.2222
176 336 -0.1183 -0.0443 314.5994
208 336 -0.1170 -0.0986 124.9642
240 336 -0.1111 -0.1485 143.4596
272 336 -0.0466 -0.1169 74.4813
304 336  0.0879 -0.0419 139.0405
336 336 -0.0520 -0.0385 213.9126
368 336 -0.0443 -0.0208 131.4849
400 336 -0.0223  0.0082 105.3947
432 336 -0.0104  0.0250 148.2650
464 336 -0.0002  0.0455 142.0196
496 336  0.0533  0.0751 76.8524
528 336  0.0026  0.0409 99.8941
560 336  0.0543  0.0282 155.1522
592 336  0.0033  0.0276 206.5135
624 336  0.0311  0.0313 127.1490
656 336  0.0038  0.0226 143.5625
 16 368 -0.0171 -0.0331 16.8880
 48 368 -0.4983 -0.2589 193.6890
 80 368 -0.1482 -0.3949 150.0916
112 368 -0.4477 -0.1464 81.4112
144 368 -0.1332 -0.2021 192.4170
176 368 -0.1294 -0.3107 90.2637
208 368 -0.1126 -0.1645 256.4150
240 368 -0.0762 -0.2755 332.5698
272 368 -0.0691 -0.0912 134.0396
304 368  0.0200 -0.0189 314.8266
336 368 -0.0540 -0.0660 261.6101
368 368 -0.0091 -0.0235 188.8114
400 368 -0.0183 -0.0017 78.3795
432 368 -0.0146 -0.0026 231.7477
464 368 -0.0306  0.0460 122.5973
496 368 -0.0062  0.0259 296.2166
528 368  0.0070  0.0413 104.2050
560 368  0.0377  0.0358 70.2271
592 368  0.0234  0.0210 121.5300
624 368  0.0245  0.0507 178.9428
656 368  0.0166  0.0144 99.0789
 16 400 -0.4303 -0.1705 66.0545
 48 400 -0.8500 -0.3232 215.8745
 80 400 -0.1727 -0.3067 235.2729
112 400 -0.3807 -0.4588 115.7019
144 400 -0.2947 -0.2186 222.1406
176 400 -0.2215 -0.2472 163.1853
208 400 -0.3324 -0.3429 143.4725
240 400 -0.1229 -0.2006 289.2721
272 400 -0.0398 -0.1031 34.9705
304 400 -0.1595 -0.1973 185.6048
336 400 -0.0412 -0.0627 30.2502
368 400 -0.0205 -0.0139 101.1429
400 400 -0.0102  0.0256 110.7901
432 400 -0.0275  0.0112 150.7860
464 400 -0.0151  0.0121 150.1975
496 400  0.0035  0.0156 28.3958
528 400  0.0011  0.0164 120.1591
560 400  0.0216 -0.0014 68.9791
592 400  0.0276  0.0236 156.2648
624 400  0.0386  0.0124 184.9290
656 400  0.0561  0.0190 175.4879
 16 432 -0.2815 -0.3148 53.2903
 48 432 -0.3219 -0.2634 133.4943
 80 432 -0.3491 -0.2485 91.4243
112 432 -0.4899 -0.2577 36.6219
144 432 -0.3248 -0.3548 158.6883
176 432 -0.3524 -0.4453 197.7492
208 432 -0.1771 -0.3083 231.7568
240 432 -0.1984 -0.1808 215.2384
272 432 -0.2384 -0.0955 217.2218
304 432 -0.0097 -0.1460 201.5179
336 432 -0.0395 -0.1238 77.8959
368 432 -0.1234 -0.0635 188.2268
400 432 -0.0808 -0.0278 214.2343
432 432  0.0082  0.0038 89.7500
464 432 -0.0480  0.0222 150.4729
496 432 -0.0051  0.0191 122.1833
528 432 -0.0145  0.0217 114.2344
560 432  0.0093  0.0436 103.3582
592 432  0.0025  0.0044 75.1864
624 432  0.0239 -0.0057 201.9794
656 432  0.0548  0.0625 124.9887
 16 464 -0.0716 -0.0710 67.2948
 48 464 -0.2194 -0.3159 119.6670
 80 464 -0.3853 -0.6844 153.3867
112 464 -0.1509 -0.2582 84.4035
144 464 -0.2888 -0.3146 70.7768
176 464 -0.2273 -0.2208 101.7173
208 464 -0.3233 -0.2360 57.2409
240 464 -0.2280 -0.3697 338.5139
272 464 -0.3180 -0.1124 76.5487
304 464 -0.0741 -0.1487 279.5637
336 464  0.0039 -0.0570 251.0645
368 464 -0.0935 -0.0566 314.4543
400 464 -0.0099  0.0273 32.1076
432 464 -0.0228 -0.0646 95.9539
464 464 -0.0367  0.0031 122.4816
496 464 -0.0733  0.0338 191.5518
528 464  0.0000  0.0045 133.1248
560 464  0.0125 -0.0164 204.8430
592 464  0.0069 -0.0145 118.2252
624 464  0.0284  0.0007 186.2403
656 464  0.0110 -0.0343 110.8313
 16 496 -0.2078 -0.1075 140.1626
 48 496 -0.3013 -0.1449 82.5400
 80 496 -0.9569 -0.2835 157.7606
112 496 -0.4773 -0.5704 147.5141
144 496 -0.4400 -0.5415 150.9952
176 496 -0.3084 -0.3297 93.5672
208 496 -0.1938 -0.3333 29.7190
240 496 -0.1372 -0.4745 79.4027
272 496 -0.1666 -0.2276 44.4027
304 496 -0.1999 -0.1542 50.7478
336 496 -0.1667 -0.1512 108.6349
368 496 -0.0893 -0.0877 65.9145
400 496 -0.0230 -0.0167 76.8548
432 496 -0.0580 -0.0141 132.3336
464 496 -0.0349  0.0183 261.9564
496 496 -0.0174 -0.0042 74.1100
528 496 -0.0449  0.0669 91.5653
560 496  0.0103  0.0006 86.1267
592 496  0.0038 -0.0062 13.9344
624 496  0.0332 -0.0404 74.1271
656 496  0.0551 -0.0225 145.2570
 16 528 -0.1261 -0.1130 52.2378
 48 528 -0.3086 -0.3407 159.5388
 80 528 -0.3146 -0.2158 85.4113
112 528 -0.4287 -0.3904 154.0841
144 528 -0.4041 -0.4071 23.3433
176 528 -0.3874 -0.5714 304.2285
208 528 -0.2932 -0.6631 56.5242
240 528 -0.1646 -0.5128 90.1543
272 528 -0.3520 -0.3030 22.0957
304 528 -0.1256 -0.1206 165.4471
336 528 -0.1477 -0.2463 219.4233
368 528 -0.1110 -0.0918 32.8348
400 528 -0.2225 -0.1213 100.9290
432 528 -0.0750 -0.0383 175.0507
464 528 -0.0427 -0.0067 196.8040
496 528 -0.0684  0.0145 98.9080
528 528 -0.0120 -0.0125 303.0436
560 528 -0.0038 -0.0454 158.3096
592 528  0.0061 -0.0371 100.1043
624 528  0.0375 -0.0388 205.9709
656 528  0.0715 -0.0715 119.2948
 16 560 -0.0181 -0.1200 20.1175
 48 560 -0.7568 -0.3537 108.3646
 80 560 -0.4453 -0.3089 105.6171
112 560 -0.1194 -0.1992 25.3786
144 560 -0.7486 -1.1682 77.3032
176 560 -0.4372 -0.6121 203.8422
208 560 -0.2521 -0.5610 111.3557
240 560 -0.4021 -0.3839 64.3198
272 560 -0.3036 -0.2571 52.6464
304 560 -0.2645 -0.1475 334.1766
336 560 -0.1769 -0.1818 83.8449
368 560 -0.2066 -0.1727 99.3391
400 560 -0.0860 -0.0477 38.8265
432 560 -0.0920 -0.0295 23.3127
464 560 -0.1784 -0.0145 122.4736
496 560 -0.1046 -0.0448 91.4633
528 560 -0.0283  0.0332 96.1124
560 560 -0.0276 -0.0539 185.7520
592 560 -0.0057 -0.0876 53.6865
624 560  0.0802 -0.0368 109.9616
656 560  0.0521 -0.0898 46.7030
 16 592 -0.1296 -0.1342 51.6427
 48 592 -0.0774 -0.0764 14.9273
 80 592 -0.7434 -0.5591 145.4011
112 592 -0.7969 -0.7960 264.3276
144 592 -0.1996 -0.3169 203.3728
176 592 -0.7298 -0.7648 61.5096
208 592 -0.8120 -0.7643 162.5899
240 592 -0.8140 -1.1760 102.6439
272 592 -0.4281 -0.3317 186.6004
304 592 -0.4895 -0.3941 125.7095
336 592 -0.5157 -0.2302 131.0228
368 592 -0.2252 -0.1591 158.6148
400 592 -0.3849 -0.1132 73.0949
432 592 -0.5029 -0.0329 106.0174
464 592 -0.2549 -0.0327 97.6072
496 592 -0.1147 -0.0203 70.7310
528 592 -0.0957 -0.0594 184.7194
560 592 -0.0833 -0.0922 178.1629
592 592  0.0705 -0.2385 129.6072
624 592  0.0714 -0.1506 69.4918
656 592  0.1292 -0.1935 172.5177
 16 624 -0.1489 -0.0168 19.5545
 48 624 -0.2048 -0.2384 124.4009
 80 624 -0.1772 -0.1395 17.4593
112 624 -0.3432 -0.3192 23.3507
144 624 -0.7346 -0.6712 78.8269
176 624 -0.9293 -0.8406 151.2809
208 624 -0.0668 -0.0466  9.6492
240 624 -0.8098 -0.6410 59.4622
272 624 -0.5528 -0.1578 95.3075
304 624 -0.9825 -0.7318 86.4599
336 624 -0.4026 -0.3192 46.8264
368 624 -0.2483 -0.0648 29.3258
400 624 -0.5737 -0.1149 136.0828
432 624 -0.5432 -0.0545 117.5150
464 624 -0.2201 -0.0098 139.2182
496 624 -0.2743 -0.0646 195.8313
528 624 -0.1676 -0.1824 89.7772
560 624 -0.1486 -0.3287 90.8028
592 624 -0.0016 -0.3094 160.6246
624 624 -0.0192 -0.3394 151.4147
656 624  0.2031 -0.3983 103.0929
 16 656 -0.1883 -0.1171 69.8296
 48 656 -0.2396 -0.1235 14.5987
 80 656 -0.1865 -0.1540 218.2274
112 656 -0.4892 -0.2371 138.7512
144 656 -1.0543 -0.7188 131.1831
176 656 -0.8481 -0.7780 30.9053
208 656 -0.8511 -1.0818 117.2246
240 656 -0.5894 -0.8170 175.8619
272 656 -0.7843 -0.7395 44.1123
304 656 -1.1736 -0.6054 142.5825
336 656 -0.6200 -0.3958 125.8795
368 656 -0.6751 -0.1433 62.7772
400 656 -0.9521 -0.0438 68.6974
432 656 -0.3443  0.0448 49.7965
464 656 -0.3704 -0.0257 76.1775
496 656 -0.4309 -0.1888 120.3555
528 656 -0.1152 -0.3760 227.7982
560 656 -0.1648 -0.2427 49.4033
592 656 -0.0165 -0.4480 88.4157
624 656 -0.0886 -0.5634 49.9400
656 656  0.1083 -0.2346 165.7947
 16 688 -0.0304 -0.0201 34.9019
 48 688 -0.0667 -0.1907 249.5383
 80 688 -0.3067 -0.1299 162.4491
112 688 -0.1423 -0.0795 15.7390
144 688 -0.6552 -0.4724 181.6928
176 688 -1.0479 -1.2705 139.5196
208 688 -0.8200 -0.6956 124.2235
240 688 -0.9207 -0.5940 80.4947
272 688 -0.8046 -0.6439 27.5314
304 688 -0.8030 -0.5330 226.9850
336 688 -0.5816 -0.4035 173.2301
368 688 -0.5934 -0.1400 104.0342
400 688 -0.2996  0.0705 140.5731
432 688 -0.1158  0.0968 30.6323
464 688 -0.1288 -0.0847 278.1713
496 688  0.0122 -0.1086 195.4057
528 688 -0.0505 -0.5046 56.6679
560 688 -0.0423 -0.5615 215.9486
592 688 -0.0233 -0.6976 69.6851
624 688 -0.0064 -0.2740 37.0670
656 688 -0.0190 -0.3366 19.5796
 16 720 -0.0130 -0.0313 15.7355
 48 720 -0.0812 -0.1014 318.1040
 80 720 -0.0888 -0.2402 293.7253
112 720 -0.2356 -0.2389 193.9104
144 720 -0.1744 -0.4228 270.1224
176 720 -0.1964 -0.2148 100.3490
208 720 -0.8318 -0.8561 101.1210
240 720 -0.1362 -0.3290 20.1889
272 720 -0.6936 -0.5988 48.8589
304 720 -0.3857 -0.3200 88.9208
336 720 -0.3867 -0.1917 36.8342
368 720 -0.0780 -0.0856 118.8480
400 720  0.0546  0.0398 49.6020
432 720  0.4958  0.0181 131.7231
464 720  0.1493 -0.0061 90.6585
496 720  0.2755 -0.3147 103.4671
528 720  0.6843 -1.0852 91.7512
560 720  0.0542 -0.0065 19.0745
592 720  0.0629  0.0125 23.4332
624 720 -0.0624 -0.1390 122.4131
656 720 -0.1633 -0.3063 114.0592
 16 752  0.0032 -0.1060 50.7490
 48 752 -0.0100 -0.1169 101.9599
 80 752 -0.0254 -0.0570 149.0838
112 752 -0.0756 -0.0835 84.3542
144 752 -0.0484 -0.2685 127.8673
176 752 -0.0831 -0.0785 47.9031
208 752 -0.4476 -0.6152 86.4230
240 752 -0.7300 -0.6934 153.2371
272 752 -0.4121 -0.2585 21.2536
304 752 -0.1844 -0.3306 110.5772
336 752 -0.1345 -0.2881 41.3465
368 752 -0.0564 -0.0421 31.9921
400 752  0.2999  0.0770 129.0545
432 752  0.6853  0.0760 145.2299
464 752  0.7661 -0.1624 70.3778
496 752  1.2660 -0.6745 97.6520
528 752  0.6796 -1.0095 24.9015
560 752  0.2110  0.0527  9.7618
592 752  0.1342  0.1340 10.6845
624 752 -0.0518 -0.0113 10.2583
656 752 -0.0196 -0.0050 21.6055
 16 784  0.0125 -0.0409 55.5547
 48 784  0.0299 -0.0305 111.6049
 80 784  0.0516 -0.0908 318.5143
112 784 -0.0045 -0.1352 235.5726
144 784 -0.0521 -0.3310 226.6018
176 784 -0.0724 -0.0891 311.6722
208 784 -0.1350 -0.3109 99.7917
240 784 -0.0794 -0.4924 196.5024
272 784 -0.1460 -0.4275 14.7387
304 784 -0.0575 -0.4831 62.5821
336 784  0.1245 -0.2894 135.1630
368 784  0.3925 -0.0431 164.4893
400 784  0.4542  0.0252 49.0116
432 784  0.7282  0.0702 45.5765
464 784  1.3571 -0.0315 112.7156
496 784  1.0853 -0.6544 26.5532
528 784  0.0283 -0.0711 17.6520
560 784  0.1949  0.1471 10.1282
592 784  0.0935  0.0939 16.6965
624 784 -0.0699  0.0686 19.8648
656 784  0.0008  0.0439  8.9937
 16 816  0.0104 -0.0202 67.2684
 48 816  0.0128 -0.0266 11.5303
 80 816  0.0497 -0.0370 243.1306
112 816  0.0441 -0.0499 80.3137
144 816  0.0417 -0.0941 147.4959
176 816  0.0842 -0.1547 379.9243
208 816  0.0135 -0.2735 50.9994
240 816 -0.0009 -0.2904 102.9579
272 816 -0.0650 -0.6718 111.4952
304 816  0.0028 -0.0727 16.2902
336 816  0.3114 -0.2874 42.1722
368 816  0.6204 -0.0797 80.8791
400 816  0.1657  0.0158 143.2590
432 816 -0.0522 -0.0152 94.2104
464 816  0.1235  0.0320 56.9063
496 816  0.4245 -0.0642 13.1622
528 816 -0.0142 -0.0631  7.3866
560 816  0.1007  0.0694  7.0937
592 816  0.0627 -0.0062 14.6077
624 816  0.0317 -0.0287 10.7953
656 816  0.0024 -0.0022 12.6132
 16 848  0.0230 -0.0134 22.1643
 48 848  0.0470 -0.0053 224.4018
 80 848 -0.0208 -0.0345 12.6372
112 848  0.1328 -0.0760 156.8464
144 848  0.1696 -0.1029 244.2781
176 848  0.1203 -0.2950 114.0872
208 848  0.1266 -0.4472 63.8821
240 848  0.1528 -0.3310 61.0251
272 848  0.0587 -0.1535 16.1588
304 848  0.6409 -1.0110 120.0683
336 848  0.7863 -0.4528 33.2924
368 848  0.8710 -0.1701 137.1427
400 848  1.0449 -0.1437 61.5684
432 848  1.2470  0.0445 63.0420
464 848  0.8946 -0.1792 28.1390
496 848 -0.0208 -0.0483 20.6193
528 848  0.2747  0.1660  7.1023
560 848  0.0248  0.0175 27.4989
592 848  0.0222 -0.0066 21.7392
624 848  0.0320  0.0232 31.4931
656 848 -0.0020  0.0072 24.3787
 16 880  0.0315 -0.0167 58.0402
 48 880  0.0418 -0.0383 26.3707
 80 880  0.1143  0.0218 182.7221
112 880  0.1098 -0.0896 300.8365
144 880  0.4681 -0.1409 235.5029
176 880  0.1460 -0.2004 244.8622
208 880  0.1057 -0.1491 178.0098
240 880  0.2348 -0.4063 89.2983
272 880  0.0998 -0.0172 13.3061
304 880  0.4929 -0.4009 50.7674
336 880  0.8013 -0.5408 106.9363
368 880  1.0033 -0.1182 159.1777
400 880  1.2458 -0.1338 200.4375
432 880  0.3193 -0.0109 19.1383
464 880  0.3217 -0.0105 39.2908
496 880 -0.0885 -0.0823  5.9674
528 880  0.0862  0.0047  8.4767
560 880 -0.0296 -0.0825 19.2455
592 880 -0.0205 -0.0236 20.9744
624 880  0.0503 -0.0488 16.4280
656 880  0.0723 -0.0390 27.1912
 16 912  0.0938 -0.1274 59.6569
 48 912  0.0307  0.0215 11.3849
 80 912  0.0976 -0.2103 268.3144
112 912  0.1147 -0.0576 49.2221
144 912  0.1624 -0.1426 139.5312
176 912  0.2251 -0.3309 200.3640
208 912  0.0628 -0.0247 18.8707
240 912  0.5091 -0.5431 66.1802
272 912  0.7947 -0.7410 110.5229
304 912  0.6573 -0.8127 55.8859
336 912  1.4089 -0.6021 25.6920
368 912  0.7091 -0.2200 30.6298
400 912  0.7768  0.0884 38.4900
432 912  0.0068  0.0263 17.2421
464 912 -0.0985 -0.0724  9.9998
496 912 -0.0081 -0.0081  4.0675
528 912  0.0274 -0.0313  4.7972
560 912 -0.1323 -0.4411  4.6183
592 912  0.2355 -0.4782  5.4327
624 912  0.0979 -0.2108  9.2525
656 912  0.3490 -0.3006  7.6397
 16 944  0.0419 -0.0045 32.3618
 48 944  0.0400  0.0015 37.5231
 80 944  0.1165 -0.0703 107.0802
112 944  0.2249 -0.1018 64.0197
144 944  0.0986 -0.0302 249.6214
176 944  0.1955 -0.1627 251.5813
208 944  0.3480 -0.1718 245.8079
240 944  0.4053 -0.2054 96.1054
272 944  0.0662 -0.2033 19.3512
304 944  0.2116 -0.3896 81.4938
336 944  0.3109 -0.1817 22.4867
368 944  0.3187 -0.1357 114.1186
400 944 -0.0113 -0.0045 14.2235
432 944 -0.0524 -0.0375 14.9097
464 944 -0.0539  0.0388  6.1914
496 944 -0.0053  0.0310  8.1344
528 944 -0.1169  0.0000  4.0960
624 944  0.0496 -0.1412  4.7218
 16 976  0.0286 -0.0192 40.9251
 48 976  0.0385 -0.0023 20.0598
 80 976  0.0948 -0.1120 76.7029
112 976  0.0061 -0.0162 18.2276
144 976  0.3335 -0.0709 180.9666
176 976  0.0986 -0.1438 75.9514
208 976  0.2197 -0.2037 124.5518
240 976  0.2036 -0.3428 47.9891
272 976  0.0559 -0.2109 122.7127
304 976  0.0670 -0.3473 95.4756
336 976  0.0657 -0.1550 101.6683
368 976 -0.0065 -0.0055 24.0770
400 976 -0.0526 -0.0295 12.6466
432 976  0.0744 -0.0065  9.0349
464 976  0.0206  0.0217 22.8451
496 976 -0.0979 -0.0423 13.1368
528 976 -0.2343  0.1437  4.4401
 16 1008  0.0795 -0.0213 26.9381
 48 1008  0.2546 -0.0305 121.8246
 80 1008  0.0442 -0.0657 32.1938
112 1008  0.0505 -0.1004 141.7037
144 1008  0.2473 -0.0347 214.5854
176 1008  0.1216 -0.1925 182.2747
208 1008  0.2308 -0.1125 74.8626
240 1008  0.1065 -0.3770 61.2224
272 1008  0.1400 -0.1574 31.0290
304 1008  0.2048 -0.4954 50.2224
336 1008 -0.0033 -0.0489 21.8135
368 1008 -0.0032 -0.0104 10.9525
400 1008 -0.0381  0.0233 11.5624
432 1008  0.0120  0.0255 18.3594
464 1008 -0.0108  0.0020 125.8906
496 1008 -0.0099  0.0094 23.5654
528 1008 -0.0895  0.0983 10.4076
560 1008 -0.1779  0.3255  5.8525
 16 1040  0.0580 -0.0224 19.0171
 48 1040  0.1614 -0.0680 120.3171
 80 1040  0.1144 -0.0703 175.5486
112 1040  0.0905 -0.0333 135.7570
144 1040  0.0690 -0.0258 157.5202
176 1040  0.0792 -0.2138 49.0057
208 1040  0.0666 -0.3397 42.4359
240 1040 -0.0484 -0.2610 53.8626
272 1040  0.0281 -0.2003 82.6801
304 1040 -0.0209 -0.2289 157.8952
336 1040 -0.0304 -0.0668 42.0837
368 1040 -0.0001 -0.0017 12.5984
400 1040  0.0092 -0.0017 43.0052
432 1040 -0.0217  0.0220 17.4770
464 1040 -0.0412 -0.0031 97.0234
496 1040 -0.1171  0.2030 13.2050
528 1040 -0.0765  0.0257  7.6495
560 1040 -0.0648 -0.0486 12.2593
592 1040 -0.2095  0.0098  6.1604
 16 1072  0.0403 -0.0513 35.3303
 48 1072  0.0718 -0.0340 61.0901
 80 1072  0.2242 -0.0356 47.6336
112 1072  0.0274 -0.0086 48.9067
144 1072  0.0456 -0.0551 88.5538
176 1072  0.0957 -0.0894 125.3332
208 1072  0.0462 -0.0384 18.0017
240 1072  0.0614 -0.2720 88.6034
272 1072  0.0077 -0.1820 19.6219
304 1072  0.0217 -0.2040 110.4718
336 1072 -0.0284 -0.0910 163.4316
368 1072 -0.0398 -0.0498 47.7479
400 1072 -0.0148 -0.0240 145.6093
432 1072 -0.0227 -0.0384 252.4627
464 1072 -0.0098 -0.0064 41.4398
496 1072 -0.0686  0.0559 23.7716
528 1072 -0.0053  0.2547 10.8684
560 1072 -0.0874  0.0937  9.8213
592 1072  0.0220  0.1194 11.0308
624 1072 -0.1181  0.2612  6.2737
656 1072  0.0347  0.3483  6.2046
 16 1104  0.0139 -0.0459 53.9360
 48 1104  0.0132 -0.0305 30.9759
 80 1104  0.0588 -0.1239 106.8088
112 1104  0.0751 -0.0443 216.6938
144 1104  0.0804 -0.0699 42.0186
176 1104  0.0352 -0.1345 266.9485
208 1104  0.0384 -0.0853 46.9725
240 1104  0.0485 -0.1821 140.6186
272 1104  0.0206 -0.1066 79.6140
304 1104  0.0184 -0.2512 104.7469
336 1104 -0.0105 -0.0866 285.3044
368 1104 -0.0104 -0.0886 126.0538
400 1104 -0.0121 -0.0384 157.3574
432 1104  0.0258 -0.0183 42.7398
464 1104  0.0094 -0.0134 30.7335
496 1104  0.0095 -0.0203 14.8107
528 1104 -0.0205  0.0240 23.5141
560 1104  0.0384  0.0724 13.4027
592 1104  0.0208  0.0555 12.5599
624 1104  0.0381  0.0138 13.2758
656 1104  0.0224  0.0028 11.6244
 16 1136  0.0625  0.0088 18.0010
 48 1136  0.0262 -0.0724 31.3796
 80 1136  0.0429  0.0419 216.5322
112 1136  0.0394 -0.0381 136.2108
144 1136  0.0537 -0.0326 93.7812
176 1136  0.0516 -0.0276 339.4751
208 1136  0.0292 -0.1514 101.3169
240 1136  0.0347 -0.1351 202.1567
272 1136  0.0159 -0.1401 69.7788
304 1136  0.0222 -0.0762 149.2706
336 1136  0.0112 -0.0332 279.4368
368 1136  0.0096 -0.0570 185.2296
400 1136  0.0265 -0.0608 126.1658
432 1136  0.0090 -0.0375 96.0339
464 1136  0.0318 -0.0162 30.9303
496 1136 -0.0471  0.0019 23.4653
528 1136  0.0035 -0.0133 16.1555
560 1136 -0.0487  0.1480 11.3130
592 1136  0.3313  0.0074 12.1987
624 1136  0.0041 -0.0090 14.4638
656 1136  0.0045  0.0093 17.6086
 16 1168  0.0315 -0.0078 18.0344
 48 1168 -0.0047 -0.0016 19.2444
 80 1168  0.1143 -0.0493 31.3559
112 1168  0.0187 -0.1264 37.5672
144 1168  0.0397 -0.0521 120.0273
176 1168  0.0343 -0.0267 294.6343
208 1168  0.0362 -0.1637 272.9038
240 1168  0.0239 -0.0685 251.3829
272 1168  0.0004 -0.1088 31.2453
304 1168  0.0153 -0.1246 57.4149
336 1168  0.0291 -0.0457 207.0588
368 1168  0.0072 -0.0574 183.0917
400 1168  0.0171 -0.0328 185.8798
432 1168  0.0181 -0.0321 44.4314
464 1168  0.0180 -0.0907 221.4359
496 1168 -0.0147 -0.0293 15.4814
528 1168  0.0072 -0.0069 16.0983
560 1168 -0.0346  0.0175 19.4251
592 1168 -0.0746  0.0183 13.7701
624 1168  0.0025  0.0285 11.1753
656 1168  0.0156  0.0227 12.4454
 16 1200  0.0124 -0.0215 12.8422
 48 1200  0.0381 -0.0072 17.5421
 80 1200 -0.0231 -0.0170 21.9240
112 1200  0.0040  0.0047 22.7228
144 1200  0.0377 -0.0298 92.6995
176 1200  0.0667 -0.1155 175.5517
208 1200  0.0260 -0.1525 126.2234
240 1200  0.0343 -0.0687 253.2065
272 1200  0.0192 -0.0210 221.3165
304 1200  0.0206 -0.0660 131.1911
336 1200  0.0761 -0.0941 176.8417
368 1200  0.0242 -0.0656 159.8362
400 1200  0.0549 -0.1054 231.1293
432 1200  0.0421 -0.0392 96.3949
464 1200  0.0368 -0.0220 20.3370
496 1200  0.0027 -0.0236 18.9501
528 1200 -0.0016 -0.0096 14.9375
560 1200  0.0364 -0.0185 13.6220
592 1200 -0.0351 -0.0060 19.5502
624 1200  0.0085  0.0514 50.7067
656 1200 -0.0228 -0.0906 38.9259
  0   0 -0.0201 -0.0973  0.0000
  0   0 -0.0163 -0.0832  0.0000
  0   0 -0.0209 -0.0696  0.0000
  0   0 -0.0429  0.0337  0.0000
  0   0 -0.0542  0.1125  0.0000
  0   0 -0.0964  0.1510  0.0000
  0   0 -0.1137  0.1398  0.0000
  0   0 -0.0412  0.1175  0.0000
  0   0  0.0115  0.0859  0.0000
  0   0  0.0339  0.0357  0.0000
  0   0  0.0416  0.0127  0.0000
  0   0 -0.0143 -0.0140  0.0000
