VARIABLES= "X pix", "Y pix", "U pix/dt", "V pix/dt", "CHC", ZONE I=21, J=30
 16 272 -0.0743 -0.0924 36.7781
 48 272 -0.0320 -0.1120 36.3414
 80 272 -0.1468 -0.3285 212.5573
112 272 -0.0448 -0.0965 295.4609
144 272 -0.0541 -0.0940 32.8324
176 272 -0.0202 -0.1576 134.6501
208 272  0.0419 -0.1245 337.4898
240 272 -0.0088 -0.0607 125.3677
272 272  0.0179 -0.0716 116.0614
304 272  0.0117 -0.0629 266.8199
336 272  0.0356 -0.0098 127.6527
368 272  0.0241  0.0101 212.2738
400 272  0.0432  0.0085 281.0493
432 272  0.0724  0.0166 124.8420
464 272  0.0877  0.0142 176.0571
496 272  0.0680  0.0805 129.0127
528 272  0.1171 -0.0556 202.2545
560 272  0.0405  0.0275 33.5021
592 272  0.0806  0.0251 187.7952
624 272  0.0760  0.0260 142.6281
656 272  0.0666 -0.0245 145.0446
 16 304 -0.0579 -0.2429 232.7599
 48 304 -0.0592 -0.1410 111.2156
 80 304 -0.1518 -0.2013 163.7880
112 304 -0.0288 -0.1703 47.3544
144 304 -0.0319 -0.1398 201.5464
176 304 -0.0460 -0.2134 61.7332
208 304 -0.0871 -0.1038 246.3934
240 304 -0.0230 -0.0707 262.4505
272 304  0.0423 -0.0534 45.2267
304 304  0.0287 -0.0304 224.7726
336 304  0.0423 -0.0099 185.4321
368 304  0.0449 -0.0404 216.2740
400 304  0.0401 -0.0096 29.4381
432 304  0.0800  0.0383 76.3706
464 304  0.0665  0.0243 166.9252
496 304  0.1129  0.0350 159.2212
528 304  0.0447  0.0279 127.4189
560 304  0.1052 -0.0096 204.0623
592 304  0.0882 -0.0566 163.5822
624 304  0.1120  0.0051 164.9304
656 304  0.0721  0.0217 128.3867
 16 336 -0.2812 -0.1819 172.6598
 48 336  0.0833 -0.2821 27.8020
 80 336 -0.0921 -0.2600 110.3557
112 336 -0.0486 -0.2734 234.1713
144 336 -0.1262 -0.1993 285.0165
176 336 -0.0784 -0.1586 273.8488
208 336 -0.0688 -0.1064 325.8043
240 336 -0.0219 -0.0990 169.0957
272 336  0.0335 -0.0772 35.9844
304 336  0.0050 -0.0771 390.7185
336 336  0.0360 -0.0576 119.4460
368 336  0.0403 -0.0189 160.5714
400 336  0.0306 -0.0058 37.2924
432 336  0.0710  0.0190 135.6571
464 336  0.0785  0.0338 91.0860
496 336  0.0504  0.0832 269.7695
528 336  0.0527  0.0343 116.1208
560 336  0.0963  0.0335 114.1641
592 336  0.0966  0.0023 258.1530
624 336  0.0645  0.0132 102.1203
656 336  0.0839 -0.0117 126.1188
 16 368 -0.2858 -0.1448 80.5195
 48 368 -0.0712 -0.5339 159.8508
 80 368 -0.1648 -0.3255 161.7444
112 368 -0.1001 -0.3407 53.6480
144 368 -0.1326 -0.1943 112.8882
176 368 -0.0814 -0.1192 79.3556
208 368 -0.0878 -0.1401 162.9628
240 368 -0.1893 -0.0618 45.7258
272 368 -0.0114 -0.2193 146.2855
304 368 -0.0127 -0.0735 226.2816
336 368  0.0364 -0.0432 59.9216
368 368  0.0425 -0.0757 290.4435
400 368  0.0783  0.1047 149.5471
432 368  0.0487  0.0106 170.3733
464 368  0.1117  0.0112 94.5496
496 368  0.1119  0.0300 196.8194
528 368  0.1030  0.0196 166.2073
560 368  0.0626  0.0305 207.8312
592 368  0.1518  0.0504 154.7365
624 368  0.0613  0.0246 151.8313
656 368  0.0351  0.0121 128.4283
 16 400 -0.1565 -0.1148 113.0344
 48 400 -0.1132 -0.1913 15.4936
 80 400 -0.2152 -0.3122 187.3583
112 400 -0.3063 -0.2157 73.3483
144 400 -0.1288 -0.2252 27.5219
176 400 -0.3761 -0.3397 80.0938
208 400 -0.1924 -0.1901 107.1529
240 400 -0.1607 -0.1575 142.1319
272 400 -0.0638 -0.1751 281.2888
304 400 -0.0084 -0.1067 192.4109
336 400  0.0068 -0.0479 192.7670
368 400  0.0453 -0.0543 166.4740
400 400  0.0552 -0.0646 89.4524
432 400  0.0992 -0.0262 224.0358
464 400  0.1124  0.0338 220.8536
496 400  0.0963  0.0161 101.6197
528 400  0.0775  0.0040 131.0463
560 400  0.0924  0.0678 174.8375
592 400  0.0814  0.0275 153.6202
624 400  0.0798  0.0361 124.4065
656 400  0.0233  0.0006 136.4162
 16 432 -0.4167 -0.1620 60.4314
 48 432 -0.2016 -0.2490 125.4115
 80 432 -0.3547 -0.3407 244.8814
112 432 -0.3109 -0.2202 58.2727
144 432 -0.4682 -0.4693 244.1877
176 432 -0.1140 -0.3738 164.0051
208 432 -0.1302 -0.5581 37.3676
240 432 -0.1135 -0.3804 262.3126
272 432 -0.1018 -0.0620 132.8859
304 432 -0.1083 -0.1930 205.1880
336 432 -0.0356 -0.1763 290.3584
368 432  0.0156 -0.1129 173.0505
400 432  0.0764 -0.0352 225.3030
432 432  0.1098 -0.0217 123.9657
464 432  0.1241  0.0167 69.4752
496 432  0.0451 -0.0014 116.7217
528 432  0.0771  0.0703 45.9029
560 432  0.1005  0.0381 153.3324
592 432  0.1031  0.0523 145.5760
624 432  0.1132  0.0406 78.4091
656 432  0.0852  0.0764 169.7343
 16 464 -0.0940 -0.2905 35.1254
 48 464 -0.6561 -0.5482 71.9726
 80 464 -0.2239 -0.8375 149.2355
112 464 -1.3858 -0.4518 174.2349
144 464 -0.1021 -0.1428 14.4788
176 464 -0.2665 -0.5774 89.4285
208 464 -0.2576 -0.5338 54.8483
240 464 -0.1454 -0.4701 179.9959
272 464 -0.1703 -0.3242 220.4364
304 464 -0.0386 -0.2310 52.5480
336 464 -0.0661 -0.1815 119.2304
368 464  0.0300 -0.1082 184.5572
400 464  0.0584 -0.0809 76.5592
432 464  0.0831 -0.0647 65.4193
464 464  0.0834 -0.0295 97.7749
496 464  0.0667  0.0162 38.6759
528 464  0.1279  0.0141 145.1877
560 464  0.1358  0.0475 133.2754
592 464  0.0781  0.0931 93.3584
624 464  0.0827  0.0627 148.6146
656 464  0.0823  0.0232 191.6982
 16 496 -0.1712 -0.4248 146.3770
 48 496 -0.7755 -0.1462 146.2775
 80 496 -0.3313 -0.3021 125.6254
112 496 -0.1988 -0.0814 52.0685
144 496 -0.5244 -0.6238 151.4449
176 496 -0.3475 -0.6771 168.3501
208 496 -0.2215 -0.4161 123.9211
240 496 -0.0588 -0.1244 15.1572
272 496 -0.1137 -0.3991 80.9553
304 496 -0.0740 -0.1516 25.2611
336 496 -0.0444 -0.1898 89.6605
368 496  0.0089 -0.1449 64.8724
400 496  0.0643 -0.1173 79.7051
432 496  0.1022 -0.1070 229.1410
464 496  0.1011 -0.0505 179.9644
496 496  0.1332  0.0584 262.0254
528 496  0.2466  0.0021 127.3863
560 496  0.1209  0.0458 54.7465
592 496  0.2021  0.0565 59.4355
624 496  0.0864  0.0633 70.0812
656 496  0.0897  0.0566 103.4834
 16 528 -0.2338 -0.3180 136.3426
 48 528 -0.3239 -0.4880 130.3909
 80 528 -0.6546 -0.4684 37.5284
112 528 -0.4576 -0.5483 42.2647
144 528 -0.4462 -0.2896 23.1688
176 528 -0.8223 -0.9063 77.6721
208 528 -0.2373 -0.3921 176.2611
240 528 -0.5359 -0.9019 80.8046
272 528 -0.1520 -0.5083 25.7836
304 528 -0.2021 -0.8762 193.4012
336 528 -0.0559 -0.2735 239.1847
368 528  0.0104 -0.4498 219.3346
400 528  0.0529 -0.3748 111.1558
432 528  0.1275 -0.0714 230.5674
464 528  0.1522 -0.0925 243.4864
496 528  0.0618 -0.0629 112.8246
528 528  0.0727  0.0388 31.0930
560 528  0.1065  0.0397 160.1064
592 528  0.1791  0.1052 57.0289
624 528  0.0612  0.0409 34.8666
656 528  0.0751  0.0346 162.8345
 16 560 -0.2262 -0.1887 25.6692
 48 560 -0.1596 -0.1080 26.4409
 80 560 -0.8483 -0.7414 144.3103
112 560 -0.8960 -0.7835 53.5102
144 560 -0.9644 -0.9239 46.7961
176 560 -0.5357 -0.7097 211.9922
208 560 -0.3314 -0.7167 100.6463
240 560 -0.3666 -0.7640 115.8709
272 560 -0.3225 -0.3324 41.2316
304 560 -0.1006 -0.3435 23.9353
336 560 -0.0594 -0.3815 260.2333
368 560 -0.0067 -0.4514 80.7521
400 560  0.1986 -0.1615 155.6575
432 560  0.2274 -0.0978 181.8310
464 560  0.1469 -0.0453 76.9937
496 560  0.2027 -0.0049 58.7365
528 560  0.2215  0.0494 154.2670
560 560  0.2092  0.1339 81.2400
592 560  0.1262  0.1187 73.2326
624 560  0.1231  0.0984 115.3079
656 560  0.0740  0.0200 76.0167
 16 592 -0.1901 -0.5322 70.5536
 48 592 -0.1703 -0.3939 102.5095
 80 592 -0.4100 -0.2457 155.2172
112 592 -0.3633 -0.5549 42.6341
144 592 -0.8645 -0.7763 95.6896
176 592 -0.5093 -1.1032 106.8410
208 592 -0.4313 -0.5067 13.9732
240 592 -0.4749 -0.8786 190.6776
272 592 -0.5543 -1.0542 66.9177
304 592 -0.3665 -0.8340 200.2671
336 592 -0.0478 -0.4935 146.9282
368 592 -0.0017 -0.3450 78.8487
400 592  0.0417 -0.6371 292.2436
432 592  0.0019 -0.1890 62.9973
464 592  0.1503 -0.0886 164.3580
496 592  0.1263 -0.0270 131.7601
528 592  0.1870  0.0701 63.2291
560 592  0.1448  0.0661 235.0343
592 592  0.1718  0.0877 50.4081
624 592  0.1184  0.0489 153.0308
656 592  0.1732  0.1277 194.1206
 16 624 -0.1134 -0.0868 27.1605
 48 624 -0.6348 -0.2003 148.8948
 80 624 -0.7638 -0.8481 73.0412
112 624 -1.0646 -0.9029 63.1481
144 624 -0.8083 -0.4948 72.3559
176 624 -0.8363 -0.9279 148.5610
208 624 -0.8448 -1.1059 113.9118
240 624 -0.9993 -1.2371 109.8852
272 624 -0.7173 -1.2719 46.5921
304 624 -0.2413 -0.8063 32.7210
336 624 -0.6711 -1.0075 83.9555
368 624 -0.1211 -0.5079 136.7450
400 624  0.0108 -0.5533 69.1336
432 624  0.0257 -0.1614 43.6509
464 624  0.0697 -0.1839 199.5035
496 624  0.1704 -0.0119 137.0034
528 624  0.1611  0.0470 116.1919
560 624  0.1932  0.0753 167.7736
592 624  0.1659  0.1186 150.3348
624 624  0.1090  0.0518 80.1796
656 624  0.0214  0.1423 145.2359
 16 656 -0.1517 -0.1321 55.9371
 48 656 -0.3837 -0.1365 189.3711
 80 656 -0.2018 -0.2535 134.1172
112 656 -0.6675 -0.6267 168.3802
144 656 -0.8943 -0.6853 292.5856
176 656 -0.9482 -0.6855 195.3212
208 656 -1.0624 -1.1191 99.2750
240 656 -0.7655 -1.4064 54.1561
272 656 -1.0713 -1.0947 105.1549
304 656 -0.8854 -1.0244 56.5718
336 656 -1.0494 -0.9445 30.2836
368 656 -1.0588 -1.0381 67.9639
400 656 -0.6647 -0.8524 149.6515
432 656 -0.0351 -0.2926 14.5163
464 656 -0.1605 -0.3524 249.9344
496 656 -0.0074 -0.0483 76.7844
528 656  0.0992  0.0459 166.7920
560 656  0.1020  0.0572 244.2672
592 656  0.1433  0.1672 81.4132
624 656  0.1152  0.0955 222.5737
656 656  0.0728  0.0999 101.4483
 16 688 -0.0421 -0.0385 24.0219
 48 688 -0.1285 -0.3285 164.1736
 80 688 -0.2385 -0.1544 201.2340
112 688 -0.2440 -0.1546 80.7792
144 688 -0.4716 -0.3521 23.8632
176 688 -1.0633 -0.8489 50.7803
208 688 -1.1763 -0.9258 44.4085
240 688 -1.0779 -1.2115 83.2216
272 688 -1.4716 -1.1289 20.5559
304 688 -1.2601 -1.0262 50.2105
336 688 -1.7213 -1.0710 88.0133
368 688 -1.4941 -0.9002 12.5044
400 688 -1.5779 -1.4629 57.3788
432 688 -1.4583 -0.9680 48.2954
464 688 -0.2012 -0.4249 144.2178
496 688 -0.1658 -0.3433 124.0342
528 688 -0.0519 -0.0386 82.4998
560 688 -0.0069  0.0630 108.6147
592 688  0.1815  0.2031 139.6930
624 688  0.2587  0.1056 173.0896
656 688  0.2978  0.1249 85.7869
 16 720 -0.0653 -0.1020 74.1388
 48 720 -0.1444 -0.0262 35.6259
 80 720 -0.1221 -0.1359 285.8140
112 720 -0.2394 -0.2491 124.7573
144 720 -0.3267  0.0020 59.8425
176 720 -0.9978 -0.6888 28.0164
208 720 -1.1674 -1.2097 189.6042
240 720 -1.1149 -1.0999 100.0834
272 720 -1.2479 -1.0735 59.1950
304 720 -1.1745 -1.0717 58.6211
336 720 -1.5452 -1.1514 111.3684
368 720 -1.3062 -0.6050 138.0434
400 720 -0.6882 -0.4195 20.1761
432 720 -0.5674 -0.4796 17.2851
464 720 -0.9310 -0.8973 67.1537
496 720 -0.9985 -0.6247 91.9770
528 720 -0.2204 -0.1744 173.2807
560 720 -0.0637 -0.0848 93.2241
592 720  0.0984  0.1467 168.5936
624 720  0.1355  0.1584 36.3686
656 720  0.2528  0.1211 114.3479
 16 752 -0.0084 -0.0655 46.7303
 48 752 -0.0155 -0.2867 239.4702
 80 752 -0.0947 -0.0899 197.9743
112 752 -0.1114 -0.0854 215.8966
144 752 -0.4471 -0.1534 83.0143
176 752 -0.3333 -0.4371 109.0227
208 752 -0.5828 -1.0569 109.0561
240 752 -1.1814 -1.1715 148.2993
272 752 -1.0705 -1.1846 106.7769
304 752 -1.0508 -0.9653 26.5282
336 752 -0.8904 -0.1144 139.4048
368 752 -0.9625 -0.3009 14.3090
400 752 -1.9749 -0.2268 37.9491
432 752 -1.4661 -0.3817 67.9363
464 752 -1.5653 -1.1896 132.1057
496 752 -0.7231 -0.8782 95.6133
528 752 -0.8584 -0.8921 74.9539
560 752 -0.4224 -0.2925 102.6932
592 752  0.0041  0.0107 222.2516
624 752  0.0580  0.0857 95.5979
656 752  0.0514  0.0990 22.2225
 16 784 -0.0340 -0.2839 81.2871
 48 784  0.1241  0.0199 26.4869
 80 784 -0.0616 -0.0864 66.4118
112 784 -0.1111 -0.0784 201.6520
144 784 -0.0363 -0.0295 29.0718
176 784 -0.4416 -0.0957 63.8995
208 784 -0.4824 -0.2717 121.1151
240 784 -1.1011 -1.2147 50.9491
272 784 -0.0525 -0.0404 13.4155
304 784 -0.9053 -0.6464 26.0426
336 784 -0.2185  0.4012 95.6697
368 784  0.1020 -0.0970 44.7911
400 784  1.3722 -0.1611 11.6849
432 784  0.4747 -0.1759 12.5354
464 784  0.3058 -0.3024 20.2586
496 784 -0.1991 -0.0325 28.9763
528 784 -0.6135 -0.5879 92.9681
560 784 -0.3877 -0.4455 113.5036
592 784 -0.2167 -0.1107 68.3152
624 784 -0.0278  0.0964 34.1220
656 784  0.0683  0.1688 53.0809
 16 816  0.0410 -0.0129 61.0959
 48 816  0.0660 -0.0401 62.1085
 80 816  0.0184 -0.0340 108.6746
112 816 -0.0106 -0.0628 236.7032
144 816 -0.0636 -0.0362 260.4448
176 816 -0.5310 -0.1636 42.7416
208 816 -0.0840 -0.3106 50.7457
240 816 -0.4864 -0.8667 27.9850
272 816 -0.6115 -1.3675 29.5689
304 816 -0.0733 -0.9600 111.8894
336 816  0.5634  0.3306 35.1178
368 816  0.2577  0.1703 20.3759
400 816  0.1169  0.0164  4.0635
496 816  0.1938 -0.3270  5.4788
528 816  0.1661 -0.2892 55.3146
560 816 -0.1187 -0.1726 95.4272
592 816 -0.2054 -0.0467 84.8554
624 816  0.0035  0.0453 25.0799
656 816  0.0713  0.0848 35.8084
 16 848  0.0646  0.0027 62.4210
 48 848  0.0523 -0.0278 25.5276
 80 848  0.0317 -0.0012 65.0213
112 848  0.0165 -0.0520 105.0828
144 848 -0.0229  0.0105 62.3080
176 848 -0.0645 -0.0405 41.0842
208 848 -0.1497 -0.1022 149.7041
240 848 -0.1393 -1.0534 93.8926
272 848 -0.0319 -1.1265 209.2703
304 848 -0.0666 -2.0133 171.6991
336 848  0.2115 -0.1064  9.0821
368 848  0.1811  0.4170 11.8464
432 848  0.0138 -0.2877  4.6074
496 848  0.1097 -0.0599  4.1497
528 848  0.0839 -0.1177 19.1862
560 848 -0.0571 -0.0014 57.6362
592 848 -0.0090  0.0192 79.0427
624 848 -0.0078  0.0888 94.6749
656 848  0.0469  0.0769 53.1275
 16 880  0.0663 -0.0044 21.5560
 48 880  0.0828 -0.0078 101.5323
 80 880  0.1220 -0.0088 69.9314
112 880  0.0741 -0.0084 149.3063
144 880  0.3072  0.0474 41.0376
176 880  0.1120 -0.0078 301.7991
208 880  0.0184 -0.0673 39.6362
240 880 -0.0926 -0.6423 137.9120
272 880 -0.2114 -1.1619 81.2340
304 880  0.0009 -0.2276 11.1440
336 880 -0.2844  0.4296 22.3760
368 880  0.0150  0.2775  4.7793
400 880 -0.1205  0.1603  4.8302
432 880 -0.0119  0.1110  6.6603
464 880  0.2333 -0.0412  4.6794
528 880  0.0028  0.0099 14.5260
560 880 -0.0124  0.0891 41.8096
592 880  0.0025  0.0771 62.1128
624 880  0.0406  0.1392 112.0825
656 880 -0.0095  0.1503 31.5601
 16 912  0.1174 -0.0152 48.8614
 48 912  0.0913  0.0003 15.4580
 80 912  0.1595 -0.0184 102.2304
112 912  0.2306 -0.0185 66.6219
144 912  0.1221 -0.0531 363.0379
176 912  0.0524 -0.0300 206.1944
208 912  0.0730 -0.0407 39.9630
240 912  0.1155 -0.6356 172.9654
272 912  0.0181 -0.3337 214.8128
304 912 -0.6994 -1.9561 21.9727
336 912 -0.2262  1.2689 29.0463
368 912 -0.2221  0.2583  4.3341
432 912  0.0268  0.1984  4.2939
464 912  0.0283  0.0525  4.1207
528 912 -0.0100  0.0100  4.5049
560 912 -0.1227  0.4465  6.2715
592 912 -0.0652  0.1563 10.9642
624 912 -0.1837  0.1367 14.0769
656 912 -0.0272  0.0440 28.0067
 16 944  0.0415 -0.0172 23.9255
 48 944  0.1200 -0.0201 23.6341
 80 944  0.6844  0.0208 107.0744
112 944  0.2359 -0.0117 181.0069
144 944  0.0979 -0.0166 281.3700
176 944  0.1241 -0.0993 309.9650
208 944  0.2361 -0.0762 232.4106
240 944  0.0908 -0.4797 71.6514
272 944  0.0199 -0.1775 142.6605
304 944 -0.1580 -1.1311 66.7569
336 944 -0.1594 -0.7410 16.1138
368 944 -0.4922  0.4018 21.7876
400 944 -0.1237  0.1887  4.5585
432 944  0.0339  0.0946  4.0835
464 944  0.0193  0.0310  5.3684
496 944 -0.0042 -0.0294 10.1761
528 944  0.0261 -0.0319  4.9442
624 944 -0.2378  0.0504  8.3863
656 944  0.0010  0.0614 15.8976
 16 976  0.2018  0.0071 21.5027
 48 976  0.1720 -0.0117 38.3834
 80 976  0.1113  0.0061 14.0420
112 976  0.0751 -0.0313 231.5868
144 976  0.3035  0.0265 283.1450
176 976  0.1420 -0.0615 71.4453
208 976  0.1466 -0.0175 58.0060
240 976  0.1396 -0.3569 65.2885
272 976  0.1652 -0.2952 49.0638
304 976  0.0390 -0.7888 48.3712
336 976 -0.0196 -0.0857 16.3376
368 976 -0.1310 -0.2535 27.4603
400 976 -0.1945  0.2389 68.2115
432 976  0.4148  0.2034 29.2668
464 976  0.0589 -0.0105 16.6379
496 976  0.2257 -0.3342 16.4085
528 976  0.0402 -0.0343 25.0797
560 976  0.2083 -0.0413  6.0198
624 976 -0.1170  0.2133  4.3796
656 976 -0.1331  0.3363  7.5670
 16 1008  0.0933 -0.0178 27.5231
 48 1008  0.1898 -0.0321 61.6720
 80 1008  0.2501 -0.0606 78.7562
112 1008  0.3848 -0.0320 33.5844
144 1008  0.3533 -0.0321 161.5081
176 1008  0.0943  0.0145 293.4533
208 1008  0.1776 -0.0989 158.9546
240 1008  0.3145 -0.1854 49.8010
272 1008  0.1514 -0.1822 40.7956
304 1008 -0.0017 -0.6600 198.2684
336 1008  0.0862 -0.3557 61.6874
368 1008  0.1631 -0.2541 64.5506
400 1008  0.0185 -0.0856 18.3586
432 1008  0.0956 -0.0746 12.6599
464 1008  0.1038 -0.0682 14.1441
496 1008  0.0227 -0.0311 19.4173
528 1008  0.0341 -0.3451 10.8775
560 1008  0.2134 -0.1470 11.0861
592 1008  0.0939 -0.0830  4.1499
 16 1040  0.3018 -0.0205 204.5485
 48 1040  0.2900  0.0011 26.1363
 80 1040  0.2593  0.0032 235.0513
112 1040  0.1469 -0.0030 154.1029
144 1040  0.2345 -0.0488 56.4364
176 1040  0.3476 -0.0556 126.6301
208 1040  0.1977 -0.0574 389.4680
240 1040  0.1561 -0.1740 91.8877
272 1040  0.2935 -0.1028 162.6776
304 1040  0.7172 -0.2171 100.8806
336 1040  0.0716 -0.1746 57.5883
368 1040  0.1928 -0.2775 26.9467
400 1040  0.0561 -0.0789 15.9135
432 1040  0.0444 -0.1000 18.3318
464 1040  0.0412 -0.0039 16.0137
496 1040  0.1274 -0.1475 16.1652
528 1040  0.0765 -0.0195 17.3870
560 1040  0.0305 -0.1319 10.6799
592 1040  0.3861 -0.0646  4.9906
624 1040 -0.2466 -0.1749  4.4011
656 1040 -0.0234 -0.1398  8.5820
 16 1072  0.1006 -0.0113 49.6821
 48 1072  0.4395 -0.0561 73.6487
 80 1072  0.2449 -0.0064 298.9250
112 1072  0.1706 -0.0239 143.3678
144 1072  0.1134 -0.0564 73.2127
176 1072  0.1825 -0.0666 40.1001
208 1072  0.0815 -0.0129 99.3081
240 1072  0.2248 -0.2017 35.6426
272 1072  0.1133 -0.1305 180.4153
304 1072  0.2131 -0.2817 132.8119
336 1072  0.2170 -0.2288 104.3364
368 1072  0.4417 -0.3429 87.0131
400 1072  0.0676  0.0000 13.9424
432 1072  0.0960 -0.1116 13.3341
464 1072  0.1555 -0.1595 39.4009
496 1072  0.0882 -0.0426 15.6794
528 1072  0.2968 -0.5446 34.6682
560 1072  0.0137 -0.0282 15.7248
592 1072  0.0595 -0.0226 18.7467
624 1072 -0.2338 -0.1043 15.0519
656 1072  0.0245 -0.0663 23.2048
 16 1104  0.0972 -0.0100 59.2200
 48 1104  0.1750 -0.0190 101.1308
 80 1104  0.0717  0.0212 41.7907
112 1104  0.1082 -0.0075 183.9277
144 1104  0.0558 -0.0080 132.8013
176 1104  0.1643 -0.0890 56.2623
208 1104  0.2322 -0.0487 22.7390
240 1104  0.2816 -0.1129 113.4424
272 1104  0.0805 -0.1512 192.6670
304 1104  0.2881 -0.1539 89.2609
336 1104  0.1854 -0.4967 195.2804
368 1104  0.1495 -0.1040 157.6105
400 1104  0.1084 -0.1447 26.3444
432 1104  0.0480 -0.0561 19.8509
464 1104  0.0577 -0.1943 35.3325
496 1104  0.1033 -0.0164 15.0189
528 1104  0.0658 -0.0859 16.3207
560 1104  0.0081 -0.0092 15.3337
592 1104  0.0801 -0.0286 14.9100
624 1104 -0.0131 -0.1660 11.8656
656 1104  0.0075 -0.0435 18.3130
 16 1136  0.0541  0.0128 23.8591
 48 1136  0.2756 -0.0728 31.5137
 80 1136  0.3056 -0.0134 130.5723
112 1136  0.1357  0.0032 84.4568
144 1136  0.1368 -0.0523 226.7961
176 1136  0.1360 -0.0764 277.8339
208 1136  0.1119 -0.0285 107.1474
240 1136  0.1157 -0.1701 130.3295
272 1136  0.2519 -0.1244 70.4716
304 1136  0.1469 -0.0888 128.1389
336 1136  0.3882 -0.2794 59.0159
368 1136  0.1843 -0.2219 152.4629
400 1136  0.1749 -0.0369 15.4828
432 1136 -0.0187 -0.0085 15.6051
464 1136 -0.0088 -0.0120 21.0321
496 1136  0.0176 -0.1337 34.0968
528 1136 -0.0189 -0.0415 16.9612
560 1136  0.0391 -0.0284 16.8288
592 1136 -0.0019 -0.0581 10.8510
624 1136  0.0276 -0.0280 30.2796
656 1136 -0.0949 -0.0234 30.7162
 16 1168  0.0368 -0.0024 12.6832
 48 1168  0.0673 -0.0123 15.5408
 80 1168  0.2584 -0.0095 42.8634
112 1168  0.2887 -0.0761 63.2501
144 1168  0.1559 -0.0382 106.5107
176 1168  0.1040 -0.0487 208.3296
208 1168  0.1060 -0.0778 290.2760
240 1168  0.0692 -0.0813 34.7264
272 1168  0.1552 -0.0759 177.9460
304 1168  0.1380 -0.1762 66.8361
336 1168  0.2052 -0.3060 136.1230
368 1168  0.2990 -0.0777 90.6952
400 1168 -0.0039 -0.0623 26.3827
432 1168  0.1359 -0.1693 23.2016
464 1168  0.0543 -0.0275 20.6600
496 1168 -0.0203 -0.0114 15.9452
528 1168  0.0211 -0.0041 15.3480
560 1168  0.0165 -0.0188 13.5857
592 1168 -0.0255 -0.0140 13.0660
624 1168  0.0311  0.0170 12.7128
656 1168 -0.0105  0.0088 17.1030
 16 1200  0.2051 -0.0268 170.3920
 48 1200  0.0398 -0.0082 34.8023
 80 1200  0.0102 -0.0081 12.5785
112 1200  0.0239 -0.0212 295.1927
144 1200  0.1214 -0.0348 45.0631
176 1200  0.1880 -0.0659 97.1660
208 1200  0.1083 -0.0470 206.3365
240 1200  0.2850 -0.0987 70.6713
272 1200  0.1799 -0.1510 55.0012
304 1200  0.6281 -0.0740 88.5283
336 1200  0.2095 -0.4022 139.1136
368 1200  0.1379 -0.3475 42.0891
400 1200  0.4065 -0.1505 183.7756
432 1200  0.0223 -0.0079 18.1917
464 1200  0.1117 -0.1125 23.0865
496 1200  0.0150  0.0035 17.3709
528 1200 -0.0016 -0.0110 14.6842
560 1200  0.0076 -0.0196 12.2125
592 1200 -0.0047 -0.0077 16.5820
624 1200 -0.0038 -0.0889 40.1703
656 1200 -0.0475 -0.0575 42.6180
  0   0 -0.1122 -0.1072  0.0000
  0   0 -0.0133 -0.1635  0.0000
  0   0 -0.0397 -0.0501  0.0000
  0   0 -0.1109  0.0378  0.0000
  0   0 -0.1410  0.1021  0.0000
  0   0 -0.2019  0.1215  0.0000
  0   0 -0.2517  0.1562  0.0000
  0   0 -0.2287  0.2126  0.0000
  0   0 -0.1156  0.1755  0.0000
  0   0  0.1055  0.0691  0.0000
  0   0  0.1060  0.0096  0.0000
  0   0  0.0678 -0.0271  0.0000
