VARIABLES= "X pix", "Y pix", "U pix/dt", "V pix/dt", "CHC", ZONE I=21, J=30
 16 272 -0.1042 -0.0245 17.7525
 48 272 -0.1038 -0.0920 77.7616
 80 272 -0.1363 -0.1351 71.1909
112 272 -0.0700 -0.0587 169.1829
144 272 -0.2515 -0.0579 140.4748
176 272 -0.2080 -0.1022 202.4450
208 272 -0.0825 -0.0712 108.6275
240 272 -0.0434 -0.0422 22.6356
272 272 -0.0141 -0.0290 335.7410
304 272 -0.0517 -0.0499 195.0433
336 272 -0.0189 -0.0148 98.1492
368 272 -0.0039  0.0052 99.4859
400 272  0.0334  0.0300 166.4055
432 272 -0.0108  0.0631 183.8370
464 272  0.0024  0.0381 148.0296
496 272  0.0097  0.0734 123.9426
528 272  0.0025  0.0523 90.7145
560 272  0.0106  0.0354 84.2409
592 272 -0.0040  0.0561 350.5239
624 272  0.0251  0.0696 142.3046
656 272  0.0242  0.0733 162.4910
 16 304 -0.4466 -0.3293 78.0324
 48 304 -0.1527 -0.0875 304.7754
 80 304 -0.0887 -0.1875 127.4798
112 304 -0.0141 -0.1478 209.4299
144 304 -0.1403 -0.3290 261.3807
176 304 -0.2912 -0.1667 194.0513
208 304 -0.1560 -0.1069 109.4666
240 304 -0.1767 -0.1123 185.9213
272 304 -0.0574 -0.0703 214.3216
304 304 -0.0278 -0.0259 294.1883
336 304 -0.0269 -0.0222 183.6176
368 304 -0.0047 -0.0017 195.2619
400 304  0.0103 -0.0003 139.2250
432 304 -0.0107  0.0353 163.2881
464 304 -0.0081  0.0549 308.6714
496 304  0.0446  0.1368 215.9232
528 304  0.0510  0.1075 111.7325
560 304  0.0512  0.1039 273.0431
592 304  0.0106  0.0510 204.1722
624 304 -0.0088  0.0578 158.4689
656 304 -0.0043  0.0554 105.3960
 16 336 -0.1880 -0.3991 206.1742
 48 336 -0.4026 -0.2699 58.5829
 80 336 -0.1226 -0.3408 266.0099
112 336 -0.1609 -0.1585 110.7112
144 336 -0.1044 -0.4063 174.1657
176 336 -0.1132 -0.0783 341.9512
208 336 -0.1480 -0.1629 360.7461
240 336 -0.0808 -0.1122 110.1651
272 336 -0.0750 -0.0680 154.0864
304 336 -0.0463 -0.0568 223.9089
336 336 -0.0193 -0.0660 148.0312
368 336 -0.0362 -0.0032 176.8647
400 336  0.0075 -0.0312 146.5249
432 336  0.0250 -0.0319 152.7586
464 336  0.0275  0.0262 110.0365
496 336  0.0054  0.0465 55.8017
528 336 -0.0200  0.0663 199.4837
560 336  0.0055  0.1092 185.3220
592 336  0.0433  0.0761 146.9783
624 336  0.0074  0.0453 169.5531
656 336 -0.0029  0.0618 189.3316
 16 368 -0.5521 -0.3245 79.3239
 48 368 -0.3828 -0.4522 107.0971
 80 368 -0.0241 -0.0268 12.1547
112 368 -0.2778 -0.2478 203.4586
144 368 -0.2228 -0.3671 219.6579
176 368 -0.1608 -0.1999 184.9680
208 368 -0.3034 -0.1712 42.9215
240 368 -0.1537 -0.3764 288.4717
272 368 -0.0559 -0.1110 128.8137
304 368 -0.1054 -0.1075 180.5601
336 368 -0.0108 -0.0311 191.5421
368 368 -0.0404 -0.0442 266.0786
400 368 -0.0089 -0.0192 222.4120
432 368 -0.0101 -0.0072 79.5726
464 368  0.0084  0.0567 99.4727
496 368  0.0244  0.0421 202.4139
528 368  0.0454  0.0280 226.6610
560 368 -0.0110  0.0757 41.3000
592 368  0.0327  0.0933 74.3516
624 368  0.0111  0.0836 258.3395
656 368  0.0225  0.0127 166.4569
 16 400 -0.2111 -0.1410 35.8195
 48 400 -0.3683 -0.4725 107.1949
 80 400 -0.2806 -0.5328 115.6705
112 400 -0.1930 -0.3499 210.4239
144 400 -0.2444 -0.1915 72.4434
176 400 -0.3497 -0.1496 205.7957
208 400 -0.2941 -0.3691 202.3337
240 400 -0.0908 -0.3471 192.0470
272 400 -0.1616 -0.1453 49.4452
304 400 -0.1023 -0.1471 191.2850
336 400 -0.0480 -0.1596 166.7884
368 400 -0.0461 -0.0917 188.6842
400 400  0.0195 -0.0289 65.8295
432 400  0.0023 -0.0027 81.3479
464 400  0.0187  0.0089 161.1064
496 400  0.0450  0.0462 180.3428
528 400  0.0349  0.0241 291.2977
560 400  0.0546  0.0705 51.5662
592 400  0.0607  0.0885 62.2391
624 400  0.0375  0.0620 152.1714
656 400 -0.0283  0.0699 164.7191
 16 432 -0.0536 -0.1501 16.0809
 48 432 -0.3117 -0.4253 192.7026
 80 432 -0.2307 -0.6125 219.4971
112 432 -0.3823 -0.4881 221.3986
144 432 -0.2251 -0.5284 59.6695
176 432 -0.3258 -0.0846 326.9542
208 432 -0.3183 -0.5071 41.2713
240 432 -0.1863 -0.2081 26.4505
272 432 -0.1552 -0.3208 37.7748
304 432 -0.0985 -0.1776 100.1289
336 432 -0.0538 -0.1154 216.0872
368 432 -0.0668 -0.1869 111.5710
400 432  0.0422 -0.0764 101.8330
432 432 -0.0046  0.0021 86.3274
464 432  0.0579  0.0244 254.7749
496 432  0.0556  0.1182 75.3703
528 432  0.0837  0.0461 163.3056
560 432  0.0530  0.0524 72.6616
592 432  0.0298  0.1188 148.5044
624 432  0.0074  0.0206 40.3110
656 432  0.0290  0.0235 173.1557
 16 464 -0.2583 -0.1667 26.5548
 48 464 -0.7508 -0.3362 21.9144
 80 464 -0.2613 -0.1922 56.0490
112 464 -0.7418 -0.2045 42.1144
144 464 -0.1573 -0.3143 37.8265
176 464 -0.3037 -0.5759 173.8700
208 464 -0.2794 -0.5180 130.5157
240 464 -0.2176 -0.2527 160.4708
272 464 -0.2251 -0.3405 194.1716
304 464 -0.1621 -0.2428 219.6388
336 464 -0.1846 -0.3661 65.2116
368 464 -0.0450 -0.1598 130.9931
400 464  0.0188 -0.1880 235.5024
432 464  0.0012 -0.1031 178.7847
464 464  0.0576 -0.0013 29.6250
496 464  0.0975  0.0447 154.1002
528 464  0.1370  0.0963 213.7524
560 464  0.0305  0.0733 174.3105
592 464  0.0979  0.0481 194.1300
624 464  0.0462  0.0663 124.6429
656 464  0.0140  0.1050 306.9252
 16 496 -0.7086 -0.1386 187.1880
 48 496 -0.5330 -0.1923 144.8452
 80 496 -0.2961 -0.1479 279.1985
112 496 -0.7323 -0.5385 127.4777
144 496 -0.7563 -0.9060 222.3630
176 496 -0.9064 -0.5289 29.7932
208 496 -0.7179 -0.5287 55.4204
240 496 -0.3331 -0.6035 76.5140
272 496 -0.1490 -0.9414 101.0211
304 496 -0.0360 -0.1719 14.5709
336 496 -0.0557 -0.1838 212.7927
368 496 -0.0932 -0.1572 215.0354
400 496 -0.0094 -0.1151 112.8211
432 496  0.0332 -0.1078 60.8126
464 496  0.0821 -0.0126 93.4215
496 496  0.1302  0.0640 82.8018
528 496  0.0586  0.0164 68.5841
560 496  0.0745  0.0931 218.8896
592 496  0.0621  0.0872 68.9862
624 496  0.0205  0.0594 166.8244
656 496  0.0271  0.0928 81.1467
 16 528 -0.1741 -0.2120 71.8013
 48 528 -1.3658 -0.7323 21.3613
 80 528 -0.3533 -0.3499 61.5488
112 528 -0.2690 -0.3050 50.2948
144 528 -0.1639 -0.2066  9.5901
176 528 -0.7135 -0.6115 167.7413
208 528 -0.3527 -0.7267 123.7733
240 528 -0.6504 -0.4721 28.1583
272 528 -0.2006 -0.6945 160.9179
304 528 -0.2227 -0.4419 72.3396
336 528 -0.1313 -0.6589 140.6272
368 528 -0.1412 -0.3547 213.8285
400 528  0.0028 -0.1428 64.1643
432 528  0.0652 -0.0801 95.2200
464 528  0.0980 -0.0513 151.1583
496 528  0.1509  0.0166 119.8393
528 528  0.0711  0.0844 167.9922
560 528  0.0607  0.0999 87.3521
592 528  0.0926  0.0663 38.9416
624 528  0.0598  0.0225 86.5365
656 528  0.0388  0.0827 124.9807
 16 560 -0.1676 -0.1076 21.9720
 48 560 -0.9127 -1.1687 69.6660
 80 560 -0.8510 -0.6425 105.4457
112 560 -0.8139 -0.5931 208.4653
144 560 -0.5996 -0.6629 78.2885
176 560 -0.6469 -1.1913 28.5512
208 560 -0.7232 -0.5440 183.7530
240 560 -1.1907 -0.9984 75.5691
272 560 -0.2884 -0.7308 29.9688
304 560 -0.2897 -0.3532 194.7093
336 560 -0.0852 -0.6238 127.4323
368 560 -0.0103 -0.4617 131.7885
400 560  0.0654 -0.1564 230.3206
432 560  0.1095 -0.2492 107.1168
464 560  0.1271 -0.0752 99.8227
496 560  0.1542  0.0131 213.4567
528 560  0.1416  0.0963 161.8438
560 560  0.0927  0.1959 103.3142
592 560  0.0032  0.0988 199.3359
624 560  0.0345  0.0988 196.2572
656 560  0.0287  0.0488 209.1379
 16 592 -0.3729 -0.0884 31.8594
 48 592 -0.7223 -0.3576 32.6606
 80 592 -1.1017 -0.8159 55.7672
112 592 -0.9545 -0.7019 84.4179
144 592 -1.3979 -0.7737 167.9715
176 592 -1.1348 -1.0741 93.5645
208 592 -0.8843 -1.3978 83.2193
240 592 -0.4915 -1.3812 77.7794
272 592 -0.4203 -1.1430 121.7542
304 592 -0.2677 -0.4176 263.8669
336 592 -0.0750 -1.2795 196.0597
368 592  0.0064 -0.7370 181.8878
400 592  0.0979 -0.4400 189.9408
432 592  0.1116 -0.2759 161.2287
464 592  0.2322 -0.0062 76.9794
496 592  0.1901  0.0550 125.0278
528 592  0.2583  0.1563 120.5301
560 592  0.2164  0.1849 156.5105
592 592  0.0496  0.1066 157.7467
624 592  0.0466  0.1542 88.0832
656 592  0.0324  0.0848 201.1823
 16 624 -0.2751 -0.1411 210.5117
 48 624 -0.6244 -0.2311 313.7440
 80 624 -0.7580 -1.1087 60.8879
112 624 -0.8085 -0.4523 40.7438
144 624 -1.4785 -0.7813 202.8194
176 624 -0.8369 -0.8611 14.6365
208 624 -1.3450 -1.5229 112.0676
240 624 -0.5975 -1.1264 30.1162
272 624 -0.2172 -1.1222 212.2579
304 624 -0.5685 -1.9082 38.9234
336 624 -0.5420 -1.2201 135.2805
368 624 -0.2536 -1.1204 137.6093
400 624  0.0409 -0.6535 72.1633
432 624  0.2066 -0.2885 173.6568
464 624  0.1303 -0.1025 212.0595
496 624  0.0244 -0.0129 14.8069
528 624  0.1830  0.2449 126.9323
560 624  0.1705  0.2147 126.5075
592 624  0.0834  0.2132 67.5662
624 624  0.0608  0.2272 104.4779
656 624 -0.0048  0.2424 161.7585
 16 656 -0.2241 -0.0430 86.1419
 48 656 -0.3991 -0.0747 70.1101
 80 656 -0.9736 -0.5672 142.2699
112 656 -0.7131 -0.8180 129.1948
144 656 -0.7688 -0.6325 94.7392
176 656 -1.0945 -0.9855 149.2511
208 656 -1.1399 -1.3640 109.2859
240 656 -1.0581 -1.5817 114.2968
272 656 -1.2377 -1.7365 165.5555
304 656 -0.9179 -1.4786 84.1226
336 656 -1.2354 -1.1857 93.7418
368 656 -0.6858 -1.2485 112.4217
400 656 -0.7006 -1.1250 72.6489
432 656 -0.5020 -0.9172 54.5807
464 656 -0.1957 -0.3098 178.5705
496 656  0.0914  0.0701 165.4579
528 656  0.0989  0.2643 189.4883
560 656  0.1132  0.2324 197.9327
592 656  0.0837  0.1542 125.5011
624 656  0.0636  0.2107 41.3602
656 656  0.0230  0.1313 26.8683
 16 688 -0.1160 -0.2808 214.1833
 48 688 -0.2906 -0.1064 90.1698
 80 688 -1.2413 -0.1841 255.7840
112 688 -0.8164 -0.7952 169.6744
144 688 -1.3448 -0.7373 13.8099
176 688 -0.2759 -0.2203 28.6394
208 688 -1.6390 -1.4938 125.4143
240 688 -2.0762 -1.7580 87.6860
272 688 -2.0561 -2.5040 59.1272
304 688 -2.3668 -1.7057 82.4126
336 688 -1.8407 -1.3135 109.1120
368 688 -1.9743 -1.4280 166.1275
400 688 -2.2261 -1.5989 33.6763
432 688 -1.7249 -1.1904 147.4062
464 688 -0.9454 -0.4975 110.1054
496 688 -0.7947 -0.2463 166.2626
528 688 -0.4203  0.0499 122.0673
560 688  0.0004  0.2853 162.8212
592 688 -0.0414  0.2874 92.2216
624 688  0.0146  0.3196 250.5588
656 688  0.0230  0.3888 149.4996
 16 720 -0.1312 -0.0507 252.1978
 48 720 -0.0901 -0.1247 74.5406
 80 720 -0.5770 -0.1286 96.3037
112 720 -0.3475 -0.1339 363.9782
144 720 -0.3010 -0.1523 141.3967
176 720 -0.2995 -0.0394 11.2001
208 720 -1.6942 -1.2953 50.9532
240 720 -2.2533 -1.6341 54.0422
272 720 -2.0053 -1.2642 16.0148
304 720 -2.9213 -1.8579 120.9297
336 720 -2.4646 -0.6196 50.6306
368 720 -2.6842 -1.0666 181.5638
400 720 -2.5361 -1.0371 68.9387
432 720 -2.3888 -1.0696 62.7368
464 720 -1.9659 -1.2027 38.4730
496 720 -1.4359 -0.6516 125.4647
528 720 -0.6634 -0.0467 68.7110
560 720 -0.3833  0.1669 115.0442
592 720 -0.1345  0.2829 129.8266
624 720 -0.0111  0.4906 103.4518
656 720 -0.0284  0.3106 121.7277
 16 752 -0.1892  0.0062 27.2558
 48 752 -0.0960 -0.0412 114.7097
 80 752 -0.3751 -0.0542 117.6912
112 752 -0.3717  0.1215 184.2584
144 752 -0.4382 -0.0947 71.4686
176 752 -1.1775 -0.2008 155.1022
208 752 -0.3260  0.0295 12.6060
240 752 -0.2025 -0.0701 13.7264
272 752 -2.0446 -1.0582 51.8031
304 752 -1.5977 -1.1700 52.0115
336 752 -1.8461  0.2269 40.8058
368 752 -1.9500 -0.4175 117.8599
400 752 -2.1698 -0.3209 32.9410
432 752 -2.2846 -0.3858 45.0608
464 752 -1.8531 -1.0008 61.0268
496 752 -1.6461 -1.1972 78.4569
528 752 -1.0044 -0.3711 41.0816
560 752 -0.8485 -0.2674 269.9233
592 752 -0.5661  0.0934 68.2049
624 752 -0.1876  0.2170 68.4287
656 752 -0.0765  0.1959 107.2094
 16 784 -0.0201  0.0012 25.6440
 48 784 -0.0317 -0.0062 147.6163
 80 784 -0.0861 -0.0783 110.1796
112 784 -0.1642 -0.0297 53.4573
144 784 -0.7630 -0.1524 207.9865
176 784 -0.4752 -0.1032 45.2281
208 784 -1.0859 -0.5821 189.4543
240 784 -0.4578  0.1076 58.1410
272 784 -0.2263  0.4278 46.7393
304 784 -0.5269  0.5151 13.7426
336 784 -1.1904  0.7307 40.8389
368 784  0.0452  0.2024 22.4618
400 784  0.1171  0.0190 11.7221
432 784  0.1242 -0.0538 24.9089
464 784 -1.0939 -0.0343 17.9295
496 784 -1.2865 -0.4042 37.4718
528 784 -1.4296 -0.6921 87.5094
560 784 -0.9138 -0.4413 113.7292
592 784 -0.3480  0.2190 141.9378
624 784 -0.2280  0.1525 58.6468
656 784 -0.1396  0.1542 77.6982
 16 816  0.0015 -0.0338 22.1910
 48 816 -0.0036  0.0173 28.3722
 80 816 -0.0809 -0.0364 158.0799
112 816 -0.0814 -0.0166 29.8890
144 816 -0.1057 -0.0069 192.0394
176 816 -0.2362 -0.0094 40.9241
208 816 -0.4982 -0.0631 165.0639
240 816 -1.2650 -1.4217 126.2656
272 816 -0.1366 -1.4675 22.8849
304 816 -0.8783 -1.2607 23.1431
336 816  0.3263  0.6061 12.9713
368 816  0.1342  0.1356  6.0091
432 816 -0.0228  0.0169  4.0394
464 816  0.0232 -0.0255  4.7233
496 816  0.2103 -0.1324 10.4910
528 816 -0.9658 -0.4977 40.0100
560 816 -0.5658 -0.2267 81.7863
592 816 -0.3216  0.0535 33.7740
624 816 -0.1858  0.1189 22.4653
656 816 -0.1195  0.1476 54.8068
 16 848 -0.0173  0.0269 14.0114
 48 848 -0.0012 -0.0033 65.7328
 80 848  0.0191 -0.0050 275.0657
112 848 -0.0131  0.0981 33.4266
144 848 -0.0606  0.0644 128.8417
176 848 -0.2727 -0.0123 178.8610
208 848 -0.2039  0.0018 207.2381
240 848 -0.7279 -1.1406 126.4626
272 848 -1.0072 -2.3103 21.7043
304 848 -0.2487 -0.8203 43.0430
336 848  0.0691 -0.0013 53.8403
368 848  0.1675  0.2659  4.7301
496 848  0.0250 -0.0164  4.1290
528 848  0.0149 -0.1315 45.9856
560 848 -0.2949  0.0418 55.7337
592 848 -0.2626  0.0643 100.5571
624 848 -0.3090  0.1253 46.7235
656 848 -0.0460  0.0804 114.7427
 16 880  0.0061  0.0119 25.5211
 48 880  0.0184  0.0187 274.2555
 80 880  0.0061  0.0387 184.9270
112 880  0.0112  0.0387 104.2628
144 880  0.0056  0.0332 224.6369
176 880 -0.0990  0.0599 80.3893
208 880 -0.2072 -0.0337 77.5525
240 880 -0.1346 -0.2864 218.6931
272 880 -0.2145 -0.6731 32.5859
304 880  0.0044 -0.1606 10.4335
336 880 -0.0262  0.3155 52.4005
368 880 -0.3171  0.2093  4.4612
432 880  0.0272  0.0589  4.3001
528 880 -0.0084  0.0045 14.6978
560 880 -0.0436 -0.0088 26.5947
592 880 -0.3655  0.1872 41.5556
624 880 -0.2095  0.1476 109.2133
656 880 -0.1102  0.0865 117.5809
 16 912  0.0740  0.0277 31.1729
 48 912  0.0414 -0.0075 24.5827
 80 912  0.0711  0.0081 278.4353
112 912  0.0419  0.0322 231.6108
144 912  0.0414  0.0325 239.8344
176 912  0.1468  0.0475 255.2450
208 912  0.0339  0.0682 259.4703
240 912 -0.0092 -0.4114 163.9517
272 912 -0.4761 -0.4629 48.0117
304 912 -0.2890 -1.0941 47.0392
336 912  0.0161 -0.4073 11.8754
368 912 -0.3926  0.4206  9.5479
528 912 -0.0419  0.0419  4.4743
560 912 -0.0805  0.4403  6.1278
592 912 -0.1129  0.1235 11.6230
624 912 -0.0805  0.0708 32.6509
656 912 -0.1581  0.1347 31.8896
 16 944  0.0912  0.0145 44.9575
 48 944  0.0228  0.0270 14.7548
 80 944  0.0824  0.0196 169.2972
112 944  0.0554  0.0209 345.9258
144 944  0.1032  0.0137 53.2662
176 944  0.2818  0.0175 48.8877
208 944  0.0865  0.0790 198.6251
240 944  0.1320 -0.2325 149.9949
272 944  0.0453 -0.2670 15.9892
304 944 -0.1589 -1.0716 185.0418
336 944 -0.7019 -1.2169 30.7391
368 944 -0.3845 -0.1115 41.9258
400 944 -0.1822  0.7811  6.8182
432 944  0.0143  0.5554  4.3643
464 944  0.1184  0.1398  5.6180
496 944  0.0066  0.0472 10.1602
528 944 -0.0160  0.0116  4.9200
592 944 -0.2465  0.1387  4.2756
624 944  0.0175  0.0148 12.0292
656 944 -0.1130  0.0455 25.1544
 16 976  0.1408  0.0369 54.8285
 48 976  0.1029  0.0409 186.6221
 80 976  0.0614  0.0026 208.0129
112 976  0.1814  0.0776 291.3680
144 976  0.2131  0.0331 210.9680
176 976  0.0733  0.0321 171.3106
208 976  0.1511 -0.0236 301.5784
240 976  0.1110 -0.0632 150.4402
272 976  0.2839 -0.0529 24.6690
304 976 -0.0738 -1.0628 185.6020
336 976 -0.0731 -0.8046 58.2116
368 976 -0.3285 -0.6903 211.0856
400 976  0.0094 -0.1027 22.6144
432 976 -0.0171 -0.0612 28.7917
464 976  0.1214  0.0151 14.3517
496 976  0.6127 -0.4076 26.3451
528 976  0.0465 -0.0152 12.3749
560 976  0.3227 -0.0339  4.3436
624 976 -0.0042  0.0292  4.5428
656 976 -0.1837  0.1982  9.5376
 16 1008  0.1417  0.0249 128.4435
 48 1008  0.1527  0.0052 18.2740
 80 1008  0.1750  0.0331 166.2160
112 1008  0.3724  0.0644 202.7377
144 1008  0.3038 -0.0289 234.2296
176 1008  0.1072 -0.0498 97.0333
208 1008  0.1406  0.0006 169.8199
240 1008  0.3595 -0.0758 163.5005
272 1008  0.4480 -0.0912 54.8969
304 1008  0.2694 -0.1655 164.4768
336 1008  0.1479 -0.3093 137.5872
368 1008 -0.1382 -0.3367 33.7017
400 1008  0.0139 -0.0025 13.9078
432 1008  0.1126 -0.0445 22.1754
464 1008  0.1362 -0.2527 62.1276
496 1008  0.0511 -0.0634 19.8574
528 1008 -0.0096  0.0585 11.6050
560 1008  0.0962 -0.0627  8.5215
 16 1040  0.0408  0.0414 234.7287
 48 1040  0.0505  0.0096 32.1481
 80 1040  0.1518  0.0258 132.5121
112 1040  0.1716 -0.0089 197.9839
144 1040  0.4153  0.0089 51.8065
176 1040  0.1996 -0.0491 123.1732
208 1040  0.2171 -0.0640 152.9736
240 1040  0.1849 -0.0405 20.6579
272 1040  0.3303 -0.0363 28.7910
304 1040  0.2218 -0.3780 27.3149
336 1040  0.2950 -0.4095 117.3312
368 1040  0.5427 -0.3720 117.4924
400 1040  0.0483 -0.0174 12.9858
432 1040  0.2239 -0.2830 34.1482
464 1040 -0.0058 -0.0265 20.2256
496 1040 -0.0156 -0.0692 16.3645
528 1040  0.0475 -0.0233 14.2473
560 1040  0.0018 -0.1270 10.3747
592 1040  0.1485 -0.0647  4.6440
624 1040 -0.1687 -0.1053  4.2845
656 1040 -0.0740 -0.0250  7.4270
 16 1072  0.0905  0.0191 151.0020
 48 1072  0.1475  0.0159 109.3416
 80 1072  0.1525  0.0400 215.3682
112 1072  0.1877 -0.0127 29.3590
144 1072  0.1419 -0.0258 81.0806
176 1072  0.1501 -0.0455 74.6796
208 1072  0.1160 -0.0385 344.5041
240 1072  0.1051 -0.0267 34.4966
272 1072  0.6388 -0.0693 55.2586
304 1072  0.1614 -0.0881 26.8110
336 1072  0.2336 -0.3080 130.0175
368 1072  0.4193 -0.3534 183.4775
400 1072  0.0107  0.0106 12.8795
432 1072  0.0772 -0.0356 19.3108
464 1072 -0.0289  0.0035 10.5855
496 1072  0.0690 -0.0678 15.3750
528 1072 -0.0027 -0.0018 18.3555
560 1072  0.0146  0.0232 15.2441
592 1072  0.0276  0.0036 17.1639
624 1072 -0.2359 -0.0998 11.6909
656 1072 -0.0097 -0.0401 21.4385
 16 1104  0.0241  0.0354 25.6020
 48 1104  0.0785 -0.0036 40.1034
 80 1104  0.1661  0.0197 133.0423
112 1104  0.0747  0.0148 110.4541
144 1104  0.1478  0.0039 55.7102
176 1104  0.0785  0.0079 50.2619
208 1104  0.1505 -0.1098 202.4921
240 1104  0.1153 -0.0347 77.4157
272 1104  0.2038 -0.1307 162.4805
304 1104  0.1545 -0.1079 78.6909
336 1104  0.1670 -0.2486 114.4370
368 1104  0.1786 -0.2444 233.7013
400 1104  0.0100 -0.0011 23.4792
432 1104  0.0986 -0.0933 17.2827
464 1104  0.1872 -0.1404 48.9944
496 1104  0.0867 -0.0261 37.8852
528 1104 -0.0191 -0.0429 16.9175
560 1104  0.0390 -0.0046 16.9540
592 1104  0.0301  0.0077 13.9294
624 1104  0.1192 -0.0232 11.9070
656 1104 -0.0229 -0.0291 20.1326
 16 1136  0.0220 -0.0127 14.6378
 48 1136  0.0730  0.0194 95.8572
 80 1136  0.0783  0.0088 66.4508
112 1136  0.2021 -0.0011 110.1122
144 1136  0.1271 -0.0019 81.6038
176 1136  0.1475 -0.0691 139.4260
208 1136  0.0954 -0.0330 177.6794
240 1136  0.0925 -0.1638 110.1649
272 1136  0.0716 -0.0981 32.1099
304 1136  0.1390 -0.1201 208.7916
336 1136  0.2074 -0.0989 68.6934
368 1136  0.1890 -0.1940 242.2917
400 1136  0.0132 -0.0099 14.5998
432 1136  0.0354  0.0372 13.3329
464 1136  0.0387 -0.0266 15.0496
496 1136 -0.0019 -0.0382 10.1610
528 1136  0.0215 -0.0614 17.6362
560 1136 -0.0019  0.0042 15.1882
592 1136 -0.0022  0.0077 11.9466
624 1136  0.0061 -0.0128 39.2731
656 1136  0.1246 -0.0411 33.1998
 16 1168  0.0165  0.0027 14.9781
 48 1168  0.0138  0.0347 20.3265
 80 1168  0.0570 -0.0030 113.3278
112 1168  0.1133 -0.0151 53.1764
144 1168  0.1329 -0.0003 99.0801
176 1168  0.1616 -0.0119 51.6377
208 1168  0.0929 -0.0510 122.9959
240 1168  0.1214 -0.1227 170.7079
272 1168  0.1520 -0.1324 64.7958
304 1168  0.0958 -0.0623 84.3040
336 1168  0.1465 -0.1055 165.9770
368 1168  0.1217 -0.2519 190.7723
400 1168  0.0055 -0.0217 11.1513
432 1168  0.0225 -0.2408 24.8363
464 1168 -0.0083 -0.0133 12.4013
496 1168 -0.0146 -0.0189 13.8749
528 1168  0.0151 -0.0109 14.7184
560 1168  0.0045 -0.0036 13.5467
592 1168  0.0007 -0.0069 14.3860
624 1168 -0.0360 -0.0329  9.5058
656 1168 -0.0484 -0.1089 27.4618
 16 1200  0.0124 -0.0279 11.3982
 48 1200 -0.0036  0.0080 16.2752
 80 1200  0.1142 -0.0024 46.1184
112 1200  0.1413 -0.0354 151.3368
144 1200  0.0928 -0.0176 85.8093
176 1200  0.1575 -0.1128 157.4294
208 1200  0.1258 -0.0484 231.6726
240 1200  0.1011 -0.2481 264.0774
272 1200  0.1482 -0.0730 24.6952
304 1200  0.1435 -0.0980 43.8554
336 1200  0.1540 -0.2196 181.2385
368 1200  0.1844 -0.3043 86.0166
400 1200  0.0134  0.0242 17.9449
432 1200  0.0207 -0.0349 13.2717
464 1200  0.0306  0.0199 13.0396
496 1200  0.0393 -0.0209 13.4159
528 1200 -0.0019 -0.0216 15.1195
560 1200  0.0419 -0.0076 16.2568
592 1200  0.0073 -0.0776 13.1668
624 1200  0.0097 -0.0234 13.4636
656 1200 -0.0099  0.0025 27.1092
  0   0 -0.1060 -0.0405  0.0000
  0   0 -0.1274 -0.1975  0.0000
  0   0 -0.1411 -0.0661  0.0000
  0   0 -0.1205  0.0274  0.0000
  0   0 -0.0869  0.0983  0.0000
  0   0 -0.1019  0.1160  0.0000
  0   0 -0.1621  0.0944  0.0000
  0   0 -0.2315  0.0326  0.0000
  0   0 -0.2166 -0.0353  0.0000
  0   0 -0.0963 -0.0249  0.0000
  0   0  0.0086  0.0028  0.0000
  0   0  0.1618  0.0109  0.0000
  0   0  0.2422 -0.0151  0.0000
  0   0  0.2470 -0.0562  0.0000
  0   0  0.2915 -0.1619  0.0000
  0   0  0.2948 -0.1860  0.0000
