VARIABLES= "X pix", "Y pix", "U pix/dt", "V pix/dt", "CHC", ZONE I=21, J=30
 16 272 -0.0165 -0.0133 20.6348
 48 272 -0.0761 -0.1794 104.3672
 80 272 -0.1740 -0.3779 82.5680
112 272 -0.1178 -0.2328 61.6668
144 272 -0.1689 -0.2897 60.0734
176 272 -0.1166 -0.0514 82.3955
208 272 -0.0716 -0.0968 183.4361
240 272 -0.0582 -0.1178 52.4708
272 272 -0.0466 -0.0535 132.9977
304 272 -0.0454 -0.0909 183.8716
336 272 -0.0452 -0.0346 131.9507
368 272 -0.0356 -0.0036 109.0394
400 272 -0.0504  0.0139 60.8534
432 272 -0.0447  0.0128 179.0829
464 272  0.0045  0.0077 181.9096
496 272 -0.0128  0.0570 77.5754
528 272  0.0110  0.0468 116.6524
560 272  0.0084  0.0575 59.2102
592 272 -0.0080  0.0090 218.7122
624 272 -0.0189  0.0256 204.9044
656 272 -0.0036  0.0140 160.1069
 16 304 -0.1238 -0.1682 145.6552
 48 304 -0.1470 -0.3817 182.9923
 80 304 -0.2781 -0.1987 112.7667
112 304 -0.1599 -0.3048 209.1419
144 304 -0.3749 -0.1051 50.9499
176 304 -0.2773 -0.2561 204.1987
208 304 -0.1377 -0.2258 148.0647
240 304 -0.0862 -0.0599 176.8342
272 304 -0.1313 -0.0969 183.1434
304 304 -0.0726 -0.1193 245.0440
336 304 -0.0737 -0.0339 163.0157
368 304 -0.0308 -0.0242 65.7622
400 304 -0.0176  0.0009 203.3849
432 304 -0.0241  0.0115 183.7472
464 304  0.0083  0.0016 364.7673
496 304 -0.0134  0.0591 103.6791
528 304 -0.0063  0.0320 109.6938
560 304 -0.0177  0.0237 322.1421
592 304 -0.0068  0.0350 158.3064
624 304 -0.0052 -0.0360 215.5880
656 304 -0.0525 -0.0114 57.8445
 16 336 -0.0504 -0.0554 19.2414
 48 336 -0.4921 -0.2262 136.9202
 80 336 -0.0459 -0.1210 14.9294
112 336 -0.3986 -0.2563 130.1424
144 336 -0.0827 -0.1518 223.9726
176 336 -0.1878 -0.0531 22.5462
208 336 -0.0647 -0.0788 279.3557
240 336 -0.1342 -0.1462 165.0789
272 336 -0.1248 -0.1143 261.6271
304 336 -0.0600 -0.1452 222.2347
336 336 -0.0869 -0.0663 153.6999
368 336 -0.0319 -0.0484 214.5461
400 336 -0.0337  0.0020 177.7559
432 336 -0.0042 -0.0045 126.1073
464 336 -0.0104  0.0326 110.6964
496 336 -0.0221 -0.0120 15.4178
528 336 -0.0030  0.0443 109.0097
560 336  0.0332  0.0154 170.3574
592 336 -0.0307  0.0174 165.7995
624 336 -0.0032  0.0098 144.1268
656 336 -0.0031  0.0035 153.6633
 16 368 -0.1178 -0.0955 15.2503
 48 368 -0.3462 -0.1593 60.3550
 80 368 -0.6003 -0.2385 110.2991
112 368 -0.2625 -0.3215 90.4329
144 368 -0.2496 -0.2650 106.9664
176 368 -0.0894 -0.0556 341.2624
208 368 -0.0784 -0.0449 420.9685
240 368 -0.2139 -0.2472 301.0528
272 368 -0.0713 -0.1145 70.9821
304 368 -0.0892 -0.2482 121.6462
336 368 -0.1009 -0.1259 176.0707
368 368 -0.0146 -0.1216 169.0808
400 368 -0.0316 -0.0511 165.0872
432 368 -0.0250 -0.0102 96.3990
464 368 -0.0235 -0.0043 127.9637
496 368 -0.0036  0.0214 169.8348
528 368  0.0097  0.0542 208.7420
560 368 -0.0005  0.0300 31.5876
592 368  0.0319  0.0112 85.3597
624 368 -0.0033  0.0209 285.4822
656 368  0.0675  0.0336 137.3311
 16 400 -0.6256 -0.0990 24.2002
 48 400 -0.3315 -0.3846 80.3649
 80 400 -0.2913 -0.5401 60.2402
112 400 -0.1122 -0.5467 183.1630
144 400 -0.2005 -0.2017 180.3666
176 400 -0.2506 -0.2131 116.8771
208 400 -0.0970 -0.2843 71.5900
240 400 -0.1293 -0.2824 71.2462
272 400 -0.1397 -0.2245 50.7036
304 400 -0.1481 -0.2371 124.7147
336 400 -0.0468 -0.0928 106.2457
368 400 -0.0897 -0.1084 144.9019
400 400 -0.0398 -0.0399 94.1801
432 400  0.0121 -0.0457 123.1801
464 400 -0.0106 -0.0114 251.1168
496 400  0.0204  0.0272 85.0713
528 400 -0.0248  0.0029 51.3956
560 400  0.0326  0.0040 55.1208
592 400  0.0223  0.0008 45.1690
624 400  0.0006  0.0174 144.6038
656 400  0.0413  0.0250 163.3856
 16 432 -0.1346 -0.0409 20.7092
 48 432 -0.2973 -0.3496 114.1745
 80 432 -0.3113 -0.6461 173.6992
112 432 -0.2491 -0.4588 219.3565
144 432 -0.6311 -0.3184 43.9868
176 432 -0.2754 -0.3842 290.0394
208 432 -0.3154 -0.3264 89.0667
240 432 -0.1802 -0.1929 146.4151
272 432 -0.0980 -0.2264 21.7685
304 432 -0.4234 -0.2207 202.6025
336 432 -0.1264 -0.1888 147.7103
368 432 -0.0598 -0.1330 112.2577
400 432 -0.0601 -0.1003 87.4890
432 432 -0.0051 -0.0397 75.2505
464 432  0.0120 -0.0539 157.6804
496 432  0.0214  0.0215 116.6414
528 432  0.0100  0.0502 122.8672
560 432  0.0120  0.0275 137.1699
592 432 -0.0123  0.0722 82.5950
624 432  0.0091  0.0069 106.8060
656 432  0.0038  0.0064 132.9082
 16 464 -0.1597 -0.1254 34.4403
 48 464 -0.3478 -0.0690 19.5614
 80 464 -0.6521 -0.4577 177.4811
112 464 -0.1864 -0.1863 284.8293
144 464 -0.1814 -0.2468 18.9165
176 464 -0.4134 -0.4259 131.1704
208 464 -0.2847 -0.6019 230.9319
240 464 -0.0977 -0.5589 167.8695
272 464 -0.0792 -0.2713 31.9699
304 464 -0.2132 -0.3120 127.0870
336 464 -0.1227 -0.2887 140.0317
368 464 -0.1528 -0.1464 213.0036
400 464 -0.0579 -0.0897 105.2763
432 464 -0.0394 -0.0922 280.2083
464 464  0.0110 -0.0736 96.7853
496 464  0.0341 -0.0390 160.4004
528 464  0.0410  0.0233 226.0955
560 464  0.0516  0.0352 120.4725
592 464  0.0234  0.0062 138.1536
624 464  0.0324  0.0207 154.9131
656 464 -0.0193  0.0151 147.0932
 16 496 -0.1482 -0.1486 25.5127
 48 496 -0.3676 -0.1889 159.4095
 80 496 -0.2021 -0.2320 33.1653
112 496 -0.3573  0.0042 86.0149
144 496 -0.8017 -0.6941 166.9820
176 496 -0.4664 -0.3482 44.4471
208 496 -0.4389 -0.7146 141.1413
240 496 -0.2287 -0.5337 125.9399
272 496 -0.2072 -0.3287 357.8856
304 496 -0.1191 -0.2114 24.5757
336 496 -0.1172 -0.4407 76.7241
368 496 -0.1285 -0.1478 17.8965
400 496 -0.0933 -0.1678 187.1222
432 496 -0.0196 -0.1999 150.3371
464 496  0.0031 -0.0919 216.3082
496 496  0.0966 -0.0286 124.8739
528 496  0.0533 -0.0293 27.9172
560 496  0.0430  0.0198 78.6242
592 496  0.0724  0.0522 20.6301
624 496  0.0245  0.0440 179.2951
656 496  0.0217  0.0478 116.7707
 16 528 -0.1555 -0.0391 22.7514
 48 528 -0.4971 -0.4267 53.6372
 80 528 -0.8462 -1.2771 169.4673
112 528 -0.3908 -0.6980  1.0000
144 528 -0.2580 -0.3154 48.9423
176 528 -0.3458 -0.7358 100.1190
208 528 -0.1213 -0.1513 14.0287
240 528 -0.6464 -0.9300 20.2236
272 528 -0.2630 -0.4685 121.5573
304 528 -0.2664 -0.4472 128.4836
336 528 -0.1225 -0.5358 312.6816
368 528 -0.0852 -0.4366 219.1089
400 528 -0.1090 -0.2258 117.9825
432 528 -0.0306 -0.2554 89.7955
464 528  0.0595 -0.0893 158.3771
496 528  0.0968 -0.0702 207.4994
528 528  0.0705 -0.0081 115.8284
560 528  0.0979 -0.0038 105.7799
592 528  0.0579  0.0350 48.5914
624 528  0.0126  0.0492 72.6754
656 528  0.0389  0.0888 157.5171
 16 560 -0.3443 -0.1258 22.3132
 48 560 -0.9878 -0.5184 102.1496
 80 560 -0.8157 -0.2164 130.0965
112 560 -0.8925 -0.8213 199.1095
144 560 -0.6266 -1.0213 86.4914
176 560 -0.1300 -0.1245 15.8939
208 560 -0.9404 -0.7174 245.6109
240 560 -0.4683 -0.9462 185.6492
272 560 -0.9275 -0.7253 65.7957
304 560 -0.4506 -0.5579 84.6734
336 560 -0.1407 -0.2636 134.9044
368 560 -0.3086 -0.4221 161.5012
400 560 -0.1312 -0.4870 128.9324
432 560  0.0070 -0.2280 109.6681
464 560  0.0677 -0.1810 60.4994
496 560  0.1376 -0.2138 103.9857
528 560  0.1496 -0.0171 112.8253
560 560  0.0939 -0.0014 243.1754
592 560  0.0646  0.0702 35.1690
624 560  0.0846  0.0511 150.0115
656 560  0.0139  0.0831 214.8081
 16 592 -0.3150 -0.1207 60.4050
 48 592 -0.7107 -0.2034 41.0465
 80 592 -0.7473 -0.8422 105.4642
112 592 -0.8105 -0.7378 201.7053
144 592 -0.4105 -0.3523 201.0058
176 592 -1.1472 -0.7274 56.5726
208 592 -1.1584 -0.6577 53.2827
240 592 -0.8979 -1.3977 98.6504
272 592 -1.3214 -0.9090 113.4800
304 592 -0.7979 -0.9080 265.3769
336 592 -0.3822 -0.9141 108.3487
368 592 -0.2227 -0.4923 27.4227
400 592 -0.0611 -0.7249 154.8508
432 592  0.0501 -0.3324 126.4121
464 592  0.1154 -0.3529 148.1982
496 592  0.2125 -0.1873 166.3048
528 592  0.1891  0.0115 92.2086
560 592  0.2321  0.0350 159.0678
592 592  0.1249  0.1004 102.6640
624 592  0.0941  0.1113 42.2078
656 592  0.0264  0.1370 29.0844
 16 624 -0.1379 -0.0983 18.9469
 48 624 -1.3270 -0.5872 124.3212
 80 624 -0.4163 -0.2792 148.9876
112 624 -0.8499 -0.7041 36.6317
144 624 -0.8720 -1.2651 184.6571
176 624 -0.9658 -0.8082 217.5292
208 624 -0.9518 -1.2075 71.8999
240 624 -0.9285 -0.8906 197.0199
272 624 -0.6998 -0.9931 70.4443
304 624 -0.8613 -1.0950 158.4621
336 624 -0.6700 -1.2183 128.1665
368 624 -0.1755 -1.1452 164.4536
400 624 -0.0957 -0.9287 188.0784
432 624  0.3013 -0.7848 37.1619
464 624  0.1356 -0.2946 19.9678
496 624  0.8096 -0.2109 117.7787
528 624  0.6826  0.1046 114.7034
560 624  0.3996  0.0728 198.2675
592 624  0.1200  0.1775 37.4962
624 624  0.0807  0.2133 40.7354
656 624  0.0901  0.3102 108.1677
 16 656 -0.1509 -0.0711 23.0666
 48 656 -0.7467 -0.1177 56.9983
 80 656 -0.5026 -0.4485 38.8433
112 656 -0.7633 -0.7467 49.0923
144 656 -1.1764 -0.5012 49.8771
176 656 -0.9503 -0.7400 331.4362
208 656 -1.3285 -0.6964 119.2192
240 656 -1.0517 -0.9951 71.9860
272 656 -0.9144 -1.1693 35.0280
304 656 -0.8516 -1.2650 93.1045
336 656 -0.3297 -1.2152 51.2147
368 656 -0.3015 -1.3504 115.5210
400 656  0.1382 -1.8550 79.5174
432 656  0.2124 -1.7541 156.4710
464 656  0.8404 -1.0158 167.7183
496 656  0.6547 -0.1658 153.1915
528 656  0.8531  0.1470 168.5201
560 656  0.6436  0.2861 78.0185
592 656  0.4919  0.6170 178.4025
624 656  0.2738  0.3978 70.1877
656 656  0.1069  0.6963 127.4262
 16 688 -0.1822 -0.1927 54.4555
 48 688 -0.2008 -0.1702 115.6187
 80 688 -0.6276 -0.2567 91.9563
112 688 -0.6555 -0.8148 189.2436
144 688 -0.4021 -0.2427 98.6805
176 688 -0.3567 -0.0154 96.5257
208 688 -0.6214 -0.2585 23.1466
240 688 -1.1545 -0.9698 48.9293
272 688 -1.0149 -1.0042 191.9099
304 688 -0.9604 -1.4972 166.6462
336 688 -1.4378 -2.2175 118.3304
368 688 -1.0746 -2.9965 158.3667
400 688  0.0445 -3.0854 84.8486
432 688 -0.0753 -1.8421 27.1645
464 688  0.0246 -0.8535 63.7499
496 688  0.4893 -0.1962 125.9957
528 688  0.2819  0.0084 83.4937
560 688  0.3812  0.3454 73.6808
592 688  0.5587  0.9208 85.7511
624 688  0.2928  0.6385 164.5167
656 688  0.1254  0.7579 109.0011
 16 720 -0.0466 -0.0487 27.5478
 48 720 -0.1561 -0.1433 234.1180
 80 720 -0.2493 -0.2700 140.4045
112 720 -0.0486 -0.1105 30.7580
144 720 -0.7005 -0.8698 135.1725
176 720 -0.8012 -0.7301 118.9067
208 720 -0.7100 -0.3987 21.5602
240 720 -1.2082 -1.0341 19.1604
272 720 -1.1527 -1.0832 21.5675
304 720 -0.0754 -0.0635 10.5026
336 720 -1.3494 -1.9259 32.6644
368 720 -1.9644 -3.6491 37.5385
400 720 -0.1476  0.0921 49.8372
432 720 -1.6743  0.3916 24.5800
464 720 -1.1543  0.2238 107.9339
496 720 -0.8624 -0.0356 19.2025
528 720 -0.7732 -0.2361 85.2082
560 720 -0.5561  0.0337 63.7115
592 720  0.1538  0.3898 62.5413
624 720  0.1345  0.3425 23.7111
656 720  0.3339  0.8249 97.7132
 16 752 -0.1630 -0.0930 32.6345
 48 752 -0.0977 -0.0450 26.7139
 80 752 -0.1376 -0.1318 73.3307
112 752 -0.5710 -0.2110 230.3931
144 752 -0.2203 -0.1697 182.8380
176 752 -0.8684 -0.7708 157.7881
208 752 -1.1536 -1.0498 116.4273
240 752 -0.3843 -0.0857 12.7555
272 752 -1.5776 -1.3730 87.6609
304 752 -1.7570 -1.8356 81.8941
336 752 -3.1160 -3.5018 69.8554
368 752 -0.1067  0.4985 20.4156
400 752 -0.4510 -0.0032  7.8317
432 752 -0.3968  0.2140  5.0843
464 752 -0.4568  0.3376 50.1413
496 752 -2.6351 -1.9311 95.1105
528 752 -2.3807 -1.5385 108.4941
560 752 -1.6129 -0.3504 111.3530
592 752 -0.1210  0.6829 54.5004
624 752  0.0117  0.9609 120.0296
656 752  0.1686  0.3776 91.1368
 16 784  0.0098 -0.0182 16.5823
 48 784 -0.0863 -0.0616 56.2519
 80 784 -0.4938  0.0875 369.4841
112 784 -0.4907  0.0313 102.9974
144 784 -0.3401 -0.0384 143.9912
176 784 -0.1235 -0.2161 150.1675
208 784 -1.0305 -0.6349 20.6388
240 784 -1.2218 -0.5696 17.0956
272 784 -0.2311  0.0438 11.7531
304 784 -2.1843  7.9362 23.3476
336 784 -0.9013  3.1750 56.4244
368 784 -0.0937 -0.2626 19.8426
400 784 -0.4215  0.3024  7.8253
464 784 -0.2420  0.3331  5.1545
496 784 -0.3159  0.3142 41.8490
528 784 -2.0329 -1.8492 24.2663
560 784 -1.3596 -0.1937 37.7682
592 784 -1.0180 -0.0699 118.1360
624 784 -0.1856  0.3733 37.1180
656 784  0.0598  0.3570 103.1181
 16 816  0.0042  0.0167 18.2737
 48 816 -0.0297  0.0011 57.7195
 80 816 -0.1509 -0.0357 200.8182
112 816 -0.0668  0.0214 21.6309
144 816 -0.4854 -0.1008 95.2593
176 816 -0.3401 -0.0803 64.5842
208 816 -0.7048 -0.2058 36.4666
240 816 -1.1114 -0.2188 147.4046
272 816 -1.6768 -0.3906 24.2522
304 816 -3.2583 -0.7833 130.0368
336 816  0.2218 -0.1687 54.8759
368 816  0.0206 -0.1554 12.1419
400 816 -0.2870  0.0843  8.3698
432 816 -0.2697  0.0653  4.4898
496 816 -0.2371  0.1851  5.1439
528 816 -0.0299  0.0471 79.2420
560 816 -0.7365 -1.2353 26.1705
592 816 -0.8656 -0.4221 84.3007
624 816 -0.3658 -0.1460 41.5698
656 816 -0.0080 -0.0604 69.5157
 16 848  0.0092  0.0075 21.7573
 48 848 -0.0276 -0.0027 45.5386
 80 848 -0.0125 -0.0466 227.7468
112 848 -0.0601  0.0111 80.8408
144 848 -0.3207 -0.0304 53.2159
176 848 -0.2735  0.0229 276.5748
208 848 -0.7675 -0.0407 161.5511
240 848 -1.3977  0.0138 30.0309
272 848 -1.9362 -0.0497 82.8112
304 848 -1.6610 -2.1430 11.4845
336 848  0.2989 -1.3997 24.4968
400 848  0.2542 -0.1477  4.3770
432 848 -0.0294  0.0215  6.4336
464 848 -0.1171  0.0444  4.3854
528 848 -0.0224  0.0277 24.2132
560 848 -0.8797 -1.3234 75.7541
592 848 -0.0619 -0.0438 51.0858
624 848 -0.1329 -0.2404 131.5744
656 848  0.0017 -0.0123 37.2617
 16 880  0.0296 -0.0045 23.2139
 48 880  0.0031  0.0063 125.4282
 80 880 -0.0283 -0.0059 52.7368
112 880 -0.0137  0.0115 183.7309
144 880 -0.1779  0.0271 171.3370
176 880 -0.0799  0.1782 31.5460
208 880 -0.6884  0.0363 94.1123
240 880 -0.8966  0.2939 62.0464
272 880 -1.3563 -0.0569 23.2916
304 880 -0.6334 -1.6649 20.2354
336 880 -0.0968  0.1182 19.7879
368 880  0.4953 -0.3391  6.4174
432 880  0.2716 -0.0592  4.3761
464 880 -0.1635 -0.0867  4.8665
528 880  0.0261 -0.0480 12.5416
560 880  0.0415 -0.0167 17.7297
592 880  0.1156 -0.0403  6.8975
624 880  0.1084 -0.0007 25.3614
656 880 -0.0150 -0.0605 12.7647
 16 912  0.1112  0.0105 58.8155
 48 912  0.0131  0.0161 89.1663
 80 912  0.1295  0.0270 138.4398
112 912 -0.0381  0.0301 118.6938
144 912 -0.0268  0.0359 335.1537
176 912 -0.0494  0.1044 113.4340
208 912 -0.1082  0.3296 245.9852
240 912 -0.2792  0.2784 21.9828
272 912 -0.4421  0.1452 351.2894
304 912 -1.1176 -1.9109 154.8615
336 912  0.0149 -2.8189 15.5107
368 912  0.2147 -0.4424 54.7352
400 912  0.2089 -0.1996  4.8114
528 912  0.0164 -0.0250  4.3252
560 912  0.0197 -0.0245  5.7289
592 912 -0.0074 -0.0076  4.1249
624 912  0.0637 -0.0496  7.5545
656 912 -0.0626 -0.0359  6.9122
 16 944  0.0343  0.0414 67.6766
 48 944  0.0336  0.0396 22.9685
 80 944  0.0747  0.0903 73.0984
112 944  0.0287  0.0543 160.2323
144 944 -0.0044  0.0205 74.0546
176 944  0.0426  0.0683 165.9109
208 944 -0.0814  0.3526 111.6629
240 944  0.0061  0.3165 176.6759
272 944  0.0093  0.1028 32.8065
304 944 -0.3572 -1.3359 89.7658
336 944 -1.3545 -2.1337 113.5139
368 944 -0.0210 -0.0403 17.5374
400 944  0.1972 -0.1883 29.8133
432 944  0.0285 -0.1340  9.4697
464 944  0.0061 -0.0124  8.8505
496 944  0.0188 -0.0077  8.5211
528 944  0.0018 -0.0060  4.3725
624 944  0.0493 -0.0690  4.7381
656 944 -0.1380 -0.0280  4.7159
 16 976  0.0580 -0.0004 48.9873
 48 976  0.0430  0.0473 92.0277
 80 976  0.0707  0.0202 230.7284
112 976  0.0471  0.0053 248.0338
144 976  0.0613  0.0522 191.9249
176 976  0.0902  0.0485 181.1372
208 976  0.1417  0.0866 178.5685
240 976  0.2016  0.2194 69.4754
272 976  0.1648  0.1759 41.7086
304 976  0.2347 -0.5820 150.0857
336 976  0.0435 -0.7463 13.8391
368 976 -0.2593 -1.5928 41.4990
400 976 -0.0825 -0.1336 16.5564
432 976 -0.0410 -0.0728 13.1230
464 976  0.0070  0.0106 38.2894
496 976 -0.0207 -0.0159  9.7763
528 976  0.0295 -0.0476  5.2533
 16 1008  0.0595 -0.0059 28.6290
 48 1008  0.0333  0.0506 75.8139
 80 1008  0.0647  0.1115 251.1156
112 1008  0.2393  0.0201 125.6090
144 1008  0.0625  0.0486 86.5898
176 1008  0.0600  0.0493 211.3374
208 1008  0.1660  0.0690 157.0982
240 1008  0.3493  0.1177 60.1681
272 1008  0.5790 -0.0034 69.5557
304 1008  0.4698 -0.0805 88.4154
336 1008  0.7061 -0.5863 32.5915
368 1008  0.3261 -1.0125 184.4079
400 1008  0.0098 -0.0061 11.6161
432 1008  0.0150 -0.0378 11.4209
464 1008 -0.0156 -0.0175 12.8275
496 1008  0.0097 -0.0269 26.7907
528 1008 -0.0116  0.0050 13.1431
560 1008  0.0361  0.0165  7.2069
592 1008 -0.0250  0.0164  4.1124
 16 1040  0.1404  0.0499 56.0921
 48 1040  0.1875  0.0587 138.0040
 80 1040  0.2558  0.0250 151.8196
112 1040  0.0766  0.0101 121.0684
144 1040  0.2099  0.0194 93.1405
176 1040  0.1191  0.0340 167.9161
208 1040  0.0984  0.0241 21.4889
240 1040  0.3945 -0.0524 28.2773
272 1040  0.1851 -0.0669 72.3438
304 1040  0.1653 -0.0997 25.1422
336 1040  0.6727 -0.5515 35.0731
368 1040  0.3239 -0.9757 27.4941
400 1040  0.0131 -0.0561 13.7963
432 1040  0.0845 -0.4585 13.6596
464 1040 -0.0115 -0.0371 32.1606
496 1040  0.0359  0.0091 16.6466
528 1040  0.0088 -0.0277 10.9828
560 1040 -0.0294 -0.0103 14.2648
592 1040 -0.0335 -0.0112  6.3181
 16 1072  0.0526  0.0230 123.9089
 48 1072  0.0838  0.0822 52.4474
 80 1072  0.1622  0.0223 225.0384
112 1072  0.0267 -0.0145 25.3719
144 1072  0.0756  0.0169 88.7931
176 1072  0.0715 -0.0384 111.7231
208 1072  0.3810  0.0097 228.1270
240 1072  0.1707  0.0167 31.8795
272 1072  0.1693 -0.0531 201.5562
304 1072  0.4459 -0.1932 26.9753
336 1072  0.3325 -0.4109 74.3188
368 1072  0.6756 -0.5619 134.9871
400 1072  0.0187 -0.1716 17.5414
432 1072  0.0163 -0.0327 17.0001
464 1072 -0.0024 -0.0165  9.6399
496 1072  0.0112 -0.0421 13.7226
528 1072  0.0262 -0.0428 11.1287
560 1072 -0.0302  0.0133  9.1431
592 1072  0.0033  0.0247 11.1335
624 1072 -0.0423  0.0377  5.9530
656 1072 -0.0793  0.0725  4.7335
 16 1104  0.0171  0.0058 21.7189
 48 1104  0.0182 -0.0020 29.6725
 80 1104  0.1955  0.0243 147.2894
112 1104  0.1411  0.0023 138.1693
144 1104  0.2244  0.0131 72.4968
176 1104  0.0619  0.0018 106.9740
208 1104  0.1170 -0.0136 252.2238
240 1104  0.1593 -0.0270 52.3855
272 1104  0.1998 -0.1150 209.8916
304 1104  0.8732 -0.1405 64.7227
336 1104  0.2630 -0.1925 206.1929
368 1104  0.0999 -0.3346 36.5977
400 1104  0.0069 -0.0923 30.6730
432 1104  0.0394 -0.1530 14.4143
464 1104  0.0223 -0.0186 18.9111
496 1104  0.0286  0.0131 14.4383
528 1104  0.0170 -0.0069 11.0627
560 1104  0.0010 -0.0106 12.5368
592 1104  0.0055  0.0247 10.5650
624 1104 -0.0286  0.0024 12.0593
656 1104 -0.0365  0.0563  8.9601
 16 1136  0.0657 -0.0067 26.0572
 48 1136  0.0141  0.0314 15.8122
 80 1136  0.0520 -0.0127 52.3578
112 1136  0.1784  0.0174 88.9145
144 1136 -0.0259 -0.0507 29.1871
176 1136  0.1901 -0.0174 99.3668
208 1136  0.0878 -0.0219 156.9220
240 1136  0.2599 -0.1032 28.9416
272 1136  0.2361 -0.1173 40.7631
304 1136  0.1312 -0.1464 167.4409
336 1136  0.4544 -0.1863 106.6756
368 1136  0.1820 -0.1261 188.8851
400 1136  0.0145 -0.0600 18.9398
432 1136 -0.0046 -0.0396 15.8351
464 1136  0.0266 -0.1484 19.5815
496 1136  0.0230 -0.0865 12.2518
528 1136 -0.0112 -0.0721 17.3621
560 1136  0.0097 -0.0152 10.5992
592 1136 -0.0156 -0.0324 12.9081
624 1136  0.0158  0.0199 13.9346
656 1136 -0.0067 -0.0021 17.6735
 16 1168  0.0821 -0.0189 26.4435
 48 1168  0.0275  0.0053 15.9280
 80 1168  0.1871 -0.0159 51.4554
112 1168  0.0764 -0.0522 25.8446
144 1168  0.0607 -0.0057 26.4089
176 1168  0.1730 -0.0044 87.7228
208 1168  0.1032 -0.0491 137.2804
240 1168  0.1035 -0.0565 209.3090
272 1168  0.0702 -0.0054 76.3596
304 1168  0.0952 -0.1523 80.1986
336 1168  0.1701 -0.2373 56.0595
368 1168  0.2238 -0.0484 287.1323
400 1168  0.0914 -0.0890 15.5570
432 1168  0.0148  0.0027 12.1607
464 1168 -0.0067 -0.0191 14.0653
496 1168 -0.0219 -0.0014 17.8198
528 1168 -0.0039 -0.0236 18.4881
560 1168 -0.0089  0.0176 13.0702
592 1168 -0.0378 -0.0016 10.7118
624 1168  0.0096  0.0166 14.0078
656 1168 -0.0680 -0.0670 14.1894
 16 1200  0.0714  0.0027 12.9795
 48 1200 -0.0024 -0.0022 13.6865
 80 1200  0.0641  0.0115 209.2893
112 1200  0.0462  0.0171 136.2273
144 1200  0.0855 -0.0657 37.6641
176 1200  0.1162 -0.0470 185.9787
208 1200  0.0346 -0.0382 99.0110
240 1200  0.1221 -0.0629 237.9201
272 1200  0.1187 -0.0834 96.5009
304 1200  0.1140 -0.0474 218.8128
336 1200  0.1801 -0.0902 128.9121
368 1200  0.4324 -0.1990 216.1230
400 1200  0.0125 -0.0354 12.7324
432 1200 -0.0045  0.0139 15.4254
464 1200  0.0156  0.0046 13.0785
496 1200  0.0097  0.0013 25.0572
528 1200  0.0352 -0.0142 21.6793
560 1200  0.0303  0.0113 14.2314
592 1200  0.0015  0.0151 13.8761
624 1200  0.0051 -0.0204 13.5075
656 1200  0.1434  0.0172 27.0585
  0   0  0.0805 -0.0348  0.0000
  0   0 -0.0206  0.0002  0.0000
  0   0 -0.1283  0.0053  0.0000
  0   0 -0.1905  0.0335  0.0000
  0   0 -0.2365  0.0720  0.0000
  0   0 -0.2702  0.1336  0.0000
  0   0 -0.3034  0.1517  0.0000
  0   0 -0.3081  0.1386  0.0000
  0   0 -0.2358  0.0610  0.0000
  0   0 -0.0403  0.0679  0.0000
  0   0  0.0256  0.0864  0.0000
  0   0  0.0907  0.1156  0.0000
  0   0  0.1181  0.0846  0.0000
  0   0  0.1658 -0.0135  0.0000
  0   0  0.1861 -0.0614  0.0000
  0   0  0.1564 -0.0884  0.0000
  0   0  0.2029 -0.1319  0.0000
  0   0  0.2109 -0.1511  0.0000
  0   0  0.1824 -0.1231  0.0000
