VARIABLES= "X pix", "Y pix", "U pix/dt", "V pix/dt", "CHC", ZONE I=21, J=30
 16 272 -0.1234 -0.1256 90.3989
 48 272 -0.1511 -0.3179 72.1793
 80 272 -0.0510 -0.3147 201.5897
112 272 -0.2059 -0.1265 286.5952
144 272 -0.0054 -0.0439 28.6790
176 272 -0.0421 -0.0942 115.4329
208 272 -0.0577 -0.0880 347.9528
240 272 -0.0404 -0.1083 254.9899
272 272 -0.0486 -0.0638 214.7674
304 272  0.0107 -0.0797 329.4802
336 272  0.0210 -0.0385 255.1915
368 272  0.0138 -0.0180 91.7371
400 272  0.0254  0.0093 127.1512
432 272  0.0253  0.0228 183.4190
464 272  0.0430 -0.0007 202.9867
496 272  0.0541  0.0529 238.1005
528 272  0.0579  0.0194 235.8575
560 272  0.0565  0.0252 109.2458
592 272  0.0079  0.0234 108.4261
624 272  0.0376  0.0220 111.0557
656 272  0.0572  0.0340 247.0212
 16 304 -0.2197 -0.2944 135.6134
 48 304 -0.2119 -0.1869 34.6653
 80 304 -0.2096 -0.2365 290.3884
112 304 -0.0595 -0.1009 125.0389
144 304 -0.0892 -0.1611 216.2880
176 304 -0.0988 -0.1859 220.7247
208 304 -0.0659 -0.1161 158.9105
240 304  0.0139 -0.1535 56.5227
272 304 -0.0492 -0.0115 71.9167
304 304 -0.0181 -0.0473 210.2334
336 304 -0.0035 -0.0114 71.0560
368 304 -0.0127 -0.0324 323.5176
400 304  0.0207 -0.0045 49.6881
432 304  0.0271  0.0432 187.7665
464 304  0.0407 -0.0335 327.3239
496 304  0.0063  0.0614 194.5626
528 304  0.0544  0.0781 89.3048
560 304  0.0224  0.0220 214.1345
592 304  0.0604 -0.0172 95.1520
624 304  0.0634  0.0138 158.0571
656 304  0.0156  0.0082 209.6870
 16 336 -0.0557 -0.0367 44.5725
 48 336 -0.0693 -0.2484 110.6593
 80 336 -0.1111 -0.2034 98.5162
112 336 -0.1787 -0.0935 44.5900
144 336 -0.0312 -0.0788 301.5284
176 336 -0.0675 -0.1382 45.7724
208 336 -0.1451 -0.1408 102.4557
240 336 -0.0236 -0.1583 298.5648
272 336 -0.0595 -0.0664 272.0483
304 336 -0.0098 -0.1229 220.8027
336 336 -0.0034 -0.0139 169.7459
368 336 -0.0007 -0.0386 269.7351
400 336 -0.0095 -0.0177 206.6700
432 336  0.0186  0.0093 192.4474
464 336  0.0173  0.0248 282.6359
496 336  0.0485  0.0271 147.2332
528 336  0.0228  0.0152 62.1787
560 336  0.0302  0.0690 42.8112
592 336  0.0349  0.0148 32.6105
624 336  0.0677  0.0185 107.5412
656 336  0.0521  0.0047 108.8871
 16 368 -0.0372 -0.0475 31.8182
 48 368 -0.1952 -0.2780 30.9364
 80 368 -0.3032 -0.2017 179.2826
112 368 -0.2174 -0.1086 98.5888
144 368 -0.1103 -0.1665 99.2422
176 368 -0.1204 -0.1642 351.3574
208 368 -0.1336 -0.1601 96.9116
240 368 -0.1104 -0.1688 126.0241
272 368 -0.0493 -0.1007 203.7872
304 368 -0.0554 -0.0599 349.0970
336 368 -0.0230 -0.0272 145.3742
368 368  0.0062 -0.0506 177.4884
400 368  0.0136 -0.0164 83.5297
432 368  0.0090 -0.0197 66.1269
464 368  0.0098  0.0018 343.7197
496 368  0.0245  0.0211 249.0056
528 368  0.0087  0.0352 95.1210
560 368  0.0520  0.0371 150.2370
592 368  0.0221  0.0272 105.4028
624 368  0.0356  0.0100 89.2735
656 368  0.0776 -0.0234 202.0685
 16 400 -0.4558 -0.4501 234.5099
 48 400 -0.2129 -0.1176 82.5805
 80 400 -0.2385 -0.3028 287.3571
112 400 -0.0566 -0.1927 128.3987
144 400 -0.2087 -0.1963 158.4188
176 400 -0.1515 -0.3071 114.1570
208 400 -0.1533 -0.1147 278.0865
240 400 -0.1360 -0.1109 149.6290
272 400 -0.1252 -0.1669 65.3063
304 400 -0.0649 -0.1070 91.1023
336 400 -0.0199 -0.0955 258.4633
368 400 -0.0205 -0.0339 73.6499
400 400 -0.0487 -0.0214 190.9177
432 400  0.0053 -0.0133 137.7752
464 400 -0.0005  0.0299 173.9777
496 400  0.0260  0.0042 103.7805
528 400  0.0433  0.0133 115.1694
560 400  0.0556  0.0244 84.5700
592 400  0.0691  0.0073 174.6002
624 400  0.0385  0.0128 138.6675
656 400  0.0743 -0.0023 219.1830
 16 432 -0.2626 -0.2502 96.1170
 48 432 -0.1004 -0.0533 13.0212
 80 432 -0.2264 -0.2336 83.3681
112 432 -0.2554 -0.4138 42.2275
144 432 -0.6545 -0.5527 214.4348
176 432 -0.2808 -0.4563 142.2411
208 432 -0.1434 -0.1006 314.7254
240 432 -0.1009 -0.2403 234.5117
272 432 -0.1291 -0.1878 89.2536
304 432 -0.0973 -0.0702 49.7343
336 432 -0.0286 -0.0334 88.7249
368 432 -0.0247 -0.1113 220.9192
400 432 -0.0074 -0.0266 125.0610
432 432  0.0011 -0.0281 279.7066
464 432  0.0107  0.0119 113.3174
496 432  0.0188  0.0129 56.0522
528 432  0.0237 -0.0005 70.7568
560 432  0.0333  0.0391 94.9553
592 432  0.0464  0.0139 128.0328
624 432  0.0490  0.0125 84.1637
656 432  0.0196 -0.0295 99.0828
 16 464 -0.1563 -0.1109 18.5651
 48 464 -0.1097 -0.1596 66.0941
 80 464 -0.1482 -0.1682 121.4704
112 464 -0.2562 -0.3701 114.8108
144 464 -0.2560 -0.3985 72.8432
176 464 -0.3297 -0.2082 51.9745
208 464 -0.2028 -0.0943 182.9205
240 464 -0.1923 -0.4205 210.2690
272 464 -0.0661 -0.1190 30.8583
304 464 -0.0794 -0.3973 109.3436
336 464 -0.0714 -0.0902 144.8400
368 464 -0.0644 -0.0874 240.0050
400 464 -0.0246 -0.0390 229.3915
432 464 -0.0160 -0.0115 166.1219
464 464  0.0118 -0.0085 183.5406
496 464 -0.0016  0.0059 74.1631
528 464  0.0110 -0.0001 135.5098
560 464  0.0450  0.0187 173.4410
592 464  0.0289  0.0058 207.6183
624 464  0.0385 -0.0135 96.5798
656 464  0.0511 -0.0066 190.2768
 16 496 -0.5457 -0.4502 107.4491
 48 496 -0.3187 -0.3104 165.2792
 80 496 -0.6944 -0.6659 143.5099
112 496 -0.7508 -0.3816 129.0783
144 496 -1.2100 -0.8880 92.1060
176 496 -0.1964 -0.3316 185.5978
208 496 -0.3956 -0.3793 143.6942
240 496 -0.1885 -0.4256 210.9453
272 496 -0.2155 -0.3383 248.2564
304 496 -0.1733 -0.0972 259.3127
336 496 -0.0747 -0.2302 65.8374
368 496 -0.0332 -0.0893 62.2328
400 496 -0.0193 -0.0773 112.1203
432 496  0.0115 -0.0998 243.9437
464 496 -0.0140 -0.0072 178.4990
496 496  0.0252 -0.0184 142.2336
528 496  0.0305  0.0287 65.2118
560 496  0.0197  0.0248 46.0791
592 496  0.0564 -0.0043 50.8360
624 496  0.0495 -0.0060 99.8261
656 496  0.0877  0.0049 99.7379
 16 528 -0.3467 -0.3107 52.3787
 48 528 -1.0262 -0.6124 107.0638
 80 528 -0.7324 -1.2262 46.2624
112 528 -0.2598 -0.2233 17.8998
144 528 -0.2707 -0.5828 150.7930
176 528 -0.2297 -0.4481 46.8791
208 528 -0.1526 -0.3199 19.5985
240 528 -0.2112 -0.5920 163.1431
272 528 -0.1025 -0.6431 74.5437
304 528 -0.2035 -0.1912 120.2737
336 528 -0.1129 -0.1996 23.2001
368 528 -0.1473 -0.0715 134.9609
400 528 -0.0178 -0.0552 482.3895
432 528 -0.0258 -0.1056 189.3444
464 528 -0.0104  0.0000 101.9348
496 528  0.0059 -0.0381 140.5791
528 528 -0.0044  0.0091 230.8481
560 528  0.0025 -0.0194 43.7872
592 528  0.0572 -0.0145 247.7642
624 528  0.0618 -0.0657 182.6395
656 528  0.0643 -0.0171 36.0658
 16 560 -0.3275 -0.2882 41.9174
 48 560 -0.3826 -0.2069 71.6690
 80 560 -0.3220 -0.2224 79.7444
112 560 -0.6527 -0.6234 167.9748
144 560 -0.3044 -0.4433 22.2235
176 560 -0.8600 -0.9248 147.8522
208 560 -0.4705 -0.5020 128.6321
240 560 -0.5449 -0.5073 80.2998
272 560 -0.3258 -0.4173 113.7602
304 560 -0.2961 -0.2783 136.5269
336 560 -0.2532 -0.2219 182.7875
368 560 -0.1427 -0.1151 287.1975
400 560 -0.1366 -0.1676 99.7267
432 560 -0.0960 -0.0374 118.2113
464 560 -0.0907 -0.0418 103.7402
496 560 -0.0706 -0.0588 230.1521
528 560  0.0205 -0.0732 244.2346
560 560  0.0177 -0.0496 235.5009
592 560  0.0987 -0.0877 201.9379
624 560  0.0041 -0.0712 124.6551
656 560  0.0738  0.0429 78.6529
 16 592 -0.1135 -0.2783 24.5255
 48 592 -0.3010 -0.1755 72.3584
 80 592 -0.3575 -0.3490 180.3571
112 592 -0.7934 -0.5625 55.8331
144 592 -0.9457 -0.7825 29.7293
176 592 -0.7336 -0.7701 83.8356
208 592 -1.5337 -1.5522 153.2259
240 592 -1.0552 -0.9052 125.7710
272 592 -0.6246 -0.5576 133.3239
304 592 -0.4913 -0.4750 71.8706
336 592 -0.2089 -0.3240 158.7191
368 592 -0.3932 -0.3738 131.2130
400 592 -0.2563 -0.1126 134.4919
432 592 -0.3221 -0.0846 60.1411
464 592 -0.1889 -0.0460 122.4096
496 592 -0.0698 -0.0620 41.4035
528 592 -0.1427 -0.0838 57.3717
560 592 -0.0350 -0.0798 82.8631
592 592  0.0311 -0.0910 59.9570
624 592  0.0367 -0.1453 261.2580
656 592  0.0723 -0.0868 209.0484
 16 624 -0.1997 -0.1535 26.2229
 48 624 -0.5825 -0.1890 26.2118
 80 624 -0.2019 -0.1612 164.0584
112 624 -0.5234 -0.4476 150.4227
144 624 -0.0970 -0.0471 17.6825
176 624 -0.8816 -0.7909 50.4748
208 624 -1.4360 -0.9301 98.3568
240 624 -0.2238 -0.7443 82.5559
272 624 -0.4088 -0.5715 111.6151
304 624 -0.7845 -1.0870 239.0213
336 624 -0.9304 -0.4912 170.7343
368 624 -0.3749 -0.1585 27.5378
400 624 -0.5397 -0.2478 338.8425
432 624 -0.4046 -0.0842 117.4818
464 624 -0.3321 -0.0712 153.0287
496 624 -0.5983  0.0119 211.2153
528 624 -0.2854 -0.2680 116.8900
560 624 -0.0329 -0.2318 98.1078
592 624  0.0013 -0.1848 26.7269
624 624  0.1611 -0.0505 210.7799
656 624  0.1106 -0.1277 134.2142
 16 656 -0.1435 -0.1158 90.9843
 48 656 -0.5797 -0.0501 28.2023
 80 656 -0.6056 -0.0715 268.1407
112 656 -0.7018 -0.4672 231.1074
144 656 -0.9527 -0.6954 38.3006
176 656 -0.1093 -0.0556 11.1948
208 656 -1.1168 -1.0922 145.9977
240 656 -1.1902 -0.7274 17.9060
272 656 -1.0471 -0.7487 171.0144
304 656 -1.4149 -0.6957 201.6067
336 656 -0.8985 -0.4014 65.2402
368 656 -0.6520 -0.3144 126.5253
400 656 -0.7344 -0.1821 53.3243
432 656 -0.7977 -0.0507 44.5741
464 656 -0.5796 -0.1212 26.1734
496 656 -0.5085 -0.0789 174.9273
528 656 -0.4232 -0.3241 45.9864
560 656 -0.1028 -0.3857 132.7676
592 656  0.0168 -0.5558 112.7353
624 656  0.2943 -0.3482 149.2294
656 656  0.1592 -0.2902 77.7968
 16 688 -0.1849 -0.1301 42.2458
 48 688 -0.1181 -0.1026 315.1002
 80 688 -0.3062 -0.1701 177.3527
112 688 -0.3114 -0.0873 11.1817
144 688 -0.8091 -0.6214 20.0788
176 688 -1.0464 -1.0213 90.2933
208 688 -1.2430 -1.1931 104.4990
240 688 -1.0531 -0.8576 197.3743
272 688 -0.9966 -0.5861 96.2512
304 688 -1.0562 -0.5673 29.1480
336 688 -0.7129 -0.3698 196.0636
368 688 -0.6255 -0.2110 171.7601
400 688 -0.5345  0.0459 94.2205
432 688 -0.5090  0.1345 81.1763
464 688 -0.1736 -0.2769 55.0265
496 688  0.0368 -0.5442 170.0950
528 688 -0.1416 -0.5664 64.3069
560 688 -0.1141 -0.6278 45.8454
592 688 -0.0190 -0.7199 97.5400
624 688  0.0700 -0.7691 125.4077
656 688  0.0832 -0.4495 33.6806
 16 720 -0.0171 -0.0223 19.0288
 48 720 -0.0087 -0.0427 143.9234
 80 720 -0.1138 -0.0809 111.4629
112 720 -0.1274 -0.2052 295.0048
144 720 -0.2649 -0.1435 36.3749
176 720 -1.4699 -0.8914 43.1678
208 720 -0.7810 -0.6257 147.9662
240 720 -0.9724 -1.0944 182.6327
272 720 -0.7638 -0.4535 44.0440
304 720 -0.4875 -0.1798 23.9217
336 720 -0.5186 -0.2212 118.6386
368 720 -0.4195 -0.0685 181.7599
400 720 -0.3194  0.2481 170.5628
432 720  0.4986  0.0192 55.0312
464 720  0.1455 -0.4134 99.1409
496 720  0.1108 -0.2723 30.4687
528 720  0.3178 -0.9629 43.0864
560 720  0.0402 -0.5966 14.4670
592 720  0.4960 -0.0304 25.0574
624 720  0.0195 -0.3988 29.8902
656 720 -0.0229 -0.6456 137.0352
 16 752 -0.0080 -0.0204 46.4582
 48 752 -0.1138 -0.0838 143.9178
 80 752 -0.0333 -0.0699 214.7139
112 752 -0.0604 -0.1533 245.0316
144 752 -0.0798 -0.1191 133.7811
176 752 -0.1312 -0.2556 237.5570
208 752 -0.0886 -0.1317 17.3684
240 752 -1.1766 -0.8769 30.8200
272 752 -0.8478 -0.7476 107.6182
304 752 -0.5405 -0.6380 269.6765
336 752 -0.0972 -0.0631 57.2201
368 752  0.0804 -0.0090 195.8346
400 752  0.6130  0.1839 28.3007
432 752  0.9417  0.1774 44.8666
464 752  1.0897 -0.0835 62.1161
496 752  1.2004 -1.1807 136.0276
528 752  0.1781 -0.1333 16.3771
560 752  0.7865  0.0724  9.0941
592 752  0.1712  0.8667 11.5116
624 752 -0.1637  0.0713 11.0559
656 752 -0.0330 -0.0744 17.7583
 16 784  0.0638 -0.0432 63.4452
 48 784 -0.0004 -0.0195 36.5369
 80 784  0.0082 -0.1138 218.0625
112 784 -0.0240 -0.1272 131.1835
144 784 -0.0152 -0.1227 29.2224
176 784 -0.0548 -0.4884 140.5017
208 784  0.2156 -0.2949 46.6292
240 784 -0.2286 -0.5198 58.7882
272 784 -0.1038 -0.3527 23.2331
304 784  0.0143 -0.0480 202.5035
336 784 -0.0307 -0.1117 165.8617
368 784  0.4561 -0.0268 37.3045
400 784  1.0438  0.1473 292.2658
432 784  1.6865  0.0812 100.6899
464 784  1.6502 -0.0041 45.1779
496 784  2.1478 -1.0408 42.3884
528 784  0.1946  0.0538 15.8394
560 784  0.2586  0.1586  9.5843
592 784  0.1029 -0.0232 18.4347
624 784 -0.0355  0.0227 26.8733
656 784 -0.0310  0.1066  9.5750
 16 816 -0.0031 -0.0130 15.6865
 48 816  0.0550 -0.0561 106.2544
 80 816  0.0506 -0.1146 144.3999
112 816  0.1418 -0.0365 266.1871
144 816  0.0232 -0.1136 199.5127
176 816  0.0170 -0.3908 175.1862
208 816  0.0141 -0.6860 238.9960
240 816  0.0084 -0.5525 45.0595
272 816 -0.0005 -0.3121 28.5168
304 816  0.0362 -0.2282 275.4866
336 816  0.2823 -0.1542 166.7653
368 816  0.6184 -0.0014 34.7053
400 816  1.5603  0.1325 90.7461
432 816  2.1339  0.1192 104.0274
464 816  0.8724 -0.1273 130.6879
496 816  0.4716 -0.0999 14.7317
528 816  0.1820  0.0610  8.3104
560 816  0.1386  0.1222 10.9350
592 816  0.0823  0.0606 18.7573
624 816  0.0402  0.0769  9.4268
656 816  0.0025  0.0141 23.3338
 16 848  0.0414 -0.0169 16.7906
 48 848  0.0876 -0.0775 225.2601
 80 848  0.1468 -0.0777 107.2092
112 848  0.0860 -0.1083 286.2697
144 848  0.1820 -0.1842 80.0098
176 848  0.0566 -0.2122 241.5690
208 848  0.1044 -0.4836 281.0362
240 848  0.1189 -0.2963 52.5150
272 848  0.1506 -0.6949 193.6200
304 848  0.1904 -0.1926 52.6817
336 848  1.2196 -0.4582 98.8311
368 848  1.3243 -0.1365 110.5862
400 848  2.1157  0.0213 65.1330
432 848  1.9776  0.1487 112.2895
464 848  1.9273 -0.1821 21.7469
496 848  0.0037 -0.0458 17.8307
528 848  0.1158  0.0852  7.2607
560 848  0.0799  0.0764 79.4292
592 848  0.1419  0.1491 118.5295
624 848 -0.0009  0.0796 36.3648
656 848  0.0202  0.0110 27.6381
 16 880  0.1158 -0.0667 146.2484
 48 880  0.1236 -0.0508 130.4392
 80 880  0.1204 -0.0649 171.3546
112 880  0.1089 -0.0457 244.7704
144 880  0.2842 -0.0432 22.8666
176 880  0.8796 -0.0976 116.2842
208 880  0.4669 -0.4016 206.0130
240 880  0.5521 -0.6972 119.1444
272 880  0.1069 -1.2074 61.5339
304 880  0.6903 -0.6192 249.2527
336 880  1.3740 -0.3647 121.5883
368 880  1.6252 -0.3365 128.9161
400 880  1.9215 -0.0378 84.9894
432 880  0.2992 -0.0116 22.1892
464 880  0.4975 -0.3465 30.9791
496 880 -0.0780 -0.0890  6.0433
528 880  0.0784  0.0024 10.2799
560 880  0.0601  0.0579 48.3797
592 880  0.0561  0.1096 30.8225
624 880  0.0279  0.1227 70.4611
656 880  0.0169  0.1801 52.3987
 16 912  0.0497 -0.0280 58.5064
 48 912  0.3733 -0.0741 111.8360
 80 912  0.1699 -0.0495 57.5224
112 912  0.2073 -0.0885 234.6226
144 912  0.1527 -0.0690 23.6705
176 912  0.1927 -0.7281 63.6666
208 912  0.5256 -0.2585 135.3947
240 912  0.0431 -0.1616 30.7841
272 912  0.1031 -0.1767 126.9464
304 912  0.1369 -0.1940 19.3538
336 912  1.1612 -0.7547 71.4592
368 912  1.2724 -0.2956 59.2885
400 912  1.0880  0.0149 53.1015
432 912  0.1350  0.0000 16.5803
464 912 -0.0756 -0.0732 11.0856
496 912 -0.0225 -0.1100  4.0554
528 912  0.0369 -0.0324  4.8439
560 912  0.0552 -0.0428 13.2925
592 912  0.0072  0.0678 24.9349
624 912  0.0178  0.0712 17.1062
656 912 -0.0360  0.0956 18.0303
 16 944  0.0358 -0.0390 34.9530
 48 944  0.0659 -0.0059 17.6075
 80 944  0.0901 -0.0462 213.9810
112 944  0.0851 -0.1210 29.6375
144 944  0.1477 -0.0795 71.3703
176 944  0.0776 -0.1923 53.8311
208 944  0.1462 -0.1777 174.0809
240 944  0.7341 -0.7732 53.7802
272 944  0.7256 -0.6432 101.9443
304 944  0.7293 -0.8556 42.3393
336 944  0.6835 -0.2784 28.5838
368 944  0.4426 -0.2068 70.7522
400 944 -0.0207  0.0916 17.0030
432 944 -0.0442 -0.0792 15.8130
464 944 -0.1163 -0.0484  7.0331
496 944 -0.0020 -0.0078  8.3470
528 944  0.0074 -0.0091  4.7402
592 944  0.0602 -0.0569  5.9561
624 944  0.0761 -0.0767 20.3452
656 944  0.0051  0.0340 36.9074
 16 976  0.0863 -0.0168 38.1158
 48 976  0.0340 -0.0354 47.8154
 80 976  0.0903 -0.0563 106.6384
112 976  0.4604 -0.1449 118.0206
144 976  0.0997 -0.0446 13.9998
176 976  0.3110 -0.1810 77.4555
208 976  0.1752 -0.2320 126.3017
240 976  0.5147 -0.6800 122.1587
272 976  0.1103 -0.4251 22.0092
304 976  0.3836 -0.6159 33.3142
336 976  0.1093 -0.2830 83.2950
368 976 -0.0022 -0.0147 24.3593
400 976 -0.0367 -0.0380 13.9707
432 976 -0.0124 -0.0850  9.5670
464 976 -0.0591 -0.0573 22.3317
496 976  0.0053 -0.0223 19.0222
528 976 -0.0026  0.0038 33.1307
560 976 -0.0691  0.0313  8.3521
592 976 -0.1376 -0.1599  6.4683
624 976 -0.0315 -0.0390  4.4519
656 976  0.0357 -0.0668  8.8935
 16 1008  0.1455 -0.0081 61.4478
 48 1008  0.0536 -0.0162 101.5905
 80 1008  0.1397 -0.1525 24.2116
112 1008  0.3217 -0.0828 106.3096
144 1008  0.1274 -0.1426 141.5633
176 1008  0.0760 -0.1332 90.4022
208 1008  0.2596 -0.2138 171.4648
240 1008  0.2341 -0.5030 32.1222
272 1008  0.0799 -0.3111 107.5633
304 1008  0.1499 -0.4443 179.6913
336 1008  0.0054 -0.0437 19.3302
368 1008  0.0154 -0.0005 11.2547
400 1008 -0.0382 -0.0439 11.7057
432 1008 -0.0058  0.0088 18.0295
464 1008  0.0511 -0.0850 184.2219
496 1008 -0.0025 -0.0207 25.4701
528 1008  0.0126 -0.0917 22.9930
560 1008 -0.0220  0.0035  7.9954
592 1008 -0.2127  0.2350  8.5959
624 1008 -0.0952  0.5000  4.4186
656 1008  0.0111  0.2717  5.9056
 16 1040  0.0792 -0.0528 43.4424
 48 1040  0.1378 -0.0271 267.5399
 80 1040  0.0928 -0.0715 79.5835
112 1040  0.1038 -0.1580 186.2197
144 1040  0.3005 -0.0974 29.7580
176 1040  0.0295 -0.1577 17.0342
208 1040  0.0899 -0.0871 13.4284
240 1040  0.0637 -0.1653 58.4754
272 1040  0.0834 -0.3493 54.0409
304 1040  0.0135 -0.4160 95.1574
336 1040 -0.0050 -0.3336 72.3303
368 1040  0.0767  0.0040 12.1335
400 1040  0.0034  0.0095 37.2442
432 1040  0.0924  0.0121 26.5808
464 1040  0.1153 -0.1137 85.5812
496 1040  0.0241 -0.1085 26.2869
528 1040  0.0502 -0.0590 28.7587
560 1040 -0.0256  0.0338  8.6238
592 1040 -0.0135  0.0148 21.1650
624 1040 -0.0089  0.0075 15.1747
656 1040  0.0149 -0.0523 10.7452
 16 1072  0.0213 -0.0009 28.7596
 48 1072  0.0441 -0.0221 329.0894
 80 1072  0.0500 -0.0318 143.8160
112 1072  0.0586 -0.0286 313.9869
144 1072  0.1025 -0.0757 284.5867
176 1072  0.1088 -0.3035 50.8591
208 1072  0.0821 -0.1592 178.4450
240 1072  0.0190 -0.0768 27.4012
272 1072  0.0831 -0.2191 18.6640
304 1072  0.0145 -0.2598 188.3327
336 1072  0.0231 -0.2213 243.1286
368 1072  0.0495 -0.1455 253.0940
400 1072  0.0575 -0.0905 73.6512
432 1072  0.0666 -0.1362 118.4856
464 1072  0.0792 -0.1845 162.4138
496 1072  0.0034 -0.0298 16.3377
528 1072  0.0183 -0.0018 14.1025
560 1072 -0.0103 -0.0037 13.7205
592 1072 -0.0480 -0.0168  8.2931
624 1072  0.0082 -0.0188 11.4143
656 1072 -0.0222  0.0299 34.0512
 16 1104  0.0402 -0.0215 26.5290
 48 1104  0.0078 -0.0226 34.0254
 80 1104  0.0382 -0.0190 90.8553
112 1104  0.0650 -0.0525 230.7393
144 1104  0.0890 -0.0573 53.8787
176 1104  0.1296 -0.1539 53.8826
208 1104  0.0608 -0.0720 90.4379
240 1104  0.0262 -0.1850 58.5276
272 1104  0.1000 -0.3614 173.2596
304 1104  0.0382 -0.1752 102.2549
336 1104  0.0138 -0.1246 156.6318
368 1104 -0.0042 -0.0447 47.5845
400 1104  0.1325 -0.1463 78.9303
432 1104  0.0263 -0.0179 29.8373
464 1104  0.0992 -0.0562 51.6954
496 1104  0.0303 -0.0294 13.7806
528 1104 -0.0103 -0.0594 24.0647
560 1104  0.0247 -0.0234 14.2733
592 1104 -0.0810  0.0109 14.9502
624 1104 -0.0425 -0.0077 13.3291
656 1104  0.0092  0.0112 22.5549
 16 1136  0.0500 -0.0245 20.1274
 48 1136  0.0309 -0.0414 43.8647
 80 1136  0.0741 -0.0541 59.5245
112 1136  0.0418 -0.0311 244.7660
144 1136  0.1066 -0.0470 56.4942
176 1136  0.0966 -0.1076 28.3809
208 1136  0.1361 -0.0278 166.7126
240 1136  0.0729 -0.1463 90.8090
272 1136  0.0826 -0.2126 149.4954
304 1136  0.0570 -0.2178 134.7800
336 1136  0.0499 -0.2702 124.3496
368 1136  0.1051 -0.1847 81.5823
400 1136  0.0496 -0.0735 226.2401
432 1136  0.0599 -0.1191 130.4659
464 1136  0.0733 -0.0730 116.4378
496 1136  0.1133 -0.1716 50.3511
528 1136  0.0040 -0.3494 68.7234
560 1136  0.0512 -0.1617 55.6409
592 1136  0.0164 -0.0800 16.6620
624 1136  0.0061 -0.0075 21.6343
656 1136 -0.0483  0.0029 32.3474
 16 1168  0.0255  0.0252 16.4021
 48 1168  0.0446 -0.0503 31.4379
 80 1168  0.1138 -0.1071 28.8865
112 1168  0.0807 -0.0308 300.8307
144 1168  0.0604 -0.0737 111.4104
176 1168  0.0422 -0.0334 179.3912
208 1168  0.0410 -0.0817 139.9421
240 1168  0.0307 -0.1008 84.5538
272 1168  0.0850 -0.0242 136.2251
304 1168  0.0479 -0.2203 49.9210
336 1168  0.0552 -0.0840 151.0994
368 1168  0.0615 -0.0797 98.9070
400 1168  0.0416 -0.1139 106.2432
432 1168  0.0244 -0.1647 75.1219
464 1168  0.2769 -0.0229 133.6210
496 1168  0.0200  0.0337 15.2868
528 1168 -0.0086 -0.0164 14.5248
560 1168 -0.0015 -0.0190 11.0641
592 1168  0.0210 -0.0211 15.8269
624 1168  0.0183 -0.0170 10.6106
656 1168  0.0004 -0.0616 21.0538
 16 1200  0.0810 -0.0152 22.0764
 48 1200  0.0379  0.0040 16.0254
 80 1200 -0.0191 -0.0020 12.6299
112 1200  0.1253 -0.0458 69.3274
144 1200  0.0694 -0.0214 33.7105
176 1200  0.0246 -0.0865 257.9778
208 1200  0.1178 -0.0731 54.2701
240 1200  0.0536 -0.0876 204.1753
272 1200  0.0994 -0.1564 97.2681
304 1200  0.1019 -0.1207 82.2452
336 1200  0.1016 -0.1142 111.8230
368 1200  0.0641 -0.0969 134.2288
400 1200  0.0400 -0.1271 170.7740
432 1200  0.0543 -0.1820 296.6356
464 1200  0.0684 -0.1891 213.4622
496 1200  0.0096  0.0044 22.0560
528 1200  0.0027 -0.0253 16.1494
560 1200 -0.0131 -0.0021 11.3733
592 1200 -0.0014 -0.0201 15.6744
624 1200  0.0997  0.0046 25.6482
656 1200  0.0256  0.0103  9.3544
  0   0 -0.0036 -0.0903  0.0000
