VARIABLES= "X pix", "Y pix", "U pix/dt", "V pix/dt", "CHC", ZONE I=21, J=30
 16 272 -0.0560 -0.1236 58.6613
 48 272 -0.1943 -0.2536 32.7542
 80 272 -0.0967 -0.1164 84.9473
112 272 -0.1512 -0.1506 57.3269
144 272 -0.2270 -0.1953 144.4386
176 272 -0.0569 -0.0671 66.8657
208 272 -0.1289 -0.0968 96.4796
240 272 -0.0226 -0.0450 26.0194
272 272 -0.0642 -0.0882 179.6554
304 272 -0.1194 -0.0570 186.9409
336 272 -0.0500 -0.0167 139.1564
368 272 -0.0443 -0.0026 101.4910
400 272 -0.0316  0.0306 77.3700
432 272 -0.0324  0.0242 150.6225
464 272  0.0079  0.0073 151.3308
496 272 -0.0155  0.0180 149.8061
528 272 -0.0040  0.0518 62.4815
560 272 -0.0469  0.1222 95.7577
592 272 -0.0292  0.0272 247.2549
624 272 -0.0132  0.0316 169.0653
656 272 -0.0117  0.0117 131.0184
 16 304 -0.1693 -0.1281 117.6684
 48 304 -0.1240 -0.1504 217.5708
 80 304 -0.1365 -0.1379 87.3965
112 304 -0.1881 -0.2001 190.8201
144 304 -0.0968 -0.0979 38.1382
176 304 -0.1250 -0.2758 276.8896
208 304 -0.1709 -0.0790 172.2818
240 304 -0.1255 -0.1597 155.5729
272 304 -0.1253 -0.1228 137.4420
304 304 -0.0805 -0.1421 247.6739
336 304 -0.0551 -0.0409 163.5472
368 304 -0.0383 -0.0089 115.0758
400 304 -0.0007  0.0048 213.7187
432 304 -0.0265  0.0310 161.8757
464 304 -0.0152  0.0311 295.7686
496 304 -0.0188  0.0997 187.2264
528 304 -0.0133  0.0858 106.1666
560 304 -0.0372  0.0638 300.5472
592 304  0.0045  0.0474 200.0182
624 304  0.0003  0.0511 150.6876
656 304 -0.0176  0.0467 58.8279
 16 336 -0.2591 -0.0752 20.0677
 48 336 -0.2480 -0.3448 182.8343
 80 336  0.0000 -0.0431 12.2332
112 336 -0.1827 -0.2805 171.0619
144 336 -0.1570 -0.4726 109.7783
176 336 -0.0802 -0.1867 241.8572
208 336 -0.1023 -0.1699 285.6608
240 336 -0.2039 -0.1463 157.8355
272 336 -0.1658 -0.0908 165.6555
304 336 -0.0810 -0.1026 237.9025
336 336 -0.0505 -0.0934 163.6725
368 336 -0.0409 -0.0261 88.4818
400 336 -0.0430 -0.0028 158.5265
432 336 -0.0483  0.0145 156.6229
464 336 -0.0309  0.0150 101.7031
496 336 -0.0502 -0.0551 45.7637
528 336 -0.0014  0.0550 182.1111
560 336  0.0174  0.0730 152.8986
592 336 -0.0203  0.0404 184.5667
624 336 -0.0270  0.0289 125.8943
656 336 -0.0020  0.0247 196.1637
 16 368 -0.1126 -0.1180 19.1999
 48 368 -0.1562 -0.5553 202.0193
 80 368 -0.2710 -0.1458 16.9801
112 368 -0.3901 -0.2507 56.8235
144 368 -0.2874 -0.4657 236.2369
176 368 -0.4324 -0.4101 225.5825
208 368 -0.1268 -0.2405 69.6505
240 368 -0.1477 -0.1223 329.3284
272 368 -0.1975 -0.1275 142.7916
304 368 -0.1142 -0.1885 125.6240
336 368 -0.0579 -0.0566 158.1667
368 368 -0.0349 -0.0699 306.0313
400 368 -0.0405 -0.0823 172.4129
432 368 -0.0119  0.0109 59.6020
464 368  0.0004  0.0111 158.2658
496 368 -0.0103  0.0346 92.7569
528 368 -0.0094 -0.0225 275.6600
560 368 -0.0070  0.0194 23.1324
592 368 -0.0020  0.0754 64.8450
624 368 -0.0151  0.0600 295.3765
656 368  0.0001  0.0129 183.1947
 16 400 -0.7304 -0.2081 96.2233
 48 400 -0.2745 -0.8004 118.0361
 80 400 -0.1889 -0.5759 152.9842
112 400 -0.2660 -0.6330 97.6255
144 400 -0.1344 -0.3275 75.8476
176 400 -0.2816 -0.2525 102.3938
208 400 -0.2438 -0.1979 250.4809
240 400 -0.2259 -0.2529 55.5244
272 400 -0.1385 -0.0866 43.7538
304 400 -0.0772 -0.1608 187.1073
336 400 -0.0621 -0.1137 240.3867
368 400 -0.0302 -0.0500 197.0480
400 400 -0.0230 -0.1258 179.9420
432 400 -0.0153 -0.0356 96.5798
464 400 -0.0266 -0.0119 212.7300
496 400  0.0217  0.0377 120.0996
528 400 -0.0160  0.0065 119.8864
560 400 -0.0239  0.0273 71.7897
592 400 -0.0127  0.0207 43.4195
624 400 -0.0257  0.0335 136.0162
656 400 -0.0143  0.0259 180.0220
 16 432 -0.0451  0.0018 15.4398
 48 432 -0.5539 -0.4624 186.9178
 80 432 -0.2984 -0.3891 174.0995
112 432 -0.6298 -0.3569 218.4435
144 432 -1.1884 -0.6533 121.8927
176 432 -0.2475 -0.3800 51.2641
208 432 -0.3806 -0.3558 202.0101
240 432 -0.1104 -0.1732 24.7383
272 432 -0.1211 -0.1366 146.7813
304 432 -0.1250 -0.2754 71.7613
336 432 -0.1179 -0.2397 202.6084
368 432 -0.0970 -0.2067 85.8958
400 432 -0.0490 -0.0863 59.3147
432 432 -0.0115 -0.0207 122.7541
464 432 -0.0036 -0.0208 260.2335
496 432  0.0370  0.0215 46.5418
528 432 -0.0043  0.0335 183.5244
560 432  0.0013  0.0581 118.4469
592 432 -0.1087  0.0622 228.4839
624 432  0.0231  0.0377 75.6233
656 432 -0.0211  0.0232 178.2166
 16 464 -0.2732 -0.4528 26.7650
 48 464 -0.9829 -0.2728 44.2500
 80 464 -0.1885 -0.1976 24.9670
112 464 -0.4929 -0.0954 15.7720
144 464 -0.5141 -0.7070 62.4822
176 464 -0.6283 -0.3557 181.1227
208 464 -0.6355 -0.5910 202.4351
240 464 -0.1964 -0.2690 133.1622
272 464 -0.1175 -0.1662 28.9644
304 464 -0.2013 -0.2898 165.5015
336 464 -0.1787 -0.1362 118.5961
368 464 -0.0953 -0.1306 195.4892
400 464 -0.0663 -0.1834 181.1630
432 464 -0.0122 -0.0646 208.9769
464 464 -0.0206  0.0029 38.0791
496 464  0.0248  0.0332 136.6539
528 464  0.0251 -0.0396 213.0754
560 464  0.0137  0.0499 188.4034
592 464  0.0145  0.0550 198.7488
624 464  0.0390  0.0407 67.6968
656 464 -0.0484  0.0617 311.8760
 16 496 -0.5828 -0.1888 223.4097
 48 496 -0.7099 -0.9247 40.2597
 80 496 -0.2775 -0.3991 177.0067
112 496 -0.8264 -0.7028 161.8521
144 496 -0.9666 -0.3529 135.3030
176 496 -0.2393 -0.4590 34.6891
208 496 -0.1988 -0.3664 186.4556
240 496 -0.5307 -0.4459 50.1532
272 496 -0.1560 -0.3442 68.4424
304 496 -0.0881 -0.1268 17.1117
336 496 -0.1174 -0.2598 13.1569
368 496 -0.0931 -0.2638 128.3647
400 496 -0.0561 -0.1916 109.8620
432 496 -0.0157 -0.0923 156.8860
464 496  0.0373 -0.0624 84.5933
496 496  0.0469  0.0059 96.9630
528 496  0.0813  0.0410 45.4302
560 496  0.0780  0.0590 218.7353
592 496  0.0235  0.0563 23.6315
624 496  0.0184  0.0931 183.7432
656 496 -0.0125  0.0680 116.8248
 16 528 -0.2572 -0.1406 28.9121
 48 528 -0.9036 -0.7592 64.0352
 80 528 -0.7816 -0.6244 219.6726
112 528 -1.1923 -0.5990 127.1608
144 528 -0.8849 -0.8333 53.3798
176 528 -0.7215 -0.5264 226.9835
208 528 -0.7769 -1.0542 197.4711
240 528 -0.9383 -0.5266 123.2041
272 528 -0.7392 -0.3825 102.0160
304 528 -0.2202 -0.6403 201.2262
336 528 -0.2557 -0.4842 132.2355
368 528 -0.1476 -0.4420 209.0688
400 528 -0.0766 -0.4670 94.3888
432 528  0.0118 -0.1508 141.9399
464 528  0.0535 -0.1313 153.2612
496 528  0.0522  0.0431 179.7269
528 528  0.0743  0.0150 122.1669
560 528  0.0527  0.0537 79.1394
592 528  0.0556  0.0755 38.5089
624 528  0.0043  0.0479 40.1883
656 528 -0.0074  0.0438 167.4802
 16 560 -0.4217 -0.1288 21.7535
 48 560 -0.2564 -0.1231 70.7025
 80 560 -0.6004 -0.5708 65.9971
112 560 -1.3181 -0.6184 166.4593
144 560 -0.1826 -0.1387 12.0603
176 560 -0.8526 -0.8022 63.4738
208 560 -0.8539 -1.2201 333.9160
240 560 -0.5086 -0.7141 59.0024
272 560 -0.1873 -0.2451 18.7279
304 560 -0.6711 -0.9061 43.3786
336 560 -0.1351 -0.5526 141.4153
368 560 -0.1412 -0.6772 145.1033
400 560  0.1024 -0.1231 360.4120
432 560  0.1274 -0.3576 83.4114
464 560  0.1240 -0.0537 59.7939
496 560  0.3292 -0.1058 249.5675
528 560  0.1968  0.0680 143.1562
560 560  0.0226  0.0910 133.8713
592 560  0.1689  0.0764 202.9325
624 560  0.0282  0.1310 134.4840
656 560  0.0053  0.1359 226.4878
 16 592 -0.4440 -0.1114 43.2331
 48 592 -0.5843 -0.6076 38.1184
 80 592 -0.7369 -0.5225 61.1262
112 592 -1.1089 -0.7412 192.6122
144 592 -0.9139 -1.1228 38.6744
176 592 -1.1988 -0.9163 92.4578
208 592 -0.9492 -1.0518 11.0983
240 592 -0.8220 -1.3101 190.4916
272 592 -0.7861 -0.9143 29.0431
304 592 -0.3944 -1.1112 197.3529
336 592 -0.1249 -0.8214 99.7460
368 592 -0.0505 -0.7794 125.6512
400 592  0.0899 -0.5152 142.6905
432 592  0.1806 -0.3386 68.3537
464 592  0.2272 -0.0975 92.9576
496 592  0.2312 -0.0410 102.2864
528 592  0.1720  0.0946 97.0512
560 592  0.1238  0.1116 117.1774
592 592  0.0504  0.1424 105.5970
624 592  0.0604  0.1575 44.0095
656 592  0.0581  0.1914 115.0896
 16 624 -0.4761 -0.3159 197.4958
 48 624 -0.1407 -0.0840 45.9831
 80 624 -0.8749 -0.7655 83.8527
112 624 -0.9077 -1.0629 26.8667
144 624 -0.8485 -0.6582 39.3327
176 624 -1.0531 -1.3221 58.2396
208 624 -0.8765 -1.1178 136.2489
240 624 -1.3490 -1.0266 120.1913
272 624 -0.0452 -0.7504 78.7888
304 624 -0.7466 -1.4952 99.8196
336 624 -0.1317 -1.2185 173.0006
368 624  0.0294 -1.0813 199.4983
400 624  0.1659 -0.8742 60.9741
432 624  0.2865 -0.7341 115.0477
464 624  0.5958 -0.2415 260.7988
496 624  0.3603  0.1220 84.0538
528 624  0.2957  0.0711 95.8589
560 624  0.2984  0.2498 142.2127
592 624  0.1308  0.0531 86.2415
624 624  0.0362  0.3523 73.2148
656 624 -0.0280  0.2584 137.9819
 16 656 -0.1638 -0.2633 132.5211
 48 656 -0.6513 -0.3495 142.2268
 80 656 -0.3364 -0.3962 58.9139
112 656 -0.6293 -0.4330 248.0504
144 656 -0.5285 -0.4306 80.5361
176 656 -1.0010 -0.6859 299.3876
208 656 -0.9921 -0.9781 88.2502
240 656 -1.1350 -1.0444 48.4242
272 656 -0.9751 -1.6599 61.9365
304 656 -0.7826 -2.3578 43.6815
336 656 -0.3715 -1.9457 82.9179
368 656 -0.1373 -1.7433 195.5913
400 656 -0.0771 -1.1381 170.5334
432 656 -0.7369 -0.7039 96.9148
464 656 -0.1244 -0.4526 223.3660
496 656  0.2300 -0.0204 46.0775
528 656  0.3504  0.0647 140.9656
560 656  0.3011  0.3533 138.9557
592 656  0.1412  0.4031 83.3237
624 656  0.0999  0.2134 36.3571
656 656  0.0617  0.2932 44.5170
 16 688 -0.5267 -0.3045 89.7029
 48 688 -0.0719 -0.1019 80.2246
 80 688 -0.6656 -0.6851 112.2340
112 688 -0.4424 -0.4216 33.7896
144 688 -1.1684 -0.7531 86.3551
176 688 -1.0432 -0.8839 55.2867
208 688 -1.2545 -0.9483 48.5641
240 688 -1.1263 -0.6162 54.9293
272 688 -1.2356 -1.2744 54.9440
304 688 -2.3084 -3.2576 128.3813
336 688 -1.4732 -0.6555 39.6251
368 688 -1.2096 -1.3393 82.5807
400 688 -2.1169 -1.3967 57.3951
432 688 -0.9924 -0.6322 79.8258
464 688 -0.6298 -0.2548 195.1801
496 688 -0.1672 -0.0410 105.6732
528 688  0.0249  0.1796 211.9553
560 688  0.1239  0.5291 110.5545
592 688  0.1093  0.4652 69.5555
624 688  0.0681  0.4407 235.9410
656 688  0.0858  0.5163 92.9134
 16 720 -0.2081 -0.2262 45.7886
 48 720 -0.1648 -0.1273 142.1964
 80 720 -0.2761 -0.2409 41.4550
112 720 -0.5088 -0.2993 201.0695
144 720 -0.8753 -0.6643 183.0142
176 720 -1.0695 -0.6778 32.1179
208 720 -1.1432 -0.8658 10.0619
240 720 -1.8159 -1.0262 121.6990
272 720 -2.5629 -2.3882 47.6903
304 720 -3.7832 -4.1220 95.3119
336 720 -2.9049 -2.0685 140.4272
368 720 -2.0489 -0.3434 84.6411
400 720 -1.5590 -0.6106 95.8488
432 720 -2.6771 -1.6484 143.2322
464 720 -2.2369 -1.1325 105.3147
496 720 -1.8698 -0.9091 112.4550
528 720 -1.4656 -0.4272 105.3965
560 720 -0.5353  0.1032 137.0038
592 720 -0.0874  0.3603 46.1935
624 720  0.1278  0.7347 188.8367
656 720  0.0509  0.5089 84.3708
 16 752 -0.2509 -0.0148 32.5334
 48 752 -0.0710 -0.0378 124.9509
 80 752 -0.1254  0.2482 56.8746
112 752 -0.4930 -0.0633 108.4512
144 752 -0.2648 -0.0541 45.0848
176 752 -1.2223 -0.3063 159.8300
208 752 -1.1998 -0.4935 45.9262
240 752 -2.0818 -0.9568 15.4724
272 752 -2.7438 -2.2174 14.3368
304 752 -3.4887 -3.1551 31.9323
336 752 -2.3912 -0.9259 103.2076
368 752 -2.2629  0.7974 62.5845
400 752 -1.0540  0.1792 20.2366
432 752 -2.8125 -0.8696 46.5854
464 752 -2.3387 -1.0189 54.1130
496 752 -2.4823 -1.2460 36.7389
528 752 -1.2766 -0.2903 74.8660
560 752 -0.8528 -0.0694 53.0809
592 752 -0.5278  0.3568 195.8866
624 752 -0.1094  0.4674 120.7813
656 752  0.0035  0.3733 90.8829
 16 784 -0.0021 -0.0492 21.4578
 48 784 -0.0388 -0.0392 48.3585
 80 784 -0.1003 -0.0722 317.3746
112 784 -0.2479 -0.0630 85.2840
144 784 -0.7499 -0.1041 375.1096
176 784 -1.1328 -0.2712 19.6082
208 784 -1.0425 -0.2218 69.5939
240 784 -1.4211 -0.4365 147.0847
272 784  0.0064 -0.0009 10.3531
304 784 -0.5796 -0.4579 21.7085
336 784 -1.7047 -1.2580 12.9349
368 784 -0.0699  0.4685  8.8490
400 784 -0.1823  0.2763  5.6963
432 784 -0.5294  0.0209 11.2771
464 784 -0.2902  0.0582 75.3460
496 784 -2.0094 -1.5299 22.5031
528 784 -1.6134 -1.1280 57.3491
560 784 -0.8921 -0.3086 68.7322
592 784 -0.6960  0.0183 41.1721
624 784 -0.1797  0.1470 34.3306
656 784 -0.0752  0.2605 102.4239
 16 816 -0.0301  0.0002 14.1882
 48 816 -0.0483 -0.0209 94.6610
 80 816 -0.1067 -0.0561 85.2407
112 816 -0.2246 -0.0525 39.8921
144 816 -0.3483 -0.0037 189.2789
176 816 -0.7185 -0.1449 58.7076
208 816 -0.8253 -0.0391 124.6162
240 816 -1.1641 -0.8416 101.1780
272 816 -1.2702 -1.9043 16.3872
304 816 -1.6638 -2.2025 134.2336
336 816 -0.0720 -0.0365 10.0870
368 816 -0.2506  0.2172  5.8898
464 816 -0.0300  0.0659  4.3390
496 816  0.0077 -0.0063 11.6271
528 816 -1.1774 -0.8054 51.0975
560 816 -0.3736 -0.4169 71.1369
592 816 -0.8199 -0.0856 82.7284
624 816 -0.2759  0.1592 65.5536
656 816 -0.0630  0.1719 65.3865
 16 848  0.0040  0.0092 16.9374
 48 848  0.0078  0.0015 36.9501
 80 848 -0.0624  0.0158 201.5267
112 848 -0.0331  0.0066 193.1836
144 848 -0.9321 -0.0615 106.6254
176 848 -0.3901  0.0598 220.8262
208 848 -0.3718  0.0522 161.1155
240 848 -1.1001 -0.4006 134.9190
272 848 -1.2848 -1.5446 27.0638
304 848 -0.0485 -0.1242  9.7496
336 848 -0.0194  0.6798 47.4311
368 848 -0.1692  0.1824  4.2380
496 848 -0.0154  0.0662  4.2534
528 848 -0.0146 -0.0984 64.7668
560 848 -0.3297 -0.0373 26.3715
592 848 -0.2898 -0.0441 41.8747
624 848 -0.2661  0.1200 96.9651
656 848 -0.0622  0.0949 33.3308
 16 880 -0.0146  0.0156 23.8224
 48 880 -0.0086  0.0168 195.2730
 80 880 -0.0422  0.0212 54.9827
112 880 -0.0170  0.0248 100.5269
144 880 -0.0600  0.0392 215.3497
176 880 -0.2078 -0.0130 32.7358
208 880 -0.1373  0.1932 28.2134
240 880 -0.4438 -0.0715 105.2171
272 880 -0.9043 -1.0759 15.8525
304 880 -1.4593 -1.8432 12.6030
336 880 -0.0219 -0.1327 12.7111
368 880 -0.3134  0.4286  8.5218
528 880  0.0355 -0.0647 15.0483
560 880 -0.7169  0.0400  5.9942
592 880  0.0060  0.0062 12.5099
624 880 -0.0620  0.0521 16.1861
656 880 -0.4312  0.0838 10.1159
 16 912  0.0442  0.0073 91.4522
 48 912  0.0261 -0.0004 54.4242
 80 912  0.0212  0.0831 84.1167
112 912 -0.0479  0.0666 106.8130
144 912 -0.0329  0.0303 273.2188
176 912 -0.0528  0.1248 82.7829
208 912 -0.0556  0.1655 247.7506
240 912 -0.2061  0.0259 52.0223
272 912 -0.1351 -0.2537 205.4361
304 912 -0.9250 -2.0794 89.5933
336 912 -1.3051 -1.5516 35.3224
368 912 -0.1458  0.1863 80.8086
400 912 -0.1637  0.2442  5.8733
528 912  0.0099 -0.0547  4.3714
592 912  0.0386 -0.0095  4.7175
624 912 -0.0471 -0.0794 10.4732
656 912 -0.2835 -0.0222  8.4661
 16 944  0.0338  0.0098 28.8040
 48 944  0.0075  0.0021 15.9517
 80 944  0.0568  0.0376 80.1008
112 944  0.0186  0.0323 364.4405
144 944  0.1082  0.0338 60.3020
176 944  0.0514  0.0533 209.4029
208 944  0.0204  0.0917 198.0728
240 944  0.1356 -0.0041 184.9973
272 944 -0.0270 -0.1950 34.5489
304 944 -0.1877 -0.9382 47.7895
336 944 -0.9019 -1.8740 22.9919
368 944 -0.0297 -0.4250 13.7625
400 944 -0.2030  0.2773 28.7378
432 944 -0.1167  0.2597  7.9617
464 944  0.0512  0.0310  7.3221
496 944  0.0231  0.0014  8.6708
656 944 -0.2494  0.0389  5.7203
 16 976  0.0062  0.0048 25.0988
 48 976  0.0899  0.0279 118.1268
 80 976  0.0544  0.0411 301.6742
112 976  0.0893  0.0162 309.1367
144 976  0.0717 -0.0041 178.1133
176 976  0.3364  0.0387 127.7924
208 976  0.1072  0.1336 270.1110
240 976  0.2377  0.0242 44.7975
272 976  0.1913 -0.1126 52.7963
304 976 -0.0494 -0.8561 216.1568
336 976 -0.2270 -0.9930 52.1247
368 976 -0.3812 -1.0180 274.1100
400 976 -0.0010 -0.0147 13.8981
432 976 -0.0135  0.0089 14.8429
464 976  0.0445  0.0733 29.8709
496 976 -0.0119  0.1328  9.6313
528 976 -0.0898  0.1186  4.6711
 16 1008  0.0495 -0.0279 31.4386
 48 1008  0.0988  0.0184 40.5967
 80 1008  0.1579  0.0172 136.0982
112 1008  0.0985 -0.0053 314.3725
144 1008  0.0965  0.0206 264.1066
176 1008  0.1305  0.0050 161.2985
208 1008  0.2335  0.0036 138.5242
240 1008  0.2464 -0.0511 139.7577
272 1008  0.4149 -0.1859 75.5627
304 1008  0.2308 -0.5085 72.2405
336 1008  0.1223 -1.1534 58.0693
368 1008  0.0299 -0.9622 280.3638
400 1008 -0.0125 -0.0641 10.4498
432 1008  0.0209 -0.0525 14.7157
464 1008  0.0698 -0.2038 12.2375
496 1008  0.0730 -0.0463 25.0645
528 1008 -0.0032  0.0266 11.1574
560 1008 -0.1156  0.1932  6.2221
 16 1040  0.0453  0.0109 287.3205
 48 1040  0.1023  0.0125 41.9643
 80 1040  0.0681  0.0238 167.8262
112 1040  0.0787  0.0076 166.0444
144 1040  0.2698  0.0391 75.7529
176 1040  0.1982  0.1013 125.5432
208 1040  0.5347  0.0016 97.2670
240 1040  0.1677 -0.0274 65.7888
272 1040  0.2309 -0.0772 89.8173
304 1040  0.1524 -0.3581 39.8354
336 1040  0.7380 -0.3219 51.3687
368 1040  0.6543 -0.3415 107.4285
400 1040 -0.0156 -0.0408 12.1088
432 1040  0.0789 -0.3005 20.9536
464 1040 -0.0370 -0.0464 21.9158
496 1040  0.1058 -0.0718  8.9128
528 1040  0.1084 -0.1406 11.1571
560 1040 -0.0047 -0.0244 14.3516
592 1040 -0.2123 -0.0497  5.0191
 16 1072  0.0417 -0.0026 104.3938
 48 1072  0.0953  0.0195 77.6254
 80 1072  0.1933  0.0490 87.2602
112 1072  0.0572 -0.0065 83.1365
144 1072  0.2093 -0.0204 37.8731
176 1072  0.1244  0.0023 169.0817
208 1072  0.1928  0.0288 204.3120
240 1072  0.2302 -0.0002 29.7850
272 1072  0.2925 -0.1792 42.0662
304 1072  0.1122 -0.1439 38.4765
336 1072  0.4089 -0.2877 104.8468
368 1072  0.3001 -0.3196 70.9190
400 1072 -0.0050 -0.0374 14.3705
432 1072  0.0219 -0.0516 14.4786
464 1072  0.0658 -0.4864 12.1807
496 1072 -0.0616 -0.4342 10.3872
528 1072 -0.0317 -0.1737 10.9800
560 1072  0.0084 -0.0236 15.3113
592 1072  0.0011  0.0365 13.6192
624 1072 -0.1586  0.1452  6.8647
656 1072 -0.0385  0.1763  6.7665
 16 1104  0.0296 -0.0099 17.4122
 48 1104  0.0126  0.0078 24.2562
 80 1104  0.0862 -0.0029 137.0033
112 1104  0.2717  0.0074 57.2229
144 1104  0.0643  0.0079 55.6957
176 1104  0.0940 -0.0093 133.6031
208 1104  0.4534 -0.0476 236.9008
240 1104  0.1506 -0.0681 73.8910
272 1104  0.3053 -0.2753 81.5904
304 1104  0.1530 -0.1323 100.4364
336 1104  0.3048 -0.3147 104.1517
368 1104  0.4986 -0.1023 92.8982
400 1104  0.0379 -0.0056 19.4490
432 1104  0.0123 -0.0247 24.1248
464 1104  0.0324 -0.0496 24.1815
496 1104  0.0625 -0.0819 18.1938
528 1104 -0.0157 -0.0334 11.5255
560 1104 -0.0438 -0.0844 13.7570
592 1104 -0.0661 -0.0530 13.1230
624 1104  0.0394 -0.0160 15.8018
656 1104 -0.0661  0.0031 13.1666
 16 1136  0.0070  0.0093 16.3148
 48 1136  0.0227  0.0132 25.1446
 80 1136  0.1163  0.0164 46.7650
112 1136  0.3124 -0.0107 36.9473
144 1136  0.0763 -0.0185 24.7338
176 1136  0.0940 -0.0452 129.0379
208 1136  0.0710 -0.1058 148.3634
240 1136  0.2449 -0.2189 44.7424
272 1136  0.1207  0.0024 29.9173
304 1136  0.1369 -0.2842 127.7874
336 1136  0.0993 -0.1903 58.0072
368 1136  0.1698 -0.1932 178.4295
400 1136  0.0220 -0.0621 17.4355
432 1136  0.0117 -0.0209 13.9960
464 1136  0.0330 -0.0925 20.9040
496 1136  0.0349 -0.0469 13.5509
528 1136 -0.0045 -0.0387 13.3928
560 1136 -0.2562 -0.1394  8.8994
592 1136 -0.0236 -0.0172 12.2353
624 1136 -0.0227  0.0111 15.6208
656 1136  0.0435 -0.1481 14.3844
 16 1168 -0.0213  0.0098 21.2789
 48 1168 -0.0028  0.0090 13.4332
 80 1168  0.0488  0.0221 81.7914
112 1168  0.0520  0.0140 66.4522
144 1168  0.0403 -0.0129 238.7539
176 1168  0.0528 -0.0157 129.1792
208 1168  0.1484 -0.0338 92.9247
240 1168  0.0787 -0.0984 164.8257
272 1168  0.2807 -0.0953 76.7835
304 1168  0.1778 -0.1264 38.8774
336 1168  0.1808 -0.1946 82.8162
368 1168  0.1411 -0.1348 312.9129
400 1168  0.0536 -0.0144 12.9004
432 1168  0.0619  0.0112 12.9198
464 1168  0.0325 -0.1195 17.0953
496 1168 -0.0032 -0.0301 16.8726
528 1168 -0.0064 -0.1849 17.6551
560 1168 -0.5838 -0.1622 10.2737
592 1168  0.0151 -0.1068 17.6977
624 1168  0.0133  0.0575 10.3757
656 1168  0.0213 -0.0356 24.5988
 16 1200 -0.0198 -0.0044 12.5003
 48 1200  0.0124 -0.0025 13.8453
 80 1200  0.0865  0.0163 50.7920
112 1200  0.0989 -0.0187 153.9696
144 1200  0.0366 -0.0271 130.6336
176 1200  0.1287 -0.0261 231.2552
208 1200  0.1924 -0.0466 113.8481
240 1200  0.1156 -0.1380 267.4817
272 1200  0.1039 -0.0237 31.9762
304 1200  0.0861 -0.0530 61.0689
336 1200  0.1453 -0.1366 305.1655
368 1200  0.3769 -0.3002 112.1795
400 1200 -0.0229  0.0044 16.3817
432 1200  0.0182  0.0493 17.5215
464 1200  0.0275 -0.0459 13.0899
496 1200  0.0271 -0.0180 14.9676
528 1200  0.0077 -0.0048 17.1189
560 1200 -0.0151 -0.0456 17.7599
592 1200 -0.0219  0.0194 12.9765
624 1200 -0.0181  0.0142 14.7041
656 1200  0.0550 -0.0062 38.8841
  0   0  0.0019  0.0207  0.0000
  0   0  0.0097  0.0066  0.0000
  0   0 -0.0373 -0.0808  0.0000
  0   0 -0.1794 -0.0833  0.0000
  0   0 -0.4423 -0.1759  0.0000
  0   0 -0.7819 -0.1605  0.0000
  0   0 -0.3954  0.0088  0.0000
  0   0 -0.1629  0.1787  0.0000
  0   0 -0.0749  0.1487  0.0000
  0   0 -0.0414  0.1026  0.0000
  0   0  0.0240  0.0728  0.0000
  0   0  0.1142  0.0719  0.0000
  0   0  0.1696  0.0385  0.0000
  0   0  0.2182  0.0184  0.0000
  0   0  0.3557  0.0018  0.0000
  0   0  0.3829 -0.0642  0.0000
  0   0  0.2871 -0.1260  0.0000
  0   0  0.2216 -0.0707  0.0000
  0   0  0.2411 -0.1522  0.0000
  0   0  0.3493 -0.3093  0.0000
  0   0  0.4253 -0.3903  0.0000
  0   0  0.1200 -0.1363  0.0000
  0   0 -0.0049  0.0111  0.0000
  0   0 -0.0462  0.0011  0.0000
  0   0 -0.0681  0.0234  0.0000
  0   0 -0.0767  0.0672  0.0000
