VARIABLES= "X pix", "Y pix", "U pix/dt", "V pix/dt", "CHC", ZONE I=21, J=30
 16 272  0.0286 -0.0471 23.0927
 48 272 -0.0747 -0.0842 177.5880
 80 272 -0.0827 -0.2544 93.5177
112 272 -0.1137 -0.2758 57.4066
144 272 -0.1599 -0.1381 82.2812
176 272 -0.1626 -0.0559 40.6457
208 272 -0.0969 -0.3297 150.1141
240 272 -0.0357 -0.1376 37.6581
272 272 -0.0412 -0.0390 138.4124
304 272 -0.0905 -0.0214 186.9344
336 272 -0.0425 -0.0385 119.6980
368 272 -0.0443 -0.0162 111.5102
400 272 -0.0125  0.0274 61.6355
432 272 -0.0222  0.0146 193.7558
464 272 -0.0152  0.0316 185.4960
496 272 -0.0059  0.0719 79.8076
528 272 -0.0249  0.0451 88.2811
560 272 -0.0183  0.0561 70.0633
592 272  0.0011  0.0065 226.2005
624 272 -0.0341  0.0150 203.6197
656 272  0.0002 -0.0019 163.3518
 16 304 -0.2301 -0.4259 86.1433
 48 304 -0.4301 -0.1726 220.3923
 80 304 -0.1268 -0.1590 266.4080
112 304 -0.0562 -0.1685 240.4191
144 304 -0.2030 -0.0869 84.6481
176 304 -0.2131 -0.2531 282.4836
208 304 -0.0814 -0.1307 223.1939
240 304 -0.0685 -0.0909 168.8789
272 304 -0.1316 -0.0737 195.3238
304 304 -0.0795 -0.1148 255.8483
336 304 -0.0846 -0.0381 184.8218
368 304 -0.0255 -0.0118 59.0247
400 304 -0.0544 -0.0214 201.4051
432 304 -0.0202  0.0184 192.8867
464 304  0.0118  0.0082 358.5505
496 304 -0.0033  0.0386 112.6398
528 304 -0.0092  0.0274 117.6390
560 304  0.0659  0.0883 316.9408
592 304 -0.0058  0.0207 171.6627
624 304  0.0301  0.0290 232.4269
656 304  0.0057  0.0389 67.9368
 16 336 -0.0865 -0.0738 15.3325
 48 336 -0.3599 -0.3851 109.8465
 80 336 -0.0512 -0.0483 17.0869
112 336 -0.2120 -0.1864 278.5369
144 336 -0.1022 -0.1624 197.9208
176 336 -0.1239 -0.0201 27.5687
208 336 -0.0409 -0.1180 265.4624
240 336 -0.1645 -0.1588 166.6100
272 336 -0.1688 -0.1277 246.1040
304 336 -0.0999 -0.1581 210.0248
336 336 -0.1331 -0.1384 151.3180
368 336 -0.0388 -0.0797 195.3622
400 336 -0.0130 -0.0121 182.7918
432 336 -0.0235  0.0031 135.7769
464 336 -0.0062 -0.0021 109.3870
496 336  0.0240  0.0273 14.5531
528 336 -0.0097  0.0365 121.8730
560 336 -0.0023  0.0135 173.4651
592 336 -0.0274  0.0149 190.1071
624 336 -0.0134  0.0655 147.0536
656 336 -0.0088  0.0175 162.1302
 16 368 -0.1169 -0.1016 15.4457
 48 368 -0.3124 -0.1469 66.4971
 80 368 -0.1480 -1.0435 141.2632
112 368 -0.5926 -0.2102 80.2361
144 368 -0.2300 -0.3406 138.0138
176 368 -0.3099 -0.3090 302.3397
208 368 -0.0755 -0.3330 296.0102
240 368 -0.2668 -0.1599 283.0864
272 368 -0.0624 -0.1008 65.1254
304 368 -0.1218 -0.2097 97.5742
336 368 -0.0882 -0.1177 200.9494
368 368 -0.0429 -0.1344 185.3575
400 368 -0.0202 -0.0533 164.8163
432 368 -0.0097 -0.0160 105.7906
464 368  0.0261  0.0172 119.8458
496 368 -0.0523 -0.0122 179.3886
528 368 -0.0191  0.0524 215.8248
560 368  0.0024  0.0139 33.4888
592 368 -0.0027  0.0314 79.9313
624 368  0.0040 -0.0029 329.5341
656 368 -0.0281 -0.0064 141.6922
 16 400 -0.1517 -0.6049 24.9986
 48 400 -0.2282 -0.7046 81.8256
 80 400 -0.3873 -0.0861 94.9486
112 400 -0.3496 -0.4311 155.1064
144 400 -0.1923 -0.3477 120.9032
176 400 -0.3138 -0.2038 78.7007
208 400 -0.1692 -0.2989 74.8065
240 400 -0.4814 -0.2380 51.3044
272 400 -0.1891 -0.1465 50.1490
304 400 -0.1153 -0.2249 130.5533
336 400 -0.0362 -0.0700 87.7848
368 400 -0.0854 -0.1003 151.6735
400 400 -0.0258 -0.0753 82.0879
432 400  0.0035 -0.0210 120.4738
464 400 -0.0131 -0.0350 229.2182
496 400 -0.0097 -0.0052 85.5733
528 400  0.0021  0.0087 70.3210
560 400 -0.0314  0.0088 76.6088
592 400  0.0009  0.0248 42.3431
624 400 -0.0021  0.0281 131.4141
656 400 -0.0255  0.0068 165.1234
 16 432 -0.0538 -0.0765 26.1730
 48 432 -0.6315 -0.5400 97.4220
 80 432 -0.6736 -0.2597 220.4978
112 432 -0.7093 -0.2588 172.1516
144 432 -0.3264 -0.3831 51.4591
176 432 -0.5215 -0.7651 171.0524
208 432 -0.4263 -0.4798 72.3422
240 432 -0.1273 -0.3703 83.5749
272 432 -0.0520 -0.1745 23.8332
304 432 -0.1757 -0.4224 236.2432
336 432 -0.1342 -0.2149 152.7455
368 432 -0.0633 -0.2063 99.0513
400 432 -0.0290 -0.0974 65.7682
432 432 -0.0187 -0.0336 113.0968
464 432 -0.0191 -0.0120 152.9420
496 432  0.0173 -0.0032 94.0750
528 432  0.0200  0.0234 128.4490
560 432  0.0191  0.0085 128.2488
592 432  0.0226  0.0072 90.2592
624 432  0.0147  0.0238 100.2718
656 432 -0.0065  0.0030 129.8562
 16 464 -0.7465 -0.7784 21.3047
 48 464 -0.7527 -0.8368 15.3943
 80 464 -0.3573 -0.4037 158.4857
112 464 -0.2201 -0.1901 145.4529
144 464 -0.3342 -0.2443 18.1584
176 464 -0.3997 -0.6515 128.8398
208 464 -0.5493 -0.3834 159.4636
240 464 -0.3007 -0.2794 121.5601
272 464 -0.1306 -0.1495 20.9793
304 464 -0.2408 -0.4250 125.2437
336 464 -0.1472 -0.2577 137.7168
368 464 -0.1312 -0.1040 261.0532
400 464 -0.0591 -0.0851 84.5249
432 464 -0.0370 -0.1519 246.8102
464 464  0.0025 -0.0612 55.4172
496 464  0.0078 -0.0273 160.9035
528 464  0.0560  0.0578 235.2436
560 464  0.0360  0.0194 125.4439
592 464  0.0107  0.0692 157.2199
624 464  0.0040  0.0043 145.9168
656 464 -0.0230  0.0305 161.8491
 16 496 -0.1236 -0.1329 22.6350
 48 496 -0.8170 -0.8229 221.6164
 80 496 -0.8379 -0.7921 39.6026
112 496 -1.3909 -0.0928 336.5789
144 496 -0.6863 -0.6421 131.2254
176 496 -0.6114 -0.5429 29.8741
208 496 -0.4843 -0.4289 110.3093
240 496 -0.0866 -0.5182 125.4268
272 496 -0.4664 -0.7094 187.0824
304 496 -0.1541 -0.4399 18.2306
336 496 -0.3956 -0.2339 74.9645
368 496 -0.1085 -0.0991 19.1716
400 496 -0.0558 -0.1408 175.6957
432 496 -0.0448 -0.2028 141.0331
464 496  0.0024 -0.1037 170.0534
496 496  0.0696 -0.0365 115.7697
528 496  0.1055  0.0187 26.2038
560 496  0.0424  0.0191 89.1001
592 496 -0.0170  0.0269 20.3693
624 496  0.0209  0.0469 183.6271
656 496  0.0272  0.0257 125.1961
 16 528 -0.1320 -0.1543 19.2062
 48 528 -0.4169 -0.7271 74.5510
 80 528 -0.6993 -0.7402 109.5677
112 528 -1.2027 -0.7574 150.3120
144 528 -0.8721 -0.8449 72.9157
176 528 -0.8210 -0.5457 82.1023
208 528 -0.1384 -0.1735 12.0952
240 528 -0.6551 -0.7267 25.6817
272 528 -0.3322 -0.8909 170.6768
304 528 -0.1708 -0.9007 126.4548
336 528 -0.1259 -0.2084 307.7998
368 528 -0.1465 -0.2620 275.7191
400 528 -0.0893 -0.2683 93.9401
432 528  0.0158 -0.3165 86.5677
464 528  0.0128 -0.1666 158.0402
496 528  0.1242 -0.0270 204.9769
528 528  0.1147  0.0115 111.4279
560 528  0.1168  0.0556 77.9643
592 528  0.0722  0.1025 57.6376
624 528  0.0502  0.0358 65.7446
656 528  0.0294  0.0834 157.1046
 16 560 -0.0967 -0.0735 38.0902
 48 560 -0.2494 -0.4772 63.6961
 80 560 -0.7571 -1.1880 41.4419
112 560 -1.2575 -0.9050 190.3857
144 560 -0.8975 -0.6505 95.8022
176 560 -0.0224 -0.3419 52.1330
208 560 -0.8328 -0.6983 238.8314
240 560 -0.6227 -0.5725 137.5259
272 560 -0.1723 -0.6074 79.0278
304 560 -0.6398 -0.7064 100.5737
336 560 -0.1099 -0.6011 146.1653
368 560 -0.1896 -0.5840 171.6821
400 560 -0.0751 -0.3511 122.4388
432 560  0.0171 -0.4429 78.0163
464 560  0.0350 -0.1696 51.5875
496 560  0.0878 -0.1612 106.5235
528 560  0.0859 -0.0134 111.9637
560 560  0.0665  0.0821 232.3604
592 560  0.0372  0.0829 40.0008
624 560  0.0570  0.1206 126.7192
656 560  0.0120  0.1018 245.2394
 16 592 -0.2879 -0.3419 21.7991
 48 592 -0.7145 -0.6841 38.8047
 80 592 -0.5747 -0.4654 66.6619
112 592 -1.0708 -0.7971 189.9825
144 592 -0.8827 -0.8459 245.1903
176 592 -1.1501 -0.8530 97.7338
208 592 -0.8571 -0.7827 41.2524
240 592 -0.7974 -0.8892 111.0311
272 592 -0.8639 -0.9286 166.6271
304 592 -0.7524 -1.5992 234.6099
336 592 -0.4799 -0.7678 90.3901
368 592 -0.2570 -0.6067 28.7029
400 592 -0.0499 -0.7346 143.5097
432 592  0.1055 -0.4698 118.5924
464 592  0.1159 -0.4270 126.8360
496 592  0.1858 -0.1804 152.2237
528 592  0.3401 -0.0080 82.9407
560 592  0.4051  0.0484 136.1307
592 592  0.0922  0.1368 123.9433
624 592  0.0667  0.1766 48.2259
656 592  0.0923  0.0819 33.4143
 16 624 -0.2104 -0.1061 18.5871
 48 624 -0.3271 -0.2232 133.8946
 80 624 -0.8136 -0.7613 177.3805
112 624 -1.2529 -0.6885 45.6414
144 624 -0.9090 -0.5817 265.8133
176 624 -1.0126 -0.9014 231.2064
208 624 -1.4258 -1.1553 72.5439
240 624 -0.8717 -0.8571 226.8759
272 624 -0.9409 -1.0330 105.9112
304 624 -0.9105 -1.2895 152.3214
336 624 -0.3651 -0.8606 133.4930
368 624 -0.1893 -1.2352 145.2173
400 624 -0.0033 -0.9486 210.4720
432 624  0.1781 -1.2498 42.6882
464 624  0.5050 -0.0140 23.8635
496 624  0.7038 -0.1831 133.6418
528 624  0.4199 -0.0291 116.6866
560 624  0.1733  0.0311 250.7408
592 624  0.2188  0.1979 42.1043
624 624  0.1163  0.2627 39.1255
656 624  0.0699  0.3780 138.9079
 16 656 -0.0743 -0.0437 23.7844
 48 656 -0.2960 -0.3244 58.1439
 80 656 -0.3185 -0.2188 55.0988
112 656 -0.4405 -0.0344 35.8687
144 656 -0.8625 -0.6464 35.1561
176 656 -0.8247 -0.7761 315.9038
208 656 -1.4799 -0.9159 77.4950
240 656 -1.1301 -1.0011 96.1859
272 656 -0.9959 -1.1087 37.1393
304 656 -0.9784 -1.6153 94.1333
336 656 -0.2997 -1.8932 101.0230
368 656 -0.0428 -1.0696 63.2735
400 656  0.3196 -1.5781 56.7252
432 656  1.0021 -2.1121 124.0914
464 656  0.8810 -0.7759 165.4757
496 656  1.0285 -0.3072 132.9528
528 656  0.6142  0.1600 157.0790
560 656  0.7179  0.3876 80.0597
592 656  0.4525  0.3168 180.3346
624 656  0.0684  0.5540 65.9374
656 656  0.0729  0.3334 86.7740
 16 688 -0.1862 -0.1498 61.3124
 48 688 -0.5015 -0.1869 52.2124
 80 688 -0.3144 -0.2590 113.2142
112 688 -0.5174 -0.2316 172.3134
144 688 -1.1334 -0.7656 165.2679
176 688 -1.4505 -0.8203 105.8635
208 688 -1.3657 -0.8191 26.6479
240 688 -1.0889 -1.1390 48.8743
272 688 -1.2691 -1.2866 157.1319
304 688 -0.8982 -1.4743 209.3287
336 688 -1.4138 -1.7873 96.7166
368 688 -0.8678 -2.5811 179.8646
400 688  0.1546 -2.7629 82.7187
432 688 -0.3648 -1.2560 18.4759
464 688 -1.8725 -0.4945 108.4794
496 688  0.5963 -0.1196 120.1414
528 688  0.3393  0.0722 134.6741
560 688  0.7337  0.4025 100.3547
592 688  0.6125  0.8053 59.3315
624 688  0.2525  0.5515 143.3064
656 688  0.1278  0.8573 92.8007
 16 720 -0.0526 -0.0044 19.4075
 48 720 -0.5379 -0.2069 106.2250
 80 720 -0.4476 -0.1825 112.6627
112 720 -0.1889 -0.1628 21.5066
144 720 -0.6987 -0.4336 129.4991
176 720 -1.0060 -0.6216 101.6065
208 720 -1.2557 -0.8492 15.7975
240 720 -1.4170 -0.9169 18.3437
272 720 -0.5959 -0.1779 44.4749
304 720 -0.0797 -0.0368 11.0216
336 720 -0.4278 -1.1028 49.1298
368 720 -1.1187 -3.3297 44.2854
400 720 -1.1339  0.1164 44.5148
432 720 -3.7050 -0.2557 40.3589
464 720 -2.0365 -0.1222 39.2809
496 720 -0.2865 -0.5908 30.2660
528 720 -0.3465 -0.0137 72.5658
560 720 -0.8504  0.0180 101.1113
592 720  0.1165  0.3182 42.1064
624 720  0.2786  0.6340 28.2871
656 720  0.1400  0.4669 109.0503
 16 752 -0.1685 -0.0356 35.1734
 48 752 -0.1147 -0.0582 31.1311
 80 752 -0.2243 -0.1278 94.5755
112 752 -0.3639 -0.2297 324.9223
144 752 -0.7892 -0.5445 148.8358
176 752 -0.9022 -0.4038 113.4850
208 752 -1.0762 -0.8160 97.5064
240 752 -0.1571 -0.0647 11.3186
272 752 -1.7708 -0.9838 123.4121
304 752 -2.5708 -2.3243 70.5661
336 752 -3.3771 -3.7878 86.4314
368 752 -0.1023  0.6018 29.3529
400 752 -0.3973  0.1250  6.8278
432 752 -0.4570  0.3412  5.8348
464 752 -0.7928 -0.1917 31.7787
496 752 -3.4023 -1.6929 126.0800
528 752 -1.7265 -0.8556 85.2237
560 752 -1.0093 -0.3613 128.3843
592 752 -0.4220  0.2262 61.4298
624 752  0.0371  0.6610 108.5331
656 752  0.1720  0.3727 83.7510
 16 784 -0.0122  0.0191 13.3761
 48 784 -0.0503 -0.0909 35.5374
 80 784 -0.0439 -0.0192 398.9532
112 784 -0.2194 -0.3367 40.8823
144 784 -0.1646 -0.4367 242.1148
176 784 -0.3583 -0.3098 28.4003
208 784 -0.7484 -0.4179 27.1785
240 784 -1.6509 -0.8205 16.3726
272 784 -1.9164 -0.1977 14.0943
304 784 -2.2961 -1.0349 17.1567
336 784 -4.1280 -3.0295 65.7555
368 784 -0.0250  0.1389 18.5548
400 784 -0.4168  0.3630  6.4370
464 784 -0.2821  0.4506  5.5757
496 784 -0.3234  0.3210 50.0718
528 784 -2.1211 -1.8224 22.3296
560 784 -1.2541 -0.3404 20.4962
592 784 -1.5510 -0.1844 117.5824
624 784 -0.1685  0.2488 41.1304
656 784  0.0289  0.2506 122.7913
 16 816 -0.0126  0.0011 17.5268
 48 816 -0.0163 -0.0361 82.0748
 80 816 -0.1395 -0.0532 216.8085
112 816 -0.0473 -0.0418 30.0741
144 816 -0.2398 -0.1106 239.8157
176 816 -0.6468 -0.1283 56.2852
208 816 -1.1418 -0.6576 58.5338
240 816 -1.1952 -0.3035 138.7569
272 816 -1.6938 -0.1530 27.8877
304 816 -3.2560 -0.9941 73.1623
336 816  0.1102 -0.1165 58.9058
368 816  0.0230 -0.0840 10.9705
400 816 -0.3389  0.1589  7.2322
432 816 -0.1143  0.2055  4.2309
496 816 -0.1748  0.1751  5.3319
528 816 -0.0333  0.0071 59.7732
560 816 -1.1207 -0.8653 25.4339
592 816 -0.9049 -0.4101 75.4196
624 816 -0.3381 -0.1138 47.5452
656 816 -0.0217 -0.0330 77.7823
 16 848  0.0185 -0.0075 16.0871
 48 848  0.0083 -0.0052 58.0714
 80 848 -0.0171 -0.0165 206.7985
112 848 -0.0570 -0.0252 116.0413
144 848 -0.2523 -0.0255 52.4332
176 848 -0.4101 -0.1271 265.7339
208 848 -0.8825 -0.0158 164.6906
240 848 -1.4201 -0.0043 23.8874
272 848 -2.0606 -0.1732 72.8316
304 848  0.0160 -0.1022 10.3475
336 848  0.2697 -1.1930 33.1223
368 848  0.1215 -0.0175  4.0594
400 848  0.1230 -0.0146  4.2840
432 848  0.0253  0.0267  6.0323
464 848 -0.0189  0.0037  4.3758
528 848 -0.0660  0.0829 24.6919
560 848 -0.9338 -1.0223 73.7595
592 848 -0.0773 -0.0349 50.5132
624 848 -0.3717 -0.2451 119.2874
656 848  0.0088  0.0273 39.1456
 16 880 -0.0194 -0.0155 26.7699
 48 880  0.0043  0.0074 142.6558
 80 880 -0.0349 -0.0023 54.5700
112 880 -0.0280 -0.0219 154.4763
144 880 -0.2146  0.0256 129.5963
176 880 -0.0922  0.0828 24.7315
208 880 -0.2739  0.1156 151.8709
240 880 -0.8577  0.2675 54.8798
272 880 -1.0168 -0.0186 27.0759
304 880 -1.8445 -2.7992 49.7006
336 880 -0.1486  0.2792 12.3403
368 880  0.4692 -0.3418  7.1305
432 880 -0.0693  0.0277  4.3709
464 880  0.1031  0.0356  4.8631
528 880 -0.0149  0.0083 12.5797
560 880  0.1165  0.0350 18.1312
592 880  0.0932  0.0871  6.9430
624 880  0.1185  0.0154 25.1987
656 880 -0.0207 -0.0084 12.7891
 16 912  0.0837  0.0094 82.8946
 48 912 -0.0034  0.0117 120.6288
 80 912  0.1485  0.0210 151.6231
112 912 -0.0388  0.0447 107.8725
144 912 -0.0267  0.0237 333.9915
176 912 -0.0643  0.1367 61.6235
208 912 -0.5708  0.1496 148.0387
240 912 -0.3315  0.2316 30.8737
272 912 -0.3754  0.1625 278.1790
304 912 -1.1985 -1.7510 122.9913
336 912 -0.3799 -1.5682 71.4304
368 912  0.0575 -0.5160 61.7316
400 912  0.2510 -0.2574  4.9258
528 912 -0.0164  0.0250  4.3252
560 912  0.0424  0.0269  5.7516
592 912  0.0228  0.0276  4.1249
624 912 -0.0464  0.0498  7.5571
656 912  0.0896  0.0577  6.9506
 16 944  0.0413  0.0389 42.9587
 48 944  0.0095  0.0539 25.5686
 80 944  0.0627  0.0565 58.7955
112 944  0.0326  0.0871 78.2985
144 944  0.0338  0.0548 80.4709
176 944  0.0420  0.0768 210.8992
208 944 -0.0836  0.3785 104.8769
240 944  0.0585  0.6110 249.0811
272 944  0.0442  0.0616 21.1445
304 944 -0.3986 -1.1919 99.7640
336 944 -1.2612 -2.4024 112.2074
368 944 -0.0891 -0.1096 17.5828
400 944  0.2206 -0.1952 33.5474
432 944  0.0276 -0.0856  9.8608
464 944 -0.0027 -0.0085  8.8882
496 944  0.0371 -0.0113  8.6181
528 944  0.0332 -0.0284  4.3929
624 944 -0.0720  0.0416  4.7731
656 944  0.1417  0.0855  4.7220
 16 976  0.1114  0.0311 53.8966
 48 976  0.0449  0.1266 89.4651
 80 976  0.0708  0.0381 256.4334
112 976  0.0572  0.0303 444.6781
144 976  0.0457  0.0573 198.5653
176 976  0.0425  0.0652 251.8327
208 976  0.1779  0.0967 167.8302
240 976  0.1059  0.1615 119.0919
272 976  0.2470  0.1624 45.9301
304 976  0.3751 -0.7789 156.4076
336 976  0.0332 -1.1990 21.6540
368 976 -0.7149 -2.9821 26.8734
400 976 -0.0180 -0.0239 14.1590
432 976 -0.0533 -0.1842 13.7518
464 976 -0.0085 -0.0124 37.1726
496 976  0.0939 -0.0377  9.9162
528 976  0.0591 -0.0549  5.2824
 16 1008  0.0493  0.0165 41.6022
 48 1008  0.0554  0.0392 106.9559
 80 1008  0.0699  0.0857 279.2770
112 1008  0.1339  0.0013 166.5319
144 1008  0.0588  0.0460 88.5428
176 1008  0.0904  0.0421 213.3712
208 1008  0.0957  0.0594 120.2154
240 1008  0.2514  0.0927 87.6604
272 1008  0.2062  0.0010 74.9581
304 1008  0.6059 -0.1246 114.6409
336 1008  0.2933 -0.6628 24.2177
368 1008  0.2045 -0.9958 252.7462
400 1008 -0.0188 -0.0111  9.7465
432 1008 -0.0242 -0.0571 11.0025
464 1008 -0.0085 -0.0345 12.0884
496 1008  0.0145 -0.0512 26.9299
528 1008  0.0272 -0.0344 13.3509
560 1008  0.0674 -0.1574  7.3277
592 1008  0.0623 -0.0430  4.1124
 16 1040  0.0288  0.0655 74.3616
 48 1040  0.1404  0.0572 140.8447
 80 1040  0.1003  0.0485 201.7971
112 1040  0.0490  0.0467 138.4445
144 1040  0.1192  0.0345 117.7127
176 1040  0.1228  0.0300 158.7571
208 1040  0.1109  0.0122 20.6181
240 1040  0.1410 -0.1186 41.5214
272 1040  0.6795  0.1191 101.2180
304 1040  0.9220 -0.0918 32.4237
336 1040  0.5864 -0.3460 45.9618
368 1040  0.4669 -0.9103 53.9970
400 1040 -0.0212 -0.0421 11.5056
432 1040 -0.0227 -0.3747 12.1170
464 1040  0.0253 -0.0492 29.2517
496 1040 -0.0216 -0.0022 16.7629
528 1040  0.0193 -0.0315 10.9056
560 1040  0.0341  0.0230 14.4524
592 1040  0.1416 -0.0181  6.3905
 16 1072  0.0759  0.0196 104.0799
 48 1072  0.0880  0.0536 43.8672
 80 1072  0.2275  0.0406 170.1276
112 1072  0.0601  0.0172 25.5198
144 1072  0.0928 -0.0020 112.8928
176 1072  0.0462 -0.0109 144.4423
208 1072  0.2603 -0.0146 174.7454
240 1072  0.1011 -0.0362 33.5190
272 1072  0.7190 -0.0048 178.8731
304 1072  0.4129 -0.2238 19.3328
336 1072  0.5061 -0.3879 79.2732
368 1072  0.1957 -0.5191 110.5429
400 1072  0.0236 -0.0607 14.4763
432 1072  0.0090 -0.0372 20.4232
464 1072  0.0169 -0.0035  9.6836
496 1072  0.0085 -0.0297 13.7848
528 1072 -0.0108 -0.1438 11.1655
560 1072  0.0304 -0.1014  9.2926
592 1072 -0.0335 -0.1031 11.3450
624 1072  0.0793 -0.1667  6.0170
656 1072  0.0576 -0.1564  4.7419
 16 1104  0.0123 -0.0132 16.3690
 48 1104 -0.0139 -0.0215 23.9908
 80 1104  0.1016  0.0515 169.7015
112 1104  0.4714  0.0153 107.5435
144 1104  0.0907  0.0042 92.2860
176 1104  0.0469  0.0115 133.2822
208 1104  0.2063 -0.0850 200.2024
240 1104  0.0726 -0.0419 68.0659
272 1104  0.6649 -0.0790 200.7316
304 1104  0.1948 -0.1637 60.0911
336 1104  0.7921 -0.4776 141.3793
368 1104  0.2906 -0.4207 28.7156
400 1104  0.0439 -0.0749 23.9894
432 1104  0.0116 -0.0887 25.5789
464 1104  0.0085 -0.0026 19.3804
496 1104 -0.0328  0.0023 14.2666
528 1104 -0.0211 -0.0008 11.0932
560 1104 -0.0109 -0.0070 12.6000
592 1104 -0.0034 -0.0376 10.6148
624 1104  0.0121 -0.0286 12.1667
656 1104  0.0674 -0.0927  9.0889
 16 1136  0.0263  0.0115 18.2851
 48 1136  0.0307 -0.0143 16.8497
 80 1136  0.0678  0.0196 56.4073
112 1136  0.2589  0.0034 52.0067
144 1136 -0.0062 -0.0037 60.0425
176 1136  0.1385 -0.0368 116.6160
208 1136  0.1291 -0.0444 157.0974
240 1136  0.0857 -0.0274 68.3191
272 1136  0.0709 -0.2037 36.2323
304 1136  0.2248 -0.2204 78.9773
336 1136  0.1922 -0.2763 109.1532
368 1136  0.4726 -0.1457 132.9001
400 1136  0.0461 -0.0336 15.0866
432 1136  0.0281 -0.0586 18.4211
464 1136 -0.0204 -0.0371 17.7181
496 1136 -0.0037 -0.0355 13.7756
528 1136  0.0015 -0.0252 16.5086
560 1136 -0.0018 -0.0237 10.5626
592 1136  0.0059  0.0052 12.8916
624 1136 -0.0151 -0.0030 13.8557
656 1136  0.0227  0.0260 17.6962
 16 1168  0.0637 -0.0212 62.6112
 48 1168 -0.0201 -0.0353 13.8059
 80 1168  0.2672  0.0137 53.5116
112 1168  0.1130 -0.0337 20.7257
144 1168  0.0685  0.0238 20.2694
176 1168  0.1598 -0.0329 104.8323
208 1168  0.1420 -0.0498 124.0220
240 1168  0.1192 -0.1154 216.8990
272 1168  0.0820 -0.0378 192.8054
304 1168  0.2606 -0.1567 50.5446
336 1168  0.0678 -0.1560 122.7147
368 1168  0.3931 -0.1914 314.0952
400 1168  0.0743 -0.0598 12.1117
432 1168  0.0236  0.0012 12.9852
464 1168  0.0176 -0.0782 15.6594
496 1168  0.0035 -0.0333 14.3136
528 1168 -0.0124 -0.0066 17.8237
560 1168  0.0081 -0.0168 13.0122
592 1168 -0.0326  0.0039 10.6641
624 1168  0.0340 -0.0067 13.7234
656 1168  0.0401 -0.0024 14.2583
 16 1200  0.0306 -0.0005 11.6597
 48 1200 -0.0320  0.0208 14.5926
 80 1200  0.0356 -0.0072 183.2502
112 1200  0.0475 -0.0219 128.8422
144 1200  0.0527  0.0199 33.0845
176 1200  0.0827 -0.0410 209.1527
208 1200  0.0499 -0.0332 119.3478
240 1200  0.0778 -0.0529 270.5201
272 1200  0.0723 -0.0694 156.6393
304 1200  0.1231 -0.0863 70.6856
336 1200  0.1654 -0.0527 142.1510
368 1200  0.1465 -0.1523 307.2231
400 1200 -0.0072 -0.0043 14.5266
432 1200  0.0163 -0.0081 17.2631
464 1200 -0.0023  0.0064 13.2927
496 1200  0.0128 -0.0392 28.3855
528 1200  0.0053 -0.0102 23.5572
560 1200 -0.0447  0.0109 14.1842
592 1200  0.0183 -0.0173 13.7970
624 1200 -0.0006  0.0194 13.4231
656 1200 -0.0900 -0.0373 26.9774
  0   0 -0.1601 -0.0409  0.0000
  0   0 -0.1218 -0.0339  0.0000
  0   0 -0.1044 -0.0704  0.0000
  0   0 -0.1067 -0.0243  0.0000
  0   0 -0.1183  0.0567  0.0000
  0   0 -0.1424  0.1457  0.0000
  0   0 -0.2107  0.2096  0.0000
  0   0 -0.2060  0.2092  0.0000
  0   0 -0.1977  0.1551  0.0000
  0   0 -0.1130  0.0971  0.0000
  0   0 -0.0578  0.0727  0.0000
  0   0  0.0426  0.0356  0.0000
  0   0  0.0990  0.0165  0.0000
  0   0  0.1264  0.0194  0.0000
  0   0  0.1464 -0.0327  0.0000
  0   0  0.1332 -0.0683  0.0000
  0   0  0.1448 -0.1107  0.0000
  0   0  0.1391 -0.1589  0.0000
