VARIABLES= "X pix", "Y pix", "U pix/dt", "V pix/dt", "CHC", ZONE I=21, J=30
 16 272 -0.1545 -0.1789 243.4665
 48 272 -0.1172 -0.2159 164.4848
 80 272 -0.0522 -0.2200 270.6494
112 272 -0.1089 -0.2298 232.3125
144 272 -0.0931 -0.1446 295.8668
176 272 -0.1127 -0.0952 168.5317
208 272 -0.1077 -0.1158 209.1763
240 272 -0.0625 -0.0954 263.5039
272 272 -0.0893 -0.1389 244.3753
304 272 -0.1081 -0.0407 162.6207
336 272 -0.0379 -0.0538 171.9119
368 272 -0.0450 -0.0032 126.2310
400 272 -0.0175  0.0033 161.3043
432 272 -0.0283  0.0012 100.9828
464 272 -0.0250  0.0140 172.9560
496 272 -0.0261  0.0215 152.4129
528 272 -0.0304  0.0272 192.2953
560 272 -0.0749  0.0094 16.3798
592 272 -0.0260  0.0211 105.7785
624 272  0.0002 -0.0301 114.8775
656 272 -0.0523  0.0023 165.0749
 16 304 -0.2672 -0.4278 251.0915
 48 304 -0.3187 -0.4281 175.0630
 80 304 -0.1150 -0.2275 163.0707
112 304 -0.0989 -0.2298 192.9873
144 304 -0.1339 -0.1648 225.6675
176 304 -0.1116 -0.2165 131.3956
208 304 -0.0625 -0.0218 21.2101
240 304 -0.0934 -0.0707 302.7460
272 304 -0.0415 -0.0659 168.0491
304 304 -0.0987 -0.0350 253.3216
336 304 -0.0581 -0.0453 111.4902
368 304 -0.1147 -0.0274 139.9361
400 304 -0.0652 -0.0069 61.1489
432 304 -0.0638 -0.0077 123.0426
464 304 -0.0018  0.0755 410.2094
496 304 -0.0226  0.0276 131.7858
528 304 -0.0207  0.0024 56.7971
560 304 -0.0358 -0.0047 303.6257
592 304 -0.0200  0.0056 123.6653
624 304 -0.0047  0.0043 137.2229
656 304 -0.0000  0.0022 194.4536
 16 336 -0.1078 -0.2217 98.9256
 48 336 -0.4005 -0.2931 70.1053
 80 336 -0.1751 -0.3700 114.0237
112 336 -0.1749 -0.3085 62.1439
144 336 -0.0589 -0.4363 82.3880
176 336 -0.0924 -0.3441 63.2679
208 336 -0.2134 -0.1770 245.5820
240 336 -0.0865 -0.1042 223.2762
272 336 -0.0338 -0.0300 256.2612
304 336 -0.0978 -0.1232 236.8082
336 336 -0.0916 -0.0311 167.0716
368 336 -0.0611 -0.0077 128.1998
400 336 -0.0668 -0.0154 78.4029
432 336 -0.0324 -0.0225 254.0753
464 336 -0.0318 -0.0005 172.9381
496 336 -0.0294  0.0001 139.7747
528 336 -0.0055 -0.0002 198.5747
560 336 -0.0210  0.0062 209.5500
592 336 -0.0034 -0.0192 49.3624
624 336 -0.0162 -0.0101 122.6871
656 336 -0.0137 -0.0161 88.7479
 16 368 -0.1335 -0.2053 49.4911
 48 368 -0.1462 -0.2788 189.9934
 80 368 -0.2037 -0.1256 67.8760
112 368 -0.5767 -0.2429 64.0628
144 368 -0.2245 -0.2610 53.6627
176 368 -0.3519 -0.4061 139.9403
208 368 -0.0765 -0.1237 49.7258
240 368 -0.1857 -0.2003 158.5134
272 368 -0.0355 -0.0915 39.2123
304 368 -0.1055 -0.1136 175.7721
336 368 -0.1292 -0.0670 282.9263
368 368 -0.0424 -0.0809 217.0294
400 368 -0.0406 -0.0221 120.0068
432 368 -0.0242 -0.0195 64.0089
464 368 -0.0675 -0.0113 214.5296
496 368 -0.0790  0.0140 88.1830
528 368 -0.0387 -0.0069 186.5259
560 368 -0.0206  0.0120 175.9645
592 368 -0.0202 -0.0111 189.5311
624 368 -0.0128 -0.0196 151.1033
656 368 -0.0144 -0.0145 80.3721
 16 400 -0.2391 -0.2037 89.7436
 48 400 -0.2785 -0.1904 36.6832
 80 400 -0.3094 -0.4058 231.8573
112 400 -0.5164 -0.1068 210.0583
144 400 -0.1832 -0.3831 179.8512
176 400 -0.5826 -0.1841 160.1643
208 400 -0.0626 -0.4169 47.1337
240 400 -0.3128 -0.1395 198.4198
272 400 -0.1643 -0.1888 39.2148
304 400 -0.1021 -0.1018 164.4052
336 400 -0.0830 -0.0576 184.1758
368 400 -0.0913 -0.0776 226.8607
400 400 -0.0866 -0.0110 129.1492
432 400 -0.0399 -0.0222 208.9427
464 400 -0.0737 -0.0023 150.9116
496 400 -0.0668 -0.0098 145.8487
528 400 -0.0426 -0.0199 181.8115
560 400 -0.0322  0.0037 96.2327
592 400 -0.0109 -0.0437 167.0846
624 400 -0.0033 -0.0199 154.8915
656 400  0.0113 -0.0376 147.6339
 16 432 -0.3631 -0.2809 137.8064
 48 432 -0.2702 -0.6945 88.4619
 80 432 -0.1720 -0.2306 141.6504
112 432 -0.3560 -0.1993 97.4069
144 432 -0.2726 -0.4054 191.1400
176 432 -0.2002 -0.1207 330.4294
208 432 -0.3348 -0.1739 200.9370
240 432 -0.2089 -0.2432 92.8757
272 432 -0.1183 -0.1797 50.6610
304 432 -0.1539 -0.1291 120.7591
336 432 -0.1237 -0.0956 158.1075
368 432 -0.1720 -0.0660 103.9732
400 432 -0.0270 -0.0070 327.9585
432 432 -0.0751 -0.0498 204.8961
464 432 -0.0563  0.0052 79.0225
496 432 -0.0368 -0.0223 21.6926
528 432 -0.0569  0.0140 185.8660
560 432 -0.0430 -0.0145 103.6982
592 432 -0.0168 -0.0230 130.2905
624 432 -0.0244 -0.0311 133.1360
656 432  0.0475  0.0319 90.1059
 16 464 -0.2934 -0.1531 32.8889
 48 464 -0.2051 -0.2870 73.1653
 80 464 -0.7544 -0.3278 141.4979
112 464 -0.5360 -0.2343 64.6919
144 464 -0.5276 -0.2810 146.5803
176 464 -0.9354 -0.1938 193.0214
208 464 -0.1932 -0.5490 166.2773
240 464 -0.1429 -0.3620 237.8179
272 464 -0.1493 -0.1717 129.9115
304 464 -0.2530 -0.2329 191.9696
336 464 -0.1588 -0.1244 164.0760
368 464 -0.0905 -0.0713 147.5920
400 464 -0.1050 -0.0346 129.0096
432 464 -0.1103 -0.0484 68.8165
464 464 -0.0911 -0.0075 140.1577
496 464 -0.0730 -0.0428 81.7622
528 464 -0.0807 -0.0515 137.4530
560 464 -0.0403 -0.0260 119.4059
592 464 -0.0347 -0.0250 177.4097
624 464 -0.0158 -0.0264 169.9154
656 464 -0.0380 -0.0510 180.6031
 16 496 -0.5923 -0.2532 73.1374
 48 496 -0.1055 -0.5300 68.2234
 80 496 -0.7198 -0.3183 129.7200
112 496 -0.8242 -0.6222 194.8220
144 496 -0.2689 -0.7782 119.6036
176 496 -0.1438 -0.8058 142.3487
208 496 -0.2680 -0.4524 32.9770
240 496 -0.1812 -0.2412 42.2028
272 496 -0.1736 -0.2724 138.7237
304 496 -0.3031 -0.2466 104.4696
336 496 -0.1165 -0.0805 18.7850
368 496 -0.1663 -0.1638 170.9034
400 496 -0.1325 -0.0793 176.9803
432 496 -0.1047 -0.0781 156.2703
464 496 -0.1070 -0.0627 111.7839
496 496 -0.0819 -0.0418 196.4527
528 496 -0.0552 -0.0243 159.2683
560 496 -0.0549 -0.0060 99.3551
592 496  0.0058 -0.0780 116.6957
624 496 -0.0340 -0.0664 81.9938
656 496  0.0195 -0.0171 118.6042
 16 528 -0.1912 -0.2039 41.9770
 48 528 -0.3709 -0.4626 108.3767
 80 528 -0.3237 -0.2538 143.0143
112 528 -0.6525 -0.5220 245.6797
144 528 -0.5261 -0.4363 40.7839
176 528 -0.3816 -0.3364 123.2783
208 528 -0.3937 -0.3397 27.1146
240 528 -0.4759 -0.2987 128.1543
272 528 -0.4046 -0.4218 70.1882
304 528 -0.2861 -0.3098 310.9181
336 528 -0.2274 -0.2816 205.1640
368 528 -0.1792 -0.2304 136.9933
400 528 -0.1449 -0.1203 64.3242
432 528 -0.0994 -0.1157 91.6524
464 528 -0.0643 -0.0993 122.0039
496 528 -0.0873 -0.1587 126.6520
528 528 -0.0432 -0.0305 86.8936
560 528 -0.0422 -0.0520 94.7013
592 528  0.0699 -0.0640 141.1522
624 528 -0.0277 -0.0992 105.4524
656 528  0.0012 -0.1622 71.7656
 16 560 -0.2369 -0.1592 48.5772
 48 560 -1.0760 -0.4616 149.1117
 80 560 -0.2488 -0.5748 282.5933
112 560 -0.4679 -0.5571 147.2207
144 560 -0.7740 -0.5673 17.2125
176 560 -0.8944 -0.9094 32.4548
208 560 -0.8976 -0.6969 21.5596
240 560 -0.6574 -0.7834 139.2578
272 560 -0.2310 -0.3051 23.9354
304 560 -0.7441 -0.3587 119.0779
336 560 -0.2935 -0.3478 31.6683
368 560 -0.1322 -0.2162 192.1082
400 560 -0.0857 -0.0357 338.0454
432 560 -0.1661 -0.2300 218.8065
464 560 -0.0718 -0.1151 142.0851
496 560 -0.0215 -0.1672 247.9495
528 560 -0.0529 -0.0999 312.2621
560 560 -0.0365 -0.0953 170.6492
592 560  0.0109 -0.0443 176.0489
624 560  0.0127 -0.0883 94.5933
656 560  0.0046 -0.1189 141.8783
 16 592 -0.7401 -0.2307 82.9229
 48 592 -0.9748 -0.9098 140.2807
 80 592 -0.7271 -0.6749 175.3058
112 592 -0.9129 -0.7760 31.4278
144 592 -1.1747 -0.9938 80.0471
176 592 -1.1965 -0.7511 224.2479
208 592 -0.2182 -0.1576 11.5435
240 592 -0.7666 -0.5154 89.5719
272 592 -0.7770 -0.3820 190.0712
304 592 -0.5074 -0.2622 32.5640
336 592 -1.0972 -0.6073 58.6727
368 592 -0.3253 -0.1138 80.4588
400 592 -0.3301 -0.1830 276.6878
432 592 -0.2718 -0.1879 282.6119
464 592 -0.2047 -0.2229 122.6451
496 592 -0.0064 -0.2928 272.3266
528 592 -0.1111 -0.4128 378.0680
560 592 -0.1231 -0.1972 132.4190
592 592  0.0243 -0.1204 71.0136
624 592  0.0045 -0.0819 45.7382
656 592  0.0076 -0.0808 211.8965
 16 624 -0.2928 -0.1052 45.3140
 48 624 -0.8963 -1.0299 127.8585
 80 624 -0.4522 -0.2429 86.4565
112 624 -0.4763 -0.4288 65.1127
144 624 -0.9247 -0.7055 98.7613
176 624 -1.1219 -0.5435 201.2971
208 624 -0.8690 -0.7812 141.4614
240 624 -0.6070 -0.3899 21.2497
272 624 -0.6779 -0.0502 297.2006
304 624 -0.8003 -0.3791 30.4271
336 624 -0.5406 -0.3710 122.3888
368 624 -0.3938 -0.3592 57.4653
400 624 -0.2929 -0.2738 133.1000
432 624 -0.1953 -0.1819 235.9389
464 624 -0.1425 -0.1859 60.5114
496 624 -0.0519 -0.3445 124.9620
528 624  0.0101 -0.1960 155.1017
560 624  0.1910 -0.1800 218.7671
592 624  0.0735 -0.0946 130.6992
624 624  0.0140  0.0292 272.1115
656 624 -0.0453 -0.0329 66.5593
 16 656 -0.1602 -0.4051 64.8755
 48 656 -0.4594 -0.0596 171.6272
 80 656 -0.9376 -0.2116 117.3131
112 656 -0.3163 -0.1955 223.7868
144 656 -0.8514 -0.4607 167.0665
176 656 -0.3649 -0.2501 60.9283
208 656 -1.2000 -1.1968 42.1872
240 656 -0.7934 -0.4024 130.0395
272 656 -1.2717 -0.8457 62.5161
304 656 -0.9207 -0.5782 159.3484
336 656 -0.5002 -0.3797 187.6418
368 656 -0.3188 -0.2540 154.0577
400 656 -0.2579 -0.3985 108.5426
432 656 -0.1552 -0.3187 124.7965
464 656  0.0869 -0.6090 113.1447
496 656  0.1031 -0.6933 120.7992
528 656  0.1526 -0.2440 145.2974
560 656  0.3929 -0.2445 93.1558
592 656  0.2992  0.0186 95.5537
624 656  0.0305  0.0970 147.2628
656 656 -0.1249  0.2114 33.5712
 16 688 -0.0913 -0.0532 75.8562
 48 688 -0.0243 -0.0679 169.6296
 80 688 -0.1678 -0.0993 150.4513
112 688 -1.1210 -0.9544 61.0716
144 688 -0.7157 -0.7165 46.7468
176 688 -0.9448 -0.7992 193.2847
208 688 -0.0503 -0.4318 25.5492
240 688 -0.2286 -0.2660 72.7204
272 688 -1.1960 -0.8128 82.8875
304 688 -0.6282 -0.7072 203.3824
336 688 -0.6434 -0.6845 194.7285
368 688 -0.3841 -0.5002 144.6026
400 688 -0.1835 -0.4316 60.3152
432 688 -0.0524 -0.3304 16.8300
464 688  0.2391 -0.5548 171.2239
496 688  0.6413 -1.0263 77.5321
528 688  0.7921 -0.2043 76.3545
560 688  1.5098 -0.2543 47.2729
592 688  1.0036  0.1584 55.9497
624 688  0.2085  0.6039 80.4791
656 688  0.1687 -0.0903 22.0887
 16 720 -0.1160 -0.0470 24.0436
 48 720 -0.1137 -0.0442 67.9853
 80 720 -0.0389 -0.0973 23.7550
112 720 -0.3000 -0.3132 299.9269
144 720 -0.1406 -0.4578 137.6407
176 720 -0.6664 -0.9185 86.8824
208 720 -0.7426 -0.8461 116.9990
240 720 -0.6309 -0.8031 37.8407
272 720 -1.0841 -0.8778 147.4157
304 720 -1.0662 -0.8159 220.2203
336 720 -0.3153 -0.3617 71.8713
368 720 -0.1654 -0.5496 116.9537
400 720 -0.0808 -0.5916 262.7661
432 720  0.2409 -0.8617 207.6933
464 720  0.2377 -0.3728 52.8407
496 720  0.9153 -1.2093 63.8296
528 720  0.0954 -0.3847 51.7520
560 720 -0.6077 -0.6685 30.3835
592 720 -0.4651 -0.9674 103.5819
624 720 -0.4533 -0.7512 26.2260
656 720 -0.1862 -0.4784  9.7379
 16 752 -0.0201 -0.0174 84.7211
 48 752 -0.0434 -0.0548 88.5373
 80 752 -0.0732 -0.1203 283.1611
112 752 -0.1005 -0.4203 190.2335
144 752 -0.5293 -0.4089 92.3303
176 752 -0.1956 -0.0999 68.7580
208 752 -0.8227 -1.3008 167.7272
240 752 -0.3379 -0.6838 136.3932
272 752 -0.6036 -0.7660 217.3845
304 752 -0.5372 -0.8243 141.9025
336 752 -0.9330 -0.8095 94.5665
368 752 -0.0992 -0.5032 27.4763
400 752 -0.0077 -0.7482 190.7247
432 752  0.1807 -0.3817 36.9746
464 752  0.5292 -1.1951 68.5073
496 752  0.6922 -2.3343 25.5152
528 752 -1.2555 -1.9997  8.1623
560 752 -3.0257 -3.0676  8.8007
592 752 -0.0852 -0.0292 13.5577
624 752  0.0838  1.1745 16.1214
656 752  0.4319  1.5985 27.0432
 16 784 -0.0307 -0.0627 87.9087
 48 784 -0.0170 -0.0623 67.1726
 80 784 -0.0209 -0.1167 101.9568
112 784 -0.1009 -0.1044 370.2293
144 784 -0.0795 -0.2513 198.0184
176 784 -0.1925 -0.4556 132.9833
208 784 -0.1575 -1.0360 168.9718
240 784 -0.3620 -0.5738 234.4296
272 784 -0.1789 -0.6491 117.2714
304 784 -0.1298 -0.4216 106.4513
336 784 -0.3112 -0.7202 212.5376
368 784 -0.0429 -0.8031 163.0617
400 784  0.0415 -0.8309 52.3784
432 784  0.2802 -0.8960 31.7829
464 784 -1.8515 -0.1527 13.3516
496 784 -0.0366  0.0012 12.0078
528 784  0.2003 -0.1769  6.7815
560 784  0.2652 -0.2351 11.3382
592 784 -0.3005 -0.1719 22.9144
624 784  0.0496  0.7896 100.4237
656 784  0.0706  0.7000 43.5983
 16 816 -0.0123  0.0009 47.6783
 48 816  0.0055 -0.0377 66.9877
 80 816 -0.0145 -0.0770 44.4527
112 816 -0.0654 -0.1328 265.3697
144 816 -0.0695 -0.1679 159.4464
176 816 -0.0408 -0.1655 354.7896
208 816 -0.1287 -0.3209 170.1721
240 816 -0.1415 -0.4400 41.0998
272 816 -0.2500 -0.6663 57.4190
304 816  0.0339 -0.2128 17.3293
336 816 -0.0991 -0.7402 150.3782
368 816 -0.1092 -1.1088 111.8306
400 816  0.0337 -1.1515 179.2021
432 816 -0.1017 -0.4474 12.6632
464 816 -0.1409 -1.0805 16.7073
496 816 -0.4342  0.3660  9.5463
528 816 -0.4016 -0.0769  7.7522
560 816 -0.4837 -0.3204 25.9637
592 816 -0.1953  0.2689 68.8708
624 816 -0.0298  0.1979 121.6236
656 816  0.1846  0.0297 25.6064
 16 848  0.0433 -0.0516 46.9030
 48 848  0.0293 -0.0984 100.3875
 80 848  0.0190 -0.0510 178.2257
112 848 -0.0061 -0.1344 143.5746
144 848 -0.0186 -0.1344 299.6959
176 848 -0.0893 -0.3114 103.2197
208 848 -0.1047 -0.2115 98.8767
240 848 -0.1503 -0.3358 102.0598
272 848 -0.2435 -0.6520 57.7786
304 848 -0.2885 -0.6819 121.7629
336 848 -0.2098 -0.8464 74.9039
368 848 -0.0671 -0.9469 114.0376
400 848 -0.0154 -0.4884 19.7556
432 848 -0.0724 -0.6549 13.1802
464 848 -0.1030 -0.2849 19.4999
496 848 -0.0779 -0.0609  8.1093
528 848 -0.3002 -0.2324  7.2695
560 848 -0.0665 -0.0604 36.1631
592 848 -0.0951 -0.0677 41.9726
624 848  0.0028 -0.1641 128.1923
656 848  0.1308 -0.1021 18.2329
 16 880 -0.0005  0.0016 40.3179
 48 880  0.0199 -0.0189 135.7578
 80 880  0.0252 -0.0383 146.2133
112 880  0.0613 -0.2337 146.9840
144 880  0.0084 -0.0944 30.1653
176 880 -0.0099 -0.1619 220.4449
208 880 -0.0903 -0.1309 165.8997
240 880 -0.0673 -0.2806 48.8929
272 880 -0.2266 -0.3898 75.9960
304 880 -0.2533 -0.3685 162.3546
336 880 -0.4463 -0.7975 108.0863
368 880 -0.0378 -0.8907 13.0599
400 880 -0.0233 -0.9857 14.1490
432 880 -0.0418 -0.1321 10.3980
464 880 -0.1095 -0.1055 10.7734
496 880 -0.1014 -0.0861  4.2226
528 880 -0.0738 -0.0547 17.6140
560 880  0.0987  0.0185  8.5724
592 880  0.1152  0.0096  8.2815
624 880  0.0127 -0.0719 37.3665
656 880  0.0630  0.0154 10.5298
 16 912  0.0287  0.0096 20.8130
 48 912  0.0907 -0.0476 55.0754
 80 912  0.0344 -0.1549 220.8707
112 912  0.0304 -0.1027 99.7945
144 912  0.0294 -0.1521 238.4161
176 912 -0.0135 -0.1349 39.7996
208 912 -0.0252 -0.0543 42.7900
240 912 -0.0630 -0.3290 40.1234
272 912 -0.4175 -0.2704 142.9697
304 912 -1.0857 -0.8587 135.3946
336 912 -1.2902 -0.8868 159.8520
368 912 -0.0021 -0.0305 10.6785
400 912 -0.0621 -0.9951 12.0907
432 912 -0.0814 -0.4336  9.1393
464 912 -0.0698 -0.0677  5.0287
528 912  0.0110 -0.0075  5.2390
560 912  0.0714  0.0125  5.4100
624 912 -0.0100  0.0222  9.2432
656 912  0.1534  0.0154  5.7636
 16 944  0.0742 -0.0133 63.2758
 48 944  0.0175 -0.0143 17.1694
 80 944  0.0228 -0.0518 299.5599
112 944  0.0485 -0.0534 279.3086
144 944  0.0177 -0.0249 31.9864
176 944 -0.0048 -0.0536 346.5143
208 944 -0.0242 -0.0754 166.4230
240 944 -0.1181 -0.0209 108.9503
272 944 -0.5272 -0.1389 42.8406
304 944 -1.2061  0.0550 117.9835
336 944 -0.5358 -0.0385 26.3601
368 944 -0.1743 -0.1581 10.8784
400 944 -0.1778 -0.4739  7.2540
432 944 -0.2131 -0.2329  4.9178
464 944 -0.0588 -0.0790  4.6530
496 944  0.0287 -0.0055  4.9215
624 944 -0.0483  0.0010  5.0350
656 944  0.0338  0.0000  4.3834
 16 976  0.1009 -0.0051 120.3677
 48 976  0.0838 -0.0318 38.2204
 80 976  0.0768 -0.0102 42.1135
112 976  0.0176 -0.0311 198.8198
144 976  0.0936  0.0286 26.9195
176 976  0.0266 -0.0036 139.4550
208 976 -0.0452 -0.0157 143.6959
240 976 -0.0636  0.0868 52.8500
272 976 -0.3421  0.2174 55.4063
304 976 -0.6762  0.6919 23.9220
336 976 -0.3963 -0.8499 10.9086
368 976 -0.3476 -2.8997  7.1576
400 976 -0.0062 -0.4637  8.3843
432 976 -0.3176 -0.3610 14.5947
464 976 -0.0571 -0.1081 28.7676
496 976  0.0731 -0.0412  5.7324
528 976  0.0425  0.0000  4.2402
 16 1008  0.0232 -0.0205 25.0270
 48 1008  0.0866 -0.0191 110.4586
 80 1008  0.1627  0.0017 102.5988
112 1008  0.0385 -0.0092 166.9220
144 1008  0.0960 -0.0092 149.5586
176 1008  0.0493  0.0005 228.9384
208 1008  0.0244 -0.0217 33.0383
240 1008  0.0280  0.0894 45.4094
272 1008 -0.0162  0.1333 355.9297
304 1008  0.0346  0.1672 12.9936
336 1008  0.4730  0.4880 16.8271
368 1008  0.8731  0.7266 44.2760
400 1008 -1.5516 -2.2588 15.7130
432 1008 -0.0469 -0.0952 12.7799
464 1008 -0.6615 -0.6864 89.3533
496 1008 -0.0024 -0.0130 18.9914
528 1008  0.0614 -0.0482  8.1457
560 1008  0.0528 -0.0928  4.9993
 16 1040  0.1101 -0.0022 178.0122
 48 1040  0.0687  0.0183 51.8508
 80 1040  0.0839  0.0047 177.5518
112 1040  0.0380 -0.0046 43.8773
144 1040  0.0337 -0.0181 289.3635
176 1040  0.0527  0.0007 318.6165
208 1040  0.0518  0.0213 227.3165
240 1040  0.0649  0.0297 98.8801
272 1040  0.2735  0.0479 134.3967
304 1040  0.5665  0.4051 32.7021
336 1040  1.0932  0.4408 142.6717
368 1040  1.0779 -0.1836 166.1731
400 1040  0.4765 -0.5632 15.9103
432 1040 -0.1309 -1.3425 56.8141
464 1040 -0.1243 -0.1191 45.6110
496 1040  0.0054  0.0069 15.5981
528 1040 -0.0359  0.0147 11.1671
560 1040  0.0023  0.0087 10.5655
592 1040  0.1170 -0.0118  5.0179
 16 1072  0.1419  0.0017 114.1328
 48 1072  0.1626 -0.0105 105.1903
 80 1072  0.1140 -0.0069 270.0893
112 1072  0.0765  0.0097 206.8226
144 1072  0.0618  0.0090 23.7200
176 1072  0.0728  0.0026 54.1704
208 1072  0.1854  0.0393 56.0138
240 1072  0.1776 -0.0132 91.2065
272 1072  0.8664  0.0538 105.2773
304 1072  0.3345  0.0018 60.0489
336 1072  0.4324 -0.0374 142.3966
368 1072  0.6832 -0.6137 165.7501
400 1072  0.1725 -0.7241 24.1872
432 1072  0.0071 -0.5067 28.5580
464 1072 -0.0295 -0.2809  8.7119
496 1072 -0.0294  0.0441 14.3513
528 1072  0.0318  0.0925 10.7053
560 1072  0.0152 -0.1079  6.7534
592 1072 -0.0092 -0.0804  8.1660
624 1072  0.0581 -0.0075  4.8135
656 1072 -0.0023 -0.0366  4.6673
 16 1104  0.0251  0.0166 15.1728
 48 1104  0.0300 -0.0057 107.3863
 80 1104  0.0387 -0.0286 44.7092
112 1104  0.0795  0.0088 192.8481
144 1104  0.0624 -0.0338 58.1846
176 1104  0.0770 -0.0109 59.6737
208 1104  0.1489 -0.0416 88.1166
240 1104  0.0896 -0.0169 141.2142
272 1104  0.5298 -0.0309 100.1869
304 1104  0.3435 -0.0779 71.3439
336 1104  0.3788 -0.2208 115.2743
368 1104  0.1235 -0.2124 94.4776
400 1104  0.0448 -0.1473 23.4740
432 1104  0.0054 -0.2129 30.2011
464 1104  0.0045 -0.0689 24.3361
496 1104 -0.0099 -0.0017 14.2438
528 1104 -0.0253 -0.0157 11.9946
560 1104 -0.0029 -0.0412 13.1760
592 1104  0.0098 -0.0377  9.2769
624 1104 -0.0293 -0.0393  9.2169
656 1104  0.0260 -0.0016  8.9663
 16 1136  0.0450 -0.0017 21.3486
 48 1136  0.0461 -0.0127 96.5262
 80 1136  0.0204 -0.0184 64.2519
112 1136  0.0294  0.0111 50.1079
144 1136  0.0670 -0.0023 174.0186
176 1136  0.0512 -0.0128 105.9966
208 1136  0.2605 -0.0017 159.2411
240 1136  0.1264 -0.0016 53.9805
272 1136  0.1391 -0.0118 62.8710
304 1136  0.1496 -0.1900 292.2298
336 1136  0.1527 -0.1883 159.9295
368 1136  0.1339 -0.1560 49.8063
400 1136  0.2616 -0.2452 206.3053
432 1136 -0.0029 -0.0887 14.0089
464 1136  0.0849 -0.8964 77.8544
496 1136  0.0294 -0.1369 21.2055
528 1136  0.0398 -0.0240 21.9918
560 1136 -0.0035  0.0309 11.3685
592 1136  0.0438  0.0155 13.4386
624 1136 -0.0024  0.0317 14.3182
656 1136 -0.0124  0.0537 17.4649
 16 1168  0.0084 -0.0061 28.7441
 48 1168  0.0271 -0.0011 25.8686
 80 1168  0.0480 -0.0038 69.6597
112 1168  0.0133  0.0247 151.4301
144 1168  0.0674 -0.0103 296.2968
176 1168  0.0589 -0.0383 85.7859
208 1168  0.0722 -0.0416 62.1119
240 1168  0.0601 -0.0603 151.4964
272 1168  0.1218 -0.1248 143.4429
304 1168  0.1027 -0.1066 242.6303
336 1168  0.1552 -0.1246 124.0538
368 1168  0.1296 -0.2030 109.1180
400 1168  0.0174 -0.1253 46.5852
432 1168 -0.0042 -0.0640 16.8598
464 1168  0.0258 -0.5934 80.3496
496 1168  0.0162 -0.0286 22.1340
528 1168  0.0010  0.0140 20.2267
560 1168  0.0108  0.0086 12.2413
592 1168  0.0250  0.0268 11.9484
624 1168  0.0261 -0.0041 14.5633
656 1168 -0.0109 -0.0094 12.9070
 16 1200  0.0500  0.0002 16.5380
 48 1200  0.0393 -0.0041 27.6415
 80 1200  0.0379 -0.0178 16.2671
112 1200  0.0483  0.0139 74.0479
144 1200  0.0416  0.0057 26.2890
176 1200  0.0913 -0.0383 162.8031
208 1200  0.1580 -0.0444 48.9048
240 1200  0.0527 -0.0679 58.6042
272 1200  0.0608 -0.1031 95.6321
304 1200  0.0694 -0.1223 201.2099
336 1200  0.1211 -0.1152 159.4861
368 1200  0.1241 -0.0677 184.0889
400 1200  0.3560 -0.2530 52.9941
432 1200  0.0879 -0.1754 127.6477
464 1200  0.0646 -0.1267 82.9549
496 1200  0.0243 -0.0327 20.4740
528 1200 -0.0231  0.0110 23.1305
560 1200  0.0555 -0.0004 13.4125
592 1200 -0.0168  0.0198 15.2151
624 1200  0.0297 -0.1304 26.7754
656 1200  0.0198 -0.0327 13.9387
  0   0 -0.0324 -0.1381  0.0000
  0   0 -0.0690 -0.3475  0.0000
  0   0 -0.0850 -0.6690  0.0000
  0   0 -0.1335 -0.2981  0.0000
  0   0 -0.1423 -0.0296  0.0000
  0   0 -0.1285  0.1065  0.0000
  0   0 -0.1160  0.1874  0.0000
  0   0 -0.1221  0.1888  0.0000
  0   0 -0.1349  0.1922  0.0000
  0   0 -0.0827  0.2445  0.0000
  0   0 -0.0121  0.3227  0.0000
  0   0  0.0227  0.4194  0.0000
  0   0  0.0520  0.2938  0.0000
  0   0  0.0623  0.1018  0.0000
