VARIABLES= "X pix", "Y pix", "U pix/dt", "V pix/dt", "CHC", ZONE I=21, J=30
 16 272 -0.0906 -0.0928 68.1787
 48 272 -0.2295 -0.1676 213.8287
 80 272 -0.1349 -0.1784 164.2594
112 272 -0.1304 -0.2101 225.1986
144 272 -0.0931 -0.0872 199.3700
176 272 -0.0709 -0.0390 258.0403
208 272 -0.0962 -0.0525 69.0315
240 272 -0.0345 -0.0349 90.7238
272 272 -0.0213 -0.0037 189.2275
304 272 -0.0687 -0.0190 116.3422
336 272 -0.1056 -0.0156 114.6714
368 272 -0.0105  0.0355 126.5316
400 272 -0.0230  0.0437 249.1334
432 272 -0.0979  0.0274 179.2074
464 272 -0.0054  0.0537 92.0113
496 272 -0.0506  0.1107 156.1673
528 272 -0.0557 -0.0413 142.6061
560 272 -0.0340  0.0686 22.2449
592 272  0.0012  0.0759 113.7816
624 272 -0.0574  0.0142 115.2665
656 272 -0.0165  0.0482 166.1958
 16 304 -0.1711 -0.1303 137.1496
 48 304 -0.2402 -0.0583 434.4928
 80 304 -0.1775 -0.2025 163.3521
112 304 -0.0729 -0.1643 252.6858
144 304 -0.1423 -0.1017 121.6322
176 304 -0.0473 -0.0730 307.8189
208 304 -0.0613 -0.0827 280.8289
240 304 -0.0920 -0.0893 98.1700
272 304 -0.1554 -0.0439 140.0318
304 304 -0.0996 -0.0229 125.1805
336 304 -0.0469 -0.0129 94.4845
368 304 -0.0595  0.0130 82.9119
400 304 -0.0372 -0.0071 32.8709
432 304 -0.0230  0.0367 62.2761
464 304 -0.0084  0.0611 139.8233
496 304 -0.0292  0.0944 200.2295
528 304 -0.0359  0.0540 145.3389
560 304 -0.1390  0.0900 182.5274
592 304 -0.0016  0.0172 181.4623
624 304 -0.0045  0.0428 333.4592
656 304  0.0049  0.0159 89.6771
 16 336 -0.2737 -0.2435 38.5695
 48 336 -0.0122 -0.3820 117.8545
 80 336 -0.2361 -0.2108 172.5154
112 336 -0.2665 -0.1327 151.4544
144 336 -0.1674 -0.2030 262.7798
176 336 -0.1444 -0.2310 266.6636
208 336 -0.0294 -0.1126 28.8769
240 336 -0.0996 -0.0954 174.4372
272 336 -0.0344 -0.0314 50.8485
304 336 -0.1823 -0.0611 85.3467
336 336 -0.0587 -0.0477 267.1743
368 336 -0.0211  0.0081 147.7887
400 336 -0.0466  0.0160 116.6031
432 336 -0.0441  0.0544 159.2551
464 336 -0.0250  0.0784 173.4989
496 336 -0.0687  0.0587 89.1998
528 336 -0.0057  0.0291 165.1076
560 336 -0.0245 -0.0013 139.0551
592 336 -0.0200  0.0367 244.8849
624 336 -0.0039  0.0366 112.7660
656 336 -0.0153  0.0521 119.2809
 16 368 -0.1551 -0.1555 37.8812
 48 368 -0.0286 -0.2144 66.6163
 80 368 -0.1089 -0.2958 237.6979
112 368 -0.1820 -0.2170 40.1443
144 368 -0.3753 -0.1950 29.1235
176 368 -0.1216 -0.1134 141.9010
208 368 -0.1259 -0.3039 151.5074
240 368 -0.2727 -0.2105 163.1028
272 368 -0.1168 -0.0817 28.1169
304 368 -0.0457 -0.0381 413.4460
336 368 -0.0997 -0.0682 302.3892
368 368 -0.0500 -0.0101 216.1428
400 368 -0.0425 -0.0035 416.0969
432 368 -0.0332  0.0357 215.6800
464 368 -0.0229  0.0466 103.1452
496 368 -0.0466  0.0711 343.2208
528 368 -0.0336  0.0719 118.4066
560 368  0.0080  0.0582 63.8481
592 368 -0.0598  0.0461 159.4032
624 368 -0.0165  0.0629 184.1347
656 368 -0.0212  0.0302 121.8334
 16 400 -0.1909 -0.8110 68.1500
 48 400 -0.2518 -0.1594 193.8383
 80 400 -0.4074 -0.4251 182.1873
112 400 -0.1560 -0.2177 93.5925
144 400 -0.5065 -0.1396 27.5597
176 400 -0.3339 -0.3225 119.7211
208 400 -0.1392 -0.1396 111.2616
240 400 -0.2605 -0.2399 318.1488
272 400 -0.0630 -0.1197 360.7831
304 400 -0.0874 -0.0769 197.2413
336 400 -0.1264 -0.1036 46.2553
368 400 -0.0428 -0.0482 56.9792
400 400 -0.0746 -0.0017 37.1250
432 400 -0.0285  0.0216 223.1970
464 400 -0.0389  0.0797 185.6294
496 400 -0.0246  0.0047 31.3021
528 400 -0.0248  0.0950 142.7978
560 400 -0.0267  0.0462 191.6301
592 400  0.0184  0.0986 160.5045
624 400 -0.0039  0.0312 139.3224
656 400 -0.0163  0.0949 152.4868
 16 432 -0.3823 -0.1238 121.7609
 48 432 -0.3592 -0.3804 169.2168
 80 432 -0.6721  0.0323 145.2582
112 432 -0.9027 -0.1359 108.6842
144 432 -0.4957 -0.2813 205.9532
176 432 -0.3250 -0.2934 192.7123
208 432 -0.3874 -0.2435 72.5737
240 432 -0.1538 -0.1875 261.7476
272 432 -0.3028 -0.2701 193.4258
304 432 -0.1245 -0.0980 27.7984
336 432 -0.0892 -0.0802 342.7835
368 432 -0.1084 -0.0564 209.0060
400 432 -0.0752 -0.0372 178.2820
432 432 -0.0888  0.0668 149.8247
464 432 -0.0717  0.0753 132.5798
496 432 -0.0361  0.0405 137.4229
528 432  0.0121  0.0743 95.0017
560 432 -0.0308  0.0629 92.4631
592 432  0.0247  0.0858 121.3100
624 432  0.0078  0.0501 135.9289
656 432 -0.0138  0.0330 103.0715
 16 464 -0.2482 -0.4359 65.8113
 48 464 -0.7537 -0.7661 198.1606
 80 464 -0.2864 -0.2934 162.5168
112 464 -0.2850 -0.2879 150.1492
144 464 -0.2723 -0.3120 142.2621
176 464 -0.3809 -0.3413 162.4823
208 464 -0.3851 -0.7978 116.1414
240 464 -0.2730 -0.3569 171.7057
272 464 -0.0829 -0.0502 289.9545
304 464 -0.1931 -0.1641 125.3637
336 464 -0.1306 -0.0761 139.2176
368 464 -0.1250 -0.0930 266.6397
400 464 -0.0280 -0.0210 93.2617
432 464 -0.0406 -0.0279 57.1449
464 464 -0.0369  0.0273 82.5698
496 464  0.0080  0.0640 88.0726
528 464 -0.0054  0.0357 139.4673
560 464 -0.0329  0.0225 158.9804
592 464  0.0159  0.1122 139.0348
624 464  0.0164 -0.0081 93.1594
656 464  0.0009 -0.0001 191.8364
 16 496 -0.3165 -0.2039 52.9964
 48 496 -0.0711 -0.1251 14.1843
 80 496 -1.0097 -0.4671 120.1445
112 496 -1.2904 -0.8127 171.0936
144 496 -0.3204 -0.6177 192.3375
176 496 -0.6960 -0.1649 54.4977
208 496 -0.2765 -0.7633 91.7655
240 496 -0.2753 -0.4464 30.1848
272 496 -0.2356 -0.0702 64.8897
304 496 -0.1485 -0.3375 51.9153
336 496 -0.1045 -0.1839 259.2796
368 496 -0.0832 -0.1295 56.2242
400 496 -0.0767 -0.0474 21.8609
432 496 -0.0782 -0.0068 136.7529
464 496 -0.0788 -0.0253 306.1000
496 496 -0.0352  0.0425 128.8243
528 496 -0.0291  0.0634 100.7959
560 496 -0.0027  0.0223 140.4352
592 496  0.0212  0.0564 21.3763
624 496  0.0183 -0.0160 90.2058
656 496  0.0219 -0.0069 131.8926
 16 528 -0.3778 -0.1436 29.1944
 48 528 -0.8829 -0.2929 186.8000
 80 528 -1.3848 -0.2592 178.4666
112 528 -0.1414 -0.0794 61.7400
144 528 -0.5786 -0.3219 27.8555
176 528 -0.5335 -0.4483 141.5558
208 528 -0.4826 -0.5910 139.1699
240 528 -0.7390 -0.6700 124.1324
272 528 -0.2709 -0.2458 128.8011
304 528 -0.1717 -0.2968 385.5212
336 528 -0.1004 -0.0813 24.0952
368 528 -0.1582 -0.1595 108.8695
400 528 -0.1276 -0.0918 228.1456
432 528 -0.1061 -0.0085 68.1756
464 528 -0.1258 -0.0025 137.9959
496 528 -0.0623  0.0392 65.5490
528 528 -0.0458  0.0466 239.8025
560 528 -0.0133  0.0048 157.4734
592 528  0.0058  0.0018 172.3675
624 528 -0.0004 -0.0070 93.4625
656 528  0.0477 -0.0529 112.8070
 16 560 -0.4819 -0.1063 61.7757
 48 560 -0.1951 -0.4079 189.5509
 80 560 -0.4128 -0.3484 83.1769
112 560 -0.4258 -0.3782 92.0547
144 560 -1.0209 -1.3935 46.5763
176 560 -0.7079 -0.9245 34.9690
208 560 -0.7710 -0.7850 243.7672
240 560 -0.2962 -0.4720 64.6339
272 560 -0.2380 -0.3501 54.4846
304 560 -0.3328 -0.3381 125.2077
336 560 -0.1989 -0.1470 229.3630
368 560 -0.1794 -0.1040 55.7109
400 560 -0.0527 -0.0483 13.0131
432 560 -0.1045 -0.0453 34.8714
464 560 -0.0523  0.0177 197.9467
496 560 -0.0689  0.0388 67.9206
528 560 -0.1117 -0.0002 141.0239
560 560 -0.0001 -0.0012 162.9545
592 560  0.0072 -0.0327 184.6374
624 560  0.0538 -0.0242 146.7421
656 560  0.0587 -0.0648 83.3603
 16 592 -1.2033 -0.1536 99.1628
 48 592 -0.1123 -0.3536 45.5721
 80 592 -0.3621 -0.2806 79.9522
112 592 -0.7210 -0.2912 190.9491
144 592 -0.9297 -0.8266 176.9566
176 592 -1.1638 -0.8969 94.0426
208 592 -1.0323 -0.6585 50.7073
240 592 -0.3643 -0.4104 110.2247
272 592 -0.3560 -0.6279 59.7687
304 592 -0.2202 -0.5112 28.6499
336 592 -0.3545 -0.3072 156.6015
368 592 -0.4052 -0.2598 125.4464
400 592 -0.4306 -0.0505 149.7333
432 592 -0.2747 -0.0393 125.3635
464 592 -0.1992 -0.0040 177.9141
496 592 -0.2471 -0.0308 144.3537
528 592 -0.1988 -0.0590 106.1300
560 592 -0.0263 -0.0665 152.7305
592 592  0.0027 -0.0402 101.7505
624 592  0.0808 -0.1111 93.1244
656 592  0.1226 -0.0867 164.6430
 16 624 -1.2806 -0.1561 104.7996
 48 624 -0.2728 -0.1982 43.3842
 80 624 -0.2549 -0.1309 88.7362
112 624 -0.9286 -1.1082 207.8489
144 624 -1.4425 -0.6192 114.7796
176 624 -1.0090 -1.2245 118.9930
208 624 -1.5375 -0.9686 145.0370
240 624 -1.4649 -0.9603 38.4478
272 624 -1.0704 -0.7697 54.7957
304 624 -0.8272 -1.0087 142.7212
336 624 -0.8718 -0.3993 146.9577
368 624 -0.7194 -0.3412 131.1808
400 624 -0.7141 -0.0656 115.3593
432 624 -0.6098 -0.0689 265.8535
464 624 -0.3812 -0.0194 44.3470
496 624 -0.6757 -0.1144 136.5058
528 624 -0.3264 -0.2178 129.8159
560 624 -0.1024 -0.2196 94.5200
592 624  0.0023 -0.2319 105.8222
624 624  0.0636 -0.1848 30.5534
656 624  0.0940 -0.0728 395.4156
 16 656 -0.0392 -0.0043 17.8469
 48 656 -0.2963 -0.1297 139.8940
 80 656 -0.8338 -0.6648 113.1589
112 656 -0.8615 -0.6288 37.6068
144 656 -1.0271 -0.7986 47.9633
176 656 -0.9376 -0.8887 201.9692
208 656 -1.0957 -0.9214 69.2904
240 656 -1.1159 -0.9609 83.6252
272 656 -1.5802 -0.8771 111.3766
304 656 -0.8195 -0.4614 27.8694
336 656 -0.8199 -0.3544 111.2651
368 656 -0.7354 -0.1643 92.0566
400 656 -0.8760 -0.0238 120.9413
432 656 -1.1322  0.0496 192.7187
464 656 -0.8485 -0.0113 56.4124
496 656 -0.7543 -0.1513 183.3145
528 656 -0.9014 -0.5007 87.8360
560 656 -0.2545 -0.3725 37.6717
592 656 -0.0261 -0.3841 104.9215
624 656  0.1010 -0.4679 86.3052
656 656  0.1518 -0.2823 154.5459
 16 688 -0.5441 -0.0820 44.1147
 48 688 -0.2169 -0.1539 292.4092
 80 688 -0.2437 -0.0597 293.6186
112 688 -0.4500 -0.3257 49.1834
144 688 -0.4669 -0.2892 54.3644
176 688 -0.9774 -0.9867 127.3868
208 688 -0.8550 -0.0204 136.0238
240 688  0.9626  0.0719 88.4440
272 688  0.9564  0.0497 61.1543
304 688  0.1240 -0.2466 22.9648
336 688 -0.4679  0.0151 32.8854
368 688 -0.9197 -0.2007 225.6572
400 688 -1.2387  0.3156 82.8571
432 688 -1.2578  0.4024 100.0885
464 688 -1.3253  0.0570 107.3914
496 688 -0.8583 -0.3878 161.1143
528 688 -0.9134 -0.6583 58.1113
560 688 -0.2243 -0.7074 118.6561
592 688 -0.1352 -0.7535 187.8483
624 688  0.0186 -0.2737 29.9896
656 688  0.0376 -0.4827 45.0658
 16 720 -0.0608 -0.1127 22.6991
 48 720 -0.1092 -0.1216 54.7634
 80 720 -0.2100 -0.0978 360.7429
112 720 -0.4297 -0.1279 94.2943
144 720 -0.7142 -0.2121 96.7477
176 720 -0.7733 -0.6929 199.9304
208 720 -0.8001 -0.0957 120.8383
240 720 -0.8917 -0.8863 60.7004
272 720 -0.2082 -0.1261 10.9694
304 720 -1.2746 -0.7010 139.8418
336 720 -0.7220 -0.2740 77.6603
368 720 -0.4655  0.0860 37.3965
400 720 -0.2460  0.3300 77.9931
432 720 -0.3156  0.3213 119.7490
464 720 -0.5244 -0.3689 171.5933
496 720 -0.2391 -0.3082 16.0569
528 720  2.4339 -0.0119 10.0457
560 720  1.5581  0.0617 14.2241
592 720 -0.1305 -0.7430 84.3490
624 720 -1.0265  0.0904 21.5772
656 720 -0.0845 -0.2131 35.7389
 16 752  0.0162 -0.0238 17.8139
 48 752 -0.1053 -0.0051 285.2227
 80 752 -0.0651 -0.0756 96.6253
112 752 -0.2100 -0.1389 187.5939
144 752 -0.7372 -0.2544 104.1344
176 752  0.4987 -0.4334 144.3046
208 752 -0.5615 -0.4960 196.2517
240 752 -1.1548 -1.1573 192.9187
272 752 -0.7580 -0.8879 183.7579
304 752 -0.4647 -0.1124 109.1990
336 752 -0.2616 -0.0947 153.5536
368 752  0.2291  0.4918 113.2422
400 752  0.3339  0.6460 171.2598
432 752  1.2196  0.3580 135.3252
464 752  1.3878  0.0169 103.6093
496 752  1.0164 -2.1771 79.6168
528 752  1.2583 -0.2285  9.3551
560 752  1.8820  0.0511  9.5882
592 752 -0.0220 -0.6309 75.3290
624 752 -0.4686  0.4498 10.0365
656 752 -0.1216 -0.0939 12.5345
 16 784 -0.0191 -0.0104 17.1981
 48 784  0.0117 -0.0415 188.0024
 80 784 -0.0746 -0.0463 94.5048
112 784 -0.0281 -0.0984 203.2755
144 784 -0.0826 -0.1334 92.8033
176 784 -0.1472 -0.3283 117.1813
208 784 -0.2009 -0.2476 126.3903
240 784 -0.3749 -0.6381 159.0984
272 784 -0.1747 -0.3926 165.3414
304 784 -0.3371 -0.4329 82.7135
336 784 -0.1433 -0.0656 129.3617
368 784  0.4289  0.2636 100.9785
400 784  0.8442  0.6284 136.0587
432 784  0.9359  0.2316 17.5543
464 784  2.4028 -0.1924 69.5594
496 784  0.0988  0.0128 18.3341
528 784  0.7866  0.0517 12.1037
560 784  0.3467  0.0902 11.5779
592 784 -0.0565  0.1539 12.7966
624 784 -0.0313 -0.0049 20.9973
656 784 -0.1538  0.1688  8.7872
 16 816  0.0162 -0.0066 34.1205
 48 816  0.0157 -0.0267 189.3358
 80 816  0.0482 -0.0190 288.9547
112 816  0.0356 -0.0758 103.3807
144 816  0.0169 -0.0968 110.6116
176 816  0.0081 -0.3854 57.7752
208 816 -0.0331 -0.5089 129.7085
240 816 -0.0774 -0.5981 30.6142
272 816 -0.0746 -0.5734 39.9088
304 816  0.0151 -0.3800 178.2635
336 816  0.3945 -0.0866 37.3678
368 816  1.3320  0.2050 61.1766
400 816  2.0297  0.7378 139.0868
432 816  3.3974  0.7238 33.5883
464 816  3.3124  0.1695 29.8136
496 816  0.0659 -0.0141 11.5608
528 816  0.6099  0.0450  7.1920
560 816  0.1774  0.2065 35.2933
592 816  0.1015 -0.0080 88.1001
624 816 -0.0164  0.0229 13.6987
656 816 -0.0083  0.0477 18.0287
 16 848  0.0390 -0.0010 29.1449
 48 848  0.0227  0.1441 30.0443
 80 848  0.0366 -0.0255 187.1561
112 848  0.0200 -0.0379 156.2204
144 848  0.0496 -0.0772 279.0846
176 848  0.4183 -0.2201 75.3139
208 848  0.1205 -0.6186 59.1818
240 848  0.1520 -0.7090 177.8355
272 848  0.2370 -0.7366 55.2623
304 848  0.7283 -0.7730 19.1995
336 848  1.0866 -0.1917 54.7019
368 848  2.2364  0.0206 41.8726
400 848  1.7307  0.6032 64.9836
432 848  0.0608  0.0719 10.8069
464 848  0.0085 -0.2359 16.8713
496 848  0.0586  0.0451 11.8492
528 848  0.1940  0.1166  6.1233
560 848  0.0801  0.1729 62.3591
592 848  0.1090  0.1122 155.1002
624 848 -0.0081  0.0834 63.6530
656 848 -0.0581  0.0442 29.6327
 16 880 -0.0133  0.0176 18.3409
 48 880  0.0711  0.0038 39.3408
 80 880  0.1204 -0.2104 175.7262
112 880  0.0558 -0.0268 52.8876
144 880  0.1395 -0.1135 203.0086
176 880  0.1540 -0.4154 284.7719
208 880  0.2329 -0.3421 232.9828
240 880  0.4415 -0.3670 103.7858
272 880  0.5868 -0.7633 198.2951
304 880  1.0125 -0.7050 152.8136
336 880  1.1986 -0.4456 198.3961
368 880  2.0640 -0.1868 63.2881
400 880  3.0714  0.6817 123.1548
432 880  0.7953  0.5752 20.5646
464 880 -0.0026  0.0451 24.1611
496 880  0.1546  0.0993  5.5394
528 880  0.0159  0.0260 13.6783
560 880  0.0485  0.1683 26.3633
592 880 -0.0095  0.1665 41.9487
624 880 -0.0309  0.2190 104.6584
656 880 -0.0617  0.1681 92.0866
 16 912  0.1805 -0.0090 259.0203
 48 912  0.0620  0.0261 13.4082
 80 912  0.1450 -0.0682 249.4625
112 912  0.0295 -0.0875 222.1929
144 912  0.1498 -0.0274 195.2094
176 912  0.1818 -0.1125 170.1803
208 912  0.1557 -0.3721 106.2149
240 912  0.3765 -0.4904 26.2030
272 912  0.6831 -0.8814 76.4405
304 912  1.5297 -0.9932 94.1452
336 912  1.4016 -0.7723 80.7536
368 912  2.3656  0.0219 18.0323
400 912  0.2852 -0.0618 17.6616
432 912  0.0322  0.0244 22.7086
464 912  0.0853  0.0837  8.8457
528 912 -0.0153  0.0109  4.9275
560 912 -0.0406  0.0370 12.4511
592 912 -0.0084  0.0353 23.3091
624 912 -0.0449  0.0797 43.4442
656 912 -0.1245  0.1558 69.5486
 16 944  0.0028  0.0134 24.1956
 48 944  0.0313 -0.0317 43.9011
 80 944  0.1694 -0.0591 139.3857
112 944  0.1023 -0.0765 241.0775
144 944  0.1492 -0.0887 240.5741
176 944  0.1459 -0.0902 231.4531
208 944  0.6593 -0.3511 150.4075
240 944  0.7569 -0.8211 150.7860
272 944  0.5030 -1.2211 24.9150
304 944  0.6511 -1.3067 100.8383
336 944  0.6457 -0.8664 32.5886
368 944  0.4402 -0.0272 19.4528
400 944  0.1127  0.1293 12.8781
432 944  0.0072  0.1337 13.0024
464 944  0.2788 -0.0051  5.5109
496 944  0.0023 -0.0242  7.6964
528 944  0.0097 -0.0063  4.5797
592 944 -0.0387  0.0375  6.0510
624 944  0.0131 -0.0077 16.2409
656 944 -0.0561  0.0280 33.2612
 16 976  0.0110  0.0446 91.2745
 48 976  0.1227 -0.0306 24.6174
 80 976  0.0784 -0.0217 81.1610
112 976  0.4155 -0.2018 308.7546
144 976  0.1229 -0.1730 180.1778
176 976  0.1468 -0.1584 104.4747
208 976  0.2609 -0.2307 70.5419
240 976  0.2726 -0.6446 47.9560
272 976  0.2570 -0.7447 51.0595
304 976  0.0722 -0.9027 72.1574
336 976 -0.0968 -0.1747 70.3668
368 976  0.0151  0.0095 23.5974
400 976  0.0501  0.0503 12.1488
432 976  0.0808  0.2432  6.4186
464 976  0.0036  0.0108 20.9868
496 976  0.0012 -0.0515 26.4116
528 976  0.0308 -0.0244 31.1374
560 976  0.0166 -0.0885  6.8150
592 976 -0.0729 -0.1958  5.9027
624 976 -0.0763  0.0109  4.4041
656 976  0.1095  0.0124  7.1873
 16 1008  0.0842 -0.0356 37.2879
 48 1008  0.2060 -0.0069 95.7890
 80 1008  0.2088 -0.0291 59.4298
112 1008  0.0385 -0.0550 338.6551
144 1008  0.0724 -0.0514 240.9823
176 1008  0.1304 -0.1321 219.9299
208 1008  0.1523 -0.0771 107.9259
240 1008  0.1295 -0.3787 49.3720
272 1008  0.0660 -0.5894 58.2371
304 1008 -0.1081 -0.8344 72.3073
336 1008 -0.0617 -0.2254 16.2199
368 1008  0.0087  0.1448 10.1949
400 1008  0.2534  0.2123  7.1781
432 1008  0.0266  0.0194 20.7162
464 1008  0.1411  0.0513 38.6849
496 1008  0.0346 -0.0130 27.0622
528 1008  0.0002  0.0015 21.3076
560 1008  0.0067 -0.0144  7.2939
592 1008 -0.0021  0.0716  5.9840
 16 1040  0.0255 -0.0120 22.3308
 48 1040  0.0745 -0.0759 222.1514
 80 1040  0.0829 -0.0570 192.7403
112 1040  0.1155 -0.0957 110.6891
144 1040  0.0805 -0.0909 44.5214
176 1040  0.1560 -0.1011 193.9469
208 1040  0.1948 -0.1785 162.2846
240 1040  0.0574 -0.2292 22.4284
272 1040 -0.0148 -0.6535 109.7548
304 1040 -0.3121 -0.7297 78.1680
336 1040  0.0089  0.1421 28.6300
368 1040  0.4063  0.1809 14.6064
400 1040  0.0312  0.0674 86.2499
432 1040  0.0396  0.0925 38.2230
464 1040  0.1839  0.0602 128.0413
496 1040  0.0588 -0.0926 65.6468
528 1040  0.0380 -0.0474 21.2366
560 1040 -0.0312  0.0264  8.3959
592 1040 -0.0502  0.0589 21.3843
624 1040 -0.0348  0.0516 10.8218
656 1040  0.1537 -0.2070  6.0098
 16 1072  0.1265 -0.0109 67.7709
 48 1072  0.1590 -0.0246 149.8776
 80 1072  0.1954 -0.1121 166.8269
112 1072  0.0881 -0.0681 22.9100
144 1072  0.1187 -0.0553 133.0807
176 1072  0.1036 -0.3225 144.6970
208 1072  0.0230 -0.0368 20.3945
240 1072  0.0774 -0.1754 83.2832
272 1072 -0.0075 -0.1039 93.9874
304 1072 -0.0315 -0.1063 48.1719
336 1072 -0.0290 -0.1803 163.2262
368 1072 -0.1733 -0.1217 147.5729
400 1072 -0.0445  0.0419 50.7860
432 1072  0.0981  0.0176 171.3979
464 1072  0.1321 -0.0234 81.2254
496 1072  0.0120 -0.0578 21.3343
528 1072  0.0618 -0.1304 44.6682
560 1072 -0.0213  0.0036 13.1812
592 1072 -0.0205  0.0033  8.0688
624 1072 -0.0328  0.0410  9.8431
656 1072  0.0733  0.0027 21.3698
 16 1104  0.1794 -0.0233 44.3311
 48 1104  0.0265  0.0027 51.9603
 80 1104  0.0275 -0.0108 191.3600
112 1104  0.1066 -0.0410 102.7241
144 1104  0.0429 -0.0296 134.3666
176 1104  0.0310 -0.0609 248.5191
208 1104  0.0422 -0.0596 106.0496
240 1104  0.1368 -0.2010 65.3735
272 1104  0.0081 -0.1831 63.9985
304 1104 -0.0164 -0.2738 132.1940
336 1104 -0.0202 -0.1116 184.9892
368 1104 -0.0179 -0.0920 127.9897
400 1104  0.0070 -0.0663 108.4355
432 1104  0.0789 -0.0589 66.1051
464 1104  0.0275 -0.0381 72.7184
496 1104 -0.0030  0.0103 14.6022
528 1104  0.0272 -0.0203 17.2319
560 1104  0.0032 -0.0214 16.1423
592 1104 -0.0872  0.0163 14.7318
624 1104 -0.0170 -0.0134 11.5568
656 1104  0.0308  0.0304 21.3244
 16 1136  0.0390 -0.0115 17.5406
 48 1136  0.0357 -0.0625 30.9132
 80 1136  0.0085 -0.0404 152.4813
112 1136  0.1256 -0.0256 47.1075
144 1136  0.0474 -0.0240 77.4484
176 1136  0.0394 -0.0686 284.0985
208 1136  0.0307 -0.0542 76.4565
240 1136  0.0479 -0.0860 177.3966
272 1136  0.0012 -0.1878 88.1850
304 1136  0.0220 -0.1301 145.2409
336 1136  0.0131 -0.0768 208.4034
368 1136  0.0132 -0.0841 204.7134
400 1136  0.0514 -0.0943 99.2876
432 1136  0.0461 -0.0833 55.8765
464 1136  0.0388 -0.0299 34.7772
496 1136  0.0256 -0.0095 47.2820
528 1136  0.0132 -0.0075 18.3501
560 1136 -0.0009  0.0019 15.1300
592 1136 -0.0289  0.0026 11.5872
624 1136 -0.0081 -0.0072 26.4676
656 1136  0.0278 -0.0460 30.1806
 16 1168  0.0090 -0.0048 12.6579
 48 1168  0.0368 -0.0073 14.1023
 80 1168  0.0795 -0.0597 50.2651
112 1168  0.0364 -0.0351 95.6710
144 1168  0.0365 -0.0368 164.9361
176 1168  0.0128 -0.0421 92.2578
208 1168  0.0275 -0.0645 194.2542
240 1168  0.0149 -0.0954 121.2405
272 1168 -0.0014 -0.0396 292.3923
304 1168  0.0178 -0.0319 87.8984
336 1168  0.0218 -0.0715 242.3047
368 1168  0.0201 -0.1062 172.9204
400 1168  0.0406 -0.0800 273.0354
432 1168  0.0316 -0.1241 110.5679
464 1168  0.0355  0.0332 153.3787
496 1168  0.0500  0.0159 15.2068
528 1168 -0.0032 -0.0502 18.2897
560 1168  0.0005  0.0043 12.2169
592 1168  0.0163  0.0426 14.5108
624 1168  0.0054 -0.0123 11.7246
656 1168 -0.0077  0.0068 11.5149
 16 1200  0.0230 -0.0057 86.6927
 48 1200  0.0161 -0.0034 18.4136
 80 1200  0.0663 -0.0419 20.0785
112 1200  0.0076 -0.0050 31.5478
144 1200  0.0352 -0.0285 135.0764
176 1200 -0.0019 -0.0264 47.5619
208 1200  0.0325 -0.0798 98.1918
240 1200  0.1220 -0.0671 137.3262
272 1200  0.0339 -0.0526 94.0144
304 1200  0.0267 -0.0543 33.8049
336 1200  0.0106 -0.1002 273.3180
368 1200  0.2018 -0.0706 75.5554
400 1200  0.0506 -0.0708 207.2648
432 1200  0.0055 -0.0701 16.4953
464 1200  0.0299 -0.0639 210.8865
496 1200 -0.0311  0.0139 24.5935
528 1200 -0.0125  0.0214 12.2342
560 1200 -0.0172 -0.0214 11.6505
592 1200  0.0406  0.0059 17.7657
624 1200  0.0005  0.0142 44.9883
656 1200  0.0003 -0.0046 39.7526
  0   0 -0.0023 -0.0759  0.0000
  0   0  0.0066 -0.0974  0.0000
  0   0  0.0281  0.0448  0.0000
  0   0  0.0595  0.1365  0.0000
