VARIABLES= "X pix", "Y pix", "U pix/dt", "V pix/dt", "CHC", ZONE I=21, J=30
 16 272 -0.1481 -0.1416 79.8544
 48 272 -0.2581 -0.1175 100.4762
 80 272 -0.0563 -0.2150 43.4883
112 272 -0.0527 -0.1523 62.0257
144 272 -0.0137 -0.1784 45.9093
176 272 -0.1295 -0.0901 268.2989
208 272 -0.0383 -0.1230 178.9828
240 272  0.0111 -0.1242 128.5019
272 272 -0.0184 -0.0691 228.5016
304 272  0.0363 -0.0437 225.0244
336 272  0.0295  0.0018 114.7058
368 272  0.0574  0.0120 210.3365
400 272  0.0299  0.0098 247.5546
432 272  0.0391  0.0196 136.2990
464 272  0.0237  0.0494 223.4601
496 272  0.0401  0.0732 141.9451
528 272  0.0823  0.0842 47.6993
560 272  0.0548  0.0432 157.7597
592 272  0.0358  0.0707 47.1848
624 272  0.0402  0.0393 147.5760
656 272  0.0304  0.0312 162.8840
 16 304 -0.1305 -0.2100 148.4382
 48 304 -0.1827 -0.3133 35.6441
 80 304 -0.2522 -0.2359 246.5158
112 304 -0.1464 -0.2005 157.9130
144 304 -0.0759 -0.2388 188.6828
176 304 -0.1271 -0.1628 147.3331
208 304 -0.0437 -0.0716 288.4227
240 304 -0.0158 -0.0519 95.9180
272 304 -0.0117 -0.0525 198.2940
304 304  0.0028 -0.0346 201.8354
336 304  0.0210 -0.0229 201.4927
368 304  0.0226 -0.0109 103.9908
400 304  0.0074  0.0008 48.7050
432 304  0.0483  0.0198 55.5557
464 304  0.0993  0.0669 172.6801
496 304  0.0495  0.0580 56.6214
528 304  0.0805  0.0680 138.4647
560 304  0.0486  0.0500 111.1811
592 304  0.0834  0.0448 76.8830
624 304  0.0431  0.0117 214.4443
656 304  0.0669  0.0108 96.2136
 16 336 -0.0406 -0.0564 130.9826
 48 336 -0.0789 -0.1040 335.0311
 80 336 -0.1657 -0.2523 169.3441
112 336 -0.1828 -0.1420 17.2650
144 336 -0.0624 -0.1342 117.3558
176 336 -0.0844 -0.1666 286.2593
208 336 -0.1859 -0.1539 115.3341
240 336 -0.0275 -0.0999 44.4220
272 336 -0.0312 -0.0469 436.4492
304 336  0.0047 -0.0422 191.7557
336 336 -0.0120 -0.0519 166.6200
368 336  0.0391 -0.0213 149.4487
400 336  0.0228 -0.0023 175.3944
432 336  0.0358  0.0452 150.7212
464 336  0.0314  0.0151 133.3880
496 336  0.0598  0.0740 76.0831
528 336  0.0869  0.0566 153.1989
560 336  0.0899  0.0071 171.2127
592 336  0.0557  0.0199 201.9812
624 336  0.0771  0.0407 128.7245
656 336  0.0758 -0.0099 193.1215
 16 368 -0.2469 -0.2192 162.7597
 48 368 -0.0642 -0.3498 111.5530
 80 368 -0.0958 -0.4803 111.4099
112 368 -0.2209 -0.3653 286.3918
144 368 -0.0231 -0.3450 141.2637
176 368 -0.0681 -0.2236 285.1841
208 368 -0.0780 -0.1820 223.3794
240 368 -0.0956 -0.0714 63.1763
272 368 -0.0267 -0.0748 56.6809
304 368 -0.0228 -0.1004 166.3259
336 368  0.0088 -0.0698 317.8346
368 368  0.0143 -0.0645 146.3476
400 368  0.0095 -0.0244 131.3493
432 368  0.0402  0.0232 49.2326
464 368  0.0796  0.0223 281.5926
496 368  0.0851  0.0403 253.9154
528 368  0.0500  0.0078 160.0294
560 368  0.0413 -0.0009 142.3750
592 368  0.0642  0.0734 73.1341
624 368  0.0258  0.0505 130.0174
656 368  0.0707 -0.0089 112.6268
 16 400 -0.1027 -0.1586 31.5237
 48 400 -0.4816 -0.2580 26.4195
 80 400 -0.2872 -0.4039 179.1601
112 400 -0.1520 -0.4107 152.5732
144 400 -0.2161 -0.3402 198.0660
176 400 -0.1559 -0.1962 306.1532
208 400 -0.1225 -0.3768 231.8613
240 400 -0.2601 -0.1024 154.1084
272 400 -0.1014 -0.1700 110.9061
304 400 -0.0421 -0.1248 168.5344
336 400 -0.0181 -0.0843 80.6825
368 400  0.0112 -0.1130 133.8235
400 400  0.0325 -0.0280 143.2684
432 400  0.0550  0.0691 103.3888
464 400  0.0960  0.0388 255.3430
496 400  0.0967  0.0641 117.8572
528 400  0.0726  0.0296 150.7271
560 400  0.0363  0.0565 110.6512
592 400  0.0686  0.0409 87.8210
624 400  0.0939  0.0183 134.5872
656 400  0.0683  0.0052 129.6891
 16 432 -0.0318 -0.1649 29.8824
 48 432 -0.0726 -0.1889 13.7152
 80 432 -0.2875 -0.2957 73.8082
112 432 -0.2755 -0.4875 189.3004
144 432 -0.1808 -0.2888 188.8601
176 432 -0.2212 -0.2114 33.0813
208 432 -0.0321 -0.0626 23.3954
240 432 -0.2080 -0.3127 169.9527
272 432 -0.0707 -0.1980 53.4418
304 432 -0.0509 -0.0966 179.1526
336 432 -0.0110 -0.0736 202.5358
368 432  0.0119 -0.1180 247.8183
400 432  0.0166 -0.0350 150.3226
432 432  0.0489 -0.0055 160.7775
464 432  0.0577  0.0088 164.1445
496 432  0.0434 -0.0406 226.3593
528 432  0.0334  0.0283 55.1387
560 432  0.1022  0.0896 124.4887
592 432  0.0773  0.0177 146.5787
624 432  0.0333  0.0198 39.7553
656 432  0.0906  0.0137 99.5586
 16 464 -0.3252 -0.2697 104.3213
 48 464 -0.2234 -0.3632 187.4986
 80 464 -0.4858 -0.7366 118.3102
112 464 -0.4557 -0.6819 148.4009
144 464 -0.1854 -0.5786 222.1260
176 464 -0.2418 -0.3677 176.3019
208 464 -0.1635 -0.3598 31.2137
240 464 -0.2250 -0.3041 279.2043
272 464 -0.1974 -0.3212 275.1257
304 464 -0.1187 -0.2937 395.4069
336 464 -0.0235 -0.2840 193.7004
368 464 -0.0185 -0.0633 253.5064
400 464  0.0196 -0.0583 92.8259
432 464  0.0188  0.0122 31.8810
464 464  0.0815 -0.0002 107.4924
496 464  0.0421  0.0031 188.7752
528 464  0.0556  0.0039 107.6983
560 464  0.0571  0.0251 64.5700
592 464  0.1041  0.0298 213.9075
624 464  0.0917  0.0135 156.7424
656 464  0.0893 -0.0408 124.2992
 16 496 -0.4158 -0.1625 24.5145
 48 496 -0.3005 -0.1785 49.0187
 80 496 -0.9217 -0.4443 89.5255
112 496 -0.1996 -0.1385 11.8158
144 496 -0.2848 -0.3957 171.1085
176 496 -0.2150 -0.6373 298.7566
208 496 -0.1707 -0.6348 145.3142
240 496 -0.1961 -0.3240 101.2569
272 496 -0.1230 -0.4762 192.0247
304 496 -0.0517 -0.3444 151.9790
336 496 -0.0223 -0.2016 179.3122
368 496 -0.0335 -0.1274 162.0817
400 496  0.0115 -0.0133 223.0858
432 496  0.0371 -0.0697 143.8262
464 496  0.0664 -0.0017 177.1012
496 496  0.0361  0.0218 119.2291
528 496  0.0612  0.0145 132.1342
560 496  0.0348  0.0217 172.4133
592 496  0.0615  0.0069 222.5445
624 496  0.0371 -0.0213 111.9616
656 496  0.0594  0.0040 100.0235
 16 528 -0.1457 -0.2049 17.7431
 48 528 -0.3472 -0.5435 127.8842
 80 528 -0.4942 -0.5067 112.4613
112 528 -0.8247 -1.2819 58.3364
144 528 -0.6102 -0.5939 101.7331
176 528 -0.3339 -0.8590 168.5059
208 528 -0.2429 -0.6142 232.7809
240 528 -0.1694 -0.2253 163.5981
272 528 -0.1341 -0.3915 187.1079
304 528 -0.1283 -0.5463 107.7325
336 528 -0.0390 -0.2051 184.9129
368 528 -0.0409 -0.1295 187.4688
400 528 -0.0222 -0.0227 130.7899
432 528 -0.0175 -0.0084 173.3002
464 528  0.0081  0.0218 120.8721
496 528  0.0131  0.0015 108.9600
528 528  0.0254  0.0122 205.9163
560 528  0.0366 -0.0278 110.1894
592 528  0.0377 -0.0352 52.5717
624 528  0.0896 -0.0739 67.7775
656 528  0.1481 -0.0200 103.9389
 16 560 -0.1010 -0.0794 23.3770
 48 560 -0.7668 -0.2864 58.2042
 80 560 -1.1364 -0.5168 140.4682
112 560 -0.2771 -0.3776 83.4260
144 560 -0.8883 -0.8865 140.9153
176 560 -0.4393 -1.3611 227.1631
208 560 -0.4814 -0.7220 96.3744
240 560 -0.4166 -0.9994 53.4217
272 560 -0.1815 -0.8025 89.9890
304 560 -0.1295 -0.1986 17.6531
336 560 -0.2517 -0.2126 189.9037
368 560 -0.0480 -0.1055 231.7333
400 560 -0.0540 -0.0816 144.8286
432 560 -0.0328 -0.0277 91.0462
464 560 -0.0342  0.0078 102.9561
496 560 -0.0632  0.0098 140.0739
528 560  0.0246 -0.0214 185.0489
560 560  0.0393 -0.0098 117.7264
592 560 -0.0476 -0.0329 28.3295
624 560  0.0896 -0.0486 39.2800
656 560  0.1068 -0.0559 149.9880
 16 592 -0.2892 -0.2917 37.4860
 48 592 -0.2756 -0.2607 20.5759
 80 592 -0.7308 -0.4160 220.7269
112 592 -0.2206 -0.2267 139.4080
144 592 -0.8851 -0.9101 153.7427
176 592 -1.2151 -1.0823 176.3017
208 592 -0.7084 -0.9092 103.4223
240 592 -0.6556 -1.2507 211.3354
272 592 -0.9411 -0.6922 36.3504
304 592 -0.5605 -0.5114 109.3903
336 592 -0.2990 -0.3341 188.7220
368 592 -0.3279 -0.1455 161.7947
400 592 -0.1340  0.0516 103.4095
432 592 -0.0801 -0.0502 130.4033
464 592 -0.1358 -0.0111 105.5882
496 592 -0.0109  0.0175 201.0049
528 592 -0.0617 -0.0202 126.0154
560 592  0.0022 -0.0491 129.7206
592 592  0.0342 -0.0826 56.7707
624 592  0.1566 -0.1622 223.7350
656 592  0.1314 -0.0956 129.1741
 16 624 -0.1572 -0.2435 201.9073
 48 624 -0.3099 -0.1871 277.9089
 80 624 -0.8153 -0.3666 117.0247
112 624 -1.4864 -1.4531 71.2446
144 624 -0.9897 -1.0119 144.3532
176 624 -1.0325 -0.8972 227.2791
208 624 -0.7515 -0.4227 322.8903
240 624 -0.9936 -0.8765 106.5741
272 624 -0.9889 -0.8601 106.0704
304 624 -0.7231 -0.7796 164.0581
336 624 -0.6686 -0.4205 80.7348
368 624 -0.4255 -0.2495 34.2774
400 624 -0.3980 -0.0905 185.6243
432 624 -0.5792 -0.0521 180.9530
464 624 -0.3988 -0.0418 41.4717
496 624 -0.2240 -0.0721 22.3115
528 624 -0.1272 -0.0687 172.7516
560 624 -0.0370 -0.1294 248.6117
592 624  0.0784 -0.1433 48.8682
624 624 -0.0697 -0.1988 109.6089
656 624  0.0804 -0.2107 160.8142
 16 656 -0.0904 -0.1839 47.8444
 48 656 -0.1929 -0.1776 249.2975
 80 656 -0.6018 -0.6473 152.3405
112 656 -1.2051 -0.6979 88.0826
144 656 -0.9914 -0.6513 194.3591
176 656 -1.1333 -1.0922 97.8804
208 656 -0.7550 -1.4478 212.9382
240 656 -1.0791 -0.9808 204.1334
272 656 -1.2765 -1.2640 124.4548
304 656 -1.1779 -0.7323 31.8220
336 656 -0.9999 -0.5344 359.0024
368 656 -1.2224 -0.1633 78.6004
400 656 -0.9273 -0.0504 45.7747
432 656 -0.4278  0.1012 33.6238
464 656 -0.6839 -0.0384 80.8597
496 656 -0.4594 -0.2399 195.9813
528 656 -0.1719 -0.1452 214.4824
560 656 -0.2230 -0.4866 121.0011
592 656 -0.0027 -0.1944 66.4689
624 656  0.1843 -0.1916 88.7700
656 656  0.0661 -0.2176 43.3046
 16 688 -0.1113 -0.1443 32.8107
 48 688 -0.1668 -0.2776 273.8563
 80 688 -0.2407 -0.0901 358.5961
112 688 -0.3250 -0.1606 104.4149
144 688 -0.6804 -0.3930 25.6935
176 688 -1.1800 -1.1059 219.9993
208 688 -1.1773 -1.5251 115.2210
240 688 -0.1264 -0.1463 14.1140
272 688 -1.3871 -0.7853 84.1124
304 688 -1.5724 -0.9913 111.1128
336 688 -0.8477 -0.3381 281.7356
368 688 -0.9942 -0.2134 60.2986
400 688 -1.2819  0.0933 176.4158
432 688 -1.1383  0.2160 155.6627
464 688 -0.6303 -0.0438 250.6766
496 688 -1.0086 -0.3037 146.8016
528 688 -0.5306 -0.3771 64.4842
560 688 -0.3757 -0.6822 84.5759
592 688 -0.0233 -0.6992 73.0028
624 688  0.0187 -0.2546 47.6060
656 688  0.0086 -0.2277 58.9785
 16 720 -0.0649 -0.0427 40.3240
 48 720 -0.2580 -0.0098 69.4627
 80 720 -0.2435 -0.0824 137.4023
112 720 -0.1326 -0.1501 26.7615
144 720 -0.6299 -0.0222 62.8172
176 720 -0.1706 -0.3635 38.3150
208 720 -0.8623 -1.2147 142.8114
240 720 -1.1680 -1.1109 163.1839
272 720 -1.4600 -0.8972 81.1894
304 720 -0.8972 -0.7148 27.5748
336 720 -0.6809 -0.2785 213.3793
368 720 -0.5606  0.5643 149.7843
400 720 -0.6011  0.4029 64.6085
432 720 -0.2104  0.1120 63.0268
464 720 -0.6040 -0.2667 143.1562
496 720  0.5491 -1.7339 91.0998
528 720  1.8601  0.0932 11.1214
560 720  0.1894  0.0013 11.9816
592 720 -0.0080 -0.4711 114.5250
624 720 -0.0080 -0.3025 30.8566
656 720 -0.0588 -0.1245 33.7136
 16 752  0.0101 -0.0161 15.0103
 48 752 -0.0340 -0.0824 29.7547
 80 752 -0.1145 -0.1188 68.0629
112 752 -0.0742 -0.0725 171.6767
144 752 -0.1003 -0.1517 231.6268
176 752 -0.3244 -0.4408 90.9385
208 752 -0.7759 -0.6313 103.1772
240 752 -0.6055 -0.9599 82.1262
272 752 -0.0680 -0.4817 18.9649
304 752 -0.2881 -0.1853 65.8506
336 752 -0.5858 -0.2820 88.3039
368 752  0.0539  0.5333 18.9972
400 752  0.6381  0.7301 58.8609
432 752  0.3748  0.0763 23.9071
464 752  0.7393 -0.2739 35.0279
496 752  1.1459 -1.8221 52.5423
528 752  0.2389 -0.0981  7.9847
560 752  0.9030  0.1485  8.4126
592 752 -0.0188 -0.0329 50.5180
624 752 -0.1005  0.0867  8.7527
656 752 -0.0577  0.0127 17.3577
 16 784  0.2224  0.0056 46.0052
 48 784  0.0144 -0.0523 45.7521
 80 784  0.0042 -0.0186 234.2909
112 784  0.0192 -0.0285 231.1143
144 784 -0.0149 -0.1235 77.1751
176 784 -0.0963 -0.3139 130.6111
208 784 -0.8160 -0.7008 36.9628
240 784 -0.4716 -0.7394 119.1101
272 784 -0.5757 -0.8858 89.2911
304 784 -0.1039 -0.4236 65.1211
336 784  0.0059 -0.0499 142.8898
368 784  0.6213  0.0811 244.1112
400 784  1.4439  0.5700 17.9558
432 784  2.6021  1.2434 57.5139
464 784  2.8931 -0.2165 101.6174
496 784  0.0870  0.0108 17.8716
528 784  0.8525 -0.0475 10.8575
560 784  0.4691  0.1080  9.0953
592 784  0.0597 -0.1827 16.3121
624 784 -0.0200  0.0184 27.4252
656 784 -0.0283  0.0520  8.0850
 16 816  0.1194 -0.0118 36.7073
 48 816 -0.0070 -0.0158 21.3086
 80 816  0.1201  0.0214 102.6793
112 816  0.0672 -0.0882 274.9001
144 816  0.0564 -0.1262 57.7975
176 816  0.0290 -0.1305 91.8193
208 816  0.0669 -0.3286 55.1920
240 816 -0.0867 -0.6602 78.0747
272 816 -0.0835 -0.5355 21.9906
304 816  0.1144 -0.5501 162.4240
336 816  0.3601 -0.1837 87.0197
368 816  0.8572  0.0969 173.4274
400 816  1.1606  0.3719 130.4508
432 816  1.1786  0.1023 12.7502
464 816  2.2615 -0.0569 22.5046
496 816  0.0382  0.0275 13.5434
528 816  0.6451 -0.0068  6.5477
560 816  0.1853  0.2295 21.5958
592 816  0.0475  0.0242 25.4801
624 816  0.0227 -0.0188 11.3496
656 816 -0.0132  0.0232 25.0982
 16 848  1.3673  0.0503 18.3893
 48 848  2.3377  0.4479 17.5330
 80 848  2.1869 -0.1422 88.1682
112 848  0.1364 -0.1623 318.1067
144 848  0.1261 -0.1409 56.7989
176 848  0.1827 -0.3075 173.9280
208 848  0.1310 -0.4933 64.2553
240 848  0.1108 -0.6813 122.5771
272 848  0.1277 -0.1593 18.2895
304 848  0.7054 -1.0489 19.0518
336 848  1.2068 -0.2716 91.2228
368 848  2.1464  0.0655 74.6819
400 848  3.0314  0.6504 40.7151
432 848  2.8876  0.2761 100.2571
464 848 -0.0001  0.0556 16.8529
496 848 -0.0070 -0.0299  9.9646
528 848  0.2253  0.1151  5.8847
560 848  0.1227  0.1252 49.5592
592 848  0.0556  0.0407 53.4809
624 848  0.0291  0.1130 91.6167
656 848 -0.0108  0.0246 25.6918
 16 880  0.0309  0.0235 13.9320
 48 880  0.1469 -0.0464 142.4123
 80 880  0.4804 -0.0230 205.1648
112 880  0.0959 -0.0355 163.8447
144 880  0.6583 -0.0501 118.4168
176 880  0.2224 -0.0588 179.0272
208 880  0.4968 -0.3822 311.5060
240 880  0.1526 -0.4350 243.5270
272 880  0.1050 -0.5797 42.5988
304 880  1.1449 -0.8133 30.8766
336 880  1.5886 -0.2338 18.9223
368 880  2.1117 -0.1926 35.0589
400 880  3.1976  0.1110 134.3130
432 880  2.9116  0.3974 52.3783
464 880  0.0212  0.0302 19.3278
496 880  0.0305  0.0208  5.5723
528 880  0.0528  0.0380 12.3879
560 880  0.0040  0.0968 12.9416
592 880  0.0286  0.1458 41.2689
624 880 -0.0633  0.0228 126.3786
656 880 -0.0073  0.0483 136.4744
 16 912  0.0422  0.0178 29.4253
 48 912  0.0648 -0.0141 23.3557
 80 912  0.2356 -0.0769 137.5019
112 912  0.6246 -0.0229 389.3088
144 912  0.1840 -0.0661 300.0982
176 912  0.1828 -0.2425 185.8633
208 912  0.2825 -0.2752 134.2154
240 912  0.2980 -0.3223 83.4275
272 912  0.7160 -0.8477 72.2796
304 912  1.1562 -0.9595 75.0039
336 912  1.2361 -0.4186 54.6578
368 912  2.1002 -0.5432 32.2218
400 912  0.1139  0.0230 17.6443
432 912  0.0887 -0.0055 20.7555
464 912  0.0011 -0.0031  9.5911
496 912  0.0081  0.0081  4.0675
528 912  0.0172 -0.0158  4.9483
560 912 -0.0011  0.0111 13.8847
592 912 -0.0105  0.0280 22.2945
624 912 -0.0032 -0.0203 27.8007
656 912 -0.0272  0.1242 52.6173
 16 944  0.0821 -0.0606 60.8697
 48 944  0.0349 -0.0032 54.5672
 80 944  0.0509 -0.0979 177.5609
112 944  0.1414 -0.0326 223.6405
144 944  0.3247 -0.2125 40.8779
176 944  0.1223 -0.2947 56.8873
208 944  0.5092 -0.4905 55.7006
240 944  0.2442 -0.6155 70.9662
272 944  1.1370 -1.1676 39.3085
304 944  0.2398 -0.0755 12.3174
336 944  0.3182 -0.7280 113.4562
368 944  0.7827 -0.0020 94.9420
400 944  0.0165  0.1060 12.2659
432 944  0.0059  0.0466 12.6914
464 944  0.0259  0.0369  5.7576
496 944  0.0086 -0.0068  7.7030
528 944  0.0094 -0.0094  4.5965
592 944  0.0228 -0.0426  5.7996
624 944  0.0260 -0.0761  7.7719
656 944  0.0341 -0.0390 14.9583
 16 976  0.1511 -0.0299 87.8683
 48 976  0.2063 -0.0050 195.4244
 80 976  0.2297 -0.0572 132.5735
112 976  0.5174 -0.0762 156.1696
144 976  0.4716 -0.0945 35.5236
176 976  0.3600 -0.1035 129.7983
208 976  0.3266 -0.1913 93.5640
240 976  0.0669 -0.3060 64.7999
272 976  0.0178 -0.8461 72.3707
304 976  0.2913 -1.0860 101.4455
336 976  0.2001 -0.8725 72.2250
368 976  0.0059 -0.0044 21.7286
400 976  0.0124  0.0494 11.1389
432 976  0.0688  0.0922  7.5424
464 976  0.0144  0.0138 20.1427
496 976 -0.0073  0.0113 17.1311
528 976 -0.0007 -0.0001 37.9137
560 976 -0.0593  0.0247  6.1504
656 976  0.0532 -0.2060  4.3263
 16 1008  0.1662 -0.0342 32.1905
 48 1008  0.5153 -0.0587 41.5987
 80 1008  0.1192 -0.0244 45.3842
112 1008  0.3100  0.0213 202.8979
144 1008  0.0638 -0.0837 93.8882
176 1008  0.4120 -0.1074 60.1256
208 1008  0.1365 -0.1305 97.7469
240 1008  0.4850 -0.3539 133.8046
272 1008  0.0758 -0.4786 52.6686
304 1008  0.0302 -0.7748 19.6517
336 1008  0.0156 -0.0172 15.8850
368 1008  0.0282  0.1545 10.6821
400 1008  0.0930  0.1281  7.3407
432 1008  0.0326  0.0328 18.1541
464 1008  0.0879 -0.0035 64.8290
496 1008  0.0345 -0.1276 87.1166
528 1008 -0.0164 -0.1070 24.0956
560 1008 -0.0803  0.0296 10.2311
 16 1040  0.1134 -0.0171 78.7896
 48 1040  0.3490 -0.0066 58.3675
 80 1040  0.1038 -0.0816 39.3848
112 1040  0.2536 -0.1659 157.6759
144 1040  0.1584 -0.0524 161.4071
176 1040  0.1364 -0.0870 231.2597
208 1040  0.1181 -0.2980 183.3910
240 1040  0.0938 -0.2164 17.6183
272 1040  0.0428 -0.2467 33.7945
304 1040  0.0293 -0.3467 56.5585
336 1040 -0.0700 -0.1747 36.7243
368 1040  0.3257  0.2033 12.6023
400 1040  0.0181  0.0306 52.5389
432 1040  0.1468  0.0367 29.3776
464 1040  0.1553 -0.0425 41.3496
496 1040  0.0494 -0.1024 33.4648
528 1040  0.0106 -0.0283 20.2934
560 1040 -0.0192  0.0761  8.0625
592 1040 -0.1194  0.1387  6.4634
656 1040  0.0048  0.4057  4.4617
 16 1072  0.1425 -0.0266 37.0692
 48 1072  0.1235 -0.0222 138.8117
 80 1072  0.1882 -0.0695 133.6041
112 1072  0.1561 -0.0901 67.2177
144 1072  0.4507 -0.0883 156.9866
176 1072  0.0808 -0.1673 70.1503
208 1072  0.0728 -0.1796 90.5738
240 1072  0.1316 -0.3670 73.4557
272 1072  0.0873 -0.2990 26.9155
304 1072  0.1500 -0.1974 232.2367
336 1072 -0.0837 -0.1173 150.1125
368 1072 -0.0617 -0.0809 253.5021
400 1072  0.0282 -0.0407 173.2068
432 1072  0.1059 -0.0716 48.7095
464 1072  0.0673 -0.0313 26.1397
496 1072  0.0099 -0.0475 13.6400
528 1072  0.0652 -0.0454 50.3328
560 1072 -0.0198  0.0103 14.8357
592 1072  0.0424 -0.0083 16.1007
624 1072 -0.0421  0.1063 13.2510
656 1072 -0.0616  0.0115 12.8714
 16 1104  0.1188 -0.0105 20.8876
 48 1104  0.0238 -0.0095 42.0324
 80 1104  0.0722 -0.0351 165.7898
112 1104  0.1189 -0.0735 170.3139
144 1104  0.0240 -0.0491 28.7538
176 1104  0.0826 -0.0946 50.7595
208 1104  0.1771 -0.1744 214.1979
240 1104  0.0661 -0.4961 159.7630
272 1104  0.0711 -0.0022 20.7515
304 1104  0.0047 -0.1711 59.4140
336 1104  0.0138 -0.1434 216.3280
368 1104  0.0276 -0.1027 211.8138
400 1104  0.0778 -0.0623 120.7094
432 1104  0.1672 -0.0835 56.1966
464 1104  0.0920 -0.0587 31.0713
496 1104  0.0804 -0.0199 66.0387
528 1104  0.0417 -0.0388 20.6388
560 1104 -0.0153  0.0359 22.5354
592 1104  0.0228  0.0324 10.9043
624 1104  0.0044 -0.0116  9.1664
656 1104  0.0547  0.0346 12.7457
 16 1136  0.0165 -0.0096 14.9525
 48 1136  0.1004 -0.0047 72.1154
 80 1136  0.4152 -0.0342 69.3141
112 1136  0.0735 -0.0358 119.7032
144 1136  0.0937 -0.0628 35.3063
176 1136  0.3172 -0.0623 73.4473
208 1136  0.0680 -0.0880 285.8508
240 1136  0.1235 -0.2289 131.2608
272 1136  0.1195 -0.1613 282.9573
304 1136  0.1241 -0.0460 35.4996
336 1136  0.0341 -0.1769 193.7651
368 1136  0.1726 -0.0989 197.4013
400 1136  0.0870 -0.0919 142.3774
432 1136  0.0818 -0.0524 236.1769
464 1136  0.1215 -0.0290 40.0850
496 1136  0.0028 -0.0138 17.3975
528 1136 -0.0007 -0.0279 15.6588
560 1136 -0.0118 -0.0171 17.6729
592 1136 -0.0146 -0.0038 12.3045
624 1136 -0.0094 -0.0159 23.0269
656 1136 -0.0063  0.0864 35.0940
 16 1168  0.0166 -0.0025 16.0750
 48 1168  0.0185 -0.0011 16.0416
 80 1168  0.0504 -0.0078 90.4866
112 1168  0.1325 -0.0224 20.6293
144 1168  0.0123 -0.0084 15.9735
176 1168  0.1180 -0.1614 188.1645
208 1168  0.1363 -0.1455 59.0118
240 1168  0.2587 -0.1405 70.9581
272 1168  0.0730 -0.1188 244.0822
304 1168  0.0755 -0.0508 52.2191
336 1168  0.0246 -0.1079 256.8528
368 1168  0.0307 -0.0593 73.3188
400 1168  0.0801 -0.1428 210.1019
432 1168  0.0824 -0.0697 192.0755
464 1168  0.1130 -0.1602 99.5330
496 1168 -0.0040 -0.0486 23.4873
528 1168  0.0087  0.0259 12.8336
560 1168  0.0177 -0.0368 11.9632
592 1168 -0.0001 -0.0036 13.9099
624 1168  0.0416 -0.0011 10.2705
656 1168  0.0582  0.0143 30.2454
 16 1200  0.0076 -0.0288 13.5351
 48 1200  0.0461  0.0089 21.1342
 80 1200  0.1993 -0.1038 26.9426
112 1200  0.0638 -0.0418 141.6109
144 1200  0.1388 -0.0490 73.0068
176 1200  0.0539 -0.0766 47.6405
208 1200  0.1012 -0.1659 183.2793
240 1200  0.0556 -0.0857 239.1309
272 1200  0.1139 -0.0542 35.5087
304 1200  0.0431 -0.1424 89.7615
336 1200  0.0660 -0.0891 67.1630
368 1200  0.1856 -0.1054 141.7354
400 1200  0.0639 -0.0734 186.2658
432 1200  0.0580 -0.1848 101.5868
464 1200  0.0288 -0.0469 155.6443
496 1200  0.0400 -0.0027 19.1857
528 1200  0.0246 -0.0107 19.3693
560 1200  0.0265  0.0028 11.6421
592 1200  0.0193 -0.0178 16.3550
624 1200  0.0209 -0.0311 12.9976
656 1200  0.0568 -0.0090 32.2883
  0   0  0.0785 -0.1153  0.0000
  0   0  0.0497 -0.1349  0.0000
  0   0 -0.0101 -0.1442  0.0000
  0   0 -0.0885  0.0026  0.0000
  0   0 -0.1068  0.1351  0.0000
  0   0 -0.1034  0.1083  0.0000
  0   0 -0.1121  0.0603  0.0000
