VARIABLES= "X pix", "Y pix", "U pix/dt", "V pix/dt", "CHC", ZONE I=21, J=30
 16 272 -0.0792 -0.0337 33.7781
 48 272 -0.0516 -0.1192 265.5575
 80 272 -0.1722 -0.2496 116.3467
112 272 -0.0743 -0.1773 85.7354
144 272 -0.0666 -0.2037 121.6118
176 272 -0.1822 -0.0601 56.4767
208 272 -0.0438 -0.1512 217.3517
240 272 -0.0439 -0.0680 109.6440
272 272  0.0043 -0.0199 61.6596
304 272  0.0027 -0.0255 185.3950
336 272  0.0136 -0.0040 103.7141
368 272  0.0244  0.0085 128.9636
400 272  0.0385  0.0271 87.0132
432 272 -0.0124  0.0182 255.4329
464 272  0.0323  0.0539 140.5554
496 272 -0.0012  0.0464 127.2360
528 272  0.0476  0.0287 98.6820
560 272  0.0197  0.0631 41.7173
592 272  0.0455  0.0054 115.7995
624 272  0.0461  0.0382 212.4529
656 272  0.0376 -0.0316 184.5250
 16 304 -0.0442 -0.1599 281.4481
 48 304 -0.0557 -0.1050 225.8712
 80 304 -0.0895 -0.2148 201.7033
112 304 -0.0669 -0.1793 158.8227
144 304 -0.0673 -0.0778 259.7282
176 304 -0.0367 -0.0333 86.0855
208 304 -0.0158 -0.0388 309.2627
240 304 -0.0219 -0.2220 203.1413
272 304 -0.0009 -0.0184 46.1535
304 304 -0.0081 -0.0436 223.5842
336 304  0.0014 -0.0016 185.5785
368 304 -0.0009 -0.0008 67.9904
400 304 -0.0029 -0.0020 227.5330
432 304  0.0262  0.0088 233.5672
464 304  0.0447  0.0465 328.9323
496 304  0.0177  0.0369 83.6966
528 304  0.0328  0.0349 152.3230
560 304  0.0097  0.0463 306.1303
592 304  0.0867  0.0155 150.3610
624 304  0.0383  0.0536 178.3743
656 304  0.0518  0.0277 78.5005
 16 336 -0.0655 -0.0878 41.7432
 48 336 -0.2098 -0.0892 38.6714
 80 336 -0.0573 -0.2265 36.4076
112 336 -0.0733 -0.2063 286.8372
144 336 -0.0942 -0.1058 242.4417
176 336 -0.0545 -0.0851 168.4027
208 336 -0.0330 -0.3770 177.9948
240 336 -0.0240 -0.0832 188.8878
272 336 -0.0339 -0.0548 228.7342
304 336 -0.0259 -0.0499 189.0252
336 336 -0.0076 -0.0562 193.7173
368 336  0.0109 -0.0185 203.2277
400 336  0.0011  0.0315 166.3509
432 336  0.0175  0.0167 129.3672
464 336  0.0394  0.0212 108.2970
496 336 -0.0060 -0.0013 22.6461
528 336  0.0368  0.0381 73.6681
560 336  0.0324  0.0239 155.2103
592 336  0.0331  0.0239 178.0925
624 336  0.0513  0.0129 152.0461
656 336  0.0637  0.0028 116.6729
 16 368 -0.0838 -0.0509 27.8187
 48 368 -0.3934 -0.1022 75.5123
 80 368  0.0570 -0.3267 150.9569
112 368 -0.1913 -0.1112 110.8056
144 368 -0.0391 -0.1149 161.7498
176 368 -0.0882 -0.1593 89.5824
208 368 -0.1532 -0.1351 136.2651
240 368 -0.0476 -0.1660 333.8501
272 368 -0.0402 -0.1030 175.0453
304 368 -0.0233 -0.0570 157.1595
336 368  0.0361 -0.0459 279.0156
368 368  0.0047 -0.0278 258.5400
400 368 -0.0156 -0.0013 222.4615
432 368  0.0153  0.0098 146.3516
464 368  0.0766  0.0231 69.7518
496 368  0.0428  0.0102 139.3213
528 368  0.0503  0.0298 184.9173
560 368  0.0411  0.0121 68.8034
592 368  0.0227  0.0031 63.9802
624 368  0.0694  0.0010 277.2437
656 368  0.0773 -0.0159 102.2209
 16 400 -0.0708 -0.0026 21.1907
 48 400 -0.2958 -0.3035 45.5619
 80 400 -0.2035 -0.3542 219.5975
112 400 -0.0872 -0.2220 197.9260
144 400 -0.0663 -0.2571 176.9306
176 400 -0.1195 -0.1226 190.4000
208 400 -0.1946 -0.1376 478.2119
240 400 -0.0815 -0.1999 138.8378
272 400 -0.0462 -0.1904 61.2228
304 400 -0.0324 -0.0591 218.8499
336 400 -0.0089 -0.0655 79.3579
368 400  0.0003 -0.0348 157.4971
400 400  0.0062 -0.0172 228.3893
432 400  0.0204  0.0036 188.1947
464 400  0.0214  0.0019 174.4537
496 400  0.0278 -0.0031 57.4995
528 400  0.0464  0.0108 63.6248
560 400  0.0273  0.0068 65.8178
592 400  0.0536  0.0310 127.1844
624 400  0.0417 -0.0026 131.1964
656 400  0.1149  0.0001 159.1401
 16 432 -0.2486 -0.0920 20.2783
 48 432 -0.6279 -0.5046 59.8279
 80 432 -0.4369 -0.2337 171.1919
112 432 -0.1422 -0.2450 261.3148
144 432 -0.5753 -0.3910 121.5648
176 432 -0.2988 -0.3949 200.5398
208 432 -0.2031 -0.4029 147.2519
240 432 -0.0772 -0.1716 312.2374
272 432 -0.1115 -0.1177 32.3966
304 432 -0.1163 -0.0524 143.5302
336 432 -0.0449 -0.0605 207.7603
368 432 -0.0340 -0.0771 138.9936
400 432 -0.0019 -0.0138 353.8103
432 432 -0.0054  0.0062 76.8325
464 432  0.0042  0.0138 194.5741
496 432  0.0441  0.0119 300.7773
528 432  0.0355  0.0171 131.7975
560 432  0.0538  0.0325 115.3691
592 432  0.0106  0.0221 94.7107
624 432  0.0617 -0.0055 189.2164
656 432  0.0332 -0.0624 109.4340
 16 464 -0.1676 -0.0940 17.4964
 48 464 -0.1866 -0.1010 14.2622
 80 464 -0.1963 -0.5282 247.9615
112 464 -0.2167 -0.2311 215.2250
144 464 -0.1570 -0.0754 14.4833
176 464 -0.4111 -0.3777 188.0925
208 464 -0.2968 -0.2625 165.1511
240 464 -0.5424 -0.0871 130.2594
272 464 -0.0822 -0.2577 40.9028
304 464 -0.1508 -0.1971 332.8496
336 464 -0.0379 -0.0643 234.6299
368 464 -0.0602 -0.0601 215.6241
400 464 -0.0403  0.0073 77.0070
432 464 -0.0107 -0.0510 323.9837
464 464  0.0115 -0.0097 89.7600
496 464  0.0235 -0.0066 195.6894
528 464  0.0505  0.0202 161.0082
560 464  0.0226  0.0290 138.7738
592 464  0.0367  0.0147 104.8869
624 464  0.0830  0.0035 157.8522
656 464  0.0841 -0.0250 87.3694
 16 496 -0.0446 -0.2634 22.1059
 48 496 -0.1014 -0.2985 43.2374
 80 496 -0.2602 -0.4287 188.2121
112 496 -0.1993 -0.4236 29.3092
144 496 -0.0390 -0.0969 20.1843
176 496 -0.2387 -0.1475 204.4040
208 496 -0.0606 -0.5182 182.9322
240 496 -0.5166 -0.2475 96.3889
272 496 -0.1131 -0.0662 24.8075
304 496 -0.1919 -0.0354 49.0872
336 496 -0.2162 -0.1544 95.5679
368 496 -0.1097 -0.0712 84.7710
400 496 -0.0493 -0.0692 157.1844
432 496 -0.0087 -0.0202 97.8140
464 496 -0.0171 -0.0265 242.8450
496 496  0.0307  0.0231 126.0110
528 496  0.0393  0.0094 21.8213
560 496  0.0451  0.0248 68.0258
592 496  0.0603  0.0413 18.4386
624 496  0.0828 -0.0109 216.6389
656 496  0.0378 -0.0274 136.9630
 16 528 -0.1954 -0.0754 157.4548
 48 528 -0.1460 -0.2197 235.9270
 80 528 -0.1321 -0.1948 39.3336
112 528 -0.4489 -0.5596 56.5258
144 528 -0.2018 -0.5151 189.1965
176 528 -0.2362 -0.5727 149.0797
208 528 -0.2511 -0.4284 205.5762
240 528 -0.3312 -0.2736 290.2658
272 528 -0.0898 -0.3359 46.2989
304 528 -0.1623 -0.2208 201.4391
336 528 -0.0922 -0.3443 36.8429
368 528 -0.0642 -0.1019 20.3252
400 528 -0.0549 -0.1161 141.5742
432 528 -0.0258 -0.0586 157.9058
464 528 -0.0339 -0.0366 152.1850
496 528  0.0338 -0.0125 253.7554
528 528  0.0067 -0.0124 350.9192
560 528  0.0507 -0.0149 190.5850
592 528  0.0643 -0.0134 49.1006
624 528  0.0377  0.0275 98.6037
656 528  0.0439 -0.0385 174.0946
 16 560 -0.4735 -0.0998 25.7078
 48 560 -0.2267 -0.2614 150.1608
 80 560 -0.2646 -0.1678 35.5912
112 560 -0.1568 -0.2029 55.0473
144 560 -0.6985 -0.7417 155.5079
176 560 -0.3045 -0.2609 75.2508
208 560 -0.7196 -0.5122 73.4560
240 560 -0.3995 -0.6512 240.9003
272 560 -0.2458 -0.3636 25.6091
304 560 -0.3434 -0.4710 127.2816
336 560 -0.2584 -0.3394 154.8221
368 560 -0.1304 -0.2227 151.5371
400 560 -0.1068 -0.1429 105.0160
432 560 -0.0929 -0.0988 52.2723
464 560 -0.0097 -0.0511 52.3535
496 560  0.0216 -0.0703 61.2391
528 560  0.0632 -0.0490 106.7202
560 560  0.1028 -0.0697 293.8481
592 560  0.1088  0.0008 60.5546
624 560  0.1181 -0.0166 126.0742
656 560  0.0701  0.0246 170.5793
 16 592 -0.1231 -0.0282 24.8318
 48 592 -0.5258 -0.1741 30.5645
 80 592 -1.2285 -0.3589 154.9826
112 592 -0.6347 -0.2622 154.5952
144 592 -0.6669 -0.7572 105.7277
176 592 -0.0812 -0.1902 14.7033
208 592 -0.6315 -0.5586 275.4792
240 592 -0.6703 -0.4455 44.1653
272 592 -0.2858 -0.6130 31.7173
304 592 -0.6606 -0.4573 203.9535
336 592 -0.2370 -0.4733 130.0679
368 592 -0.2183 -0.2986 127.4858
400 592 -0.1274 -0.1749 51.7659
432 592 -0.0789 -0.2155 69.6684
464 592 -0.0141 -0.1802 148.4412
496 592  0.0283 -0.1289 252.5753
528 592  0.0986 -0.0917 153.4181
560 592  0.1783 -0.0707 94.4802
592 592  0.1089 -0.0094 145.8474
624 592  0.0704  0.0211 22.6594
656 592  0.0352  0.0552 275.0020
 16 624 -0.0849 -0.1161 25.6937
 48 624 -0.0971 -0.1095 132.0224
 80 624 -1.2641 -0.6857 206.6242
112 624 -0.3991 -0.3529 119.1059
144 624 -0.4811 -0.2961 173.6155
176 624 -0.3293 -0.4565 147.4081
208 624 -0.6962 -0.7799 49.0344
240 624 -0.0651 -0.5156 104.1861
272 624 -0.2860 -0.3835 33.0190
304 624 -0.2819 -0.4521 203.4304
336 624 -0.3350 -0.4362 112.9684
368 624 -0.1943 -0.3543 161.2991
400 624 -0.0727 -0.1449 175.5277
432 624 -0.0978 -0.1914 36.6763
464 624  0.0344 -0.2244 76.5227
496 624  0.1947 -0.2322 203.4210
528 624  0.1721 -0.0873 136.8432
560 624  0.1499 -0.0495 318.7039
592 624  0.3025  0.0112 50.2907
624 624  0.1384  0.0272 157.3106
656 624  0.1070  0.1881 134.4311
 16 656 -0.0598 -0.1063 26.1812
 48 656 -0.1602 -0.1970 368.8721
 80 656 -0.2960 -0.2465 187.2446
112 656 -0.5408 -0.2293 91.5240
144 656 -0.2278 -0.2033 180.5437
176 656 -0.6189 -1.1669 169.0133
208 656 -0.7397 -0.6906 169.0357
240 656 -0.6433 -0.8490 106.3584
272 656 -0.7670 -1.0872 239.1043
304 656 -0.4755 -0.6812 145.5007
336 656 -0.2543 -0.4543 108.9016
368 656 -0.2143 -0.2851 81.1150
400 656 -0.0907 -0.0628 230.0498
432 656 -0.0353 -0.1421 157.8647
464 656  0.1354 -0.6125 206.8826
496 656  0.2711 -0.3952 98.9673
528 656  0.6545 -0.4896 148.7805
560 656  0.4988 -0.2219 53.8293
592 656  0.7598  0.1058 166.1720
624 656  0.2559  0.3553 62.1557
656 656  0.2424  0.5757 65.8176
 16 688 -0.0158 -0.0280 28.2730
 48 688 -0.0450 -0.1043 178.3273
 80 688 -0.1975 -0.2625 83.7005
112 688 -0.1593 -0.4267 335.2675
144 688 -0.6575 -0.4339 281.9312
176 688 -0.2253 -0.1678 60.6173
208 688 -0.2624 -0.2238 44.4210
240 688 -0.8664 -0.7007 84.5857
272 688 -0.8489 -0.6999 63.3583
304 688 -0.1819 -0.0682 65.4925
336 688 -0.3845 -0.5081 92.2142
368 688 -0.1331 -0.4285 147.7731
400 688 -0.0285 -0.7298 199.7142
432 688  0.0364 -0.4289 119.5439
464 688  0.1994 -0.7653 116.0703
496 688  0.4183 -0.3116 71.0855
528 688  1.6865 -0.9043 86.5046
560 688  1.5496 -0.1665 70.6645
592 688  0.9972  0.1636 63.0644
624 688  0.5850  0.7611 151.1302
656 688  0.2827  0.8324 84.2540
 16 720 -0.0113 -0.0197 120.4896
 48 720 -0.0405 -0.0854 126.4847
 80 720 -0.0831 -0.2259 181.3970
112 720 -0.1277 -0.3352 81.7455
144 720 -0.2031 -0.2392 135.3789
176 720 -0.7192 -0.8298 204.8089
208 720 -0.2407 -0.3803 96.3546
240 720 -0.5854 -0.7177 124.7867
272 720 -0.3052 -0.4392 55.9183
304 720 -0.2067 -0.2744 48.1467
336 720 -0.3478 -0.5742 232.8672
368 720 -0.2272 -0.6161 50.4274
400 720 -0.0743 -0.8429 193.6401
432 720  0.0582 -0.7425 20.4504
464 720  0.4699 -0.8845 52.7822
496 720  1.2400 -1.5074 32.3216
528 720 -0.1699 -0.1031 26.5951
560 720 -1.4616 -0.1622 21.5642
592 720  1.4484  0.8677 33.6621
624 720  1.3714  1.2070 81.5396
656 720  0.6021  1.1957 144.7346
 16 752  0.0146 -0.0831 84.7702
 48 752 -0.0281 -0.0888 38.3512
 80 752 -0.0019 -0.0331 255.2816
112 752 -0.2349 -0.2961 154.8455
144 752 -0.0977 -0.0759 30.0919
176 752 -0.1446 -0.2745 278.4556
208 752 -0.1522 -0.2195 121.5367
240 752 -0.3261 -0.6296 192.9258
272 752 -0.2042 -0.4036 112.1953
304 752 -0.4960 -0.8596 72.6131
336 752 -0.1676 -0.3999 56.2880
368 752 -0.2883 -0.6605 74.2263
400 752  0.0066 -1.1733 45.7034
432 752  0.0700 -1.3770 138.3061
464 752  0.4214 -1.8131 88.5363
496 752 -0.2711 -0.0038 19.4201
528 752 -0.4364 -0.7818 10.2374
560 752 -0.3502 -1.1854  8.4949
592 752  0.3769  0.8595 62.8325
624 752  0.1795  1.0725 58.9954
656 752  0.4442  0.8701 48.2435
 16 784  0.0194 -0.0106 32.0295
 48 784 -0.0017 -0.0196 392.3675
 80 784 -0.0152 -0.0816 280.4853
112 784 -0.0297 -0.1321 164.6221
144 784 -0.0324 -0.1546 68.1197
176 784 -0.1259 -0.2540 177.0552
208 784 -0.0369 -0.1049 136.9077
240 784 -0.1787 -0.2849 185.4843
272 784 -0.1318 -0.3514 23.9774
304 784 -0.1755 -0.4719 107.4322
336 784 -0.2168 -0.6695 66.4861
368 784 -0.1670 -0.8303 215.5190
400 784 -0.0542 -0.9082 206.8600
432 784 -0.0159 -1.1431 76.1879
464 784 -0.1847 -0.1690 17.6141
496 784 -0.6095  0.1987  9.4418
528 784 -0.5511 -0.1572  8.1711
560 784  0.0192 -0.1284 25.8957
592 784 -0.0483 -0.0640 23.0560
624 784  0.2463  0.7708 32.4876
656 784  0.5218  0.7825 119.1804
 16 816 -0.0004  0.0021 19.0337
 48 816  0.0367 -0.0239 55.1672
 80 816  0.0233 -0.0678 201.6549
112 816 -0.0002 -0.0225 74.0426
144 816 -0.0189 -0.1332 188.7163
176 816 -0.0694 -0.1863 240.1227
208 816 -0.1235 -0.2261 54.5932
240 816 -0.1305 -0.4445 66.8550
272 816 -0.3223 -0.5722 157.2522
304 816 -0.1411 -0.4766 56.4785
336 816 -0.2864 -0.8929 115.3105
368 816 -0.2293 -0.9512 172.8901
400 816 -0.0302 -0.3756 15.7943
432 816 -0.1095 -1.1642 14.3557
464 816 -0.2062 -0.2137 12.4767
496 816 -1.0808  0.3293  8.2095
528 816 -0.3519 -0.0660 12.5668
560 816 -0.7503 -0.5894 28.6269
592 816 -0.4873  0.0032 22.1509
624 816 -0.3010  0.0859 130.8571
656 816  0.1108  0.0593 65.9147
 16 848  0.0427 -0.0206 19.0133
 48 848  0.0172 -0.0108 16.4389
 80 848  0.1585 -0.0904 242.2663
112 848  0.0099 -0.0637 34.4803
144 848 -0.0042 -0.0546 89.2680
176 848 -0.1396 -0.0275 317.9857
208 848 -0.0976 -0.1517 144.1954
240 848 -0.2941 -0.2984 108.1712
272 848 -0.4652 -0.6813 47.2475
304 848 -0.3751 -0.7715 103.4103
336 848 -0.5107 -1.1117 231.1507
368 848 -0.1350 -1.1692 204.2034
400 848 -0.0488 -1.1136 60.3749
432 848 -0.0724 -1.0132 20.1929
464 848 -0.0064 -0.0589 12.5526
496 848 -0.2107 -0.0685  8.0120
528 848 -0.1816 -0.0381 14.6025
560 848 -0.0757 -0.1637 31.0996
592 848 -0.1503 -0.0490 52.9236
624 848 -0.0145 -0.2497 48.4144
656 848  0.0024 -0.0238 41.0602
 16 880  0.0055 -0.0093 18.5485
 48 880  0.2502 -0.0344 122.2029
 80 880  0.0587 -0.0186 97.2008
112 880  0.0451 -0.0008 186.6239
144 880  0.0435 -0.2533 111.4986
176 880 -0.0196 -0.0263 365.6435
208 880 -0.0383 -0.0583 329.7120
240 880 -0.4463 -0.2223 58.9770
272 880 -0.6971 -1.0901 122.5766
304 880 -0.9079 -1.4286 55.7082
336 880 -1.0177 -1.8495 155.4723
368 880 -0.0997 -0.2825 19.4373
400 880 -0.0619 -0.2583 18.3486
432 880 -0.0498 -0.0513 17.4904
464 880 -0.0420 -0.1567  9.2063
528 880 -0.0070 -0.0192 21.4260
560 880 -0.0454  0.0121 17.8504
592 880 -0.0515  0.0034  7.8400
624 880 -0.0462 -0.0492 28.2854
656 880 -0.0033 -0.0474 13.4193
 16 912  0.0631  0.0018 141.1733
 48 912  0.0571 -0.0025 61.3989
 80 912  0.0698 -0.0277 65.3966
112 912  0.0719 -0.0441 220.2885
144 912  0.0177 -0.0236 213.3476
176 912 -0.0062 -0.1182 178.7894
208 912 -0.1251 -0.0485 226.0818
240 912 -0.1202  0.0167 105.1336
272 912 -0.2594  0.0367 184.3774
304 912 -1.1003 -0.4118 107.8063
336 912 -1.2113 -0.5332 30.9529
368 912 -0.2696 -0.4175 13.6395
400 912 -0.0762 -0.0402 13.6322
432 912 -0.1711 -0.5866  7.3280
464 912 -0.0374 -0.1788  4.6221
528 912  0.0321 -0.0294  5.2294
560 912 -0.0136 -0.0137  6.9531
592 912  0.0024  0.0046  4.2082
624 912 -0.0010 -0.0012  8.3870
656 912 -0.0069 -0.0112  7.7261
 16 944  0.0574 -0.0128 60.5905
 48 944  0.0526  0.0036 39.8056
 80 944  0.0468 -0.0076 295.8740
112 944  0.0900 -0.0636 111.2521
144 944  0.0224  0.0234 111.9345
176 944  0.0346 -0.0133 289.8109
208 944 -0.0533 -0.0074 213.9717
240 944 -0.1598  0.0316 230.3795
272 944 -0.6768  0.1824 22.0719
304 944 -0.1197 -0.3913 26.3646
336 944 -0.0309 -3.2461 10.4847
368 944  0.0781 -0.0711  7.0599
400 944 -0.0311 -0.5000  4.6402
432 944 -0.0725 -0.1977  4.0866
464 944 -0.0723 -0.1279  4.9008
496 944 -0.0038 -0.0293  5.7930
528 944  0.0074  0.0000  4.0878
624 944 -0.0095 -0.0084  5.0633
656 944 -0.0018 -0.0032  5.0295
 16 976  0.0571 -0.0047 41.9123
 48 976  0.0516  0.0073 130.2159
 80 976  0.2912  0.0073 82.8803
112 976  0.0781 -0.0116 86.3695
144 976  0.0956 -0.0403 226.4374
176 976  0.0441  0.0013 212.2126
208 976  0.0211  0.0578 181.7743
240 976 -0.0460  0.1525 96.6356
272 976 -0.0349  1.0526 148.5585
304 976 -0.2625  1.9102 58.7824
336 976 -0.0053  0.7605 15.6039
368 976  0.1514 -0.1035 38.2668
400 976  0.3727 -0.4533 20.4817
432 976 -0.3670 -0.2804 29.4124
464 976 -0.0050 -0.0306 28.5909
496 976  0.0055 -0.0303  7.7256
528 976  0.0001 -0.0083  4.8030
 16 1008  0.0242  0.0103 15.7309
 48 1008  0.1869  0.0091 129.5556
 80 1008  0.1134  0.0312 245.9254
112 1008  0.0593  0.0095 165.9132
144 1008  0.0946  0.0198 75.8944
176 1008  0.1072  0.0558 209.8489
208 1008  0.0375  0.0492 65.8956
240 1008  0.1292  0.1218 53.1647
272 1008  0.3660  0.2442 93.5623
304 1008  0.6129  1.2511 37.2104
336 1008  1.7125  1.1786 66.7354
368 1008  0.6626 -0.2263 34.3241
400 1008 -0.9589 -1.7951 13.7271
432 1008 -0.4781 -0.6338 23.1592
464 1008 -0.3249 -0.2240 13.2885
496 1008  0.0022 -0.0249 24.4735
528 1008  0.0007 -0.0016 12.3498
560 1008 -0.0007  0.0026  6.7486
592 1008  0.1797 -0.1351  4.0797
 16 1040  0.0583  0.0358 140.4409
 48 1040  0.2564  0.0314 46.2803
 80 1040  0.0695  0.0024 228.7786
112 1040  0.1017  0.0030 136.6995
144 1040  0.0998  0.0073 147.1492
176 1040  0.1075  0.0245 117.5024
208 1040  0.1681 -0.0218 14.5879
240 1040  0.1693  0.0116 66.1271
272 1040  0.1296  0.0418 36.2097
304 1040  0.4825 -0.0310 28.5122
336 1040  1.0978 -0.2185 134.4479
368 1040  1.0804 -0.7164 156.6304
400 1040  0.0112 -0.2551 12.3114
432 1040  0.0455 -0.2356 13.2928
464 1040 -0.2351 -0.8867 71.8652
496 1040 -0.0049 -0.0133 17.0614
528 1040  0.0008  0.0005 11.1628
560 1040 -0.0125 -0.0101 13.1237
592 1040 -0.0155  0.0173  6.5150
 16 1072  0.1672  0.0103 54.3276
 48 1072  0.1097  0.0451 90.3688
 80 1072  0.0799  0.0187 104.0247
112 1072  0.0478  0.0353 12.3736
144 1072  0.0785  0.0248 65.5387
176 1072  0.3280 -0.0109 40.6565
208 1072  0.1022  0.0102 83.4624
240 1072  0.0774 -0.0088 340.3999
272 1072  0.1679  0.0121 30.0807
304 1072  1.0627 -0.0364 157.2442
336 1072  0.7019 -0.4284 111.5419
368 1072  0.1303 -0.1155 19.6628
400 1072  0.4176 -0.5363 19.8704
432 1072  0.0801 -0.7531 46.0165
464 1072  0.0045 -0.0278  8.7764
496 1072 -0.0009  0.0149 15.1214
528 1072 -0.0016 -0.0113 10.9753
560 1072 -0.0451 -0.0243  8.9006
592 1072 -0.0035 -0.0186 10.6171
624 1072 -0.0591 -0.0057  6.1031
656 1072  0.0538 -0.0364  5.0255
 16 1104  0.0131 -0.0117 14.8844
 48 1104  0.0056 -0.0194 40.4304
 80 1104  0.2153  0.0007 164.4057
112 1104  0.0333  0.0213 125.9373
144 1104  0.0865  0.0042 25.2633
176 1104  0.2614  0.0424 159.3686
208 1104  0.1074  0.0232 348.6435
240 1104  0.3010 -0.0224 24.5006
272 1104  0.1084 -0.0652 213.6309
304 1104  0.6491 -0.1067 83.2588
336 1104  0.2763 -0.3786 98.0011
368 1104  0.4644 -0.6416 92.0206
400 1104  0.1942 -0.7124 94.8160
432 1104  0.0067 -0.1836 23.9705
464 1104 -0.0091  0.0094 19.2303
496 1104 -0.0068  0.0029 14.4976
528 1104 -0.0186  0.0171 11.9173
560 1104  0.0152 -0.0127 12.7874
592 1104 -0.0058 -0.0253 10.5912
624 1104 -0.0034  0.0093 11.4536
656 1104 -0.0173 -0.0018  9.5201
 16 1136  0.0153 -0.0096 15.8490
 48 1136  0.0063 -0.0083 13.8102
 80 1136  0.0447  0.0143 124.2090
112 1136  0.0472  0.0372 117.8145
144 1136  0.0373  0.0026 21.1566
176 1136  0.2224 -0.0167 108.0931
208 1136  0.1216 -0.0364 109.0732
240 1136  0.1923 -0.0560 57.7947
272 1136  0.0368 -0.0501 186.8880
304 1136  0.1887 -0.0891 144.0174
336 1136  0.1835 -0.2353 108.6094
368 1136  0.2901 -0.2506 118.2045
400 1136  0.2183 -0.3941 29.8826
432 1136  0.1343 -0.3087 20.5014
464 1136  0.0171 -0.1761 21.7269
496 1136  0.0942 -0.1471 33.3498
528 1136  0.0094  0.0028 16.8270
560 1136 -0.0042 -0.0000 10.7830
592 1136 -0.0720 -0.0070 12.9905
624 1136 -0.0258 -0.0113 14.0799
656 1136 -0.0312  0.0326 17.4795
 16 1168  0.0685 -0.0132 17.6680
 48 1168  0.1153  0.0094 18.3343
 80 1168  0.2120  0.0095 29.0928
112 1168  0.1109 -0.0169 14.7468
144 1168  0.1062 -0.0005 84.9268
176 1168  0.3532 -0.0030 125.6963
208 1168  0.1682 -0.0389 215.0442
240 1168  1.0801 -0.0376 135.0669
272 1168  0.0764 -0.0739 57.8153
304 1168  0.2466 -0.0838 97.2712
336 1168  0.2744 -0.2071 164.5558
368 1168  0.2131 -0.1523 91.2298
400 1168  0.1732 -0.2029 249.8319
432 1168  0.0605 -0.1294 25.6055
464 1168  0.1168 -0.2095 242.2077
496 1168  0.0133 -0.0022 18.0951
528 1168  0.0032 -0.0532 19.8097
560 1168 -0.0026 -0.0083 12.7984
592 1168 -0.0498  0.0262 11.1852
624 1168  0.0036 -0.0302 14.6520
656 1168 -0.0167 -0.0216 13.3574
 16 1200  0.0323 -0.0070 13.1092
 48 1200  0.0091  0.0370 19.5233
 80 1200  0.1017  0.0348 275.2371
112 1200  0.1160 -0.0073 146.3074
144 1200  0.2877 -0.0168 76.0228
176 1200  0.2687 -0.1525 193.1914
208 1200  0.0861 -0.0257 194.0976
240 1200  0.1512 -0.1496 198.3414
272 1200  0.1044 -0.1002 70.6711
304 1200  0.1581 -0.0388 57.2533
336 1200  0.5345 -0.0385 144.0770
368 1200  0.3044 -0.1534 137.4374
400 1200  0.1336 -0.1965 19.8702
432 1200  0.0606 -0.1390 20.8010
464 1200  0.0123 -0.0464 16.7674
496 1200  0.0030 -0.0408 21.7834
528 1200 -0.0026  0.0083 21.9964
560 1200 -0.0188 -0.0105 14.4226
592 1200 -0.0007  0.0076 13.3339
624 1200  0.0139  0.0261 16.1759
656 1200 -0.0499  0.0113 27.4923
  0   0  0.0431 -0.1958  0.0000
  0   0  0.0401 -0.2769  0.0000
  0   0  0.0171 -0.2853  0.0000
  0   0 -0.0754 -0.1052  0.0000
  0   0 -0.1327 -0.0253  0.0000
  0   0 -0.1633  0.0613  0.0000
  0   0 -0.2330  0.1408  0.0000
  0   0 -0.2449  0.1816  0.0000
  0   0 -0.2581  0.2440  0.0000
  0   0 -0.1889  0.3165  0.0000
  0   0 -0.0885  0.3451  0.0000
  0   0  0.0990  0.3097  0.0000
