VARIABLES= "X pix", "Y pix", "U pix/dt", "V pix/dt", "CHC", ZONE I=21, J=30
 16 272 -0.0618 -0.0814 238.2701
 48 272 -0.0612 -0.0696 31.6483
 80 272 -0.0584 -0.2288 217.4727
112 272 -0.0654 -0.2283 257.0847
144 272 -0.0215 -0.0746 473.5547
176 272 -0.0125 -0.1304 161.4831
208 272 -0.0263 -0.2555 299.8528
240 272  0.0094 -0.0383 148.7002
272 272 -0.0195 -0.0491 246.5973
304 272  0.0101 -0.0318 154.2668
336 272  0.0370 -0.0430 169.0031
368 272  0.0474 -0.0100 169.1937
400 272  0.1144  0.0016 272.8306
432 272  0.0573  0.0443 118.9883
464 272  0.0788  0.0583 82.5440
496 272  0.0980  0.0366 221.0399
528 272  0.0585 -0.0485 109.2934
560 272  0.0784  0.0785 77.0641
592 272  0.1032  0.0048 178.8123
624 272  0.0969  0.0260 124.8317
656 272  0.0450  0.0134 143.9623
 16 304 -0.1487 -0.1162 83.8540
 48 304 -0.0283 -0.0929 77.5898
 80 304 -0.0736 -0.1376 183.1878
112 304 -0.1642 -0.0900 25.4603
144 304 -0.0557 -0.1331 209.6847
176 304 -0.0652 -0.1599 107.5196
208 304 -0.0717 -0.1367 308.6731
240 304  0.0024 -0.0601 253.0442
272 304  0.0045 -0.0436 97.9400
304 304  0.0007 -0.0311 325.2061
336 304  0.0334 -0.0241 137.9807
368 304  0.0308 -0.0353 130.0194
400 304  0.0419 -0.0093 30.9528
432 304  0.0305  0.0186 90.2653
464 304  0.0798  0.0438 159.4847
496 304  0.0910  0.0506 193.2111
528 304  0.0770  0.0428 79.7140
560 304  0.0565  0.0442 174.3039
592 304  0.0937 -0.0235 141.3145
624 304  0.0343  0.0095 101.0023
656 304  0.0820  0.0067 143.2377
 16 336 -0.2052 -0.2955 106.7584
 48 336 -0.0973 -0.1051 19.9356
 80 336 -0.0681 -0.1558 356.5092
112 336 -0.1197 -0.2269 166.1722
144 336 -0.0922 -0.2744 269.1605
176 336 -0.0927 -0.0877 218.4016
208 336 -0.1749 -0.2385 485.9431
240 336 -0.0584 -0.1231 77.8910
272 336 -0.0313 -0.0437 18.5819
304 336 -0.0162 -0.1210 273.6093
336 336  0.0106 -0.0688 149.8124
368 336  0.0478 -0.0426 144.4890
400 336  0.0506 -0.0052 26.5123
432 336  0.0420  0.0093 145.6803
464 336  0.0563  0.0120 140.0795
496 336  0.0264  0.0417 122.6654
528 336  0.0395  0.0470 169.0152
560 336  0.0982  0.0439 120.3626
592 336  0.0465  0.0308 269.7364
624 336  0.0931  0.0113 103.1015
656 336  0.0801  0.0178 176.7363
 16 368 -0.1427 -0.0827 51.9411
 48 368 -0.1242 -0.1486 61.4078
 80 368 -0.1316 -0.3149 199.0972
112 368 -0.0943 -0.3043 57.2765
144 368 -0.1079 -0.2283 69.2110
176 368 -0.0318 -0.0771 22.7865
208 368 -0.0097 -0.2937 219.5672
240 368 -0.0714 -0.1415 110.7191
272 368 -0.0301 -0.0821 177.1194
304 368 -0.0138 -0.0459 164.1921
336 368 -0.0045 -0.0755 456.8882
368 368  0.0378 -0.0340 323.9227
400 368  0.0200 -0.0221 285.2349
432 368  0.0764  0.0056 189.9974
464 368  0.0466  0.0411 97.8818
496 368  0.0832  0.0370 221.6209
528 368  0.0894  0.0373 88.1039
560 368  0.1279  0.0209 165.5845
592 368  0.0095 -0.0174 238.3749
624 368  0.0606  0.0390 205.4767
656 368  0.0802 -0.0455 192.1125
 16 400 -0.2694 -0.2215 58.1547
 48 400 -0.2370 -0.1710 22.6151
 80 400 -0.2777 -0.3197 159.4078
112 400 -0.1741 -0.3988 97.4924
144 400 -0.2897 -0.1856 19.3577
176 400 -0.2347 -0.3186 66.3758
208 400 -0.1824 -0.4980 82.0166
240 400 -0.1267 -0.1089 43.4015
272 400 -0.0999 -0.2906 218.3979
304 400 -0.0253 -0.1467 167.3077
336 400 -0.0381 -0.0761 76.6638
368 400  0.0108 -0.0608 155.4133
400 400  0.0399 -0.0292 92.6550
432 400  0.0610 -0.0325 208.3132
464 400  0.0753 -0.0022 204.9073
496 400  0.0909  0.0059 64.9155
528 400  0.0801  0.0129 168.0271
560 400  0.0844  0.0373 250.3876
592 400  0.0552  0.0367 161.7338
624 400  0.0859  0.0172 161.7181
656 400  0.0569  0.0119 107.4330
 16 432 -0.1575 -0.2464 126.7900
 48 432 -0.6272 -0.4112 110.5734
 80 432 -0.5890 -0.3942 205.1696
112 432 -0.2730 -0.1312 31.3404
144 432 -0.3702 -0.3106 296.2896
176 432 -0.1448 -0.3029 215.9505
208 432 -0.1166 -0.1720 62.1656
240 432 -0.0911 -0.3826 269.1893
272 432 -0.0701 -0.3038 279.7819
304 432 -0.0991 -0.1223 450.8291
336 432 -0.0250 -0.1043 308.9063
368 432  0.0239 -0.0862 206.3918
400 432  0.0329 -0.0361 239.5192
432 432  0.0564 -0.0362 113.2658
464 432  0.0643  0.0020 95.3558
496 432  0.0747  0.0102 113.7693
528 432  0.0755  0.0513 55.5524
560 432  0.1232  0.0569 116.8514
592 432  0.0363  0.0118 122.8795
624 432  0.0488  0.0207 125.4749
656 432  0.0891  0.1004 83.6527
 16 464 -0.1611 -0.0816 17.6640
 48 464 -0.2520 -0.3506 192.0664
 80 464 -0.3899 -0.5634 114.6315
112 464 -0.2423 -0.6316 137.8207
144 464 -0.0512 -0.3216 59.0039
176 464 -0.2086 -0.3150 218.7013
208 464 -0.2987 -0.4297 132.9179
240 464 -0.1647 -0.3927 179.7768
272 464 -0.1018 -0.1567 286.4391
304 464 -0.0352 -0.2284 89.8913
336 464 -0.0606 -0.1426 239.8802
368 464 -0.0027 -0.0873 185.5259
400 464  0.0009 -0.0815 90.9298
432 464  0.0478 -0.0769 90.1550
464 464  0.0603 -0.0388 147.8744
496 464  0.0037 -0.0081 21.0475
528 464  0.0962  0.0390 168.3022
560 464  0.1087  0.0293 102.9855
592 464  0.0879  0.0421 99.3580
624 464  0.0706  0.0506 119.7098
656 464  0.0635 -0.0164 226.2312
 16 496 -0.1163 -0.4801 29.3660
 48 496 -0.2867 -0.2780 113.7995
 80 496 -0.7403 -0.6925 113.4078
112 496 -0.3663 -0.3734 204.8789
144 496 -0.6911 -0.8993 123.7409
176 496 -0.1915 -0.6389 287.1310
208 496 -0.5206 -0.2280 179.5016
240 496 -0.5774 -0.4112 76.5446
272 496 -0.3279 -0.0576 436.8377
304 496 -0.0534 -0.2337 90.9470
336 496 -0.0589 -0.2682 231.9019
368 496 -0.0130 -0.1205 53.7021
400 496  0.0478 -0.0894 54.9854
432 496  0.0845 -0.0677 154.5593
464 496  0.0681 -0.0605 269.2943
496 496  0.1112  0.0060 174.9378
528 496  0.0871  0.0450 136.3017
560 496  0.1013  0.0139 110.8463
592 496  0.0943  0.0445 50.3547
624 496  0.0944 -0.0119 114.6671
656 496  0.0876 -0.0129 117.0001
 16 528 -0.2695 -0.1805 24.6818
 48 528 -0.2222 -0.3718 44.5390
 80 528 -0.4951 -0.3144 28.3372
112 528 -0.4660 -0.7317 183.2668
144 528 -0.6287 -0.6174 30.0414
176 528 -0.6936 -0.9429 140.1414
208 528 -0.3264 -0.8307 129.4528
240 528 -0.2490 -0.2990 28.6376
272 528 -0.1575 -0.4169 177.9410
304 528 -0.0968 -0.3725 201.4281
336 528 -0.0876 -0.3922 181.5536
368 528 -0.0188 -0.3314 133.1708
400 528  0.0299 -0.1260 176.7606
432 528  0.0301 -0.0546 300.8877
464 528  0.1227 -0.0510 294.3439
496 528 -0.0009 -0.0953 65.6857
528 528  0.0616 -0.0251 94.3352
560 528  0.1322  0.0659 159.4739
592 528  0.0901  0.0244 78.3498
624 528  0.1086  0.0091 40.2503
656 528  0.0842  0.0212 139.0916
 16 560 -0.3129 -0.2650 62.5113
 48 560 -1.0881 -0.2301 97.2556
 80 560 -0.2570 -0.2738 67.3722
112 560 -0.7605 -0.4075 196.0678
144 560 -0.7045 -0.7949 49.8344
176 560 -0.6577 -0.7903 126.6012
208 560 -0.5189 -0.8184 85.6796
240 560 -0.2593 -0.9010 195.2195
272 560 -0.1417 -0.6438 147.8494
304 560 -0.1138 -0.6260 248.0901
336 560 -0.0758 -0.4676 296.3358
368 560 -0.0541 -0.3403 65.6803
400 560  0.0188 -0.1106 289.2522
432 560  0.0446 -0.1458 118.8649
464 560  0.1237 -0.0648 111.7667
496 560  0.1071 -0.0279 87.5362
528 560  0.1275 -0.0046 181.5970
560 560  0.0957  0.0185 145.6743
592 560  0.0890 -0.0079 197.3976
624 560  0.1321  0.0095 116.2563
656 560  0.0881  0.0086 70.3609
 16 592 -0.4269 -0.1738 117.1474
 48 592 -0.6703 -0.2206 28.7752
 80 592 -1.0139 -0.5528 103.5154
112 592 -0.8602 -0.7741 178.9981
144 592 -1.4568 -0.7867 173.7130
176 592 -1.4864 -1.2686 60.6371
208 592 -0.2920 -0.9527 171.0341
240 592 -0.1116 -0.3279 13.5889
272 592 -0.5444 -1.0070 90.1474
304 592 -0.4419 -0.5918 35.8287
336 592 -0.0544 -0.3818 88.0930
368 592 -0.2416 -0.4405 116.5303
400 592 -0.0418 -0.1816 275.3960
432 592  0.0544 -0.1887 42.1407
464 592  0.0889 -0.0915 176.7300
496 592  0.2290  0.0019 98.5533
528 592  0.1469  0.0359 102.9782
560 592  0.0807  0.0363 284.4480
592 592  0.1373  0.0415 67.0028
624 592  0.0716 -0.0398 137.4801
656 592  0.1657 -0.0096 256.9571
 16 624 -0.0671 -0.1094 29.9770
 48 624 -0.5428 -0.1708 75.7188
 80 624 -0.4237 -0.2036 56.7478
112 624 -0.7819 -0.7389 50.4823
144 624 -0.8605 -0.6483 165.6520
176 624 -0.6815 -1.1669 139.7770
208 624 -0.8297 -1.3258 126.1414
240 624 -0.7600 -1.2812 17.7567
272 624 -0.0104 -0.0317 34.3824
304 624 -0.2814 -0.2611 16.6662
336 624 -0.6360 -1.0661 65.9782
368 624 -0.2489 -0.6924 102.0143
400 624 -0.2643 -0.5451 153.4439
432 624 -0.1571 -0.2981 38.1409
464 624 -0.0727 -0.1572 206.2710
496 624 -0.0162 -0.1282 135.5187
528 624  0.0480 -0.0582 143.6472
560 624  0.0886 -0.0216 190.1480
592 624  0.1336  0.0542 116.6941
624 624  0.1286 -0.0114 48.6459
656 624  0.0860 -0.0830 80.6067
 16 656 -0.4615 -0.1290 73.0262
 48 656 -0.3241 -0.3336 190.8075
 80 656 -0.2223 -0.2783 135.1496
112 656 -0.2219 -0.1512 300.7896
144 656 -1.0521 -0.5072 22.9729
176 656 -0.9056 -0.8694 113.0792
208 656 -0.9887 -1.1045 59.8637
240 656 -1.1329 -1.4682 63.7274
272 656 -1.4245 -1.2035 103.5956
304 656 -0.8242 -0.2120 14.4438
336 656 -1.7367 -1.0427 168.2552
368 656 -1.0935 -1.1788 103.5483
400 656 -1.0562 -0.5862 82.3942
432 656 -0.8873 -0.6596 41.3122
464 656 -0.3151 -0.4038 46.5487
496 656 -0.0936 -0.0917 148.7634
528 656  0.0161 -0.0941 53.2326
560 656  0.0959 -0.0075 116.7591
592 656  0.2283 -0.0190 149.0628
624 656  0.1043 -0.0813 228.7389
656 656  0.1930 -0.0640 179.5184
 16 688 -0.0420 -0.0384 17.9280
 48 688 -0.2730 -0.1624 204.6802
 80 688 -0.1800 -0.1569 193.3153
112 688 -0.3594 -0.2505 43.3824
144 688 -0.7894 -0.7344 53.6226
176 688 -0.8584 -0.9316 171.0671
208 688 -1.0127 -1.2244 166.1272
240 688 -1.3833 -1.0870 77.4694
272 688 -1.2624 -1.1636 65.8258
304 688 -1.3133 -1.0579 52.0609
336 688 -1.0751 -0.7935 174.4251
368 688 -1.0200 -0.4708 125.5727
400 688 -1.4133 -0.5515 89.9137
432 688 -1.1591 -0.7928 114.7653
464 688 -1.1312 -0.5612 166.2230
496 688 -0.2213 -0.3247 116.2881
528 688 -0.1257 -0.3532 101.6950
560 688 -0.1039 -0.1175 36.8979
592 688  0.0634 -0.0444 153.4499
624 688  0.1376 -0.0955 220.0554
656 688  0.0840 -0.0565 55.5840
 16 720 -0.0229 -0.0993 185.8718
 48 720 -0.0632 -0.0850 61.4650
 80 720 -0.3311 -0.2129 194.0526
112 720 -0.2522 -0.0897 65.6431
144 720 -0.5703 -0.0822 107.0623
176 720 -0.0708 -0.1278 139.8303
208 720 -1.1637 -1.0423 146.3978
240 720 -0.7934 -0.7413 140.5048
272 720 -0.3704 -0.3957 35.7205
304 720 -0.4104 -0.2524 119.5137
336 720 -0.9938 -0.3011 199.2220
368 720 -1.3343 -0.0572 160.3159
400 720 -1.9013  0.0222 81.6747
432 720 -1.6182 -0.3421 71.9079
464 720 -1.5750 -1.0896 69.2783
496 720 -1.1710 -0.8690 123.4995
528 720 -0.3564 -0.4268 195.6291
560 720 -0.1807 -0.1957 88.8370
592 720  0.0319 -0.0331 129.3301
624 720  0.0212 -0.0811 71.5788
656 720  0.0180 -0.1229 50.2541
 16 752  0.0048 -0.0133 109.1047
 48 752 -0.0525 -0.0378 160.4525
 80 752 -0.0850 -0.0726 244.3214
112 752 -0.1959 -0.1835 166.6571
144 752 -0.2362 -0.1771 163.6587
176 752 -0.7909 -1.1652 81.9559
208 752 -1.1038 -0.8864 231.8950
240 752 -1.0882 -0.9269 61.8977
272 752 -0.9728 -1.2836 94.2355
304 752 -1.1569 -0.3851 225.1617
336 752 -0.6180  0.2375 165.0425
368 752 -0.8113  0.7172 88.2995
400 752 -0.1285  0.1370 25.3389
432 752 -0.2995 -0.3598 31.2024
464 752  0.3638 -0.4650 29.6306
496 752 -1.0735 -0.8300 54.5115
528 752 -0.6994 -0.9755 39.4765
560 752 -0.4209 -0.5502 75.8873
592 752 -0.0638 -0.3213 107.3229
624 752 -0.0024 -0.0948 136.5527
656 752 -0.0529 -0.0506 18.3531
 16 784 -0.0040 -0.0414 21.5278
 48 784  0.0667 -0.0539 52.8557
 80 784  0.0061 -0.0480 34.8652
112 784 -0.0346 -0.1370 351.7222
144 784 -0.1277 -0.0479 35.2422
176 784 -0.1306 -0.1480 215.6866
208 784 -0.2778 -0.4251 151.4851
240 784 -0.7514 -0.9375 155.0871
272 784 -0.3183 -0.5539 28.6808
304 784 -0.1631 -0.3418 105.1148
336 784  0.5942  0.7313 146.9741
368 784  2.3414  2.6786 48.5387
400 784  0.1715 -2.4895 24.8673
432 784  0.2868 -2.5722  4.8841
464 784  0.1348 -0.2744  4.0352
496 784  0.3510 -0.4276  5.6641
528 784  0.2063 -0.2883 88.4755
560 784 -0.0788 -0.1862 58.6649
592 784 -0.1122 -0.2382 78.6431
624 784 -0.0470  0.0868 20.1745
656 784 -0.0427  0.0000 18.8798
 16 816  0.1575 -0.0046 65.2491
 48 816  0.1268 -0.0495 71.6722
 80 816  0.0029 -0.0247 177.2127
112 816  0.0338 -0.0661 210.3413
144 816 -0.0081 -0.0475 161.2442
176 816 -0.2379 -0.0807 32.1344
208 816 -0.1536 -0.3175 29.1795
240 816 -0.1005 -0.5865 81.8071
272 816 -0.1504 -0.9208 122.8289
304 816  0.9900 -0.7130 149.4692
336 816  1.2561 -0.0029 73.4004
368 816  2.4176  1.9335 34.2901
400 816  0.0999 -0.6999 18.2727
432 816  0.3184 -1.5432  8.2719
464 816  0.2080 -0.4418  9.9499
496 816  0.2691 -0.4007  5.1578
528 816  0.2430 -0.1924 11.2460
560 816 -0.0814 -0.2957 50.3952
592 816 -0.1150 -0.1317 99.1873
624 816 -0.0415  0.0059 63.3845
656 816  0.1094 -0.0083 93.7455
 16 848  0.0797 -0.0180 50.8602
 48 848  0.0564 -0.0453 35.0927
 80 848  0.1136 -0.0125 75.1216
112 848  0.0469 -0.0159 337.4980
144 848  0.0261 -0.0335 42.2563
176 848  0.0718 -0.0556 24.2148
208 848  0.0057 -0.3270 122.9437
240 848  0.0881 -0.7693 186.8987
272 848  0.1504 -0.9936 99.5280
304 848  1.0992 -0.8864 60.9083
336 848  0.0623 -0.0113 10.9359
368 848  0.2617  0.0654 13.9199
400 848  0.1402 -0.4373 19.6456
432 848  0.0705 -0.1751  8.2932
464 848  0.3651 -0.4104  9.0807
496 848  0.1336 -0.0154  6.3455
528 848  0.0873 -0.0118  9.7631
560 848 -0.0442  0.0134 51.2354
592 848 -0.0118  0.0542 79.2812
624 848 -0.0508  0.0391 58.0857
656 848  0.0122  0.0852 70.8668
 16 880  0.0104 -0.0066 17.3419
 48 880  0.0700 -0.0129 119.1422
 80 880  0.4652 -0.0076 116.8932
112 880  0.0886 -0.0764 217.9837
144 880  0.9168 -0.0021 63.5710
176 880  0.2822 -0.0987 350.4359
208 880  0.1482 -0.1730 122.3257
240 880  0.3036 -0.4109 223.3409
272 880  0.7833 -1.6128 112.5140
304 880  1.9790 -1.9243 63.3541
336 880  2.8465 -1.1329 23.7641
368 880 -0.1253  0.2387 13.1345
400 880 -0.0675  0.0835 10.0684
432 880 -0.0388  0.0584 12.8040
464 880  0.1074 -0.0108  9.0364
528 880 -0.0123  0.0017 13.1326
560 880 -0.0655  0.0830 16.1519
592 880 -0.0474  0.0485 58.5285
624 880 -0.0578  0.1288 80.6765
656 880 -0.0427  0.1036 40.0641
 16 912  0.0780 -0.0245 75.7980
 48 912  0.0957  0.0123 18.2198
 80 912  0.1110 -0.0320 292.6172
112 912  0.1629 -0.0264 184.6438
144 912  0.2528 -0.1629 362.8321
176 912  0.2905 -0.1991 71.8330
208 912  0.1451 -0.2273 74.3065
240 912  0.4619 -0.7706 249.7332
272 912  0.6661 -1.2482 163.8933
304 912  1.2423 -2.2565 30.1455
336 912 -0.2428  0.1879 24.2620
368 912  0.4548  0.0350  8.6670
400 912  0.0230  1.0550 11.4728
432 912  0.1092  0.2141  8.6090
464 912  0.0323  0.0895  4.9812
528 912 -0.0175  0.0175  4.5449
560 912 -0.0231  0.0210 10.6691
592 912 -0.0544  0.0457 26.5734
624 912 -0.0320  0.1001 20.6596
656 912 -0.0174  0.0465 88.5365
 16 944  0.0768 -0.0505 22.3206
 48 944  0.1013 -0.0632 32.4114
 80 944  0.1052 -0.0302 283.8118
112 944  0.4391 -0.0655 148.7934
144 944  0.4742 -0.0837 62.8581
176 944  0.2211 -0.0510 191.7102
208 944  0.2001 -0.4129 224.3166
240 944  0.2911 -0.8471 61.7101
272 944  0.2160 -1.2954 64.8186
304 944  0.1051 -1.9213 37.3619
336 944  0.0292 -0.9338 11.1913
368 944 -0.3146  0.4334  6.3642
400 944 -0.0971  0.4024  8.3238
432 944  0.0513  0.1950  5.2972
464 944  0.0465  0.0465  4.6537
496 944 -0.0034  0.0354  9.3725
528 944 -0.0022  0.0025  4.9036
592 944 -0.0723  0.0784  5.5674
624 944 -0.0268  0.0222 18.6095
656 944 -0.0972  0.0189 31.2855
 16 976  0.0935 -0.0120 41.8783
 48 976  0.2377  0.0288 49.6220
 80 976  0.3188 -0.0121 37.8747
112 976  0.2441 -0.0836 239.6717
144 976  0.2486 -0.0456 279.8251
176 976  0.0883 -0.0551 13.9524
208 976  0.2379 -0.1579 55.2467
240 976  0.0877 -0.1845 16.7031
272 976  0.2546 -0.7012 52.9301
304 976  0.1150 -0.6575 62.0836
336 976 -0.0952  0.1547 36.2483
368 976 -0.4033  0.4020 13.9403
400 976 -0.0529  0.4504  6.9071
432 976  0.1720  0.1881  8.4144
464 976  0.0870  0.0811 70.4326
496 976  0.1220 -0.2910 32.9865
528 976 -0.0019  0.0025 31.7654
560 976 -0.0198  0.0256  7.3917
592 976  0.0244  0.1041  4.9154
624 976 -0.1541  0.1877  5.2055
656 976 -0.0433  0.0363  7.9207
 16 1008  0.1077 -0.0115 162.4218
 48 1008  0.0702  0.0210 140.0302
 80 1008  0.0878 -0.0003 198.2906
112 1008  0.0856 -0.0525 102.2285
144 1008  0.1169 -0.1428 263.2874
176 1008  0.1615 -0.1530 195.0296
208 1008  0.1772 -0.2261 141.3027
240 1008  0.1055 -0.5717 64.7451
272 1008  0.0439 -0.3068 57.8894
304 1008 -0.0344 -0.2982 24.9383
336 1008 -0.1434 -0.3130 37.8890
368 1008 -0.1829 -0.1558 108.3932
400 1008 -0.1412  0.0703 59.5119
432 1008  0.1664 -0.0615 32.2195
464 1008  0.1288 -0.0035 15.7783
496 1008  0.0321 -0.0387 17.8197
528 1008  0.0044 -0.0367 17.8733
560 1008  0.0045 -0.0144 13.3210
592 1008  0.1101 -0.0359  4.3298
656 1008 -0.0096 -0.0178  4.7772
 16 1040  0.1039 -0.0142 70.4122
 48 1040  0.2464 -0.0435 162.8553
 80 1040  0.3084 -0.0332 216.6617
112 1040  0.2633 -0.0758 80.9909
144 1040  0.2682 -0.1447 52.8153
176 1040  0.1360 -0.0735 214.4804
208 1040  0.5546 -0.1314 169.1188
240 1040  0.0996 -0.2854 198.0123
272 1040  0.1156 -0.2096 110.1554
304 1040  0.0741 -0.1631 172.9956
336 1040  0.0398 -0.2651 39.9464
368 1040 -0.0719 -0.1488 123.8519
400 1040  0.1835 -0.0550 56.1802
432 1040  0.0835 -0.0124 20.5438
464 1040  0.0400 -0.0796 28.2207
496 1040  0.2658 -0.1923 17.4870
528 1040  0.0456 -0.0404 16.5446
560 1040 -0.0115 -0.0057 13.3451
592 1040  0.0421 -0.0601 12.2688
624 1040 -0.0175 -0.0464 14.1753
656 1040  0.0162 -0.0185  8.2589
 16 1072  0.1383  0.0096 44.7915
 48 1072  0.2824 -0.0612 48.0922
 80 1072  0.2439 -0.0281 189.1133
112 1072  0.0851 -0.0431 139.8192
144 1072  0.1757 -0.0372 27.6228
176 1072  0.1377 -0.0701 37.5898
208 1072  0.1074 -0.1085 18.1203
240 1072  0.0943 -0.1514 58.8400
272 1072  0.1307 -0.2015 75.5606
304 1072  0.1085 -0.0815 24.0528
336 1072  0.1701 -0.1727 116.7933
368 1072  0.1515 -0.2110 163.7181
400 1072  0.1806 -0.0985 26.3165
432 1072  0.1899 -0.1493 91.7462
464 1072  0.1482 -0.3064 194.3315
496 1072  0.0421 -0.1294 31.2406
528 1072  0.1845 -0.3565 53.7522
560 1072  0.0297 -0.2298 14.4678
592 1072  0.0285 -0.0203  9.8694
624 1072 -0.0081  0.0050 11.4548
656 1072  0.0054 -0.0131 22.8609
 16 1104  0.3147 -0.0026 40.7912
 48 1104  0.0836 -0.0161 196.5598
 80 1104  0.1060 -0.0099 21.6278
112 1104  0.1828 -0.0787 114.8786
144 1104  0.0595 -0.0444 89.1287
176 1104  0.1231 -0.0903 73.8820
208 1104  0.0680 -0.0415 57.2834
240 1104  0.0867 -0.1190 347.6441
272 1104  0.2864 -0.1193 109.3669
304 1104  0.1447 -0.2142 192.6026
336 1104  0.5134 -0.0967 217.9480
368 1104  0.2185 -0.0961 125.7853
400 1104  0.2505 -0.2078 72.6126
432 1104  0.3975 -0.1608 78.4489
464 1104  0.2390 -0.1071 44.4274
496 1104  0.0114 -0.0329 13.2773
528 1104 -0.0261 -0.0448 13.9814
560 1104 -0.0084 -0.0448 12.5690
592 1104  0.0120 -0.0434 21.2556
624 1104 -0.0142 -0.0047 17.6626
656 1104 -0.0339 -0.0238 18.5543
 16 1136  0.0293  0.0405 16.9076
 48 1136  0.1130 -0.0216 69.8075
 80 1136  0.2080 -0.0037 64.8360
112 1136  0.0394  0.0017 117.7054
144 1136  0.2798 -0.0816 172.9778
176 1136  0.0912 -0.0530 180.5921
208 1136  0.0899 -0.0778 70.1153
240 1136  0.0409 -0.0634 271.2219
272 1136  0.1529 -0.0510 92.7105
304 1136  0.3504 -0.1503 53.4696
336 1136  0.1021 -0.1597 94.1028
368 1136  0.1850 -0.1397 125.8499
400 1136  0.0487 -0.1120 116.4546
432 1136  0.1299 -0.0249 23.1369
464 1136  0.2092 -0.1350 76.3709
496 1136  0.0920 -0.1115 37.4992
528 1136  0.0292 -0.0635 18.7285
560 1136  0.0163 -0.0456 15.4980
592 1136 -0.0051 -0.0346 11.9035
624 1136  0.0063 -0.0018 29.2372
656 1136 -0.0956 -0.0584 30.6465
 16 1168  0.1160 -0.0288 29.2855
 48 1168  0.0377 -0.0297 17.5726
 80 1168  0.2010 -0.0500 33.7632
112 1168  0.0540 -0.0237 62.1978
144 1168  0.2109 -0.0347 133.2832
176 1168  0.1628 -0.1038 102.0664
208 1168  0.3157 -0.0952 121.8944
240 1168  0.0758 -0.0861 51.9981
272 1168  0.1051 -0.1161 153.8644
304 1168  0.0975 -0.1325 86.7485
336 1168  0.1204 -0.1313 115.6435
368 1168  0.2223 -0.1705 135.9108
400 1168  0.1230 -0.1525 188.4079
432 1168  0.1352 -0.0814 40.2318
464 1168  0.1361 -0.2919 60.2810
496 1168  0.0100 -0.0422 14.2941
528 1168  0.0149 -0.0515 17.3261
560 1168  0.0494 -0.0386 13.5193
592 1168  0.0185  0.0145 15.2694
624 1168 -0.0228  0.0069 16.4092
656 1168 -0.0057 -0.0216 17.3500
 16 1200  0.1251  0.0050 80.7108
 48 1200  0.1664 -0.0343 24.0448
 80 1200  0.0621 -0.0158 18.9962
112 1200  0.0229 -0.0179 27.8310
144 1200  0.1651 -0.0528 104.3707
176 1200  0.0215 -0.0055 123.7636
208 1200  0.2071 -0.0910 44.6118
240 1200  0.0664 -0.3433 111.9613
272 1200  0.3652 -0.1432 61.5824
304 1200  0.0265 -0.0446 17.2952
336 1200  0.1199 -0.1590 172.5125
368 1200  0.0902 -0.1902 85.2916
400 1200  0.1952 -0.1453 372.6651
432 1200  0.1042 -0.1049 47.2183
464 1200  0.0336 -0.0971 22.0572
496 1200  0.0026 -0.0326 18.0300
528 1200 -0.0236  0.0060 13.2124
560 1200  0.0146 -0.0441 12.0624
592 1200  0.0057 -0.0403 19.8949
624 1200  0.0087 -0.0562 44.3901
656 1200 -0.0260  0.0561 48.1786
  0   0  0.0251 -0.0678  0.0000
  0   0  0.0761 -0.1931  0.0000
  0   0  0.1103 -0.3773  0.0000
  0   0  0.0374 -0.2841  0.0000
