VARIABLES= "X pix", "Y pix", "U pix/dt", "V pix/dt", "CHC", ZONE I=21, J=30
 16 272 -0.0620 -0.0199 27.6151
 48 272 -0.1315 -0.0757 81.1632
 80 272 -0.0996 -0.1926 100.8245
112 272 -0.2090 -0.1632 61.9895
144 272 -0.1069 -0.0776 104.8202
176 272 -0.1728 -0.1318 34.3282
208 272 -0.0788 -0.3164 177.7034
240 272 -0.0464 -0.1780 35.2954
272 272 -0.0420 -0.0447 156.6093
304 272 -0.0743 -0.0744 194.9588
336 272 -0.0481 -0.0359 110.5563
368 272 -0.0326 -0.0124 119.5905
400 272 -0.0323 -0.0313 61.6386
432 272 -0.0500  0.0064 193.2365
464 272 -0.0102  0.0157 181.9036
496 272  0.0008  0.0262 69.1708
528 272  0.0007  0.0321 85.0010
560 272 -0.0157  0.0538 76.8316
592 272 -0.0022  0.0205 251.2431
624 272 -0.0175 -0.0175 197.9824
656 272 -0.0080  0.0140 141.1045
 16 304 -0.4382 -0.1939 101.2725
 48 304 -0.3053 -0.2239 195.3593
 80 304 -0.1132 -0.2423 161.0754
112 304 -0.1044 -0.3175 203.4697
144 304 -0.1075 -0.1985 100.8042
176 304 -0.2246 -0.1711 309.7651
208 304 -0.0584 -0.0794 249.6925
240 304 -0.0684 -0.0866 152.5251
272 304 -0.0836 -0.0711 211.6776
304 304 -0.0816 -0.0933 263.2127
336 304 -0.0633 -0.0371 202.3705
368 304 -0.0393 -0.0281 56.2501
400 304 -0.0326 -0.0358 204.6959
432 304  0.0044  0.0192 203.1185
464 304 -0.0056  0.0051 309.3033
496 304 -0.0093  0.0288 123.9439
528 304  0.0325  0.0387 117.2942
560 304  0.0347  0.0255 318.1244
592 304 -0.0243  0.0260 180.2392
624 304  0.0040  0.0781 227.8145
656 304 -0.0047 -0.0176 72.5291
 16 336 -0.0886 -0.0233 19.6319
 48 336 -0.1697 -0.3367 122.7911
 80 336 -0.0707 -0.0287 24.0869
112 336 -0.0800 -0.2744 274.6611
144 336 -0.1835 -0.1924 111.1927
176 336 -0.0674 -0.1489 26.2215
208 336 -0.0450 -0.2655 290.4744
240 336 -0.0507 -0.0893 199.2791
272 336 -0.2231 -0.0844 245.7735
304 336 -0.0773 -0.1145 226.5642
336 336 -0.0781 -0.1191 160.2158
368 336 -0.0400 -0.0774 227.0085
400 336  0.0012 -0.0177 179.2859
432 336 -0.0330  0.0280 143.1668
464 336 -0.0201  0.0164 111.1707
496 336 -0.0119 -0.0067 10.9242
528 336  0.0058  0.0473 118.3705
560 336  0.0068  0.0075 179.3702
592 336 -0.0122  0.0142 218.9290
624 336 -0.0263  0.0168 140.8919
656 336 -0.0046  0.0046 178.2001
 16 368 -0.0677 -0.0438 16.4368
 48 368 -0.2143 -0.0003 64.8349
 80 368 -0.6087 -0.1180 117.2778
112 368 -0.1216 -0.6805 96.5380
144 368 -0.1935 -0.1049 171.3223
176 368 -0.0985 -0.1531 319.3186
208 368 -0.0853 -0.1561 243.3986
240 368 -0.0953 -0.1077 298.1515
272 368 -0.0580 -0.0943 65.1139
304 368 -0.1703 -0.1191 101.5608
336 368 -0.0758 -0.0746 241.6524
368 368 -0.0386 -0.0914 208.8508
400 368 -0.0486 -0.0476 163.9231
432 368 -0.0232 -0.0098 116.7465
464 368 -0.0458 -0.0013 119.1360
496 368  0.0157  0.0196 190.6149
528 368  0.0050  0.0035 223.7682
560 368  0.0000  0.0241 26.5532
592 368 -0.0137  0.0120 78.9035
624 368 -0.0039  0.0222 344.2210
656 368  0.0303  0.0508 141.2532
 16 400 -0.1536 -0.1535 27.0744
 48 400 -0.3735 -0.2996 117.0648
 80 400 -0.4492 -0.3930 58.3084
112 400 -0.6086 -0.2720 132.7791
144 400 -0.2245 -0.2701 111.6954
176 400 -0.2365 -0.3453 82.2542
208 400 -0.2815 -0.2809 103.5627
240 400 -0.1726 -0.1958 57.6513
272 400 -0.2429 -0.1944 49.5817
304 400 -0.1215 -0.1202 155.5750
336 400 -0.0502 -0.1424 62.0632
368 400 -0.0635 -0.0856 161.0733
400 400 -0.0249 -0.0706 69.8289
432 400 -0.0152 -0.0331 117.9522
464 400 -0.0074 -0.0030 214.3838
496 400  0.0142  0.0244 77.3978
528 400  0.0093  0.0206 93.3661
560 400  0.0211  0.0218 72.6652
592 400 -0.0280  0.0034 42.2942
624 400  0.0054  0.0423 109.7041
656 400  0.0259  0.0204 166.9994
 16 432 -0.3494 -0.0449 22.6232
 48 432 -0.2563 -0.3748 135.9696
 80 432 -0.2621 -0.5937 193.3662
112 432 -0.1635 -0.2571 216.9913
144 432 -0.2093 -0.3356 61.5944
176 432 -0.3104 -0.3158 158.3835
208 432 -0.1763 -0.2951 128.3898
240 432 -0.3352 -0.3402 54.4981
272 432 -0.1044 -0.1907 28.5223
304 432 -0.0838 -0.3410 305.7578
336 432 -0.0853 -0.1366 157.6317
368 432 -0.0675 -0.1822 90.0219
400 432 -0.0149 -0.1018 60.7674
432 432  0.0087 -0.0394 106.1355
464 432 -0.0137 -0.0208 167.1835
496 432  0.0085 -0.0231 90.1097
528 432  0.0213  0.0264 146.5942
560 432  0.0108  0.0317 122.2389
592 432 -0.1023 -0.0052 62.4320
624 432  0.0163  0.0134 83.3860
656 432  0.0000  0.0253 134.3198
 16 464 -0.1226 -0.1173 37.8773
 48 464 -0.1636 -0.1133 24.5816
 80 464 -0.5522 -0.3222 209.7993
112 464 -0.2790 -0.2106 81.0377
144 464 -0.2358 -0.2100 22.9323
176 464 -0.4028 -0.3684 144.3499
208 464 -0.2782 -0.8314 252.2236
240 464 -0.3951 -0.2983 91.8337
272 464 -0.0799 -0.1696 18.3991
304 464 -0.2380 -0.2249 145.3869
336 464 -0.1966 -0.1750 166.9802
368 464 -0.0800 -0.1019 249.6110
400 464 -0.0425 -0.1966 79.1915
432 464 -0.0486 -0.1226 243.7189
464 464 -0.0026 -0.0307 58.0573
496 464 -0.0148 -0.0269 157.8044
528 464 -0.0018  0.0531 225.1519
560 464  0.0274  0.0152 131.5772
592 464  0.0137  0.0439 150.7403
624 464  0.0158  0.0237 137.7663
656 464 -0.0334  0.0363 165.6307
 16 496 -0.1343 -0.0627 24.4087
 48 496 -0.2053 -0.1592 179.3492
 80 496 -0.1758 -0.2150 37.3616
112 496 -0.2829 -1.2996 260.9998
144 496 -0.6207 -0.6330 105.5474
176 496 -0.3999 -0.4055 28.8594
208 496 -0.4554 -0.7006 103.7313
240 496 -0.2072 -0.3221 79.0102
272 496 -0.3620 -0.3061 245.5864
304 496 -0.2716 -0.1923 21.8029
336 496 -0.1136 -0.2274 99.6704
368 496 -0.0646 -0.1662 18.4724
400 496 -0.0536 -0.2002 150.7425
432 496 -0.0560 -0.1720 158.6527
464 496  0.0171 -0.0884 148.2431
496 496  0.0758 -0.0396 108.2666
528 496  0.0143 -0.0076 27.0823
560 496  0.0320  0.0206 123.7704
592 496 -0.0116 -0.0386 24.0232
624 496  0.0260  0.0270 192.6142
656 496 -0.0048  0.0481 111.9906
 16 528 -0.1648 -0.0971 28.8716
 48 528 -0.9463 -0.3993 72.9626
 80 528 -0.4469 -0.3728 94.2746
112 528 -0.2951 -0.3228 61.1491
144 528 -0.9447 -0.7100 57.0329
176 528 -0.6331 -0.5831 78.7653
208 528 -0.4520 -0.1493 14.6236
240 528 -0.2960 -0.4405 25.3554
272 528 -0.1760 -0.4257 183.3572
304 528 -0.3222 -0.4313 140.2153
336 528 -0.2058 -0.4482 299.5087
368 528 -0.0511 -0.4255 276.9128
400 528 -0.0919 -0.2682 70.4043
432 528  0.0016 -0.1374 124.6197
464 528  0.0439 -0.1875 153.4231
496 528  0.0908 -0.0199 229.2926
528 528  0.0981  0.0088 133.6126
560 528  0.0830  0.0212 88.9799
592 528  0.0199  0.0563 51.3187
624 528 -0.0182  0.0493 54.1062
656 528  0.0364  0.0632 156.3261
 16 560 -0.1507 -0.1745 26.8906
 48 560 -0.5121 -0.2870 38.0848
 80 560 -0.2393 -0.1672 32.9883
112 560 -1.0431 -0.5238 82.7617
144 560 -0.8596 -1.0831 49.1312
176 560 -0.3776 -0.6752 174.9747
208 560 -0.5306 -0.7736 196.5478
240 560 -0.5920 -0.6340 145.8067
272 560 -0.2668 -0.6121 33.9863
304 560 -0.4055 -0.7509 139.4722
336 560 -0.0971 -0.4496 187.5196
368 560 -0.1038 -0.3867 198.9938
400 560 -0.0901 -0.4408 98.6134
432 560  0.0503 -0.2572 103.3062
464 560  0.0444 -0.1222 47.8412
496 560  0.1666  0.1059 129.6692
528 560  0.1104 -0.0301 101.3012
560 560  0.1626  0.0274 202.5380
592 560  0.0360  0.0305 47.5645
624 560  0.0310  0.0779 87.1952
656 560  0.0242  0.0943 254.1449
 16 592 -0.3512 -0.0772 29.5782
 48 592 -0.3366 -0.2233 46.0909
 80 592 -0.9086 -0.7495 149.5722
112 592 -0.9267 -0.6692 206.3026
144 592 -0.9016 -0.7371 116.0794
176 592 -0.8986 -0.7831 53.5300
208 592 -0.8473 -1.1296 45.0083
240 592 -0.9787 -0.7901 84.5468
272 592 -0.7322 -0.8318 87.2189
304 592 -0.4095 -0.5220 259.2220
336 592 -0.3534 -0.6410 106.0210
368 592 -0.2956 -0.6185 35.5091
400 592 -0.0461 -0.6425 150.0819
432 592  0.1037 -0.2715 139.9955
464 592  0.0868 -0.2666 180.0742
496 592  0.2055 -0.1674 147.5243
528 592  0.2540 -0.0137 92.9841
560 592  0.3242  0.0585 135.3529
592 592  0.1400  0.1256 113.8687
624 592  0.0429  0.1914 60.1723
656 592  0.0225  0.0561 25.0378
 16 624 -0.1093 -0.0486 31.1722
 48 624 -0.3557 -0.0593 107.0968
 80 624 -0.7553 -0.4165 198.1329
112 624 -0.7534 -0.8184 45.6675
144 624 -1.4803 -1.0992 148.5883
176 624 -0.7757 -0.5978 142.2454
208 624 -1.1761 -0.8774 72.0255
240 624 -0.7510 -0.7795 182.9953
272 624 -1.0952 -0.9977 102.6229
304 624 -0.6471 -0.9861 139.6968
336 624 -0.6936 -0.9209 151.0664
368 624 -0.2897 -1.1717 131.1429
400 624 -0.0261 -1.0096 197.2338
432 624  0.2089 -0.6262 36.2256
464 624  0.7147 -0.0925 208.2493
496 624  0.6397 -0.1134 143.3709
528 624  0.4760  0.0235 116.8718
560 624  0.3154  0.0141 245.7167
592 624  0.2175  0.1356 42.7489
624 624  0.1393  0.2562 49.7513
656 624  0.0716  0.3207 144.1423
 16 656 -0.1169  0.0039 18.2982
 48 656 -0.2952 -0.3427 48.0341
 80 656 -0.9942 -0.6631 43.4201
112 656 -0.6027 -0.0413 138.0242
144 656 -0.8706 -0.8132 38.2162
176 656 -0.8135 -0.5057 266.8366
208 656 -0.9578 -0.9022 114.7442
240 656 -0.8333 -1.0774 109.3823
272 656 -0.8904 -1.0059 38.3392
304 656 -1.2181 -1.5377 70.6454
336 656 -0.4941 -1.2899 92.1654
368 656 -0.0718 -1.3974 42.2412
400 656  0.1419 -1.4417 41.1046
432 656  0.5789 -1.2477 144.3963
464 656  0.7408 -0.1036 188.9398
496 656  0.9419 -0.1745 163.2411
528 656  0.7749  0.2035 144.7923
560 656  0.7652  0.3515 81.0922
592 656  0.2953  0.3091 184.4572
624 656  0.3297  0.2759 88.1150
656 656  0.1966  0.5760 60.7758
 16 688 -0.1736 -0.3310 50.7116
 48 688 -0.3382 -0.2244 48.0273
 80 688 -0.1785 -0.2952 98.4090
112 688 -0.9274 -0.7265 149.2470
144 688 -0.9212 -0.5209 112.2941
176 688 -0.9407 -0.8046 109.5244
208 688 -0.8892 -0.7504 55.1185
240 688 -0.9530 -1.1197 43.5945
272 688 -0.9334 -0.9841 154.5667
304 688 -0.9257 -1.4322 260.8735
336 688 -0.9954 -2.0796 80.0441
368 688 -0.3941 -2.2860 162.0455
400 688  0.2290 -2.1762 89.2946
432 688 -0.6965 -0.9114 21.9045
464 688 -2.0785 -0.8548 118.1702
496 688  0.2529 -0.1785 133.3422
528 688  0.7173  0.1182 191.9155
560 688  0.2633  0.3040 82.0045
592 688  0.4012  0.2507 62.1200
624 688  0.2327  0.6073 116.6014
656 688  0.2185  0.7317 97.7335
 16 720 -0.0892 -0.0436 14.2866
 48 720 -0.1452 -0.3107 142.7461
 80 720 -0.1693 -0.0825 341.7493
112 720 -0.1456 -0.1664 24.1365
144 720 -0.3268 -0.2234 127.7942
176 720 -0.8228 -0.5274 100.1699
208 720 -0.3553 -0.1854 23.4057
240 720 -1.1183 -0.8513 20.1781
272 720 -1.2743 -0.8911 172.6484
304 720 -0.0282 -0.0475 13.3259
336 720 -1.1778 -2.6492 117.0432
368 720 -1.2405 -3.3126 42.5821
400 720 -2.7328  0.2726 44.8457
432 720 -3.6975 -0.8099 73.6981
464 720 -0.2444 -0.0268  8.1634
496 720 -0.3922 -0.0866 85.6682
528 720 -0.3460 -0.0847 93.8679
560 720 -0.4482  0.0479 105.8613
592 720  0.0892  0.4797 29.6711
624 720  0.1389  0.4155 26.3339
656 720  0.1908  0.6314 140.5563
 16 752 -0.0992 -0.0661 59.1804
 48 752 -0.0820 -0.0529 77.5022
 80 752 -0.2101 -0.0583 127.0331
112 752 -0.3774 -0.3098 161.7860
144 752 -0.3264 -0.1739 208.7427
176 752 -0.7740 -0.8278 95.8887
208 752 -1.0482 -0.5872 52.7037
240 752 -0.1207 -0.0359  9.4264
272 752 -1.2738 -1.0676 119.5085
304 752 -2.2370 -1.8958 67.8215
336 752 -3.2042 -2.6309 98.8357
368 752 -0.2935  0.3170 32.2959
400 752 -0.4368  0.2257  5.9756
432 752 -1.5173  0.4108  7.2853
464 752 -2.8630 -1.3291 38.3764
496 752 -2.6573 -1.9594 172.6844
528 752 -0.9380 -0.7195 129.8341
560 752 -1.6992 -0.6036 111.9711
592 752 -0.2514  0.4310 53.2791
624 752 -0.0194  0.9183 87.0088
656 752  0.2412  0.3404 67.8972
 16 784  0.0256 -0.0128 16.4906
 48 784 -0.0962 -0.0570 26.0283
 80 784 -0.1367 -0.0254 314.8335
112 784 -0.4479 -0.1096 43.5752
144 784 -0.6719 -0.2707 246.7825
176 784 -0.2651 -0.3284 22.0347
208 784 -1.0350 -0.4395 20.2229
240 784 -0.3949 -0.0952 17.9088
272 784 -2.2942 -0.6107 13.7254
304 784 -2.2366 -0.9400 18.0282
336 784 -4.7138 -3.9568 52.2169
368 784 -0.0361  0.1462 18.5664
400 784 -0.5578  0.3248  5.1824
464 784 -0.3411  0.4654  6.2592
496 784 -0.2701  0.2794 65.2570
528 784 -1.8579 -1.1319 29.0735
560 784 -1.5216 -0.3381 27.3209
592 784 -0.9726 -0.1159 148.6006
624 784 -0.0925  0.1996 40.0297
656 784 -0.0031  0.2927 137.4755
 16 816  0.0068  0.0092 17.6470
 48 816 -0.0259 -0.0537 58.5939
 80 816 -0.0823 -0.0422 201.5073
112 816 -0.0461 -0.0491 44.8009
144 816 -0.1230 -0.0409 304.7145
176 816 -0.4132 -0.1457 52.2857
208 816 -0.7459 -0.1679 83.9400
240 816 -1.6120 -0.4622 135.4243
272 816 -1.1228  0.0038 20.1069
304 816 -1.1462 -0.2159 20.1104
336 816  0.0569 -0.0864 54.7902
368 816 -0.0544 -0.0534 10.3395
400 816 -0.2911  0.1062  6.2880
432 816 -0.0947  0.0959  4.1156
496 816 -0.2325  0.2055  5.4867
528 816 -0.0857 -0.2026 42.7063
560 816 -1.1374 -0.9621 29.5427
592 816 -1.3395 -0.2368 89.7608
624 816 -0.1483 -0.0730 72.3063
656 816 -0.0163 -0.0129 82.9415
 16 848 -0.0177  0.0036 19.0589
 48 848 -0.0064 -0.0113 52.0303
 80 848 -0.0404 -0.0048 191.0885
112 848 -0.0633  0.0060 88.5289
144 848 -0.1163 -0.0584 90.4103
176 848 -0.2650 -0.0428 274.5130
208 848 -1.0542  0.0163 152.3040
240 848 -0.8465  0.0150 17.1279
272 848 -1.2679 -0.1700 68.0436
304 848 -0.0658 -0.0904 10.7411
336 848  0.1914 -1.0681 42.5142
368 848  0.0751 -0.0430  4.1248
400 848  0.1534  0.0318  4.2010
432 848  0.0331  0.0168  5.3586
464 848 -0.1017  0.0189  4.3384
528 848 -0.0343  0.0203 25.7991
560 848 -1.3943 -0.8395 57.0230
592 848 -0.0909 -0.0158 52.5592
624 848 -0.3069 -0.4149 119.1302
656 848  0.0072  0.0178 42.1949
 16 880  0.0219 -0.0013 24.1699
 48 880  0.0071 -0.0025 163.2283
 80 880 -0.0238  0.0027 59.9815
112 880 -0.0327  0.0199 104.2136
144 880 -0.1083 -0.0026 209.6855
176 880 -0.1220 -0.0013 22.4407
208 880 -0.0840  0.0093 351.1671
240 880 -1.0683  0.1726 84.2625
272 880 -0.9537 -0.0477 23.6311
304 880 -1.2954 -1.9604 49.4731
336 880 -0.7405 -1.5451 41.7283
368 880  0.3504 -0.3132  7.9136
432 880  0.1095 -0.0337  4.5506
464 880 -0.0581 -0.0137  5.1554
528 880  0.0020 -0.0135 12.6309
560 880  0.0880  0.0268 18.9481
592 880  0.0993  0.0552  7.1101
624 880  0.1366  0.0147 25.1510
656 880 -0.0485 -0.0392 12.7203
 16 912  0.0462  0.0131 86.2832
 48 912  0.0142  0.0196 147.2778
 80 912  0.1012  0.0124 200.4117
112 912 -0.0170  0.0477 124.8224
144 912 -0.0098  0.0823 349.5716
176 912 -0.0716  0.0803 48.0463
208 912 -0.2188  0.0974 153.2064
240 912 -0.2558  0.2262 40.1765
272 912 -0.4194  0.1703 254.8270
304 912 -0.1652 -0.1164 103.3081
336 912  0.0975 -0.0550 69.1543
368 912  0.1430 -0.1863 66.7999
400 912  0.1946 -0.1923  5.1208
528 912  0.0101 -0.0101  4.3332
560 912  0.0327 -0.0058  5.8448
592 912 -0.0187 -0.0075  4.1447
624 912  0.0144 -0.0098  7.6254
656 912 -0.0373 -0.0029  7.1238
 16 944  0.0496  0.0054 29.7943
 48 944  0.0075  0.0149 31.8481
 80 944  0.0711  0.0235 48.4528
112 944  0.0260  0.0774 49.1255
144 944  0.0281  0.0351 70.4326
176 944  0.0292  0.0709 254.0340
208 944 -0.0184  0.1428 141.3918
240 944  0.0384  0.2088 306.6534
272 944  0.0072  0.0728 16.5307
304 944  2.4085  0.4324 137.6523
336 944  5.7926  1.0085 55.2076
368 944 -0.0096 -0.0604 18.1163
400 944  0.1419 -0.1390 38.2340
432 944  0.0314 -0.0626 10.1547
464 944  0.0062  0.0014  8.9043
496 944  0.0045 -0.0159  8.8044
528 944  0.0334 -0.0560  4.4645
624 944  0.0091 -0.0146  4.8330
656 944 -0.0430  0.0096  4.8032
 16 976  0.1005 -0.0097 45.5666
 48 976  0.0340  0.0721 75.4786
 80 976  0.0639  0.0305 219.6545
112 976  0.0500  0.0282 441.7300
144 976  0.0568  0.0294 207.0351
176 976  0.0334  0.0991 256.7554
208 976  0.0840  0.0899 187.0864
240 976  0.1286  0.1983 74.4306
272 976  0.2276  0.1457 39.0556
304 976  0.0978 -0.6501 194.6462
336 976 -0.0664 -1.2775 32.8201
368 976 -0.1418 -1.2250 24.3126
400 976 -0.0238 -0.0821 13.1230
432 976 -0.0272 -0.0802 15.7994
464 976  0.0205 -0.0260 34.6429
496 976  0.0330 -0.0227 10.2830
528 976  0.0585 -0.0444  5.4440
 16 1008  0.0469  0.0081 30.4629
 48 1008  0.0977 -0.0015 85.1100
 80 1008  0.0708  0.0555 271.4311
112 1008  0.0861 -0.0060 231.3187
144 1008  0.0844  0.0344 72.0369
176 1008  0.3241  0.0648 88.5453
208 1008  0.1775  0.1812 113.9263
240 1008  0.0921  0.0228 90.3460
272 1008  0.4199  0.0193 40.2446
304 1008  0.7884 -0.3027 111.8314
336 1008  0.7373 -0.8270 26.2670
368 1008  0.3398 -0.9811 247.5011
400 1008  0.0000 -0.0498 10.0194
432 1008 -0.0012 -0.0706 12.2029
464 1008  0.0002 -0.0178 10.8530
496 1008  0.0208 -0.0734 27.3423
528 1008  0.0285 -0.0023 13.6675
560 1008  0.0347 -0.0367  7.6001
592 1008 -0.0169  0.0086  4.1373
 16 1040  0.0214  0.0403 69.8095
 48 1040  0.0671  0.0266 137.3010
 80 1040  0.0686 -0.0122 224.1368
112 1040  0.0771 -0.0048 116.2322
144 1040  0.0761  0.0410 89.9582
176 1040  0.1767  0.0513 131.2191
208 1040  0.1087  0.0143 23.3677
240 1040  0.2741 -0.0412 23.8741
272 1040  0.2397 -0.0479 102.1869
304 1040  0.4863 -0.0922 26.8996
336 1040  0.4960 -0.4416 47.1292
368 1040  0.3352 -0.7486 90.4401
400 1040 -0.0012 -0.1392 10.6163
432 1040 -0.0171 -0.3234 11.0033
464 1040 -0.0229 -0.0312 30.0841
496 1040  0.0114  0.0028 16.7487
528 1040  0.0162 -0.0362 10.9963
560 1040  0.0021 -0.0125 15.0472
592 1040 -0.0060 -0.0598  6.5935
 16 1072  0.0933  0.0407 107.4362
 48 1072  0.0535  0.0651 43.5916
 80 1072  0.1828  0.0183 203.4358
112 1072  0.0711 -0.0626 27.8585
144 1072  0.0870 -0.0064 117.8914
176 1072  0.0784  0.0019 135.2186
208 1072  0.1202  0.0023 252.6514
240 1072  0.0610 -0.0453 31.4162
272 1072  0.1656 -0.0630 239.7849
304 1072  0.2645 -0.1128 16.6154
336 1072  0.3605 -0.2637 90.9630
368 1072  0.7088 -0.6555 74.2920
400 1072 -0.0076 -0.0160 12.8014
432 1072 -0.0046 -0.0149 20.0932
464 1072 -0.0131 -0.0023  9.6549
496 1072  0.0120 -0.0900 13.6303
528 1072 -0.0110  0.0094 11.3115
560 1072 -0.0261 -0.0213  9.5795
592 1072 -0.0149 -0.0126 11.8136
624 1072  0.0632 -0.0209  6.4456
656 1072  0.0663 -0.0514  5.0026
 16 1104  0.0089  0.0198 14.2927
 48 1104  0.0171  0.0280 31.1113
 80 1104  0.0558 -0.0005 192.2331
112 1104  0.0955  0.0033 175.5833
144 1104  0.0547  0.0068 107.0961
176 1104  0.1067 -0.0183 149.6859
208 1104  0.3867 -0.0657 166.2066
240 1104  0.1275 -0.0820 61.4711
272 1104  0.1724 -0.2277 239.4181
304 1104  0.3303 -0.2066 37.0224
336 1104  0.1432 -0.3058 201.3856
368 1104  0.2109 -0.2875 35.6890
400 1104  0.0111 -0.0500 22.0428
432 1104 -0.0050 -0.0036 18.2995
464 1104 -0.0226  0.0002 19.7826
496 1104  0.0059 -0.0120 14.0867
528 1104  0.0231 -0.0039 11.2162
560 1104  0.0098 -0.0074 12.5773
592 1104  0.0126  0.0229 10.6027
624 1104 -0.0170  0.0050 12.2537
656 1104  0.0244 -0.0177  9.4823
 16 1136  0.0117 -0.0008 18.0575
 48 1136  0.0802  0.0065 13.9304
 80 1136  0.1040  0.0080 61.4515
112 1136  0.1014  0.0067 51.7425
144 1136  0.0055 -0.0137 124.2160
176 1136  0.0522 -0.0265 162.0645
208 1136  0.2902 -0.0140 71.2418
240 1136  0.0614 -0.0668 79.2759
272 1136  0.0405 -0.1279 44.9552
304 1136  0.2101 -0.1849 76.5139
336 1136  0.1419 -0.4269 108.8157
368 1136  0.2023 -0.1461 159.6976
400 1136 -0.0118 -0.0367 12.5310
432 1136 -0.0032 -0.0498 17.4532
464 1136  0.0059 -0.0739 22.8653
496 1136 -0.0422 -0.0694 12.8346
528 1136  0.0247 -0.0396 14.6670
560 1136 -0.0043 -0.0167 10.5293
592 1136 -0.0429 -0.0347 12.6953
624 1136  0.0037 -0.0251 14.0751
656 1136 -0.0030 -0.0247 17.6348
 16 1168 -0.0046  0.0313 76.0829
 48 1168 -0.0074  0.0264 12.3700
 80 1168  0.1213  0.0061 53.5422
112 1168  0.1316 -0.0518 23.1387
144 1168  0.1023 -0.0404 20.1350
176 1168  0.0688 -0.0133 114.6735
208 1168  0.0926 -0.0296 128.9382
240 1168  0.0633 -0.0579 196.6493
272 1168  0.0920 -0.0889 188.3901
304 1168  0.1747 -0.1534 71.2278
336 1168  0.0920 -0.1241 103.1932
368 1168  0.1536 -0.1441 326.9125
400 1168  0.0469 -0.1582 10.6378
432 1168 -0.0206  0.0137 16.5128
464 1168  0.0244  0.0119 16.2597
496 1168 -0.0068 -0.0006 12.2195
528 1168  0.0091 -0.0175 17.8326
560 1168 -0.0125 -0.0051 13.2214
592 1168  0.0534 -0.0166 11.0178
624 1168 -0.0127 -0.0064 14.1326
656 1168  0.0211  0.0404 14.2620
 16 1200  0.0034  0.0098 11.2349
 48 1200  0.0377 -0.0116 13.4431
 80 1200  0.0242 -0.0219 180.9967
112 1200  0.0500 -0.0212 134.4633
144 1200  0.0945 -0.0251 33.1783
176 1200  0.0664 -0.0751 222.0979
208 1200  0.0699 -0.0046 80.1185
240 1200  0.0937 -0.0893 261.0531
272 1200  0.0814 -0.0376 101.8359
304 1200  0.0721 -0.0541 60.8471
336 1200  0.0719 -0.1147 206.0902
368 1200  0.0974 -0.1167 337.2279
400 1200 -0.0012  0.0049 19.3355
432 1200 -0.0318  0.0131 15.1614
464 1200  0.0277 -0.0202 17.6926
496 1200 -0.0063 -0.0464 24.4802
528 1200 -0.0361 -0.0068 20.5573
560 1200  0.0192 -0.0124 13.9890
592 1200  0.0034  0.0022 13.9108
624 1200 -0.0028  0.0008 13.2227
656 1200  0.0063 -0.0361 27.6171
  0   0 -0.0320 -0.1050  0.0000
  0   0 -0.0747 -0.0128  0.0000
  0   0 -0.0934  0.0295  0.0000
  0   0 -0.1440  0.0384  0.0000
  0   0 -0.1165  0.0618  0.0000
  0   0 -0.1079  0.1265  0.0000
  0   0 -0.1041  0.1998  0.0000
  0   0 -0.1361  0.2643  0.0000
  0   0 -0.1023  0.2326  0.0000
  0   0 -0.0316  0.1304  0.0000
  0   0  0.0403  0.0553  0.0000
  0   0  0.0763  0.0213  0.0000
  0   0  0.1252  0.0027  0.0000
  0   0  0.1625 -0.0284  0.0000
  0   0  0.1621 -0.0706  0.0000
  0   0  0.1725 -0.0589  0.0000
  0   0  0.1852 -0.1116  0.0000
  0   0  0.1819 -0.1074  0.0000
