VARIABLES= "X pix", "Y pix", "U pix/dt", "V pix/dt", "CHC", ZONE I=21, J=30
 16 272 -0.1734 -0.0574 49.2054
 48 272 -0.0342 -0.0888 57.5917
 80 272 -0.1197 -0.1825 305.6860
112 272 -0.0292 -0.1845 228.4314
144 272 -0.0442 -0.1496 44.8996
176 272 -0.0166 -0.1496 137.3448
208 272 -0.0401 -0.1508 332.8974
240 272 -0.0103 -0.0980 125.2178
272 272  0.0022 -0.0849 146.6541
304 272  0.0026 -0.0471 242.9942
336 272  0.0163 -0.0179 129.7742
368 272  0.0412 -0.0032 207.5422
400 272  0.0378  0.0130 279.6988
432 272  0.0731  0.0333 147.2627
464 272  0.0600  0.0236 218.2423
496 272  0.0546  0.0798 172.6370
528 272  0.1098  0.0249 164.8021
560 272  0.0706  0.0540 39.6823
592 272  0.1139  0.0027 166.7768
624 272  0.0479 -0.0230 130.2110
656 272  0.0403  0.0331 142.2800
 16 304 -0.0593 -0.1830 252.6346
 48 304 -0.1547 -0.2178 86.7233
 80 304 -0.1201 -0.2674 161.7952
112 304 -0.0232 -0.2872 66.1619
144 304 -0.0553 -0.1749 205.1295
176 304 -0.0409 -0.0976 68.4294
208 304 -0.0777 -0.1393 259.1082
240 304 -0.0284 -0.0938 259.5337
272 304  0.0213 -0.0266 49.0007
304 304  0.0418 -0.0428 233.4866
336 304  0.0415 -0.0200 178.7079
368 304  0.0487 -0.0321 218.2638
400 304  0.0594 -0.0057 26.7119
432 304  0.0958  0.0022 81.5030
464 304  0.0757  0.0266 159.7358
496 304  0.0751  0.0473 170.3257
528 304  0.0607  0.0353 127.9673
560 304  0.0571  0.0324 207.0607
592 304  0.0699  0.0018 158.3487
624 304  0.0999  0.0249 157.6228
656 304  0.0592  0.0026 133.2477
 16 336 -0.1357 -0.2207 186.3201
 48 336 -0.0781 -0.1747 24.3795
 80 336 -0.1094 -0.3486 118.9058
112 336 -0.1685 -0.4363 189.9527
144 336 -0.1272 -0.2851 234.8839
176 336 -0.0502 -0.1035 236.3860
208 336 -0.1493 -0.1860 299.4302
240 336 -0.0385 -0.1201 188.0511
272 336  0.0045 -0.0594 29.6483
304 336  0.0118 -0.0724 377.2441
336 336  0.0179 -0.0962 125.0405
368 336  0.0405 -0.0360 148.8179
400 336  0.0836 -0.0032 36.5311
432 336  0.0934  0.0105 125.8609
464 336  0.1356  0.0084 71.7936
496 336  0.0771  0.0455 253.8338
528 336  0.0575  0.0680 99.4478
560 336  0.1141  0.0330 153.2074
592 336  0.1452  0.0218 246.8027
624 336  0.0807  0.0099 103.2070
656 336  0.0640  0.0089 115.5389
 16 368 -0.1898 -0.5056 130.2753
 48 368 -0.0992 -0.1967 289.1193
 80 368 -0.4331 -0.2601 172.0524
112 368 -0.0616 -0.1931 105.3685
144 368 -0.1857 -0.3095 74.8882
176 368 -0.1018 -0.2709 53.8702
208 368 -0.0994 -0.2654 113.2654
240 368 -0.1133 -0.0805 33.9808
272 368 -0.0204 -0.1981 172.4619
304 368  0.0008 -0.0719 236.2169
336 368 -0.0065 -0.0524 44.2114
368 368  0.0129 -0.0314 296.4701
400 368  0.0621  0.0403 118.9917
432 368  0.0603  0.0036 178.2899
464 368  0.0681  0.0213 114.4236
496 368  0.1056  0.0337 167.0252
528 368  0.0232  0.0325 170.3537
560 368  0.0998  0.0568 196.6793
592 368  0.1186  0.0410 173.7952
624 368  0.0804  0.0283 151.1366
656 368  0.0523  0.0026 125.3310
 16 400 -0.6163 -1.0685 55.1157
 48 400 -0.1131 -0.3339 15.0579
 80 400 -0.2563 -0.2746 175.2787
112 400 -0.1233 -0.7055 124.6598
144 400 -0.4210 -0.3549 22.7516
176 400 -0.2605 -0.0894 164.1138
208 400 -0.1307 -0.2128 127.5471
240 400 -0.2555 -0.1812 144.5390
272 400 -0.0475 -0.1842 257.3956
304 400 -0.0350 -0.0880 185.8045
336 400  0.0088 -0.0643 237.2267
368 400  0.1422 -0.0617 180.1178
400 400  0.0505 -0.0210 117.3999
432 400  0.1016 -0.0229 225.5915
464 400  0.0866  0.0291 201.2490
496 400  0.1259  0.0259 98.9964
528 400  0.0856  0.0138 152.2446
560 400  0.0653  0.0534 184.6229
592 400  0.1103  0.0479 151.3422
624 400  0.0746  0.0368 111.1870
656 400  0.0393  0.0143 131.7455
 16 432 -0.3219 -0.3365 65.8409
 48 432 -0.6712 -0.1077 91.8819
 80 432 -0.1710 -0.5695 244.9680
112 432 -0.3400 -0.7335 45.2879
144 432 -0.1925 -0.4959 202.4790
176 432 -0.1334 -0.4171 176.2561
208 432 -0.1611 -0.2046 56.9731
240 432 -0.1234 -0.1665 329.2290
272 432 -0.1315 -0.0931 94.2376
304 432 -0.0640 -0.1950 199.2765
336 432 -0.0630 -0.2337 258.0490
368 432  0.0172 -0.1139 162.2264
400 432  0.0739 -0.0254 215.9415
432 432  0.0865 -0.0366 186.4045
464 432  0.0755  0.0014 102.2095
496 432  0.0598  0.0371 133.1571
528 432  0.1117  0.0076 74.2465
560 432  0.1515  0.0370 133.3447
592 432  0.1077  0.0647 131.6903
624 432  0.0864  0.0420 78.7508
656 432  0.0722  0.1216 172.8059
 16 464 -0.4564 -0.2328 21.1990
 48 464 -0.2307 -0.4091 118.3686
 80 464 -0.4615 -0.2522 112.6063
112 464 -0.2451 -0.2658 202.0772
144 464 -0.0240 -0.2219 16.2499
176 464 -0.2121 -0.3951 134.4253
208 464 -0.3414 -0.2669 76.7277
240 464 -0.3070 -0.3479 183.6267
272 464 -0.1150 -0.2129 239.0583
304 464 -0.0437 -0.2779 60.9851
336 464 -0.0458 -0.2050 140.9174
368 464  0.0138 -0.1747 166.8854
400 464  0.0414 -0.0673 81.7102
432 464  0.0547 -0.0483 97.4777
464 464  0.1177 -0.0396 93.3155
496 464  0.0677 -0.0048 45.0700
528 464  0.1278  0.0772 138.7897
560 464  0.1044  0.0148 145.3350
592 464  0.1056  0.0913 83.4710
624 464  0.0859  0.0108 157.8582
656 464  0.0952  0.0268 184.1690
 16 496 -0.7840 -0.3002 150.6841
 48 496 -0.2819 -0.3159 197.3646
 80 496 -0.6242 -0.6792 124.5737
112 496 -0.6430 -0.1198 117.0233
144 496 -0.4460 -0.6910 159.1026
176 496 -0.4866 -0.8707 146.8366
208 496 -0.2324 -0.7039 130.5413
240 496 -0.2119 -0.0818 27.2903
272 496 -0.1684 -0.4633 102.5018
304 496 -0.0749 -0.2534 44.1701
336 496 -0.0670 -0.1921 97.8823
368 496  0.0017 -0.1321 137.6548
400 496  0.0677 -0.1245 77.7839
432 496  0.0974 -0.0568 223.0718
464 496  0.0855 -0.0431 166.1457
496 496  0.1925  0.0296 264.5239
528 496  0.1851  0.0554 149.4643
560 496  0.1396  0.0017 38.6782
592 496  0.1646  0.0087 54.5721
624 496  0.0874  0.0354 77.0363
656 496  0.0621  0.0292 115.9435
 16 528 -0.6333 -0.2285 116.0622
 48 528 -0.4882 -0.1676 143.6733
 80 528 -0.4052 -0.5651 37.9257
112 528 -1.1322 -0.6362 83.0774
144 528 -0.3669 -0.6950 16.3873
176 528 -0.7378 -1.1205 118.0534
208 528 -0.9714 -1.0373 140.3134
240 528 -0.2054 -0.5519 186.0800
272 528 -0.2176 -0.4907 30.1979
304 528 -0.2604 -0.4102 201.2977
336 528 -0.0416 -0.4430 205.9422
368 528 -0.0484 -0.2872 232.3464
400 528  0.0849 -0.2037 208.3744
432 528  0.1509 -0.0916 237.5608
464 528  0.1284 -0.0881 230.5210
496 528  0.1362 -0.1078 111.5322
528 528  0.1124  0.0099 33.5785
560 528  0.1053  0.0517 154.4682
592 528  0.1772  0.1435 65.3100
624 528  0.0768  0.0473 35.5707
656 528  0.0954  0.0614 163.5814
 16 560 -0.2150 -0.1638 26.1374
 48 560 -0.4532 -0.0267 13.4106
 80 560 -0.2288 -0.3056 77.5692
112 560 -0.9874 -0.7383 56.3097
144 560 -0.8986 -0.8131 104.6216
176 560 -0.7823 -1.4530 225.5491
208 560 -0.4414 -0.8267 69.7714
240 560 -0.6583 -0.9494 122.8873
272 560 -0.4184 -0.9851 24.5317
304 560 -0.1096 -0.2115 40.5871
336 560 -0.0266 -0.7215 255.6778
368 560  0.0160 -0.4817 88.3202
400 560  0.0782 -0.3757 96.2066
432 560  0.2420 -0.0835 225.7508
464 560  0.1708 -0.0863 66.9801
496 560  0.2190 -0.0141 89.5178
528 560  0.2050  0.0401 146.1104
560 560  0.1388  0.1055 82.0706
592 560  0.1561  0.0981 78.1357
624 560  0.0968  0.0855 115.5273
656 560  0.0703  0.0424 72.5965
 16 592 -0.7530 -0.1142 72.7851
 48 592 -0.6840 -0.4659 96.3198
 80 592 -0.6512 -0.9760 207.4224
112 592 -1.0422 -0.6931 74.1574
144 592 -0.9644 -0.8489 119.1096
176 592 -1.0121 -0.8614 99.7823
208 592 -0.9963 -1.1843 41.7407
240 592 -0.5652 -0.7710 189.2805
272 592 -0.3209 -1.2596 66.2877
304 592 -0.2703 -0.8935 247.8288
336 592 -0.1157 -0.8760 119.3827
368 592 -0.0058 -0.2554 62.8944
400 592  0.0293 -0.3991 291.7256
432 592  0.0248 -0.1593 173.1986
464 592  0.1760 -0.0848 150.0974
496 592  0.3078 -0.0466 129.1523
528 592  0.2351  0.0886 42.4057
560 592  0.2757  0.2086 204.3152
592 592  0.1691  0.1092 53.8097
624 592  0.2003 -0.0035 158.5894
656 592  0.1489  0.2089 187.5721
 16 624 -0.1835 -0.0413 16.2989
 48 624 -0.2175 -0.3294 233.2255
 80 624 -0.3023 -0.2149 76.5424
112 624 -0.8910 -0.8056 123.2503
144 624 -1.2966 -0.9085 139.6343
176 624 -1.0009 -1.0824 112.4445
208 624 -0.9424 -1.1518 117.1769
240 624 -0.8286 -1.5139 89.5451
272 624 -0.3773 -1.5992 62.0326
304 624 -0.2416 -1.5752 36.0831
336 624 -0.4537 -0.8819 94.0845
368 624 -0.0880 -0.5162 150.9706
400 624  0.0258 -0.2981 71.6400
432 624  0.0865 -0.2987 37.6665
464 624  0.1168 -0.1931 184.5172
496 624  0.2343  0.0098 123.9542
528 624  0.2808  0.1344 113.1259
560 624  0.3260  0.1142 156.1654
592 624  0.2833  0.2287 139.3472
624 624  0.1780  0.1261 74.1360
656 624  0.0339  0.1407 198.3307
 16 656 -0.3223 -0.3824 33.7671
 48 656 -0.5860 -0.6665 168.2681
 80 656 -0.7283 -0.5307 172.0331
112 656 -0.3704 -0.3458 213.8592
144 656 -0.6226 -0.7479 179.9456
176 656 -1.2353 -0.9860 205.8917
208 656 -1.0952 -1.4159 100.0711
240 656 -0.9157 -1.2802 97.8512
272 656 -0.1017 -0.0386 11.1794
304 656 -1.3219 -1.3021 35.9695
336 656 -0.9078 -0.9759 45.6637
368 656 -1.1659 -1.3861 77.4849
400 656 -0.9132 -1.2437 94.6297
432 656 -0.1673 -1.2211 35.9335
464 656 -0.2030 -0.1864 264.0048
496 656  0.0083 -0.0914 75.8207
528 656  0.1381  0.0944 169.0483
560 656  0.0667  0.1356 208.0837
592 656  0.3158  0.1860 69.6220
624 656  0.2414  0.1447 168.5145
656 656  0.0873  0.1075 94.9806
 16 688 -0.1268 -0.0441 19.0163
 48 688 -0.6189 -0.4927 125.5421
 80 688 -0.7057 -0.3492 167.7385
112 688 -0.5104 -0.3204 75.3979
144 688 -0.9306 -0.7864 32.9060
176 688 -1.2429 -0.5813 32.6897
208 688 -1.2525 -0.9825 50.2314
240 688 -2.1125 -1.7633 98.8518
272 688 -1.7904 -2.1474 20.5948
304 688 -1.5173 -1.3663 51.6298
336 688 -1.7056 -1.1331 88.3184
368 688 -1.8909 -1.1163 18.7533
400 688 -1.2739 -0.9753 106.1673
432 688 -1.2702 -0.8452 74.7426
464 688 -0.6373 -0.7308 86.7501
496 688 -0.1497 -0.2589 178.1585
528 688 -0.0335 -0.0382 98.7168
560 688  0.0799  0.0498 74.7154
592 688  0.2312  0.1990 128.4081
624 688  0.2010  0.2645 171.3818
656 688  0.2580  0.1873 102.1606
 16 720 -0.0324 -0.0397 241.2163
 48 720 -0.2389 -0.0865 20.9143
 80 720 -0.2634 -0.1718 244.9326
112 720 -0.8340 -0.2792 88.5146
144 720 -0.2553 -0.0067 53.3572
176 720 -0.9353 -1.2247 51.5801
208 720 -1.5741 -1.0323 147.4614
240 720 -2.0773 -2.2889 73.1704
272 720 -1.8247 -1.9723 41.1189
304 720 -1.4015 -1.1928 44.7135
336 720 -1.5090 -1.2448 107.2182
368 720 -0.9095 -0.6234 78.6898
400 720 -0.9333 -0.7726 86.3517
432 720 -1.7810 -0.9797 17.5476
464 720 -1.4544 -0.8108 86.2150
496 720 -0.7724 -0.3766 102.1852
528 720 -0.2756 -0.1344 164.0730
560 720 -0.0542 -0.1311 111.8960
592 720  0.1099  0.0929 169.1046
624 720  0.2220  0.2828 38.0994
656 720  0.2177  0.1188 124.2383
 16 752 -0.0302 -0.1174 45.0690
 48 752 -0.0226 -0.1149 315.2387
 80 752 -0.1422 -0.0846 185.3686
112 752 -1.1472 -0.0905 147.0831
144 752 -0.4057 -0.3086 70.8718
176 752 -1.0098 -0.2130 213.1496
208 752 -0.7183 -0.4258 57.7096
240 752 -1.1115 -1.4006 129.9261
272 752 -1.0629 -1.2458 120.6285
304 752 -1.1540 -1.3903 23.4985
336 752 -0.6080 -0.0527 126.3901
368 752 -1.5193 -0.4269 17.9066
400 752 -1.9725 -0.2386 44.0143
432 752 -1.7131 -0.4257 92.6932
464 752 -1.7996 -0.9189 124.2221
496 752 -0.1541 -0.3726 85.2061
528 752 -0.7662 -0.6628 64.2715
560 752 -0.3786 -0.2849 93.6232
592 752 -0.0242  0.0199 222.3456
624 752  0.0629  0.0370 75.2390
656 752  0.0726  0.1127 20.4459
 16 784  0.0190 -0.0296 88.6384
 48 784  0.0178 -0.0528 23.5281
 80 784 -0.0384 -0.0621 81.2411
112 784 -0.3559 -0.1144 82.9638
144 784 -0.0680 -0.0030 15.0571
176 784 -0.3476 -0.1848 61.4461
208 784 -0.8033 -0.8101 175.2293
240 784 -1.0139 -1.4080 62.7834
272 784 -0.1186 -0.0876 12.3520
304 784 -0.4743 -0.6886 21.8121
336 784 -0.1853  0.2777 96.3108
368 784  0.2067 -0.1248 47.3678
400 784  1.0966 -0.1705 11.4280
432 784  0.4068 -0.1138 12.4279
464 784  0.2251 -0.2683 23.8477
496 784 -0.2303 -0.1065 25.4856
528 784 -0.3720 -0.3408 88.4120
560 784 -0.3614 -0.3075 124.9147
592 784 -0.2575 -0.0836 70.5530
624 784 -0.0279  0.1462 33.3008
656 784  0.0860  0.1208 59.0669
 16 816  0.0558  0.0025 69.8195
 48 816  0.0887 -0.0106 40.7163
 80 816  0.0088 -0.0294 100.1402
112 816  0.0054 -0.0404 228.9902
144 816 -0.1730 -0.0602 117.6746
176 816 -0.0618 -0.3202 61.8879
208 816 -0.2851 -0.3415 55.0236
240 816 -0.7441 -1.1314 36.2447
272 816 -1.2531 -1.5864 25.4387
304 816 -0.4922 -1.1605 57.0821
336 816  0.6580  0.3486 37.2494
368 816  0.3143  0.2315 15.6845
496 816  0.2176 -0.3584  5.7154
528 816  0.1148 -0.3091 56.9274
560 816 -0.2312 -0.3184 59.4500
592 816 -0.1317 -0.0989 95.5193
624 816 -0.0053  0.1032 25.0587
656 816  0.0722  0.2143 33.3933
 16 848  0.0964 -0.0141 61.0213
 48 848  0.0774 -0.0209 33.4425
 80 848  0.0397 -0.0327 42.9937
112 848  0.0067 -0.0235 105.9134
144 848  0.0106 -0.0201 78.7358
176 848 -0.0813 -0.0548 40.2382
208 848 -0.0746 -0.2071 269.4542
240 848 -0.2660 -0.9268 35.4566
272 848 -0.1585 -1.2184 297.9768
304 848 -0.1061 -2.1135 155.3234
336 848  0.2140 -0.0382  9.3403
368 848  0.2116  0.3751  9.9610
496 848  0.0391 -0.0150  4.0837
528 848  0.0933 -0.1355 20.1531
560 848 -0.0438  0.0113 65.5853
592 848 -0.0423  0.0411 78.2518
624 848  0.0003  0.1033 100.2232
656 848  0.0950  0.0928 54.5361
 16 880  0.0765  0.0136 18.8314
 48 880  0.0966 -0.0067 145.0021
 80 880  0.2180 -0.0017 76.7548
112 880  0.1256 -0.0087 85.4275
144 880  0.1052  0.0080 108.3204
176 880  0.0854 -0.0385 328.9456
208 880 -0.0136 -0.0845 44.6057
240 880 -0.2060 -0.7951 157.5340
272 880 -0.3028 -1.2230 110.4431
304 880 -0.0330 -0.0665 10.8840
336 880 -0.2211  0.4824 21.6717
368 880  0.0541  0.2154  4.4660
432 880 -0.0766  0.2330  4.7897
528 880 -0.0166  0.0300 14.4275
560 880 -0.0076  0.0942 25.5663
592 880 -0.0040  0.0992 56.4601
624 880  0.0184  0.0915 76.6372
656 880 -0.0378  0.1519 31.5464
 16 912  0.0751  0.0188 48.2127
 48 912  0.1393  0.0043 19.1070
 80 912  0.0606 -0.0417 175.7090
112 912  0.1053  0.0208 121.3982
144 912  0.0945 -0.0878 446.3474
176 912  0.0836  0.0020 198.0695
208 912  0.0999 -0.0759 50.4776
240 912  0.0728 -0.3214 213.3524
272 912 -0.0213 -0.1144 104.9188
304 912 -0.1469 -1.2824 24.2396
336 912 -0.3235  0.3608 33.3991
368 912 -0.1839  0.1925  4.5066
528 912 -0.0274  0.0651  4.4643
560 912 -0.0834  0.5000  5.4105
592 912 -0.0874  0.2425  9.3986
624 912 -0.3239  0.2493 10.8968
656 912  0.0036  0.0654 27.4628
 16 944  0.1174  0.0187 24.9470
 48 944  0.0455 -0.0255 26.7969
 80 944  0.1782 -0.0502 150.6566
112 944  0.1088 -0.0028 285.0794
144 944  0.1595 -0.0215 181.4931
176 944  0.1557  0.0274 322.7725
208 944  0.4630 -0.0284 126.9231
240 944  0.0770 -0.2469 148.9117
272 944  0.0501 -0.3199 129.6809
304 944 -0.0928 -1.0585 60.1012
336 944 -0.3150 -0.8066 16.6469
368 944 -0.4390  0.3476 26.5993
400 944 -0.2004  0.3257  4.6645
432 944  0.0338  0.0430  4.0353
464 944 -0.0266 -0.0157  5.3650
496 944  0.0042 -0.0502 10.0286
528 944  0.0436 -0.0373  4.9131
624 944 -0.4401  0.0290  6.6489
656 944 -0.0911  0.1100 13.1697
 16 976  0.1249  0.0120 25.2552
 48 976  0.1217  0.0081 49.2134
 80 976  0.0318 -0.0137 19.7534
112 976  0.1144 -0.0569 227.5362
144 976  0.2453 -0.1191 297.6559
176 976  0.2902 -0.0120 65.4077
208 976  0.2553 -0.0666 46.5073
240 976  0.6574 -0.1271 70.4890
272 976  0.3859 -0.4173 80.4574
304 976  0.0838 -1.0932 54.0707
336 976 -0.0879 -0.0759 16.5870
368 976 -0.1917 -0.4305 24.1938
400 976 -0.2024  0.2037 74.5865
432 976  0.4792  0.1920 32.9717
464 976  0.1066 -0.0650 17.3332
496 976  0.2716 -0.1375 17.7484
528 976  0.0634 -0.0332 20.6813
560 976  0.2368 -0.0332  5.3271
624 976 -0.0939  0.1686  4.1457
656 976 -0.1204  0.4210  6.3136
 16 1008  0.1091 -0.0053 26.2134
 48 1008  0.0661 -0.0563 74.7489
 80 1008  0.0782  0.0112 206.8393
112 1008  0.1200 -0.0324 44.5594
144 1008  0.3861 -0.0831 127.6800
176 1008  0.1041 -0.0552 266.5336
208 1008  0.3615 -0.0804 133.1116
240 1008  0.1503 -0.1071 106.9382
272 1008  0.1571 -0.1762 72.9633
304 1008  0.0284 -0.2893 100.6296
336 1008  0.1267 -0.4801 36.1845
368 1008  0.0546 -0.5946 78.7659
400 1008  0.0684 -0.2618 16.5845
432 1008  0.0645 -0.0783 13.6036
464 1008  0.0471 -0.0191 13.5408
496 1008  0.0472 -0.0563 15.6831
528 1008  0.0128 -0.1039 10.4655
560 1008  0.3931 -0.3492  8.8014
 16 1040  0.4634 -0.0198 183.3206
 48 1040  0.1260 -0.0790 42.8445
 80 1040  0.1238 -0.0076 301.1354
112 1040  0.1735 -0.0348 147.6870
144 1040  0.2116 -0.0363 61.7441
176 1040  0.2310 -0.0579 174.2249
208 1040  0.6501 -0.0513 285.1484
240 1040  0.2959 -0.0888 90.2270
272 1040  0.5667 -0.0930 113.7458
304 1040  0.2068 -0.5541 85.6684
336 1040  0.1865 -0.3468 29.8284
368 1040  0.1328  0.0470 55.3096
400 1040  0.1216 -0.1021 12.1772
432 1040  0.0833 -0.0973 18.7705
464 1040  0.0065 -0.0275 17.4061
496 1040  0.0389 -0.0848 18.8016
528 1040  0.0598 -0.0379 15.4416
560 1040  0.0240 -0.1576 10.3605
592 1040  1.5000 -0.0534  4.1711
656 1040  0.0406 -0.2798  7.0652
 16 1072  0.1669 -0.0071 69.5734
 48 1072  0.2432 -0.0216 182.4320
 80 1072  0.4210 -0.0108 209.6430
112 1072  0.6454 -0.0505 125.1659
144 1072  0.8098 -0.0184 36.3689
176 1072  0.1387 -0.0306 44.2869
208 1072  0.1971 -0.0752 55.2693
240 1072  0.1980 -0.0984 86.7967
272 1072  0.7775 -0.0757 181.3735
304 1072  0.6287 -0.1168 155.6816
336 1072  0.6114 -0.1333 92.5000
368 1072  0.1666 -0.6028 217.5998
400 1072 -0.0083 -0.0131 12.7018
432 1072  0.2538 -0.1393 19.5720
464 1072  0.1709 -0.1391 29.7612
496 1072  0.0146 -0.0027 14.8759
528 1072  0.1282 -0.3363 37.2047
560 1072 -0.0014  0.0133 16.0317
592 1072  0.0939 -0.0835 16.9930
624 1072 -0.3838 -0.2571 11.0138
656 1072  0.0536 -0.0925 18.3954
 16 1104  0.2570  0.0088 30.6591
 48 1104  0.0802 -0.0124 231.3452
 80 1104  0.2132 -0.0449 42.3967
112 1104  0.0923 -0.0125 255.1186
144 1104  0.1892 -0.0235 89.0890
176 1104  0.3049 -0.0971 49.8430
208 1104  0.1797 -0.0967 47.0584
240 1104  0.5396 -0.0697 99.3970
272 1104  0.4620 -0.1958 69.1311
304 1104  0.4339 -0.1018 77.8359
336 1104  0.5457 -0.1842 190.9736
368 1104  5.8292  0.1206 62.4819
400 1104  0.1594 -0.2129 27.4115
432 1104  0.0228 -0.0080 18.5438
464 1104  0.2050 -0.5596 75.7279
496 1104  0.1229 -0.1640 18.5320
528 1104  0.0018 -0.0897 15.8105
560 1104  0.0660 -0.0181 16.1184
592 1104  0.0322  0.0173 14.3187
624 1104  0.0033 -0.0339 11.3047
656 1104  0.0099 -0.0155 18.3745
 16 1136  0.1264 -0.0138 23.0638
 48 1136  0.1323 -0.0235 39.0465
 80 1136  0.3125 -0.0251 169.7549
112 1136  0.0495  0.0047 107.3445
144 1136  0.4938 -0.0765 113.0045
176 1136  0.5662 -0.1340 197.8245
208 1136  0.1237 -0.0392 88.4197
240 1136  0.3762 -0.1187 77.1358
272 1136  0.1391 -0.1346 95.2318
304 1136  0.2628 -0.2371 90.5066
336 1136  0.2149 -0.2149 73.2786
368 1136  0.3583 -0.3609 123.3230
400 1136  0.1408 -0.1147 17.0475
432 1136  0.0236 -0.0060 13.4715
464 1136  0.0484 -0.0874 23.2174
496 1136  0.0172 -0.0938 13.2288
528 1136  0.0641  0.0123 14.1318
560 1136 -0.0009 -0.1870 15.3956
592 1136 -0.0089  0.0071 10.7450
624 1136 -0.0587  0.0204 30.1825
656 1136  0.0848 -0.0044 29.8687
 16 1168  0.0182  0.0094 12.0506
 48 1168  0.0556 -0.0112 14.5179
 80 1168  0.2265 -0.0299 41.3592
112 1168  0.1860 -0.0148 92.4824
144 1168  0.3769 -0.0479 88.6354
176 1168  0.5566 -0.1149 114.2157
208 1168  0.3213 -0.0357 154.0421
240 1168  0.1196 -0.0608 25.0381
272 1168  0.3859 -0.1703 114.5661
304 1168  0.0973 -0.0665 155.1071
336 1168  0.3337 -0.1923 119.3941
368 1168  0.1896 -0.2332 141.9599
400 1168  0.0815 -0.0421 12.1133
432 1168  0.1011 -0.1834 27.5055
464 1168  0.0325  0.0030 15.6358
496 1168 -0.0028 -0.0284 13.6407
528 1168  0.0004 -0.0480 16.0964
560 1168 -0.0109  0.0000 11.8414
592 1168  0.0005 -0.0042 13.8664
624 1168  0.0654 -0.0172 12.6291
656 1168  0.0123 -0.0048 17.0934
 16 1200  0.1102 -0.0026 234.4413
 48 1200  0.0827 -0.0191 27.9830
 80 1200  0.0230 -0.0163 13.6801
112 1200  0.1258 -0.0418 180.8558
144 1200  0.2165 -0.0685 35.5150
176 1200  0.2385 -0.0555 80.6222
208 1200  0.2762 -0.1207 168.3217
240 1200  0.0695 -0.0984 177.7963
272 1200  0.2052 -0.1130 74.7092
304 1200  0.1581 -0.0550 140.1693
336 1200  0.1541 -0.1681 269.2404
368 1200  0.1132 -0.1553 70.3724
400 1200  0.1991 -0.1287 172.7186
432 1200  0.0288 -0.0071 17.0578
464 1200  0.0770 -0.1682 19.9826
496 1200 -0.0088 -0.0240 17.0142
528 1200 -0.0044  0.0248 16.2672
560 1200  0.0300 -0.0117 14.2117
592 1200 -0.0052 -0.0077 16.8669
624 1200  0.0325 -0.0768 40.1771
656 1200  0.0348 -0.0473 40.5294
  0   0 -0.0593 -0.0444  0.0000
  0   0 -0.2075 -0.1101  0.0000
  0   0 -0.3223  0.0009  0.0000
  0   0 -0.3124  0.0260  0.0000
  0   0 -0.2983  0.0597  0.0000
  0   0 -0.2564  0.1407  0.0000
  0   0 -0.2253  0.2032  0.0000
  0   0 -0.1712  0.2275  0.0000
  0   0 -0.1500  0.2281  0.0000
  0   0 -0.0127  0.1474  0.0000
  0   0  0.0551  0.0609  0.0000
  0   0  0.0854  0.0250  0.0000
  0   0  0.2290 -0.0164  0.0000
  0   0  0.3868 -0.0612  0.0000
  0   0  0.4772 -0.0798  0.0000
  0   0  0.4692 -0.1704  0.0000
  0   0  0.3172 -0.1973  0.0000
  0   0  0.3116 -0.1900  0.0000
  0   0  0.2812 -0.1616  0.0000
  0   0  0.2516 -0.2291  0.0000
