VARIABLES= "X pix", "Y pix", "U pix/dt", "V pix/dt", "CHC", ZONE I=21, J=30
 16 272 -0.0606 -0.1237 251.6747
 48 272 -0.1387 -0.2825 112.6146
 80 272 -0.1097 -0.2659 145.3346
112 272 -0.1067 -0.1047 269.2914
144 272 -0.0166 -0.0597 19.4057
176 272 -0.0476 -0.1038 120.1793
208 272 -0.0747 -0.1760 291.7755
240 272 -0.0530 -0.1036 223.5891
272 272 -0.0213 -0.0570 247.7917
304 272 -0.0062 -0.0876 225.0108
336 272 -0.0184 -0.0495 225.4998
368 272 -0.0300 -0.0197 79.4684
400 272 -0.0017  0.0114 103.5382
432 272  0.0126  0.0128 189.3895
464 272  0.0017  0.0024 253.5996
496 272  0.0184  0.0250 221.5899
528 272  0.0390  0.0291 182.5552
560 272  0.0223  0.0397 88.3728
592 272 -0.0133 -0.0058 105.9954
624 272  0.0283  0.0067 104.7129
656 272  0.0034 -0.0051 212.3213
 16 304 -0.3083 -0.1770 68.6877
 48 304 -0.2077 -0.0789 46.7222
 80 304 -0.2761 -0.1968 244.0024
112 304 -0.0569 -0.1200 36.9878
144 304 -0.0687 -0.2635 224.5706
176 304 -0.1590 -0.1294 240.3864
208 304 -0.0597 -0.0905 291.9706
240 304  0.0256 -0.0831 45.5365
272 304 -0.0258 -0.0278 29.9948
304 304 -0.0330 -0.0881 178.1285
336 304 -0.0060 -0.0057 48.0233
368 304 -0.0342 -0.0284 305.5692
400 304  0.0019 -0.0009 62.0938
432 304  0.0119  0.0032 173.0322
464 304  0.0244  0.0195 332.9853
496 304  0.0231  0.0453 116.2024
528 304  0.0260  0.0595 83.6425
560 304  0.0417  0.0226 189.4193
592 304  0.0247  0.0127 109.6670
624 304  0.0170  0.0205 158.2812
656 304  0.0230  0.0069 143.1755
 16 336 -0.0307 -0.0992 25.3669
 48 336 -0.3375 -0.2165 64.7793
 80 336 -0.0942 -0.1110 89.1175
112 336 -0.1642 -0.1456 222.7706
144 336 -0.0989 -0.1573 214.9112
176 336 -0.0795 -0.1982 46.9296
208 336 -0.0404 -0.0578 139.3496
240 336 -0.0745 -0.0907 284.8549
272 336 -0.0469 -0.1364 175.2407
304 336 -0.0189 -0.0407 213.0678
336 336 -0.0464 -0.0719 154.4887
368 336  0.0011 -0.0449 240.8151
400 336  0.0149 -0.0302 228.4892
432 336  0.0103 -0.0157 198.6486
464 336  0.0210  0.0166 247.4122
496 336  0.0092  0.0186 126.8368
528 336  0.0172  0.0716 67.5844
560 336  0.0534  0.0396 65.2273
592 336  0.0349  0.0019 59.5274
624 336  0.0561  0.0146 83.1331
656 336  0.0575 -0.0044 167.2905
 16 368 -0.0844 -0.0732 21.5219
 48 368 -0.4573 -0.3236 57.7519
 80 368 -0.0209 -0.5129 188.6536
112 368 -0.0799 -0.2705 122.9146
144 368 -0.4367 -0.1450 106.5386
176 368 -0.2207 -0.2071 205.0735
208 368 -0.1481 -0.2072 55.2729
240 368 -0.1121 -0.1994 123.6286
272 368 -0.0657 -0.0917 108.9252
304 368 -0.0614 -0.0728 246.0075
336 368 -0.0140 -0.0318 147.4744
368 368 -0.0033 -0.0545 197.2478
400 368  0.0082 -0.0091 120.8505
432 368  0.0154 -0.0342 55.3036
464 368  0.0134  0.0236 334.8534
496 368 -0.0214  0.0333 178.1407
528 368  0.0366  0.0523 75.5489
560 368  0.0116  0.0427 141.6021
592 368  0.0058  0.0164 158.8159
624 368  0.0507  0.0046 123.7727
656 368  0.0543 -0.0072 253.8653
 16 400 -0.2663 -0.3054 273.5282
 48 400 -0.2152 -0.1933 56.5221
 80 400 -0.4161 -0.2901 188.4283
112 400 -0.4257 -0.4693 41.7645
144 400 -0.1723 -0.2801 137.5144
176 400 -0.2834 -0.2206 159.8936
208 400 -0.1412 -0.3770 120.4538
240 400 -0.2060 -0.1264 124.8523
272 400 -0.0497 -0.1396 72.6199
304 400 -0.0623 -0.1012 92.0883
336 400 -0.0243 -0.1189 219.8550
368 400 -0.0214 -0.0741 140.5169
400 400  0.0044 -0.0115 179.0062
432 400  0.0101 -0.0059 160.8672
464 400  0.0041  0.0259 170.3539
496 400  0.0142  0.0239 115.5023
528 400 -0.0006  0.0165 127.7778
560 400  0.0167  0.0211 69.7763
592 400  0.0386 -0.0058 169.6015
624 400  0.0389  0.0116 130.0817
656 400  0.0327 -0.0170 246.3292
 16 432 -0.1792 -0.3321 113.4218
 48 432 -0.3629 -0.3126 33.1037
 80 432 -1.1744 -0.1512 74.4129
112 432 -0.2092 -0.4229 51.7212
144 432 -0.5854 -0.3069 129.2276
176 432 -0.2326 -0.4100 161.1313
208 432 -0.1749 -0.1973 36.3126
240 432 -0.1491 -0.2596 133.4129
272 432 -0.1255 -0.1139 188.3790
304 432 -0.0387 -0.0764 27.7073
336 432 -0.0298 -0.0758 48.6201
368 432 -0.0659 -0.0939 150.3454
400 432 -0.0049 -0.0263 148.3792
432 432  0.0076 -0.0203 270.2943
464 432 -0.0019 -0.0036 154.0542
496 432  0.0044  0.0089 41.4052
528 432  0.0346  0.0221 146.8324
560 432  0.0238 -0.0021 109.0826
592 432  0.0509  0.0110 141.8470
624 432  0.0129  0.0064 100.8888
656 432  0.0468 -0.0278 68.0150
 16 464 -0.1296 -0.1009 19.3604
 48 464 -0.5643 -0.2256 47.4416
 80 464 -0.1710 -0.5491 65.9217
112 464 -0.4280 -0.5471 74.2616
144 464 -0.2937 -0.3972 81.2607
176 464 -0.3599 -0.3259 42.7007
208 464 -0.4131 -0.5573 197.3018
240 464 -0.1129 -0.5092 161.9429
272 464 -0.2140 -0.1864 27.2347
304 464 -0.0640 -0.2626 38.3983
336 464 -0.1052 -0.1047 61.8117
368 464 -0.0771 -0.1001 263.0753
400 464 -0.0027 -0.0743 217.4990
432 464  0.0019 -0.0245 148.4556
464 464 -0.0026 -0.0214 127.1984
496 464  0.0194  0.0159 68.0235
528 464 -0.0084 -0.0130 150.2017
560 464  0.0244  0.0080 169.7961
592 464  0.0180 -0.0206 174.9019
624 464  0.0209  0.0233 109.4275
656 464  0.0626 -0.0028 175.0847
 16 496 -0.6513 -0.3551 122.1655
 48 496 -0.3807 -0.5125 110.2375
 80 496 -0.2640 -0.3884 241.9443
112 496 -0.6070 -0.6804 77.3493
144 496 -0.4612 -0.6045 46.0602
176 496 -0.6403 -0.4828 94.9201
208 496 -0.4169 -0.4416 149.0574
240 496 -0.3451 -0.3930 225.1871
272 496 -0.2087 -0.3116 251.0868
304 496 -0.1617 -0.2106 291.8565
336 496 -0.0840 -0.2765 87.9088
368 496 -0.0508 -0.0550 117.2531
400 496 -0.0198 -0.0685 178.6643
432 496 -0.0159 -0.0466 170.8308
464 496 -0.0094 -0.0209 171.7048
496 496 -0.0787 -0.0436 198.5908
528 496  0.0109 -0.0289 59.9308
560 496  0.0035  0.0200 81.2799
592 496 -0.0043 -0.0026 84.9457
624 496  0.0683 -0.0148 67.3979
656 496  0.0654  0.0113 121.3167
 16 528 -0.4420 -0.2024 48.4303
 48 528 -0.3332 -0.3513 95.2429
 80 528 -0.4229 -0.3049 87.4784
112 528 -0.1940 -0.3885 39.2649
144 528 -0.9658 -0.6641 128.4944
176 528 -0.4304 -0.8134 63.9669
208 528 -0.4190 -0.5121 52.1963
240 528 -0.2486 -0.5687 162.0937
272 528 -0.2002 -0.3900 174.0891
304 528 -0.1286 -0.3177 146.9836
336 528 -0.1430 -0.1672 33.0234
368 528 -0.0721 -0.1481 100.6670
400 528 -0.0219  0.0005 52.7834
432 528 -0.0184  0.0028 286.5017
464 528 -0.0237  0.0051 86.4257
496 528  0.0001 -0.0370 135.8706
528 528 -0.0124 -0.0186 172.4087
560 528  0.0379 -0.0319 32.0736
592 528  0.0595 -0.0375 198.2193
624 528  0.0721 -0.0064 168.5279
656 528  0.0337 -0.0344 46.3343
 16 560 -0.4349 -0.1843 34.6303
 48 560 -0.2996 -0.2077 84.8378
 80 560 -0.3023 -0.2551 83.9331
112 560 -0.7352 -0.6134 223.6915
144 560 -0.6615 -0.1476 111.3601
176 560 -0.6441 -0.8701 39.9538
208 560 -0.8736 -0.6261 154.1268
240 560 -0.5692 -0.7924 210.1412
272 560 -0.2115 -0.4908 86.5538
304 560 -0.2326 -0.4911 213.1944
336 560 -0.1440 -0.2456 142.8155
368 560 -0.1092 -0.1019 222.2205
400 560 -0.1467 -0.1562 94.6249
432 560 -0.0552 -0.0207 120.7703
464 560 -0.0637 -0.0062 108.3575
496 560 -0.0845 -0.0495 210.9008
528 560 -0.0395 -0.0368 202.1352
560 560  0.0145 -0.0293 215.6830
592 560  0.0372 -0.0508 254.1174
624 560  0.0552 -0.0386 107.4346
656 560  0.0487 -0.0502 65.4426
 16 592 -0.4741 -0.0850 32.5725
 48 592 -0.3671 -0.1752 18.7901
 80 592 -0.4184 -0.2773 178.4374
112 592 -0.9255 -0.7032 200.0774
144 592 -0.4146 -0.3455 23.8020
176 592 -1.0072 -0.7298 103.2891
208 592 -0.1325 -0.0713 11.8222
240 592 -0.7691 -0.9326 207.8964
272 592 -0.6097 -0.6318 72.1378
304 592 -0.7699 -0.7033 83.7599
336 592 -0.5013 -0.2227 122.1987
368 592 -0.4030 -0.2473 111.3395
400 592 -0.2822 -0.1711 121.5774
432 592 -0.3114 -0.0998 53.9907
464 592 -0.1951 -0.0426 117.5624
496 592 -0.0894 -0.0556 41.1421
528 592 -0.1550 -0.1007 119.5544
560 592 -0.0050 -0.0780 56.0735
592 592 -0.0079 -0.0775 20.2914
624 592  0.0866 -0.0715 69.3674
656 592  0.1198 -0.2042 45.9193
 16 624 -0.1310 -0.0619 32.5140
 48 624 -0.4913 -0.2350 99.2862
 80 624 -0.4204 -0.4905 160.8761
112 624 -0.6678 -0.4633 185.0149
144 624 -0.0676 -0.0789 15.5099
176 624 -0.8873 -1.2952 41.3041
208 624 -0.8594 -0.8228 123.7660
240 624 -0.9213 -0.8760 25.3460
272 624 -0.1516 -0.1758 29.5813
304 624 -0.7507 -0.8310 133.7444
336 624 -0.8705 -0.4412 186.2970
368 624 -0.3331 -0.2536 75.6279
400 624 -0.2707 -0.1449 256.5731
432 624 -0.3416 -0.0650 108.2429
464 624 -0.2745 -0.0788 181.5650
496 624 -0.0980 -0.1117 169.4993
528 624 -0.2736 -0.1996 117.5410
560 624 -0.0471 -0.2203 147.6861
592 624  0.0784 -0.0609 35.8445
624 624  0.1355 -0.1116 241.9731
656 624  0.1265 -0.1657 176.0705
 16 656 -0.5035 -0.1309 40.9498
 48 656 -0.1684 -0.1392 28.0457
 80 656 -0.3488 -0.1828 242.6670
112 656 -0.3400 -0.2136 246.6762
144 656 -0.9264 -1.2792 110.9681
176 656 -0.9943 -1.0706 34.7520
208 656 -1.2377 -1.3995 105.7741
240 656 -0.6955 -0.4858 47.4051
272 656 -0.9647 -0.8273 270.1489
304 656 -1.3765 -1.1561 161.4753
336 656 -0.9301 -0.3163 65.2936
368 656 -0.7249 -0.4412 177.0912
400 656 -0.7885 -0.0537 124.7305
432 656 -0.8083 -0.0476 55.5172
464 656 -0.7460 -0.0652 41.6525
496 656 -0.0595 -0.2464 161.3379
528 656 -0.1874 -0.3726 150.5941
560 656 -0.0837 -0.4686 203.6012
592 656  0.0581 -0.3483 96.0392
624 656  0.1127 -0.3700 228.5229
656 656  0.0889 -0.3348 74.3270
 16 688 -0.0586 -0.1267 54.6015
 48 688 -0.2375 -0.1441 86.8624
 80 688 -0.3459 -0.2698 165.3365
112 688 -0.4020 -0.1745 25.6873
144 688 -0.7354 -0.3003 104.0845
176 688 -1.2370 -0.8409 76.2270
208 688 -1.1820 -0.9005 98.7974
240 688 -0.9805 -0.7787 212.6585
272 688 -1.0796 -0.7573 36.8345
304 688 -0.8266 -0.3516 32.3649
336 688 -0.4481 -0.2208 154.3004
368 688 -0.4705 -0.2514 212.8957
400 688 -0.5854  0.0508 84.2861
432 688 -0.7408  0.1194 71.6998
464 688 -0.0516 -0.4597 32.9701
496 688 -0.7069 -0.4180 114.1005
528 688 -0.1767 -0.5118 61.6829
560 688 -0.1322 -0.4289 42.9801
592 688 -0.0212 -0.8035 94.2903
624 688  0.0805 -0.6928 109.4692
656 688  0.1323 -0.5529 45.3217
 16 720  0.0044 -0.0167 17.2376
 48 720 -0.1550 -0.0855 68.1866
 80 720 -0.0426 -0.0626 159.2435
112 720 -0.2269 -0.2087 150.8730
144 720 -0.4144 -0.2051 81.2371
176 720 -0.2421 -0.2865 48.3258
208 720 -1.0643 -0.7354 21.4752
240 720 -0.0716 -0.0446 13.5803
272 720 -1.1845 -0.7979 153.6286
304 720 -0.6258 -0.4912 34.0725
336 720 -0.9512 -0.2820 75.7032
368 720 -0.3364 -0.0712 97.9677
400 720 -0.4383  0.2010 178.6745
432 720  0.0842  0.0773 68.4374
464 720  0.2319 -0.2826 57.9867
496 720  0.0135 -0.7925 248.5397
528 720  0.1716 -0.3188 18.0924
560 720  1.0547  0.0844 12.0892
592 720  0.0028 -0.0360 43.2260
624 720  0.0330 -0.0647 36.8639
656 720 -0.0076 -0.5754 106.5542
 16 752 -0.0005 -0.0267 19.5787
 48 752 -0.0228 -0.0454 240.7298
 80 752 -0.0605 -0.1334 47.3484
112 752 -0.0753 -0.1272 297.2422
144 752 -0.2156 -0.2831 57.1996
176 752 -0.6660 -0.7109 158.5061
208 752 -0.5656 -0.7644 178.4012
240 752 -0.1079 -0.1291 21.3560
272 752 -0.9470 -0.7522 96.3034
304 752 -0.4970 -0.4722 193.0137
336 752 -0.2054 -0.0535 56.5559
368 752 -0.0522  0.0904 133.0840
400 752  0.3716  0.1793 23.0080
432 752  1.0638  0.1719 42.6582
464 752  1.1928 -0.4735 161.7326
496 752  1.0765 -1.2841 121.6683
528 752  0.5420 -0.8149 11.2377
560 752  1.4344  0.2329 10.6023
592 752  0.0596 -0.2555 28.1925
624 752 -0.3113  0.2021 10.9272
656 752 -0.0719 -0.0204 15.5466
 16 784  0.0464 -0.0397 52.6050
 48 784  0.0111 -0.0543 38.7675
 80 784 -0.0012 -0.0679 253.5945
112 784 -0.0210 -0.0994 252.1879
144 784 -0.0223 -0.1682 23.6926
176 784 -0.0458 -0.3070 118.0920
208 784 -0.0544 -0.3558 65.5811
240 784 -0.1224 -0.4539 143.9347
272 784 -0.4468 -0.2866 21.2983
304 784 -0.0330 -0.2415 23.9181
336 784 -0.0184 -0.0658 159.2337
368 784  0.1257  0.0024 25.2005
400 784  1.0053  0.2590 99.0069
432 784  1.9978  0.2207 52.8295
464 784  2.4641 -0.2202 124.3372
496 784  1.8520 -1.1957 38.0767
528 784  0.6793 -0.1126 14.4672
560 784  0.4703  0.1596  7.5168
592 784  0.1114 -0.1050 26.8048
624 784 -0.0298  0.0326 29.5079
656 784 -0.0870  0.1683  9.4954
 16 816 -0.0089 -0.0188 42.8647
 48 816  0.0551 -0.0238 147.8422
 80 816  0.0298 -0.0796 166.6960
112 816  0.0418 -0.1109 254.3879
144 816  0.0416 -0.1467 72.2346
176 816  0.0486 -0.2336 149.0786
208 816  0.0455 -0.2571 206.0418
240 816 -0.0543 -0.2081 132.5092
272 816 -0.0361 -0.7364 25.9573
304 816  0.0457 -0.3043 158.7283
336 816  0.2622 -0.1614 183.0031
368 816  0.8649  0.0444 56.9900
400 816  1.5848  0.1679 86.0945
432 816  2.3995  0.2460 115.2935
464 816  1.4376 -0.3500 26.8912
496 816  0.1970 -0.1437 13.6019
528 816  0.3524  0.0970  8.6631
560 816  0.1395  0.1785 15.8487
592 816  0.1201  0.0337 42.2015
624 816 -0.0079  0.0657  9.9137
656 816 -0.0130  0.0380 26.9562
 16 848  0.0233 -0.0269 22.5176
 48 848  0.1227 -0.0735 219.4308
 80 848  0.0510 -0.1327 260.8605
112 848  0.0721 -0.0706 271.3691
144 848  0.0812 -0.2206 217.6284
176 848  0.2554 -0.1500 170.2397
208 848  0.3908 -0.4524 219.6420
240 848 -0.0503 -0.5287 91.7395
272 848  0.2691 -0.4338 206.0244
304 848  0.3630 -0.2539 54.4085
336 848  1.1633 -0.2138 105.1375
368 848  1.5099 -0.0338 137.3223
400 848  1.8364  0.1807 115.8949
432 848  2.2433  0.2614 57.5719
464 848  0.1433  0.0231 15.3013
496 848  0.0946 -0.0076 12.9480
528 848  0.1929  0.1302  6.7660
560 848  0.1821  0.0800 72.2661
592 848  0.1289  0.1073 126.9321
624 848  0.0848  0.1112 37.4689
656 848  0.0062  0.0412 25.7267
 16 880  0.0882 -0.0895 103.0450
 48 880  0.0889 -0.0362 173.5968
 80 880  0.4325 -0.1217 70.3614
112 880  0.1632 -0.0596 155.6481
144 880  0.0520 -0.0639 79.7750
176 880  0.5235 -0.1205 79.6401
208 880  0.3361 -0.3140 168.2747
240 880  0.4512 -0.0287 94.2464
272 880  0.4279 -0.0279 144.5754
304 880  0.1830 -0.0152 16.7293
336 880  1.0610 -0.4783 91.9241
368 880  1.5139 -0.2243 197.6569
400 880  2.0694 -0.0294 77.6406
432 880  2.3550  0.1100 22.1077
464 880  1.1246 -0.0976 23.4054
496 880  0.0470 -0.0273  5.8814
528 880  0.0534  0.0300 12.0898
560 880  0.0688  0.1689 23.9901
592 880  0.0695  0.1446 34.3885
624 880  0.0513  0.1043 51.4002
656 880  0.0198  0.1149 27.6400
 16 912  0.0373  0.0092 18.1084
 48 912  0.1679 -0.0614 111.3754
 80 912  0.0937 -0.0496 55.3499
112 912  0.1642 -0.1077 220.5593
144 912  0.1787 -0.0675 34.7424
176 912  0.1524 -0.1076 345.6861
208 912  0.2227 -0.2625 174.7687
240 912  0.6036 -0.2655 52.4967
272 912  0.6980 -0.2571 322.5010
304 912  0.2346 -0.6387 29.2303
336 912  0.0815 -0.2250 46.2660
368 912  0.6382 -0.0361 58.6842
400 912  1.1691  0.0658 41.3078
432 912  0.2076 -0.0089 18.2413
464 912 -0.0060 -0.0089 10.3991
496 912  0.0164  0.0081  4.0474
528 912  0.0111 -0.0111  4.9314
560 912  0.0310 -0.0201 13.4196
592 912 -0.0103  0.0516 23.6184
624 912 -0.0187  0.0797 16.1388
656 912 -0.0371  0.0737 17.3410
 16 944  0.2938 -0.0383 50.0118
 48 944  0.0049 -0.0151 22.8156
 80 944  0.4030 -0.1066 28.6793
112 944  0.0271 -0.1303 62.3907
144 944  0.0948 -0.1512 67.3891
176 944  0.1266 -0.0865 59.5158
208 944  0.3272 -0.1706 150.2629
240 944  0.6736 -0.7828 44.9665
272 944  0.4009 -0.5011 140.4647
304 944  1.0025 -1.1005 82.3435
336 944  0.9947 -0.7964 46.8268
368 944  0.4366 -0.1454 144.4307
400 944 -0.0082  0.1607 14.5400
432 944  0.0222  0.0083 14.8077
464 944  0.0236 -0.0015  7.3726
496 944  0.0085 -0.0399  8.0224
528 944  0.0198 -0.0154  4.6611
592 944  0.0322 -0.0256  5.9085
624 944  0.0265 -0.0217 21.9837
656 944 -0.0045  0.0555 31.3003
 16 976  0.2368 -0.0108 85.3939
 48 976  0.0687 -0.0256 25.2411
 80 976  0.1611 -0.0358 62.4665
112 976  0.0546 -0.0684 287.3770
144 976  0.0455 -0.1040 22.2777
176 976  0.1597 -0.1379 119.8471
208 976  0.2105 -0.1198 160.7440
240 976  0.1238 -0.6582 235.3572
272 976  0.6139 -0.7482 68.5542
304 976  0.5627 -1.0260 42.5964
336 976  0.0482 -0.6901 38.8129
368 976  0.1922 -0.0782 25.9659
400 976  0.0238 -0.0249 13.1833
432 976  0.0673  0.0047  9.3575
464 976  0.0027 -0.0036 21.7456
496 976  0.0030 -0.0350 23.3931
528 976  0.0166 -0.0174 35.8168
560 976  0.0189 -0.0510  7.5173
592 976 -0.0209 -0.1184  7.0091
624 976 -0.0276 -0.0890  5.8968
656 976  0.0225 -0.0571  7.1668
 16 1008  0.1031 -0.0162 49.7130
 48 1008  0.0750 -0.0748 63.6430
 80 1008  0.2099 -0.0538 44.7013
112 1008  0.0384 -0.0924 183.6683
144 1008  0.1861 -0.1421 65.7620
176 1008  0.0661 -0.0862 103.8366
208 1008  0.1434 -0.3781 144.9660
240 1008  0.0564 -0.2687 190.5913
272 1008  0.1937 -0.3114 49.5104
304 1008  0.0821 -0.4820 231.8497
336 1008  0.0166  0.0925 18.9896
368 1008  0.0004  0.0353 10.6987
400 1008  0.0452  0.0316 11.2323
432 1008  0.0172  0.0115 18.1035
464 1008  0.0684 -0.1157 198.4386
496 1008  0.0022 -0.0205 22.1560
528 1008  0.0544 -0.0260 17.6059
560 1008 -0.0149  0.0039  8.7012
592 1008  0.0543 -0.0242 13.9999
624 1008 -0.0841  0.0072  7.4726
656 1008  0.0035  0.0619  8.4860
 16 1040  0.1113 -0.0059 63.3803
 48 1040  0.5260 -0.2701 165.8556
 80 1040  0.1489 -0.0342 75.9677
112 1040  0.1563 -0.0816 219.3740
144 1040  0.0720 -0.0859 166.8139
176 1040  0.0740 -0.1175 50.2846
208 1040  0.1503 -0.2166 42.6993
240 1040  0.1092 -0.4081 42.2180
272 1040  0.0262 -0.3280 61.3117
304 1040 -0.0161 -0.7008 102.6197
336 1040 -0.0364 -0.3923 47.3651
368 1040  0.0134  0.0147 11.7072
400 1040  0.0146  0.0102 41.7313
432 1040  0.1330 -0.0069 27.6723
464 1040  0.1384 -0.0566 54.5966
496 1040  0.0193 -0.1511 15.7390
528 1040  0.0467 -0.0587 34.6649
560 1040 -0.0470  0.0350 10.1221
592 1040  0.0097 -0.0062 20.9945
624 1040 -0.0236 -0.0013 13.9014
656 1040  0.0089  0.0020 11.8309
 16 1072  0.0262 -0.0157 26.9211
 48 1072  0.0622 -0.0346 378.5788
 80 1072  0.0558 -0.1029 86.2299
112 1072  0.0576 -0.0391 162.8609
144 1072  0.2110 -0.1544 136.9320
176 1072  0.1188 -0.2651 45.7024
208 1072  0.1057 -0.2260 241.6844
240 1072  0.0031 -0.0865 38.2999
272 1072 -0.0181 -0.3880 23.2983
304 1072 -0.0003 -0.3230 183.6736
336 1072 -0.0276 -0.2139 239.3507
368 1072  0.0455 -0.1735 255.6582
400 1072  0.0169 -0.0832 154.2382
432 1072  0.0297 -0.0252 113.3694
464 1072  0.0589 -0.0594 70.3445
496 1072  0.0615 -0.0217 16.1584
528 1072  0.0270  0.0093 14.0231
560 1072 -0.0219  0.0147 15.9455
592 1072 -0.0690  0.0038  8.4533
624 1072 -0.0242  0.0028 12.7832
656 1072  0.0080 -0.0156 33.6579
 16 1104  0.0359 -0.0217 23.3503
 48 1104  0.0371 -0.0206 25.0353
 80 1104  0.0507 -0.0734 41.3349
112 1104  0.0882 -0.1676 81.0473
144 1104  0.0549 -0.1070 26.4626
176 1104  0.0864 -0.1083 82.0005
208 1104  0.0957 -0.1156 92.5570
240 1104  0.0571 -0.2769 94.4832
272 1104  0.0568 -0.2089 215.3470
304 1104  0.0350 -0.2438 96.0167
336 1104  0.0154 -0.4568 122.0059
368 1104  0.0486 -0.0490 16.2751
400 1104  0.0501 -0.0366 45.4335
432 1104  0.0156  0.0069 21.6287
464 1104  0.0713 -0.0796 126.2047
496 1104  0.0299  0.0102 13.9901
528 1104 -0.0190 -0.0682 21.9906
560 1104  0.0156 -0.0482 12.7338
592 1104 -0.0196  0.0043 15.6099
624 1104  0.0644 -0.0030 16.2497
656 1104 -0.0035  0.0194 18.4861
 16 1136  0.0508 -0.0161 23.9396
 48 1136  0.0475 -0.0468 31.8240
 80 1136  0.1028 -0.0393 19.5084
112 1136  0.0770 -0.1023 167.7223
144 1136  0.1002 -0.1908 70.2629
176 1136  0.0875 -0.0754 19.0661
208 1136  0.0641 -0.0983 312.5753
240 1136  0.1832 -0.1932 73.4544
272 1136  0.0230 -0.0900 259.8043
304 1136  0.1474 -0.1541 81.9509
336 1136  0.0507 -0.0922 114.1167
368 1136  0.0532 -0.3086 111.0413
400 1136  0.0556 -0.0954 143.7679
432 1136  0.1002 -0.1057 51.2035
464 1136  0.1785 -0.0951 159.9302
496 1136  0.1167 -0.1168 68.6358
528 1136  0.0163 -0.1656 84.8478
560 1136  0.0049 -0.1990 42.2012
592 1136  0.0019 -0.0671 13.1775
624 1136  0.0116  0.0003 25.0688
656 1136  0.0999 -0.0204 32.8370
 16 1168  0.0456 -0.0067 16.9751
 48 1168  0.0541 -0.0668 37.8466
 80 1168  0.0913 -0.0369 33.7647
112 1168  0.1067 -0.1379 113.6204
144 1168  0.0817 -0.0992 73.9809
176 1168  0.0241 -0.0367 200.8258
208 1168  0.0299 -0.3430 172.7029
240 1168  0.0389 -0.1092 70.8465
272 1168  0.0170 -0.0828 149.6813
304 1168  0.0495 -0.2149 68.0165
336 1168  0.0421 -0.1001 149.6087
368 1168  0.0588 -0.0858 47.5249
400 1168  0.0387 -0.1004 49.2624
432 1168  0.0555 -0.0757 93.4095
464 1168  0.0647 -0.1391 211.9299
496 1168  0.0135 -0.0088 15.1929
528 1168  0.0000 -0.0295 20.2168
560 1168  0.0009 -0.0171 12.9662
592 1168 -0.0054 -0.0072 15.1275
624 1168 -0.0088 -0.0059 10.4679
656 1168 -0.0224 -0.0471 22.8076
 16 1200  0.0012 -0.0068 12.8362
 48 1200  0.0274 -0.0108 16.8663
 80 1200  0.0302  0.0322 11.8461
112 1200  0.0565 -0.0317 109.1710
144 1200  0.0515 -0.0467 30.1120
176 1200  0.0519 -0.0738 152.3645
208 1200  0.0539 -0.0658 91.2630
240 1200  0.0201 -0.0522 114.3467
272 1200  0.0304 -0.1773 319.8495
304 1200  0.0388 -0.0588 151.3851
336 1200  0.0247 -0.0415 211.1992
368 1200  0.0592 -0.1052 107.1947
400 1200  0.0540 -0.1078 129.1922
432 1200  0.1292 -0.0637 307.6685
464 1200  0.2219 -0.1519 252.5694
496 1200 -0.0031  0.0115 23.0802
528 1200 -0.0041 -0.0042 14.5867
560 1200 -0.0028 -0.0180 11.9495
592 1200  0.0104  0.0019 15.1406
624 1200  0.0414  0.0298 25.7872
656 1200  0.0013  0.0111 11.2635
  0   0 -0.0191 -0.0531  0.0000
