VARIABLES= "X pix", "Y pix", "U pix/dt", "V pix/dt", "CHC", ZONE I=21, J=30
 16 272 -0.1836 -0.2697 311.2116
 48 272 -0.2439 -0.1720 134.0598
 80 272 -0.0104 -0.1044 301.6240
112 272 -0.1854 -0.1317 261.9867
144 272 -0.2241 -0.0601 277.4644
176 272 -0.0497 -0.0875 186.3201
208 272 -0.0728 -0.1147 174.0381
240 272 -0.1002 -0.0783 242.0756
272 272 -0.0252 -0.0504 266.8605
304 272 -0.0290 -0.0378 233.9150
336 272 -0.0445 -0.0172 179.8212
368 272 -0.0537  0.0049 94.3898
400 272 -0.0138  0.0130 109.8708
432 272 -0.0216  0.0082 107.8757
464 272 -0.0238  0.0238 175.5744
496 272 -0.0173  0.0388 163.2823
528 272 -0.0406  0.0256 184.2879
560 272 -0.0295  0.0446 26.3957
592 272  0.0080  0.0377 111.3831
624 272  0.0079  0.0010 102.9313
656 272 -0.0034  0.0225 172.6292
 16 304 -0.1312 -0.2362 360.7299
 48 304 -0.3563 -0.2858 162.8588
 80 304 -0.2331 -0.1536 163.8513
112 304 -0.3394 -0.1464 174.3408
144 304 -0.1001 -0.1177 244.8395
176 304 -0.1748 -0.1121 129.4649
208 304 -0.0429 -0.0233 18.0429
240 304 -0.0519 -0.0566 353.6086
272 304 -0.0031 -0.0053 426.2744
304 304 -0.0683 -0.0766 240.5835
336 304 -0.0503 -0.0325 102.7638
368 304 -0.0397 -0.0052 114.5115
400 304 -0.0678  0.0188 70.9837
432 304 -0.0432  0.0350 121.4293
464 304 -0.0402  0.0180 386.6627
496 304 -0.0204  0.0679 146.8790
528 304 -0.0256  0.0370 76.3650
560 304 -0.0415  0.0193 299.0557
592 304 -0.0083  0.0397 129.0386
624 304 -0.0017  0.0060 154.7190
656 304 -0.0009 -0.0106 155.1383
 16 336 -0.1542 -0.0576 26.3165
 48 336 -0.1248 -0.1181 77.4727
 80 336 -0.3597 -0.1470 286.7583
112 336 -0.2881 -0.1786 50.9553
144 336 -0.1274 -0.1442 38.1735
176 336 -0.0911 -0.0658 104.1638
208 336 -0.1606 -0.1923 288.4274
240 336 -0.0470 -0.0971 241.4483
272 336 -0.0075 -0.2194 245.6399
304 336 -0.0881 -0.1163 295.5764
336 336 -0.0883 -0.0219 164.5269
368 336 -0.0503  0.0118 126.8774
400 336 -0.0718  0.0093 71.1342
432 336 -0.0349  0.0212 247.9791
464 336 -0.0241  0.0066 159.6635
496 336  0.0106  0.0337 152.5536
528 336 -0.0217  0.0412 175.9579
560 336 -0.0470  0.0293 207.2445
592 336  0.0146  0.0290 46.5376
624 336 -0.0336  0.0054 125.6759
656 336  0.0056 -0.0025 98.7946
 16 368 -0.2114 -0.1810 51.6403
 48 368 -0.2157 -0.3629 130.4840
 80 368 -0.1479 -0.1244 201.2924
112 368 -0.1883 -0.5473 80.5410
144 368 -0.1366 -0.2303 71.6095
176 368 -0.1936 -0.1513 223.9248
208 368 -0.2194 -0.1352 47.0723
240 368 -0.0641 -0.1069 303.2931
272 368 -0.0347 -0.1170 38.4606
304 368 -0.2147 -0.0758 146.1209
336 368 -0.1027 -0.1487 258.8889
368 368 -0.0429 -0.0140 219.5240
400 368 -0.0587 -0.0081 92.8833
432 368 -0.0333 -0.0174 58.9084
464 368 -0.0566  0.0134 245.8842
496 368 -0.0060  0.0162 118.2387
528 368 -0.0467  0.0408 180.8563
560 368 -0.0477  0.0173 177.7533
592 368  0.0255  0.0169 182.7654
624 368  0.0112 -0.0165 129.8389
656 368 -0.0102  0.0037 72.5012
 16 400 -0.1462 -0.2723 82.2537
 48 400 -0.1421 -0.2134 36.4310
 80 400 -0.4912 -0.3468 170.2329
112 400 -0.6507 -0.0602 230.7500
144 400 -0.2341 -0.2785 303.4721
176 400 -0.4570 -0.1768 182.3935
208 400 -0.2194 -0.1045 29.1881
240 400 -0.1391 -0.1253 231.9269
272 400 -0.1420 -0.0894 54.2537
304 400 -0.1600 -0.0932 97.0793
336 400 -0.0669 -0.0248 200.9558
368 400 -0.0710 -0.0297 171.0853
400 400 -0.0649 -0.0328 148.7984
432 400 -0.0335  0.0027 200.9780
464 400 -0.0435 -0.0288 148.4150
496 400 -0.0664  0.0358 153.2772
528 400 -0.0257  0.0183 194.4975
560 400 -0.0305  0.0279 91.5798
592 400  0.0097 -0.0383 169.4963
624 400 -0.0172 -0.0016 171.2024
656 400  0.0125 -0.0217 154.0628
 16 432 -0.2856 -0.2291 126.1003
 48 432 -0.3743 -0.2539 127.5343
 80 432 -0.3096 -0.2478 119.0815
112 432 -0.1420 -0.2221 134.3353
144 432 -0.2057 -0.5396 140.2854
176 432 -0.1811 -0.0500 151.2691
208 432 -0.1979 -0.1021 124.4008
240 432 -0.2743 -0.2193 147.0909
272 432 -0.1015 -0.1737 97.7470
304 432 -0.1416 -0.1008 74.1664
336 432 -0.1236 -0.0964 261.0166
368 432 -0.0605 -0.0494 129.1911
400 432 -0.1034 -0.0109 223.4449
432 432 -0.1052 -0.0467 187.7569
464 432 -0.0625  0.0085 58.5676
496 432 -0.0193  0.0234 20.1047
528 432 -0.0261  0.0084 261.5603
560 432 -0.0316  0.0259 110.9982
592 432 -0.0125 -0.0017 131.2378
624 432 -0.0051 -0.0062 147.3508
656 432 -0.0338 -0.0067 89.0413
 16 464 -0.8755 -0.8575 34.8379
 48 464 -0.8074 -0.2014 72.4599
 80 464 -0.2753 -1.0529 135.0008
112 464 -0.2804 -0.5358 48.2524
144 464 -0.4326 -0.5576 96.0260
176 464 -1.0328 -0.2421 130.2193
208 464 -0.2051 -0.2638 163.3545
240 464 -0.1764 -0.2549 213.4130
272 464 -0.2208 -0.3699 109.6281
304 464 -0.1631 -0.1095 73.5051
336 464 -0.2094 -0.1850 104.3179
368 464 -0.1058 -0.1177 151.4626
400 464 -0.1532 -0.0342 102.9691
432 464 -0.0741 -0.0122 55.7776
464 464 -0.1216 -0.0320 167.4973
496 464 -0.0606  0.0228 59.4541
528 464 -0.0389  0.0464 134.9960
560 464 -0.0363  0.0082 118.9894
592 464 -0.0442 -0.0035 194.2312
624 464 -0.0070 -0.0228 139.7443
656 464 -0.0059 -0.0426 190.3401
 16 496 -0.2915 -0.1535 49.3387
 48 496 -0.8225 -0.6345 100.4293
 80 496 -0.8094 -0.1943 65.8773
112 496 -0.4374 -0.2943 214.3445
144 496 -0.6480 -0.3307 74.3227
176 496 -0.5661 -0.4037 89.1561
208 496 -0.4659 -0.2489 44.0927
240 496 -0.2497 -0.2282 26.6731
272 496 -0.1986 -0.2233 187.5440
304 496 -0.3373 -0.2266 102.6174
336 496 -0.1182 -0.0388 11.8958
368 496 -0.1712 -0.0942 188.8978
400 496 -0.1117 -0.0134 177.2529
432 496 -0.0936 -0.0434 185.0169
464 496 -0.0664 -0.0267 144.8371
496 496 -0.0566  0.0542 210.1999
528 496 -0.0108  0.0036 109.8033
560 496 -0.0804  0.0142 77.2755
592 496  0.0096 -0.0542 113.1841
624 496 -0.0153 -0.0470 82.5786
656 496 -0.0033 -0.0341 123.6757
 16 528 -0.7224 -0.5891 28.1744
 48 528 -0.7442 -0.6254 86.5591
 80 528 -0.5789 -0.4999 144.9085
112 528 -0.5955 -0.4739 269.9683
144 528 -0.8538 -0.6391 122.6419
176 528 -0.7892 -0.8111 208.7197
208 528 -0.8443 -0.2974 48.4981
240 528 -0.3320 -0.5113 61.7174
272 528 -0.2823 -0.2754 228.3702
304 528 -0.2310 -0.3726 278.8314
336 528 -0.3199 -0.1998 130.2144
368 528 -0.2239 -0.1912 117.0843
400 528 -0.0883 -0.0956 143.1642
432 528 -0.1426 -0.0496 135.6291
464 528 -0.1424 -0.0396 141.2260
496 528 -0.0602  0.0011 133.7418
528 528 -0.0470 -0.0031 81.5276
560 528 -0.0400 -0.0683 88.9695
592 528 -0.0596 -0.0837 146.7147
624 528 -0.0131 -0.0703 118.4443
656 528  0.0066 -0.0823 82.8903
 16 560 -0.4449 -0.1074 30.9088
 48 560 -0.8573 -0.5776 123.7380
 80 560 -0.0886 -0.2433 126.6871
112 560 -0.6709 -0.5313 171.8915
144 560 -0.8515 -0.8180 37.1268
176 560 -0.8417 -0.8511 30.4240
208 560 -0.9649 -0.8706 48.0955
240 560 -0.7610 -0.6041 164.2834
272 560 -1.2041 -0.5318 85.9048
304 560 -0.4080 -0.3522 62.5636
336 560 -0.4106 -0.2321 27.0341
368 560 -0.3940 -0.3198 129.1125
400 560 -0.1099 -0.2261 240.1291
432 560 -0.1319 -0.1017 240.4013
464 560 -0.1823 -0.0722 72.5595
496 560 -0.0249 -0.0668 242.3748
528 560 -0.0489 -0.1638 249.7673
560 560 -0.0416 -0.0869 145.1386
592 560 -0.0373 -0.1082 123.8311
624 560 -0.0126 -0.1052 58.8607
656 560 -0.0033 -0.1749 113.3994
 16 592 -0.7950 -0.1814 98.6507
 48 592 -0.6036 -0.3065 160.6522
 80 592 -0.8465 -1.2213 130.5422
112 592 -0.1629 -0.0838 12.8168
144 592 -0.8822 -0.5731 102.4803
176 592 -1.2643 -0.8644 221.8984
208 592 -0.9199 -0.7241 17.7120
240 592 -0.5096 -0.3197 108.4851
272 592 -0.7604 -0.5852 85.0909
304 592 -0.4557 -0.3036 88.1144
336 592 -0.3275 -0.2070 58.4058
368 592 -0.2880  0.0937 89.1221
400 592 -0.3494 -0.1373 185.0506
432 592 -0.2820 -0.1440 311.3637
464 592 -0.1420 -0.1473 144.8815
496 592 -0.0432 -0.1444 144.3165
528 592 -0.0030 -0.1810 377.9850
560 592 -0.1020 -0.1211 119.4728
592 592 -0.0114 -0.1388 83.6750
624 592 -0.0088 -0.1084 47.3522
656 592 -0.0124 -0.1518 209.2697
 16 624 -0.4886 -0.1139 34.6304
 48 624 -0.1554 -0.4056 135.9405
 80 624 -0.3075 -0.4355 42.2183
112 624 -1.1677 -0.6776 53.1878
144 624 -1.1460 -1.1567 93.5379
176 624 -1.1067 -0.9086 125.4541
208 624 -0.8879 -1.0199 189.9279
240 624 -0.7806 -0.7420 19.6016
272 624 -0.7664 -0.7757 320.5531
304 624 -0.8269 -0.6214 52.0913
336 624 -0.7871 -0.5192 104.9634
368 624 -0.4428 -0.1492 50.9898
400 624 -0.2428 -0.1459 195.8196
432 624 -0.1302 -0.2360 101.5759
464 624 -0.1827 -0.1395 50.7345
496 624 -0.1910 -0.1504 137.2231
528 624 -0.0454 -0.2416 121.6321
560 624  0.1086 -0.2515 175.8343
592 624  0.0595 -0.2022 163.9903
624 624 -0.0095 -0.1281 187.5142
656 624 -0.0447 -0.1002 59.0333
 16 656 -0.1726 -0.0818 145.0951
 48 656 -0.1625 -0.1338 66.2498
 80 656 -0.9086 -0.5522 108.7587
112 656 -0.3109 -0.2855 197.4585
144 656 -0.8423 -0.7933 175.6863
176 656 -0.8489 -0.5442 52.1563
208 656 -1.0718 -0.7066 40.7668
240 656 -1.0438 -0.8914 87.0400
272 656 -0.9114 -0.7175 57.9632
304 656 -0.8954 -0.4992 147.8382
336 656 -0.5235 -0.6478 220.8537
368 656 -0.3225 -0.2170 187.4431
400 656 -0.2452 -0.2721 130.9229
432 656 -0.2047 -0.2236 181.3065
464 656  0.0851 -0.2518 93.7663
496 656  0.1322 -0.3678 170.7146
528 656  0.1413 -0.2051 163.5863
560 656  0.4178 -0.2594 78.7465
592 656  0.1066 -0.1383 109.2387
624 656 -0.0026  0.0118 137.5362
656 656 -0.0972  0.0528 35.7157
 16 688 -0.1269 -0.0870 59.3583
 48 688 -0.1173 -0.0825 206.3971
 80 688 -0.2353 -0.1081 110.6185
112 688 -0.3087 -0.3144 36.2468
144 688 -0.8036 -0.8504 86.7393
176 688 -0.3074 -0.3615 166.4697
208 688 -0.2595 -0.4232 228.7133
240 688 -1.2837 -0.7981 267.7663
272 688 -0.9493 -0.8022 25.9383
304 688 -0.4678 -0.2762 78.8400
336 688 -0.3070 -0.4908 200.6145
368 688 -0.4102 -0.3854 105.5149
400 688 -0.0999 -0.2617 89.2023
432 688 -0.0029 -0.1801 36.2420
464 688  0.2287 -0.4577 142.2753
496 688  0.3445 -0.3602 83.0303
528 688  0.5096 -0.7727 30.1966
560 688  0.7391 -0.3166 46.1500
592 688  0.4568  0.1544 50.9638
624 688  0.0572  0.2848 85.2343
656 688 -0.1359  0.6485 53.1416
 16 720 -0.0265 -0.0123 18.2091
 48 720 -0.1555 -0.1112 45.5835
 80 720 -0.1131  0.0034 17.7700
112 720 -0.1392 -0.1779 426.5221
144 720 -0.3392 -0.4300 137.6644
176 720 -0.3175 -0.2995 104.3667
208 720 -0.7361 -0.7604 75.3477
240 720 -0.7573 -0.8814 143.5936
272 720 -0.4037 -0.3499 70.5455
304 720 -0.7892 -1.1433 135.7136
336 720 -0.6413 -0.9358 53.4892
368 720 -0.1598 -0.4392 80.8190
400 720  0.0177 -0.4477 200.5451
432 720  0.5252 -0.7060 238.9752
464 720  0.1773 -0.1731 15.2701
496 720  0.9330 -1.1544 85.5225
528 720  0.0327 -0.0864 14.0025
560 720  1.4044  0.1292 48.6607
592 720  0.3255  0.0850 38.5718
624 720  0.1416 -1.5317 22.3892
656 720  0.2945 -3.2691 11.3704
 16 752 -0.0306 -0.0563 55.6292
 48 752 -0.0288 -0.0343 39.1753
 80 752 -0.0543 -0.2092 170.8445
112 752 -0.0534 -0.1636 219.3240
144 752 -0.1398 -0.0997 278.8492
176 752 -0.2737 -0.1038 54.1507
208 752 -0.3003 -0.2667 122.1356
240 752 -1.1353 -1.3354 221.9630
272 752 -0.4114 -0.6588 317.5701
304 752 -0.2364 -0.7558 125.0564
336 752 -0.3475 -0.5539 117.0338
368 752 -0.0790 -0.4155 31.8851
400 752  0.1190 -0.9655 137.9129
432 752  0.2988 -0.3348 21.3283
464 752  0.5228 -1.0493 37.2401
496 752  0.9059 -1.3459 136.7850
528 752 -0.2075 -0.1039 18.1531
560 752 -1.7849 -1.8534  8.9173
592 752 -0.2972 -0.2383 11.3257
624 752 -0.0451 -0.1656 13.3175
656 752  0.3224  0.2082 13.0594
 16 784  0.0460 -0.0840 30.4484
 48 784  0.0129 -0.0829 35.8456
 80 784 -0.0289 -0.0807 163.3055
112 784 -0.0769 -0.0784 405.7877
144 784 -0.1645 -0.1443 53.6995
176 784 -0.1649 -0.4653 162.1540
208 784 -0.1063 -0.2000 152.3890
240 784 -0.3200 -0.5565 240.5718
272 784 -0.2780 -0.6076 151.4821
304 784 -0.0860 -0.4810 122.1892
336 784 -0.1929 -0.8420 203.3683
368 784  0.0073 -0.4868 190.7391
400 784  0.1463 -0.6479 72.4457
432 784  0.6435 -1.3650 69.9389
464 784  0.2479 -0.5665 19.7033
496 784 -0.0098 -0.1370 18.4099
528 784 -0.4823 -1.7495  8.4571
560 784 -0.2857 -3.2151  7.1763
592 784 -0.3207 -0.3923 10.7077
624 784  0.1265  0.3730 16.1972
656 784  0.1478 -0.1027 11.4951
 16 816  0.0161 -0.0199 38.8460
 48 816  0.0402 -0.0775 66.4167
 80 816 -0.0061 -0.0649 64.7403
112 816 -0.0328 -0.0699 223.6975
144 816 -0.0381 -0.1428 151.6660
176 816 -0.0874 -0.1409 75.9648
208 816 -0.0681 -0.5652 127.6227
240 816 -0.0625 -0.3617 56.3237
272 816 -0.1299 -0.3456 56.4420
304 816 -0.0399 -0.2976 20.7221
336 816 -0.0024 -0.0987 15.6930
368 816  0.0919 -0.7008 91.7284
400 816  0.2509 -0.9434 187.5143
432 816  0.1811 -0.7076 29.5868
464 816  0.0129 -0.9425 13.6212
496 816 -0.3491  0.0868 17.3361
528 816 -1.5752 -0.2185  5.7354
560 816 -0.2324 -0.2099 39.1476
592 816 -0.0292  0.2057 79.8268
624 816  0.0831  0.1479 106.7447
656 816  0.1714  0.0271 21.0121
 16 848  0.0514 -0.0061 64.4840
 48 848  0.0287 -0.0408 206.2798
 80 848  0.0300 -0.1235 193.2547
112 848 -0.0042 -0.1002 215.8018
144 848  0.0341 -0.0876 266.6570
176 848  0.0084 -0.1371 151.5909
208 848 -0.0205 -0.1922 71.2173
240 848 -0.1101 -0.5336 79.3476
272 848 -0.0515 -0.3715 49.6505
304 848 -0.1088 -0.6935 131.0137
336 848 -0.0104 -0.8219 82.2147
368 848  0.0425 -0.7149 129.1674
400 848  0.1675 -0.8660 48.4814
432 848  0.0985 -0.6513 41.5312
464 848 -0.0407 -0.3370 20.1272
496 848 -0.2912 -0.1964 10.2506
528 848 -0.3769 -0.3031  6.3163
560 848 -0.0456 -0.0662 15.0699
592 848  0.0222 -0.0495 44.8333
624 848  0.0196 -0.0901 123.0071
656 848  0.1516 -0.0870 16.5302
 16 880  0.0422 -0.0102 23.1053
 48 880  0.0247 -0.0186 100.8590
 80 880  0.0648 -0.0450 177.3009
112 880  0.0304 -0.0484 355.7109
144 880  0.0396 -0.1213 50.6991
176 880  0.0124 -0.0826 326.7672
208 880 -0.0040 -0.2685 106.7302
240 880 -0.0114 -0.2123 27.0574
272 880 -0.0523 -0.2997 220.8194
304 880 -0.2082 -0.0662 45.6293
336 880 -0.1614 -0.5000 139.4434
368 880 -0.2517 -0.6059 29.5173
400 880  0.0144 -0.8223 21.5890
432 880 -0.0962 -0.2108 10.2691
464 880 -0.1334 -0.1993 16.2902
496 880 -0.1801 -0.2845  4.8376
528 880 -0.0248 -0.0139 13.4511
560 880 -0.0438 -0.0590  8.5837
592 880  0.2006 -0.1173  9.2542
624 880  0.0190 -0.0990 36.7682
656 880 -0.0076 -0.0587 10.7075
 16 912  0.0537 -0.0359 19.1096
 48 912  0.0593 -0.0489 73.6926
 80 912  0.0394 -0.0620 389.5802
112 912  0.0347 -0.0444 217.9202
144 912  0.0988 -0.1147 341.1204
176 912  0.0281 -0.0633 51.5674
208 912 -0.0159 -0.1062 83.4994
240 912 -0.0458 -0.2374 19.7431
272 912 -0.1194 -0.4019 184.7775
304 912 -0.2033 -0.6267 136.3768
336 912 -0.3302 -0.6469 159.6780
368 912 -0.1068 -2.9104 11.1825
400 912 -0.0559 -0.9869 15.1223
432 912 -0.0470 -0.5715 12.8548
464 912 -0.4226 -0.1958  5.6542
528 912  0.0360 -0.0372  5.2765
560 912  0.0126 -0.0582  5.3319
624 912  0.1181 -0.1217  9.9594
656 912 -0.3079 -0.1976  6.2215
 16 944  0.1008  0.0016 41.0182
 48 944 -0.0166  0.0092 18.7024
 80 944  0.0571 -0.0336 262.0250
112 944  0.2486 -0.0687 213.3414
144 944  0.0176 -0.0277 43.7379
176 944  0.0722 -0.1276 83.1407
208 944  0.0089 -0.0661 379.3889
240 944 -0.0258 -0.1146 147.6206
272 944 -0.1149 -0.1152 186.5337
304 944 -0.4784 -0.1454 38.1450
336 944 -0.9746 -0.2084 57.4447
368 944 -0.1923 -0.4983 27.6050
400 944 -1.0134 -0.4807 11.7918
432 944 -0.4141 -0.4048  8.8921
464 944 -0.0757 -0.0469  4.5676
496 944 -0.0431 -0.0552  5.1446
624 944  0.2346 -0.1084  5.1425
656 944 -0.3234 -0.0615  4.4365
 16 976  0.0752  0.0122 85.0767
 48 976  0.0689  0.0098 30.5866
 80 976  0.0375 -0.0193 88.5716
112 976  0.1218 -0.0528 91.6528
144 976  0.0047 -0.0018 71.9246
176 976  0.0443 -0.0665 131.2446
208 976 -0.0080 -0.0877 66.2120
240 976 -0.0240 -0.0962 39.9652
272 976 -0.2407 -0.0657 53.1328
304 976 -0.8405  0.1199 47.7134
336 976 -0.1980 -0.7531 19.9993
368 976 -0.3181 -4.9700  9.4609
400 976 -0.2323 -1.5740  5.6790
432 976 -0.1326 -0.7747 10.4803
464 976 -0.0743 -0.0837 30.3627
496 976 -0.2049  0.2214  6.2286
528 976 -0.0266  0.0157  4.2532
 16 1008  0.1061 -0.0046 14.5152
 48 1008  0.1065 -0.0114 66.8826
 80 1008  0.0406  0.0083 240.1546
112 1008  0.0523 -0.0259 236.2105
144 1008  0.0547 -0.0091 194.8922
176 1008  0.0562 -0.0549 234.1519
208 1008  0.0312 -0.0361 49.7757
240 1008  0.0221 -0.0188 30.4379
272 1008 -0.1881  0.0226 274.1825
304 1008  0.0069  0.2642 11.6697
336 1008 -0.0156  0.0970 12.4886
368 1008 -2.7142 -0.1183 11.0473
400 1008 -0.4280 -0.2698 24.3790
432 1008 -0.1678 -0.1083 14.2284
464 1008 -0.4708 -0.5291 147.5477
496 1008  0.0032  0.0050 18.7674
528 1008 -0.1121  0.1173  8.7458
560 1008 -0.1245  0.3381  5.3282
 16 1040  0.0724  0.0177 213.1892
 48 1040  0.0945 -0.0129 37.9197
 80 1040  0.1096 -0.0059 192.2109
112 1040  0.0170 -0.0135 53.5371
144 1040  0.1431 -0.0623 168.4613
176 1040  0.1652 -0.0272 219.1599
208 1040  0.0324  0.0027 302.5847
240 1040  0.0309 -0.0005 64.7125
272 1040  0.0885  0.0812 36.2015
304 1040  0.0928  0.2137 56.2403
336 1040  0.8386  0.7487 35.6988
368 1040  1.4960  0.1584 100.9074
400 1040  1.1709 -0.4067 51.6856
432 1040 -0.2226 -1.0579 39.5008
464 1040 -0.0689 -0.0686 42.8040
496 1040  0.0242  0.0244 15.0719
528 1040 -0.0101  0.0162 11.2544
560 1040 -0.0472 -0.0410 11.2899
592 1040 -0.2233 -0.0254  5.3115
 16 1072  0.0684  0.0080 190.1314
 48 1072  0.0702 -0.0053 174.2957
 80 1072  0.0282  0.0056 313.5384
112 1072  0.0538  0.0087 99.2134
144 1072  0.0190 -0.0040 44.8727
176 1072  0.0662 -0.0349 47.3038
208 1072  0.0338 -0.0492 61.7738
240 1072  0.0477 -0.0227 140.9994
272 1072  0.5185  0.0163 96.4576
304 1072  0.2555 -0.0206 90.1392
336 1072  0.7373 -0.1118 133.2303
368 1072  0.5248 -0.3951 149.2291
400 1072  0.2792 -0.9536 31.7148
432 1072 -0.0304 -0.2791 23.4912
464 1072 -0.0348 -0.3610  9.2788
496 1072 -0.0234  0.0509 14.7400
528 1072 -0.0435  0.0942 11.4528
560 1072 -0.0946  0.1637  7.2825
592 1072  0.0418  0.1401  8.6451
624 1072 -0.0334  0.1167  5.0262
656 1072  0.0439  0.3277  5.2212
 16 1104  0.0538  0.0087 17.4098
 48 1104  0.2308 -0.0023 76.6243
 80 1104  0.1957 -0.0147 24.3586
112 1104  0.1803 -0.0006 71.9794
144 1104  0.0434 -0.0459 74.8990
176 1104  0.0589 -0.0098 63.6770
208 1104  0.0550 -0.1144 67.4962
240 1104  0.1614 -0.0503 131.9200
272 1104  0.2129 -0.0080 177.8044
304 1104  0.1920 -0.0760 69.3527
336 1104  0.5719 -0.0885 102.9131
368 1104  0.0896 -0.2258 208.7642
400 1104  0.2161 -0.4860 79.3317
432 1104  0.0706 -0.2499 21.1460
464 1104  0.0008 -0.0653 26.8688
496 1104 -0.0371  0.0031 14.4409
528 1104 -0.0356 -0.0258 11.8384
560 1104 -0.0175 -0.0361 13.1696
592 1104 -0.1047 -0.0053 10.0492
624 1104  0.1070  0.1406 10.1970
656 1104 -0.0525  0.0430  9.9242
 16 1136 -0.0153 -0.0072 15.5141
 48 1136  0.0972  0.0066 67.1576
 80 1136  0.0465  0.0116 62.9223
112 1136  0.0346 -0.0014 32.0865
144 1136  0.0755 -0.0155 178.6702
176 1136  0.0542  0.0061 80.1959
208 1136  0.0402 -0.0075 460.5608
240 1136  0.0509 -0.0207 101.0790
272 1136  0.1454 -0.0292 104.9929
304 1136  0.1353 -0.0835 227.5034
336 1136  0.1746 -0.1866 132.3433
368 1136  0.2011 -0.1023 108.5397
400 1136  0.1405 -0.1987 205.1577
432 1136  0.0477 -0.0771 23.2291
464 1136  0.0050 -0.9882 206.9666
496 1136 -0.0069 -0.1126 23.5279
528 1136 -0.0336 -0.1637 34.7110
560 1136 -0.0013  0.0789 11.6156
592 1136  0.0127  0.0246 13.6664
624 1136  0.0065 -0.0069 14.3064
656 1136 -0.0102  0.0106 17.7837
 16 1168  0.0803 -0.0141 22.2812
 48 1168  0.0988 -0.0243 16.5433
 80 1168  0.0669 -0.0243 49.3062
112 1168  0.1219  0.0100 145.8407
144 1168  0.1160 -0.0041 139.5624
176 1168  0.1722 -0.0490 44.6518
208 1168  0.0440 -0.0555 90.7167
240 1168  0.1781 -0.0433 66.5437
272 1168  0.1657 -0.0627 184.4554
304 1168  0.0861 -0.1140 159.4627
336 1168  0.0715 -0.1177 185.1943
368 1168  0.0938 -0.2794 73.8672
400 1168  0.1373 -0.1771 22.6528
432 1168  0.0410 -0.1764 17.7927
464 1168  0.0200 -0.2712 57.2852
496 1168  0.0173 -0.0034 14.1825
528 1168 -0.0126  0.0066 20.2488
560 1168 -0.0045  0.0065 12.0529
592 1168 -0.0173 -0.0104 12.3778
624 1168  0.0003 -0.0325 15.0214
656 1168  0.0132 -0.0130 12.0127
 16 1200  0.0214  0.0147 14.3498
 48 1200  0.0855 -0.0085 20.8289
 80 1200 -0.0097  0.0099 17.2114
112 1200  0.0341 -0.0179 143.2775
144 1200  0.0572  0.0034 22.5584
176 1200  0.0584 -0.0975 173.6024
208 1200  0.0548 -0.1986 110.6931
240 1200  0.1604 -0.0398 39.9409
272 1200  0.0882 -0.0414 57.9284
304 1200  0.0984 -0.1809 176.4338
336 1200  0.0883 -0.1853 146.5341
368 1200  0.0681 -0.3244 121.0461
400 1200  0.0444 -0.1232 209.1731
432 1200  0.0640 -0.1375 38.2460
464 1200  0.0669 -0.1453 176.7753
496 1200 -0.0163  0.0130 21.2466
528 1200  0.0123 -0.0124 20.3375
560 1200  0.0319  0.0179 12.6458
592 1200  0.0009  0.0162 15.5783
624 1200 -0.0012 -0.1892 26.4705
656 1200  0.0137 -0.0063 13.5643
  0   0  0.0870 -0.1271  0.0000
  0   0  0.0435 -0.2881  0.0000
  0   0  0.0008 -0.3495  0.0000
  0   0 -0.0356 -0.1250  0.0000
  0   0 -0.0937  0.0096  0.0000
  0   0 -0.1443  0.0624  0.0000
  0   0 -0.1785  0.0757  0.0000
  0   0 -0.1768  0.0883  0.0000
  0   0 -0.1412  0.1313  0.0000
  0   0 -0.0662  0.2269  0.0000
  0   0  0.0251  0.3345  0.0000
  0   0  0.0219  0.4654  0.0000
  0   0  0.0711  0.3150  0.0000
  0   0  0.1341  0.1675  0.0000
