VARIABLES= "X pix", "Y pix", "U pix/dt", "V pix/dt", "CHC", ZONE I=21, J=30
 16 272  0.0090  0.0111 20.4431
 48 272 -0.2819 -0.1110 33.5646
 80 272 -0.0712 -0.0444 260.7616
112 272 -0.0649 -0.0677 196.3996
144 272 -0.1609 -0.0854 223.2765
176 272 -0.0479 -0.0432 77.5403
208 272 -0.1457 -0.0938 90.2982
240 272 -0.0976 -0.0596 25.5439
272 272 -0.0449 -0.0798 150.7081
304 272 -0.0594 -0.0601 204.5417
336 272 -0.0615 -0.0474 107.0611
368 272 -0.0592 -0.0296 84.1722
400 272 -0.0550 -0.0012 65.2970
432 272 -0.0696  0.0076 212.1232
464 272 -0.0008  0.0107 181.8545
496 272 -0.0428  0.0337 41.9149
528 272 -0.0253  0.0530 68.1169
560 272 -0.0258  0.0035 57.9171
592 272  0.0028 -0.0010 318.2332
624 272 -0.0117  0.0123 192.0575
656 272 -0.0119  0.0156 142.7993
 16 304 -0.1559 -0.1282 141.3302
 48 304 -0.1755 -0.2947 130.3865
 80 304 -0.4670 -0.3065 91.5252
112 304 -0.2002 -0.2539 153.8907
144 304 -0.1048 -0.4704 50.8553
176 304 -0.2307 -0.2189 241.7328
208 304 -0.1557 -0.0603 315.8434
240 304 -0.0696 -0.1879 154.1157
272 304 -0.0455 -0.0764 245.0523
304 304 -0.0774 -0.1051 275.8185
336 304 -0.0687 -0.0533 203.6400
368 304 -0.0377 -0.0279 47.1629
400 304 -0.0386 -0.0025 193.1650
432 304 -0.0171  0.0055 184.9844
464 304  0.0017  0.0201 322.9024
496 304 -0.0016  0.0229 148.2037
528 304 -0.0244  0.0524 118.7486
560 304 -0.0065  0.0165 328.2782
592 304 -0.0073  0.0243 152.1234
624 304 -0.0180  0.0627 188.2892
656 304  0.0093  0.0287 85.5486
 16 336 -0.0840 -0.0314 14.8544
 48 336 -0.4002 -0.3115 87.7309
 80 336 -0.0087 -0.0057 12.1655
112 336 -0.2439 -0.2318 171.1523
144 336 -0.1623 -0.1191 94.2323
176 336 -0.0666 -0.0949 27.4990
208 336 -0.0731 -0.1481 309.5181
240 336 -0.1724 -0.0782 223.5742
272 336 -0.0847 -0.1321 268.5862
304 336 -0.1224 -0.1224 162.2360
336 336 -0.0758 -0.0445 194.7942
368 336 -0.1011 -0.0334 150.2603
400 336 -0.0742 -0.0210 154.9750
432 336 -0.0171 -0.0291 147.1155
464 336 -0.0214  0.0054 102.3881
496 336 -0.0106  0.0454 21.3984
528 336 -0.0209 -0.0324 107.1865
560 336 -0.0397  0.0122 159.5343
592 336 -0.0181  0.0093 227.6878
624 336 -0.0119  0.0287 138.5995
656 336 -0.0067 -0.0058 182.7104
 16 368 -0.3394 -0.1849 17.6980
 48 368 -0.9659 -0.2513 54.3625
 80 368 -0.2222 -0.1315 26.3183
112 368 -0.6810 -0.3347 44.6726
144 368 -0.3618 -0.4474 129.9620
176 368 -0.3231 -0.2890 234.3158
208 368 -0.1300 -0.1491 132.9832
240 368 -0.1727 -0.1619 289.2812
272 368 -0.1001 -0.1420 38.3833
304 368 -0.1171 -0.1978 119.0196
336 368 -0.0489 -0.0886 183.7110
368 368 -0.0486 -0.0671 311.6367
400 368 -0.0457 -0.0578 157.8684
432 368 -0.0222 -0.0268 79.2299
464 368 -0.0192  0.0012 169.8896
496 368 -0.0009  0.0193 148.0190
528 368 -0.0119  0.0152 249.5044
560 368 -0.0123  0.0248 35.4588
592 368 -0.0134  0.0210 68.2639
624 368 -0.0150  0.0331 280.2339
656 368 -0.0496  0.0296 144.0781
 16 400 -0.7032 -0.1342 43.0690
 48 400 -0.6261 -0.1032 110.5366
 80 400 -0.4911 -0.7724 157.1719
112 400 -0.1747 -0.5730 140.5748
144 400 -0.2065 -0.4900 84.6044
176 400 -0.2020 -0.3196 95.5999
208 400 -0.1987 -0.3044 206.0525
240 400 -0.1106 -0.2873 66.4835
272 400 -0.0694 -0.1702 42.0090
304 400 -0.1263 -0.1245 165.3467
336 400 -0.0174 -0.0944 222.9605
368 400 -0.0650 -0.1363 158.2173
400 400 -0.0590 -0.0685 70.6741
432 400 -0.0202 -0.0286 95.5826
464 400 -0.0061 -0.0325 107.0701
496 400 -0.0051  0.0136 139.3061
528 400  0.0146 -0.0121 40.5461
560 400 -0.0034  0.0149 47.2855
592 400 -0.0108  0.0106 58.6025
624 400 -0.0073  0.0252 86.3433
656 400 -0.0378  0.0112 170.0366
 16 432 -0.0425 -0.0648 20.0631
 48 432 -0.2914 -0.2464 156.1808
 80 432 -0.2010 -0.6286 141.3334
112 432 -0.2748 -0.5840 191.2713
144 432 -0.1741 -0.3249 75.4596
176 432 -0.3052 -0.3189 173.3497
208 432 -0.3793 -0.3682 109.8325
240 432 -0.1892 -0.0900 25.8244
272 432 -0.0924 -0.2050 281.7939
304 432 -0.1129 -0.1551 30.9204
336 432 -0.0815 -0.2054 144.6647
368 432 -0.0408 -0.2043 116.5262
400 432 -0.0728 -0.0356 54.9742
432 432 -0.0131 -0.0898 66.1040
464 432 -0.0125 -0.0182 145.4701
496 432  0.0008 -0.0116 57.0426
528 432  0.0010  0.0096 182.7177
560 432  0.0122  0.0590 166.6273
592 432 -0.0109  0.0312 113.3200
624 432  0.0038  0.0460 115.2639
656 432 -0.0071  0.0164 129.3031
 16 464 -0.7073 -0.2001 35.9847
 48 464 -0.9183 -0.5648 17.9752
 80 464 -0.3277 -0.4101 202.5704
112 464 -1.3391 -0.7266 60.8582
144 464 -0.2361 -0.3837 27.6985
176 464 -0.3570 -0.4503 175.4899
208 464 -0.2354 -0.4729 306.7676
240 464 -0.1959 -0.2481 152.2055
272 464 -0.1298 -0.0990 17.0816
304 464 -0.2749 -0.2587 154.1134
336 464 -0.1502 -0.2300 206.7977
368 464 -0.1194 -0.1153 213.2449
400 464 -0.0119 -0.0366 187.0791
432 464 -0.0402 -0.0924 268.2872
464 464 -0.0160 -0.0811 64.4387
496 464  0.0349  0.0358 115.7167
528 464 -0.0207 -0.0195 254.5049
560 464  0.0083  0.0075 165.2578
592 464  0.0115  0.0361 171.9389
624 464 -0.0200  0.0120 57.1881
656 464 -0.0086  0.0413 145.9064
 16 496 -0.2309 -0.0671 34.8226
 48 496 -0.2911 -0.3615 73.0171
 80 496 -0.6838 -0.8624 57.0966
112 496 -0.4080 -0.6243 120.2498
144 496 -0.5827 -0.7773 122.8618
176 496 -0.8338 -0.1908 54.2406
208 496 -0.3256 -0.4499 122.8847
240 496 -0.3226 -0.4003 42.0096
272 496 -0.4626 -0.4506 210.0025
304 496 -0.1453 -0.2464 60.7637
336 496 -0.1524 -0.2174 72.8695
368 496 -0.1307 -0.1515 25.5880
400 496 -0.0597 -0.2804 164.1214
432 496 -0.0383 -0.1899 169.9892
464 496  0.0335 -0.0601 136.7699
496 496  0.0539 -0.0382 103.4881
528 496  0.0539 -0.0047 40.1356
560 496  0.0321  0.0454 157.5669
592 496 -0.0036 -0.0442 19.0773
624 496  0.0125  0.0580 172.7001
656 496 -0.0077  0.0268 92.8089
 16 528 -0.7236 -0.3628 39.8508
 48 528  0.7584 -0.8861 84.0047
 80 528 -0.4890 -0.6753 109.9474
112 528 -0.6832 -0.2303 164.8840
144 528 -0.9185 -0.7863 27.9147
176 528 -0.4118 -0.6462 70.4678
208 528 -1.2220 -0.7110 223.1746
240 528 -0.7425 -0.7145 71.9443
272 528 -0.2967 -0.5626 145.9357
304 528 -0.3265 -0.5391 166.3541
336 528 -0.2163 -0.5124 220.5871
368 528 -0.0811 -0.4307 151.1905
400 528 -0.0690 -0.2638 138.3990
432 528 -0.0507 -0.0794 153.4851
464 528  0.0502 -0.0939 166.8517
496 528  0.1166 -0.0833 196.5245
528 528  0.0591  0.0013 186.7959
560 528  0.0581  0.0366 84.8591
592 528  0.0343  0.1272 50.7519
624 528  0.0224  0.0410 47.9615
656 528  0.0083  0.0351 165.8711
 16 560 -0.3898 -0.1570 30.8369
 48 560 -0.4903 -0.3511 55.8287
 80 560 -0.6804 -0.4743 21.3715
112 560 -0.6292 -0.4372 134.5667
144 560 -0.3197 -0.2506 17.9228
176 560 -0.7896 -0.7878 61.6042
208 560 -1.0829 -0.7115 139.8434
240 560 -0.9110 -0.5566 98.4775
272 560 -0.6433 -0.9121 18.1129
304 560 -0.2351 -0.4087 75.0201
336 560 -0.2023 -0.7390 111.2292
368 560 -0.1723 -0.4999 173.3763
400 560 -0.0472 -0.4922 24.8626
432 560  0.0370 -0.4597 76.2512
464 560  0.0794 -0.1398 67.3889
496 560  0.1574 -0.2520 66.6429
528 560  0.0907  0.0275 118.9799
560 560  0.0750  0.0456 232.3790
592 560  0.0202  0.0679 225.2058
624 560  0.0412  0.0750 130.4730
656 560 -0.0343  0.1037 241.1131
 16 592 -0.7142 -0.6710 39.0081
 48 592 -0.4982 -0.4848 77.3697
 80 592 -0.8512 -0.6923 159.9840
112 592 -0.8931 -0.7964 155.6987
144 592 -1.3643 -0.8330 175.4626
176 592 -0.8679 -0.7959 83.2558
208 592 -0.7917 -0.8656 48.8133
240 592 -0.8978 -0.7012 27.4109
272 592 -0.7186 -1.0595 174.6461
304 592 -0.2066 -0.7662 229.4799
336 592 -0.3128 -0.6011 110.0889
368 592 -0.2002 -0.8702 48.7364
400 592 -0.0060 -0.6360 134.6983
432 592  0.0170 -0.3313 155.3578
464 592  0.1503 -0.2074 97.1597
496 592  0.2164 -0.1031 129.0378
528 592  0.1252  0.0468 125.2875
560 592  0.2195  0.1046 140.7460
592 592  0.0802  0.0238 166.2291
624 592  0.0980  0.1267 65.9546
656 592  0.0185  0.0693 68.9798
 16 624 -0.1487 -0.1748 58.1325
 48 624 -0.6356 -0.1518 47.3358
 80 624 -0.9741 -0.4965 53.8762
112 624 -0.9985 -0.5086 32.7268
144 624 -0.7878 -0.5054 88.8883
176 624 -0.9773 -0.9024 246.7899
208 624 -1.0203 -0.6578 94.8911
240 624 -0.9275 -0.8400 111.7901
272 624 -0.8061 -1.0569 60.7709
304 624 -0.7692 -1.0294 104.2712
336 624 -0.2280 -0.7158  1.0000
368 624 -0.1726 -1.2824 137.2078
400 624 -0.0827 -0.4105 228.6175
432 624  0.1704 -0.7366 74.9771
464 624  0.6698 -0.4943 221.0340
496 624  0.7166 -0.0036 183.0616
528 624  0.2730  0.1098 130.4995
560 624  0.3895  0.1395 156.1719
592 624  0.0760  0.1573 56.8773
624 624  0.0171  0.2440 60.1364
656 624  0.0721  0.2455 144.1415
 16 656 -0.0580 -0.0596 24.9095
 48 656 -0.2569 -0.2433 134.0091
 80 656 -0.2334 -0.5917 104.7163
112 656 -0.6593 -0.4585 286.9420
144 656 -0.7312 -0.4795 117.1589
176 656 -0.8294 -0.8644 334.1924
208 656 -1.2162 -0.7135 75.4431
240 656 -1.1242 -1.1254 170.9675
272 656 -1.4378 -1.2879 36.3956
304 656 -0.7908 -1.4549 132.1288
336 656 -0.3488 -0.5664 95.5267
368 656 -0.1494 -0.7231 40.3191
400 656  0.0872 -1.6632 76.8547
432 656  0.4658 -1.0140 116.4249
464 656  0.1533 -0.3533 87.1982
496 656  0.6562 -0.0092 121.3594
528 656  0.6232  0.2289 141.1496
560 656  0.4411  0.2500 53.7916
592 656  0.3637  0.3337 50.4527
624 656  0.1276  0.2464 48.3595
656 656  0.0961  0.2588 51.0617
 16 688 -0.1399 -0.1223 91.9946
 48 688 -0.3922 -0.2065 84.6803
 80 688 -0.8485 -0.1765 118.4441
112 688 -0.5514 -0.6171 199.3171
144 688 -0.9857 -0.7479 78.7455
176 688 -1.2599 -0.8261 62.8371
208 688 -1.1332 -0.8157 37.4164
240 688 -1.2826 -1.0571 93.8981
272 688 -0.0764 -0.1254  8.1181
304 688 -0.8896 -1.4403 196.9231
336 688 -1.4393 -2.5794 75.2007
368 688 -0.3007 -1.8550 76.0803
400 688  0.0022 -1.6826 97.8704
432 688 -1.0482 -0.8229 51.6633
464 688 -1.3858 -0.9368 159.0965
496 688 -0.0502 -0.1500 120.0055
528 688  0.2699 -0.0345 184.6381
560 688  0.0733  0.2343 65.5957
592 688  0.2681  0.4841 172.7605
624 688  0.2090  0.4568 150.2629
656 688  0.2530  0.4912 110.0174
 16 720 -0.0751 -0.0108 16.4728
 48 720 -0.0713 -0.0665 218.3173
 80 720 -0.4226 -0.0987 98.0436
112 720 -0.9043 -0.2579 153.9156
144 720 -0.8569 -0.7121 202.6965
176 720 -1.5768 -0.7963 16.3367
208 720 -0.8469 -0.1377 65.7455
240 720 -1.0949 -0.9902 30.7298
272 720 -1.2965 -1.4317 185.8364
304 720 -0.4547  0.0168 15.4276
336 720 -1.1021 -2.9930 28.1450
368 720  3.4200  7.1012 40.0154
400 720 -2.6834 -0.4531 43.2485
432 720 -2.3310 -1.1588 20.7456
464 720 -2.5712 -1.2985 29.6958
496 720 -3.0081 -1.5354 107.9089
528 720 -0.9565 -0.2011 183.9978
560 720 -0.3667  0.2881 34.0824
592 720  0.0090  0.5430 37.3053
624 720  0.0643  0.3785 20.8948
656 720  0.1207  0.4400 97.4749
 16 752 -0.1294 -0.0323 63.4772
 48 752 -0.1077 -0.0468 16.6630
 80 752 -0.1179 -0.0864 211.0467
112 752 -0.6525 -0.2144 234.9910
144 752 -0.5788 -0.2401 77.6813
176 752 -0.7136 -0.2572 85.5070
208 752 -1.0220 -0.8651 106.3903
240 752 -1.4416 -0.8524 36.6521
272 752 -1.6282 -0.3786 16.6551
304 752 -2.6040 -2.0338 69.5932
336 752 -4.6676 -5.3341 31.9981
368 752 -0.2547  0.4383 39.4027
400 752 -0.2446  0.3469  7.4564
432 752 -0.4008  0.3529 46.1894
464 752 -2.7447 -1.1468 30.3342
496 752 -1.3676 -0.3381 24.9618
528 752 -1.6390 -0.6551 156.5089
560 752 -1.2063 -0.4708 165.1579
592 752 -0.2729  0.4790 60.4195
624 752 -0.0349  0.6081 87.7055
656 752  0.1209  0.3554 150.3611
 16 784 -0.0207 -0.0036 33.4636
 48 784 -0.0648 -0.0549 50.9732
 80 784 -0.3567 -0.1074 198.3756
112 784 -0.1094 -0.0898 137.7303
144 784 -0.2631 -0.1592 352.2137
176 784 -0.3449 -0.0800 24.3020
208 784 -0.9113 -0.0873 72.1976
240 784 -1.1681 -0.3579 15.8241
272 784 -2.0073 -0.5423 49.2020
304 784 -0.9004 -0.1283 12.0434
336 784 -0.2783  0.1706  8.4042
368 784 -0.1559  0.4087 14.3886
432 784 -0.2048  0.2063  4.3816
464 784 -0.4004  0.4165 10.5399
496 784 -0.2353  0.2496 112.1038
528 784 -1.8049 -1.3179 92.1496
560 784 -2.2442 -0.3276 19.8736
592 784 -0.9705 -0.1802 99.3016
624 784 -0.1594  0.2062 47.8005
656 784 -0.0110  0.3107 123.0072
 16 816 -0.0042 -0.0023 16.7626
 48 816 -0.0923 -0.0467 37.9798
 80 816 -0.2779 -0.0738 102.8689
112 816 -0.1161 -0.1286 262.8779
144 816 -0.5142 -0.0806 174.8238
176 816 -0.4618 -0.0626 74.1046
208 816 -0.9104 -0.1880 97.3030
240 816 -1.2228 -0.2705 143.1097
272 816 -1.8922 -0.3251 18.1457
304 816 -1.0723 -2.9260 42.4689
336 816 -0.0043  0.0421 27.2974
368 816 -0.1269  0.1723  7.4879
496 816 -0.3034  0.2746  6.5265
528 816 -1.1458 -1.0400 59.3278
560 816 -1.1824 -1.0895 66.1946
592 816 -0.8865 -0.3787 92.7689
624 816 -0.1594 -0.0419 55.0904
656 816 -0.0298  0.0343 71.6899
 16 848  0.0110  0.0121 21.2656
 48 848 -0.0231 -0.0029 71.5926
 80 848 -0.0618  0.0134 206.6193
112 848 -0.1116 -0.0040 84.6128
144 848 -0.6299 -0.0733 64.8592
176 848 -0.2937  0.0110 244.8812
208 848 -0.8526  0.0093 223.0728
240 848 -1.2611 -0.0216 36.3348
272 848 -1.2016 -0.3559 75.6968
304 848  4.8379 -6.7567 14.2170
336 848  0.0479 -0.1789 55.2924
368 848  0.1182 -0.0408  4.4030
528 848 -0.0782  0.1362 31.4768
560 848 -0.3166 -0.4223 37.0651
592 848 -0.0580  0.0000 67.6969
624 848 -0.2641 -0.0766 102.0667
656 848 -0.0282  0.0631 52.8904
 16 880 -0.0086 -0.0108 21.2446
 48 880 -0.0321 -0.0101 159.6399
 80 880 -0.0622  0.0019 54.5037
112 880 -0.0810  0.0060 132.9129
144 880 -0.0878 -0.0009 196.5686
176 880 -0.2751  0.0880 27.7310
208 880 -0.2151  0.1723 55.4879
240 880 -0.6211  0.1147 116.1429
272 880 -0.4360 -0.0307 17.8145
304 880 -1.1327 -2.6299 25.0160
336 880 -1.3010 -2.7527 61.4255
368 880  0.1109 -0.0849 10.4008
528 880 -0.0561  0.0372 12.6260
560 880 -0.0206  0.0702 21.6539
592 880 -0.0991  0.1048  6.4511
624 880 -0.2156 -0.0261 23.5485
656 880 -0.0765  0.0430 10.8801
 16 912 -0.0046  0.0242 209.6210
 48 912 -0.0034  0.0071 37.7808
 80 912  0.0013  0.0046 290.7792
112 912  0.0007  0.0293 244.9184
144 912 -0.1307  0.0319 117.2051
176 912 -0.0923  0.1280 111.3058
208 912 -0.1719  0.2595 236.0209
240 912 -0.2035  0.0749 47.5473
272 912 -0.3814  0.0503 251.4337
304 912 -1.3161 -1.6054 69.7201
336 912 -1.0848 -1.9885 26.0075
368 912 -0.0443  0.0285 17.0879
400 912  0.1266 -0.0924  5.9711
528 912 -0.0275  0.0352  4.3194
560 912 -0.1288  0.0044  5.4834
592 912 -0.0242 -0.0525  4.0554
624 912 -0.2051  0.1083  7.7867
656 912 -0.0290  0.0879  5.9967
 16 944  0.0242  0.0530 46.5734
 48 944  0.0184  0.0242 17.3003
 80 944  0.0159  0.0156 160.8422
112 944  0.0429  0.0394 193.6492
144 944 -0.0295  0.0259 75.3043
176 944  0.0303  0.1510 147.2914
208 944 -0.0187  0.2062 169.9385
240 944  0.0320  0.2412 218.9003
272 944  0.0770 -0.0486 25.8610
304 944 -1.4008 -1.7889 96.9887
336 944 -0.8255 -2.1059 67.5795
368 944 -1.2651 -2.2046 35.8630
400 944 -0.0195 -0.0045 47.9150
432 944  0.0048  0.0063 10.3971
464 944  0.0069  0.0129  8.7692
496 944 -0.0069 -0.0077  7.9380
528 944  0.0340 -0.0368  4.3362
624 944 -0.1788  0.0736  4.7378
656 944 -0.1189  0.0583  4.3064
 16 976  0.0519  0.0304 40.7999
 48 976  0.0661  0.0404 106.8867
 80 976  0.0709  0.0380 248.7376
112 976  0.0777  0.0051 277.8388
144 976  0.0328  0.0032 226.1417
176 976  0.0447  0.1279 271.0197
208 976  0.0780  0.0453 296.1796
240 976  0.1502  0.1562 77.0134
272 976  0.1199  0.0141 32.3058
304 976  0.0444 -0.6759 193.3721
336 976 -0.3101 -1.1901 54.0890
368 976 -0.1369 -1.4438 182.4168
400 976 -0.0403 -0.0534 12.2789
432 976 -0.0302 -0.0294 13.9577
464 976 -0.0305 -0.0751 38.3171
496 976  0.0018 -0.0777  9.2431
528 976  0.0098 -0.1297  5.4085
 16 1008  0.0236  0.0117 132.5452
 48 1008  0.0197  0.0118 93.7451
 80 1008  0.1057  0.0914 163.2939
112 1008  0.0921  0.0374 202.0606
144 1008  0.0474  0.0247 93.4197
176 1008  0.2078  0.0484 147.3995
208 1008  0.1166  0.0123 194.6731
240 1008  0.1889  0.0258 128.1903
272 1008  0.2747  0.0330 136.5922
304 1008  0.7835 -0.3042 57.7288
336 1008  0.2104 -0.7020 35.5709
368 1008  0.2036 -0.9626 289.1437
400 1008 -0.0128 -0.0359 13.6160
432 1008 -0.0037 -0.0472 14.3559
464 1008  0.0003 -0.0259 12.0362
496 1008  0.0030 -0.0724 31.2615
528 1008 -0.0638 -0.1192 12.0643
560 1008  0.0218 -0.0960  7.5608
592 1008  0.0338 -0.0338  4.1124
 16 1040  0.1788  0.0038 52.4245
 48 1040  0.0190  0.0258 169.6514
 80 1040  0.1893  0.0236 143.1164
112 1040  0.0609 -0.0167 133.9716
144 1040  0.0821  0.0230 165.6847
176 1040  0.2672 -0.0258 114.5013
208 1040  0.0308 -0.0097 18.9743
240 1040  0.1405 -0.0481 139.0879
272 1040  0.1669 -0.0671 127.5416
304 1040  0.6609 -0.2343 36.4105
336 1040  0.4296 -0.4528 46.7808
368 1040  0.2770 -0.4941 71.0375
400 1040 -0.0272 -0.1083 12.0976
432 1040 -0.0033 -0.3090 13.3452
464 1040 -0.0043 -0.0987 35.7387
496 1040 -0.0159 -0.0301 15.4674
528 1040  0.0252 -0.1034 10.4840
560 1040  0.0317  0.0140 13.6993
592 1040  0.0618  0.0195  6.0361
 16 1072  0.0468  0.0099 136.8041
 48 1072  0.0872 -0.0118 32.8529
 80 1072  0.1911  0.0125 202.7907
112 1072  0.0398 -0.0161 73.4118
144 1072  0.0630 -0.0045 86.6440
176 1072  0.0765 -0.0204 90.0406
208 1072  0.0891  0.0006 360.7264
240 1072  0.1724 -0.0115 49.3735
272 1072  0.0326 -0.0646 81.9965
304 1072  0.0945 -0.0358 31.9865
336 1072  0.3864 -0.4690 87.4495
368 1072  0.3162 -0.3666 245.5445
400 1072  0.0300  0.0087 12.4007
432 1072  0.0014 -0.0154 24.0264
464 1072  0.0278 -0.0046 10.1023
496 1072  0.0303 -0.4024 14.2914
528 1072 -0.0545 -0.3735 11.1555
560 1072  0.0233 -0.0895  9.4349
592 1072 -0.0035 -0.0629 11.5999
624 1072 -0.0014 -0.0627  5.8614
656 1072  0.0991 -0.0866  4.7397
 16 1104  0.0234 -0.0083 23.8946
 48 1104 -0.0089  0.0288 24.7145
 80 1104  0.1742 -0.0059 152.9379
112 1104  0.2028  0.0033 44.2669
144 1104  0.0231  0.0085 76.1241
176 1104  0.0758 -0.0091 242.0867
208 1104  0.2681 -0.0595 236.1068
240 1104  0.3076 -0.0269 36.9474
272 1104  0.2251 -0.0973 301.8823
304 1104  0.1137 -0.1749 98.3131
336 1104  0.2096 -0.1562 38.8140
368 1104  0.1648 -0.2319 45.2619
400 1104  0.0305 -0.0372 21.8789
432 1104  0.0193 -0.0158 15.2317
464 1104 -0.0377  0.0066 18.3266
496 1104 -0.0160 -0.0001 14.0719
528 1104 -0.0088 -0.0034 10.7399
560 1104 -0.0404 -0.0447 13.8563
592 1104 -0.0220 -0.0525 10.5200
624 1104 -0.0122 -0.0551 12.9095
656 1104  0.0675 -0.0737  9.1824
 16 1136  0.0509 -0.0040 18.9373
 48 1136  0.0533  0.0125 20.5124
 80 1136  0.0969  0.0178 49.3848
112 1136  0.2357 -0.0098 72.5374
144 1136  0.3097 -0.0211 56.8846
176 1136  0.1369 -0.0100 155.8240
208 1136  0.2777 -0.0504 75.8221
240 1136  0.0687 -0.1230 96.3592
272 1136  0.1245 -0.1123 61.2006
304 1136  0.0870 -0.1828 148.8045
336 1136  0.1691 -0.2669 120.5904
368 1136  0.2358 -0.2736 124.9939
400 1136  0.0069 -0.0158 14.2700
432 1136  0.0458 -0.0248 13.7526
464 1136  0.0514 -0.0682 28.6779
496 1136 -0.0017 -0.0166 10.7453
528 1136  0.0138 -0.0651 18.4721
560 1136  0.0002 -0.0729 10.5041
592 1136 -0.4115 -0.0723 12.6253
624 1136 -0.0066 -0.0079 13.8129
656 1136 -0.0171  0.0004 17.9493
 16 1168  0.0397 -0.0073 20.2835
 48 1168  0.0149  0.0098 15.2328
 80 1168  0.0524  0.0060 51.8924
112 1168  0.0740 -0.0337 33.5843
144 1168  0.0200 -0.0028 59.8124
176 1168  0.1495 -0.0256 110.8981
208 1168  0.0690 -0.0585 119.3920
240 1168  0.0920 -0.0831 268.4590
272 1168  0.0267 -0.1035 468.0374
304 1168  0.2570 -0.1002 69.6199
336 1168  0.0901 -0.1669 169.9575
368 1168  0.0887 -0.1522 255.0323
400 1168  0.0509 -0.1260 32.0561
432 1168  0.0051  0.0145 10.7642
464 1168  0.0000 -0.0949 17.6849
496 1168  0.0030 -0.0266 16.1337
528 1168 -0.0249 -0.0089 18.3658
560 1168 -0.0243 -0.0285 13.6844
592 1168 -0.1583 -0.0336 10.6696
624 1168 -0.0093 -0.0130 13.4403
656 1168 -0.0453 -0.0144 13.7413
 16 1200 -0.0107 -0.0233 19.9609
 48 1200 -0.0012  0.0119 12.6433
 80 1200  0.0298 -0.0134 191.3859
112 1200  0.0491 -0.0526 162.4727
144 1200  0.0558 -0.0139 104.5225
176 1200  0.1116 -0.0375 161.6815
208 1200  0.0520 -0.0628 124.5546
240 1200  0.0505 -0.1051 284.1577
272 1200  0.0370 -0.0697 54.4862
304 1200  0.0623 -0.0668 56.9849
336 1200  0.1507 -0.1381 173.0572
368 1200  0.1141 -0.2463 161.0014
400 1200 -0.0083  0.0100 14.2709
432 1200 -0.0053 -0.0240 14.2461
464 1200  0.0110 -0.0233 11.8104
496 1200 -0.0051 -0.0468 21.4962
528 1200  0.0133 -0.0107 21.8435
560 1200 -0.0413 -0.0024 13.7104
592 1200 -0.0057  0.0275 13.8569
624 1200 -0.0259 -0.0048 14.0354
656 1200 -0.0269 -0.0281 29.4072
  0   0 -0.1134 -0.0787  0.0000
  0   0 -0.1976 -0.0415  0.0000
  0   0 -0.2043 -0.0790  0.0000
  0   0 -0.2005 -0.0122  0.0000
  0   0 -0.1944  0.0595  0.0000
  0   0 -0.2341  0.0964  0.0000
  0   0 -0.3207  0.1425  0.0000
  0   0 -0.2592  0.1857  0.0000
  0   0 -0.2209  0.1610  0.0000
  0   0 -0.1201  0.0809  0.0000
  0   0 -0.0477  0.0488  0.0000
  0   0  0.0223  0.0123  0.0000
  0   0  0.0943 -0.0209  0.0000
  0   0  0.1700  0.0000  0.0000
  0   0  0.2692 -0.0195  0.0000
  0   0  0.2907 -0.0745  0.0000
  0   0  0.2023 -0.1413  0.0000
  0   0  0.1385 -0.1578  0.0000
  0   0  0.1512 -0.2007  0.0000
  0   0  0.2061 -0.2959  0.0000
  0   0  0.1394 -0.3211  0.0000
  0   0 -0.0072 -0.1071  0.0000
  0   0 -0.0700 -0.0266  0.0000
  0   0 -0.0943 -0.0011  0.0000
  0   0 -0.0988 -0.0054  0.0000
