VARIABLES= "X pix", "Y pix", "U pix/dt", "V pix/dt", "CHC", ZONE I=21, J=30
 16 272 -0.0391 -0.1219 199.1706
 48 272 -0.0513 -0.1311 169.2259
 80 272 -0.0029 -0.0956 109.5047
112 272 -0.0308 -0.1602 209.9913
144 272 -0.0288 -0.2513 146.3979
176 272  0.0370 -0.0806 263.2140
208 272 -0.0073 -0.0897 266.0005
240 272  0.0764 -0.0499 283.2454
272 272  0.0322 -0.0511 329.8450
304 272  0.0641 -0.0555 283.1098
336 272  0.0761 -0.0026 232.8492
368 272  0.0491  0.0183 65.8443
400 272  0.0418  0.0239 125.8224
432 272  0.0950  0.0560 143.8811
464 272  0.0603  0.0432 215.1786
496 272  0.0714  0.0624 182.8343
528 272  0.0722  0.0873 233.6903
560 272  0.0564  0.0037 82.4372
592 272  0.0883  0.0336 79.5090
624 272  0.0910  0.0012 140.2422
656 272  0.0387  0.0028 203.3312
 16 304 -0.1022 -0.2677 190.9127
 48 304 -0.0447 -0.1181 403.6920
 80 304 -0.0498 -0.0571 310.4745
112 304 -0.1755 -0.2293 155.7452
144 304 -0.0690 -0.1111 219.5511
176 304 -0.0358 -0.0919 160.2782
208 304 -0.0029 -0.1150 374.1871
240 304  0.0106 -0.0348 52.0892
272 304 -0.0063 -0.0950 348.1185
304 304  0.0541 -0.0109 252.9993
336 304  0.0155  0.0072 35.3779
368 304 -0.0091  0.0010 410.9905
400 304  0.0709  0.0250 72.4368
432 304  0.0710  0.0307 35.4529
464 304  0.0751  0.0293 337.7636
496 304  0.0638  0.0265 151.1142
528 304  0.0556  0.0609 68.1884
560 304  0.1601  0.0378 262.1527
592 304  0.0689  0.0537 84.5020
624 304  0.0804  0.0325 151.9737
656 304  0.1632  0.0335 119.7394
 16 336 -0.0526 -0.0906 102.0081
 48 336 -0.1563 -0.1582 48.4230
 80 336 -0.2407 -0.1332 136.3026
112 336 -0.0370 -0.0959 114.9057
144 336 -0.1168 -0.1087 48.7890
176 336 -0.0925 -0.1087 219.4137
208 336 -0.0540 -0.1778 274.2933
240 336 -0.0068 -0.0736 334.7814
272 336 -0.0106 -0.1545 247.0315
304 336  0.0309 -0.0941 226.2211
336 336  0.0172 -0.0173 189.9768
368 336  0.0028 -0.0302 200.8933
400 336  0.0870  0.0249 174.2377
432 336  0.0927  0.0321 181.7535
464 336  0.0643  0.0581 234.5078
496 336  0.1230  0.0880 159.8181
528 336  0.0898  0.0415 91.2917
560 336  0.1325  0.0638 213.5283
592 336  0.0911  0.0443 50.1439
624 336  0.1230  0.0331 117.8237
656 336  0.1230  0.0088 108.9051
 16 368 -0.0830 -0.1456 243.5686
 48 368 -0.1370 -0.2513 135.0439
 80 368 -0.0953 -0.1220 280.7028
112 368 -0.1041 -0.0633 167.9949
144 368 -0.0834 -0.1987 241.2309
176 368 -0.0696 -0.1257 277.2763
208 368 -0.0743 -0.1428 74.6775
240 368 -0.0493 -0.1160 258.8387
272 368 -0.0271 -0.0496 86.2951
304 368  0.0594 -0.0500 342.1651
336 368  0.0619 -0.1061 212.6093
368 368  0.0456 -0.0193 213.8569
400 368  0.0994  0.0405 140.7344
432 368  0.0547  0.0030 41.7810
464 368  0.1252  0.0338 257.2531
496 368  0.1355  0.0485 47.0671
528 368  0.0614  0.0455 150.5515
560 368  0.0827  0.0142 147.0619
592 368  0.1763  0.0460 125.8069
624 368  0.1144  0.0129 118.4730
656 368  0.0088  0.0450 126.0556
 16 400 -0.0643 -0.1576 25.9743
 48 400 -0.2130 -0.7356 64.4800
 80 400 -0.1786 -0.1496 245.8629
112 400 -0.1413 -0.6921 102.2184
144 400 -0.1510 -0.1668 40.3220
176 400 -0.1647 -0.0770 80.6441
208 400 -0.1669 -0.1654 161.1747
240 400 -0.0842 -0.1573 105.8739
272 400 -0.0525 -0.1301 228.4622
304 400 -0.0079 -0.0916 109.8975
336 400 -0.0018 -0.0235 272.7957
368 400  0.0189 -0.0045 135.7927
400 400  0.0955 -0.0009 166.0937
432 400  0.0748  0.0135 207.1753
464 400  0.0747  0.0063 149.3260
496 400  0.0589  0.0350 149.7995
528 400  0.1212  0.0206 144.5534
560 400  0.0902  0.0365 111.5112
592 400  0.1129  0.0064 160.3954
624 400  0.0720  0.0570 170.6467
656 400  0.0657  0.0354 228.2168
 16 432 -0.1255 -0.1877 144.4018
 48 432 -0.4804 -0.1803 27.6712
 80 432 -0.1440 -0.5441 129.4832
112 432 -0.1164 -0.6850 118.3545
144 432 -0.1263 -0.5688 334.8635
176 432 -0.1893 -0.3344 174.1918
208 432 -0.0982 -0.1910 205.6336
240 432 -0.1240 -0.1364 89.3979
272 432 -0.0359 -0.1275 74.1839
304 432 -0.0011 -0.0377 19.0598
336 432 -0.0069 -0.0538 59.9868
368 432 -0.0001 -0.0227 161.7870
400 432  0.0825  0.0044 180.7053
432 432  0.0217  0.0038 213.1527
464 432  0.0840  0.0571 111.5160
496 432  0.0504  0.0366 40.0221
528 432  0.0528  0.0197 246.0386
560 432  0.0897  0.0270 103.4123
592 432  0.1237  0.0161 110.8516
624 432  0.0922  0.0113 101.3845
656 432  0.0789  0.0886 78.4113
 16 464 -0.1977 -0.1575 18.9311
 48 464 -0.6796 -0.1266 335.4277
 80 464 -0.3080 -0.6497 175.9602
112 464 -0.4400 -0.3139 108.3797
144 464 -0.1575 -0.2562 255.9151
176 464 -0.1226 -0.6521 89.1662
208 464 -0.1289 -0.6453 97.7105
240 464 -0.2383 -0.2125 224.5002
272 464 -0.0526 -0.1338 170.4505
304 464 -0.0778 -0.0645 28.3903
336 464 -0.0267 -0.0921 129.8528
368 464  0.0183 -0.0751 177.6173
400 464  0.0195 -0.0256 165.3675
432 464  0.0230 -0.0074 57.2102
464 464  0.0675  0.0321 112.6076
496 464  0.0454  0.0192 83.5368
528 464  0.0467  0.0432 119.2239
560 464  0.1160  0.0519 125.0888
592 464  0.0987  0.0084 192.0664
624 464  0.1232  0.0337 136.1343
656 464  0.1099 -0.0167 229.1418
 16 496 -0.2475 -0.2589 107.5448
 48 496 -0.2205 -0.7102 87.0627
 80 496 -0.2097 -0.4751 119.5996
112 496 -0.4968 -0.1451 16.0224
144 496 -0.1512 -0.2593 37.1392
176 496 -0.6293 -0.2274 130.8289
208 496 -0.2879 -0.4153 188.4529
240 496 -0.1935 -0.2002 148.9111
272 496 -0.1474 -0.2168 206.1962
304 496 -0.1979 -0.1955 243.8193
336 496 -0.0490 -0.1504 19.8367
368 496 -0.0253 -0.0680 85.7034
400 496 -0.0118 -0.0613 157.9699
432 496  0.0122 -0.0009 101.8828
464 496  0.0204 -0.0162 160.4244
496 496  0.0906 -0.0063 216.5492
528 496  0.0525  0.0312 48.9740
560 496  0.0568  0.0146 69.5372
592 496  0.1460 -0.0260 86.5673
624 496  0.1376 -0.0050 91.9968
656 496  0.1496 -0.0132 101.3578
 16 528 -0.3834 -0.1548 51.3028
 48 528 -0.8421 -0.4689 26.3846
 80 528 -0.3958 -0.2478 15.0312
112 528 -0.5987 -0.5579 200.8641
144 528 -0.2393 -0.5582 131.0878
176 528 -0.6858 -0.4480 78.4143
208 528 -0.2980 -0.3200 53.3649
240 528 -0.2732 -0.4377 55.2213
272 528 -0.2631 -0.5398 226.3131
304 528 -0.1915 -0.2473 95.5946
336 528 -0.1620 -0.1339 46.1324
368 528 -0.0473 -0.1935 156.2254
400 528 -0.0945 -0.0787 408.5305
432 528 -0.0526 -0.0241 100.2027
464 528 -0.0233 -0.0065 204.2270
496 528  0.0105 -0.0110 105.4375
528 528  0.0562 -0.0084 41.1137
560 528  0.0652 -0.0189 45.8752
592 528  0.0478 -0.0488 108.5360
624 528  0.1137 -0.0420 139.4379
656 528  0.1056 -0.0496 30.3074
 16 560 -0.4100 -0.3531 35.9707
 48 560 -0.2032 -0.2990 44.5123
 80 560 -0.3135 -0.3926 118.3173
112 560 -0.7303 -0.7545 138.4733
144 560 -0.5412 -0.6747 253.5881
176 560 -0.5690 -0.7509 47.9375
208 560 -1.1119 -0.5472 76.9478
240 560 -0.6288 -0.5985 35.1349
272 560 -0.6288 -0.4934 157.6915
304 560 -0.1347 -0.1617 136.5739
336 560 -0.0375 -0.0529  9.2730
368 560 -0.1129 -0.1459 217.7421
400 560 -0.1572 -0.0393 417.3546
432 560 -0.1081 -0.0579 170.1852
464 560 -0.0370 -0.0358 82.3631
496 560 -0.0349 -0.0624 191.1659
528 560 -0.0116 -0.0580 177.8650
560 560  0.0172 -0.0610 212.2344
592 560  0.1818 -0.1071 205.1980
624 560  0.1485 -0.0501 70.1907
656 560  0.1856 -0.0995 63.8925
 16 592 -0.1504 -0.2592 195.5557
 48 592 -0.1710 -0.3145 167.4197
 80 592 -0.2320 -0.2956 131.7280
112 592 -0.0215 -0.7560 134.2262
144 592 -0.8391 -1.1089 95.8961
176 592 -0.8116 -1.2078 74.5687
208 592 -1.2526 -1.3278 92.1909
240 592 -0.9055 -0.7192 113.3501
272 592 -0.5705 -0.6497 20.5037
304 592 -0.6079 -0.4088 165.5537
336 592 -0.0438 -0.0621 33.2963
368 592 -0.1939 -0.0790 146.3452
400 592 -0.1280 -0.1741 321.9404
432 592 -0.2006 -0.0273 206.8372
464 592 -0.0520 -0.0031 111.0430
496 592 -0.0577 -0.0597 142.6451
528 592 -0.1753 -0.0177 178.8432
560 592 -0.0202 -0.1283 44.4618
592 592  0.0299 -0.1500 33.7691
624 592  0.0763 -0.1464 38.6001
656 592  0.1792 -0.2871 137.5959
 16 624 -0.0205 -0.1241 23.6557
 48 624 -0.2079 -0.1988 75.7304
 80 624 -0.7089 -0.3870 154.2759
112 624 -0.4906 -0.2997 44.5125
144 624 -0.8805 -0.7330 38.6782
176 624 -1.3909 -1.3379 128.7496
208 624 -1.5441 -1.1237 204.0283
240 624 -0.2378 -0.4229 20.5212
272 624 -0.2884  0.0863 33.0592
304 624 -1.1852 -0.3859 158.9591
336 624 -0.2233 -0.1476 41.3088
368 624 -0.4035 -0.2054 195.9495
400 624 -0.3015 -0.1005 214.4510
432 624 -0.4221 -0.0638 194.4919
464 624 -0.4513 -0.0559 213.1887
496 624 -0.3034 -0.1929 125.9460
528 624 -0.2180 -0.1562 135.6848
560 624 -0.0341 -0.2979 123.8264
592 624  0.0642 -0.4016 53.4958
624 624  0.2401 -0.3244 140.5516
656 624  0.2860 -0.2108 113.1892
 16 656 -0.1137 -0.0852 71.9350
 48 656 -0.0937 -0.0694 12.5991
 80 656 -0.0981 -0.1303 180.8857
112 656 -0.3982 -0.3234 102.5461
144 656 -1.3619 -0.8616 82.4719
176 656 -0.9027 -0.8657 152.7497
208 656 -0.9487 -1.3173 163.9277
240 656 -0.8272 -0.8911 250.9610
272 656 -0.8601 -0.7445 142.0444
304 656 -0.9185 -0.5690 44.7342
336 656 -0.4458 -0.3721 86.8727
368 656 -0.3555 -0.2435 129.4020
400 656 -0.4129 -0.1109 190.6590
432 656 -0.2773 -0.0316 28.9963
464 656 -0.1684 -0.0914 81.4627
496 656 -0.0467 -0.3249 76.0346
528 656 -0.0076 -0.2085 18.4576
560 656  0.1399 -0.5447 108.1412
592 656  0.1673 -0.6283 112.7436
624 656  0.0877 -0.3423 66.4699
656 656  0.1798 -0.1923 42.0046
 16 688 -0.1267 -0.1444 65.9740
 48 688 -0.1018 -0.0851 238.3403
 80 688 -0.1416 -0.4656 95.0367
112 688 -0.4555 -0.2253 44.9311
144 688 -0.3644 -0.1802 58.5040
176 688 -0.2755 -0.1905 31.5930
208 688 -0.7583 -1.0884 85.0741
240 688 -1.1443 -0.9851 51.8978
272 688 -0.7258 -0.4821 137.5970
304 688 -0.8263 -0.6820 57.8713
336 688 -0.4341 -0.3390 97.9867
368 688 -0.1645 -0.2925 183.8496
400 688 -0.2022 -0.1073 244.3544
432 688  0.0356 -0.0241 137.7962
464 688  0.0615 -0.0931 168.2676
496 688  0.0744 -0.7768 213.0606
528 688  0.3336 -0.7330 99.3216
560 688  0.3684 -0.6015 38.2550
592 688  0.1495 -0.4016 38.0047
624 688  0.0905 -0.4590 185.3499
656 688  0.2057 -0.1269 199.5293
 16 720  0.0062  0.0058 18.0514
 48 720 -0.0896 -0.0219 87.8297
 80 720 -0.0293 -0.1831 157.1953
112 720 -0.3117 -0.1662 81.2228
144 720 -0.5334 -0.4012 34.3720
176 720 -0.3598 -0.3538 157.7469
208 720 -0.5862 -0.7260 62.9803
240 720 -0.6243 -0.5354 237.1053
272 720 -1.0339 -0.5455 236.7133
304 720 -0.5700 -0.2211 64.3856
336 720 -0.3085 -0.3541 100.0053
368 720 -0.1344 -0.1447 129.5033
400 720  0.1539 -0.0055 317.0388
432 720  0.2694 -0.0126 127.6417
464 720  0.2672 -0.1407 102.9214
496 720  1.0917 -0.8999 48.0091
528 720  0.9935 -1.0951 83.1755
560 720  0.0851 -0.0229 24.6442
592 720  0.2260  0.0597 17.7087
624 720  0.0737 -0.3093 126.2535
656 720  0.1295 -0.1373 167.5419
 16 752 -0.0115 -0.0165 24.5120
 48 752 -0.0036 -0.0261 387.4776
 80 752  0.0080 -0.0935 156.7146
112 752 -0.0782 -0.1811 138.9108
144 752 -0.0892 -0.1761 59.7839
176 752 -0.2102 -0.2328 166.9400
208 752 -0.0729 -0.2118 15.5081
240 752 -0.1724 -0.3640 22.9951
272 752 -0.1166 -0.4343 29.8819
304 752 -0.0534 -0.1729 77.8304
336 752 -0.1702 -0.1962 128.6894
368 752  0.1926 -0.0690 182.9228
400 752  0.5834 -0.0199 165.3496
432 752 -0.0278 -0.1621 21.1585
464 752 -0.3082 -0.1495 31.4647
496 752  1.4150 -0.6698 65.4159
528 752  0.7845 -0.6385 40.4910
560 752  0.1040  0.0177 10.7192
592 752  0.1026  0.0662 11.7694
624 752 -0.0860  0.0472 11.1207
656 752 -0.0208 -0.0042 25.4033
 16 784  0.0859 -0.1184 235.3571
 48 784 -0.0229 -0.0194 18.4332
 80 784  0.0685 -0.0383 186.8780
112 784  0.0237 -0.1228 200.9856
144 784  0.0239 -0.1609 233.4843
176 784  0.0455 -0.2933 70.8688
208 784 -0.2197 -0.6045 37.4425
240 784 -0.0582 -0.5359 191.0625
272 784 -0.0121 -0.2220 34.1532
304 784 -0.1251 -0.4651 76.9929
336 784  0.0016 -0.3253 337.6870
368 784  0.4509 -0.2245 73.4236
400 784  0.8966 -0.0411 202.5688
432 784  1.1125 -0.0343 87.4206
464 784  1.7047 -0.2061 47.4224
496 784  1.6329 -0.7281 13.2057
528 784  0.0320 -0.0244 19.8478
560 784  0.1211  0.0209 11.5459
592 784  0.0898  0.0960 10.8342
624 784 -0.0180  0.0347 17.5591
656 784 -0.0171  0.0583  9.4759
 16 816  0.0432 -0.0586 28.3921
 48 816  0.0740 -0.0523 137.7590
 80 816  0.1918 -0.0737 253.8743
112 816  0.0526 -0.1076 207.5126
144 816  0.0848 -0.0869 259.0245
176 816  0.1264 -0.1879 107.0489
208 816  0.1274 -0.2443 204.4691
240 816  0.0448 -1.1294 180.7214
272 816  0.1424 -0.4128 157.4059
304 816  0.2611 -0.4053 84.9154
336 816  0.3294 -0.2606 73.3942
368 816  0.6730 -0.2504 97.6265
400 816  1.1283 -0.1179 123.6478
432 816  1.3397 -0.0093 273.0599
464 816  1.0813 -0.2053 49.9175
496 816  1.0534 -0.7526 34.6729
528 816  0.0566 -0.0244  8.0653
560 816  0.0581  0.0747  6.8568
592 816  0.0335  0.0469 16.1252
624 816 -0.0061  0.0583 10.2112
656 816 -0.0089  0.0179 12.1944
 16 848  0.1824 -0.0697 133.8784
 48 848  0.2130 -0.0411 186.3550
 80 848  0.3703 -0.0558 133.6724
112 848  0.1506 -0.1960 153.6487
144 848  0.2309 -0.1322 155.5860
176 848  0.1199 -0.1832 189.1966
208 848  0.1990 -0.4498 73.4332
240 848  0.2563 -0.5020 31.8759
272 848  1.2054 -1.1719 160.4301
304 848  0.1646 -0.0743 30.7509
336 848  0.8065 -0.1518 186.2850
368 848  1.1104 -0.2939 61.4408
400 848  1.4143 -0.0764 32.6642
432 848  0.8325 -0.1248 26.0923
464 848  1.6099 -0.3077 75.8906
496 848  0.0245 -0.0291 22.1434
528 848  0.1107  0.0651  7.0710
560 848  0.0095 -0.0039 18.0810
592 848  0.0800  0.0654 121.9160
624 848  0.0954  0.0794 50.8494
656 848  0.0310 -0.0074 25.3761
 16 880  0.0940 -0.0205 30.2375
 48 880  0.0701 -0.0601 144.8499
 80 880  0.3689 -0.1276 172.7216
112 880  0.1531 -0.0213 149.0123
144 880  0.1322 -0.1092 199.0697
176 880  0.1837 -0.1523 206.3396
208 880  0.1363 -0.3040 274.2129
240 880  0.2980 -0.5356 182.9464
272 880  0.7142 -0.3665 67.9030
304 880  0.6798 -0.5562 179.9599
336 880  0.7862 -0.1476 134.9872
368 880  1.0336 -0.2477 84.9898
400 880  0.0881 -0.0020 17.5162
432 880  0.8661 -0.1191 23.9531
464 880  0.7283 -0.1421 19.8784
496 880  0.0105 -0.0340  6.0781
528 880  0.0226  0.0100  8.0652
560 880  0.0185  0.0033 20.9190
592 880  0.0496  0.0464 53.6332
624 880  0.0438  0.0484 100.0735
656 880  0.0001  0.0948 40.5589
 16 912  0.5588  0.0284 107.3575
 48 912  0.1576 -0.0079 70.4992
 80 912  0.3744 -0.1288 145.6492
112 912  0.1803 -0.1047 352.3688
144 912  0.3398 -0.0447 35.5242
176 912  0.2245 -0.1480 120.7528
208 912  0.6611 -0.1884 186.8687
240 912  0.7959 -0.5050 101.7828
272 912  1.1310 -0.3830 143.2120
304 912  0.7090 -0.2807 54.2293
336 912  0.8580 -0.6043 225.4949
368 912  0.9003 -0.9984 106.2868
400 912  1.1414 -0.2170 43.5201
432 912  0.1017 -0.0049 16.5053
464 912 -0.0371 -0.0321 10.7497
496 912  0.0142 -0.1014  4.0595
528 912  0.0067 -0.0067  4.7462
560 912  0.0469 -0.1929  8.8520
592 912 -0.0149 -0.1916  8.8475
624 912  0.1807 -0.1216 10.8180
656 912  0.0463 -0.0541 32.4284
 16 944  0.0386 -0.0077 16.3575
 48 944  0.0981 -0.0072 18.1591
 80 944  0.0625 -0.0470 377.0988
112 944  0.4491 -0.0352 115.9312
144 944  0.1725 -0.0901 67.2864
176 944  0.0964 -0.0863 26.3444
208 944  0.3835 -0.2955 74.4401
240 944  0.2427 -0.3371 35.1435
272 944  0.2253 -0.2135 85.5997
304 944  0.4933 -0.5823 36.2653
336 944  0.9982 -0.6789 64.1508
368 944  0.3827 -0.2316 128.4074
400 944  0.1508 -0.0805 16.9375
432 944 -0.0044 -0.0075 14.9867
464 944  0.0104  0.0036  6.0131
496 944  0.0055  0.0069  8.8644
528 944 -0.0457  0.0519  4.7803
656 944  0.2790 -0.3861  6.4638
 16 976  0.2052 -0.0094 73.1503
 48 976  0.2641 -0.0041 35.4811
 80 976  0.1850 -0.0461 45.0100
112 976  0.0973 -0.0286 224.9736
144 976  0.1186 -0.3654 37.5687
176 976  0.1389 -0.1265 251.2055
208 976  0.1571 -0.2122 70.6627
240 976  0.1514 -0.2578 104.8881
272 976  0.7405 -0.3956 114.0922
304 976  0.1959 -1.1401 88.0486
336 976  0.1141 -0.2392 67.2938
368 976  0.0193 -0.0138 24.1858
400 976 -0.0085 -0.0276 13.2877
432 976  0.0290  0.0064  8.5284
464 976  0.0125  0.0219 21.4799
496 976  0.0148  0.0154 17.4261
528 976 -0.2450 -0.0182  8.2856
 16 1008  0.1513 -0.0053 57.3609
 48 1008  0.1058 -0.0192 61.3352
 80 1008  0.1590 -0.1064 34.1193
112 1008  0.4976 -0.0896 117.6334
144 1008  0.2115 -0.0663 221.4887
176 1008  0.2980 -0.1071 51.4080
208 1008  0.1090 -0.1126 227.4231
240 1008  0.1297 -0.3103 25.9636
272 1008  0.0827 -0.2183 66.0174
304 1008  0.0977 -0.2780 18.8913
336 1008  0.0185 -0.1384 18.7792
368 1008  0.0040  0.0089 10.8335
400 1008  0.0225  0.0026 10.8746
432 1008  0.0141  0.0135 18.5448
464 1008  0.1057 -0.1048 203.2552
496 1008 -0.0147 -0.0208 28.3548
528 1008 -0.0052 -0.0014 11.2505
560 1008 -0.1009  0.1204  5.9877
 16 1040  0.1514 -0.0242 54.1127
 48 1040  0.0940 -0.1172 267.5458
 80 1040  0.1404 -0.0346 203.3865
112 1040  0.0466  0.0040 60.8667
144 1040  0.1134 -0.1158 177.2431
176 1040  0.4099 -0.1275 104.9343
208 1040  0.2039 -0.0868 246.1116
240 1040  0.0740 -0.0957 43.7343
272 1040  0.1638 -0.2898 142.7697
304 1040  0.0579 -0.4892 82.7632
336 1040  0.0962 -0.2358 64.4530
368 1040  0.0452 -0.0375 12.9784
400 1040  0.0072 -0.0092 35.9226
432 1040  0.0262 -0.0275 29.0860
464 1040  0.0833 -0.0857 29.2619
496 1040  0.0387 -0.0521 27.3246
528 1040 -0.0184  0.1417  8.5781
560 1040 -0.0299  0.0064 13.9105
592 1040 -0.0448  0.0016  5.4884
 16 1072  0.0957 -0.0148 42.7449
 48 1072  0.1986 -0.0355 167.6393
 80 1072  0.1807 -0.0249 112.0557
112 1072  0.0658 -0.0405 49.3818
144 1072  0.1743 -0.3147 113.8778
176 1072  0.2207 -0.0572 234.9413
208 1072  0.2074 -0.1881 33.4348
240 1072  0.1420 -0.1838 58.3995
272 1072  0.0719 -0.1409 192.1600
304 1072  0.0036 -0.1214 247.5034
336 1072  0.0770 -0.2319 62.6472
368 1072  0.0768 -0.0871 166.4889
400 1072  0.2529 -0.0406 100.0864
432 1072  0.0720 -0.0624 46.1809
464 1072  0.0463 -0.0240 67.4965
496 1072  0.0056  0.0167 15.1723
528 1072 -0.0393  0.0456 18.3279
560 1072 -0.0689  0.0564 11.9050
592 1072  0.0080  0.0495 11.2023
624 1072  0.0545  0.0742  5.6943
656 1072  0.1106  0.2162  7.8749
 16 1104  0.0543 -0.0126 23.8477
 48 1104  0.0452 -0.0045 89.7711
 80 1104  0.0630 -0.0155 28.6052
112 1104  0.0904 -0.0627 265.2982
144 1104  0.0645 -0.0382 27.3527
176 1104  0.0184 -0.0043 12.7175
208 1104  0.0786 -0.0522 214.6875
240 1104  0.1148 -0.2981 102.3476
272 1104  0.0901 -0.4641 288.0102
304 1104  0.1317 -0.1574 144.5446
336 1104  0.1024 -0.1145 139.7053
368 1104  0.0809 -0.1375 155.7206
400 1104  0.2247 -0.1262 150.1145
432 1104  0.0237 -0.0286 182.3882
464 1104  0.0517 -0.0557 55.3066
496 1104  0.0164 -0.0043 14.1934
528 1104  0.0328 -0.0030 33.1680
560 1104 -0.0060  0.1953 12.2958
592 1104  0.0085  0.1029 16.0015
624 1104  0.0051  0.0447 15.8513
656 1104  0.1765  0.0073 13.1430
 16 1136  0.0570  0.0035 17.2544
 48 1136  0.0489 -0.0271 21.7268
 80 1136  0.0758 -0.0657 61.4637
112 1136  0.0505 -0.0099 289.5801
144 1136  0.1052 -0.0698 223.2544
176 1136  0.1078 -0.0483 69.7355
208 1136  0.3741 -0.1210 176.3369
240 1136  0.0589 -0.1175 106.8821
272 1136  0.0879 -0.2185 119.1764
304 1136  0.0524 -0.2800 49.9358
336 1136  0.1016 -0.0923 140.1175
368 1136  0.0780 -0.1009 84.6081
400 1136  0.1481 -0.1033 181.8609
432 1136  0.0613 -0.1338 79.0780
464 1136  0.0655 -0.0703 211.5489
496 1136 -0.0006 -0.0691 19.2673
528 1136  0.0968 -0.0752 70.6455
560 1136  0.0013 -0.0414 26.0028
592 1136 -0.1016  0.0230 12.8323
624 1136 -0.0118  0.0496 10.9774
656 1136  0.1834  0.1179 14.2924
 16 1168  0.0482 -0.0190 17.1931
 48 1168  0.0727 -0.0470 25.2209
 80 1168  0.2171 -0.0794 39.4077
112 1168  0.1029 -0.0312 121.4423
144 1168  0.1495 -0.0610 141.8601
176 1168  0.1428 -0.0503 104.5665
208 1168  0.0835 -0.0481 119.8091
240 1168  0.1668 -0.0890 79.0080
272 1168  0.0844 -0.1919 95.7940
304 1168  0.0883 -0.1108 146.8405
336 1168  0.1128 -0.0653 147.0096
368 1168  0.0679 -0.1111 154.4815
400 1168  0.0998 -0.0141 74.9152
432 1168  0.0413 -0.0452 99.4523
464 1168  0.0591 -0.1124 284.8392
496 1168  0.0169  0.0147 16.8133
528 1168  0.0164 -0.0069 13.0621
560 1168  0.0099 -0.0147 12.5806
592 1168 -0.0017 -0.0098 13.6412
624 1168  0.0296 -0.0472 10.3699
656 1168  0.0000 -0.0034 11.4187
 16 1200  0.0967 -0.0211 22.4146
 48 1200  0.0751 -0.0347 19.1996
 80 1200  0.0144  0.0043 13.4542
112 1200  0.1621 -0.0658 94.2332
144 1200  0.0351 -0.0083 46.6633
176 1200  0.3110 -0.1591 124.9799
208 1200  0.0713 -0.0518 175.8232
240 1200  0.0331 -0.1504 87.9685
272 1200  0.0792 -0.0818 48.2740
304 1200  0.0790 -0.1411 89.3957
336 1200  0.1615 -0.0888 104.7967
368 1200  0.1076 -0.0821 113.1438
400 1200  0.1102 -0.1695 131.4800
432 1200  0.0245 -0.0338 239.3883
464 1200  0.2775 -0.1360 255.5658
496 1200  0.0017  0.0208 19.1218
528 1200 -0.0186  0.0117 15.6642
560 1200  0.0106  0.0185 11.9446
592 1200  0.0019 -0.0448 16.0934
624 1200  0.0747  0.0683 25.9011
656 1200  0.0129 -0.0383  9.2271
  0   0  0.0304 -0.0426  0.0000
  0   0 -0.0192 -0.0622  0.0000
  0   0 -0.0731 -0.0622  0.0000
  0   0 -0.1482  0.0701  0.0000
  0   0 -0.1180  0.1388  0.0000
  0   0 -0.0896  0.1767  0.0000
  0   0 -0.0726  0.1679  0.0000
  0   0 -0.0494  0.0962  0.0000
  0   0 -0.0288  0.0802  0.0000
  0   0  0.0485  0.0588  0.0000
  0   0  0.0664  0.0468  0.0000
  0   0  0.0238  0.0568  0.0000
