VARIABLES= "X pix", "Y pix", "U pix/dt", "V pix/dt", "CHC", ZONE I=21, J=30
 16 272 -0.0283 -0.1328 44.6495
 48 272 -0.2550 -0.2119 221.4390
 80 272 -0.0672 -0.0862 224.5737
112 272 -0.1732 -0.0847 252.2587
144 272 -0.1049 -0.1081 107.6863
176 272 -0.0880 -0.1455 135.1044
208 272 -0.0685 -0.0812 109.9269
240 272 -0.0363 -0.0709 27.9280
272 272 -0.0145 -0.0339 54.7874
304 272 -0.0471 -0.0318 140.0475
336 272 -0.0533  0.0132 145.9934
368 272 -0.0456  0.0019 173.6490
400 272 -0.0706  0.0241 268.9778
432 272 -0.0196  0.0290 211.3556
464 272 -0.0023  0.0391 137.5390
496 272 -0.0052  0.0157 300.9546
528 272  0.0039  0.0388 94.3819
560 272  0.0559 -0.0010 24.4622
592 272 -0.0219  0.0081 192.9729
624 272 -0.0371  0.0351 139.2543
656 272 -0.0491 -0.0763 146.3720
 16 304 -0.1320 -0.0582 62.6637
 48 304 -0.1006 -0.1349 97.1938
 80 304 -0.1412 -0.4423 161.5658
112 304 -0.2553 -0.1753 219.2519
144 304 -0.0810 -0.2249 155.7008
176 304 -0.1599 -0.0494 52.9563
208 304 -0.0699 -0.1561 181.8101
240 304 -0.0786 -0.0933 117.6462
272 304 -0.0846 -0.0313 347.8389
304 304 -0.1008 -0.0403 140.3944
336 304 -0.0814 -0.0281 113.3784
368 304 -0.0532  0.0024 113.4132
400 304 -0.0219 -0.0428 64.8997
432 304  0.0166  0.0391 186.7689
464 304 -0.0355  0.0342 175.5977
496 304 -0.0197  0.0358 127.6788
528 304 -0.0284  0.0398 129.5384
560 304  0.0226  0.1539 160.1920
592 304 -0.0054  0.0379 161.4493
624 304 -0.0077  0.0210 167.8243
656 304  0.0028  0.0082 63.4964
 16 336 -0.1032 -0.0376 27.6602
 48 336 -0.1449 -0.2178 124.7362
 80 336 -0.3238 -0.2242 134.3367
112 336 -0.2310 -0.2077 169.2683
144 336 -0.2433 -0.1443 240.6486
176 336 -0.3444 -0.0633 404.8950
208 336 -0.1491 -0.1367 40.5469
240 336 -0.1823 -0.1044 122.8750
272 336 -0.1180 -0.1384 66.3496
304 336 -0.0613 -0.0475 138.5016
336 336 -0.0380 -0.0929 202.2065
368 336 -0.0305 -0.0071 172.5701
400 336 -0.0319 -0.0007 176.0526
432 336 -0.0366  0.0374 155.3480
464 336 -0.0694  0.0520 149.5165
496 336 -0.0726  0.0528 98.4064
528 336 -0.0203  0.0536 155.4712
560 336 -0.0630  0.0179 152.7059
592 336 -0.0380  0.0100 215.9552
624 336 -0.0052  0.0264 132.0464
656 336 -0.0043  0.0171 127.7055
 16 368 -0.0266 -0.0513 16.8977
 48 368 -0.3581 -0.3700 181.8731
 80 368 -0.1523 -0.3781 144.8615
112 368 -0.0064 -0.5093 45.1154
144 368 -0.2783 -0.2050 37.9896
176 368 -0.2273 -0.1487 97.8365
208 368 -0.1641 -0.1191 262.5715
240 368 -0.0404 -0.1081 84.8083
272 368 -0.1419 -0.1530 60.5699
304 368 -0.1657 -0.0673 268.9312
336 368 -0.0126 -0.0196 320.6786
368 368 -0.0385 -0.0133 184.1600
400 368 -0.0321  0.0062 90.8300
432 368 -0.0293  0.0040 207.2483
464 368 -0.0194  0.0320 92.1936
496 368 -0.0432  0.0260 233.8254
528 368 -0.0138  0.0293 119.7737
560 368 -0.0172  0.0283 57.0896
592 368 -0.0050  0.0260 117.2964
624 368 -0.0171  0.0431 181.6639
656 368 -0.0077  0.0002 94.6437
 16 400 -0.2417 -0.1855 78.0011
 48 400 -0.3807 -0.3365 313.8363
 80 400 -0.2102 -0.3632 209.6500
112 400 -0.1866 -0.5043 130.4086
144 400 -0.4428 -0.2810 181.6371
176 400 -0.2431 -0.2499 181.0732
208 400 -0.2425 -0.2444 206.8987
240 400 -0.1085 -0.1869 275.2921
272 400 -0.0612 -0.2012 27.2612
304 400 -0.1189 -0.0311 295.2474
336 400 -0.0546 -0.0537 28.9834
368 400 -0.0421 -0.0850 30.1052
400 400 -0.0136  0.0017 115.8737
432 400 -0.0359  0.0007 160.1739
464 400 -0.0216  0.0452 136.6945
496 400  0.0021 -0.0111 19.0154
528 400 -0.0065  0.0184 126.5409
560 400 -0.0045  0.0122 177.2854
592 400 -0.0072  0.0272 229.1228
624 400 -0.0001  0.0087 170.6801
656 400  0.0045 -0.0004 161.3360
 16 432 -0.8219 -0.2127 21.5940
 48 432 -0.1767 -0.2194 161.9591
 80 432 -0.1298 -0.2349 226.6183
112 432 -0.1857 -0.5809 47.3379
144 432 -0.4516 -0.3279 150.3313
176 432 -0.3852 -0.4749 149.1940
208 432 -0.3101 -0.1546 193.9773
240 432 -0.2587 -0.2969 232.7007
272 432 -0.3213 -0.3428 54.7726
304 432 -0.0109 -0.0749 58.6222
336 432 -0.0558 -0.0853 333.1566
368 432 -0.0504 -0.0882 154.2602
400 432 -0.0605 -0.0790 153.0902
432 432 -0.0821  0.0451 184.8516
464 432 -0.0580  0.0116 165.4061
496 432 -0.0243  0.0078 215.2538
528 432 -0.0114  0.0525 103.3334
560 432 -0.0277  0.0271 115.5036
592 432 -0.0024  0.0375 67.3976
624 432  0.0086  0.0080 211.7398
656 432 -0.0093 -0.0492 78.9304
 16 464 -0.8233 -0.4372 117.4757
 48 464 -0.4642 -0.1923 109.6951
 80 464 -0.6717 -0.2085 186.5944
112 464 -0.9229 -0.8800 160.2471
144 464 -0.2765 -0.3285 67.0753
176 464 -0.1180 -0.2759 111.3178
208 464 -0.2396 -0.2492 90.4455
240 464 -0.2759 -0.3749 339.5385
272 464 -0.1142 -0.3216 60.2843
304 464 -0.2113 -0.1458 214.4650
336 464 -0.1866 -0.1191 188.2656
368 464 -0.1352 -0.1057 267.0677
400 464 -0.0787 -0.0405 36.3132
432 464 -0.0450 -0.0261 47.2837
464 464 -0.0474  0.0102 135.8878
496 464 -0.0045  0.0269 201.7162
528 464 -0.0131  0.0084 131.5439
560 464 -0.0178  0.0081 175.1196
592 464 -0.0101  0.0629 138.7152
624 464  0.0175 -0.0349 208.5471
656 464 -0.0062 -0.0194 74.8411
 16 496 -0.1992 -0.2334 57.3373
 48 496 -0.2272 -0.5991 51.1982
 80 496 -0.7075 -0.5284 131.2966
112 496 -0.4057 -0.6363 156.3143
144 496 -0.4359 -0.3715 164.5731
176 496 -0.6093 -0.4889 109.4641
208 496 -0.2877 -0.7344 49.4219
240 496 -0.1580 -0.4068 113.9045
272 496 -0.2790 -0.1956 41.1113
304 496 -0.1517 -0.1020 119.4924
336 496 -0.2109 -0.2093 192.5698
368 496 -0.0653 -0.0827 70.2914
400 496 -0.0611 -0.0515 44.4000
432 496 -0.0610 -0.0289 147.7346
464 496 -0.0542 -0.0241 272.1686
496 496 -0.0279 -0.0065 465.9990
528 496 -0.0260  0.0082 96.3008
560 496 -0.0141 -0.0241 86.5100
592 496  0.0070 -0.0770 23.9408
624 496  0.0251 -0.0256 101.3096
656 496  0.0390 -0.0559 158.2915
 16 528 -0.0807 -0.1898 57.0480
 48 528 -0.3754 -0.1914 82.0216
 80 528 -0.7546 -0.4186 252.1241
112 528 -0.4216 -0.5191 181.4544
144 528 -0.4987 -0.0978 36.3910
176 528 -0.2408 -0.8174 435.7855
208 528 -0.2280 -0.8176 269.6758
240 528 -0.4017 -0.6698 120.1619
272 528 -0.0670 -0.2788 67.8443
304 528 -0.0412 -0.2831 128.2683
336 528 -0.3218 -0.1982 297.0987
368 528 -0.2125 -0.0639 34.7879
400 528 -0.1192 -0.0739 183.0271
432 528 -0.1038 -0.0116 172.4364
464 528 -0.0922  0.0049 196.2860
496 528 -0.0441  0.0371 81.1409
528 528 -0.0547 -0.0096 268.8554
560 528 -0.0126 -0.0023 169.9438
592 528  0.0261 -0.0442 68.6384
624 528  0.0403 -0.0153 59.3857
656 528  0.0150 -0.0181 104.2723
 16 560 -0.1561 -0.1193 18.4357
 48 560 -0.6843 -0.7062 108.6018
 80 560 -0.2453 -0.4707 91.4634
112 560 -0.1276 -0.4654 31.8384
144 560 -0.8973 -0.9038 112.1898
176 560 -0.6910 -0.7664 224.8262
208 560 -0.7420 -0.6330 59.7564
240 560 -0.2142 -0.5594 106.2467
272 560 -0.1305 -0.1740 64.8364
304 560 -0.3364 -0.2907 213.1520
336 560 -0.2626 -0.1083 85.3759
368 560 -0.2578 -0.2192 106.2526
400 560 -0.1532 -0.0939 35.9042
432 560 -0.0723 -0.0203 21.1744
464 560 -0.1612 -0.0352 148.1815
496 560 -0.1042  0.0189 74.3974
528 560 -0.0892 -0.0325 113.4671
560 560 -0.0413 -0.0797 137.0017
592 560  0.0006 -0.0867 97.7302
624 560  0.0445 -0.0309 165.9264
656 560  0.0305 -0.1661 96.8196
 16 592 -0.7417 -0.1991 35.8480
 48 592 -0.1949 -0.0299 25.7337
 80 592 -0.7453 -0.4605 143.4402
112 592 -0.6438 -0.8140 170.9085
144 592 -1.2146 -0.9010 104.1220
176 592 -0.7747 -0.8412 140.7621
208 592 -0.9049 -0.8214 100.6932
240 592 -0.7116 -0.6134 216.9898
272 592 -0.5301 -0.6042 172.1624
304 592 -0.1914 -0.5425 156.6837
336 592 -0.2784 -0.3420 134.0968
368 592 -0.5462 -0.1509 104.2339
400 592 -0.3588 -0.1154 135.5180
432 592 -0.2989 -0.0270 119.6733
464 592 -0.2267 -0.0446 106.3202
496 592 -0.1444 -0.0308 68.2110
528 592 -0.1014 -0.1219 164.3686
560 592 -0.0508 -0.1224 129.2010
592 592  0.0166 -0.2037 113.9998
624 592  0.0111 -0.2264 103.3577
656 592  0.0792 -0.2424 147.4812
 16 624 -0.1920 -0.0599 27.8107
 48 624 -0.1470 -0.3259 253.3218
 80 624 -0.1761 -0.1960 86.9897
112 624 -0.3433 -0.8449 39.5902
144 624 -1.0801 -0.8210 31.6738
176 624 -0.9099 -0.6446 46.0133
208 624 -0.8250 -0.9354 142.2811
240 624 -0.8040 -0.7254 20.6587
272 624 -0.5701 -0.5495 279.6781
304 624 -0.5567 -0.4604 105.3927
336 624 -0.4855 -0.3619 31.3328
368 624 -0.2366 -0.1164 25.2544
400 624 -0.5246 -0.0552 151.7365
432 624 -0.3246 -0.0427 113.0242
464 624 -0.4080 -0.0060 255.9497
496 624 -0.2716 -0.0619 157.6885
528 624 -0.1899 -0.1388 64.0271
560 624 -0.0814 -0.2240 107.8194
592 624 -0.0413 -0.2289 126.1975
624 624 -0.0324 -0.4160 197.6540
656 624  0.2002 -0.3037 140.7451
 16 656 -0.1683 -0.0973 77.5434
 48 656 -0.2600 -0.1437 44.8918
 80 656 -0.3051 -0.1019 155.6075
112 656 -0.7082 -0.5847 86.2009
144 656 -0.8488 -1.1218 214.8482
176 656 -1.2632 -1.1958 33.7872
208 656 -1.0137 -0.8492 78.4963
240 656 -0.0595 -0.0751 20.0224
272 656 -0.7836 -0.5730 91.6134
304 656 -0.6325 -0.5418 141.3199
336 656 -0.6732 -0.3238 124.8475
368 656 -0.5818 -0.3124 59.1601
400 656 -0.5953  0.0389 89.3917
432 656 -0.4335  0.0630 117.2849
464 656 -0.7686 -0.0558 87.4993
496 656 -0.4154 -0.1233 180.4937
528 656 -0.0718 -0.5731 276.3592
560 656 -0.0521 -0.3379 181.1581
592 656 -0.0648 -0.3692 69.5439
624 656  0.0427 -0.4737 69.3184
656 656  0.0500 -0.5193 154.3680
 16 688 -0.1820 -0.1046 93.9550
 48 688 -0.3740 -0.1022 242.9028
 80 688 -0.8795 -0.2842 146.2979
112 688 -0.2070 -0.1656 20.2293
144 688 -0.6723 -0.6116 94.4303
176 688 -0.3319 -0.1716 198.9934
208 688 -0.9709 -0.6891 126.2150
240 688 -0.8846 -0.7991 75.8610
272 688 -1.0337 -0.8391 93.6044
304 688 -0.8905 -0.5149 19.8106
336 688 -0.7446 -0.3609 155.0018
368 688 -0.8961 -0.2326 122.8624
400 688 -0.4247  0.0036 142.8795
432 688 -0.2719  0.0036 30.6656
464 688 -0.0305 -0.1397 128.9258
496 688 -0.1067 -0.1796 226.6102
528 688  0.0665 -0.6833 48.7948
560 688 -0.1023 -0.5710 195.0470
592 688 -0.0729 -0.4330 72.6214
624 688 -0.0093 -0.3101 54.7742
656 688 -0.0463 -0.5170 31.1096
 16 720 -0.0404 -0.0640 25.6348
 48 720 -0.0998 -0.0561 310.1511
 80 720 -0.4342 -0.0351 105.3932
112 720 -0.5277 -0.1139 186.5834
144 720 -0.3308 -0.3387 141.9868
176 720  0.3117 -0.3070 108.4313
208 720  0.3326 -0.8366 77.3496
240 720 -0.9705 -0.7830 117.6204
272 720 -0.6932 -0.3487 17.3781
304 720 -1.2404 -0.7567 82.4412
336 720 -0.4498 -0.1688 78.5313
368 720 -0.1379  0.0721 146.9037
400 720 -0.0815  0.0487 118.5770
432 720  0.3259  0.1385 136.3147
464 720  0.0468 -0.0770 67.8095
496 720  0.4978 -0.7676 123.5770
528 720  0.6379 -0.7461 217.4455
560 720  0.2266  0.0435 15.9276
592 720  0.0451 -0.1357 23.8590
624 720 -0.0517 -0.3076 144.8502
656 720 -0.0464 -0.2982 107.6600
 16 752 -0.0013 -0.0204 74.8773
 48 752 -0.0644 -0.0280 190.7932
 80 752 -0.0518 -0.0719 290.1419
112 752 -0.0721 -0.1110 127.9164
144 752 -0.0547 -0.1640 190.8922
176 752 -0.2032 -0.2243 51.3344
208 752 -0.2911 -0.3923 127.7504
240 752 -0.7619 -0.8023 95.0902
272 752 -0.3611 -0.3123 16.4882
304 752 -0.3236 -0.3388 147.6564
336 752  0.0394 -0.2228 90.7754
368 752 -0.0150 -0.0533 144.0584
400 752  0.1530  0.0298 118.7746
432 752  0.6899  0.2007 105.8858
464 752  0.8276 -0.1388 168.6780
496 752  1.3760 -0.7768 50.3566
528 752  0.2024 -0.4224 21.1075
560 752  0.4994  0.1464  9.1953
592 752  0.1766  0.2294 10.5191
624 752 -0.0952  0.0450  9.3428
656 752 -0.0290  0.0057 20.3042
 16 784  0.0761 -0.0232 60.2036
 48 784 -0.0145 -0.0232 60.5814
 80 784 -0.0206 -0.0445 307.5135
112 784 -0.0393 -0.2019 198.7710
144 784 -0.0543 -0.0950 195.5388
176 784 -0.1000 -0.1744 200.5968
208 784 -0.2323 -0.2624 177.4971
240 784 -0.0509 -0.1790 149.4863
272 784 -0.5775 -0.5631 80.9505
304 784 -0.1231 -0.2276 92.3763
336 784  0.0173 -0.2525 170.9676
368 784  0.3287 -0.0540 111.8498
400 784  1.0441  0.1581 137.7458
432 784  1.2688  0.0627 169.5443
464 784  1.4717 -0.1657 79.6551
496 784  0.8758 -0.3928 20.7325
528 784  0.0433 -0.0250 16.6517
560 784  0.1721  0.1717  9.5349
592 784  0.1136  0.1141 24.1592
624 784 -0.0129  0.0049 20.7510
656 784 -0.0105  0.0242  8.1579
 16 816  0.0732 -0.0029 46.4650
 48 816  0.0017 -0.0464 19.7174
 80 816  0.0766 -0.0768 188.4386
112 816  0.0393 -0.1552 58.0654
144 816  0.0246 -0.1478 155.4939
176 816  0.0308 -0.2480 216.9103
208 816 -0.0620 -0.1938 139.5767
240 816 -0.0203 -0.6183 222.9117
272 816 -0.0431 -0.5800 30.2776
304 816 -0.0283 -0.0594 12.3263
336 816  0.2256 -0.2053 26.8938
368 816  0.6289 -0.1354 112.3233
400 816  1.1597  0.0677 124.1595
432 816  1.7243  0.1105 106.6229
464 816  1.5043 -0.0712 35.1944
496 816  0.1616 -0.0975 13.6480
528 816  0.0499  0.0148  6.9362
560 816  0.0588  0.0847  7.5105
592 816  0.0569  0.0053 14.9880
624 816  0.0323  0.0542  9.6959
656 816 -0.0009  0.0013 12.0541
 16 848  0.0349 -0.0208 39.6524
 48 848  0.0832  0.1489 51.1411
 80 848  0.0398 -0.0520 44.5854
112 848  0.1376 -0.0941 154.0253
144 848  0.0854 -0.0510 259.0281
176 848  0.4521 -0.2621 91.5150
208 848  0.0662 -0.3657 178.1803
240 848  0.0811 -0.2961 165.6627
272 848  0.0340 -0.4228 54.1455
304 848  0.5948 -0.4468 153.2495
336 848  0.1988 -0.2477 81.6301
368 848  0.7430 -0.1194 188.8749
400 848  1.2306  0.0305 65.2226
432 848  1.4594  0.0564 40.3765
464 848  1.3979 -0.1287 18.1789
496 848  0.0252  0.0033 17.9027
528 848 -0.0292 -0.0169  5.3370
560 848  0.0281  0.0279 32.7552
592 848  0.0440  0.0825 20.3420
624 848  0.0143  0.0222 42.5035
656 848 -0.0000  0.0099 25.6171
 16 880  0.0219 -0.0199 27.4612
 48 880  0.0459 -0.0431 15.8317
 80 880  0.1139 -0.1428 166.9911
112 880  0.0584 -0.1546 256.4510
144 880  0.1277 -0.1185 285.9833
176 880  0.1423 -0.3060 197.0098
208 880  0.0998 -0.3259 191.8825
240 880  0.1643 -0.5446 118.6083
272 880  0.3381 -0.2707 29.5107
304 880  0.5790 -0.6659 57.4616
336 880  0.8336 -0.3439 77.2726
368 880  1.1265 -0.2046 149.4149
400 880  0.3817  0.1026 15.1510
432 880  0.6189  0.0801 17.0548
464 880  0.7089 -0.0128 28.7155
496 880  0.0158  0.0112  5.8419
528 880 -0.0076 -0.0054  8.2620
560 880  0.0225  0.0323 49.2219
592 880 -0.0068  0.0451 43.2428
624 880  0.0028  0.0692 41.3628
656 880  0.0014  0.0665 65.2495
 16 912  0.0889 -0.0412 221.6255
 48 912  0.0011  0.0000 14.2476
 80 912  0.0592 -0.0662 264.7277
112 912  0.1817 -0.0353 66.0366
144 912  0.1162 -0.2749 157.9881
176 912  0.2238 -0.3189 195.0187
208 912  0.0964 -0.1532 32.1620
240 912  0.3765 -0.2411 31.9175
272 912  0.1098 -0.3541 247.5815
304 912  0.7360 -0.6826 52.6578
336 912  0.8743 -1.4611 72.6297
368 912  1.0069 -0.3385 47.1704
400 912  0.8192  0.1416 33.2863
432 912  0.0722  0.0272 17.1681
464 912  0.0112  0.0211  9.3338
496 912  0.0349 -0.0768  4.0554
528 912  0.0053 -0.0053  4.7941
560 912 -0.0170 -0.2321  7.4879
592 912 -0.0112 -0.2142  6.9514
624 912  0.0423 -0.0734  8.1899
656 912  0.1062 -0.0824 15.7592
 16 944  0.0324 -0.0039 33.8076
 48 944  0.0748 -0.0168 71.6921
 80 944  0.1436 -0.0529 230.2700
112 944  0.1204 -0.0958 113.3959
144 944  0.2504 -0.0871 72.9667
176 944  0.2545 -0.2199 252.8081
208 944  0.2129 -0.2586 209.5310
240 944  0.6107 -0.5873 87.1461
272 944  0.0480 -0.2977 20.0426
304 944  0.3464 -1.1195 90.3929
336 944  0.3134 -0.2607 28.4137
368 944  0.4157 -0.1904 97.9161
400 944 -0.0066  0.0241 14.1269
432 944 -0.0011 -0.0034 14.3733
464 944  0.0268  0.0025  5.6591
496 944  0.0011 -0.0122  8.2985
528 944 -0.0481  0.0159  4.5494
656 944  0.2001 -0.2041  4.5497
 16 976  0.0277  0.0075 144.6986
 48 976  0.0486 -0.0570 12.7619
 80 976  0.0775 -0.0388 213.2829
112 976 -0.0171 -0.0328 16.0404
144 976  0.1026 -0.0688 241.5994
176 976  0.1510 -0.4819 37.1143
208 976  0.1433 -0.3191 69.6446
240 976  0.0982 -0.2938 92.1489
272 976  0.3496 -0.3852 41.9320
304 976 -0.0180 -0.3404 153.1250
336 976  0.0031 -0.2132 53.5529
368 976 -0.0045 -0.0211 24.2220
400 976 -0.0062 -0.0297 12.1835
432 976 -0.0128 -0.0193  7.9444
464 976 -0.0106 -0.0077 21.8762
496 976 -0.0695 -0.1155 19.1957
528 976 -0.3164 -0.0142  5.6607
 16 1008  0.0615 -0.0182 89.9064
 48 1008  0.0975 -0.0528 50.6055
 80 1008  0.0436 -0.0173 50.7995
112 1008  0.0516 -0.1172 162.4881
144 1008  0.0949 -0.2469 151.5227
176 1008  0.1066 -0.0905 175.3502
208 1008  0.1070 -0.2718 62.0371
240 1008  0.1336 -0.3363 34.5859
272 1008  0.0378 -0.2640 50.9905
304 1008  0.0131 -0.4804 30.4093
336 1008 -0.0031 -0.0425 22.8021
368 1008 -0.0206  0.0314 11.1597
400 1008 -0.0020 -0.0449  9.7306
432 1008 -0.0205 -0.0280 17.8196
464 1008 -0.0260 -0.0407 117.8775
496 1008 -0.0436 -0.0327 25.8454
528 1008 -0.0283 -0.0146 12.7257
560 1008  0.0128 -0.0476  5.4252
 16 1040  0.0598 -0.0354 32.9954
 48 1040  0.1543 -0.0454 147.9699
 80 1040  0.1198 -0.0857 139.1266
112 1040  0.0490 -0.0495 197.3824
144 1040  0.0460 -0.0546 170.6176
176 1040  0.1069 -0.1498 161.6920
208 1040  0.0406 -0.1185 165.6149
240 1040  0.0589 -0.5049 42.7015
272 1040  0.0491 -0.3193 59.7384
304 1040 -0.0298 -0.1527 211.4163
336 1040 -0.0125 -0.0805 42.9225
368 1040  0.0123  0.0107 12.5196
400 1040  0.0040  0.0026 42.8301
432 1040 -0.0291 -0.0455 22.8255
464 1040 -0.0381 -0.0229 126.6038
496 1040 -0.0238 -0.0833 26.9248
528 1040 -0.1873  0.2193  8.4886
560 1040  0.0214  0.0163 11.9827
592 1040  0.0774  0.0155  5.4962
 16 1072  0.0517 -0.0222 66.1479
 48 1072  0.0668 -0.0247 30.0369
 80 1072  0.0644 -0.0224 114.7751
112 1072  0.0481 -0.0341 36.5001
144 1072  0.0536 -0.1645 119.1046
176 1072  0.0595 -0.1078 281.9408
208 1072  0.0111 -0.0554 25.8429
240 1072  0.0699 -0.0972 131.3596
272 1072  0.0135 -0.2041 23.7725
304 1072 -0.0261 -0.1605 155.2875
336 1072 -0.0057 -0.2421 172.0349
368 1072 -0.0388 -0.0398 92.1170
400 1072 -0.0155 -0.0481 87.6825
432 1072  0.0052 -0.0462 276.8901
464 1072 -0.0137 -0.0337 32.4045
496 1072  0.0487 -0.0212 18.0828
528 1072 -0.0310  0.0553 15.5694
560 1072 -0.0259  0.0220 10.3085
592 1072 -0.0061 -0.0250 10.5415
624 1072  0.1082 -0.0071  5.6244
656 1072  0.0886  0.0324  5.8023
 16 1104  0.0390 -0.0169 76.8504
 48 1104  0.0101 -0.0182 30.8448
 80 1104  0.0455 -0.0321 221.7730
112 1104  0.1034 -0.1162 32.5429
144 1104  0.0448 -0.0741 119.9841
176 1104  0.1391 -0.2400 143.7290
208 1104  0.0447 -0.0968 71.8488
240 1104  0.0503 -0.2911 205.0177
272 1104  0.0302 -0.2006 77.4029
304 1104  0.0516 -0.1690 117.4818
336 1104 -0.0056 -0.1369 210.6058
368 1104 -0.0047 -0.0817 151.2809
400 1104 -0.0301 -0.0878 132.7247
432 1104 -0.0031 -0.0511 52.7829
464 1104  0.0051 -0.0619 34.6096
496 1104  0.0022 -0.0071 14.8316
528 1104 -0.0052  0.0105 32.6976
560 1104 -0.0302  0.3893 11.2072
592 1104  0.0241  0.0987 14.9897
624 1104  0.0068 -0.0077 14.6143
656 1104  0.1460  0.0268 13.3771
 16 1136 -0.0097 -0.0195 19.3524
 48 1136  0.0155 -0.0426 15.8461
 80 1136  0.0400 -0.0192 216.5875
112 1136  0.0494 -0.1225 48.5489
144 1136  0.0114 -0.0285 162.1185
176 1136  0.1309 -0.0543 135.4360
208 1136  0.0437 -0.0571 125.8758
240 1136  0.0393 -0.1108 34.5831
272 1136  0.0170 -0.1422 95.9505
304 1136  0.0221 -0.1048 99.7288
336 1136  0.0226 -0.0902 106.8469
368 1136 -0.0149 -0.0855 152.6342
400 1136  0.0101 -0.0710 136.5201
432 1136 -0.0003 -0.0493 33.5333
464 1136  0.0046 -0.0193 24.5716
496 1136  0.0498 -0.0592 27.2670
528 1136  0.0063 -0.0146 13.7511
560 1136 -0.0323  0.0539 24.4470
592 1136 -0.1693  0.0202 11.6854
624 1136 -0.0089  0.0212 11.3574
656 1136  0.0232  0.1314 14.0375
 16 1168  0.0159  0.0011 21.5900
 48 1168  0.0339 -0.0388 15.3100
 80 1168  0.0313 -0.0329 128.5289
112 1168  0.0277 -0.0534 62.8122
144 1168  0.0234 -0.0764 90.7640
176 1168  0.0410 -0.0668 85.5218
208 1168  0.0090 -0.1235 220.7564
240 1168  0.0254 -0.1068 120.5273
272 1168  0.0229 -0.1142 37.7697
304 1168  0.0004 -0.0816 87.3296
336 1168  0.0363 -0.1017 199.5254
368 1168  0.0135 -0.0771 165.1329
400 1168  0.0129 -0.0851 148.9306
432 1168  0.0068 -0.0459 58.3913
464 1168  0.0023 -0.0687 278.0355
496 1168 -0.0464 -0.0234 15.4064
528 1168  0.0016  0.0033 14.2148
560 1168 -0.0252 -0.0109 11.2470
592 1168 -0.0016 -0.0295 14.5733
624 1168 -0.0188  0.0084 10.9246
656 1168 -0.0126  0.0034 10.9686
 16 1200  0.0698  0.0037 20.9550
 48 1200 -0.0274 -0.0179 16.9354
 80 1200  0.0023 -0.0315 18.2608
112 1200  0.0230 -0.0205 30.4582
144 1200  0.0085 -0.1039 98.6167
176 1200  0.1493 -0.0774 203.2063
208 1200  0.0103 -0.0512 139.6704
240 1200  0.0349 -0.0826 212.3183
272 1200  0.0224 -0.0653 64.1686
304 1200  0.1263 -0.0564 56.3566
336 1200  0.0691 -0.0743 124.0605
368 1200  0.0344 -0.1734 119.3156
400 1200  0.0137 -0.1492 233.6131
432 1200  0.0257 -0.0595 66.3236
464 1200  0.0306 -0.0381 35.1202
496 1200 -0.0217 -0.0088 16.1854
528 1200 -0.0189  0.0098 15.3351
560 1200  0.0277 -0.0052 12.0849
592 1200  0.0040 -0.0399 16.8056
624 1200  0.0162 -0.1091 49.8832
656 1200 -0.0516  0.0113 39.1880
  0   0 -0.0561 -0.0014  0.0000
  0   0 -0.0606 -0.0265  0.0000
  0   0 -0.0905 -0.0368  0.0000
  0   0 -0.1100  0.0202  0.0000
  0   0 -0.0745  0.0824  0.0000
  0   0 -0.0630  0.0970  0.0000
  0   0 -0.0410  0.0865  0.0000
  0   0 -0.0290  0.1018  0.0000
  0   0  0.0090  0.0964  0.0000
  0   0  0.0544  0.0718  0.0000
  0   0 -0.0068  0.0201  0.0000
  0   0 -0.0341 -0.0376  0.0000
