VARIABLES= "X pix", "Y pix", "U pix/dt", "V pix/dt", "CHC", ZONE I=21, J=30
 16 272 -0.0054 -0.1727 30.6778
 48 272 -0.1974 -0.2345 209.2955
 80 272 -0.0558 -0.0974 290.0628
112 272 -0.1106 -0.0897 93.6515
144 272  0.0146 -0.0835 28.6003
176 272 -0.0742 -0.0703 84.0093
208 272 -0.0115 -0.0967 293.2162
240 272  0.0205 -0.0142 104.2207
272 272  0.0452 -0.0160 168.0172
304 272  0.0485 -0.0182 174.6867
336 272  0.0491  0.0355 117.9834
368 272  0.0635  0.0585 121.0423
400 272  0.0585  0.0201 327.9860
432 272  0.0620  0.0503 210.1762
464 272  0.0629  0.0539 97.0693
496 272  0.0700  0.1284 101.8999
528 272  0.0772  0.0309 107.2803
560 272  0.0346  0.0354 56.1070
592 272  0.0908  0.0168 145.5707
624 272  0.0485  0.0055 218.8505
656 272  0.0485 -0.0271 166.2117
 16 304 -0.0525 -0.1230 95.1138
 48 304 -0.0582 -0.1469 195.1268
 80 304 -0.1010 -0.1918 186.5849
112 304 -0.0088 -0.1107 261.5228
144 304 -0.0444 -0.0890 192.1030
176 304 -0.0392 -0.1079 48.2509
208 304 -0.0640 -0.0587 149.7078
240 304 -0.0387 -0.0473 285.7627
272 304  0.0060 -0.0177 31.9945
304 304  0.0278 -0.0066 200.8304
336 304  0.0987  0.0205 56.4307
368 304  0.0348  0.0158 98.0285
400 304  0.0431  0.0300 303.6273
432 304  0.0739  0.0456 224.1525
464 304  0.0399  0.0470 298.3508
496 304  0.0776  0.0691 75.7206
528 304  0.0444  0.0523 155.6712
560 304  0.0333  0.0759 263.6058
592 304  0.0443  0.0304 101.8272
624 304  0.0445  0.0289 260.9344
656 304  0.0581  0.0220 69.4399
 16 336 -0.0015 -0.0854 20.8446
 48 336 -0.0851 -0.0743 86.3041
 80 336 -0.0524 -0.1555 132.9522
112 336 -0.1768 -0.1670 196.0545
144 336 -0.0415 -0.3736 169.6066
176 336 -0.0908 -0.2062 69.9620
208 336 -0.0270 -0.0864 155.8553
240 336 -0.0383 -0.1189 188.8625
272 336  0.0067 -0.0548 229.9472
304 336  0.0236 -0.0070 169.4321
336 336  0.0144 -0.0019 204.6844
368 336  0.0476  0.0111 269.6507
400 336  0.0613  0.0609 143.9645
432 336  0.0468  0.0145 120.7760
464 336  0.0508  0.0511 98.2343
496 336  0.0494  0.0108 263.4377
528 336  0.0512  0.0751 109.5483
560 336  0.0322  0.0138 162.5444
592 336  0.0474  0.0167 178.8741
624 336  0.0673  0.0513 175.9793
656 336  0.0979  0.0042 114.4152
 16 368 -0.3703 -0.0952 31.8973
 48 368 -0.1731 -0.1455 150.3016
 80 368 -0.1197 -0.0992 161.0992
112 368 -0.1742 -0.4811 150.2968
144 368 -0.2627 -0.1412 108.5081
176 368 -0.0576 -0.2165 80.0644
208 368 -0.1305 -0.2406 162.6403
240 368 -0.0888 -0.1059 264.7427
272 368 -0.0111 -0.1137 162.8174
304 368 -0.0146 -0.0293 264.5695
336 368  0.0129  0.0062 271.9878
368 368  0.0331  0.0055 238.0740
400 368  0.0188  0.0107 220.9084
432 368  0.0507  0.0298 156.0527
464 368  0.0091  0.0488 134.4614
496 368  0.0708  0.0790 162.8695
528 368  0.0562  0.0350 135.3180
560 368  0.0706  0.0216 67.5064
592 368  0.0069  0.0342 144.4629
624 368  0.0819 -0.0030 210.0827
656 368  0.0604  0.0089 97.0170
 16 400 -0.0941 -0.1332 22.5315
 48 400 -0.6421 -0.1489 40.9170
 80 400 -0.2459 -0.2512 275.5476
112 400 -0.0489 -0.1323 248.4708
144 400 -0.1556 -0.2070 169.0311
176 400 -0.1452 -0.1639 152.5959
208 400 -0.1024 -0.2868 126.4264
240 400 -0.0771 -0.0957 80.8897
272 400 -0.0560 -0.0373 40.8044
304 400 -0.0133 -0.0324 166.6522
336 400  0.0109 -0.0019 85.6877
368 400  0.0157  0.0114 138.3072
400 400  0.0324  0.0203 220.8036
432 400 -0.0071  0.0208 150.5280
464 400  0.0059  0.0145 152.5037
496 400  0.0075  0.0458 61.0053
528 400  0.0498  0.0556 84.9911
560 400  0.0385  0.0321 70.9054
592 400  0.0175  0.0183 123.4344
624 400  0.0672 -0.0109 157.5016
656 400 -0.0030 -0.0387 151.6018
 16 432 -0.4150 -0.3029 39.0290
 48 432 -0.6425 -0.7170 37.8197
 80 432 -0.4624 -0.3556 148.4260
112 432 -0.2229 -0.5564 161.9590
144 432 -0.1846 -0.2932 191.0215
176 432 -0.5109 -0.1264 222.5898
208 432 -0.3408 -0.1398 234.6771
240 432 -0.1954 -0.2632 201.4963
272 432 -0.0386 -0.1249 30.0168
304 432 -0.0296 -0.0469 139.9045
336 432 -0.0038 -0.0026 205.4571
368 432  0.0039 -0.0117 162.0446
400 432  0.0109 -0.0033 246.5808
432 432  0.0222  0.0210 132.2769
464 432  0.0112  0.0254 202.3329
496 432  0.0235  0.0213 156.6354
528 432  0.0198  0.0583 75.7676
560 432  0.0443  0.0436 142.9423
592 432  0.0588  0.0577 81.5690
624 432  0.0458  0.0069 101.3517
656 432  0.0469  0.0268 137.4344
 16 464 -0.7861 -0.1541 30.7437
 48 464 -0.1235 -0.6376 110.3439
 80 464 -1.0473 -0.3486 199.3472
112 464 -0.2547 -0.6296 195.4684
144 464 -0.0760 -0.2373 219.1160
176 464 -0.1686 -0.2098 322.2795
208 464 -0.1774 -0.2928 135.7136
240 464 -0.3569 -0.1967 96.0204
272 464 -0.1030 -0.0971 86.6657
304 464 -0.1122 -0.1357 271.2083
336 464 -0.0407 -0.0315 94.5820
368 464 -0.0397 -0.0433 255.6363
400 464 -0.0268 -0.0118 114.2192
432 464  0.0113  0.0420 231.5947
464 464 -0.0000  0.0472 125.6291
496 464  0.0087  0.1056 186.3495
528 464 -0.0067  0.0469 172.9507
560 464  0.0314  0.0449 160.3513
592 464  0.0226 -0.0125 81.7953
624 464  0.0108  0.0011 192.9602
656 464  0.0755 -0.0388 341.8180
 16 496 -0.1998 -0.1965 55.0774
 48 496 -0.1509 -0.1633 41.8653
 80 496 -0.1932 -0.2383 89.5882
112 496 -0.7437 -0.7470 183.0797
144 496 -0.1352 -0.3007 81.6149
176 496 -0.3212 -0.5301 190.3925
208 496 -0.1391 -0.1901 31.4012
240 496 -0.1319 -0.3179 51.4739
272 496 -0.1609 -0.1030 37.5457
304 496 -0.0686 -0.0853 19.9895
336 496 -0.1051 -0.1460 105.1297
368 496 -0.0659 -0.0305 61.4533
400 496 -0.0343  0.0001 170.8157
432 496 -0.0449  0.0493 81.9453
464 496 -0.0265  0.0104 208.4969
496 496 -0.0380  0.0900 135.0478
528 496 -0.0373  0.0111 38.8671
560 496  0.0134 -0.0033 77.9145
592 496  0.0077 -0.0412 25.6586
624 496  0.0410 -0.0337 172.5529
656 496  0.0538 -0.1282 119.5551
 16 528 -0.6666 -0.1035 84.2742
 48 528 -0.1382 -0.1186 39.5887
 80 528 -0.2793 -0.3415 271.6577
112 528 -0.5675 -0.7774 44.7898
144 528 -0.6677 -0.6815 176.2599
176 528 -0.6195 -0.4804 113.0200
208 528 -0.1858 -0.6035 107.1245
240 528 -0.4083 -0.3536 186.5889
272 528 -0.0802 -0.3261 121.6989
304 528 -0.3170 -0.3520 177.8773
336 528 -0.1847 -0.1780 127.8383
368 528 -0.0849 -0.0741 25.6319
400 528 -0.0738 -0.0299 169.9080
432 528 -0.0487  0.0375 137.1082
464 528 -0.0208  0.0394 223.9113
496 528 -0.0909  0.0242 227.9129
528 528 -0.0317  0.0060 365.8786
560 528 -0.0034  0.0110 191.7794
592 528  0.0007  0.0353 63.9323
624 528  0.0119 -0.0112 75.6436
656 528  0.0257 -0.0663 192.6904
 16 560 -0.2787 -0.1343 19.4106
 48 560 -0.4833 -0.5588 87.1781
 80 560 -0.1723 -0.2041 91.9612
112 560 -0.1136 -0.2796 36.7214
144 560 -0.2830 -0.4090 176.4785
176 560 -0.1890 -0.1527 51.6984
208 560 -0.2650 -0.1685 148.0084
240 560 -0.5891 -0.3869 52.8020
272 560 -0.4086 -0.1955 142.5452
304 560 -0.2243 -0.1526 101.9664
336 560 -0.2966 -0.4590 161.2995
368 560 -0.2618 -0.0520 27.2219
400 560 -0.0879 -0.0127 139.8525
432 560 -0.1408  0.0094 102.6501
464 560 -0.0694  0.0104 30.9838
496 560 -0.0649 -0.0138 90.8971
528 560 -0.0424  0.0147 97.1302
560 560  0.0028 -0.0016 237.6652
592 560 -0.0083 -0.0249 59.3823
624 560  0.0124 -0.0754 144.3717
656 560  0.0149 -0.0543 219.4511
 16 592 -0.1860 -0.0314 21.6930
 48 592 -0.2447 -0.5078 139.6142
 80 592 -0.4528 -0.2441 97.1315
112 592 -0.2843 -0.1356 10.4024
144 592 -0.8792 -0.6262 182.7297
176 592 -0.2820 -0.4814 71.6122
208 592 -0.6889 -0.4409 232.6775
240 592 -0.8538 -0.5580 206.6250
272 592 -0.4146 -0.1366 191.3389
304 592 -0.2905 -0.3530 177.4398
336 592 -0.2590 -0.1839 143.0201
368 592 -0.2288 -0.0903 228.2172
400 592 -0.1672 -0.0798 59.7226
432 592 -0.1776  0.0035 75.8359
464 592 -0.1402  0.0544 176.0538
496 592 -0.1225  0.0278 154.8867
528 592 -0.0533 -0.0478 172.5112
560 592 -0.0288 -0.0631 158.7726
592 592  0.0092 -0.0189 165.5640
624 592 -0.0072  0.0082 35.3214
656 592 -0.0121 -0.1148 295.1621
 16 624 -0.1050 -0.0358 30.0299
 48 624 -0.1494 -0.2954 49.9125
 80 624 -0.4118 -0.3982 174.5790
112 624 -0.2099 -0.3963 158.9553
144 624 -0.6837 -0.7210 216.1100
176 624 -1.3476 -0.7433 128.9872
208 624 -0.3853 -0.6455 215.5541
240 624 -0.5590 -0.8106 120.3610
272 624 -0.9529 -0.5949 69.4586
304 624 -1.0905 -0.6984 155.6111
336 624 -0.1752 -0.2316 128.1225
368 624 -0.4004 -0.2655 189.1409
400 624 -0.3438 -0.0368 176.4276
432 624 -0.1676  0.0114 23.6049
464 624 -0.0654  0.0285 173.5399
496 624 -0.0445  0.0259 203.2531
528 624 -0.0160 -0.0096 178.3768
560 624 -0.0211 -0.0638 141.4550
592 624  0.0235 -0.0215 75.4654
624 624  0.0195  0.0077 26.9696
656 624 -0.0417  0.0290 132.1577
 16 656 -0.1161 -0.0575 39.8675
 48 656 -0.2111 -0.2248 324.6251
 80 656 -0.1534 -0.3957 318.7179
112 656 -0.7610 -0.2532 109.1265
144 656 -0.4196 -0.2472 148.4336
176 656 -0.5608 -0.5946 180.1683
208 656 -1.0758 -0.7724 176.8813
240 656 -0.5564 -0.6546 87.9257
272 656 -0.4547 -0.6666 196.1194
304 656 -0.3908 -0.2612 24.9767
336 656 -0.3112 -0.3274 209.3916
368 656 -0.2007 -0.1481 79.2193
400 656 -0.1307 -0.0505 149.6419
432 656 -0.0297 -0.0229 313.3082
464 656 -0.0187 -0.0012 123.4376
496 656  0.0737 -0.0777 92.4210
528 656  0.0831 -0.0967 190.9872
560 656  0.1891 -0.0654 222.5454
592 656  0.1438 -0.1010 175.9890
624 656  0.0513  0.1890 69.8301
656 656 -0.1154  0.4504 96.6695
 16 688  0.0068 -0.0433 24.6423
 48 688 -0.0431 -0.2503 186.0893
 80 688 -0.3091 -0.2423 115.8191
112 688 -0.1314 -0.1073 153.7924
144 688 -0.2218 -0.4974 215.2570
176 688 -0.3092 -0.3748 44.3311
208 688 -0.5708 -0.3108 179.3754
240 688 -0.6656 -0.4304 47.9449
272 688 -0.7021 -0.7155 231.4530
304 688 -0.5420 -0.2706 59.8468
336 688 -0.2385 -0.1787 199.9560
368 688 -0.2282 -0.1415 173.1431
400 688  0.0117 -0.0732 106.5896
432 688  0.1329  0.0346 187.2171
464 688  0.2595 -0.0154 90.6924
496 688  0.2207 -0.0260 114.0648
528 688  0.2781 -0.0871 13.1144
560 688  0.6307 -0.0126 154.6065
592 688  0.1075  0.0071 12.6843
624 688  0.2526  0.1363 112.9118
656 688  0.0310 -0.0194 113.9933
 16 720  0.0579 -0.0511 35.7878
 48 720  0.0003 -0.0654 191.2636
 80 720 -0.0409 -0.1584 189.3580
112 720 -0.0240 -0.0950 236.0943
144 720 -0.0681 -0.2946 216.9960
176 720 -0.1204 -0.2304 325.4182
208 720 -0.6270 -0.7221 155.3235
240 720 -0.2656 -0.4821 234.5172
272 720  0.0748 -0.0942 48.7940
304 720 -0.2184 -0.5296 165.2029
336 720 -0.0644 -0.4474 195.9444
368 720  0.0332 -0.2062 93.3309
400 720  0.2055 -0.0604 195.4552
432 720  0.2154 -0.0383 49.7930
464 720  0.8941 -0.2213 132.5284
496 720  0.8030 -0.2762 106.9106
528 720  0.8953 -0.3910 119.8012
560 720  1.0431 -0.1922 67.3311
592 720  0.5728  0.1122 30.6487
624 720  0.2768  0.4765 69.4975
656 720  0.0485  0.1956 14.6174
 16 752  0.0147 -0.0521 55.7057
 48 752  0.0330 -0.1420 45.5187
 80 752  0.0346 -0.0946 81.5886
112 752 -0.0010 -0.3762 227.2793
144 752  0.0397 -0.1006 162.3517
176 752 -0.2115 -0.6407 239.8355
208 752 -0.0769 -0.3178 308.6313
240 752 -0.4193 -0.4046 120.5001
272 752 -0.3648 -0.3269 91.1940
304 752 -0.1235 -0.2151 72.7455
336 752  0.0021 -0.2623 74.9414
368 752  0.1004 -0.1804 40.4217
400 752  0.2671 -0.1940 174.3631
432 752  0.3532 -0.1309 26.1259
464 752  0.7418 -0.0900 59.5331
496 752  1.1085 -0.4170 23.9979
528 752  1.0706 -0.5035 24.7735
560 752  0.0364 -0.0157 17.1359
592 752  0.1927  0.4212  9.8462
624 752  0.3855  0.2024 17.2743
656 752  0.2482 -0.0684 25.3054
 16 784  0.1486 -0.0186 24.2231
 48 784  0.0312 -0.0461 256.5421
 80 784  0.1108 -0.1094 215.1584
112 784  0.1833 -0.2315 87.7456
144 784  0.0259 -0.1647 58.0243
176 784  0.0076 -0.2663 235.7463
208 784 -0.0270 -0.3009 89.5186
240 784 -0.0864 -0.4619 103.7334
272 784 -0.0024 -0.2503 468.6174
304 784 -0.0002 -0.6773 215.8810
336 784  0.1091 -0.2441 120.6945
368 784  0.4076 -0.5193 91.8813
400 784  0.9103 -0.1790 37.9643
432 784  0.9297 -0.3209 131.1525
464 784  0.9940 -0.5756 93.4173
496 784  1.2643 -0.7462 52.8804
528 784 -0.0383 -0.0477 20.9507
560 784 -0.3862 -0.2780  8.1964
592 784 -0.1245  0.0059  8.4842
624 784  0.0777  0.1536 21.4294
656 784  1.0823  0.0844 116.1663
 16 816  0.1272  0.0008 18.1195
 48 816  0.1517 -0.0344 22.3590
 80 816  0.1652 -0.0926 199.4359
112 816  0.0840 -0.0217 28.2848
144 816  0.0860 -0.2266 169.4702
176 816  0.1152 -0.2120 177.1025
208 816  0.0355 -0.3533 39.6476
240 816  0.0481 -0.3581 81.7773
272 816  0.1076 -0.4701 29.0955
304 816  0.0951 -0.4864 135.4503
336 816  0.3161 -0.2776 121.5005
368 816  0.6449 -0.3559 232.2024
400 816  0.6716 -0.2741 67.6995
432 816  0.9642 -0.2652 45.3660
464 816  0.9808 -0.4465 45.0913
496 816  0.3228 -0.1688 26.2805
528 816 -0.4120 -0.1499  7.1925
560 816 -0.3091 -0.4428  6.3872
592 816 -0.0047 -0.0886 78.0443
624 816  0.6216  0.0590 84.9452
656 816  0.4593  0.0074 17.2920
 16 848  0.0391 -0.0010 15.9151
 48 848  0.0164 -0.0231 16.2342
 80 848  0.0953 -0.0386 399.6227
112 848  0.1021 -0.0707 76.5666
144 848  0.0574 -0.0867 89.4827
176 848  0.0932 -0.1573 316.9575
208 848  0.1630 -0.1792 101.2143
240 848  0.3016 -0.4032 156.3046
272 848  0.1743 -0.0667 11.3990
304 848  0.1418 -0.3735 87.7243
336 848  0.1784 -0.4962 54.8168
368 848  0.7595 -0.7976 139.3027
400 848  0.6372 -0.3162 52.4197
432 848  0.2426 -0.2280 29.0195
464 848  0.3730 -0.4643 18.1616
496 848 -0.1328 -0.1917 17.6379
528 848 -0.3441 -0.2120  5.4010
560 848 -0.0493  0.0001 10.7048
592 848  0.1054  0.0019 43.0780
624 848  0.4132 -0.1995 42.1955
656 848  0.0523 -0.0025 29.7260
 16 880  0.3028 -0.0131 26.1125
 48 880  0.1174 -0.0299 184.5037
 80 880  0.1784 -0.0553 79.3567
112 880  0.1536 -0.1472 224.4642
144 880  0.2209 -0.1105 36.6983
176 880  0.1457 -0.2713 207.8640
208 880  0.1985 -0.1876 31.5272
240 880  0.3470 -0.3168 81.2493
272 880  0.1561 -0.7977 119.4211
304 880  0.3241 -0.4811 111.7968
336 880  0.6313 -0.7019 144.0801
368 880  0.7187 -0.9444 70.3221
400 880  0.5109 -0.3802 102.3711
432 880  0.5660 -0.2828 19.7609
464 880  0.1101 -0.1635 25.4513
496 880 -0.1502 -0.1104  5.6341
528 880 -0.0720 -0.1180  9.3324
560 880 -0.0030  0.0210 15.7987
592 880  0.0639  0.0399  8.1264
624 880  0.2330 -0.0540 26.3385
656 880  0.0532 -0.0401 12.5880
 16 912  0.3831 -0.0196 65.2261
 48 912  0.1298 -0.0066 206.2319
 80 912  0.1219 -0.1181 165.5765
112 912  0.2509 -0.0666 136.4709
144 912  0.2162 -0.1045 110.7686
176 912  0.1282 -0.1628 128.6071
208 912  0.2134 -0.1826 183.0966
240 912  0.5143 -0.4037 70.9711
272 912  0.0414 -0.1858 12.8004
304 912  0.6452 -0.3505 153.3140
336 912  0.2044 -0.5563 219.5235
368 912  0.0934 -0.2742 61.8170
400 912  0.0921 -0.1505 19.8361
432 912 -0.0122 -0.0061 19.4289
464 912 -0.1473 -0.1448  8.7677
528 912 -0.0190  0.0190  5.2539
560 912 -0.0051  0.0191  7.0495
592 912  0.0090  0.0188  4.3095
624 912  0.0883 -0.0773  8.5565
656 912 -0.0907 -0.0859  7.7957
 16 944  0.0871 -0.0176 22.5183
 48 944  0.1551 -0.0765 19.2349
 80 944  0.1221 -0.0328 173.4050
112 944  0.0970 -0.1805 148.2378
144 944  0.0971 -0.0804 196.6127
176 944  0.5929 -0.1293 83.6453
208 944  0.1739 -0.3077 122.3075
240 944  0.1288 -0.2545 135.3310
272 944  0.4947 -0.6379 80.2007
304 944  0.1608 -0.4487 103.6178
336 944  0.0471 -0.3515 58.8311
368 944 -0.4037 -0.3548 35.0660
400 944 -0.1015 -0.3410 13.9670
432 944 -0.9887 -0.3277 10.0978
464 944 -0.3700 -0.1418  5.7892
496 944 -0.0005  0.0566  6.0229
528 944  0.0145  0.0000  4.1124
624 944  0.1388 -0.0620  4.9947
656 944 -0.1461 -0.0399  4.9903
 16 976  0.1807 -0.0067 31.6395
 48 976  0.0448 -0.0554 50.0081
 80 976  0.1076 -0.0506 183.8268
112 976  0.2414 -0.0007 25.0810
144 976  0.2765 -0.1017 152.2245
176 976  0.1821 -0.1604 137.1795
208 976  0.1722 -0.1909 108.2066
240 976  0.1418 -0.4259 94.9069
272 976  0.1154 -0.5597 90.9862
304 976 -0.0120 -0.2215 160.2572
336 976 -0.1783  0.0129 52.3583
368 976 -0.0883 -0.7005 21.2112
400 976 -0.0499 -0.5168  7.8751
432 976 -0.2574 -0.5084  9.1208
464 976 -0.2720 -0.1088 22.8735
496 976 -0.0146 -0.0069  7.7402
528 976 -0.0060 -0.0282  4.7472
 16 1008  0.0239  0.0197 23.8025
 48 1008  0.1950 -0.0123 54.7328
 80 1008  0.4552  0.0014 209.5110
112 1008  0.2306 -0.0414 148.7539
144 1008  0.0684 -0.0212 127.0259
176 1008  0.1446 -0.1115 219.3024
208 1008  0.0575 -0.0838 47.5350
240 1008  0.1060 -0.0930 75.1931
272 1008  0.1375 -0.2764 113.6225
304 1008 -0.0076 -0.0162 32.8500
336 1008 -0.0226  0.1739 27.0160
368 1008  0.0370  0.0197  9.7791
400 1008 -0.0077 -0.0817  9.4888
432 1008 -0.0169 -0.1048 27.9135
464 1008 -0.2576 -0.1908 52.2116
496 1008  0.0158 -0.0118 20.8859
528 1008 -0.0142  0.0537 12.2612
560 1008 -0.0640  0.1176  6.3292
 16 1040  0.4913 -0.0089 127.1490
 48 1040  0.1246  0.0610 169.3141
 80 1040  0.1337 -0.0727 233.8502
112 1040  0.1333 -0.0776 96.9103
144 1040  0.1192 -0.0468 145.0462
176 1040  0.1544 -0.1725 101.2770
208 1040  0.0322 -0.1122 54.4072
240 1040  0.1365 -0.1082 55.8628
272 1040  0.0016 -0.0427 22.1001
304 1040  0.1229 -0.0408 58.1185
336 1040  0.3242  0.0540 67.3724
368 1040  0.1440 -0.0348 11.3869
400 1040  0.1993 -0.1856 40.8059
432 1040 -0.0150 -0.2373 15.1090
464 1040  0.0265 -0.4370 89.2813
496 1040  0.0023 -0.0304 19.0214
528 1040  0.0272 -0.0043 11.6104
560 1040 -0.0220 -0.0280 13.2634
592 1040 -0.1241 -0.0331  6.5629
 16 1072  0.1969 -0.0133 100.2196
 48 1072  0.1480 -0.0154 149.0553
 80 1072  0.0890  0.0913 46.0628
112 1072  0.1051  0.0219 16.3274
144 1072  0.0999 -0.0998 115.9739
176 1072  0.2278 -0.1534 130.9494
208 1072  0.1811 -0.0256 41.3677
240 1072  0.4336 -0.0651 52.8156
272 1072  0.0621 -0.0438 27.7491
304 1072  0.2725 -0.0874 188.3904
336 1072  0.1813 -0.0563 119.7357
368 1072  0.2143 -0.0702 40.6402
400 1072  0.3316 -0.0042 18.0858
432 1072  0.3057 -0.4139 60.7823
464 1072 -0.0137  0.0005  9.7992
496 1072  0.0446  0.0077 14.8149
528 1072  0.0009 -0.0176 11.2960
560 1072 -0.0893  0.0276  8.8973
592 1072  0.0175  0.0754  9.9092
624 1072 -0.0807  0.0698  5.7892
656 1072  0.0046  0.1199  4.7710
 16 1104  0.0436  0.0041 15.9931
 48 1104  0.0301  0.0024 32.6329
 80 1104  0.3122 -0.0183 160.3704
112 1104  0.0805 -0.0117 405.1088
144 1104  0.0797 -0.0159 43.1526
176 1104  0.1703 -0.0476 162.8097
208 1104  0.1518 -0.1051 249.7063
240 1104  0.3021 -0.0579 158.0361
272 1104  0.1085 -0.0023 42.6987
304 1104  0.1384 -0.0821 111.1836
336 1104  0.1458 -0.0570 272.5970
368 1104  0.2437 -0.3920 101.9377
400 1104  0.2064 -0.1556 100.9140
432 1104  0.0346 -0.0830 21.1166
464 1104  0.0051 -0.0026 22.3939
496 1104 -0.0046  0.0081 14.1566
528 1104 -0.0085 -0.0063 12.4936
560 1104 -0.0208 -0.0179 12.9928
592 1104  0.0114  0.0226 10.9495
624 1104  0.0056  0.0251 11.0041
656 1104 -0.0633  0.0827  9.2210
 16 1136  0.0572 -0.0168 24.7284
 48 1136  0.0589 -0.0394 16.2829
 80 1136  0.0840 -0.0078 63.0941
112 1136  0.0907 -0.0464 48.8883
144 1136  0.0520 -0.0204 26.5887
176 1136  0.2203 -0.0987 89.4273
208 1136  0.1033 -0.0817 96.5043
240 1136  0.0992 -0.0961 173.2381
272 1136  0.1324 -0.0085 29.0468
304 1136  0.0870 -0.0971 102.5538
336 1136  0.0703 -0.1538 161.3884
368 1136  0.1514 -0.2055 93.3871
400 1136  0.1193 -0.2396 127.5630
432 1136  0.2175 -0.1600 59.7395
464 1136  0.0519 -0.0968 37.1581
496 1136  0.0784 -0.1244 20.7257
528 1136 -0.0027 -0.0144 14.5394
560 1136 -0.0039  0.0015 11.1645
592 1136 -0.0297 -0.0017 13.1864
624 1136 -0.0036 -0.0136 13.9552
656 1136 -0.0010  0.0204 17.8646
 16 1168  0.0789 -0.0349 22.7932
 48 1168  0.0285 -0.0093 20.8663
 80 1168  0.4280 -0.0097 27.0078
112 1168  0.2081 -0.0069 25.1420
144 1168  0.1153 -0.0209 145.4681
176 1168  0.1121 -0.0271 67.5708
208 1168  0.0779 -0.0432 271.3182
240 1168  0.0991 -0.1020 118.7281
272 1168  0.1418 -0.0685 41.6578
304 1168  0.1807 -0.2652 52.4108
336 1168  0.3348 -0.2009 221.4653
368 1168  0.1487 -0.1067 139.7838
400 1168  0.1443 -0.1508 250.8147
432 1168  0.0751 -0.1289 25.2362
464 1168  0.1418 -0.1621 218.3751
496 1168  0.0230 -0.0290 17.3691
528 1168  0.0166 -0.0141 19.2980
560 1168 -0.0015 -0.0178 13.1012
592 1168 -0.0651 -0.0257 11.4964
624 1168  0.0071  0.0083 14.2454
656 1168  0.0067  0.0077 12.9504
 16 1200  0.0502  0.0222 16.1096
 48 1200  0.0439 -0.0005 11.7161
 80 1200  0.2143 -0.0884 167.3305
112 1200  0.1699 -0.0255 154.3886
144 1200  0.1959 -0.0432 134.0750
176 1200  0.1500 -0.0340 237.9638
208 1200  0.0290 -0.0048 112.9766
240 1200  0.1720 -0.0877 205.3927
272 1200  0.0426 -0.0916 158.6278
304 1200  0.0870 -0.1196 37.0149
336 1200  0.2648 -0.1415 308.0020
368 1200  0.0705 -0.3133 189.2861
400 1200  0.1116 -0.1951 113.6234
432 1200  0.1753 -0.0523 179.8962
464 1200  0.0853 -0.1328 25.8228
496 1200  0.0870 -0.0560 21.4664
528 1200  0.0138  0.0020 20.3955
560 1200  0.0074  0.0196 14.2047
592 1200 -0.0087 -0.0011 13.3274
624 1200  0.0231  0.0086 25.1700
656 1200  0.0464 -0.0672 26.3214
  0   0  0.1022 -0.1863  0.0000
  0   0  0.0898 -0.2231  0.0000
  0   0  0.0687 -0.1872  0.0000
  0   0 -0.0289 -0.0474  0.0000
  0   0 -0.0907  0.0231  0.0000
  0   0 -0.1451  0.0402  0.0000
  0   0 -0.1840  0.0831  0.0000
  0   0 -0.1444  0.1682  0.0000
  0   0 -0.1320  0.2320  0.0000
  0   0 -0.0916  0.2483  0.0000
  0   0 -0.0182  0.1642  0.0000
  0   0  0.2160  0.0000  0.0000
