VARIABLES= "X pix", "Y pix", "U pix/dt", "V pix/dt", "CHC", ZONE I=21, J=30
 16 272 -0.0076 -0.0454 16.5098
 48 272 -0.6367 -0.7217 62.4069
 80 272 -0.1513 -0.1364 130.2114
112 272 -0.0922 -0.0985 115.6030
144 272 -0.0885 -0.1528 76.8590
176 272 -0.0426 -0.0606 107.6722
208 272 -0.1044 -0.0835 219.3388
240 272 -0.1100 -0.0657 85.6008
272 272 -0.0337 -0.0404 145.1522
304 272 -0.0405 -0.0979 181.9124
336 272 -0.0311 -0.0275 140.1277
368 272 -0.0302 -0.0089 108.8672
400 272 -0.0203 -0.0017 60.3450
432 272 -0.1004  0.0135 174.5344
464 272 -0.0151  0.0209 167.2394
496 272  0.0016 -0.0007 90.6517
528 272  0.0171  0.0207 132.9924
560 272 -0.0133  0.0258 64.7273
592 272 -0.0001  0.0105 197.6744
624 272  0.0033  0.0049 211.5332
656 272 -0.0053 -0.0396 162.4919
 16 304 -0.1794 -0.1262 96.5161
 48 304 -0.1864 -0.4294 159.9375
 80 304 -0.1907 -0.3684 89.3522
112 304 -0.0307 -0.1427 257.3696
144 304 -0.0926 -0.1195 41.1423
176 304 -0.2315 -0.1443 223.9571
208 304 -0.1362 -0.2605 140.8360
240 304 -0.0826 -0.0458 137.4284
272 304 -0.0574 -0.0969 186.8054
304 304 -0.0690 -0.1721 248.0205
336 304 -0.0620 -0.0365 142.4453
368 304 -0.0146 -0.0398 77.3035
400 304  0.0236  0.0195 222.9584
432 304 -0.0031  0.0016 186.7541
464 304 -0.0216  0.0293 337.8819
496 304 -0.0061  0.0512 97.8650
528 304  0.0273  0.0556 121.2438
560 304 -0.0699  0.0338 335.6494
592 304  0.0090  0.0120 158.8994
624 304 -0.0275 -0.0295 183.5278
656 304  0.0044 -0.0409 55.2385
 16 336 -0.0948 -0.0884 21.1493
 48 336 -0.1770 -0.0948 156.7193
 80 336 -0.0382 -0.0685 46.3869
112 336 -0.1478 -0.4794 119.0067
144 336 -0.0696 -0.1971 70.5745
176 336 -0.0986 -0.0665 34.2086
208 336 -0.0731 -0.1417 253.4978
240 336 -0.0841 -0.1360 175.5511
272 336 -0.0638 -0.1173 294.5053
304 336 -0.0592 -0.1798 201.2874
336 336 -0.0528 -0.0563 161.0285
368 336 -0.0296 -0.0390 282.1175
400 336 -0.0311 -0.0422 180.1766
432 336  0.0054 -0.0481 123.7451
464 336 -0.0041  0.0466 116.4379
496 336  0.0085 -0.0077 11.7095
528 336 -0.0262  0.0167 98.6883
560 336  0.0003  0.0099 169.1893
592 336  0.0174  0.0423 156.3347
624 336  0.0122  0.0246 128.9733
656 336  0.0027  0.0051 158.2446
 16 368 -0.1246 -0.0868 18.4660
 48 368  0.0625 -0.3529 82.5473
 80 368 -0.2391 -0.2589 155.3992
112 368 -0.1582 -0.6939 135.3299
144 368 -0.3093 -0.1994 115.9211
176 368 -0.1628 -0.2147 338.7806
208 368 -0.1545 -0.1357 400.6411
240 368 -0.1439 -0.2543 316.9509
272 368 -0.0729 -0.1041 79.7579
304 368 -0.0845 -0.1672 142.9508
336 368 -0.0644 -0.0823 192.7689
368 368 -0.0094 -0.0894 187.8591
400 368  0.0314 -0.0471 167.4371
432 368 -0.0040 -0.0191 107.3595
464 368  0.0083 -0.0089 127.7645
496 368  0.0560  0.0516 155.9128
528 368  0.0068  0.0195 216.1014
560 368 -0.0010  0.0054 27.3516
592 368 -0.0015  0.0198 77.4825
624 368  0.0130  0.0159 283.9499
656 368 -0.0716 -0.0089 149.2469
 16 400 -0.1166 -0.1597 24.5337
 48 400 -0.4002 -0.4480 62.4800
 80 400 -0.4975 -0.2269 82.7453
112 400 -0.8921 -0.2226 155.3591
144 400 -0.1743 -0.4162 127.7396
176 400 -0.3736 -0.1629 170.9897
208 400 -0.0431 -0.0626 186.4119
240 400 -0.0636 -0.2575 114.9037
272 400 -0.1381 -0.2079 47.1393
304 400 -0.1491 -0.1183 159.4088
336 400 -0.0444 -0.1052 108.7249
368 400 -0.0748 -0.0878 144.0533
400 400 -0.0405 -0.0337 124.9023
432 400 -0.0232 -0.0387 124.2041
464 400 -0.0029 -0.0274 283.1645
496 400 -0.0109 -0.0099 75.5942
528 400  0.0429  0.0310 64.5869
560 400  0.0088  0.0309 66.8368
592 400 -0.0023  0.0292 44.8494
624 400 -0.0133  0.0103 132.6045
656 400  0.0264  0.0114 164.1624
 16 432 -0.0380 -0.0124 18.7117
 48 432 -0.5694 -0.3949 83.6656
 80 432 -0.4158 -0.3157 129.9562
112 432 -0.4481 -0.4543 213.8740
144 432 -0.1468 -0.3229 118.6437
176 432 -0.6018 -0.4818 194.3679
208 432 -0.1985 -0.3665 101.0190
240 432 -0.2708 -0.3903 87.4350
272 432 -0.0537 -0.1560 25.9482
304 432 -0.2118 -0.2929 235.5438
336 432 -0.1093 -0.1090 150.9713
368 432 -0.0519 -0.0871 138.7454
400 432 -0.0531 -0.0598 84.1597
432 432 -0.0085 -0.0229 64.9103
464 432  0.0078 -0.0431 162.7420
496 432  0.0102 -0.0116 123.5407
528 432  0.0186  0.0168 98.9993
560 432  0.0206  0.0078 148.8703
592 432  0.0597  0.0426 66.4482
624 432  0.0479  0.0066 102.6701
656 432  0.0061  0.0054 129.8950
 16 464 -0.2981 -0.2347 18.5897
 48 464 -0.2033 -0.1479 11.4731
 80 464 -0.3639 -0.4834 187.9870
112 464 -0.7439 -0.6740 274.1010
144 464 -0.3420 -0.2303 19.8649
176 464 -0.4193 -0.5290 130.6576
208 464 -0.1920 -0.2930 294.8297
240 464 -0.0816 -0.2814 116.4415
272 464 -0.0215 -0.3357 64.9250
304 464 -0.1697 -0.1677 120.3651
336 464 -0.0949 -0.1496 183.3672
368 464 -0.0930 -0.2436 125.6430
400 464 -0.0223 -0.0644 128.1989
432 464 -0.0282 -0.0515 343.4514
464 464 -0.0010 -0.0346 63.1603
496 464  0.0019 -0.0395 161.0442
528 464  0.0103 -0.0204 215.2628
560 464  0.0355  0.0235 121.1724
592 464  0.0350  0.0199 119.0179
624 464 -0.0174 -0.0052 187.6599
656 464 -0.0170  0.0187 169.2673
 16 496 -0.1356 -0.0793 19.1213
 48 496 -0.6976 -0.8222 119.8998
 80 496 -1.0978 -0.6990 42.9802
112 496 -0.3157 -0.0773 13.1665
144 496 -0.5850 -0.5410 120.8995
176 496 -0.4025 -0.5827 55.3493
208 496 -0.5368 -0.2625 162.1962
240 496 -0.5699 -0.4232 117.3373
272 496 -0.4129 -0.3641 180.3933
304 496 -0.1541 -0.2498 24.7294
336 496 -0.0641 -0.1545 142.0591
368 496 -0.0559 -0.1798 21.8735
400 496 -0.0743 -0.2144 135.4390
432 496 -0.0150 -0.1567 181.8527
464 496  0.0185 -0.1077 198.5378
496 496  0.0870 -0.0415 149.5562
528 496  0.0434 -0.0147 31.2778
560 496  0.0204  0.0333 66.1063
592 496  0.0156  0.0382 19.0272
624 496  0.0240  0.0173 197.4755
656 496 -0.0087  0.0855 102.9163
 16 528 -0.1247 -0.0431 19.1062
 48 528 -0.7341 -0.6500 84.6435
 80 528 -0.2535 -0.2492 218.9759
112 528 -0.5109 -0.3668 113.3705
144 528 -0.6464 -0.6851 35.5548
176 528 -1.2205 -0.4267 98.2694
208 528 -0.6655 -0.2896 39.3987
240 528 -0.2199 -0.2995 25.4971
272 528 -0.5349 -0.6167 99.5244
304 528 -0.2753 -0.6823 140.4206
336 528 -0.0735 -0.3442 431.3821
368 528 -0.0797 -0.3650 257.9543
400 528 -0.0550 -0.2842 134.5084
432 528 -0.0243 -0.1226 130.4372
464 528  0.0431 -0.0962 154.3901
496 528  0.0334 -0.0289 243.4880
528 528  0.0602  0.0160 114.1826
560 528  0.1196  0.0076 117.7307
592 528  0.0686  0.0815 47.1060
624 528  0.0875  0.0466 76.5814
656 528  0.0308  0.0785 156.5762
 16 560 -0.2398 -0.0944 21.7997
 48 560 -0.2847 -0.2000 97.8092
 80 560 -0.2745 -0.6793 52.6727
112 560 -0.2921 -0.2417 191.7190
144 560 -0.8251 -0.8547 66.7507
176 560 -0.1382 -0.1499 15.3145
208 560 -0.8359 -0.7354 246.1091
240 560 -1.0791 -0.6316 186.5832
272 560 -0.4529 -0.5926 59.0480
304 560 -0.6033 -0.6771 98.8592
336 560 -0.1909 -0.6132 96.5532
368 560 -0.1562 -0.4127 179.8324
400 560 -0.0575 -0.3049 127.9820
432 560  0.0000 -0.3562 103.4328
464 560  0.0901 -0.1567 63.1212
496 560  0.0767 -0.1596 159.6469
528 560  0.1449 -0.0287 118.2693
560 560  0.0919  0.0171 236.1103
592 560  0.0572  0.0881 30.3451
624 560  0.0635  0.1186 113.7361
656 560  0.0474  0.1504 214.2548
 16 592 -0.1626 -0.1677 77.1690
 48 592 -0.1877 -0.5964 20.3227
 80 592 -1.0301 -0.3690 138.9355
112 592 -0.7882 -0.4342 186.3691
144 592 -0.8495 -0.7771 218.0460
176 592 -0.3999 -0.3223 43.6505
208 592 -0.7466 -0.8200 56.4240
240 592 -0.3547 -0.3151 101.7803
272 592 -0.6333 -1.1126 68.7849
304 592 -0.5364 -0.8318 186.6128
336 592 -0.3380 -0.7299 112.2533
368 592 -0.1293 -0.5406 27.7735
400 592 -0.0503 -0.6049 162.3917
432 592  0.1371 -0.4834 107.3306
464 592  0.0996 -0.2363 202.5278
496 592  0.1798 -0.2520 185.7037
528 592  0.2379 -0.0122 106.8335
560 592  0.3039  0.0044 157.5283
592 592  0.1535  0.1482 102.2120
624 592  0.0479  0.2081 57.5245
656 592  0.0173  0.1134 25.7270
 16 624 -0.1571 -0.0599 23.5726
 48 624 -0.1665 -0.2135 170.1510
 80 624 -1.3569 -0.8375 157.9167
112 624 -0.5475 -0.4135 36.4552
144 624 -0.7695 -0.7416 87.9159
176 624 -0.8445 -0.8149 215.1438
208 624 -0.5010 -0.7427 95.2962
240 624 -1.3646 -1.3411 149.1143
272 624 -0.8921 -0.9850 53.2301
304 624 -0.7007 -1.1613 157.6498
336 624 -0.5019 -0.9000 123.6743
368 624 -0.2510 -1.1229 142.4744
400 624 -0.0674 -0.8920 185.9745
432 624  0.2523 -0.7737 33.4520
464 624  0.1316 -0.3058 19.6360
496 624  0.7283 -0.1732 114.8595
528 624  0.3753 -0.0527 117.3403
560 624  0.3193  0.0368 205.2769
592 624  0.1958  0.1000 36.0766
624 624  0.1414  0.2311 56.9370
656 624  0.0944  0.3280 103.5222
 16 656 -0.0714 -0.1005 17.2702
 48 656 -0.1382 -0.1853 68.5117
 80 656 -0.6631 -0.6469 38.9950
112 656 -0.6265 -1.3599 72.1036
144 656 -1.3758 -0.8409 147.5471
176 656 -0.9417 -0.7197 239.9812
208 656 -0.9162 -0.7810 111.8178
240 656 -1.1582 -0.8445 80.5587
272 656 -0.9688 -1.5494 57.8300
304 656 -1.0996 -1.5910 60.3142
336 656 -0.2772 -1.1608 41.0309
368 656 -0.2568 -1.3077 118.9590
400 656  0.0841 -1.4321 119.3058
432 656  0.1039 -1.3976 138.1682
464 656  0.8037 -0.7748 201.7754
496 656  1.1101 -0.1999 166.6021
528 656  0.8668  0.2350 180.8976
560 656  0.6553  0.2076 88.0450
592 656  0.4058  0.3155 210.5324
624 656  0.3291  0.3715 51.2626
656 656  0.0090  0.2433 121.2969
 16 688 -0.0930 -0.1216 72.5077
 48 688 -0.5982 -0.3584 47.8267
 80 688 -0.2032 -0.4127 91.0919
112 688 -0.5373 -0.2551 193.6303
144 688 -0.7374 -1.1050 89.5381
176 688 -0.9732 -0.5343 75.4529
208 688 -0.2554 -0.0758 18.1421
240 688 -1.0740 -0.9330 51.9265
272 688 -1.0380 -1.3220 161.9943
304 688 -1.1637 -1.1890 178.1368
336 688 -0.8779 -2.0251 146.2989
368 688 -0.5933 -2.1381 148.5989
400 688  0.0631 -2.7285 73.9010
432 688  0.3167 -1.0290 49.0100
464 688  0.1186 -0.8251 56.3485
496 688  0.5399 -0.0373 120.2469
528 688  0.6416  0.1552 40.9042
560 688  0.4835  0.2904 37.7969
592 688  0.7473  0.7004 82.1491
624 688  0.2883  0.6913 134.1518
656 688  0.0728  0.7467 99.9210
 16 720 -0.1063  0.0041 28.4092
 48 720 -0.1146 -0.1734 257.0148
 80 720 -0.1746 -0.1149 172.0583
112 720 -0.0308 -0.0714 18.4928
144 720 -0.2978 -0.1542 194.5340
176 720 -0.9141 -0.6004 138.5897
208 720 -1.2523 -0.8834 43.3286
240 720 -0.9507 -0.9024 17.1267
272 720 -1.1525 -1.0291 20.2782
304 720  0.0097 -0.1096 12.0105
336 720 -1.2414 -1.7681 53.4588
368 720 -0.9587 -2.4182 26.1822
400 720 -0.1935  0.0758 52.9001
432 720 -3.1192  0.4841 19.9562
464 720 -3.4569 -0.5746 118.8011
496 720 -1.3286 -0.6021 38.2027
528 720 -0.7532 -0.3372 69.8503
560 720 -0.1426  0.2306 55.9680
592 720  0.1438  0.6247 85.3686
624 720  0.1102  0.3615 19.5614
656 720  0.1514  0.6281 94.1036
 16 752 -0.0435 -0.0761 62.4125
 48 752 -0.0365 -0.1382 39.8738
 80 752 -0.3048 -0.1475 74.3271
112 752 -0.1729 -0.5611 186.7471
144 752 -0.0629 -0.2328 76.1868
176 752 -0.2296 -0.3201 189.4222
208 752 -0.8973 -0.6398 88.1767
240 752 -0.3191 -0.1027 11.4902
272 752 -1.2788 -1.0184 62.6091
304 752 -0.9808 -1.0639 190.6963
336 752 -1.0025 -1.3141 39.0566
368 752 -1.9504 -2.7530 33.2914
400 752 -0.4632  0.1965  9.7751
432 752 -0.3768  0.2071  4.6061
464 752 -0.7580  0.3717 38.7171
496 752 -1.8350 -1.4907 71.1392
528 752 -1.2155 -0.6543 148.6915
560 752 -1.1585 -0.2673 107.7772
592 752 -0.1278  0.4618 50.5275
624 752  0.0613  0.9087 108.6237
656 752  0.1155  0.5252 85.4569
 16 784 -0.0023 -0.0087 16.8695
 48 784 -0.0523 -0.0622 54.4737
 80 784  0.0041 -0.0057 391.5970
112 784 -0.1333 -0.0344 186.4185
144 784 -0.1383 -0.0873 89.6904
176 784 -0.1156 -0.1357 217.4406
208 784 -0.4087 -0.1561 23.1796
240 784 -0.6807 -0.4543 25.2513
272 784 -0.2656 -0.0677 15.0183
304 784 -2.2925 -0.9613 49.7811
336 784 -4.1045 -2.9077 99.1374
368 784 -0.1111  0.1278 18.8372
400 784 -0.2868  0.4339 10.2245
464 784 -0.2370  0.2494  4.8656
496 784 -0.2839  0.2932 36.9258
528 784 -0.9492 -0.2380 26.9472
560 784 -1.2060 -0.1860 59.9512
592 784 -0.8777 -0.0127 102.1870
624 784 -0.1480  0.2298 43.8170
656 784  0.0939  0.3070 112.4116
 16 816  0.0058 -0.0189 17.3961
 48 816 -0.0552 -0.0099 45.4308
 80 816 -0.0930 -0.0515 202.0652
112 816 -0.0976 -0.0483 38.1714
144 816 -0.1451 -0.1055 120.9084
176 816 -0.4656 -0.0979 68.4444
208 816 -0.2789 -0.1177 18.2439
240 816 -1.7592 -0.6858 116.7463
272 816 -2.2919 -0.8280 13.7331
304 816 -3.0473 -1.0110 96.4390
336 816  0.3780 -0.1486 49.3698
368 816  0.1497 -0.1774 14.4631
400 816 -0.2384  0.0784  9.5616
432 816 -0.3958  0.0187  5.5530
496 816 -0.1130  0.1232  5.0563
528 816 -0.0093  0.0590 91.5485
560 816 -1.3178 -1.2202 28.7311
592 816 -0.7053 -0.2818 94.9240
624 816 -0.4103 -0.1334 36.2136
656 816 -0.1369 -0.0358 61.8550
 16 848  0.0265 -0.0026 23.4262
 48 848 -0.0008 -0.0017 35.3367
 80 848 -0.0065 -0.0257 277.3478
112 848 -0.0865 -0.0137 43.8012
144 848 -0.0940 -0.0541 141.5558
176 848 -0.3418 -0.0793 290.3391
208 848 -0.6400 -0.0390 149.4186
240 848 -0.9734 -0.0038 29.4986
272 848 -1.4242 -0.0466 63.5184
304 848 -1.0819 -1.1642 10.6544
336 848  0.3040 -1.4194 19.0203
400 848  0.3911 -0.2655  5.2185
432 848 -0.0364 -0.0153  7.9053
464 848 -0.0973  0.0338  4.7462
528 848 -0.0148  0.0173 24.0534
560 848 -0.7859 -1.2231 75.7694
592 848 -0.0570 -0.0552 51.7700
624 848 -0.3008 -0.3981 120.9109
656 848 -0.0050 -0.0096 36.8555
 16 880 -0.0074  0.0168 22.4492
 48 880 -0.0037 -0.0166 134.6253
 80 880 -0.0014 -0.0011 67.7781
112 880 -0.0239 -0.0089 186.1791
144 880 -0.0814  0.0093 248.9395
176 880 -0.1039  0.1164 27.8979
208 880 -0.1168  0.1364 211.3885
240 880 -0.8024  0.1823 87.9151
272 880 -0.9894  0.0168 19.2614
304 880 -0.9209 -1.7870  8.9293
336 880  0.2992 -0.3070 46.8871
368 880  0.4161 -0.3235  5.8846
432 880  0.2358 -0.0729  4.9663
464 880 -0.1664 -0.0940  5.4408
528 880  0.0358 -0.0425 12.6687
560 880  0.0419 -0.0415 17.6997
592 880  0.0865 -0.0400  7.0636
624 880  0.0377 -0.0152 25.9659
656 880 -0.0307 -0.0511 12.8200
 16 912  0.0812  0.0111 47.7817
 48 912  0.0157  0.0004 71.9625
 80 912  0.0675  0.0230 113.2764
112 912 -0.0304  0.0181 138.2879
144 912 -0.0115  0.0664 361.7162
176 912 -0.0458  0.0778 127.9418
208 912 -0.1253  0.2898 186.8532
240 912 -0.2196  0.1386 30.8251
272 912 -0.4308  0.2869 321.4750
304 912 -1.0529 -1.9034 213.7293
336 912 -0.6780 -2.2643 11.4513
368 912  0.2895 -0.4033 54.2869
400 912  0.1992 -0.2190  4.7174
528 912  0.0250 -0.0164  4.3390
560 912  0.0316 -0.0213  5.7587
592 912  0.0360 -0.0076  4.1332
624 912  0.0631 -0.0400  7.7246
656 912 -0.0685 -0.0275  7.0890
 16 944  0.0375  0.0272 58.2445
 48 944  0.0130  0.0216 18.4698
 80 944  0.0230  0.0345 73.2812
112 944  0.0091  0.0610 227.1589
144 944  0.0150  0.0631 65.5333
176 944  0.0605  0.0946 117.3647
208 944 -0.0421  0.1690 155.2053
240 944 -0.0035  0.4384 129.3051
272 944  0.0090  0.1347 36.0776
304 944 -0.0587 -1.4478 123.8469
336 944 -0.9334 -2.3229 129.7634
368 944  0.0486 -0.1082 16.4026
400 944  0.1925 -0.1714 27.2708
432 944  0.0338 -0.1821  9.0332
464 944 -0.0007 -0.0299  8.7890
496 944  0.0129 -0.0168  8.6811
528 944  0.0183  0.0022  4.4015
624 944  0.0592 -0.0388  4.8055
656 944 -0.0683 -0.0524  4.7969
 16 976  0.0060  0.0329 41.4772
 48 976  0.0234  0.0457 82.8346
 80 976  0.0552  0.0271 186.6091
112 976  0.0690  0.0308 102.6643
144 976  0.1045  0.1017 182.7244
176 976  0.0718  0.0975 147.7748
208 976  0.1239  0.1235 177.7975
240 976  0.1544  0.2589 84.8355
272 976  0.2510  0.2174 35.9405
304 976  0.2316 -0.5703 129.3982
336 976 -0.0503 -0.4711 15.7318
368 976  0.0021 -0.9023 24.3483
400 976  0.0032 -0.2490 14.1513
432 976 -0.0937 -0.1560 13.8421
464 976  0.0013 -0.0306 37.0955
496 976 -0.0055  0.0210 10.0825
528 976 -0.0021  0.0058  5.3451
 16 1008  0.0243 -0.0016 22.6618
 48 1008  0.0091  0.0741 48.3695
 80 1008  0.1071  0.0768 274.9144
112 1008  0.1230  0.0168 210.1089
144 1008  0.0532  0.0563 56.0651
176 1008  0.0755  0.0448 120.4301
208 1008  0.1140  0.0151 300.1185
240 1008  0.1456  0.1103 75.8330
272 1008  0.2665  0.0561 77.5416
304 1008  0.8434 -0.1219 176.9024
336 1008  0.6059 -0.9418 25.8147
368 1008  0.5231 -0.9561 184.5956
400 1008 -0.0133 -0.0371 12.9397
432 1008 -0.0276 -0.0299 12.9585
464 1008 -0.0126 -0.0277 12.9764
496 1008 -0.0050 -0.0051 26.8292
528 1008  0.0029  0.0252 13.4973
560 1008 -0.0390  0.0533  7.2847
592 1008 -0.0164  0.0164  4.1290
 16 1040  0.1635  0.0185 46.2982
 48 1040  0.1194  0.0254 163.3464
 80 1040  0.2298  0.0177 157.8668
112 1040  0.1039  0.0091 127.4484
144 1040  0.0946  0.0261 106.7718
176 1040  0.2276  0.0197 100.4203
208 1040  0.0344 -0.0074 25.9866
240 1040  0.1813 -0.0266 24.1890
272 1040  0.4772 -0.0412 44.5937
304 1040  0.2771 -0.1143 13.3577
336 1040  0.6156 -0.3324 46.0207
368 1040  0.2155 -0.1343 46.1251
400 1040 -0.0012 -0.0588 17.0779
432 1040 -0.0212 -0.3272 12.9917
464 1040 -0.0158 -0.0500 31.5052
496 1040 -0.0169 -0.0180 16.6292
528 1040  0.0053 -0.0140 11.1107
560 1040 -0.0048 -0.0261 14.7294
592 1040 -0.0654 -0.0324  6.4474
 16 1072  0.0491  0.0172 114.9244
 48 1072  0.0808  0.0253 56.9492
 80 1072  0.0811  0.0314 230.5723
112 1072  0.0788 -0.0132 25.5821
144 1072  0.2610  0.0325 44.8534
176 1072  0.1510 -0.0182 78.0139
208 1072  0.0698  0.0070 296.2494
240 1072  0.0706 -0.0069 50.1525
272 1072  0.2609 -0.0314 145.7431
304 1072  0.4573 -0.1201 20.3475
336 1072  0.3697 -0.3480 82.0421
368 1072  0.1663 -0.5501 143.2380
400 1072  0.0166 -0.2159 14.4869
432 1072  0.0002 -0.0490 15.8412
464 1072  0.0040 -0.0623  9.6915
496 1072  0.0214 -0.0258 13.4608
528 1072 -0.0282 -0.0143 11.1705
560 1072 -0.0047  0.0220  9.3127
592 1072  0.0018  0.0311 11.3314
624 1072 -0.0263  0.0248  6.1542
656 1072  0.0825  0.0062  4.8516
 16 1104  0.0180  0.0109 18.8696
 48 1104 -0.0084 -0.0036 27.9163
 80 1104  0.1605 -0.0080 130.0837
112 1104  0.0574  0.0343 111.5853
144 1104  0.1816  0.0309 50.6030
176 1104  0.1365  0.0079 88.5874
208 1104  0.1625 -0.0838 200.6012
240 1104  0.2736 -0.0290 46.8479
272 1104  0.1614 -0.1124 214.7699
304 1104  0.1662 -0.2810 93.7058
336 1104  0.3283 -0.5412 126.7906
368 1104  0.1397 -0.3844 35.8987
400 1104  0.0292 -0.1287 23.6157
432 1104 -0.0039 -0.0761 25.0806
464 1104 -0.0155  0.0158 19.2757
496 1104 -0.0135 -0.0075 14.2650
528 1104 -0.0085  0.0050 11.1195
560 1104  0.0045  0.0063 12.3223
592 1104 -0.0148 -0.0349 10.5846
624 1104  0.0071  0.0271 12.1167
656 1104 -0.0115  0.0256  9.2006
 16 1136  0.0446  0.0080 39.8737
 48 1136  0.0291 -0.0012 14.1843
 80 1136  0.0774  0.0018 59.6193
112 1136  0.0420 -0.0066 157.0043
144 1136  0.0036  0.0036 24.2919
176 1136  0.1507 -0.0284 99.8453
208 1136  0.1823 -0.0759 94.0040
240 1136  0.1583 -0.0417 40.4166
272 1136  0.1207 -0.0423 62.7901
304 1136  0.1413 -0.1748 186.1141
336 1136  0.1475 -0.3785 125.5800
368 1136  0.0714 -0.2896 90.2299
400 1136  0.0111 -0.0754 21.6481
432 1136  0.0317 -0.1329 20.2731
464 1136  0.0719 -0.1952 94.7654
496 1136  0.0308 -0.0318 11.7229
528 1136  0.0232 -0.0310 14.9340
560 1136 -0.0093 -0.0075 10.5302
592 1136  0.0230  0.0145 12.6903
624 1136 -0.0261 -0.0015 13.7914
656 1136 -0.0033 -0.0063 17.7786
 16 1168  0.0786 -0.0181 20.4747
 48 1168 -0.0082 -0.0048 14.5165
 80 1168  0.0590  0.0098 70.3607
112 1168  0.0288 -0.0292 47.9352
144 1168  0.0311 -0.0646 34.5886
176 1168  0.1098  0.0028 139.3907
208 1168  0.0601 -0.0088 166.2326
240 1168  0.0305 -0.0828 183.9604
272 1168  0.1522 -0.0403 58.7135
304 1168  0.1150 -0.1650 92.1631
336 1168  0.2547 -0.1507 36.3503
368 1168  0.1186 -0.2210 200.5172
400 1168  0.1480 -0.2688 26.6645
432 1168  0.0139 -0.0318 15.1729
464 1168  0.0026 -0.0571 16.3423
496 1168 -0.0086 -0.0291 15.0767
528 1168  0.0125 -0.0190 18.3948
560 1168  0.0387 -0.0010 13.2041
592 1168 -0.0003 -0.0476 10.7736
624 1168 -0.0103 -0.0028 14.2732
656 1168  0.0015 -0.0227 14.2033
 16 1200 -0.0045 -0.0368 12.6747
 48 1200  0.0284  0.0048 13.4389
 80 1200  0.0926 -0.0274 251.8885
112 1200  0.0348  0.0040 160.3458
144 1200  0.1109 -0.0203 54.7656
176 1200  0.1589 -0.1203 165.6577
208 1200  0.0803 -0.1144 58.6115
240 1200  0.5545 -0.1219 145.3665
272 1200  0.3492 -0.0928 39.6187
304 1200  0.0729 -0.0436 130.6301
336 1200  0.0871 -0.0993 180.7797
368 1200  0.1454 -0.1972 242.3933
400 1200  0.0348  0.0085 14.9653
432 1200  0.0366 -0.0221 14.6597
464 1200  0.0161 -0.1120 15.3521
496 1200 -0.0028 -0.0243 20.6979
528 1200 -0.0208  0.0205 21.7818
560 1200 -0.0080 -0.0312 14.0040
592 1200  0.0032 -0.0018 14.0684
624 1200 -0.0096  0.0425 14.3347
656 1200  0.0333 -0.0119 27.5068
  0   0  0.0928 -0.1848  0.0000
  0   0 -0.0041 -0.1150  0.0000
  0   0 -0.1060 -0.0723  0.0000
  0   0 -0.1559 -0.0163  0.0000
  0   0 -0.1366  0.0265  0.0000
  0   0 -0.1069  0.0815  0.0000
  0   0 -0.1273  0.1433  0.0000
  0   0 -0.1296  0.2299  0.0000
  0   0 -0.0889  0.2041  0.0000
  0   0 -0.0409  0.1365  0.0000
  0   0  0.0171  0.1319  0.0000
  0   0  0.0697  0.1051  0.0000
  0   0  0.0784  0.0550  0.0000
  0   0  0.1700 -0.0475  0.0000
  0   0  0.2978 -0.1915  0.0000
  0   0  0.4717 -0.2523  0.0000
  0   0  0.8579 -0.2527  0.0000
  0   0  0.7356 -0.1936  0.0000
  0   0  0.3402 -0.1017  0.0000
