VARIABLES= "X pix", "Y pix", "U pix/dt", "V pix/dt", "CHC", ZONE I=21, J=30
 16 272 -0.1055 -0.0244 22.8952
 48 272 -0.0748 -0.1409 71.2712
 80 272 -0.1410 -0.1524 52.3847
112 272 -0.1297 -0.1997 45.8585
144 272 -0.1153 -0.1891 85.0898
176 272 -0.1189 -0.1015 82.1822
208 272 -0.0983 -0.1164 103.8646
240 272 -0.0263 -0.0423 19.8921
272 272 -0.0451 -0.0571 295.9446
304 272 -0.0673 -0.0549 162.6990
336 272 -0.0276 -0.0059 123.5889
368 272 -0.0213  0.0076 71.9345
400 272  0.0187  0.0510 140.8961
432 272 -0.0356  0.0370 161.6760
464 272  0.0012  0.0370 153.0984
496 272 -0.0179  0.0383 133.6395
528 272 -0.1527  0.0433 89.0516
560 272 -0.0005  0.0301 153.3310
592 272  0.0098  0.0242 283.9879
624 272 -0.0168  0.0441 148.2502
656 272  0.0283  0.0865 160.7702
 16 304 -0.1685 -0.2610 157.8193
 48 304 -0.4016 -0.1610 254.6906
 80 304 -0.2947 -0.4252 36.1005
112 304 -0.0996 -0.2326 184.0227
144 304 -0.1181 -0.0527 161.8026
176 304 -0.1513 -0.1625 217.5310
208 304 -0.0882 -0.1473 154.7737
240 304 -0.0717 -0.0769 180.8732
272 304 -0.0748 -0.0506 200.5561
304 304 -0.0527 -0.0759 258.3931
336 304 -0.0470 -0.0359 191.9694
368 304 -0.0204 -0.0132 135.7897
400 304 -0.0161  0.0029 185.1403
432 304  0.0010  0.0304 162.7798
464 304  0.0094  0.0019 382.5895
496 304  0.0086  0.0278 270.4999
528 304  0.0012  0.0428 173.6364
560 304 -0.1997  0.0734 336.6218
592 304  0.0210  0.0802 185.5834
624 304  0.0093  0.0132 228.1696
656 304  0.0273  0.0738 122.1516
 16 336 -0.5735 -0.2127 172.1651
 48 336 -0.1562 -0.4754 67.8510
 80 336 -0.1357 -0.4374 41.6881
112 336 -0.3084 -0.2665 177.3008
144 336 -0.2021 -0.0960 124.7923
176 336 -0.4010 -0.1188 268.5237
208 336 -0.1236 -0.2363 254.4339
240 336 -0.1389 -0.1609 127.5497
272 336 -0.1318 -0.1345 182.6927
304 336 -0.0414 -0.0932 206.5525
336 336 -0.0527 -0.0816 136.3237
368 336 -0.0405 -0.0127 167.5814
400 336 -0.0212 -0.0174 158.4265
432 336  0.0139 -0.0064 152.4458
464 336 -0.0206  0.0461 101.1833
496 336  0.0038 -0.0082 28.9476
528 336  0.0093  0.1211 169.8115
560 336 -0.0020  0.0267 168.9046
592 336  0.0150  0.0836 149.8484
624 336 -0.0086  0.0621 145.4208
656 336 -0.0070  0.0875 176.9096
 16 368 -0.5381 -0.1486 45.8452
 48 368 -0.4858 -0.2332 177.0616
 80 368 -0.0264 -0.0654  9.5977
112 368 -0.5517 -0.2360 117.3050
144 368 -0.4483 -0.4632 246.0547
176 368 -0.2565 -0.3551 214.9215
208 368 -0.2126 -0.1928 116.7205
240 368 -0.2996 -0.2061 238.6316
272 368 -0.0782 -0.0942 64.3333
304 368 -0.0747 -0.1997 126.5554
336 368 -0.0247 -0.0659 154.7782
368 368 -0.0244 -0.0636 296.0011
400 368 -0.0373 -0.0284 204.0273
432 368 -0.0057  0.0141 95.2674
464 368  0.0174  0.0526 148.8048
496 368 -0.0050  0.0600 148.5484
528 368  0.0226  0.0439 238.2691
560 368 -0.0183  0.0309 22.5905
592 368 -0.0064  0.0651 53.8079
624 368 -0.0145  0.0878 249.1604
656 368  0.0018  0.1077 140.9775
 16 400 -0.2741 -0.3212 30.0633
 48 400 -0.5275 -0.1651 137.7835
 80 400 -0.3622 -0.3100 128.8962
112 400 -0.3593 -0.4617 141.3790
144 400 -0.1928 -0.4915 68.6210
176 400 -0.3062 -0.4305 116.9854
208 400 -0.1998 -0.1931 206.2672
240 400 -0.1332 -0.3960 91.5805
272 400 -0.1772 -0.1261 67.7089
304 400 -0.1057 -0.0920 202.0124
336 400 -0.0916 -0.0718 260.5712
368 400 -0.0494 -0.0397 241.2613
400 400 -0.0117 -0.0417 46.0140
432 400 -0.0352 -0.0250 95.1608
464 400  0.0008 -0.0023 198.8453
496 400  0.0087  0.0495 206.1352
528 400 -0.0059  0.0171 258.5685
560 400  0.0375  0.1073 41.6348
592 400  0.0228  0.0965 38.6405
624 400  0.0060  0.0670 148.7520
656 400  0.0222  0.0404 158.7221
 16 432 -0.0713 -0.0642 21.4983
 48 432 -0.4707 -0.3468 142.2863
 80 432 -0.9135 -0.8882 201.8815
112 432 -0.3852 -0.3849 253.9982
144 432 -0.3440 -0.9086 94.4475
176 432 -0.2659 -0.2724 285.8250
208 432 -0.1055 -0.2397 296.8073
240 432 -0.1247 -0.2211 38.0703
272 432 -0.1701 -0.1398 95.6168
304 432 -0.1484 -0.1030 50.1889
336 432 -0.0798 -0.0888 230.8667
368 432 -0.1040 -0.0642 155.8690
400 432 -0.0044 -0.0445 126.1062
432 432  0.0070 -0.0134 91.6794
464 432  0.0251 -0.0038 246.9973
496 432  0.0474  0.0335 29.8144
528 432  0.0240  0.0470 116.3502
560 432  0.0082  0.0619 78.5655
592 432 -0.0554  0.0895 159.2107
624 432  0.0168  0.0325 42.5529
656 432  0.0022  0.0594 154.4665
 16 464 -0.5663 -0.4921 21.7322
 48 464 -0.1806 -0.1908 21.8070
 80 464 -0.1074 -0.2660 29.2830
112 464 -0.1456 -0.4320 22.4622
144 464 -0.2323 -0.2270 78.5516
176 464 -0.6497 -0.3011 162.7954
208 464 -0.2148 -0.2414 217.6216
240 464 -0.1674 -0.1960 243.6981
272 464 -0.1357 -0.3849 300.8250
304 464 -0.2273 -0.2716 217.5097
336 464 -0.0656 -0.4101 117.2038
368 464 -0.0392 -0.0941 148.3861
400 464  0.0330 -0.0440 301.0729
432 464  0.0214 -0.0893 193.8753
464 464  0.0324  0.0104 30.3686
496 464  0.0358  0.0054 148.1488
528 464  0.0298  0.0445 182.6641
560 464  0.0110  0.0867 180.3982
592 464  0.0012  0.1001 202.9819
624 464  0.0025  0.0218 115.8849
656 464  0.0615  0.0552 217.6329
 16 496 -0.4499 -0.5146 189.4298
 48 496 -0.3870 -0.3341 43.7128
 80 496 -0.2442 -0.4141 69.3462
112 496 -1.1779 -1.1455 162.0016
144 496 -0.5337 -0.6534 247.4367
176 496 -0.3775 -0.5423 41.5090
208 496 -0.6077 -0.3172 146.5457
240 496 -0.4687 -0.4898 144.5070
272 496 -0.2111 -0.5864 57.1035
304 496 -0.0676 -0.1820 19.2867
336 496 -0.0292 -0.3209 290.6805
368 496 -0.0891 -0.3017 156.2077
400 496 -0.0162 -0.2354 139.3580
432 496  0.0090 -0.0774 96.7756
464 496  0.0642 -0.0667 105.8857
496 496  0.0392  0.0346 104.7381
528 496  0.0582  0.0408 50.3842
560 496  0.0347  0.1323 215.2921
592 496  0.0020  0.0153 72.8908
624 496  0.0293  0.0756 167.0776
656 496  0.0023  0.0614 122.5853
 16 528 -0.8001 -0.2659 78.4175
 48 528 -0.7296 -0.2297 37.0949
 80 528 -0.5206 -0.5848 132.7839
112 528 -0.3664 -0.3974 52.9993
144 528 -0.1446 -0.0994  8.9940
176 528 -0.4230 -0.3428 115.9503
208 528 -0.8765 -1.0496 130.0686
240 528 -0.3783 -0.4460 47.6502
272 528 -0.3215 -0.4371 76.2627
304 528 -0.2804 -0.5174 143.4445
336 528 -0.2082 -0.4156 160.4604
368 528 -0.0584 -0.4990 245.3063
400 528 -0.0181 -0.3739 67.8781
432 528  0.0117 -0.1483 81.8201
464 528  0.0393 -0.0573 138.8177
496 528  0.1019  0.0049 118.5706
528 528  0.0693  0.0450 149.1711
560 528  0.0471  0.1004 109.7248
592 528  0.0769  0.0846 47.8044
624 528  0.0726  0.0712 26.7609
656 528  0.0308  0.0434 134.6609
 16 560 -0.1106 -0.0613 16.9081
 48 560 -0.8115 -0.6370 36.5843
 80 560 -1.0303 -0.8665 174.5836
112 560 -0.4918 -0.3815 158.0161
144 560 -0.2044 -0.1836  9.0254
176 560 -1.0151 -0.8107 33.0645
208 560 -0.3616 -0.7457 68.1155
240 560 -0.5202 -0.7847 126.2312
272 560 -0.1877 -0.4914 18.9645
304 560 -0.2560 -0.7682 34.3677
336 560 -0.0717 -0.5774 110.1598
368 560 -0.0377 -0.4782 80.4446
400 560  0.0294 -0.3797 261.4927
432 560  0.1394 -0.2792 88.0880
464 560  0.0807 -0.0764 145.4845
496 560  0.1211 -0.0855 268.7628
528 560  0.1113  0.1645 144.9243
560 560  0.1101  0.0696 132.4592
592 560  0.1573  0.1099 262.7567
624 560  0.0247  0.1319 177.2684
656 560  0.0241  0.1931 155.5559
 16 592 -0.3049 -0.3418 37.5473
 48 592 -0.7467 -0.3156 46.9528
 80 592 -0.7872 -0.1888 70.6079
112 592 -1.4467 -0.9224 159.2769
144 592 -0.8357 -0.7560 165.5695
176 592 -0.8755 -0.6302 57.2325
208 592 -1.3511 -0.9321 34.5488
240 592 -0.2994 -1.4403 131.9447
272 592 -0.3630 -1.3565 107.7367
304 592 -0.2135 -1.0156 193.5504
336 592 -0.1570 -0.8299 48.1045
368 592  0.0501 -0.9189 140.6242
400 592  0.0993 -0.3515 187.5663
432 592  0.1915 -0.1689 99.9394
464 592  0.3022 -0.0399 103.9736
496 592  0.2591  0.0795 116.3041
528 592  0.1564  0.0721 141.0003
560 592  0.1700  0.1395 153.6716
592 592  0.1059  0.1121 99.8311
624 592  0.0673  0.1253 32.4477
656 592  0.0018  0.0626 185.1322
 16 624 -0.2841 -0.1169 243.0479
 48 624 -0.4277 -0.1844 292.3329
 80 624 -0.9188 -0.7449 24.5398
112 624 -0.8562 -0.6434 26.6137
144 624 -0.9126 -0.8120 241.3272
176 624 -0.9373 -1.1035 126.4780
208 624 -0.9300 -1.5499 181.8066
240 624 -0.7323 -1.0828 37.4609
272 624 -0.6615 -1.3696 173.0778
304 624  0.2252 -0.0273 46.0792
336 624 -0.0554 -0.7878 217.1934
368 624 -0.1823 -1.4928 183.0154
400 624  0.1725 -0.6587 78.0133
432 624  0.2009 -0.3704 152.2010
464 624  0.2479 -0.0607 111.0686
496 624  0.1543  0.0543 46.3485
528 624  0.3182  0.1972 94.9202
560 624  0.1915  0.1738 126.3316
592 624  0.0992  0.2867 87.1678
624 624 -0.0261  0.2510 65.1287
656 624  0.0378  0.2720 141.6257
 16 656 -0.2336 -0.2777 106.7199
 48 656 -0.2288  0.0144 84.8870
 80 656 -0.6091 -0.4729 143.6579
112 656 -0.1942 -0.2587 132.3848
144 656 -0.7602 -1.1202 31.3614
176 656 -0.9622 -1.1144 83.6913
208 656 -1.2772 -1.0881 76.6852
240 656 -0.0500 -0.0711 14.0538
272 656 -1.0191 -1.7996 18.5726
304 656 -1.2003 -2.3212 215.8540
336 656 -0.5036 -1.4828 85.8995
368 656 -0.6886 -1.0342 89.3222
400 656 -0.4526 -1.0583 75.8639
432 656 -0.6296 -0.7805 72.1144
464 656 -0.2418 -0.2854 231.4668
496 656  0.2344  0.2146 206.0796
528 656  0.2043  0.1628 236.3087
560 656  0.1934  0.3367 158.8874
592 656  0.1149  0.3022 115.8557
624 656  0.0462  0.1741 41.6622
656 656  0.0317  0.1293 45.3270
 16 688 -0.9641 -0.3110 161.4708
 48 688 -0.3520 -0.2285 105.0136
 80 688 -0.2986 -0.4602 135.9180
112 688 -0.9299 -0.7469 98.8348
144 688 -0.2249 -0.0622 12.6412
176 688 -0.6536 -0.4738 45.6696
208 688 -1.1734 -1.0904 83.9746
240 688 -1.7466 -1.8959 88.9959
272 688 -1.9761 -2.1096 49.0486
304 688 -1.7664 -1.4963 87.6094
336 688 -1.8111 -1.2446 80.4360
368 688 -2.1039 -1.0464 93.6928
400 688 -1.9429 -1.1966 33.5672
432 688 -1.6174 -1.1090 136.4299
464 688 -1.3248 -0.7338 117.0677
496 688 -0.4926 -0.4160 120.7405
528 688 -0.1655  0.1418 188.3054
560 688  0.0257  0.2567 218.2248
592 688  0.0433  0.4636 80.9854
624 688  0.1000  0.4401 242.9955
656 688  0.0830  0.3526 112.9097
 16 720 -0.1648 -0.0846 131.7493
 48 720 -0.1492 -0.0895 36.1337
 80 720 -0.6847 -0.3788 82.8043
112 720 -0.3841 -0.2936 151.8915
144 720 -0.6571 -0.4430 108.3715
176 720 -0.6568 -0.3852 11.4357
208 720 -1.6568 -1.1099 186.3365
240 720 -2.0460 -1.6797 108.5523
272 720 -1.5293 -0.9901 26.7108
304 720 -2.0781 -1.2605 86.5111
336 720 -2.1128 -0.5414 17.0098
368 720 -2.5991 -1.1489 152.9087
400 720 -2.3037 -1.1192 84.7172
432 720 -2.2472 -1.0277 17.6941
464 720 -2.0002 -0.9755 37.7618
496 720 -1.8592 -0.9552 184.6290
528 720 -0.2255 -0.0702 34.8243
560 720 -0.3243  0.0663 116.9411
592 720 -0.1164  0.3139 120.7242
624 720  0.0595  0.4642 190.3400
656 720  0.0593  0.3522 134.6943
 16 752 -0.0552 -0.0233 146.2111
 48 752 -0.0715 -0.0594 59.4666
 80 752 -0.0928 -0.1933 73.2648
112 752 -0.2202 -0.0414 198.2231
144 752 -0.5300 -0.1919 33.7892
176 752 -0.9259 -0.5362 180.8974
208 752 -0.0250  0.0020 10.3922
240 752 -0.0492 -0.0406 11.3538
272 752 -1.9512 -2.0605 13.4097
304 752 -2.7505 -2.0374 19.5927
336 752 -2.4161 -0.5124 101.6947
368 752 -0.9418  0.1584 19.6293
400 752 -2.6793 -0.4395 68.1961
432 752 -2.4585 -0.6941 86.3300
464 752 -2.2067 -0.8209 31.8001
496 752 -1.7800 -0.8958 54.7719
528 752 -1.3975 -0.5779 66.0838
560 752 -0.9043 -0.2136 162.4450
592 752 -0.3157  0.0956 55.6397
624 752 -0.1471  0.2622 102.8129
656 752 -0.0385  0.4841 82.3706
 16 784 -0.0199 -0.0134 23.2092
 48 784 -0.0425 -0.0108 88.1802
 80 784 -0.0809 -0.0523 331.2594
112 784 -0.0895 -0.0352 153.1291
144 784 -0.2078 -0.1185 222.3429
176 784 -0.8589 -0.1047 85.0054
208 784 -1.6599 -0.5659 121.5634
240 784 -1.2775 -0.9269 46.8848
272 784 -2.7982 -2.5598 11.2137
304 784 -1.6964 -2.4032 148.7644
336 784 -0.9096  0.0610 18.6220
368 784 -0.1354  0.4606 14.4555
400 784 -0.1181  0.2477  9.4802
432 784 -0.1386  0.0979 19.8874
464 784 -0.0652  0.0752 29.4754
496 784 -1.7727 -0.9907 51.5446
528 784 -1.2287 -0.4644 51.8717
560 784 -1.2935 -0.1884 114.8804
592 784 -0.1660  0.2231 57.2313
624 784 -0.0814  0.2051 47.3492
656 784 -0.0674  0.3029 120.8746
 16 816  0.0168  0.0127 16.3743
 48 816 -0.0661 -0.0177 26.2407
 80 816 -0.1635  0.0019 107.4910
112 816 -0.2455  0.0027 28.3385
144 816 -0.1544 -0.0004 238.0558
176 816 -0.1748 -0.0125 191.8940
208 816 -0.9274 -0.1092 135.1371
240 816 -1.4475 -0.9317 244.6112
272 816 -0.0375 -0.2130  8.3336
304 816 -1.0875 -1.9119 42.6141
336 816  0.0003  0.1320 14.6853
368 816  0.0863  0.2826  5.3104
464 816 -0.0047  0.0196  4.7062
496 816  0.0485 -0.0356 11.7690
528 816 -1.0934 -0.8874 68.1589
560 816 -0.9957 -0.3145 58.3156
592 816 -0.2787  0.1950 28.1869
624 816 -0.2453  0.1311 60.9535
656 816 -0.0676  0.1608 46.3709
 16 848 -0.0034  0.0144 15.5101
 48 848  0.0064 -0.0003 56.3724
 80 848 -0.0271  0.0043 217.8353
112 848 -0.0128  0.0500 120.1695
144 848 -0.0876  0.0167 119.7360
176 848 -0.1949 -0.0039 227.4323
208 848 -0.6042 -0.0129 161.8257
240 848 -1.1472 -0.9580 136.8536
272 848 -0.0045 -0.1098 12.0620
304 848 -0.8145 -2.3934 56.8512
336 848  0.0144  1.1787 61.8450
368 848 -0.0018  0.1286  4.2874
496 848  0.0176 -0.0104  4.1955
528 848  0.0034 -0.0661 51.0993
560 848 -0.2412 -0.0252 96.9277
592 848 -0.1805 -0.0400 99.0038
624 848 -0.0516  0.1917 67.7910
656 848 -0.0990  0.1510 57.2708
 16 880  0.0219  0.0208 30.1891
 48 880  0.0250  0.0050 250.6158
 80 880 -0.0020  0.0034 166.3379
112 880  0.0153  0.0460 123.7279
144 880 -0.0489  0.0973 127.8027
176 880 -0.0643 -0.0695 67.0709
208 880 -0.1268 -0.0170 56.1679
240 880 -0.6526 -0.7088 128.9068
272 880 -0.8486 -1.5135 65.3171
304 880 -0.9753 -2.2362 49.0811
336 880  0.0114  0.9674 53.4773
368 880 -0.3996  0.2403  5.1435
528 880  0.0014  0.0039 14.4034
560 880  0.1181  0.1426 14.2807
592 880 -0.0586  0.0885 28.8030
624 880 -0.1897  0.1223 50.0797
656 880 -0.0919  0.0907 134.2016
 16 912  0.0764  0.0545 35.1661
 48 912  0.0243  0.0257 21.0596
 80 912  0.0642  0.0341 218.4224
112 912  0.0170  0.0184 278.7139
144 912  0.0122  0.0520 213.9399
176 912  0.0115  0.1665 232.7323
208 912 -0.0162  0.1134 172.7719
240 912 -0.0399 -0.1292 167.6567
272 912 -0.5163 -0.8826 102.8318
304 912 -0.4211 -1.0984 69.0337
336 912 -0.1780 -0.2197 11.2364
368 912 -0.2559  0.3566 20.5620
400 912 -0.1405  0.1341  4.1796
528 912  0.0050 -0.0305  4.3745
560 912  0.0181  0.0512  4.2357
592 912  0.0028  0.0331  6.9180
624 912 -0.1671  0.0867 12.2586
656 912 -0.0621  0.1230 29.3401
 16 944  0.0569  0.0699 31.4728
 48 944 -0.0046  0.0183 14.0051
 80 944  0.0906  0.0370 157.4229
112 944  0.0501  0.0856 96.2828
144 944  0.0649  0.0477 103.6084
176 944  0.5153  0.0601 69.6619
208 944  0.0910  0.0818 190.7523
240 944  0.2425 -0.0271 175.4324
272 944 -0.0461 -0.6623 32.7742
304 944 -0.4823 -1.2419 137.6000
336 944 -0.7675 -1.4629 44.9864
368 944 -1.1991 -0.5642 58.6330
400 944 -0.1819  0.7808 11.1820
432 944 -0.0244  0.5717  5.2046
464 944  0.1028  0.1106  6.3197
496 944 -0.0062  0.0602 10.9636
528 944  0.0244 -0.0193  4.9047
624 944 -0.0307  0.0615  8.3543
656 944  0.1126  0.0104 15.4774
 16 976  0.0520 -0.0012 38.1079
 48 976  0.0535  0.0260 99.5959
 80 976  0.1198  0.0589 154.9157
112 976  0.0587 -0.0263 359.1085
144 976  0.1403 -0.0028 190.4126
176 976  0.0770  0.0375 292.2822
208 976  0.1287  0.0385 342.4267
240 976  0.4086  0.0243 39.9070
272 976  0.1033 -0.2206 95.4740
304 976 -0.0113 -0.7345 255.6600
336 976 -0.0406 -0.8676 84.7048
368 976  0.1365 -0.3189 91.0916
400 976  0.0091 -0.0171 15.3133
432 976 -0.0285  0.0160 14.8960
464 976  0.0499  0.0047 12.8970
496 976  0.1422  0.0988 15.5352
528 976  0.0825  0.0749  9.2577
624 976 -0.0725  0.1169  4.1542
656 976 -0.1229  0.2291  5.4959
 16 1008  0.0523 -0.0061 95.1514
 48 1008  0.0100  0.0219 17.3752
 80 1008  0.0809  0.0092 166.1649
112 1008  0.0949  0.0154 303.3306
144 1008  0.2163  0.0211 241.7861
176 1008  0.1793 -0.0337 199.9496
208 1008  0.1470 -0.0068 197.1287
240 1008  0.2620 -0.0636 177.9338
272 1008  0.2900 -0.1664 104.9607
304 1008  0.2780 -0.3014 116.6348
336 1008  0.4392 -0.4499 73.4937
368 1008  0.0066 -0.6876 47.9657
400 1008 -0.0092  0.0017 12.4684
432 1008  0.0473 -0.1819 13.7913
464 1008  0.2841 -0.2509 27.2671
496 1008  0.0313 -0.0544 16.1277
528 1008  0.0655  0.0594 11.2707
560 1008 -0.1118  0.1185  8.1216
 16 1040  0.1461 -0.0020 221.6907
 48 1040  0.0919 -0.0277 22.1704
 80 1040  0.0993  0.0314 130.3776
112 1040  0.0959  0.0278 170.6243
144 1040  0.3652 -0.0295 75.1091
176 1040  0.2210  0.0496 120.9271
208 1040  0.1145 -0.0331 316.7248
240 1040  0.5481 -0.0406 29.1028
272 1040  0.8520 -0.0966 42.9173
304 1040  0.2184 -0.1018 37.2219
336 1040  0.1581 -0.7066 99.2250
368 1040  0.1147 -0.4253 175.1633
400 1040  0.0257 -0.0699 16.1314
432 1040  0.2207 -0.3137 27.8402
464 1040  0.0287 -0.0725 20.0192
496 1040  0.0828 -0.1266 13.4328
528 1040 -0.0240 -0.0339 12.6577
560 1040 -0.0246 -0.1563 12.0457
592 1040 -0.3515  0.0265  4.3344
656 1040 -0.2264 -0.2106  5.3666
 16 1072  0.1290 -0.0076 125.4246
 48 1072  0.1688 -0.0100 75.6337
 80 1072  0.1834  0.0514 252.2059
112 1072  0.0676  0.0030 40.3266
144 1072  0.1421 -0.0173 42.0400
176 1072  0.0999 -0.0401 157.5052
208 1072  0.1236 -0.0612 117.3578
240 1072  0.1455 -0.0289 28.9162
272 1072  0.0697 -0.1048 70.4793
304 1072  0.6602 -0.0733 20.3374
336 1072  0.4687 -0.3104 134.6811
368 1072  0.1918 -0.2809 242.0106
400 1072  0.0226 -0.0182 11.5424
432 1072  0.0455 -0.0518 18.1330
464 1072 -0.0030 -0.0261 16.6504
496 1072  0.0207  0.0056 19.5838
528 1072  0.0198 -0.0050 15.2637
560 1072  0.0064  0.0030 19.5752
592 1072 -0.0137  0.0407 14.5608
624 1072 -0.1430  0.0769  7.9345
656 1072 -0.1027  0.0174 14.6065
 16 1104  0.0665  0.0124 19.0399
 48 1104  0.0000  0.0352 38.9540
 80 1104  0.1741  0.0003 138.4432
112 1104  0.0355  0.0182 95.9757
144 1104  0.1507  0.0065 57.5291
176 1104  0.0806  0.0048 155.2443
208 1104  0.1275 -0.0342 247.0607
240 1104  0.0974 -0.0269 60.4878
272 1104  0.1681 -0.1011 186.1197
304 1104  0.1780 -0.0849 51.6396
336 1104  0.2649 -0.2219 113.7889
368 1104  0.2661 -0.2433 140.3082
400 1104  0.0008 -0.0167 20.8075
432 1104  0.0493 -0.0893 15.8851
464 1104  0.1299 -0.0501 31.9618
496 1104  0.0588 -0.1786 53.8898
528 1104  0.0200 -0.0769 16.8560
560 1104 -0.0104 -0.0349 13.6645
592 1104 -0.0189 -0.0097 13.2562
624 1104  0.0072  0.0034 10.5486
656 1104 -0.0232 -0.0246 17.8021
 16 1136  0.0525 -0.0040 15.8683
 48 1136  0.1355 -0.0132 66.7964
 80 1136  0.0627  0.0029 59.8657
112 1136  0.0580 -0.0100 86.0151
144 1136  0.0395 -0.0333 161.1251
176 1136  0.1495 -0.0554 145.8473
208 1136  0.1078 -0.1264 147.5992
240 1136  0.1269 -0.1263 80.2728
272 1136  0.0460 -0.0537 35.6098
304 1136  0.2214 -0.2049 125.1954
336 1136  0.0935 -0.0579 72.1228
368 1136  0.2505 -0.2365 275.2357
400 1136  0.0059 -0.0102 16.5811
432 1136  0.0340  0.0021 12.9803
464 1136  0.0785 -0.1410 31.6382
496 1136  0.0082 -0.0102 15.9733
528 1136  0.0200 -0.0957 15.6279
560 1136  0.0268  0.0139 17.9386
592 1136  0.0054  0.0146 12.3965
624 1136  0.0161 -0.0274 38.4547
656 1136 -0.1436  0.0209 34.6710
 16 1168  0.0269  0.0410 14.7632
 48 1168  0.0235 -0.0136 15.6165
 80 1168  0.0262  0.0141 148.5354
112 1168  0.1815 -0.0300 81.0806
144 1168  0.3070 -0.0707 174.9585
176 1168  0.1719 -0.0130 85.5355
208 1168  0.0649 -0.0665 114.6205
240 1168  0.0833 -0.0455 235.5213
272 1168  0.4042 -0.1462 56.1938
304 1168  0.1194 -0.0336 42.8705
336 1168  0.0840 -0.1308 197.2333
368 1168  0.1568 -0.2297 93.5498
400 1168  0.0358 -0.0677 14.8905
432 1168 -0.0093  0.0052 13.7281
464 1168  0.0192  0.0132 11.6282
496 1168  0.0264 -0.0118 14.3927
528 1168 -0.0224 -0.0314 12.1761
560 1168  0.0159 -0.0267 11.7991
592 1168 -0.0118 -0.0219 14.6046
624 1168 -0.0092  0.0008  9.2989
656 1168  0.0284 -0.0824 27.6838
 16 1200 -0.0236 -0.0349 12.7601
 48 1200  0.0054  0.0176 14.8609
 80 1200  0.1230 -0.0067 52.0842
112 1200  0.0463 -0.0142 140.6459
144 1200  0.2754 -0.0283 106.3595
176 1200  0.2426 -0.0327 184.8385
208 1200  0.0861 -0.0823 213.4749
240 1200  0.1208 -0.0942 219.8774
272 1200  0.1429 -0.0499 29.4149
304 1200  0.0531 -0.0886 32.4675
336 1200  0.0972 -0.1770 226.6695
368 1200  0.1054 -0.2232 159.2565
400 1200 -0.0293  0.0251 15.0579
432 1200  0.0186  0.0007 11.3337
464 1200 -0.0058 -0.0174 13.0582
496 1200  0.0337 -0.0584 24.8569
528 1200 -0.0056 -0.0021 13.4933
560 1200  0.0453 -0.0323 16.1431
592 1200  0.0346 -0.0400 15.9733
624 1200 -0.0303  0.0288 13.2261
656 1200  0.0176 -0.0039 36.2354
  0   0 -0.0216  0.0103  0.0000
  0   0 -0.0680  0.0601  0.0000
  0   0 -0.0823  0.0876  0.0000
  0   0 -0.0892  0.0834  0.0000
  0   0 -0.1207  0.0654  0.0000
  0   0 -0.1186  0.0653  0.0000
  0   0 -0.1631  0.0885  0.0000
  0   0 -0.1636  0.0758  0.0000
  0   0 -0.1420  0.0223  0.0000
  0   0 -0.1036  0.0130  0.0000
  0   0 -0.0156  0.0514  0.0000
  0   0  0.1244  0.0637  0.0000
  0   0  0.2222  0.0343  0.0000
  0   0  0.4213 -0.0052  0.0000
  0   0  0.4213 -0.0690  0.0000
  0   0  0.2936 -0.1367  0.0000
  0   0  0.2704 -0.1533  0.0000
  0   0  0.2655 -0.1437  0.0000
  0   0  0.1605 -0.1967  0.0000
  0   0  0.1132 -0.2950  0.0000
