VARIABLES= "X pix", "Y pix", "U pix/dt", "V pix/dt", "CHC", ZONE I=21, J=30
 16 272 -0.0544 -0.0723 31.3282
 48 272 -0.1596 -0.1406 310.5366
 80 272 -0.1150 -0.2287 154.3814
112 272 -0.0816 -0.1601 304.6893
144 272 -0.0425 -0.0979 272.4056
176 272 -0.0307 -0.0641 214.3162
208 272 -0.0517 -0.0562 59.5560
240 272 -0.1393 -0.0632 66.6874
272 272 -0.0241 -0.0329 207.5400
304 272 -0.0629  0.0199 117.5428
336 272 -0.0674  0.0362 172.8952
368 272 -0.0061  0.0430 124.8659
400 272 -0.0134  0.0575 242.5671
432 272  0.0051  0.0742 141.1367
464 272 -0.0191  0.0327 81.9562
496 272  0.0162  0.0764 219.5298
528 272  0.0013  0.0017 166.3035
560 272 -0.0362  0.0172 12.8437
592 272 -0.0178  0.0357 237.2901
624 272 -0.0127  0.0385 125.6526
656 272  0.0096  0.0421 164.9771
 16 304 -0.1274 -0.0716 173.2932
 48 304 -0.1684 -0.1970 532.5169
 80 304 -0.1136 -0.0859 226.1471
112 304 -0.2384 -0.1478 198.3922
144 304 -0.0396 -0.0947 314.3627
176 304 -0.3999 -0.1212 130.7487
208 304 -0.1784 -0.0798 203.5708
240 304 -0.0416 -0.0421 115.9215
272 304 -0.0462 -0.0512 158.8231
304 304 -0.0321 -0.0258 106.1366
336 304 -0.0502 -0.0140 88.5109
368 304 -0.0404  0.0103 84.3536
400 304 -0.0138  0.0898 32.2326
432 304  0.0139  0.0469 31.5780
464 304 -0.0683  0.0484 135.5946
496 304 -0.0022  0.0827 200.9419
528 304  0.0089  0.0909 122.5196
560 304 -0.0294  0.0775 195.5656
592 304 -0.0131  0.0653 183.1339
624 304 -0.0024  0.0558 290.4191
656 304  0.0097  0.0279 94.9570
 16 336 -0.0456 -0.3269 56.6707
 48 336 -0.1474 -0.2055 71.9957
 80 336 -0.3714 -0.2696 151.3195
112 336 -0.3505 -0.1351 157.8092
144 336 -0.1677 -0.2150 199.6660
176 336 -0.1110 -0.1468 326.5343
208 336 -0.0310 -0.1475 29.7407
240 336 -0.1057 -0.1257 110.3861
272 336 -0.0242 -0.0102 28.4518
304 336 -0.0467 -0.0463 260.4999
336 336 -0.0602 -0.0525 283.3928
368 336 -0.0339  0.0238 154.3248
400 336 -0.0321 -0.0045 75.9009
432 336 -0.0159  0.0375 151.9267
464 336  0.0569  0.0673 195.7698
496 336 -0.0153  0.0509 62.1251
528 336 -0.0023  0.0671 172.7936
560 336 -0.0215  0.0649 119.2071
592 336 -0.0161  0.0475 255.6289
624 336  0.0099  0.0596 100.5164
656 336 -0.0040  0.0561 129.4839
 16 368 -0.2355 -0.1358 45.1629
 48 368 -0.0792 -0.0800 84.0743
 80 368 -0.2543 -0.1637 192.7821
112 368 -0.2393 -0.2151 26.6202
144 368 -0.1885 -0.2148 52.7912
176 368 -0.3011 -0.2392 104.9253
208 368 -0.0835 -0.1067 175.1255
240 368 -0.1174 -0.1308 137.3718
272 368 -0.0553 -0.0600 167.6577
304 368 -0.0628 -0.0758 344.2580
336 368 -0.0943 -0.0730 134.8507
368 368 -0.0742 -0.0130 225.9109
400 368 -0.0315  0.0135 378.6796
432 368 -0.0255  0.0251 210.1476
464 368 -0.0040  0.0538 120.5585
496 368 -0.0344  0.0035 374.2073
528 368  0.0178  0.0401 123.0029
560 368 -0.0220  0.1129 193.9332
592 368 -0.0184  0.0287 125.9494
624 368 -0.0008  0.0120 140.2803
656 368  0.0036  0.0856 142.6928
 16 400 -0.6792 -0.2990 150.9171
 48 400 -0.3562 -0.5433 173.0266
 80 400 -0.2737 -0.4865 232.0703
112 400 -0.6391 -0.1178 60.4072
144 400 -0.1162 -0.1471 47.5210
176 400 -0.2281 -0.2829 154.7544
208 400 -0.2018 -0.1441 135.6270
240 400 -0.1210 -0.2444 289.5202
272 400 -0.1304 -0.1472 110.4576
304 400 -0.0516 -0.0329 229.2619
336 400 -0.0810 -0.0949 107.3562
368 400 -0.0428 -0.0633 125.3588
400 400 -0.0120 -0.0294 34.9450
432 400 -0.0137 -0.0018 228.9088
464 400 -0.0509  0.0403 199.3294
496 400 -0.0055  0.0105 23.7020
528 400 -0.0105  0.0510 163.7793
560 400 -0.0183  0.0675 154.6339
592 400 -0.0127  0.0321 220.1840
624 400 -0.0106  0.0536 148.7763
656 400 -0.0214  0.0548 144.1876
 16 432 -0.5216 -0.2709 71.9914
 48 432 -0.7468 -0.2508 211.9260
 80 432 -0.4354 -0.1159 11.1981
112 432 -0.1530 -0.3509 63.5894
144 432 -0.1734 -0.2938 351.3025
176 432 -0.2685 -0.3856 156.4582
208 432 -0.3134 -0.3748 54.7085
240 432 -0.0677 -0.1390 528.9556
272 432 -0.2035 -0.2003 216.7338
304 432 -0.0115 -0.3832 49.0718
336 432 -0.1114 -0.1327 230.4613
368 432 -0.0361 -0.0531 210.2527
400 432 -0.0836 -0.0127 134.4216
432 432 -0.0046  0.0143 153.3087
464 432 -0.0181  0.0114 109.0210
496 432 -0.0066  0.0612 158.9200
528 432 -0.0296  0.0556 127.2879
560 432 -0.0261  0.0665 116.6126
592 432  0.0101  0.0329 101.8669
624 432  0.0119  0.0401 104.0335
656 432 -0.0027  0.0546 116.2827
 16 464 -0.2374 -0.1664 214.4345
 48 464 -1.3040 -0.6284 165.5026
 80 464 -0.2091 -0.5387 158.6589
112 464 -0.7044 -0.7286 102.0849
144 464 -0.2139 -0.1954 188.4538
176 464 -0.5058 -0.3943 121.5361
208 464 -0.2876 -0.2896 203.1833
240 464 -0.2293 -0.3393 187.7815
272 464 -0.0988 -0.3338 177.2566
304 464 -0.1647 -0.0860 128.3870
336 464 -0.1975 -0.1062 162.4204
368 464 -0.0604 -0.0954 255.3096
400 464 -0.1146 -0.0486 74.2483
432 464 -0.0373 -0.0116 35.7204
464 464 -0.0298  0.0140 118.0261
496 464  0.0136  0.0495 12.9491
528 464 -0.0203  0.0213 108.1381
560 464 -0.0111  0.0321 146.4980
592 464  0.0386  0.0796 122.4574
624 464  0.0072  0.0570 123.0759
656 464 -0.0014  0.0014 289.8782
 16 496 -0.2298 -0.0401 124.3459
 48 496 -0.4229 -0.0756 19.5331
 80 496 -0.5379 -0.4075 190.8926
112 496 -0.2777 -0.4244 110.9252
144 496 -0.6753 -0.0466 165.4837
176 496 -0.6136 -0.4643 37.7168
208 496 -0.2993 -0.4302 54.9084
240 496 -0.3526 -0.3401 28.4354
272 496 -0.2286 -0.1934 46.8516
304 496 -0.1277 -0.2081 40.2037
336 496 -0.1719 -0.1204 210.6994
368 496 -0.1114 -0.0647 45.3712
400 496 -0.0827 -0.0415 17.4479
432 496 -0.0692 -0.0405 159.8332
464 496 -0.0674  0.0083 242.7832
496 496 -0.0372  0.0199 177.9308
528 496 -0.0046  0.0104 148.2886
560 496 -0.0013  0.0205 197.9800
592 496  0.0013  0.0067 25.6919
624 496  0.0252  0.0145 83.9874
656 496  0.0144  0.0115 159.9792
 16 528 -0.2069 -0.2397 24.4236
 48 528 -0.4225 -0.5526 40.5107
 80 528 -0.4261 -0.3334 134.2810
112 528 -0.3600 -0.0942 13.0379
144 528 -0.6151 -0.0959 73.7390
176 528 -0.8049 -0.6401 136.9293
208 528 -0.2739 -0.7014 156.4946
240 528 -0.4659 -0.5874 94.1413
272 528 -0.3800 -0.3245 106.9025
304 528 -0.0432 -0.2668 540.2033
336 528 -0.0432 -0.1506 69.6456
368 528 -0.1078 -0.1281 137.1152
400 528 -0.0490 -0.0434 277.9780
432 528 -0.0626 -0.0274 76.1131
464 528 -0.0426 -0.0020 152.9245
496 528 -0.0147  0.0331 41.0712
528 528 -0.0328  0.0079 262.8494
560 528  0.0058  0.0049 162.3484
592 528  0.0113  0.0077 159.1459
624 528  0.0065 -0.0016 61.1134
656 528  0.0802 -0.0335 146.5582
 16 560 -0.2714 -0.0966 120.2808
 48 560 -0.1876 -0.1170 56.2183
 80 560 -0.4049 -0.4116 146.4129
112 560 -1.2807 -0.7984 100.7312
144 560 -0.6688 -0.6224 31.1140
176 560 -0.2521 -0.4130 15.4835
208 560 -0.4747 -0.3709 128.2959
240 560 -0.3819 -0.6471 64.3660
272 560 -0.4334 -0.3213 33.2494
304 560 -0.2347 -0.2764 137.4971
336 560 -0.2212 -0.1386 301.9200
368 560 -0.0965 -0.2204 53.1369
400 560 -0.0139 -0.0450 16.0894
432 560 -0.1684 -0.0286 48.6418
464 560 -0.0818 -0.0219 233.1592
496 560 -0.0808 -0.0178 42.1845
528 560 -0.0463  0.0101 184.5704
560 560 -0.0124 -0.0134 183.7012
592 560  0.0032 -0.0313 139.4284
624 560  0.0732 -0.0393 173.9729
656 560  0.0483 -0.0332 89.4145
 16 592 -0.6602 -0.1520 117.1399
 48 592 -0.5882 -0.3765 13.6862
 80 592 -0.5036 -0.6570 87.8712
112 592 -0.5775 -0.7332 162.4821
144 592 -0.7136 -0.7342 214.4442
176 592 -0.8352 -0.9781 138.2738
208 592 -0.5402 -0.8681 43.1158
240 592 -0.4213 -0.6906 195.2997
272 592 -0.2926 -0.4411 31.2749
304 592 -0.2576 -0.2815 24.4887
336 592 -0.3404 -0.3950 111.3493
368 592 -0.4054 -0.2240 118.3242
400 592 -0.2279 -0.1354 199.9823
432 592 -0.1941 -0.0573 155.6599
464 592 -0.1739 -0.0361 150.8936
496 592 -0.1959 -0.0880 145.4788
528 592 -0.0274 -0.0144 148.4994
560 592 -0.0107 -0.1459 209.5953
592 592  0.0221 -0.0283 68.9072
624 592  0.1569 -0.1248 100.5818
656 592  0.0639 -0.1565 170.3068
 16 624 -0.6584 -0.0958 111.3438
 48 624 -0.1339 -0.1738 37.6296
 80 624 -0.2243 -0.2843 47.3261
112 624 -0.8436 -0.5661 194.8070
144 624 -0.4202 -0.2936 169.5959
176 624 -0.7549 -0.8462 127.4838
208 624 -0.6782 -1.0469 70.6355
240 624 -0.8254 -0.8717 24.0345
272 624 -1.3947 -0.7564 54.8607
304 624 -0.8158 -0.5801 94.6001
336 624 -0.7538 -0.6459 166.5322
368 624 -0.5213 -0.3126 235.5899
400 624 -0.5894 -0.0408 134.3007
432 624 -0.4835 -0.0661 201.9088
464 624 -0.5993 -0.0531 71.3255
496 624 -0.6559 -0.0158 145.8915
528 624 -0.3069 -0.1290 145.3510
560 624 -0.0532 -0.1112 85.6909
592 624 -0.0162 -0.2110 106.6344
624 624  0.0693 -0.1534 37.1407
656 624  0.0235 -0.0739 19.7228
 16 656 -0.0083 -0.0278 14.2406
 48 656 -0.4392 -0.2285 93.3343
 80 656 -0.3727 -0.0804 119.9371
112 656 -0.5983 -0.1580 21.4501
144 656 -1.1237 -1.0914 31.7101
176 656 -1.3535 -1.3435 107.7364
208 656 -0.9100 -1.0779 137.6522
240 656 -1.2191 -0.9344 113.9556
272 656 -0.6641 -0.0126 37.8146
304 656 -0.8261 -0.3425 63.8884
336 656 -0.6608 -0.3902 18.9418
368 656 -1.5864 -0.2551 98.3725
400 656 -1.0089 -0.0262 138.1997
432 656 -1.0347  0.0280 195.3864
464 656 -0.8442  0.0136 73.5317
496 656 -0.9994 -0.1370 117.4512
528 656 -0.6440 -0.3744 185.6769
560 656 -0.2151 -0.2369 44.0102
592 656  0.0044 -0.3842 73.2970
624 656  0.0690 -0.4561 76.5463
656 656  0.1129 -0.3997 119.2145
 16 688 -0.0707 -0.0718 26.0618
 48 688 -0.3069 -0.1079 217.7169
 80 688 -0.6080 -0.1827 250.1385
112 688 -0.1712 -0.2113 113.6944
144 688 -0.4650 -0.1763 48.7001
176 688 -0.9267 -0.7685 122.8799
208 688  0.0613 -0.6679 54.7456
240 688 -1.3640 -0.8601 123.7522
272 688 -1.1270 -0.6524 68.9148
304 688 -1.0865 -0.5418 21.4721
336 688 -0.9404 -0.1647 30.4024
368 688 -1.3501 -0.1656 118.1410
400 688 -0.9332  0.3286 99.3898
432 688 -1.0834  0.2691 121.4026
464 688 -1.2790  0.1072 91.8892
496 688 -0.3303 -0.2696 195.7181
528 688 -0.0370 -0.3467 61.2357
560 688 -0.1913 -0.7000 123.4511
592 688  0.0167 -0.4810 154.7412
624 688  0.0195 -0.4376 60.2768
656 688  0.0773 -0.6410 25.7690
 16 720 -0.0423 -0.0410 36.3109
 48 720 -0.0767 -0.0261 73.9413
 80 720 -0.1928 -0.0239 351.4589
112 720 -0.3850 -0.1657 99.9359
144 720 -0.8039 -0.6969 140.8644
176 720 -0.7630 -0.8496 185.1834
208 720 -1.1433 -0.7266 192.5361
240 720 -1.0599 -0.9929 78.7184
272 720 -0.9047 -0.4649 64.6225
304 720 -1.1440 -0.7044 201.8429
336 720 -0.7138 -0.1626 65.0899
368 720 -0.9472  0.1654 43.5712
400 720 -0.2506  0.3527 92.8829
432 720 -0.4136  0.5222 34.6601
464 720 -0.4300 -0.1797 136.4092
496 720  0.0353 -0.8331 23.8399
528 720 -0.4031 -0.9325  8.4315
560 720  0.0317 -1.0256 26.1534
592 720 -0.1019 -0.6405 88.8251
624 720 -1.1614  0.1290 15.9275
656 720 -0.1141  0.0173 40.1673
 16 752  0.0056 -0.0226 17.1887
 48 752 -0.0817 -0.0750 111.8904
 80 752 -0.0923 -0.0408 130.4447
112 752 -0.1900 -0.1168 151.4638
144 752 -0.2194 -0.1310 160.3108
176 752 -0.1924 -0.2854 261.9990
208 752 -0.2760 -0.2438 118.8699
240 752 -0.0617 -0.3317 110.4114
272 752 -0.1672 -0.5188 93.8449
304 752 -0.9276 -0.5597 46.2442
336 752 -0.3924 -0.1017 138.4018
368 752  0.0752  0.8311 98.0427
400 752  0.1630  0.8116 178.6198
432 752  1.1288  0.3683 90.5393
464 752  1.4377 -0.0670 86.9225
496 752  0.4177 -0.2123 23.0623
528 752  0.3784 -0.0574  9.0776
560 752  0.4234  0.1583 17.2432
592 752 -0.0615 -0.6792 55.1809
624 752 -0.2490  0.3196 11.7797
656 752 -0.1055 -0.0601 11.4519
 16 784  0.0198  0.0004 16.7859
 48 784  0.0076 -0.0426 198.4856
 80 784 -0.0392 -0.0792 64.6813
112 784 -0.0074 -0.0674 232.9764
144 784 -0.0456 -0.0818 54.7939
176 784 -0.1202 -0.1263 149.0850
208 784 -0.3461 -0.3266 173.1916
240 784 -0.6496 -0.8348 124.7469
272 784 -0.6896 -0.8376 301.1267
304 784 -0.2038 -0.1797 114.1462
336 784 -0.1531 -0.0162 142.7846
368 784  0.5281  0.4458 108.9115
400 784  0.1171  0.2516 75.9520
432 784 -0.1077  0.0793 26.6712
464 784 -0.0176 -0.1097 53.0963
496 784  0.1469 -0.2011 13.0720
528 784  0.1804 -0.1119 13.6854
560 784  0.2572  0.0353 21.2392
592 784 -0.0414  0.1205 13.5020
624 784 -0.0718 -0.0299 16.4273
656 784 -0.1391  0.2471  9.4443
 16 816  0.0315  0.0302 17.1547
 48 816  0.0077 -0.0010 180.5350
 80 816  0.1058 -0.0228 39.6345
112 816  0.0485 -0.0518 80.3714
144 816  0.0133 -0.0578 175.7754
176 816  0.0104 -0.5337 62.1560
208 816  0.0252 -0.1852 276.6620
240 816 -0.1208 -0.2188 17.6334
272 816 -0.0257 -0.4084 30.1182
304 816  0.1176 -0.3931 207.4689
336 816  0.2246 -0.1257 112.8171
368 816  1.6779  0.6411 43.9474
400 816  0.6875  0.4401 148.7332
432 816  0.1709  0.2483 46.6025
464 816  0.1304  0.0005 14.3118
496 816  0.0860 -0.0896 12.5937
528 816  0.5146 -0.0226  8.0769
560 816  0.1525  0.1267 77.9037
592 816  0.0623 -0.0382 137.5844
624 816 -0.0362  0.0297 16.9597
656 816 -0.0864  0.0410 12.3224
 16 848  0.0407 -0.0047 24.9245
 48 848  0.0277 -0.0057 47.5220
 80 848  0.1027 -0.0694 60.7820
112 848  0.0837 -0.0518 127.2172
144 848  0.0725 -0.0521 269.2428
176 848  0.1277 -0.0606 93.2928
208 848  0.1032 -0.2792 138.0863
240 848  0.1196 -0.5136 165.3882
272 848  0.2836 -0.3329 25.0941
304 848  0.2953 -0.2577 24.3538
336 848  1.5075 -0.1821 28.7140
368 848  1.6390  0.2488 41.6917
400 848  0.0077  0.0807 19.1085
432 848  0.1872  0.0064 12.1361
464 848  0.2850  0.0844 12.1436
496 848  0.0159  0.0132 16.4452
528 848  0.1700  0.0890  6.5690
560 848  0.0506  0.1354 83.6770
592 848  0.0515  0.1796 144.1011
624 848 -0.0395  0.1000 51.2924
656 848 -0.0567  0.0726 37.0654
 16 880  0.0430 -0.0285 18.5128
 48 880  0.0415 -0.0107 65.7156
 80 880  0.1165 -0.1677 213.1971
112 880  0.0302 -0.0301 38.0911
144 880  0.1006 -0.2196 174.8265
176 880  0.4733 -0.1271 314.1185
208 880  0.1606 -0.2664 325.5235
240 880  0.3360 -0.4196 69.9781
272 880  0.9545 -1.2269 202.7204
304 880  1.0685 -1.1345 136.7666
336 880  1.2562 -0.4891 93.3149
368 880  0.6109 -0.1951 59.1933
400 880  0.2492 -0.0927 105.7074
432 880  0.2144  0.0177 15.5937
464 880  0.0396  0.0810 22.3873
496 880 -0.0153 -0.0242  5.8107
528 880  0.0108  0.0182 14.5643
560 880  0.0217  0.1702 20.9483
592 880  0.0045  0.1229 40.6941
624 880 -0.0325  0.1083 123.1021
656 880 -0.1566  0.1247 136.2070
 16 912  0.0620 -0.0198 185.4882
 48 912  0.0077 -0.0032 15.7521
 80 912  0.1047 -0.0508 224.6950
112 912  0.1538 -0.1365 202.8190
144 912  0.1289 -0.0384 147.2593
176 912  0.3048 -0.1116 203.1513
208 912  0.3279 -0.3293 52.1745
240 912  0.5357 -1.2812 85.3919
272 912  0.7034 -1.0853 40.3917
304 912  1.1347 -1.2984 81.6318
336 912  1.6676 -1.0187 63.3801
368 912  1.8627 -0.1530 22.1735
400 912  0.6563  0.3804 19.2707
432 912  0.0317  0.0263 20.3269
464 912  0.0381  0.0276  8.5705
528 912 -0.0111  0.0079  4.9333
560 912  0.0074 -0.0041 12.7647
592 912 -0.0284  0.0201 23.0545
624 912 -0.0067  0.1061 29.1580
656 912 -0.0524  0.1376 83.4610
 16 944  0.0971 -0.0352 23.4454
 48 944  0.0335 -0.1224 23.6256
 80 944  0.2973 -0.0599 102.6503
112 944  0.1309 -0.0606 210.1436
144 944  0.4236 -0.1408 121.3118
176 944  0.1976 -0.1581 228.6177
208 944  0.4910 -0.4049 148.1553
240 944  0.7706 -0.4916 134.0452
272 944  0.9834 -1.0348 47.8029
304 944  1.0557 -1.5885 152.9836
336 944  0.4133 -0.6368 29.5363
368 944  0.2069 -0.0304 20.1473
400 944  0.0670  0.0831 12.4165
432 944  0.0075  0.0113 15.0932
464 944  0.1207  0.0717  5.4878
496 944  0.0030  0.0053  7.7682
528 944  0.0165  0.0352  4.5817
592 944  0.0078 -0.0088  6.1337
624 944  0.0359 -0.0343 19.6103
656 944 -0.0447  0.0533 36.6792
 16 976  0.0406  0.0226 20.9884
 48 976  0.0440  0.0026 32.5675
 80 976  0.0468 -0.0373 194.5444
112 976  0.5527 -0.0380 241.2205
144 976  0.1123 -0.0808 276.5737
176 976  0.3941 -0.1279 122.6358
208 976  0.1956 -0.1763 90.5295
240 976  0.7354 -1.0215 26.3164
272 976  0.3513 -0.9903 36.8580
304 976  0.1337 -0.4147 16.5903
336 976 -0.0280 -0.2791 57.3469
368 976 -0.0248  0.0846 21.5697
400 976  0.0368  0.0455 12.1217
432 976  0.1067  0.2042  5.9477
464 976  0.0191  0.0207 21.5581
496 976  0.0330 -0.0306 24.5696
528 976  0.0023 -0.0021 31.6563
560 976 -0.0267 -0.0045  6.9247
592 976 -0.1544 -0.1881  7.2033
624 976  0.0809 -0.0582  5.5102
656 976  0.0385 -0.1088  7.7605
 16 1008  0.1334 -0.0014 75.0975
 48 1008  0.0757 -0.0332 73.6941
 80 1008  0.1218  0.0035 87.5662
112 1008  0.0910 -0.1324 95.2064
144 1008  0.4522 -0.2545 228.5050
176 1008  0.1016 -0.0649 251.3736
208 1008  0.1436 -0.3794 127.5302
240 1008  0.2547 -0.2667 50.5882
272 1008  0.0683 -0.4376 49.2184
304 1008 -0.0389 -0.8030 65.1491
336 1008 -0.0198  0.2069 14.1816
368 1008  0.0594  0.7469  9.9434
400 1008  0.2585  0.2960  7.1648
432 1008  0.0623  0.0604 25.7560
464 1008  0.1367  0.0800 38.9268
496 1008  0.0064 -0.0030 22.1564
528 1008  0.0126 -0.0381 18.1632
560 1008  0.0160 -0.0128  7.3646
592 1008 -0.0826  0.1432  7.9216
624 1008 -0.0208  0.2229  4.4134
 16 1040  0.0537  0.0109 30.0803
 48 1040  0.0798 -0.0288 225.9812
 80 1040  0.1441 -0.0223 258.0304
112 1040  0.0582 -0.0396 266.9801
144 1040  0.0938 -0.0543 60.9723
176 1040  0.1637 -0.1394 195.9971
208 1040  0.0783 -0.1575 300.9841
240 1040  0.0653 -0.1692 25.4748
272 1040  0.0282 -0.2780 150.8025
304 1040 -0.0450 -0.7320 248.2027
336 1040  0.0350  0.1638 36.3543
368 1040  0.4009  0.1847 24.3488
400 1040 -0.0002  0.0517 44.0856
432 1040  0.0961  0.0228 23.8100
464 1040  0.1000  0.0044 132.1803
496 1040  0.1125 -0.0498 48.9664
528 1040  0.0268 -0.0437 18.0082
560 1040 -0.0611  0.0310  9.4056
592 1040 -0.0025 -0.0166 20.4752
624 1040 -0.0250  0.0349 15.3572
656 1040 -0.0887  0.0771  7.1298
 16 1072  0.0458  0.0273 80.9581
 48 1072  0.0204  0.0002 110.4124
 80 1072  0.1372 -0.0435 293.5058
112 1072  0.0323 -0.0534 60.3687
144 1072  0.0844 -0.1512 160.9095
176 1072  0.0588 -0.0924 212.7729
208 1072  0.0150 -0.0615 18.1579
240 1072  0.0765 -0.1232 107.0345
272 1072 -0.0143 -0.0924 63.1128
304 1072 -0.0085 -0.1823 31.5967
336 1072 -0.1066 -0.1545 125.6590
368 1072 -0.1586 -0.0707 155.4789
400 1072  0.0155  0.0020 71.3219
432 1072  0.0810 -0.0074 156.1014
464 1072  0.1086 -0.0079 67.5565
496 1072  0.0363 -0.0310 28.6151
528 1072  0.0671 -0.1346 42.2124
560 1072 -0.0035 -0.0244 14.1123
592 1072 -0.0757  0.0040  8.4188
624 1072 -0.0354  0.0462 11.0610
656 1072  0.0072  0.0149 23.5053
 16 1104  0.0255 -0.0593 56.4403
 48 1104  0.0134 -0.0394 50.3555
 80 1104  0.0235 -0.0132 53.0031
112 1104  0.0550 -0.1842 63.6976
144 1104  0.0878 -0.0532 131.4874
176 1104  0.0470 -0.0137 157.8965
208 1104  0.0595 -0.0634 38.8655
240 1104  0.0337 -0.1540 278.7238
272 1104 -0.0003 -0.1091 103.1734
304 1104 -0.0127 -0.1696 151.4637
336 1104  0.0040 -0.0948 264.0532
368 1104  0.0061 -0.0471 128.8347
400 1104  0.0802 -0.0112 87.2109
432 1104  0.0311 -0.0288 123.0288
464 1104  0.1030 -0.0404 33.7433
496 1104  0.0093 -0.0466 19.4162
528 1104 -0.0253 -0.0366 18.3290
560 1104  0.0345 -0.0673 13.0222
592 1104 -0.0206  0.0185 16.4649
624 1104  0.0247  0.0125 12.7038
656 1104  0.0041  0.0360 22.8623
 16 1136  0.0142  0.0021 16.8659
 48 1136  0.0314 -0.0052 68.8454
 80 1136  0.0873 -0.0785 76.6833
112 1136  0.0497 -0.0664 43.1356
144 1136  0.0191 -0.0628 85.5140
176 1136  0.0405 -0.2004 219.1497
208 1136  0.0345 -0.0725 86.0916
240 1136  0.0291 -0.1706 164.3870
272 1136  0.0241 -0.0873 157.8188
304 1136  0.0163 -0.1475 129.2001
336 1136  0.0180 -0.0808 116.8334
368 1136  0.0288 -0.1268 164.7009
400 1136  0.0232 -0.0517 127.5325
432 1136  0.0248 -0.0536 70.1979
464 1136  0.0316 -0.0222 28.8518
496 1136  0.0385  0.0354 68.2274
528 1136  0.0193 -0.0345 16.1403
560 1136 -0.0363  0.0077 16.1263
592 1136 -0.0275 -0.0093 11.6606
624 1136  0.0221  0.0064 32.8912
656 1136  0.0927 -0.1395 31.4718
 16 1168  0.0243 -0.0044 13.9505
 48 1168  0.0219 -0.0269 22.2355
 80 1168  0.0394 -0.0175 80.8011
112 1168  0.0448 -0.0289 220.0648
144 1168  0.0357 -0.0238 253.2320
176 1168  0.0246 -0.0171 183.7942
208 1168  0.0257 -0.1004 344.7053
240 1168  0.0544 -0.0687 123.7978
272 1168  0.0249 -0.2950 108.4212
304 1168  0.0084 -0.0808 39.2393
336 1168  0.0691 -0.1072 111.4384
368 1168  0.0143 -0.1082 152.1071
400 1168  0.1461 -0.0609 57.9807
432 1168  0.0965 -0.0825 46.4514
464 1168  0.0216 -0.0945 254.2537
496 1168  0.0217 -0.0283 19.2000
528 1168  0.0204 -0.0289 19.0987
560 1168  0.0174  0.0276 13.9537
592 1168 -0.0035  0.0097 14.4918
624 1168  0.0115  0.0138 12.8267
656 1168  0.0175  0.0023 12.8731
 16 1200  0.0288 -0.0079 44.8061
 48 1200  0.0026 -0.0085 24.8127
 80 1200  0.0409 -0.0226 14.8303
112 1200  0.0001 -0.0065 37.7399
144 1200  0.0437 -0.0391 141.6850
176 1200  0.0798 -0.0393 42.6065
208 1200  0.0385 -0.0943 77.2562
240 1200  0.0266 -0.0598 298.8359
272 1200  0.0130 -0.1031 83.9321
304 1200  0.0739 -0.0334 101.3929
336 1200  0.0398 -0.0379 151.6913
368 1200  0.0520 -0.0643 178.7787
400 1200  0.0517 -0.0548 257.8493
432 1200  0.0850 -0.0407 35.4883
464 1200  0.1403 -0.0522 75.7732
496 1200  0.0072  0.0092 26.4377
528 1200  0.0256 -0.0196 22.5964
560 1200  0.0054 -0.0247 12.5366
592 1200  0.0084 -0.0175 18.6258
624 1200 -0.0019 -0.0205 47.4826
656 1200 -0.0229  0.0283 46.2995
  0   0  0.1180  0.0106  0.0000
  0   0  0.1447 -0.0242  0.0000
  0   0  0.0871 -0.0238  0.0000
