VARIABLES= "X pix", "Y pix", "U pix/dt", "V pix/dt", "CHC", ZONE I=21, J=30
 16 272 -0.1008 -0.2174 202.1461
 48 272 -0.0030 -0.0348 24.4835
 80 272 -0.0352 -0.1945 226.7501
112 272 -0.0476 -0.1093 248.4923
144 272 -0.0145 -0.2924 136.3840
176 272 -0.0826 -0.1303 178.9052
208 272 -0.0150 -0.1102 345.8288
240 272  0.0212 -0.0709 60.4718
272 272  0.0009 -0.0405 195.8438
304 272  0.0170 -0.0497 140.8520
336 272  0.0324 -0.0184 206.6597
368 272  0.0176 -0.0257 180.2990
400 272  0.0708  0.0021 268.1348
432 272  0.0632  0.0270 121.0195
464 272  0.0535  0.0254 97.3510
496 272  0.0850  0.0703 231.6058
528 272  0.0500  0.1024 110.7395
560 272  0.0537  0.0759 58.2302
592 272  0.0657  0.0379 194.6431
624 272  0.0591  0.0120 124.1473
656 272  0.0290  0.0121 161.1690
 16 304 -0.0739 -0.1611 93.8543
 48 304 -0.0234 -0.0922 54.4716
 80 304 -0.2212 -0.2374 127.3069
112 304 -0.0995 -0.1180 37.8712
144 304 -0.0645 -0.2049 144.1926
176 304 -0.0252 -0.1920 101.3917
208 304 -0.1126 -0.1468 290.0722
240 304 -0.0371 -0.1097 243.9967
272 304  0.0134 -0.0666 46.9235
304 304 -0.0061 -0.0464 283.0565
336 304  0.0373 -0.0441 161.6257
368 304  0.0229 -0.0382 120.6673
400 304  0.0406  0.0183 26.9330
432 304  0.0319 -0.0035 108.0575
464 304  0.1098  0.0542 184.8493
496 304  0.0574  0.0512 198.6048
528 304  0.1040  0.0323 86.3901
560 304  0.1109  0.0058 173.8151
592 304  0.0758  0.0038 152.8181
624 304  0.0382  0.0262 141.4116
656 304  0.0772  0.0196 117.0119
 16 336 -0.1661 -0.2299 170.0446
 48 336 -0.0890 -0.2965 18.2098
 80 336 -0.1176 -0.5418 85.3110
112 336 -0.1054 -0.2759 155.5559
144 336 -0.1291 -0.2752 295.9922
176 336 -0.1970 -0.1022 126.5550
208 336 -0.0665 -0.2253 399.3133
240 336 -0.0548 -0.1320 86.3939
272 336 -0.0334 -0.1188 18.4386
304 336 -0.0340 -0.2141 324.9123
336 336  0.0116 -0.0453 155.4790
368 336  0.0269 -0.0531 147.3758
400 336  0.0547  0.0355 23.8105
432 336  0.0526  0.0190 145.7312
464 336  0.0847  0.0060 111.5053
496 336  0.0125  0.1115 81.5095
528 336  0.0559  0.0103 162.0779
560 336  0.1247  0.0267 143.7423
592 336  0.0556  0.0203 261.2178
624 336  0.0787  0.0105 105.9721
656 336  0.0856  0.0042 181.6154
 16 368 -0.0585 -0.3489 56.2077
 48 368 -0.1092 -0.2673 42.7226
 80 368 -0.8179 -0.8829 112.7068
112 368 -0.2897 -0.1653 49.1204
144 368 -0.0777 -0.2216 82.1823
176 368 -0.0491 -0.1483 22.5819
208 368 -0.0582 -0.0807 303.3721
240 368 -0.0460 -0.1550 59.1835
272 368 -0.0363 -0.1269 122.1499
304 368 -0.0107 -0.0850 140.0816
336 368  0.0083 -0.0825 391.5072
368 368  0.0335 -0.0691 291.4211
400 368  0.0506 -0.0207 338.3783
432 368  0.0853 -0.0100 201.0874
464 368  0.0372  0.0171 105.8390
496 368  0.0489  0.0245 237.5025
528 368  0.0385  0.0550 92.1652
560 368  0.0778  0.0333 253.0875
592 368 -0.0090  0.0244 262.7950
624 368  0.0952  0.0176 193.9940
656 368  0.0995  0.0084 187.6144
 16 400 -0.0537 -0.6546 78.8909
 48 400 -0.1516 -0.0596 18.4791
 80 400 -0.2281 -0.5146 149.5469
112 400 -0.3330 -0.2369 58.4557
144 400 -0.0677 -0.1887 30.8275
176 400 -0.1113 -0.1446 169.5283
208 400 -0.2489 -0.1714 139.9528
240 400 -0.0700 -0.1428 28.8597
272 400 -0.0740 -0.2088 232.4077
304 400 -0.0508 -0.1185 177.8177
336 400 -0.0316 -0.1801 79.0447
368 400  0.0152 -0.0724 135.9285
400 400  0.0167 -0.0304 90.1776
432 400  0.0405  0.0180 220.6660
464 400  0.0975  0.0032 178.7766
496 400  0.0507  0.0140 70.9146
528 400  0.0351  0.0056 159.6870
560 400  0.1143  0.0352 214.2384
592 400  0.0903  0.0219 131.4203
624 400  0.0293  0.0341 169.7762
656 400  0.0899 -0.0011 111.3322
 16 432 -0.2873 -0.4729 49.9799
 48 432 -0.6612 -0.2820 124.7876
 80 432 -0.1493 -0.5579 215.0721
112 432 -0.1250 -0.1933 28.6780
144 432 -0.2548 -0.4465 234.0596
176 432 -0.3237 -0.1162 207.3950
208 432 -0.2642 -0.5407 29.3237
240 432 -0.2296 -0.2134 337.8055
272 432 -0.0582 -0.1521 260.5362
304 432 -0.0374 -0.3862 315.5013
336 432 -0.0151 -0.1640 317.4592
368 432  0.0383 -0.1087 188.9593
400 432  0.0368 -0.0482 246.5141
432 432  0.0331 -0.0219 98.0226
464 432  0.0598 -0.0038 72.6678
496 432  0.0672  0.0128 147.2198
528 432  0.0604  0.0422 74.4954
560 432  0.0721  0.0249 125.1601
592 432  0.0550  0.0212 109.1391
624 432  0.0454 -0.0005 132.1792
656 432  0.0642 -0.0459 75.4502
 16 464 -0.1269 -0.0563 14.6506
 48 464 -0.3213 -0.4417 132.9672
 80 464 -0.4650 -0.5736 116.2135
112 464 -0.2366 -0.7174 195.1605
144 464 -0.1418 -0.3873 31.5626
176 464 -0.2810 -0.4815 200.6689
208 464 -0.1545 -0.8148 167.8052
240 464 -0.2738 -0.3554 116.2271
272 464 -0.2119 -0.2478 259.4732
304 464 -0.0673 -0.1257 118.2593
336 464 -0.0623 -0.1578 218.2489
368 464 -0.0228 -0.1210 192.7444
400 464  0.0111 -0.0781 69.6287
432 464  0.0025 -0.0381 75.7029
464 464  0.0576 -0.0138 120.8495
496 464 -0.0283  0.0136 20.3683
528 464  0.0734  0.0823 151.0735
560 464  0.0817 -0.0034 109.0864
592 464  0.0763  0.0242 118.8055
624 464  0.1099  0.0309 132.9761
656 464  0.0234 -0.0239 250.3441
 16 496 -0.3654 -0.3273 97.3223
 48 496 -0.7674 -0.7291 41.4639
 80 496 -0.7939 -0.1816 143.5004
112 496 -0.2806 -0.4705 299.3439
144 496 -0.6435 -0.8659 110.2011
176 496 -0.1911 -0.7009 228.6930
208 496 -0.5746 -0.1284 131.3799
240 496 -0.2305 -0.6456 94.1723
272 496 -0.1413 -0.0056 32.2276
304 496 -0.0405 -0.4810 71.9906
336 496 -0.0468 -0.3173 115.9165
368 496 -0.0060 -0.1806 36.0902
400 496  0.0384 -0.1635 36.3599
432 496  0.0532 -0.0605 172.7757
464 496  0.0634 -0.1457 221.4259
496 496  0.0445 -0.0056 182.8870
528 496  0.0570  0.0012 153.9511
560 496  0.0966  0.0033 153.1299
592 496 -0.0430  0.0295 36.5809
624 496  0.0925  0.0311 124.6593
656 496  0.1138  0.0293 104.3723
 16 528 -0.7761 -0.6859 30.2449
 48 528 -0.1263 -0.6682 88.2078
 80 528 -0.2799 -0.2494 35.8327
112 528 -0.4527 -0.6679 139.5750
144 528 -0.7094 -0.9065 30.2029
176 528 -0.3990 -0.6048 126.2745
208 528 -0.3627 -0.8907 135.3421
240 528 -0.1694 -0.4112 34.3666
272 528 -0.1016 -0.4203 213.8288
304 528 -0.0968 -0.2251 145.7060
336 528 -0.1320 -0.3384 195.4660
368 528 -0.0906 -0.1245 199.2029
400 528  0.0076 -0.0664 264.3925
432 528  0.0993 -0.0524 256.0508
464 528  0.0862 -0.0788 234.7964
496 528  0.1022  0.0123 57.5687
528 528  0.1045 -0.0056 88.2084
560 528  0.0856  0.0333 169.8816
592 528  0.1055 -0.0223 70.3828
624 528  0.0773 -0.0063 46.8568
656 528  0.0806  0.0208 123.7236
 16 560 -0.3890 -0.4155 56.2232
 48 560 -0.4660 -0.2216 60.3239
 80 560 -0.7989 -0.5043 51.9814
112 560 -0.7226 -0.4317 105.4819
144 560 -0.8145 -0.9162 61.8984
176 560 -0.3845 -0.4927 118.7565
208 560 -0.3415 -0.8894 80.3014
240 560 -0.2892 -0.9229 169.3709
272 560 -0.2871 -0.5963 75.2720
304 560 -0.1699 -0.4118 243.9620
336 560 -0.0420 -0.3778 233.4335
368 560 -0.0430 -0.3614 84.1364
400 560  0.0771 -0.0595 190.8682
432 560  0.0731 -0.0943 98.2084
464 560  0.0915 -0.0285 130.9842
496 560  0.0805 -0.0100 86.1539
528 560  0.1216 -0.0194 166.2843
560 560  0.0803  0.0228 138.5745
592 560  0.1050  0.0024 176.5531
624 560  0.1066 -0.0362 89.8248
656 560  0.0823 -0.0199 76.3489
 16 592 -0.7133 -0.3528 116.1912
 48 592 -0.6045 -0.3186 33.3683
 80 592 -0.3385 -0.3261 80.0981
112 592 -0.3970 -0.2549 167.1595
144 592 -0.2904 -0.3125 74.8622
176 592 -0.3030 -0.4558 73.2388
208 592 -0.5843 -0.8285 109.8732
240 592 -0.0771 -0.2633 11.5361
272 592 -0.5034 -1.0161 95.2194
304 592 -0.1564 -0.8793 102.6900
336 592 -0.1729 -0.4591 32.7272
368 592 -0.1954 -0.4836 113.0959
400 592 -0.0490 -0.4878 269.4645
432 592 -0.0291 -0.1131 54.1042
464 592  0.0594 -0.1542 187.3836
496 592  0.0781 -0.0511 67.7856
528 592  0.0953 -0.0063 112.2128
560 592  0.1637 -0.0183 306.9500
592 592  0.1063  0.0393 60.5586
624 592  0.1557 -0.0460 94.9430
656 592  0.0753 -0.0560 289.4008
 16 624 -0.1281 -0.1385 25.6696
 48 624 -0.5961 -0.1701 128.0678
 80 624 -0.2027 -0.2042 51.2650
112 624 -0.6898 -0.8012 83.2113
144 624 -0.7717 -0.7647 157.5012
176 624 -0.8464 -1.2804 152.3713
208 624 -0.8515 -1.1283 129.4352
240 624 -0.2729 -1.3402 23.7431
272 624 -0.0562 -0.1044 34.6301
304 624 -0.1232 -0.3636 26.0197
336 624 -0.8654 -0.8010 85.8796
368 624 -0.6916 -0.7045 145.0204
400 624 -0.6996 -0.6002 54.0960
432 624 -0.2359 -0.1947 157.2135
464 624 -0.1079 -0.2015 171.3907
496 624 -0.0908 -0.1244 129.9791
528 624  0.0516 -0.0398 169.0615
560 624  0.1758 -0.0150 155.0253
592 624  0.1886 -0.0413 118.4478
624 624  0.1163 -0.0581 30.7972
656 624  0.1039 -0.2186 68.5647
 16 656 -0.2541 -0.2813 43.1540
 48 656 -0.1806 -0.1886 213.3335
 80 656 -0.2405 -0.2859 204.0960
112 656 -0.6896 -0.3364 39.2896
144 656 -0.9007 -0.3586 71.3215
176 656 -0.9313 -0.5506 111.5351
208 656 -0.5521 -0.6447 40.5637
240 656 -0.6420 -1.2004 43.7199
272 656 -1.0994 -1.0956 64.7635
304 656 -1.0123 -0.9214 76.4487
336 656 -0.2804 -0.6026 20.7481
368 656 -0.9681 -0.0939 185.6893
400 656 -1.0532 -0.7950 116.1919
432 656 -0.7299 -0.5009 41.2306
464 656 -0.2411 -0.2727 72.1874
496 656 -0.0797 -0.1872 153.2759
528 656 -0.0418 -0.1484 53.5450
560 656  0.1791 -0.0556 77.3366
592 656  0.1539 -0.0572 187.2307
624 656  0.1178 -0.1666 188.0046
656 656  0.0941 -0.1656 167.2533
 16 688 -0.0378 -0.0716 54.4312
 48 688 -0.1914 -0.2279 232.5219
 80 688 -0.2670 -0.1393 192.2641
112 688 -0.1738 -0.1198 129.4878
144 688 -0.3661 -0.1919 70.7935
176 688 -0.9544 -0.8134 180.8949
208 688 -1.4071 -0.9630 183.8660
240 688 -1.2490 -1.1099 69.0296
272 688 -1.3861 -0.9569 86.7765
304 688 -1.1975 -0.5185 137.5835
336 688 -0.4034 -0.0818 105.9013
368 688 -1.3991 -0.5769 96.1942
400 688 -1.5100 -0.6701 101.2506
432 688 -1.4342 -0.5398 108.3874
464 688 -0.9916 -0.4606 172.3838
496 688 -0.4138 -0.3503 94.1600
528 688 -0.1688 -0.2876 112.5843
560 688 -0.0646 -0.1872 20.5248
592 688  0.0345 -0.0676 155.5042
624 688  0.0429 -0.0792 241.5237
656 688  0.0532 -0.0767 57.0735
 16 720 -0.0331 -0.2331 196.1080
 48 720 -0.0673 -0.0644 70.9854
 80 720 -0.3145 -0.1967 171.8025
112 720 -0.2131 -0.2098 36.5226
144 720 -0.4045 -0.1349 94.5377
176 720 -1.2929 -1.2590 46.2534
208 720 -1.0240 -1.0170 201.4219
240 720 -1.0390 -1.0633 145.1792
272 720 -1.0967 -0.9455 32.1196
304 720 -1.6312 -1.0943 91.1601
336 720 -1.1168 -0.3866 217.6201
368 720 -1.1568 -0.0191 203.0797
400 720 -2.0249  0.2036 89.9737
432 720 -1.9581 -0.3021 94.7849
464 720 -1.3949 -0.7669 120.8038
496 720 -1.3900 -0.7617 69.2552
528 720 -0.5846 -0.6215 212.5878
560 720 -0.1027 -0.2461 153.3534
592 720 -0.0021 -0.0845 116.3329
624 720  0.0120 -0.1295 58.4709
656 720 -0.0759 -0.1415 27.7882
 16 752  0.0179 -0.0143 90.6109
 48 752 -0.0624 -0.0392 165.7061
 80 752 -0.1467 -0.1845 123.2692
112 752 -0.1525 -0.1112 170.2843
144 752 -0.2129 -0.0774 170.9153
176 752 -0.2714 -0.4546 83.7993
208 752 -0.8804 -0.8873 279.1150
240 752 -0.2846 -0.6541 34.5434
272 752 -0.2916 -0.6714 125.4123
304 752 -1.0269 -0.3147 299.2728
336 752 -0.4540  0.1228 177.6537
368 752 -0.7280  0.4757 96.6668
400 752 -0.0270 -0.0017 18.7341
432 752 -0.3058 -0.4472 15.3880
464 752  0.4610 -0.4998 12.4512
496 752  1.8645 -0.3542 81.6175
528 752 -0.6538 -1.1076 41.9446
560 752 -0.2670 -0.7047 90.6338
592 752 -0.0763 -0.1287 113.9123
624 752 -0.0029 -0.0992 96.6818
656 752 -0.0544 -0.0373 13.4529
 16 784  0.0108 -0.0214 43.3200
 48 784  0.0660 -0.0628 32.2171
 80 784 -0.0004 -0.0518 41.0561
112 784 -0.0048 -0.0114 460.9024
144 784 -0.1180 -0.0193 82.7452
176 784 -0.2990 -0.2911 57.3898
208 784 -0.3409 -0.3121 190.7761
240 784 -0.6789 -1.0499 271.2618
272 784 -0.3783 -0.5547 61.8562
304 784 -0.2087 -0.1802 82.4013
336 784 -0.0270  0.1343 163.9725
368 784  0.1742  1.3950 61.0497
400 784  0.0897  0.5409 18.1044
432 784  0.3117 -0.4087  7.9971
464 784  0.2688 -1.6183  5.4954
496 784  0.2745 -0.3091  4.8336
528 784  0.2916 -0.3365 52.0288
560 784 -0.1248 -0.1829 32.9522
592 784 -0.1778 -0.2747 92.6561
624 784 -0.0882  0.0183 25.4380
656 784 -0.0425  0.0059 14.8906
 16 816  0.0603 -0.0162 57.7849
 48 816  0.1170 -0.0488 131.3905
 80 816 -0.0020 -0.0447 142.2954
112 816  0.0259 -0.1058 159.1333
144 816 -0.0015 -0.1697 110.9540
176 816 -0.0511 -0.2443 40.2776
208 816 -0.0685 -0.2767 95.1219
240 816 -0.0499 -0.8281 114.7665
272 816 -0.1130 -0.8030 126.4804
304 816  0.3638 -0.1896 167.3584
336 816  1.1384  0.7794 278.5947
368 816  2.1336  1.9430 46.1386
400 816  0.0552 -1.2793 20.5640
432 816  0.3397 -1.8625 10.1457
464 816  0.3052 -0.2608 10.9686
496 816  0.3763 -0.3729  7.0044
528 816  0.2238 -0.1442 10.0748
560 816 -0.0445 -0.2567 55.1677
592 816 -0.0714 -0.1563 62.5409
624 816 -0.0421 -0.0178 58.7521
656 816 -0.0370 -0.0096 50.2490
 16 848  0.0560 -0.0098 87.9944
 48 848  0.0989  0.0050 33.7902
 80 848  0.0543 -0.0321 90.8142
112 848  0.0881 -0.0270 173.6384
144 848  0.0953 -0.0675 37.0650
176 848  0.0545 -0.0525 17.8596
208 848  0.0481 -0.1234 159.8492
240 848  0.2528 -0.3730 204.1878
272 848  0.3721 -1.2289 119.6630
304 848  0.9520 -0.8560 50.6530
336 848  2.4198 -0.3137 15.0405
368 848  3.6235  1.0771 16.9083
400 848  0.0803 -0.3433 29.8961
432 848  0.0941 -0.4835  7.8640
464 848  0.2283 -0.3491 11.1156
496 848  0.0951  0.0851  6.7693
528 848  0.0226  0.0067  9.4412
560 848 -0.0530  0.0338 42.8616
592 848 -0.0565  0.0195 72.2527
624 848 -0.0715  0.0646 74.7215
656 848 -0.0103  0.0450 121.4451
 16 880  0.0809 -0.0098 26.5134
 48 880  0.1261 -0.0229 58.6878
 80 880  0.1295 -0.0369 179.9230
112 880  0.2691 -0.0478 202.0450
144 880  0.0426 -0.0266 430.9690
176 880  0.2793 -0.1012 424.6043
208 880  0.2693 -0.3517 48.7898
240 880  0.1496 -0.0689 151.1014
272 880  0.6424 -1.1579 67.4525
304 880  2.0882 -1.5290 63.0157
336 880  3.6229 -0.9676 22.0391
368 880 -0.1358  0.1452 14.4062
400 880 -0.0493  0.0521  8.5671
432 880 -0.0416  0.0770 15.5631
464 880  0.0914  0.0194 10.0329
496 880  0.0623 -0.0215  4.1838
528 880 -0.0314 -0.0034 13.3440
560 880 -0.0772  0.0922 15.1510
592 880 -0.0377  0.0465 71.0299
624 880 -0.0375  0.1013 82.7049
656 880 -0.0343  0.0882 36.1497
 16 912  0.1544  0.0053 45.3525
 48 912  0.0950 -0.0180 20.5435
 80 912  0.2240 -0.0262 227.4647
112 912  0.1328 -0.0530 166.4640
144 912  0.2622 -0.0682 364.2361
176 912  0.2995 -0.1197 109.8555
208 912  0.3191 -0.2763 40.6264
240 912  0.7826 -0.8778 270.7359
272 912  0.6999 -1.2514 146.6210
304 912  2.1089 -2.0328 36.4381
336 912  0.1242  0.1882 15.9470
368 912  0.3461  0.0191  9.4930
400 912  0.0277  1.0152 12.0854
432 912  0.0733  0.2260  9.6885
464 912  0.0369  0.1504  5.2037
528 912 -0.0269  0.0207  4.5685
560 912 -0.0439  0.0333 10.8893
592 912 -0.0643  0.0114 25.4034
624 912 -0.0427  0.0604 20.4770
656 912 -0.0373  0.0839 84.8537
 16 944  0.0957 -0.0046 49.0279
 48 944  0.1540  0.0020 16.7441
 80 944  0.2203 -0.0473 102.2250
112 944  0.1620 -0.0356 247.5409
144 944  0.0838 -0.0431 214.8992
176 944  0.2109 -0.1452 174.5901
208 944  0.5567 -0.2004 252.8300
240 944  0.6709 -0.9740 136.5045
272 944  0.1313 -1.0531 96.2085
304 944  0.3431 -2.1026 58.0216
336 944 -0.0678  0.2007 11.6188
368 944 -0.1511  0.2227  8.2343
400 944 -0.0860  0.3820 10.4522
432 944  0.1596  0.1711  5.8142
464 944  0.0448  0.0466  4.6013
496 944  0.0104  0.0433  9.1950
528 944 -0.0280  0.0213  4.8667
592 944 -0.0332  0.0396  5.6549
624 944 -0.0163  0.0181 19.6942
656 944 -0.0422  0.0050 29.7532
 16 976  0.2554 -0.0197 37.5579
 48 976  0.0922 -0.0184 68.8416
 80 976  0.0623 -0.0060 152.0939
112 976  0.1282 -0.0655 297.9249
144 976  0.3020 -0.0447 227.0710
176 976  0.0773 -0.0372 21.8934
208 976  0.1404 -0.1418 105.8472
240 976  0.1291 -0.3274 18.0972
272 976  0.1081 -0.9375 97.2278
304 976  0.0582 -0.8857 52.0184
336 976 -0.1136  0.2727 31.8739
368 976 -0.2463  0.4225  9.1800
400 976 -0.0255  0.4441  5.8294
432 976  0.1265  0.2097  7.6358
464 976  0.0714  0.0892 61.0131
496 976  0.3515 -0.1641 28.0256
528 976  0.0089 -0.0007 32.3303
560 976 -0.0210  0.0149  7.4143
592 976  0.0122  0.0924  5.6579
624 976 -0.1045  0.1650  5.7325
656 976 -0.0253  0.0460  7.9891
 16 1008  0.1236 -0.0358 231.7406
 48 1008  0.3738 -0.0287 33.4122
 80 1008  0.2145 -0.0660 46.1442
112 1008  0.1963 -0.0540 65.2941
144 1008  0.2393 -0.0664 190.0361
176 1008  0.3962 -0.0835 173.6929
208 1008  0.2708 -0.2029 129.5925
240 1008  0.1636 -0.5504 31.6914
272 1008  0.0582 -0.6275 74.0372
304 1008  0.0103 -0.3499 27.3337
336 1008 -0.1071 -0.4481 72.5150
368 1008 -0.3451 -0.2208 53.0604
400 1008 -0.1472  0.0176 58.8875
432 1008  0.1707 -0.0579 31.3287
464 1008  0.2005  0.0052 22.0906
496 1008  0.0306 -0.0217 22.4905
528 1008  0.0106 -0.0464 16.5224
560 1008 -0.0042 -0.0043 12.2973
592 1008  0.1927  0.0103  4.5037
624 1008 -0.0566 -0.1204  4.3344
656 1008 -0.0382 -0.0108  5.7930
 16 1040  0.0571 -0.0215 64.3617
 48 1040  0.1227 -0.0166 239.8382
 80 1040  0.1111 -0.0354 179.7405
112 1040  0.1267 -0.0867 127.5463
144 1040  0.1720 -0.0686 93.2486
176 1040  0.2842 -0.0968 173.8105
208 1040  0.0943 -0.1992 303.1515
240 1040  0.2593 -0.2093 51.9371
272 1040  0.1740 -0.2937 86.8671
304 1040  0.0633 -0.2185 118.9037
336 1040  0.0576 -0.0733 22.1335
368 1040 -0.0418 -0.0769 111.5569
400 1040  0.1901 -0.0101 75.9230
432 1040  0.1392 -0.0259 42.3090
464 1040  0.0813 -0.0209 18.7266
496 1040  0.1194 -0.0904 27.5928
528 1040  0.0331 -0.0514 14.4102
560 1040 -0.0213 -0.0028 13.3133
592 1040  0.0305 -0.0600 14.6345
624 1040 -0.0410 -0.0210 15.4498
656 1040  0.0197 -0.0153  9.5173
 16 1072  0.1142  0.0015 44.1767
 48 1072  0.0437 -0.0213 146.9766
 80 1072  0.1087 -0.0129 302.2107
112 1072  0.3195 -0.1218 46.4223
144 1072  0.0752 -0.0636 27.5067
176 1072  0.1164 -0.0838 51.3173
208 1072  0.0292 -0.0652 29.6294
240 1072  0.1341 -0.1563 79.3786
272 1072  0.0649 -0.1471 152.5699
304 1072  0.0351 -0.1003 31.5501
336 1072  0.1076 -0.1799 133.8049
368 1072  0.0872 -0.1741 178.5687
400 1072  0.0489 -0.0898 71.1915
432 1072  0.1802 -0.2175 79.0719
464 1072  0.1836 -0.1078 23.8633
496 1072  0.0032 -0.1492 29.4470
528 1072  0.1072 -0.3554 55.2818
560 1072  0.0416 -0.2801 14.3639
592 1072 -0.0054  0.0245  9.2585
624 1072  0.0007 -0.0037 11.8157
656 1072  0.0090 -0.0051 22.8465
 16 1104  0.0542 -0.0097 66.5756
 48 1104  0.4252 -0.0441 101.6113
 80 1104  0.0645 -0.0007 25.2251
112 1104  0.1195 -0.0391 71.7296
144 1104  0.1725 -0.0975 65.5880
176 1104  0.1589 -0.0813 65.8703
208 1104  0.0616 -0.2214 32.3336
240 1104  0.2354 -0.1484 129.6875
272 1104  0.1024 -0.1220 208.5949
304 1104  0.1861 -0.0882 259.6772
336 1104  0.1142 -0.1862 261.3190
368 1104  0.0950 -0.1647 116.9228
400 1104  0.1125 -0.1746 61.8979
432 1104  0.1401 -0.0909 185.1289
464 1104  0.1229 -0.1420 128.7900
496 1104  0.0161 -0.0275 16.9085
528 1104  0.0107 -0.0500 13.8327
560 1104 -0.0031 -0.0087 12.5212
592 1104  0.0200 -0.1077 15.6939
624 1104 -0.0031 -0.1643 17.7603
656 1104 -0.0330  0.0039 19.1469
 16 1136  0.0995 -0.0050 17.3835
 48 1136  0.2720 -0.0386 42.0182
 80 1136  0.0539 -0.0118 149.0805
112 1136  0.1438 -0.0419 58.3563
144 1136  0.1257 -0.2449 193.1937
176 1136  0.0773 -0.0652 237.9906
208 1136  0.1186 -0.0785 104.2162
240 1136  0.5280 -0.0903 91.2245
272 1136  0.0112 -0.2262 97.0921
304 1136  0.0927 -0.1655 122.9445
336 1136  0.1161 -0.1042 88.3946
368 1136  0.0610 -0.2425 158.7642
400 1136  0.1002 -0.2064 97.9077
432 1136  0.0986 -0.0607 111.7420
464 1136  0.0881 -0.1794 33.9681
496 1136  0.1550 -0.1043 39.7511
528 1136 -0.0079 -0.0745 11.6821
560 1136  0.0225  0.0067 16.0031
592 1136  0.0343 -0.0387 11.9970
624 1136 -0.0200 -0.0152 29.9759
656 1136  0.0610 -0.0358 30.1297
 16 1168  0.0350 -0.0477 30.5928
 48 1168  0.0585  0.0111 21.5960
 80 1168  0.0691 -0.0748 24.3601
112 1168  0.2382 -0.0606 51.0466
144 1168  0.0604 -0.0314 114.3458
176 1168  0.0764 -0.0432 152.1607
208 1168  0.1046 -0.1501 208.2829
240 1168  0.0781 -0.0409 36.4785
272 1168  0.0985 -0.0539 171.0119
304 1168  0.1093 -0.1268 78.4949
336 1168  0.1424 -0.1300 89.4787
368 1168  0.1080 -0.1877 235.9195
400 1168  0.3055 -0.1314 116.3408
432 1168  0.0998 -0.1281 43.5355
464 1168  0.1158 -0.0945 123.5841
496 1168  0.0121 -0.0111 13.8533
528 1168 -0.0007  0.0041 14.5707
560 1168  0.0431  0.0186 10.9969
592 1168  0.0109 -0.0039 14.3581
624 1168  0.0663 -0.0209 14.9563
656 1168  0.0261 -0.0287 17.1335
 16 1200  0.1202 -0.0443 121.2691
 48 1200  0.0928 -0.0313 32.3620
 80 1200  0.0273  0.0015 14.9254
112 1200  0.0209 -0.0182 34.1807
144 1200  0.1341 -0.1062 95.4267
176 1200  0.1129 -0.0413 90.4062
208 1200  0.0711 -0.1446 71.9940
240 1200  0.3248 -0.0935 51.8115
272 1200  0.0951 -0.1591 94.1713
304 1200  0.0068 -0.0593 20.0768
336 1200  0.0924 -0.0939 177.9743
368 1200  0.1316 -0.1188 40.8469
400 1200  0.1134 -0.1490 393.4661
432 1200  0.0712 -0.0483 22.3992
464 1200  0.0377 -0.0121 15.5768
496 1200 -0.0083  0.0049 20.0170
528 1200 -0.0180  0.0108 14.9034
560 1200  0.0384  0.0045 13.5903
592 1200  0.0051 -0.0196 15.1717
624 1200 -0.0089 -0.0057 43.7993
656 1200  0.0047  0.0013 43.2942
  0   0  0.2418 -0.0424  0.0000
  0   0  0.2764 -0.0487  0.0000
