VARIABLES= "X pix", "Y pix", "U pix/dt", "V pix/dt", "CHC", ZONE I=21, J=30
 16 272 -0.1527 -0.2728 280.3490
 48 272 -0.0972 -0.1446 206.7176
 80 272 -0.0297 -0.0495 322.7740
112 272 -0.0118 -0.1224 240.8398
144 272 -0.0545 -0.0593 40.8241
176 272 -0.0683 -0.1068 174.4907
208 272 -0.0407 -0.0437 325.7140
240 272 -0.0105 -0.0818 300.2467
272 272 -0.0092 -0.0358 188.1877
304 272  0.0299  0.0160 239.5777
336 272  0.0454  0.0236 305.1698
368 272  0.0326  0.0242 50.9018
400 272  0.0132  0.0469 145.9412
432 272  0.0688  0.0488 112.5084
464 272  0.0693  0.0721 191.6511
496 272  0.0736  0.0497 153.1553
528 272  0.0360  0.0572 198.0742
560 272  0.0333  0.0273 30.1004
592 272  0.0442  0.0631 88.1897
624 272  0.0516  0.0115 94.8715
656 272  0.0406 -0.0005 156.6735
 16 304 -0.1098 -0.3431 260.1119
 48 304 -0.3752 -0.1530 64.2873
 80 304 -0.0895 -0.0972 288.8925
112 304 -0.1247 -0.0913 205.9231
144 304 -0.0698 -0.1238 239.2690
176 304 -0.0693 -0.0852 140.6554
208 304 -0.0038 -0.0082 29.0063
240 304  0.0214 -0.0101 311.3239
272 304 -0.0056 -0.0287 366.1107
304 304 -0.0081  0.0048 216.1776
336 304  0.0149  0.0158 75.7029
368 304  0.0204  0.0239 194.7096
400 304  0.0298  0.0721 76.1962
432 304  0.0398  0.0452 59.8653
464 304  0.0600  0.0696 261.3553
496 304  0.0888  0.0797 125.6470
528 304  0.0489  0.0460 55.7480
560 304  0.0569  0.0381 375.8449
592 304  0.1164  0.0167 116.2745
624 304  0.0384  0.0320 137.4411
656 304  0.0293  0.0281 136.4403
 16 336 -0.0797 -0.0642 21.0710
 48 336 -0.0432 -0.0597 126.1148
 80 336 -0.2708 -0.3564 207.5108
112 336 -0.0683 -0.1402 62.4570
144 336 -0.0265 -0.0795 22.5180
176 336 -0.0731 -0.1884 216.2271
208 336 -0.0249 -0.0705 355.7173
240 336 -0.0112 -0.0316 134.9922
272 336 -0.0048 -0.0579 214.2155
304 336  0.0318  0.0117 300.0873
336 336  0.0110  0.0051 146.3477
368 336  0.0331  0.0219 119.6455
400 336  0.0278  0.0153 127.6709
432 336  0.0283  0.0738 183.8261
464 336  0.0385  0.0903 180.5814
496 336  0.0143  0.0317 153.7047
528 336  0.0142  0.0714 134.1932
560 336  0.0518  0.0370 235.5849
592 336  0.0221  0.0754 81.6597
624 336  0.0738  0.0228 120.2202
656 336  0.0260  0.0238 101.6707
 16 368 -0.1307 -0.2227 57.1071
 48 368 -0.1215 -0.2948 107.5395
 80 368 -0.6726 -0.5961 206.1736
112 368 -0.1156 -0.3256 119.6107
144 368 -0.1005 -0.2829 164.4363
176 368 -0.0743 -0.1601 274.1599
208 368 -0.0812 -0.0680 112.2010
240 368 -0.1222 -0.1232 292.6573
272 368  0.0095 -0.0608 35.1652
304 368 -0.0444 -0.0375 225.0687
336 368  0.0004 -0.0366 237.8704
368 368  0.0041  0.0146 152.8869
400 368  0.0405  0.0257 96.3322
432 368  0.0014  0.0303 36.1623
464 368  0.0338  0.0509 252.7935
496 368  0.0316  0.0477 54.0909
528 368  0.0410  0.0340 233.3026
560 368  0.0515  0.0662 157.1881
592 368  0.0651  0.0502 190.9240
624 368  0.0497  0.0521 128.5811
656 368  0.2196  0.0195 57.4692
 16 400 -0.1736 -0.1655 176.5130
 48 400 -0.1547 -0.2267 231.8483
 80 400 -0.4469 -0.2300 52.6568
112 400 -0.1714 -0.1426 208.1800
144 400 -0.1652 -0.1441 33.1675
176 400 -0.1041 -0.2260 43.6480
208 400 -0.0861 -0.2786 44.3945
240 400 -0.2128 -0.0996 52.3033
272 400 -0.0442 -0.1175 73.5966
304 400 -0.0911 -0.0853 106.7802
336 400 -0.0183 -0.0270 219.0316
368 400  0.0236  0.0386 157.1142
400 400  0.0195  0.0244 134.4330
432 400  0.0104  0.0415 180.9309
464 400  0.0190  0.0551 129.3535
496 400  0.0276  0.0426 194.6679
528 400  0.0357  0.0338 164.7947
560 400  0.0232  0.0337 125.8394
592 400  0.0823  0.0047 170.4469
624 400  0.0447  0.0457 147.5139
656 400  0.0273  0.0295 156.9457
 16 432 -0.1108 -0.5890 152.6249
 48 432 -0.0839 -0.0992 31.5140
 80 432 -0.1741 -0.3624 112.5085
112 432 -0.3705 -0.1235 215.7124
144 432 -0.3543 -0.2329 177.7961
176 432 -0.2586 -0.2929 213.2290
208 432 -0.1718 -0.1914 57.8978
240 432 -0.1538 -0.1323 273.8618
272 432 -0.0570 -0.1602 75.6002
304 432 -0.0711 -0.0971 48.9359
336 432 -0.0236 -0.0434 166.1314
368 432 -0.0286 -0.0679 129.3939
400 432  0.0081 -0.0101 258.1285
432 432  0.0144  0.0378 163.7502
464 432  0.0164  0.0346 114.1442
496 432  0.0104  0.0327 28.4531
528 432  0.0553  0.0728 262.1303
560 432  0.0645  0.0398 101.1952
592 432  0.0459  0.0264 110.9468
624 432  0.0883  0.0504 91.2183
656 432  0.0275  0.0242 89.2006
 16 464 -0.5547 -0.7546 96.4325
 48 464 -0.7178 -0.6470 153.8252
 80 464 -0.2926 -0.1768 259.6978
112 464 -0.2019 -0.1854 180.9483
144 464 -0.1772 -0.6273 122.6084
176 464 -0.2661 -0.4020 154.3264
208 464 -0.3223 -0.2757 124.1705
240 464 -0.1522 -0.2923 258.9951
272 464 -0.1990 -0.1306 93.1894
304 464 -0.0899 -0.0711 63.7214
336 464 -0.0673 -0.1255 122.5722
368 464 -0.0211 -0.0425 144.0562
400 464 -0.0404  0.0049 111.4392
432 464 -0.0232  0.0408 55.2571
464 464 -0.0170  0.0345 215.5482
496 464  0.0219  0.0345 64.7075
528 464  0.0478  0.0146 161.2313
560 464  0.0259  0.0247 109.0536
592 464  0.0460  0.0107 185.9816
624 464  0.0742  0.0123 103.7681
656 464  0.0859  0.0015 213.5819
 16 496 -0.1731 -0.2110 32.4500
 48 496 -0.2591 -0.5342 93.9923
 80 496 -0.1406 -0.1983 144.6436
112 496 -1.0244 -0.5598 15.8667
144 496 -0.3673 -0.7075 165.5197
176 496 -0.1907 -0.3463 206.4241
208 496 -0.3698 -0.1704 73.2963
240 496 -0.5540 -0.2097 44.1046
272 496 -0.1108 -0.1762 237.7620
304 496 -0.1360 -0.1890 184.0279
336 496 -0.0263 -0.0659 15.3822
368 496 -0.0242 -0.0542 175.2988
400 496 -0.0368 -0.0103 130.1778
432 496 -0.0105 -0.0024 176.8100
464 496 -0.0304  0.0097 134.5323
496 496  0.0079  0.0579 204.1559
528 496  0.0237  0.0340 67.5683
560 496 -0.0005  0.0188 88.9388
592 496  0.0296 -0.0162 98.6934
624 496  0.1087 -0.0203 94.5584
656 496  0.0608  0.0142 124.5410
 16 528 -0.1493 -0.3159 130.1763
 48 528 -0.7556 -0.2658 113.1380
 80 528 -0.8055 -0.5222 174.2707
112 528 -0.5406 -0.3742 215.7069
144 528 -0.8160 -0.8369 46.3281
176 528 -0.7143 -0.4744 100.1807
208 528 -0.4263 -0.4577 142.1189
240 528 -0.6089 -0.2478 184.3421
272 528 -0.2259 -0.2452 205.1988
304 528 -0.2311 -0.2439 100.1990
336 528 -0.1371 -0.1730 68.4437
368 528 -0.2553 -0.0201 171.2873
400 528 -0.0825 -0.0915 204.8343
432 528 -0.0898  0.0033 96.4113
464 528 -0.0756 -0.0155 197.7019
496 528 -0.0340  0.0181 111.2376
528 528  0.0043 -0.0032 268.0280
560 528  0.0192 -0.0197 69.7192
592 528  0.0090 -0.0283 213.6903
624 528  0.0663 -0.0463 142.8567
656 528  0.0537 -0.0427 46.0961
 16 560 -0.2233 -0.1063 52.1497
 48 560 -0.3074 -0.1568 200.6176
 80 560 -0.4786 -0.1991 171.8495
112 560 -0.8697 -0.4970 172.8147
144 560 -0.6683 -1.0579 150.6084
176 560 -0.9496 -0.6833 34.6114
208 560 -0.9173 -0.9722 34.1063
240 560 -0.6422 -0.5067 102.1156
272 560 -0.6275 -0.4929 48.8484
304 560 -0.7717 -0.1787 231.7361
336 560 -0.1534 -0.1105 34.1011
368 560 -0.2024 -0.1513 269.2158
400 560 -0.1380 -0.0335 50.9965
432 560 -0.1290 -0.0513 192.4695
464 560 -0.1201 -0.0289 57.6255
496 560 -0.0976 -0.0318 142.6514
528 560 -0.1402 -0.1135 175.4838
560 560  0.0180 -0.0772 190.7346
592 560  0.1072 -0.1019 123.0565
624 560  0.1371 -0.1043 56.3036
656 560  0.0970 -0.0954 93.6314
 16 592 -0.1072 -0.2157 64.0693
 48 592 -0.2515 -0.2175 102.7139
 80 592 -0.9087 -0.4864 124.7177
112 592 -0.8406 -0.6488 126.2317
144 592 -0.2214 -0.3125 12.8553
176 592 -0.6392 -0.7314 81.1265
208 592 -1.0580 -0.7338 265.1670
240 592 -0.7738 -0.4970 142.1164
272 592 -0.7329 -0.5866 44.6193
304 592 -0.7376 -0.1555 171.6332
336 592 -0.2873 -0.1453 53.2911
368 592 -0.2510 -0.2069 140.0307
400 592 -0.0704 -0.0012 98.3994
432 592 -0.2830 -0.0819 204.5286
464 592 -0.2492 -0.0398 141.7365
496 592 -0.1526 -0.0611 232.7528
528 592 -0.2195 -0.1569 246.3131
560 592 -0.0007 -0.1248 45.5204
592 592  0.0264 -0.1674 77.6100
624 592  0.1153 -0.1903 36.2533
656 592  0.1412 -0.2292 181.1036
 16 624 -0.2217 -0.1098 48.0123
 48 624 -0.4417 -0.1959 87.7228
 80 624 -0.4648 -0.4155 196.7842
112 624 -0.2575 -0.1321 168.7549
144 624 -0.8139 -1.2955 49.1629
176 624 -0.9720 -0.8461 180.3159
208 624 -0.4001 -0.4084 36.6817
240 624 -0.2160 -0.3025 100.3773
272 624 -0.8034 -0.4563 144.2595
304 624 -0.4767 -0.2381 25.6695
336 624 -0.2452 -0.0740 21.9551
368 624 -0.3077 -0.2026 141.9401
400 624 -0.3671 -0.0092 244.6779
432 624 -0.3530 -0.0131 150.8303
464 624 -0.2095 -0.0883 125.0538
496 624 -0.1958 -0.1118 108.6862
528 624 -0.1161 -0.2405 113.2035
560 624 -0.0295 -0.2895 81.0625
592 624  0.0932 -0.2294 88.5478
624 624  0.2004 -0.2621 142.6826
656 624  0.1279 -0.2731 72.7076
 16 656 -0.2308 -0.2451 80.7176
 48 656 -0.1233 -0.0350 627.1507
 80 656 -0.5689 -0.2219 119.7773
112 656 -0.4773 -0.2832 73.0147
144 656 -0.2568 -0.2893 147.4900
176 656 -0.9638 -0.5673 53.8085
208 656 -1.3927 -1.2570 103.2961
240 656 -0.2903 -0.2560 47.0202
272 656 -0.8478 -0.5914 99.3522
304 656 -0.4836 -0.3630 32.2467
336 656 -0.6708 -0.2345 115.6377
368 656 -0.3837 -0.1720 84.0958
400 656 -0.3184 -0.0453 194.1208
432 656 -0.2839 -0.0242 211.2032
464 656 -0.0840 -0.1171 92.1095
496 656 -0.1611 -0.1879 117.6099
528 656 -0.0144 -0.2902 86.8729
560 656  0.0770 -0.4113 128.4233
592 656  0.1235 -0.2892 87.5570
624 656  0.1575 -0.3820 70.0231
656 656  0.0876 -0.1839 31.2012
 16 688 -0.0692 -0.0891 76.1656
 48 688 -0.1703 -0.1593 151.8946
 80 688 -0.1789 -0.0938 189.6268
112 688 -0.2295 -0.3013 27.1221
144 688 -0.2596 -0.4246 74.5976
176 688 -0.7272 -0.9932 47.3962
208 688 -0.8115 -0.7254 61.5685
240 688 -0.8091 -0.4328 246.3463
272 688 -0.8527 -0.6240 98.9321
304 688 -0.2770 -0.4359 298.0765
336 688 -0.0772 -0.3829 80.5364
368 688 -0.2307 -0.1168 170.9771
400 688 -0.1960 -0.1396 167.9257
432 688 -0.0267 -0.0292 143.9176
464 688  0.0705 -0.1090 119.1200
496 688  0.1018 -0.2398 116.3503
528 688  0.1510 -0.5669 187.1305
560 688  0.3463 -0.5379 40.3445
592 688  0.1465 -0.2396 82.3258
624 688  0.1267 -0.1770 60.5055
656 688  0.0081 -0.2483 157.1877
 16 720  0.0013 -0.0002 19.3207
 48 720 -0.0350 -0.0568 59.5466
 80 720 -0.0773 -0.0579 33.7421
112 720 -0.1987 -0.1655 323.2697
144 720 -0.2858 -0.3966 234.1872
176 720 -0.6731 -0.8940 140.4913
208 720 -0.4319 -0.3183 39.1650
240 720 -1.2318 -0.7862 167.5176
272 720 -0.3099 -0.2675 69.7913
304 720 -0.3494 -0.3552 155.9643
336 720 -0.1293 -0.1134 119.2631
368 720 -0.2067 -0.1559 181.3205
400 720  0.1550 -0.0583 110.2630
432 720  0.3305 -0.0470 75.7049
464 720  0.6513 -0.1468 141.2309
496 720  0.8422 -0.4050 101.3464
528 720  0.4676 -0.6241 45.5449
560 720  0.0905 -0.0229 32.1826
592 720  0.1707  0.0380 17.0337
624 720  0.1410 -0.1532 80.6465
656 720 -0.0267 -0.0401 53.0211
 16 752  0.0130  0.0035 23.9204
 48 752 -0.0444 -0.0797 55.4459
 80 752 -0.0059 -0.2026 172.1115
112 752 -0.0692 -0.0928 186.4394
144 752 -0.1209 -0.3455 35.6348
176 752 -0.0719 -0.2130 143.0064
208 752 -0.1083 -0.2844 208.8792
240 752 -0.0965 -0.2221 25.4464
272 752 -0.2061 -0.3054 140.6630
304 752 -0.0889 -0.3582 176.0584
336 752 -0.0389 -0.2571 87.1445
368 752  0.0116 -0.2381 125.1362
400 752  0.4741 -0.0772 68.2813
432 752  0.4131 -0.0640 18.1587
464 752  0.6668 -0.2798 21.1667
496 752  0.8990 -0.4888 20.6006
528 752  0.3057 -0.2890 52.2073
560 752  0.0621 -0.0545 10.9350
592 752  0.0580  0.0564 11.0255
624 752 -0.0021 -0.0016 11.3601
656 752  0.0130 -0.0049 25.2483
 16 784  0.0494 -0.1398 145.5963
 48 784  0.0401 -0.0652 49.2161
 80 784  0.0195 -0.0919 183.3221
112 784  0.0161 -0.1113 262.7396
144 784  0.0157 -0.1692 74.3051
176 784 -0.0330 -0.2468 108.6731
208 784 -0.0436 -0.1804 39.0934
240 784 -0.1621 -0.4976 216.4218
272 784 -0.0953 -0.3453 133.7122
304 784 -0.0664 -0.3524 225.2914
336 784  0.2173 -0.2980 174.5432
368 784  0.4066 -0.2094 203.4396
400 784  0.7021 -0.1310 115.8737
432 784  1.2974 -0.0675 107.0003
464 784  1.1156 -0.3634 148.9449
496 784  1.1363 -0.5700 14.3079
528 784  0.3153 -0.1680 18.9785
560 784  0.0315  0.0226  8.9486
592 784  0.0607  0.0859  9.3377
624 784 -0.0156  0.0198 13.6247
656 784  0.1494 -0.2445  7.9737
 16 816  0.0700 -0.0218 15.9089
 48 816  0.0990 -0.0196 215.4826
 80 816  0.1192 -0.1447 32.8500
112 816  0.0686 -0.0717 214.3482
144 816  0.0973 -0.0888 157.0941
176 816  0.1211 -0.3115 63.6947
208 816  0.0266 -0.4122 250.0599
240 816  0.0567 -0.4668 245.8743
272 816  0.0170 -0.6756 194.9046
304 816  0.1068 -0.3001 37.5485
336 816  0.1779 -0.1605 69.4309
368 816  0.5151 -0.1950 73.4008
400 816  0.9688 -0.0933 135.5263
432 816  0.3872 -0.1289 80.4330
464 816  0.1040 -0.2114 27.1113
496 816  0.4402 -0.3630 19.0284
528 816 -0.0487 -0.0201  7.6959
560 816  0.0227 -0.0105  6.1210
592 816  0.0303  0.0015 14.9281
624 816  0.1002 -0.0224 11.2477
656 816  0.0440 -0.0019 15.4112
 16 848  0.1120  0.0158 169.3826
 48 848  0.1020 -0.0179 273.6995
 80 848  0.1146 -0.0467 215.5006
112 848  0.0769 -0.1180 247.7084
144 848  0.3278 -0.1181 103.3887
176 848  0.1734 -0.1840 126.9212
208 848  0.1139 -0.1853 102.6456
240 848  0.0981 -0.3576 51.3647
272 848  0.1003 -0.8622 168.5260
304 848  0.0979 -0.1982 17.3133
336 848  0.7251 -0.4218 231.8556
368 848  0.7602 -0.2919 86.8478
400 848  0.9627 -0.3233 55.1967
432 848  0.2272 -0.2398 32.5102
464 848  0.6773 -0.1724 82.5509
496 848 -0.0264 -0.0453 19.8701
528 848  0.0807  0.0556  6.1379
560 848  0.0074  0.0117 18.8382
592 848  0.0616 -0.0132 83.3827
624 848  0.0525  0.0211 76.2012
656 848  0.0901  0.0165 23.3954
 16 880  0.0163  0.0064 22.1741
 48 880  0.3083 -0.0074 30.5649
 80 880  0.1505 -0.0406 177.6194
112 880  0.6398 -0.0249 118.1093
144 880  0.0585 -0.1454 224.6635
176 880  0.1699 -0.2281 92.6552
208 880  0.1039 -0.1084 44.7428
240 880  0.1834 -0.2388 129.7997
272 880  0.2395 -0.5984 128.4218
304 880  0.7307 -0.6670 26.4561
336 880  0.7462 -0.5713 67.1292
368 880  0.3129 -0.2121 151.2649
400 880  0.6330 -0.2329 108.8434
432 880  0.1513 -0.0343 21.1344
464 880  0.1717 -0.1454 20.3739
496 880 -0.0742 -0.0785  5.8147
528 880  0.0693  0.0424  7.7803
560 880  0.0952 -0.2026  9.2194
592 880  0.0753 -0.0764 12.7571
624 880  0.0703 -0.0199 15.1867
656 880  1.3414 -0.1465  9.0618
 16 912  0.0323  0.0079 20.4832
 48 912  0.1256 -0.0111 117.6258
 80 912  0.1291 -0.4039 192.4997
112 912  0.1310 -0.1222 220.8739
144 912  0.2224 -0.0939 32.2342
176 912  0.1465 -0.0557 27.0372
208 912  0.2321 -0.0411 28.0276
240 912  0.1707 -0.1529 130.8645
272 912  0.4338 -0.4718 135.8977
304 912  0.9921 -0.5141 88.1234
336 912  0.6883 -0.5928 189.4948
368 912  1.0334 -0.1499 110.4109
400 912  0.4100 -0.1143 43.4646
432 912  0.0651 -0.0601 16.5491
464 912 -0.0525 -0.0465  9.7646
496 912 -0.0386 -0.0225  4.0474
528 912 -0.0280  0.0176  4.7906
560 912 -0.0107 -0.0043  4.2711
592 912  0.0623 -0.0830  4.1753
624 912  0.1104 -0.1123  8.8881
656 912  0.0613 -0.4457  4.7353
 16 944  0.0525 -0.0330 23.1814
 48 944  0.0122 -0.0034 35.7571
 80 944  0.1151 -0.0689 262.4683
112 944  0.3400 -0.1415 42.9689
144 944  0.0516 -0.0702 54.2529
176 944  0.2498 -0.2956 37.3103
208 944  0.1172 -0.3768 112.2625
240 944  0.3232 -0.1308 66.7310
272 944  0.2885 -0.2996 96.1091
304 944  0.1826 -0.3641 105.1890
336 944  0.3941 -0.4862 45.1315
368 944  0.1444 -0.2814 166.4086
400 944  0.1730 -0.0493 19.5398
432 944 -0.0258 -0.0058 14.1056
464 944 -0.0100  0.0242  5.6752
496 944 -0.0822  0.0413  6.7889
624 944  0.0618 -0.0630  4.7156
 16 976  0.1318 -0.0333 53.3280
 48 976  0.1939  0.0125 24.3847
 80 976  0.1157 -0.0392 70.0377
112 976  0.2203 -0.0229 180.4950
144 976  0.1788 -0.0222 13.6574
176 976  0.2232 -0.1547 130.3216
208 976  0.0993 -0.1539 57.7709
240 976  0.0415 -0.2021 110.4799
272 976  0.0930 -0.4440 42.4963
304 976  0.1041 -0.3573 33.4181
336 976  0.0937 -0.2851 58.6080
368 976  0.0491 -0.0108 24.4085
400 976 -0.0285  0.0481 11.9065
432 976  0.0658  0.0283  7.4604
464 976  0.0154  0.0002 20.7797
496 976 -0.1420  0.0407  9.7070
528 976 -0.0430  0.0339  4.1881
 16 1008  0.0987 -0.0096 21.1151
 48 1008  0.1886  0.1044 43.7804
 80 1008  0.3024 -0.0455 60.4271
112 1008  0.1135 -0.0905 176.3736
144 1008  0.3314 -0.0828 95.4271
176 1008  0.2533 -0.2467 108.7074
208 1008  0.1351 -0.2281 66.3608
240 1008  0.0799 -0.3220 90.8802
272 1008  0.0754 -0.2533 67.7959
304 1008  0.0236 -0.4715 57.2876
336 1008  0.0128 -0.2644 21.8323
368 1008 -0.0171  0.0556 11.1000
400 1008 -0.0851 -0.0033  9.8984
432 1008  0.0128  0.0199 17.5809
464 1008 -0.0397  0.0183 224.7245
496 1008 -0.0146  0.0388 20.1083
528 1008 -0.0164  0.0925  8.3095
560 1008 -0.0652  0.1704  5.0944
 16 1040  0.1021 -0.0213 181.6840
 48 1040  0.2822 -0.0419 197.5468
 80 1040  0.1161 -0.0722 180.8071
112 1040  0.0620 -0.0112 87.4327
144 1040  0.0733 -0.0775 313.3232
176 1040  0.1016 -0.1044 343.7685
208 1040  0.2436 -0.2439 115.4143
240 1040  0.0973 -0.1999 33.6509
272 1040  0.0672 -0.1537 264.6455
304 1040  0.0153 -0.3157 255.6991
336 1040 -0.0042 -0.0320 36.2688
368 1040  0.0137 -0.0403 13.1762
400 1040  0.0095  0.0136 31.1259
432 1040 -0.0080 -0.0044 40.7079
464 1040 -0.0072  0.0141 30.2023
496 1040 -0.4290  0.1276 10.4818
528 1040 -0.0205  0.0511 11.3870
560 1040 -0.0199 -0.0023  9.6649
592 1040 -0.1158  0.0587  5.2637
 16 1072  0.0634 -0.0030 127.5038
 48 1072  0.2924 -0.0331 187.6698
 80 1072  0.1533 -0.0037 48.5827
112 1072  0.1968 -0.0253 70.0767
144 1072  0.2123 -0.1002 198.9868
176 1072  0.0844 -0.1018 51.9485
208 1072  0.2430 -0.1234 47.9776
240 1072  0.0529 -0.2226 106.8870
272 1072  0.0360 -0.2048 158.9076
304 1072 -0.0010 -0.0745 57.0578
336 1072  0.0133 -0.2380 235.3787
368 1072  0.0365 -0.0693 195.5579
400 1072  0.0179 -0.0858 82.5473
432 1072  0.0623 -0.0167 53.9594
464 1072  0.0278 -0.0360 42.7310
496 1072 -0.1800  0.2582  9.5929
528 1072  0.0020  0.2552 11.5671
560 1072 -0.0504  0.1427  7.8656
592 1072  0.0117  0.0863  8.8107
624 1072  0.0139  0.0619  4.9448
656 1072 -0.0033  0.1088  5.2393
 16 1104  0.0412 -0.0098 16.3953
 48 1104  0.0422 -0.0096 159.9247
 80 1104  0.0730 -0.1196 35.7786
112 1104  0.0561 -0.0344 161.5165
144 1104  0.0809 -0.0335 122.6761
176 1104  0.0731 -0.0346 224.8072
208 1104  0.0754 -0.1994 48.2148
240 1104  0.0559 -0.1213 105.6913
272 1104  0.0455 -0.1162 188.3781
304 1104  0.0332 -0.0897 183.2510
336 1104  0.0290 -0.1000 217.5657
368 1104  0.0339 -0.0497 226.8110
400 1104  0.0184 -0.0699 250.4458
432 1104  0.0493 -0.0146 85.8494
464 1104  0.0061 -0.0706 35.1618
496 1104  0.0002  0.0067 23.0580
528 1104 -0.0287  0.0093 13.7919
560 1104  0.0217  0.0341 14.2929
592 1104 -0.0450  0.0636 11.0279
624 1104  0.0782  0.0826 10.3155
656 1104  0.0068  0.0280 10.8685
 16 1136  0.0229 -0.0172 17.0484
 48 1136  0.1451 -0.0290 29.5697
 80 1136  0.1179 -0.0172 189.0235
112 1136  0.1092 -0.0778 63.0159
144 1136  0.0889 -0.0559 231.0174
176 1136  0.0667 -0.0212 89.7963
208 1136  0.0309 -0.2574 273.0415
240 1136  0.0152 -0.0947 222.2424
272 1136  0.0521 -0.1253 106.8463
304 1136  0.1554 -0.0638 214.3469
336 1136  0.0463 -0.0847 161.9317
368 1136  0.0352 -0.0923 73.9867
400 1136  0.0749 -0.0523 254.9308
432 1136  0.1094 -0.0248 55.9257
464 1136  0.0638 -0.0663 38.1286
496 1136 -0.0122 -0.0061 24.1575
528 1136  0.0148 -0.0474 27.9682
560 1136  0.0543  0.0276 10.2867
592 1136  0.0021  0.0117 13.9193
624 1136 -0.0181  0.0084 15.4342
656 1136  0.0133  0.0077 16.5745
 16 1168  0.0506  0.0010 16.2454
 48 1168  0.0787 -0.0128 19.9975
 80 1168  0.0688 -0.0221 162.3993
112 1168  0.2851 -0.0272 133.9754
144 1168  0.1719 -0.0587 121.6233
176 1168  0.1943 -0.0526 80.0100
208 1168  0.1216 -0.0708 94.0466
240 1168  0.0817 -0.1115 92.7739
272 1168  0.0544 -0.0572 180.9201
304 1168  0.0782 -0.1868 128.6343
336 1168  0.0253 -0.1063 145.0422
368 1168  0.0649 -0.0524 186.2848
400 1168  0.0226 -0.0593 55.9927
432 1168  0.0369 -0.0375 181.3752
464 1168  0.0459 -0.1350 37.1693
496 1168 -0.0058 -0.0123 18.8525
528 1168 -0.0046 -0.0112 19.7524
560 1168 -0.0103  0.0846 12.7930
592 1168 -0.0406  0.0256 11.3373
624 1168  0.0067 -0.0345 10.9817
656 1168  0.0121  0.0158 10.5361
 16 1200  0.0330 -0.0185 17.5044
 48 1200  0.0563 -0.0036 22.3165
 80 1200  0.0337 -0.0057 15.8961
112 1200  0.0865 -0.0624 80.2124
144 1200  0.0555 -0.0135 41.9789
176 1200  0.0443 -0.0619 183.3014
208 1200  0.0429 -0.0674 208.9481
240 1200  0.1176 -0.0425 32.7631
272 1200  0.1202 -0.0979 69.9538
304 1200  0.0931 -0.1253 100.4184
336 1200  0.0637 -0.1206 134.0606
368 1200  0.1030 -0.1148 77.6753
400 1200  0.0304 -0.0662 221.8020
432 1200  0.1839 -0.0374 180.6766
464 1200  0.0326 -0.0916 260.9512
496 1200  0.0003  0.0228 21.6921
528 1200 -0.0056 -0.0206 19.3758
560 1200  0.0101 -0.0180 13.2446
592 1200  0.0111  0.0055 15.3674
624 1200  0.0582 -0.0087 25.1533
656 1200 -0.0080  0.0054  9.5147
  0   0 -0.0422 -0.0260  0.0000
  0   0 -0.0223 -0.0549  0.0000
  0   0 -0.0043 -0.0767  0.0000
  0   0 -0.0321  0.0685  0.0000
  0   0 -0.0592  0.1479  0.0000
  0   0 -0.1025  0.2149  0.0000
  0   0 -0.1372  0.1526  0.0000
  0   0 -0.0841  0.0784  0.0000
  0   0 -0.0412  0.0733  0.0000
  0   0 -0.0135  0.0454  0.0000
  0   0  0.0092  0.0380  0.0000
  0   0  0.0386  0.0148  0.0000
  0   0  0.1266 -0.0636  0.0000
