VARIABLES= "X pix", "Y pix", "U pix/dt", "V pix/dt", "CHC", ZONE I=37, J=41
304  16 -0.0060 -0.0275 59.5809
336  16 -0.0612 -0.0203 18.9118
368  16 -0.1009 -0.0482 24.6753
400  16 -0.0984 -0.0906 88.5845
496  16 -0.1086 -0.0864 89.0435
528  16 -0.0545 -0.0566 39.0095
560  16 -0.0533 -0.0795 40.9600
592  16 -0.0499 -0.0703 50.5679
624  16 -0.0291 -0.0410 54.6133
656  16  0.0108  0.0077 46.5454
688  16  0.0062  0.0562 273.0666
304  48 -0.0372  0.0783 52.5128
336  48 -0.0573  0.0935 29.4676
368  48 -0.0541  0.0853 110.7027
496  48 -0.0168  0.0902 71.8596
528  48 -0.0149  0.0533 27.3067
560  48 -0.0330  0.0344 39.3846
592  48 -0.0960  0.0258 369.0088
688  48 -0.2655  0.0103 227.5554
720  48 -0.5319 -0.0335 29.2571
752  48 -0.6496 -0.0803 35.0085
784  48  0.0058  0.0235 31.9497
816  48  2.6958  0.5000 107.7894
304  80  2.0095  0.3661 49.3494
336  80  0.8812  0.1530 30.7970
368  80  0.1751  0.0169 50.5679
400  80 -0.0772 -0.0250 47.0804
432  80 -0.0843 -0.0239 43.5745
464  80 -0.0161 -0.0368 4095.9939
496  80  0.0029 -0.0275 71.8596
528  80 -0.0386 -0.0006 28.4444
560  80  0.0000 -0.0151 39.5980
592  80 -0.0105 -0.0101 52.2370
688  80 -0.0164  0.0041 341.3332
720  80 -0.0824 -0.1122 80.3137
752  80 -0.0946 -0.2524 75.8518
784  80 -0.1224 -0.2050 81.9200
816  80 -0.1308 -0.2317 85.5880
 16 144 -0.1191 -0.0985 27.0413
 48 144 -0.0318 -0.0405 29.2913
 80 144 -0.0449 -0.0840 168.4966
112 144 -0.0219 -0.0517 174.8290
144 144 -0.0550 -0.0139 250.9450
176 144 -0.0815 -0.0216 184.2279
208 144 -0.0513 -0.0560 69.4429
240 144 -0.1013 -0.0418 202.5409
272 144 -0.0230  0.0167 32.6074
304 144 -0.0560 -0.0245 179.8869
336 144 -0.0610 -0.0037 106.1030
368 144 -0.0547  0.0078 123.5240
400 144 -0.0143  0.0303 308.0760
432 144 -0.0225  0.0399 151.6374
464 144 -0.0488  0.0352 164.7633
496 144 -0.0490  0.0588 82.1624
528 144 -0.0563  0.0354 214.3698
560 144 -0.0159  0.0654 66.5924
592 144 -0.0438  0.0203 213.9822
624 144 -0.0498  0.0172 174.9795
656 144 -0.0340  0.0217 100.8171
688 144 -0.0360  0.0124 110.4015
720 144 -0.0541  0.0159 129.4144
752 144 -0.0291  0.0033 68.0718
784 144 -0.0300  0.0106 52.2351
816 144 -0.0011  0.0108 176.5458
848 144 -0.0247  0.0092 158.4981
880 144 -0.0121  0.0193 166.4156
912 144 -0.0293  0.0092 163.0364
944 144 -0.0320  0.0102 196.7111
976 144 -0.0151  0.0323 85.2007
1008 144  0.0109  0.0020 55.3659
1040 144 -0.0021  0.0006 24.1673
1072 144 -0.1119  0.0101 89.4858
1104 144 -0.0265  0.0255 26.7565
1136 144 -0.0403  0.0832 84.5554
1168 144 -0.0134  0.0545 78.3590
 16 176 -0.1345 -0.0668 106.2140
 48 176 -0.0923 -0.2279 82.5668
 80 176 -0.1319 -0.0632 60.9461
112 176 -0.0954 -0.2359 154.1656
144 176 -0.0948 -0.0948 224.8621
176 176 -0.0752 -0.0897 143.8597
208 176 -0.0392 -0.0297 56.7152
240 176 -0.0533 -0.0409 230.3796
272 176 -0.0665 -0.0174 189.7596
304 176 -0.0371 -0.0093 191.2920
336 176 -0.0560  0.0127 216.1840
368 176 -0.0282  0.0155 169.5076
400 176 -0.0524  0.0266 166.0990
432 176 -0.0473  0.0654 134.3707
464 176 -0.0694  0.0606 87.7270
496 176 -0.0492  0.0647 125.0770
528 176 -0.0597  0.0723 237.8727
560 176 -0.0899 -0.0079 168.3623
592 176 -0.0244 -0.0004 115.8336
624 176 -0.0442  0.0183 280.0569
656 176 -0.0260  0.0236 103.6014
688 176 -0.0319  0.0008 76.8705
720 176 -0.0537  0.0132 195.2184
752 176 -0.0518  0.0013 351.5385
784 176 -0.0257  0.0359 77.7546
816 176 -0.0261 -0.0451 271.0400
848 176  0.0017 -0.0473 314.3245
880 176 -0.0201 -0.0010 124.4374
912 176 -0.0214 -0.0155 137.1715
944 176  0.0040  0.0303 102.9682
976 176 -0.0247  0.0157 107.7634
1008 176 -0.0425  0.0446 120.9951
1040 176 -0.0086  0.0588 35.9055
1072 176 -0.0448  0.0306 164.2145
1104 176 -0.0002  0.0471 143.2887
1136 176 -0.0367  0.0533 83.1405
1168 176 -0.0619  0.0721 183.3204
 16 208 -0.1109 -0.1048 286.0255
 48 208 -0.1202 -0.1273 21.4175
 80 208 -0.1432 -0.0330 258.0050
112 208 -0.0414 -0.0491 48.9183
144 208 -0.1664 -0.0863 318.7887
176 208 -0.1124 -0.0562 174.7195
208 208 -0.1831 -0.0796 78.4103
240 208 -0.0790 -0.0851 113.9911
272 208 -0.0694 -0.0052 89.4241
304 208 -0.0661 -0.0065 160.8245
336 208 -0.0405  0.0045 153.1666
368 208 -0.0615  0.0029 92.9916
400 208 -0.0764  0.0116 203.6715
432 208 -0.0399  0.0429 125.4216
464 208 -0.0542  0.0553 192.0998
496 208 -0.0669  0.0333 246.2431
528 208 -0.0487  0.0403 231.3003
560 208 -0.0357  0.0167 101.9856
592 208 -0.0388  0.0282 50.5069
624 208 -0.0450  0.0316 132.0153
656 208 -0.0516  0.0266 106.6210
688 208 -0.0341  0.0217 105.2479
720 208  0.0011 -0.0111 160.4658
752 208 -0.0171 -0.0120 165.9504
784 208 -0.0095 -0.0035 128.5405
816 208 -0.0068 -0.0229 142.1046
848 208 -0.0096 -0.0199 177.3955
880 208 -0.0100 -0.0268 256.2448
912 208 -0.0117  0.0008 104.6158
944 208 -0.0123 -0.0006 99.5879
976 208 -0.0239  0.0011 118.2531
1008 208 -0.0316 -0.0081 119.5701
1040 208 -0.0298  0.0234 100.2458
1072 208 -0.0376  0.0623 148.7114
1104 208 -0.0528  0.0543 147.6725
1136 208 -0.0438  0.0539 148.0701
1168 208 -0.0420  0.0332 58.1833
 16 240 -0.1883 -0.0868 61.9102
 48 240 -0.1883 -0.1824 50.4735
 80 240 -0.1240 -0.0785 198.0892
112 240 -0.3370 -0.2591 227.1859
144 240 -0.0757 -0.0978 297.6920
176 240 -0.1035 -0.2327 176.3212
208 240 -0.0968 -0.1540 117.6500
240 240 -0.0659 -0.0186 195.8290
272 240 -0.1227 -0.0376 172.4988
304 240 -0.0502 -0.0353 182.5741
336 240 -0.0821 -0.0364 114.7860
368 240 -0.0591 -0.0019 111.4158
400 240 -0.0047  0.0019 248.5861
432 240 -0.0414  0.0266 98.2380
464 240 -0.0167  0.0922 190.6983
496 240  0.0103  0.0545 240.2892
528 240 -0.0305  0.0348 163.8672
560 240 -0.0411  0.0470 130.0254
592 240 -0.0208  0.0449 163.9983
624 240 -0.0208  0.0238 117.2092
656 240 -0.0460  0.0083 172.0364
688 240 -0.0566  0.0182 191.6868
720 240 -0.0251  0.0081 116.0267
752 240 -0.0332 -0.0175 157.3021
784 240 -0.0406 -0.0133 98.9279
816 240 -0.0086  0.0169 184.3367
848 240 -0.0118  0.0011 156.2839
880 240 -0.0152 -0.0033 95.6452
912 240  0.0105 -0.0177 119.6382
944 240  0.0019 -0.0084 82.2084
976 240 -0.0148 -0.0036 102.5086
1008 240 -0.0090  0.0045 131.7594
1040 240 -0.0071  0.0413 106.3705
1072 240  0.0095  0.0918 188.2191
1104 240 -0.0183  0.0611 91.9052
1136 240 -0.0244  0.0380 282.3633
1168 240 -0.0604  0.0827 45.4753
 16 272 -0.0768 -0.0845 314.0752
 48 272 -0.2516 -0.0982 174.7681
 80 272 -0.0574 -0.2930 191.6694
112 272 -0.0648 -0.2835 217.6356
144 272 -0.0870 -0.1186 66.2183
176 272 -0.1621 -0.1012 146.9335
208 272 -0.1176 -0.1138 252.9031
240 272 -0.1730 -0.0411 210.6216
272 272 -0.0792 -0.0962 89.8366
304 272 -0.0773 -0.0492 171.0722
336 272 -0.0814 -0.0215 154.7092
368 272 -0.0502  0.0038 185.5595
400 272 -0.0340 -0.0014 107.5932
432 272 -0.0395  0.0245 119.6701
464 272 -0.0442  0.0032 207.3433
496 272 -0.0441  0.0445 151.6089
528 272 -0.0440  0.0931 163.3121
560 272 -0.0302  0.0174 64.1984
592 272 -0.0190  0.0546 103.9073
624 272 -0.0525  0.0159 102.8656
656 272 -0.0085  0.0104 182.0675
688 272 -0.0297 -0.0023 124.4939
720 272 -0.0248 -0.0106 167.3111
752 272 -0.0101 -0.0279 119.4942
784 272 -0.0078 -0.0349 152.4167
816 272 -0.0258 -0.0905 181.7492
848 272 -0.0140 -0.0111 107.0858
880 272  0.0029 -0.0345 81.5169
912 272 -0.0091 -0.0222 65.8130
944 272 -0.0209 -0.0075 168.4905
976 272  0.0116 -0.0018 147.2936
1008 272 -0.0213  0.0045 131.7615
1040 272 -0.0441  0.0231 109.6059
1072 272 -0.0341  0.0253 235.8258
1104 272 -0.0039  0.0507 276.2930
1136 272 -0.0468  0.0687 64.3727
1168 272 -0.0537  0.0301 59.1666
 16 304 -0.1525 -0.1852 225.3119
 48 304 -0.3372 -0.2421 231.2611
 80 304 -0.2107 -0.1984 140.7828
112 304 -0.1388 -0.2152 231.7694
144 304 -0.0823 -0.0975 123.5561
176 304 -0.1895 -0.1318 132.7726
208 304 -0.1281 -0.1108 24.9425
240 304 -0.1128 -0.0333 212.4532
272 304 -0.0466 -0.1070 328.9161
304 304 -0.0842 -0.1101 290.4103
336 304 -0.0795 -0.0829 165.0089
368 304 -0.0710 -0.0070 268.0855
400 304 -0.0477  0.0044 48.3906
432 304 -0.0407  0.0025 113.9088
464 304 -0.0758  0.0118 381.7873
496 304 -0.0635  0.0371 158.9989
528 304 -0.0209  0.0417 61.8077
560 304 -0.0391  0.0340 212.7020
592 304  0.0178  0.0163 114.6049
624 304 -0.0182  0.0239 140.2189
656 304 -0.0495  0.0119 93.2633
688 304 -0.0429 -0.0292 113.9523
720 304 -0.0109  0.0220 145.1481
752 304 -0.0106 -0.0193 90.7528
784 304  0.0063 -0.0507 175.6364
816 304 -0.0169 -0.0407 150.0888
848 304  0.0219 -0.0373 91.3382
880 304  0.0256 -0.0445 210.4338
912 304 -0.0102 -0.0086 71.6806
944 304 -0.0139 -0.0066 178.5632
976 304 -0.0225  0.0026 182.1683
1008 304 -0.0253 -0.0014 78.8221
1040 304 -0.0071  0.0056 73.6009
1072 304 -0.0200  0.0418 140.9197
1104 304 -0.0120  0.0236 147.3665
1136 304 -0.0519  0.0465 120.0462
1168 304 -0.0687  0.1035 45.2955
 16 336 -0.4266 -0.1155 292.8305
 48 336 -0.3989 -0.2188 119.1998
 80 336 -0.1210 -0.1034 60.8645
112 336 -0.3417 -0.2435 119.0494
144 336 -0.0775 -0.1420 106.2937
176 336 -0.1158 -0.1075 207.7307
208 336 -0.1802 -0.1778 304.1887
240 336 -0.1200 -0.1436 216.1122
272 336 -0.1412 -0.0462 144.6709
304 336 -0.1502 -0.0534 215.4375
336 336 -0.1121 -0.0893 150.4587
368 336 -0.0564 -0.0246 125.8799
400 336 -0.0502 -0.0303 91.8538
432 336 -0.0584  0.0229 183.1805
464 336 -0.0337  0.0156 215.8310
496 336 -0.0196 -0.0042 165.2380
528 336 -0.0463  0.0695 59.8709
560 336 -0.0048  0.0555 212.3586
592 336 -0.0282  0.0223 51.4580
624 336 -0.0225  0.0158 100.4149
656 336 -0.0207  0.0116 110.0977
688 336 -0.0477 -0.0039 142.7687
720 336 -0.0184 -0.0279 210.6329
752 336 -0.0227 -0.0042 134.3253
784 336 -0.0099 -0.0136 237.3118
816 336 -0.0166 -0.0635 98.3186
848 336  0.0064 -0.0393 117.1664
880 336  0.0048 -0.0473 114.5336
912 336 -0.0080 -0.0086 121.5168
944 336  0.0543 -0.0550 207.5920
976 336 -0.0282  0.0009 101.9954
1008 336 -0.0300  0.0158 112.3212
1040 336 -0.0077  0.0424 62.2276
1072 336 -0.0442  0.0163 101.5018
1104 336 -0.0302  0.0554 136.5448
1136 336 -0.0283  0.0651 210.2963
1168 336 -0.0505  0.0560 90.3414
 16 368 -0.4221  0.0217 77.8405
 48 368 -0.1896 -0.2641 81.9243
 80 368 -0.1665 -0.2264 22.9766
112 368 -0.8930 -0.0883 104.1287
144 368 -0.1724 -0.1163 251.5159
176 368 -0.2309 -0.1802 154.9742
208 368 -0.1793 -0.1440 117.1490
240 368 -0.1141 -0.2400 136.3146
272 368 -0.0882 -0.0804 42.9299
304 368 -0.0916 -0.1305 294.3708
336 368 -0.0693 -0.0400 298.3381
368 368 -0.0992 -0.0661 125.6800
400 368 -0.0705 -0.0123 102.0032
432 368 -0.0131 -0.0348 56.8690
464 368 -0.0549 -0.0043 128.3296
496 368  0.0081 -0.0057 112.5401
528 368 -0.0609  0.0394 158.5216
560 368 -0.0166  0.0272 196.5767
592 368 -0.0219  0.0141 208.8167
624 368 -0.0128 -0.0091 147.1694
656 368 -0.0367  0.0100 36.7678
688 368 -0.0811 -0.0194 65.1049
720 368 -0.0355 -0.0529 120.4175
752 368 -0.0142 -0.0602 148.9393
784 368 -0.0268 -0.0523 307.6797
816 368  0.0105 -0.0719 181.4489
848 368  0.0108 -0.0044 95.3169
880 368 -0.0005 -0.0738 154.0684
912 368 -0.0049 -0.0826 160.0497
944 368 -0.0376  0.0123 158.3702
976 368 -0.0083 -0.0263 48.7529
1008 368  0.0096  0.0055 249.6036
1040 368 -0.0100  0.0143 164.5716
1072 368 -0.0389  0.0819 122.3864
1104 368 -0.0630  0.0678 99.7957
1136 368 -0.0334  0.0696 78.0802
1168 368 -0.0505  0.0926 174.8397
 16 400 -0.3370 -0.1026 193.1610
 48 400 -0.7349 -0.1780 73.4012
 80 400 -0.3726 -0.3262 173.6050
112 400 -0.3166 -0.3884 219.6573
144 400 -0.2436 -0.1962 200.0626
176 400 -0.2241 -0.4019 79.2871
208 400 -0.0343 -0.1262 129.6079
240 400 -0.1077 -0.2126 120.3963
272 400 -0.0919 -0.1039 45.7508
304 400 -0.1303 -0.1481 129.3219
336 400 -0.1051 -0.1363 152.8513
368 400 -0.1837 -0.1327 205.5053
400 400 -0.0826 -0.0359 137.2251
432 400 -0.0509  0.0701 226.8358
464 400 -0.1241  0.0139 186.3354
496 400 -0.0373 -0.0025 156.8780
528 400 -0.0428 -0.0345 189.8874
560 400 -0.0193  0.0361 122.8460
592 400 -0.0116  0.0089 138.7767
624 400 -0.0371  0.0364 122.1055
656 400  0.0230 -0.0019 166.0642
688 400 -0.0443 -0.0150 262.0717
720 400 -0.0213 -0.0699 136.0891
752 400 -0.0179 -0.0505 60.3309
784 400  0.0015 -0.0509 147.3425
816 400 -0.0024 -0.1168 143.1504
848 400  0.0030 -0.1039 122.3996
880 400 -0.0085 -0.0304 68.4354
912 400  0.0158 -0.0602 141.5556
944 400 -0.0102 -0.0452 112.6148
976 400  0.0202 -0.0236 104.3697
1008 400 -0.0216  0.0456 100.7176
1040 400 -0.0612  0.0574 185.9607
1072 400 -0.0287  0.0076 218.5214
1104 400 -0.0132  0.0563 140.3417
1136 400 -0.1022  0.0488 215.4424
1168 400 -0.0534  0.0188 27.0885
 16 432 -0.2313 -0.1221 52.0826
 48 432 -0.2489 -0.1669 68.2456
 80 432 -0.6874 -0.4035 30.7237
112 432 -0.2668 -0.4969 104.4530
144 432 -0.5908 -0.4407 171.2865
176 432 -0.4311 -0.3235 94.6128
208 432 -0.1817 -0.6856 149.7050
240 432 -0.2884 -0.2797 116.4048
272 432 -0.2657 -0.3708 160.5489
304 432 -0.1523 -0.1657 160.8871
336 432 -0.1796 -0.1667 325.3458
368 432 -0.1086 -0.1219 139.7647
400 432 -0.0315 -0.0557 21.9727
432 432 -0.0490 -0.0391 190.4229
464 432 -0.0487 -0.0053 71.1469
496 432 -0.0289 -0.0239 28.9078
528 432  0.0153 -0.0406 110.9420
560 432 -0.0427  0.0218 160.8952
592 432 -0.0550  0.0348 123.5385
624 432 -0.0278 -0.0019 82.3381
656 432 -0.0152  0.0043 86.7829
688 432 -0.0851 -0.0285 230.8787
720 432 -0.0073 -0.0240 121.8582
752 432 -0.0335 -0.0924 131.5177
784 432  0.0047 -0.0662 136.3783
816 432 -0.0044 -0.0847 102.2375
848 432  0.0498 -0.1063 224.1445
880 432  0.0097 -0.0847 65.5601
912 432  0.0114 -0.0851 81.4059
944 432 -0.0087 -0.0305 41.3764
976 432 -0.0080 -0.0002 80.0995
1008 432 -0.0120  0.0229 101.4285
1040 432 -0.0224  0.0216 153.6822
1072 432 -0.0450  0.0755 47.8013
1104 432 -0.0545  0.0325 164.5494
1136 432 -0.0238  0.1157 100.9380
1168 432 -0.0743  0.0759 85.3594
 16 464 -0.1463 -0.1776 40.4407
 48 464 -0.8148 -0.7673 60.9422
 80 464 -1.2686 -0.2647 109.2699
112 464 -0.3619 -0.4937 75.9007
144 464 -0.3112 -0.4893 104.9254
176 464 -0.1988 -0.6199 189.2880
208 464 -0.1858 -0.4502 283.0905
240 464 -0.2524 -0.4790 64.7964
272 464 -0.1478 -0.1019 35.6587
304 464 -0.2167 -0.2508 202.8396
336 464 -0.2100 -0.1700 203.0901
368 464 -0.1248 -0.1220 163.5855
400 464 -0.0830 -0.1449 125.9355
432 464 -0.0744 -0.0115 93.0789
464 464 -0.0720 -0.0732 192.3710
496 464 -0.0041 -0.0072 88.8459
528 464 -0.0428  0.0320 165.7190
560 464 -0.0166  0.0010 163.2546
592 464 -0.0389  0.0495 209.9054
624 464 -0.0356  0.0328 121.3811
656 464 -0.0212 -0.0008 194.6337
688 464 -0.0439 -0.0251 104.1439
720 464 -0.0406 -0.0777 68.2755
752 464 -0.0709 -0.0860 166.6324
784 464 -0.0418 -0.0875 75.0755
816 464 -0.0046 -0.1423 83.5547
848 464 -0.0270 -0.0651 32.3872
880 464 -0.0041 -0.0592 185.8614
912 464  0.0267 -0.0867 207.7224
944 464  0.0157 -0.0406 54.7689
976 464 -0.0140 -0.0383 184.9473
1008 464 -0.0388 -0.0019 66.7388
1040 464 -0.0352  0.0253 180.8383
1072 464 -0.0324  0.0815 147.3657
1104 464 -0.0832  0.0552 93.9834
1136 464 -0.0774  0.0664 102.5337
1168 464 -0.0955  0.1215 93.6325
 16 496 -0.8351 -0.5831 111.6168
 48 496 -0.2763 -0.1424 56.5441
 80 496 -0.6563 -0.4753 204.4122
112 496 -0.6464 -0.5846 275.6352
144 496 -0.8546 -0.4626 118.5241
176 496 -0.7331 -0.3226 134.5116
208 496 -0.3505 -0.4102 65.8327
240 496 -0.3551 -0.3280 128.3507
272 496 -0.3960 -0.3571 141.1140
304 496 -0.2755 -0.3942 82.5672
336 496 -0.0648 -0.0978 12.1496
368 496 -0.1136 -0.1145 176.5352
400 496 -0.0989 -0.2379 183.9341
432 496 -0.0701 -0.1219 151.0015
464 496 -0.0061 -0.0347 142.9163
496 496 -0.0363 -0.0476 140.9589
528 496  0.0300 -0.0233 257.0465
560 496 -0.0263  0.0144 103.3276
592 496 -0.0235  0.0352 118.1243
624 496 -0.0126  0.0145 95.0088
656 496 -0.0427  0.0130 138.4304
688 496 -0.0077  0.0616 136.4013
720 496 -0.0028 -0.0106 310.6994
752 496  0.0657 -0.1014 115.6864
784 496 -0.0371 -0.0900 87.2530
816 496 -0.0079 -0.1881 55.0386
848 496  0.0209 -0.0395 75.9320
880 496  0.0089 -0.0703 104.7448
912 496  0.0020 -0.0854 43.6802
944 496 -0.0243 -0.0898 242.3755
976 496  0.0028  0.0245 53.4555
1008 496 -0.0152  0.0047 112.5287
1040 496 -0.0769  0.0788 128.4583
1072 496 -0.0691  0.0639 92.9737
1104 496 -0.1097  0.0970 98.9482
1136 496 -0.0949  0.1319 94.4713
1168 496 -0.0583  0.0800 24.7801
 16 528 -1.0743 -0.1357 41.8452
 48 528 -1.2281 -0.8098 63.9705
 80 528 -0.6378 -0.4985 190.3445
112 528 -0.9259 -0.7844 156.7619
144 528 -0.9042 -0.1958 169.8650
176 528 -0.7223 -0.6937 50.6223
208 528 -0.4147 -0.3559 104.4404
240 528 -0.6805 -0.6907 59.4643
272 528 -0.4353 -0.3964 37.9597
304 528 -0.3046 -0.4850 264.2158
336 528 -0.1743 -0.5406 118.4977
368 528 -0.3427 -0.4392 153.5466
400 528 -0.1499 -0.1800 57.2584
432 528 -0.0583 -0.1641 112.0865
464 528 -0.0421 -0.1131 157.8298
496 528 -0.0237 -0.0486 197.1912
528 528  0.0230 -0.0587 64.8874
560 528  0.0344 -0.0015 247.5092
592 528  0.0017  0.0231 180.8756
624 528 -0.0052  0.0347 152.3309
656 528 -0.0301  0.0131 81.0244
688 528 -0.0400 -0.0278 90.5421
720 528 -0.0122 -0.0436 89.0507
752 528 -0.0025 -0.1071 64.9781
784 528 -0.0191 -0.1651 265.2030
816 528  0.0257 -0.1094 131.3872
848 528  0.0135 -0.1560 49.4064
880 528  0.0148 -0.0575 107.4727
912 528  0.0105 -0.0751 151.9393
944 528 -0.0159 -0.0344 160.3554
976 528 -0.0244  0.0240 136.5269
1008 528 -0.0521  0.0434 118.5707
1040 528 -0.0389  0.0432 88.6716
1072 528 -0.0722  0.1277 54.9715
1104 528 -0.0757  0.0968 111.5763
1136 528 -0.1795  0.0535 181.4518
1168 528 -0.0924  0.0979 49.9641
 16 560 -0.3805 -0.0892 77.1808
 48 560 -0.4261 -0.2760 91.5436
 80 560 -0.7685 -0.5111 192.5657
112 560 -0.7687 -0.7705 49.3241
144 560 -0.3577 -0.2056 64.0132
176 560  0.5880  0.1150 37.5828
208 560 -0.8048 -0.7421 34.8639
240 560 -0.3042 -0.3199 25.9068
272 560 -1.0537 -0.6379 136.8712
304 560 -0.4182 -0.3697 130.9153
336 560 -0.0326 -0.0325 16.4069
368 560 -0.1912 -0.2621 78.9240
400 560 -0.0232 -0.0692 14.4124
432 560 -0.0123 -0.1123 319.3966
464 560 -0.0446 -0.1860 60.9277
496 560  0.0259 -0.0604 197.9924
528 560  0.0126 -0.0993 142.6549
560 560 -0.0013  0.0244 62.2121
592 560  0.0451  0.0289 144.3045
624 560 -0.0239  0.0626 68.5437
656 560 -0.0437  0.1291 132.4450
688 560 -0.0350  0.0359 28.1423
720 560 -0.0833 -0.0286 61.3566
752 560 -0.0648 -0.1043 144.1011
784 560 -0.0181 -0.1243 135.6399
816 560 -0.0177 -0.1745 186.3342
848 560  0.0103 -0.1265 88.2235
880 560  0.0061 -0.1386 83.3299
912 560 -0.0466 -0.0848 285.7094
944 560 -0.0215  0.0283 79.2255
976 560 -0.0321  0.0359 57.7540
1008 560 -0.0574 -0.0193 150.6109
1040 560 -0.0635  0.0979 183.4373
1072 560 -0.0726  0.0673 125.9282
1104 560 -0.0558  0.0551 91.4911
1136 560 -0.1426  0.0939 91.3573
1168 560 -0.1928  0.1231 189.8874
 16 592 -0.3882 -0.1184 100.0722
 48 592 -0.7380 -0.5701 67.4054
 80 592 -1.3279 -0.4142 135.7121
112 592 -0.7292 -0.0977 15.4423
144 592 -0.4236 -0.1748 47.0430
176 592 -0.2912 -0.4856 258.1234
208 592 -0.7463 -0.5711 146.9784
240 592 -0.8541 -0.3183 125.4300
272 592 -0.4454 -0.2987 84.0327
304 592 -0.1857 -0.2837 21.9842
336 592 -0.3947 -0.7772 120.0811
368 592 -0.3002 -0.4431 201.0382
400 592 -0.3745 -0.8135 85.1864
432 592 -0.0696 -0.4620 37.2048
464 592  0.0796 -0.3318 55.4195
496 592  0.0802 -0.1747 34.9249
528 592  0.1679 -0.1693 172.2583
560 592  0.0929 -0.0315 171.4347
592 592  0.1417  0.0530 74.3011
624 592  0.0016  0.0961 96.1299
656 592 -0.0036  0.1093 191.9421
688 592 -0.1370  0.0640 62.3651
720 592 -0.0254  0.0326 31.1380
752 592 -0.0613 -0.0712 173.9226
784 592 -0.0201 -0.1006 124.4227
816 592 -0.0149 -0.1785 150.4453
848 592 -0.0373 -0.0965 85.5076
880 592 -0.0362 -0.0693 149.5204
912 592 -0.0466 -0.0710 207.8420
944 592 -0.0566  0.0149 55.2717
976 592 -0.0648  0.1161 121.1593
1008 592 -0.1402  0.0492 66.5750
1040 592 -0.1077  0.1570 179.4187
1072 592 -0.1614  0.1928 199.2919
1104 592 -0.1492  0.0786 63.3682
1136 592 -0.0714  0.0993 149.9293
1168 592 -0.1178  0.1255 33.1425
 16 624 -0.0009 -0.0662 51.0847
 48 624 -0.4177 -0.1153 38.6132
 80 624 -0.6849 -0.3626 62.2097
112 624 -1.5192 -0.7776 135.3884
144 624 -0.8931 -0.6944 157.6475
176 624 -0.9560 -0.6694 141.1916
208 624 -1.1312 -0.7676 32.3396
240 624 -0.6637 -0.2987 157.8912
272 624 -0.3072 -0.3009 33.6471
304 624 -0.3343 -0.5796 104.3191
336 624 -0.5793 -0.7174 28.3867
368 624 -0.3486 -0.9500 93.3931
400 624 -0.1911 -0.7725 47.2421
432 624  0.0731 -0.8281 219.8264
464 624  0.3221 -0.4803 148.3491
496 624  0.1479 -0.1840 80.4821
528 624  0.4035 -0.0854 148.0486
560 624  0.3072  0.0557 67.2907
592 624  0.3076  0.0672 84.3232
624 624  0.0203  0.3055 87.9847
656 624 -0.0625  0.1660 114.7810
688 624 -0.0682  0.3074 58.7956
720 624 -0.1969  0.4195 43.5234
752 624 -0.0527  0.1928 108.6541
784 624 -0.0439  0.1041 135.0624
816 624 -0.1396  0.3498 142.5024
848 624 -0.0924  0.1919 97.3075
880 624 -0.1424  0.1300 125.2475
912 624 -0.1526  0.0595 54.4583
944 624 -0.1673  0.0784 99.1635
976 624 -0.2042  0.1669 81.1121
1008 624 -0.1613  0.2106 124.9191
1040 624 -0.1812  0.1230 157.1945
1072 624 -0.1825  0.0998 113.9211
1104 624 -0.2092  0.1511 69.5416
1136 624 -0.0843  0.1013 142.6083
1168 624 -0.1400  0.2007 78.3552
 16 656 -0.2595 -0.0588 105.6978
 48 656 -0.5988 -0.1793 35.8911
 80 656 -0.5002 -0.3489 21.5722
112 656 -0.7308 -0.2864 211.8255
144 656 -0.3339 -0.1981 63.2592
176 656 -0.9318 -0.8736 257.6061
208 656 -1.1276 -0.8383 214.6587
240 656 -1.0736 -0.8583 112.5669
272 656 -0.8590 -0.7862 20.7533
304 656 -0.7592 -1.0692 286.4532
336 656 -0.4861 -0.8968 116.4611
368 656 -0.3724 -1.1797 103.6410
400 656 -0.0174 -1.2567 52.6479
432 656  0.3341 -0.8488 70.7440
464 656  1.3383 -0.9717 131.8665
496 656  1.2283 -0.4648 68.6879
528 656  0.9512 -0.1421 79.1256
560 656  0.4724  0.1951 176.3906
592 656  0.2783  0.3573 83.8146
624 656  0.2269  0.5335 204.6925
656 656  0.0426  0.7279 136.1346
688 656 -0.0760  0.7440 114.8068
720 656 -0.1181  0.3460 58.1681
752 656  0.0374  0.1113 20.3040
784 656  0.0120  0.1614 33.7357
816 656 -0.0658  0.7117 159.9402
848 656 -0.1202  0.4412 75.9948
880 656 -0.3622  0.2526 40.1094
912 656 -0.2698  0.2452 69.4407
944 656 -0.1609  0.2535 68.4262
976 656 -0.2796  0.2007 104.6862
1008 656 -0.2379  0.2109 84.5114
1040 656 -0.0664  0.0410 46.5742
1072 656 -0.2744  0.1778 44.3409
1104 656 -0.1755  0.2071 243.1920
1136 656 -0.0898  0.0696 75.7088
1168 656 -0.0806  0.2023 56.6703
 16 688 -0.4754 -0.1036 30.9734
 48 688 -0.5552 -0.1015 247.9573
 80 688 -0.8027 -0.1553 88.4014
112 688 -0.7682 -0.4183 69.7074
144 688 -0.3450 -0.1715 15.6140
176 688 -1.0316 -0.5240 156.4604
208 688 -1.3485 -0.7771 111.3926
240 688 -0.9796 -1.0517 200.2133
272 688 -1.2846 -1.0512 74.9586
304 688 -1.0224 -1.5088 60.8265
336 688 -0.8446 -1.2223 141.4853
368 688 -0.4064 -0.6493 45.4847
400 688 -0.2751 -2.0386 49.5552
432 688  0.6605 -2.0287 105.5673
464 688  1.3157 -1.1696 15.4247
496 688  1.1251 -0.3584 30.2782
528 688  1.8981 -0.0298 64.9532
560 688  1.0732  0.2430 109.4111
592 688  0.2386  0.2382 11.8016
624 688  0.1143  0.9338 79.8054
656 688  0.0424  0.9087 52.5765
688 688  0.2731  1.0759 96.5191
720 688  0.2244 -0.3339 17.5631
752 688  0.2299 -0.4676 19.1556
784 688 -0.2685  0.4308 37.7100
816 688 -0.0380  0.6964 47.1725
848 688 -0.3003  0.4174 78.6685
880 688 -0.4022  0.2373 143.0595
912 688 -0.4840  0.4154 53.1196
944 688 -0.3194  0.5850 89.1413
976 688 -0.4003  0.4471 69.8048
1008 688 -0.3297  0.2263 65.5271
1040 688 -0.3704  0.3159 93.9189
1072 688 -0.3229  0.1303 61.8281
1104 688 -0.2221  0.1552 135.4018
1136 688 -0.1214  0.2087 236.3053
1168 688 -0.1977  0.1949 184.3374
 16 720 -0.1209 -0.0080 44.8805
 48 720 -0.3376 -0.0502 48.6729
 80 720 -0.6856 -0.3199 17.9958
112 720 -0.5754 -0.3823 168.9926
144 720 -1.8514 -0.2120 149.8970
176 720 -0.6509 -1.0653 48.0492
208 720 -0.2660 -0.1808 24.1460
240 720 -0.0620 -0.0137 13.5675
272 720 -0.9711 -1.3014 256.6589
304 720 -1.4810 -0.3143 146.4591
336 720 -1.4438 -1.5174 28.5415
368 720 -1.2113 -2.0874 71.0949
400 720 -0.2563 -2.2036 15.6763
432 720 -0.3131 -0.2156 14.3691
464 720 -0.4122  0.2235 14.8762
496 720  0.7433 -1.1958 43.7896
528 720  1.1873 -0.0285 174.0141
560 720  0.6449  0.2743 77.8997
592 720  0.7833  0.9704 56.5711
624 720  0.5748  1.3823 36.7383
656 720  0.4132  0.9052 97.5804
688 720  0.3562  0.2920 103.9481
720 720  0.8088 -0.0724 10.4427
752 720  0.1471 -1.0631 45.7335
784 720 -0.0912 -0.2986 24.6022
816 720 -0.3419  0.7758 17.2197
848 720 -0.1691  0.0896 13.0959
880 720 -0.1643  0.5818  9.8681
912 720 -0.1206  0.6126 31.7968
944 720 -0.1450  0.1573 30.7834
976 720 -0.7633  0.6485 84.0205
1008 720 -0.5368  0.3496 71.6857
1040 720 -0.3621  0.1963 36.0814
1072 720 -0.2905  0.2908 176.2054
1104 720 -0.1490  0.1501 219.0217
1136 720 -0.1280  0.1833 148.5876
1168 720 -0.2799  0.1214 118.6126
 16 752 -0.0144 -0.0189 128.0782
 48 752 -0.0619 -0.1506 101.9044
 80 752 -0.1444 -0.0610 185.7004
112 752 -0.2190 -0.1065 316.6281
144 752 -0.1767 -0.1262 247.7461
176 752 -0.5298 -0.3965 179.0413
208 752 -1.5293 -0.6216 121.0384
240 752 -0.9323 -1.0852 45.3918
272 752 -1.3314 -1.3260 61.1697
304 752 -1.0649 -0.3917 63.5184
336 752 -1.6349 -1.7606 52.0834
368 752 -1.3410 -1.8799 13.2643
400 752 -1.4470  0.0211 23.1149
432 752 -0.4123  0.0022  8.1567
464 752 -0.3530  0.1256  5.9403
496 752 -2.0177 -1.1019 33.8209
528 752 -0.4264 -1.2177 67.4298
560 752  0.1135 -0.1391 48.8012
592 752  0.3529  1.1740 171.0223
624 752  0.1195  1.0261 16.9121
656 752  0.4124  0.8955 126.5988
688 752  0.2995  0.0287 30.9095
720 752  0.5358 -0.0859 10.6272
752 752  0.0844 -0.6636 19.8361
784 752 -0.1375 -0.2661 34.8965
816 752 -0.1390  0.0689 15.0930
848 752 -0.0855 -0.0406 46.9525
880 752 -0.1064  0.1696  9.4938
912 752  0.4622  0.1688  9.6233
944 752 -0.3328  0.5774 15.1796
976 752 -0.6859  0.3449 27.5059
1008 752 -0.7698  0.4256 127.6021
1040 752 -0.4326  0.0446 20.6480
1072 752 -0.1801  0.0940 82.7946
1104 752 -0.1691  0.1859 78.3968
1136 752 -0.1881  0.0134 155.2263
1168 752 -0.2511  0.1471 136.4147
 16 784 -0.2531 -0.0153 57.6819
 48 784 -0.0401 -0.0312 165.5187
 80 784 -0.1301 -0.1048 90.4371
112 784 -0.2109 -0.0989 184.2250
144 784 -0.5024 -0.2852 92.9059
176 784 -0.7250 -0.2819 112.0957
208 784 -0.7183 -0.3530 35.7238
240 784  0.0764 -0.4692 143.7838
272 784 -1.5120 -0.8213 46.8330
304 784 -1.7756 -1.6832 68.5029
336 784 -1.1089 -1.1317 22.9760
368 784 -0.1011  0.1656 21.1334
400 784 -0.2971  0.1912 12.5797
432 784 -0.3285  0.3579 11.0692
464 784 -0.1800  0.1314  4.0616
496 784 -0.4016  0.4500 14.5624
528 784 -1.2385 -1.9155 42.7460
560 784 -1.2034 -1.0285 194.7626
592 784 -0.1826  0.6878 184.9692
624 784 -0.1127  0.3834 58.2725
656 784  0.4088  0.3340 35.1046
688 784  0.0496  0.0352 17.9355
720 784  0.9046 -0.4263 18.4914
752 784  0.2330 -0.8076 18.2661
784 784 -0.0739 -0.4394 18.1057
816 784  0.0102 -0.6262 42.0290
848 784 -0.1592 -0.0585 29.9199
880 784  0.0674  0.0884 10.9481
912 784  0.0582  0.1253 14.7066
944 784 -0.1283  0.0383 15.9010
976 784 -1.1189  0.1310 19.9531
1008 784 -0.8630  0.2220 100.8879
1040 784 -0.6732  0.2712 87.8291
1072 784 -0.3888  0.1521 138.2388
1104 784 -0.4550  0.2653 72.3373
1136 784 -0.2863  0.1267 152.7156
1168 784 -0.2675  0.1826 83.8058
 16 816  0.0048 -0.0038 56.1333
 48 816 -0.0612 -0.0158 81.1875
 80 816 -0.0019 -0.0252 15.1543
112 816 -0.1218 -0.0303 162.3759
144 816 -0.2699 -0.0924 276.8899
176 816 -0.0761 -0.0169 21.1505
208 816 -0.1931 -0.0718 27.5410
240 816 -1.3007 -0.3349 45.5880
272 816 -2.1483 -0.7279 25.8114
304 816 -0.9976 -0.3816 35.7921
336 816  0.2912 -0.3603 32.4715
368 816  2.2497 -0.2705 17.5962
400 816 -0.0679 -0.0801  9.8343
432 816 -0.3430  0.1114 14.0713
464 816 -0.4606  0.2773  6.7547
496 816 -0.1361  0.1036  4.7407
528 816  0.0229  0.0237 118.3261
560 816 -1.1755 -0.8530 71.6549
592 816 -0.4866 -0.2032 173.3475
624 816 -0.4300 -0.0698 100.0199
656 816  0.1302  0.1880 149.9930
688 816  0.1047 -0.1222 26.7295
720 816  0.1353 -0.2615 10.6873
752 816 -0.0931 -0.0082 11.8715
784 816  0.0072 -0.2406 13.3480
816 816  0.0456 -0.0535 11.9439
848 816  0.0000 -0.0081 11.9291
880 816  0.1789  0.0953  8.6479
912 816  0.0040 -0.0194 10.1309
944 816  0.0104  0.0456 12.1789
976 816 -0.2689 -0.0079  8.6871
1008 816 -0.7020 -0.0239 11.2064
1040 816 -0.8748  0.2069 54.7752
1072 816 -0.6948  0.2290 62.5764
1104 816 -0.2897  0.1416 93.8756
1136 816 -0.2971  0.1841 63.3086
1168 816 -0.3787  0.0976 141.2724
 16 848 -0.0060 -0.0032 80.8879
 48 848 -0.0216 -0.0035 254.0541
 80 848 -0.1138 -0.0265 101.6275
112 848 -0.1090 -0.0623 305.5096
144 848 -0.1197 -0.0288 183.2814
176 848 -0.1676 -0.1054 179.7717
208 848 -0.4667 -0.0486 76.9067
240 848 -1.3492 -0.1552 72.3591
272 848 -1.2641 -0.2133 111.2965
304 848 -0.0991 -0.0050 10.0326
336 848  0.2304 -1.9280 23.8002
368 848  0.0936 -1.6256  8.8837
400 848  0.3830 -0.3752 10.3169
432 848 -0.0776  0.0124 14.1239
464 848 -0.3344 -0.1930  6.2151
496 848 -0.2292 -0.0017  4.4937
528 848  0.0128 -0.0369 28.2055
560 848 -0.1285 -0.3426 53.1583
592 848 -0.0503 -0.0670 47.0667
624 848 -0.1141 -0.2773 65.8940
656 848  0.0377 -0.1009 28.1454
688 848  0.0831  0.0069 11.6921
720 848  0.0075 -0.0130 11.1232
752 848 -0.1466 -0.0897  9.1451
784 848  0.0385 -0.4340 10.9313
816 848 -0.0443 -0.4941 17.9796
848 848 -0.0040 -0.0141 13.3503
880 848  0.0204  0.0210  9.7641
912 848  0.0307  0.0437 13.5161
944 848 -0.0171 -0.0481 19.3708
976 848 -1.7555 -0.1078  9.6552
1008 848 -0.1100 -0.1486 10.3213
1040 848 -0.5729  0.2433 46.7867
1072 848 -0.6796  0.3386 38.5208
1104 848 -0.6240  0.1509 119.3310
1136 848 -0.4981  0.0625 57.7623
1168 848 -0.3240  0.0693 115.1432
 16 880 -0.0066  0.0071 33.5732
 48 880  0.0033  0.0035 100.7165
 80 880 -0.0305 -0.0073 126.4108
112 880 -0.0566  0.0070 156.5491
144 880 -0.0503 -0.0058 65.0100
176 880 -0.0187  0.0173 329.4352
208 880 -0.3086  0.0241 157.7765
240 880 -0.8736  0.0351 37.8054
272 880 -1.4177  0.2299 31.3913
304 880 -0.3916 -1.3456 22.5623
336 880  0.3939 -3.6011  4.9889
368 880  0.1540 -0.5000  5.9829
400 880  0.2243 -0.4161  6.1601
432 880  0.1742 -0.3331  7.4098
464 880 -0.1460 -0.1559  7.0799
528 880  0.0852 -0.0727 15.8872
560 880  0.0513 -0.0664 13.2953
592 880  0.1310 -0.0613  7.0366
624 880  0.0444 -0.0302 30.9659
656 880 -0.0317 -0.0386 12.2676
688 880  0.0935 -0.0540 10.2418
720 880 -0.0287 -0.0286 19.6981
752 880  0.0957 -0.1941 15.5153
784 880  0.0004 -0.0073 15.5829
816 880  0.0011 -0.0337 10.5591
848 880  0.0173 -0.0159 16.7887
880 880 -0.0110 -0.0184 18.3422
912 880  0.0302  0.0266 12.7324
944 880 -0.1354 -0.1449  9.0330
976 880 -0.3237 -0.0880 10.7339
1008 880 -0.9938  0.1177 35.6250
1040 880 -0.8487  0.1578 77.3108
1072 880 -0.7361  0.1422 154.0954
1104 880 -0.4563 -0.0310 65.2359
1136 880 -0.4830  0.0967 149.3216
1168 880 -0.2117  0.0345 47.4754
 16 912  0.0086 -0.0108 34.2872
 48 912  0.0045  0.0611 72.7154
 80 912 -0.0128  0.0233 146.5123
112 912  0.0016  0.0283 215.0780
144 912 -0.1119  0.0040 126.6478
176 912 -0.0328  0.0945 43.4548
208 912 -0.1123  0.2584 56.0244
240 912 -0.7615  0.4957 39.4079
272 912 -0.8920  0.8203 128.2802
304 912 -0.0339 -0.1108 16.1882
336 912  0.3470 -1.8256 15.0879
368 912  0.2611 -0.5000  6.2159
528 912  0.0538 -0.0587  4.5566
560 912  0.0347 -0.0818  5.7355
592 912 -0.0035 -0.0164  4.1124
624 912  0.1044 -0.0699  8.0925
656 912 -0.1389 -0.0626  6.2559
688 912  0.1985 -0.0657  6.3211
720 912 -0.0725 -0.0566 10.0008
752 912  0.1791 -0.0698  7.1444
784 912 -0.0368 -0.0386 16.6556
816 912 -0.0769 -0.1640  4.8868
848 912  0.1469 -0.1584  7.8847
880 912 -0.0036 -0.0222 12.4420
912 912 -0.0133 -0.0173 16.0417
944 912 -0.1518 -0.0516 11.5905
976 912 -0.8575 -0.0909 68.1426
1008 912 -0.6230 -0.0250 46.2737
1040 912 -0.7845  0.0296 108.8354
1072 912 -0.8227  0.0448 68.6800
1104 912 -0.5493  0.1400 42.0489
1136 912 -0.3882 -0.0590 111.9786
1168 912 -0.3582  0.0232 106.2853
 16 944  0.0399  0.0127 87.9200
 48 944  0.0054  0.0164 17.8232
 80 944  0.0078  0.0665 220.1994
112 944  0.0639  0.0402 362.0335
144 944 -0.0282  0.0317 36.1682
176 944 -0.0120  0.0680 417.6392
208 944 -0.0187  0.1458 77.1456
240 944 -0.3967  1.0045 100.1757
272 944 -0.5421  0.7730 40.7294
304 944 -0.4009  0.0790 28.3837
336 944 -0.9493 -1.7310 19.9371
368 944 -0.1540 -0.0773 10.8988
400 944  0.3612 -0.4632  8.8903
432 944 -0.0147 -0.2832  5.9403
464 944 -0.0750 -0.0966  6.9557
496 944 -0.0136 -0.0298  7.3982
528 944 -0.0131  0.0074  4.1881
624 944  0.1278 -0.0662  4.8575
656 944 -0.2153 -0.0536  4.4937
688 944  0.1417 -0.0029  5.7067
720 944 -0.0957 -0.0516  5.6883
752 944  0.0405 -0.1101  4.5722
784 944 -0.0525 -0.0939  4.2402
816 944  0.0545 -0.0080  4.8168
848 944  0.0077  0.0325 15.5298
880 944 -0.0808 -0.0172 13.6807
912 944 -0.0382 -0.0690 20.7356
944 944 -0.2943 -0.2665 94.4136
976 944 -0.3711 -0.3241 131.6498
1008 944 -0.7216 -0.2888 95.4366
1040 944 -1.0908 -0.0702 29.7945
1072 944 -0.7451  0.1410 46.0292
1104 944 -0.4891 -0.0045 112.5226
1136 944 -0.4768 -0.0672 60.5960
1168 944 -0.2144 -0.0429 62.0593
 16 976  0.0531  0.0288 40.2452
 48 976  0.0037  0.0427 16.0885
 80 976  0.0415  0.0308 68.9604
112 976  0.0221  0.0221 193.1934
144 976  0.0005  0.0039 14.3147
176 976  0.0651  0.0558 68.7734
208 976  0.0183  0.2772 67.4150
240 976  0.0900  0.2795 73.3941
272 976  0.1584  0.6006 105.8622
304 976  0.1490 -0.1380 69.6617
336 976  0.1561 -0.1033 47.4890
368 976  0.0936 -0.1262 62.0558
400 976 -0.1144 -0.2055 14.5231
432 976 -1.3190 -0.8516 24.3767
464 976 -0.0035 -0.0138 35.8211
496 976 -0.0546  0.0165  8.9474
528 976 -0.0462 -0.0038  4.7762
688 976  0.0150 -0.0525  4.1542
784 976 -0.0051 -0.0007  4.4325
816 976  0.0209  0.0248 14.7807
848 976 -0.0793 -0.4264 100.6889
880 976 -0.2211 -0.4487 66.0623
912 976 -0.3732 -0.5347 130.2504
944 976 -0.1712 -0.3105 22.3139
976 976 -0.5734 -0.3459 115.8993
1008 976 -0.5108 -0.2175 44.2490
1040 976 -0.9358 -0.1884 47.2771
1072 976 -0.4913 -0.0694 24.5657
1104 976 -0.5637  0.1201 70.7010
1136 976 -0.4516 -0.3583 92.7910
1168 976 -0.2935  0.0121 72.7718
 16 1008  0.0270 -0.0075 18.6695
 48 1008  0.0968  0.0467 76.8430
 80 1008  0.0537  0.0161 34.0315
112 1008  0.0699  0.0358 166.8297
144 1008  0.0345  0.0428 186.7970
176 1008  0.0704  0.0915 198.6054
208 1008  0.0072  0.0325 25.1357
240 1008  0.1112  0.0656 117.3850
272 1008  0.3982  0.3261 252.0690
304 1008  0.7889  0.0757 48.3580
336 1008  0.6527 -1.3095 22.8101
368 1008  0.2540 -1.6789 101.5864
400 1008 -1.1648 -2.1895 42.1195
432 1008 -0.3826 -1.4831 20.5865
464 1008 -0.2167 -0.2883 14.1878
496 1008  0.0109 -0.0057 20.6134
528 1008 -0.0413  0.0296 11.4551
560 1008 -0.0526  0.1493  6.1768
752 1008  0.0000  0.0154  4.0635
784 1008 -0.0103  0.0210  6.4088
816 1008  0.0092  0.0024 24.8919
848 1008 -0.1254 -0.2218 17.0735
880 1008 -0.2421 -0.2550 54.5262
912 1008 -0.3030 -0.2756 32.5901
944 1008 -0.3607 -0.2309 33.6063
976 1008 -0.6214 -0.3340 43.1356
1008 1008 -1.1745 -0.1096 64.2478
1040 1008 -0.5586 -0.0598 37.6994
1072 1008 -0.3548 -0.0761 68.8354
1104 1008 -0.4141  0.0023 22.4919
1136 1008 -0.3075 -0.1261 165.9748
1168 1008 -0.3168 -0.1128 82.5178
 16 1040  0.0602  0.0353 100.8262
 48 1040  0.0603  0.0460 23.8387
 80 1040  0.1233  0.0228 190.1340
112 1040  0.0808  0.0555 21.3215
144 1040  0.0508  0.0074 217.2607
176 1040  0.0868  0.0448 223.7674
208 1040  0.1835  0.0209 20.1332
240 1040  0.1735  0.0173 103.9588
272 1040  0.6790  0.0291 54.0498
304 1040  0.5121 -0.2229 75.7575
336 1040  0.4089 -0.3980 27.3493
368 1040  0.1854 -1.1471 104.8525
400 1040 -0.0439 -0.2834 15.0759
432 1040 -0.2932 -1.0574 42.2619
464 1040 -0.0179 -0.0157 26.0186
496 1040  0.0129 -0.0090 17.4483
528 1040  0.0054  0.0037 11.5987
560 1040 -0.0328 -0.0285 12.3205
592 1040 -0.1859 -0.0038  5.6692
752 1040  0.0205  0.0059  5.5497
784 1040 -0.0120  0.0257 14.9501
816 1040 -0.0259 -0.0200 31.2681
848 1040 -0.1205 -0.1002 38.2943
880 1040 -0.1243 -0.1789 25.4718
912 1040 -0.2089 -0.1455 20.5321
944 1040 -0.3457 -0.3165 58.4252
976 1040 -0.8358 -0.1958 127.5758
1008 1040 -0.4715 -0.2487 30.5646
1040 1040 -0.4926 -0.1652 69.3420
1072 1040 -0.4738 -0.1263 41.4423
1104 1040 -0.4519 -0.0056 24.9565
1136 1040 -0.2627 -0.0784 68.8608
1168 1040 -0.2786 -0.3633 59.9593
 16 1072  0.0820  0.0133 141.0730
 48 1072  0.1489  0.0111 93.7634
 80 1072  0.0885  0.0130 294.1474
112 1072  0.1483  0.0302 86.0808
144 1072  0.1742  0.0123 77.3587
176 1072  0.0867 -0.0119 24.6426
208 1072  0.2616 -0.0214 56.5071
240 1072  0.2361 -0.0096 191.9019
272 1072  0.3503 -0.1782 52.2150
304 1072  0.1831 -0.1442 128.4611
336 1072  0.2236 -0.2186 29.3610
368 1072  0.1006 -0.4344 53.0403
400 1072 -0.0029 -0.2816 12.5909
432 1072 -0.0316 -0.1293 19.9303
464 1072 -0.0050  0.0158  9.0598
496 1072 -0.0099  0.0152 13.3908
528 1072 -0.0104  0.0053 11.2606
560 1072 -0.0756  0.0759  7.9767
592 1072  0.0239  0.0775  9.3830
624 1072  0.0018  0.0994  5.1466
656 1072 -0.0159  0.1519  4.5444
752 1072  0.0029 -0.0029  4.2305
784 1072  0.0183 -0.0603  7.2467
816 1072  0.0116 -0.0468 12.7589
848 1072  0.0056 -0.0180 26.6242
880 1072 -0.0323 -0.0187 19.7521
912 1072 -0.1867 -0.0375 18.8061
944 1072 -0.1544 -0.0006 51.1372
976 1072 -0.3514 -0.0823 33.3292
1008 1072 -0.4197 -0.1082 30.8944
1040 1072 -0.5672 -0.0300 28.4175
1072 1072 -0.5238 -0.0575 123.3591
1104 1072 -0.1730  0.0088 15.7813
1136 1072 -0.3203 -0.0649 27.5834
1168 1072 -0.2801 -0.0709 37.6566
 16 1104  0.0080  0.0030 18.8099
 48 1104  0.0808 -0.0139 170.7559
 80 1104 -0.0447 -0.1523 39.9238
112 1104 -0.0963 -0.1949 149.2656
144 1104  0.0536 -0.2203 112.0221
176 1104  0.1992  0.0267 44.0737
208 1104  0.0676 -0.0368 204.8360
240 1104  0.1337 -0.0592 107.6998
272 1104  0.3228 -0.1279 81.8892
304 1104  0.3534 -0.1054 109.4348
336 1104  0.3911 -0.3590 150.6626
368 1104  0.0303 -0.2604 21.0064
400 1104 -0.0040 -0.0706 13.8694
432 1104  0.0132 -0.1842 26.8019
464 1104 -0.0000 -0.0007 18.7168
496 1104  0.0072  0.0018 14.4085
528 1104 -0.0076 -0.0209 11.3469
560 1104 -0.0242 -0.0544 13.1290
592 1104 -0.0415  0.0147 10.2726
624 1104  0.0670  0.0974 10.7563
656 1104 -0.0595  0.0907  8.4684
688 1104 -0.2411  0.1816  5.5082
848 1104  0.0050 -0.0918  5.0593
880 1104  0.0349 -0.0682  6.2991
912 1104 -0.0160 -0.0572 12.2366
944 1104 -0.0194 -0.0434 14.0815
976 1104  0.0412 -0.0496  9.0505
1008 1104 -0.0761 -0.0089 19.3938
1040 1104 -0.0661 -0.0401 29.6797
1072 1104 -0.5681  0.0218 17.2681
1104 1104 -0.2116 -0.0014 18.9452
1136 1104 -0.1804 -0.0702 14.3242
1168 1104 -0.3608 -0.0552 32.5382
 16 1136  0.0117  0.0317 15.5208
 48 1136  0.0411  0.0060 73.3449
 80 1136  0.1230  0.0473 56.0224
112 1136  0.1292 -0.0098 45.0603
144 1136  0.1072  0.0124 106.4620
176 1136  0.0732 -0.0103 179.1978
208 1136  0.0442 -0.0788 205.8556
240 1136  0.2590 -0.0693 66.3171
272 1136  0.1399 -0.1637 71.2381
304 1136  0.1584 -0.3445 246.9821
336 1136  0.2378 -0.3316 79.0728
368 1136  0.1400 -0.4609 44.9592
400 1136  0.1295 -0.6488 48.6930
432 1136  0.0134 -0.1939 19.4679
464 1136  0.0947 -0.1446 37.6821
496 1136  0.0294 -0.0206 11.1239
528 1136  0.0272  0.0015 16.1333
560 1136  0.0076  0.0149 10.7345
592 1136 -0.0070  0.0130 13.3190
624 1136 -0.0066  0.0065 14.1588
656 1136  0.0120  0.0034 17.6739
688 1136 -0.0711  0.0265 12.7148
720 1136 -0.0485  0.2269  6.0062
752 1136 -0.0836  0.1901  5.4991
784 1136  0.1381  0.1510  5.5461
816 1136  0.0554  0.1268 10.0005
848 1136 -0.1345  0.1348 10.1245
880 1136 -0.0624  0.1210  4.2890
976 1136  0.0159 -0.0026  4.3138
1008 1136 -0.0215 -0.0165  5.1349
1040 1136  0.0534 -0.0551  4.8024
1072 1136  0.0315 -0.1812  5.5023
1104 1136  0.0184 -0.0439  8.5499
1136 1136 -0.0075  0.0141  9.7279
1168 1136 -0.0077  0.0124 19.7934
 16 1168  0.0158  0.0140 16.7252
 48 1168  0.0292  0.0113 24.2456
 80 1168  0.0575 -0.0098 51.1450
112 1168  0.1059 -0.0149 63.5377
144 1168  0.0500  0.0090 137.5030
176 1168  0.2836 -0.0023 58.1215
208 1168  0.0781 -0.0419 41.6778
240 1168  0.2070 -0.1449 55.5755
272 1168  0.1876 -0.0918 106.0629
304 1168  0.0877 -0.1731 183.0290
336 1168  0.0730 -0.1615 86.7607
368 1168  0.0348 -0.0850 109.9233
400 1168  0.0394 -0.1335 15.3525
432 1168  0.0358 -0.2938 33.5422
464 1168  0.0293 -0.1525 21.7580
496 1168  0.0105  0.0112 14.4465
528 1168  0.1044 -0.1204 19.1624
560 1168  0.0855 -0.2360 12.7296
592 1168  0.0591 -0.2658 10.7472
624 1168 -0.0072 -0.0067 15.8116
656 1168 -0.0187  0.0091 13.2940
688 1168  0.0072 -0.0191 11.5899
720 1168  0.0074  0.0176 12.3845
752 1168 -0.0040  0.0069 11.3529
784 1168  0.0841  0.0522  8.9015
816 1168 -0.0041 -0.0086 13.7851
848 1168 -0.0199 -0.0097 15.4657
880 1168  0.0053  0.0376 13.7758
912 1168 -0.0555  0.0648 11.6850
944 1168 -0.0569  0.2190  5.8861
976 1168 -0.0274  0.2498  4.7673
1104 1168 -0.0095 -0.0801  4.2600
1136 1168  0.0667 -0.0863  4.6282
1168 1168 -0.0045 -0.0358  4.6910
 16 1200  0.0246  0.0201 19.1285
 48 1200  0.0203 -0.0206 20.4725
 80 1200  0.0064 -0.0046 16.4576
112 1200  0.0750  0.0184 57.8735
144 1200  0.0208 -0.0045 31.5305
176 1200  0.0404 -0.0186 230.7825
208 1200  0.0849 -0.0856 175.9114
240 1200  0.1654 -0.0646 35.3037
272 1200  0.0347 -0.0207 199.4865
304 1200  0.0960 -0.1659 266.7178
336 1200  0.0531 -0.1452 149.7064
368 1200  0.1354 -0.2609 130.9202
400 1200  0.0134 -0.0654 14.9757
432 1200  0.0475 -0.0876 33.8129
464 1200  0.0346 -0.0490 13.8955
496 1200 -0.0057 -0.0227 20.7286
528 1200  0.0031 -0.0030 20.4141
560 1200 -0.0110  0.0210 14.3565
592 1200  0.0218  0.0210 14.2297
624 1200 -0.0295 -0.1510 27.0218
656 1200  0.0029 -0.0088 17.1529
688 1200 -0.0449  0.0197 14.5184
720 1200  0.0032  0.0486 17.4854
752 1200  0.0027 -0.0011 16.4061
784 1200 -0.0134 -0.0095 10.8573
816 1200 -0.0194  0.0127 11.7800
848 1200 -0.0166 -0.0232 10.6218
880 1200  0.0224 -0.0115 14.6187
912 1200  0.0048 -0.0094 18.1967
944 1200  0.0047 -0.0228 15.6609
976 1200  0.0100  0.0115 15.0390
1008 1200 -0.0374  0.0670 11.6883
1040 1200 -0.0542  0.1522  8.5655
1072 1200 -0.0320  0.2411  6.4862
1104 1200 -0.0213  0.2236  5.1409
1136 1200 -0.0352  0.2746  4.5851
1168 1200 -0.0280  0.2703  4.3761
 16 1232  0.0578  0.0299 10.7541
 48 1232  0.0761 -0.0156 41.3055
 80 1232  0.0867 -0.0124 110.6870
112 1232  0.0116 -0.0222 27.5209
144 1232  0.0803 -0.0242 169.1741
176 1232  0.0277 -0.0211 138.3855
208 1232  0.0608 -0.0307 107.8465
240 1232  0.0315 -0.0208 43.3153
272 1232  0.0918 -0.0990 66.3844
304 1232  0.0573 -0.1081 330.8481
336 1232  0.1376 -0.0910 147.2318
368 1232  0.0169 -0.0577 177.3735
400 1232  0.0641 -0.1145 209.4406
432 1232 -0.0108 -0.0713 33.7183
464 1232 -0.0062 -0.0153 29.4402
496 1232 -0.0178 -0.0015 14.5303
528 1232 -0.0104 -0.0044  9.6897
560 1232 -0.0097 -0.0134 21.3182
592 1232  0.0278 -0.0124 20.7672
624 1232 -0.0062 -0.0318 14.1080
656 1232  0.0393 -0.0262 12.7501
688 1232  0.0035  0.0427 11.8065
720 1232 -0.0175  0.0019 13.5274
752 1232 -0.0450  0.0170 18.7081
784 1232 -0.0208 -0.0056 13.9790
816 1232  0.0158 -0.0006 20.8558
848 1232  0.0093 -0.0005 12.1687
880 1232 -0.0169  0.0511 11.2800
912 1232  0.0039 -0.0053 12.6871
944 1232 -0.0624 -0.0077 13.9058
976 1232 -0.0096 -0.0578 14.0769
1008 1232  0.0084 -0.0052 16.0774
1040 1232 -0.0062  0.0224 13.7766
1072 1232  0.0139  0.0140 12.2095
1104 1232  0.0239  0.0221 12.7098
1136 1232 -0.0022  0.0117 11.5643
1168 1232 -0.0169  0.0038 12.6962
 16 1264  0.0742  0.0010 58.4261
 48 1264  0.0202 -0.0128 65.5790
 80 1264  0.0770 -0.0222 191.6876
112 1264  0.0329 -0.0028 72.0289
144 1264  0.0125  0.0008 149.0960
176 1264  0.1032 -0.0443 80.7208
208 1264  0.0855 -0.0332 40.4307
240 1264  0.0197 -0.0420 122.4194
272 1264  0.0625 -0.1223 29.8377
304 1264  0.0803 -0.0510 248.2828
336 1264  0.0396 -0.0349 56.9997
368 1264  0.0119 -0.0823 107.0966
400 1264  0.0816 -0.0406 13.7053
432 1264  0.0237 -0.0583 35.3157
464 1264  0.0452 -0.0573  9.3276
496 1264 -0.0032 -0.0309 13.9900
528 1264  0.0146  0.0000 14.1483
560 1264  0.0395  0.0284 12.1898
592 1264  0.0240 -0.0167 10.7030
624 1264 -0.0072 -0.0125 18.7022
656 1264 -0.0015 -0.0119 14.8254
688 1264  0.0009  0.0070 11.9392
720 1264  0.0117  0.0107 13.3196
752 1264 -0.0106  0.0175 22.8349
784 1264 -0.0446  0.0302 11.3084
816 1264  0.0164  0.0067 15.4158
848 1264  0.0530  0.0284 11.0753
880 1264 -0.0765 -0.0351  9.2185
912 1264 -0.0217  0.0191 10.2769
944 1264  0.0329 -0.0499 11.5818
976 1264 -0.0325  0.0451  8.3295
1008 1264  0.0032 -0.0055 10.8053
1040 1264 -0.0068  0.0332 11.4890
1072 1264 -0.0222 -0.0041 10.4518
1104 1264 -0.0586  0.0078  9.8124
1136 1264 -0.0000 -0.0213  9.5899
1168 1264 -0.0387 -0.0028 13.2203
 16 1296  0.0281  0.0093 21.8553
 48 1296  0.0322  0.0192 17.4605
 80 1296  0.0017  0.0095 31.7131
112 1296  0.0204  0.0072 40.1657
144 1296  0.0166 -0.0167 46.7128
176 1296  0.1013 -0.0143 84.4538
208 1296  0.0626 -0.0400 113.9262
240 1296  0.0036 -0.1355 39.5814
272 1296  0.0333 -0.1296 35.0801
304 1296  0.0588 -0.1247 19.9411
336 1296  0.1272 -0.1981 214.0980
368 1296  0.0242 -0.0644 27.3034
400 1296  0.0251 -0.0163 38.9006
432 1296 -0.0023  0.0017 20.5781
464 1296  0.0079 -0.0279 36.0830
496 1296  0.0086 -0.0480 23.2057
528 1296 -0.0396  0.0028 11.1447
560 1296 -0.0279 -0.0225 19.4481
592 1296  0.0089  0.0340 12.4394
624 1296 -0.0067  0.0168 15.7649
656 1296 -0.0499 -0.0384 17.0401
688 1296 -0.0132 -0.0242 11.8443
720 1296 -0.0183 -0.0173 12.2372
752 1296 -0.0185 -0.0033 17.1383
784 1296 -0.0015 -0.0069 10.8959
816 1296  0.0135  0.0676  9.9071
848 1296 -0.0076 -0.0347 12.0396
880 1296  0.0203  0.0044 11.6351
912 1296  0.0126  0.0449 10.7035
944 1296  0.0073 -0.0110 11.9149
976 1296  0.0024  0.0605 11.4267
1008 1296  0.0811  0.0033  9.2212
1040 1296  0.0074 -0.0057  8.2037
1072 1296  0.0272 -0.0681 10.1672
1104 1296 -0.0335  0.0028 11.1099
1136 1296  0.0539  0.0057  9.8989
1168 1296  0.0319 -0.0057  9.4781
  0   0  0.0030 -0.0102  0.0000
  0   0 -0.0279 -0.0007  0.0000
  0   0 -0.0116 -0.0133  0.0000
  0   0 -0.0187 -0.0065  0.0000
  0   0  0.0163  0.0027  0.0000
  0   0  0.0260  0.0068  0.0000
  0   0  0.0180 -0.0022  0.0000
  0   0  0.0288 -0.0159  0.0000
  0   0  0.0368 -0.0430  0.0000
  0   0  0.0805 -0.0666  0.0000
  0   0  0.0601 -0.1132  0.0000
  0   0  0.0280 -0.1889  0.0000
  0   0  0.0394 -0.2091  0.0000
  0   0  0.0561 -0.2090  0.0000
  0   0  0.0814 -0.2140  0.0000
  0   0  0.0274 -0.1114  0.0000
  0   0 -0.0000 -0.0312  0.0000
  0   0 -0.0268  0.0084  0.0000
  0   0 -0.0276  0.0138  0.0000
  0   0 -0.0237  0.0172  0.0000
  0   0 -0.1257  0.0417  0.0000
  0   0 -0.0889  0.0316  0.0000
  0   0 -0.0557  0.0490  0.0000
  0   0 -0.0543  0.0257  0.0000
  0   0 -0.0713 -0.0190  0.0000
  0   0 -0.0540 -0.0264  0.0000
  0   0 -0.0448 -0.0191  0.0000
  0   0 -0.0313 -0.0056  0.0000
  0   0 -0.0106  0.0055  0.0000
  0   0  0.0066  0.0361  0.0000
  0   0  0.0086 -0.0058  0.0000
  0   0  0.0302  0.0090  0.0000
  0   0  0.0360  0.0300  0.0000
  0   0  0.0352  0.0143  0.0000
  0   0  0.0448  0.0391  0.0000
  0   0  0.0894  0.0103  0.0000
  0   0  0.0574 -0.0159  0.0000
  0   0  0.0483 -0.0488  0.0000
  0   0  0.0252 -0.0243  0.0000
  0   0  0.0598 -0.0155  0.0000
  0   0  0.0499 -0.0194  0.0000
  0   0  0.0250 -0.0172  0.0000
  0   0  0.0006 -0.0096  0.0000
  0   0 -0.0029 -0.0097  0.0000
  0   0 -0.0036 -0.0052  0.0000
  0   0  0.0128 -0.0014  0.0000
  0   0  0.0231 -0.0046  0.0000
  0   0  0.0272 -0.0200  0.0000
  0   0  0.0374 -0.0460  0.0000
  0   0  0.0494 -0.0842  0.0000
  0   0  0.0692 -0.1290  0.0000
  0   0  0.0623 -0.1858  0.0000
  0   0  0.0474 -0.2466  0.0000
  0   0  0.0476 -0.2741  0.0000
  0   0  0.0512 -0.2712  0.0000
  0   0  0.0497 -0.2413  0.0000
  0   0  0.0151 -0.1550  0.0000
  0   0 -0.0183 -0.0645  0.0000
  0   0 -0.0474  0.0059  0.0000
  0   0 -0.0626  0.0564  0.0000
  0   0 -0.0709  0.1005  0.0000
  0   0 -0.1921  0.0875  0.0000
  0   0 -0.1502  0.0727  0.0000
  0   0 -0.1172  0.0619  0.0000
  0   0 -0.1027  0.0333  0.0000
  0   0 -0.0990 -0.0028  0.0000
  0   0 -0.0845 -0.0198  0.0000
  0   0 -0.0677 -0.0198  0.0000
  0   0 -0.0463 -0.0096  0.0000
  0   0 -0.0210  0.0038  0.0000
  0   0  0.0027  0.0191  0.0000
  0   0  0.0210  0.0108  0.0000
  0   0  0.0433  0.0184  0.0000
  0   0  0.0588  0.0285  0.0000
  0   0  0.0698  0.0258  0.0000
  0   0  0.0850  0.0274  0.0000
  0   0  0.1063  0.0068  0.0000
  0   0  0.0966 -0.0194  0.0000
  0   0  0.0855 -0.0423  0.0000
  0   0  0.0730 -0.0406  0.0000
  0   0  0.0773 -0.0360  0.0000
  0   0  0.0657 -0.0327  0.0000
  0   0  0.0435 -0.0252  0.0000
  0   0  0.0212 -0.0147  0.0000
  0   0  0.0092 -0.0069  0.0000
  0   0  0.0057 -0.0008  0.0000
  0   0  0.0129 -0.0002  0.0000
  0   0  0.0225 -0.0102  0.0000
  0   0  0.0325 -0.0348  0.0000
  0   0  0.0450 -0.0748  0.0000
  0   0  0.0581 -0.1292  0.0000
  0   0  0.0700 -0.1929  0.0000
  0   0  0.0696 -0.2607  0.0000
  0   0  0.0625 -0.3199  0.0000
  0   0  0.0567 -0.3491  0.0000
  0   0  0.0488 -0.3411  0.0000
  0   0  0.0328 -0.2940  0.0000
  0   0  0.0007 -0.2054  0.0000
  0   0 -0.0360 -0.0999  0.0000
  0   0 -0.0713  0.0034  0.0000
  0   0 -0.1001  0.0991  0.0000
  0   0 -0.1245  0.1907  0.0000
  0   0 -0.2504  0.1370  0.0000
  0   0 -0.2059  0.1105  0.0000
  0   0 -0.1695  0.0804  0.0000
  0   0 -0.1460  0.0421  0.0000
  0   0 -0.1310  0.0036  0.0000
  0   0 -0.1143 -0.0210  0.0000
  0   0 -0.0921 -0.0266  0.0000
  0   0 -0.0637 -0.0174  0.0000
  0   0 -0.0312 -0.0018  0.0000
  0   0  0.0015  0.0128  0.0000
  0   0  0.0320  0.0207  0.0000
  0   0  0.0605  0.0290  0.0000
  0   0  0.0849  0.0360  0.0000
  0   0  0.1058  0.0358  0.0000
  0   0  0.1248  0.0268  0.0000
  0   0  0.1384  0.0045  0.0000
  0   0  0.1371 -0.0243  0.0000
  0   0  0.1271 -0.0484  0.0000
  0   0  0.1149 -0.0586  0.0000
  0   0  0.1035 -0.0575  0.0000
  0   0  0.0856 -0.0491  0.0000
  0   0  0.0608 -0.0347  0.0000
  0   0  0.0351 -0.0174  0.0000
  0   0  0.0162 -0.0014  0.0000
  0   0  0.0079  0.0096  0.0000
  0   0  0.0105  0.0106  0.0000
  0   0  0.0209 -0.0039  0.0000
  0   0  0.0357 -0.0383  0.0000
  0   0  0.0523 -0.0943  0.0000
  0   0  0.0680 -0.1698  0.0000
  0   0  0.0792 -0.2576  0.0000
  0   0  0.0827 -0.3456  0.0000
  0   0  0.0789 -0.4166  0.0000
  0   0  0.0694 -0.4521  0.0000
  0   0  0.0529 -0.4403  0.0000
  0   0  0.0267 -0.3782  0.0000
  0   0 -0.0101 -0.2727  0.0000
  0   0 -0.0534 -0.1407  0.0000
  0   0 -0.0980  0.0009  0.0000
  0   0 -0.1402  0.1426  0.0000
  0   0 -0.1802  0.2826  0.0000
