VARIABLES= "X pix", "Y pix", "U pix/dt", "V pix/dt", "CHC", ZONE I=37, J=41
304  16 -0.1662 -0.0172 59.5809
336  16 -0.1732 -0.0289 18.9118
368  16 -0.0987 -0.0411 24.6753
400  16 -0.0844 -0.0883 88.5845
496  16 -0.1031 -0.1202 89.0435
528  16 -0.0767 -0.0899 39.0095
560  16 -0.0604 -0.0594 40.9600
592  16 -0.0657 -0.0453 50.5679
624  16 -0.0551 -0.0344 54.6133
656  16 -0.0980 -0.0172 46.5454
688  16 -0.0508  0.0198 273.0666
304  48 -0.0349  0.0427 52.5128
336  48 -0.0403  0.0585 29.4676
368  48 -0.0337  0.0580 110.7027
496  48 -0.0147  0.0904 71.8596
528  48 -0.0336  0.1418 27.3067
560  48 -0.0604  0.1842 37.3203
592  48 -0.0350  0.2170 143.4904
688  48 -0.0287  0.1563 227.5554
720  48 -0.0293  0.0597 29.2571
752  48 -0.0224  0.0056 36.2478
784  48  0.0059  0.0505 31.9097
816  48  0.0000  0.2877 254.2344
304  80 -0.0314  0.2043 49.3494
336  80 -0.0389  0.1024 30.7970
368  80 -0.0043  0.0305 50.5679
400  80  0.0064 -0.0006 47.0804
432  80  0.0056 -0.0355 43.5745
464  80 -0.0041 -0.0465 4095.9939
496  80 -0.0246 -0.0155 71.8596
528  80 -0.0105  0.0391 28.4444
560  80  0.0093  0.0000 38.5966
592  80 -0.0084 -0.0497 37.2929
688  80 -0.0059  0.0100 341.3332
720  80 -0.0818 -0.0090 80.3137
752  80 -0.1181 -0.0376 87.1489
784  80  0.0000 -0.0819 67.8895
816  80  0.5000 -0.2211 87.1489
 16 144 -0.1228 -0.0893 211.4780
 48 144 -0.0594 -0.0792 143.6589
 80 144 -0.1131 -0.0465 155.2152
112 144 -0.0616 -0.0399 32.0428
144 144 -0.1320 -0.0330 160.0407
176 144 -0.0388 -0.0050 113.7661
208 144 -0.0422 -0.0210 146.1876
240 144 -0.0894 -0.0380 125.6880
272 144 -0.0422 -0.0107 57.0972
304 144 -0.0299  0.0058 43.7227
336 144 -0.0460  0.0064 37.7831
368 144 -0.0026  0.0240 164.1198
400 144 -0.1040  0.0345 181.0288
432 144 -0.0092  0.0410 196.5156
464 144 -0.0191  0.0496 141.5382
496 144 -0.0431  0.0609 200.7370
528 144 -0.0445  0.0318 136.2763
560 144 -0.0087  0.0484 107.2730
592 144 -0.0237  0.0752 139.7487
624 144 -0.0534  0.0679 138.5765
656 144  0.0188  0.0461 196.7555
688 144 -0.0167  0.0683 98.9125
720 144 -0.0265  0.0366 149.0087
752 144 -0.0372  0.0273 134.7255
784 144 -0.0121 -0.0070 74.7688
816 144 -0.0183  0.0319 132.6394
848 144 -0.0285  0.0207 143.5574
880 144 -0.0486  0.0406 54.6896
912 144 -0.0117  0.0245 138.1174
944 144 -0.0186  0.0362 110.0056
976 144 -0.0228  0.0213 72.1064
1008 144 -0.0359  0.0280 43.1758
1040 144 -0.0608  0.0270 86.0811
1072 144 -0.0475  0.0747 140.8731
1104 144 -0.0403  0.0658 158.9864
1136 144 -0.0742  0.1202 150.4917
1168 144 -0.0260  0.0442 137.4346
 16 176 -0.0821 -0.0735 26.1631
 48 176 -0.1035 -0.1029 231.8758
 80 176 -0.2074 -0.1645 341.5769
112 176 -0.1188 -0.2081 84.5289
144 176 -0.1057 -0.0401 87.4345
176 176 -0.0353 -0.0083 190.0986
208 176 -0.0914 -0.0342 363.1767
240 176 -0.0385 -0.0621 282.1726
272 176 -0.0313 -0.0239 174.6294
304 176 -0.0509 -0.0103 175.1087
336 176 -0.0075  0.0511 213.6514
368 176 -0.0368  0.1087 175.3019
400 176 -0.0162  0.0339 251.6227
432 176 -0.0199  0.0566 161.8579
464 176  0.0210  0.0453 183.5436
496 176 -0.0183  0.0853 253.6674
528 176 -0.0412  0.1375 30.4963
560 176  0.0059  0.0194 118.1657
592 176 -0.0128  0.0699 146.3443
624 176 -0.0356  0.0453 253.2850
656 176 -0.0416  0.0233 212.0718
688 176 -0.0322  0.0100 135.4407
720 176 -0.0295  0.0154 105.2746
752 176 -0.0165  0.0494 178.8486
784 176 -0.0282  0.0429 89.3234
816 176 -0.0328  0.0134 75.4972
848 176 -0.0225  0.0131 197.8551
880 176 -0.0179  0.0371 87.5621
912 176 -0.0325  0.0223 151.5747
944 176 -0.0294  0.0181 146.9444
976 176  0.0156  0.0595 109.6259
1008 176 -0.0311  0.0523 139.9315
1040 176 -0.0534  0.0467 58.6747
1072 176 -0.0370  0.0268 137.1163
1104 176 -0.0375  0.0665 103.4475
1136 176 -0.1034  0.1460 195.7469
1168 176 -0.0609  0.1202 203.0337
 16 208 -0.0639 -0.0338 24.4732
 48 208 -0.1077 -0.1480 285.1212
 80 208 -0.0340 -0.1379 274.5105
112 208 -0.1582 -0.1364 177.9919
144 208 -0.1143 -0.1517 85.9549
176 208 -0.1190 -0.0626 147.5663
208 208 -0.1027 -0.0850 300.9332
240 208 -0.1091 -0.0274 188.8241
272 208 -0.0344 -0.0062 177.6707
304 208 -0.0421  0.0098 144.6193
336 208 -0.0538  0.0107 159.5826
368 208  0.0125  0.0358 197.8543
400 208  0.0172  0.0223 135.8666
432 208 -0.0301  0.0528 135.9048
464 208 -0.0196  0.0570 219.5964
496 208 -0.0164  0.0651 116.7462
528 208 -0.0162  0.1035 124.2555
560 208 -0.0144  0.0239 134.0633
592 208 -0.0085  0.0436 147.6524
624 208  0.0992  0.0552 155.6416
656 208 -0.0436  0.0106 136.2129
688 208 -0.0067  0.0299 110.5207
720 208 -0.0234  0.0223 133.2222
752 208 -0.0234  0.0174 193.6433
784 208 -0.0219 -0.0093 188.0075
816 208 -0.0222  0.0173 175.5909
848 208 -0.0159  0.0018 164.5208
880 208 -0.0154  0.0045 289.5944
912 208 -0.0281  0.0098 57.6207
944 208 -0.0147  0.0267 89.5886
976 208 -0.0010  0.0448 150.9919
1008 208 -0.0644  0.0698 143.2750
1040 208 -0.0721  0.0570 104.4619
1072 208 -0.0417  0.0677 119.2958
1104 208 -0.0479  0.0266 103.6950
1136 208 -0.0516  0.0572 90.8173
1168 208 -0.0805  0.0647 41.4531
 16 240 -0.1477 -0.0651 46.1268
 48 240 -0.1210 -0.2897 27.0254
 80 240 -0.0411 -0.1277 145.8580
112 240 -0.2261 -0.1796 90.3188
144 240 -0.0941 -0.0754 224.0857
176 240 -0.1005 -0.1228 249.6667
208 240 -0.0486 -0.0227 35.7901
240 240 -0.1149 -0.0518 266.5981
272 240 -0.0796 -0.0407 174.5667
304 240 -0.0881  0.0106 202.8642
336 240 -0.0581 -0.0087 118.1649
368 240 -0.0742  0.0342 327.1243
400 240 -0.0459  0.0340 132.2194
432 240 -0.0460  0.0161 188.1087
464 240 -0.0240  0.0735 168.7904
496 240 -0.0091  0.0739 233.2677
528 240  0.0169  0.0586 71.5012
560 240 -0.0197  0.0639 108.7550
592 240 -0.0452  0.0660 187.8536
624 240 -0.0249  0.0601 125.1487
656 240 -0.0334  0.0235 111.4790
688 240 -0.0595  0.0749 66.5475
720 240 -0.0058  0.0383 60.5713
752 240 -0.0105  0.0064 200.0218
784 240 -0.0345  0.0014 77.1315
816 240  0.0325  0.0227 141.7068
848 240 -0.0148  0.0206 113.5974
880 240 -0.0396  0.0064 95.9088
912 240  0.0227  0.0200 78.6399
944 240 -0.0268  0.0210 69.1268
976 240 -0.0361  0.0370 105.0805
1008 240  0.0252  0.0058 103.4143
1040 240 -0.0305  0.0534 121.6136
1072 240 -0.0294  0.0667 154.1664
1104 240 -0.0744  0.1423 106.1220
1136 240 -0.0503  0.0701 121.7975
1168 240 -0.0469  0.0340 95.5187
 16 272 -0.2463 -0.0798 28.7083
 48 272 -0.2667 -0.2154 198.1992
 80 272 -0.1903 -0.1618 165.6455
112 272 -0.2214 -0.1103 273.3701
144 272 -0.1080 -0.1916 166.8457
176 272 -0.0897 -0.0999 118.5325
208 272 -0.1075 -0.0885 83.9428
240 272 -0.0643 -0.0496 41.4771
272 272 -0.0459 -0.0183 17.7452
304 272 -0.0716 -0.0000 131.6700
336 272 -0.0617 -0.0154 146.9860
368 272 -0.0558  0.0009 186.3060
400 272 -0.0276  0.0277 256.5977
432 272 -0.0376  0.0639 165.5936
464 272 -0.0219  0.1032 88.6665
496 272 -0.0389  0.0609 276.8022
528 272 -0.0038  0.0669 107.2962
560 272  0.0059  0.0052 14.3637
592 272 -0.0332  0.0703 147.8786
624 272 -0.0241  0.0264 127.1050
656 272 -0.0563  0.0384 140.4974
688 272 -0.0274  0.0350 97.2411
720 272 -0.0295  0.0334 81.7871
752 272 -0.0073  0.0207 108.0844
784 272 -0.0142  0.0000 111.4634
816 272  0.0017  0.0005 224.0835
848 272 -0.0244 -0.0263 123.3683
880 272 -0.0154 -0.0041 69.0657
912 272 -0.0001 -0.0025 85.8837
944 272 -0.0007  0.0033 162.3470
976 272 -0.0158  0.0771 198.2956
1008 272  0.0030  0.0201 147.5574
1040 272 -0.0353  0.0875 109.9449
1072 272 -0.0218  0.0878 84.3457
1104 272 -0.0562 -0.0246 110.4662
1136 272 -0.0107  0.0892 26.5387
1168 272  0.0002  0.0395 53.5350
 16 304 -0.0783 -0.0869 25.4882
 48 304 -0.0759 -0.3688 100.0813
 80 304 -0.3047 -0.0971 146.5099
112 304 -0.1345 -0.1728 228.0631
144 304 -0.3152 -0.1465 340.4837
176 304 -0.1186 -0.0782 58.1085
208 304 -0.1138 -0.3028 146.6796
240 304 -0.0805 -0.0756 138.8822
272 304 -0.0454 -0.0795 201.6038
304 304 -0.0736 -0.0425 165.7422
336 304 -0.0321 -0.0237 74.1548
368 304 -0.0265  0.0037 123.5903
400 304 -0.0118  0.0064 48.5062
432 304 -0.0176  0.0312 148.4330
464 304 -0.0511  0.0495 199.1578
496 304 -0.0235  0.0549 137.6680
528 304 -0.0155  0.0531 127.7704
560 304 -0.0045  0.0292 179.5622
592 304 -0.0109  0.0466 175.2752
624 304 -0.0059  0.0462 99.2939
656 304 -0.0044  0.0599 40.6376
688 304  0.0189  0.0438 97.9373
720 304 -0.0014  0.0241 140.9458
752 304  0.0005  0.0180 91.3277
784 304  0.0124 -0.0074 139.1595
816 304  0.0131 -0.0076 135.1604
848 304 -0.0420 -0.0115 69.3490
880 304  0.0166 -0.0030 120.0409
912 304 -0.0284 -0.0045 104.6137
944 304 -0.0224  0.0123 148.3998
976 304 -0.0366  0.0548 150.3824
1008 304 -0.0129  0.0266 49.5923
1040 304 -0.0539  0.0640 93.6173
1072 304 -0.0471  0.0581 162.3204
1104 304 -0.0657  0.0444 202.2775
1136 304 -0.0622  0.0880 95.8107
1168 304 -0.0942  0.0968 109.6848
 16 336 -0.0780 -0.0951 273.8173
 48 336 -0.0110 -0.2004 218.8313
 80 336 -0.3607 -0.1423 177.5661
112 336 -0.1539 -0.2077 177.1109
144 336 -0.1755 -0.3225 203.3958
176 336 -0.1531 -0.2448 239.2000
208 336 -0.0896 -0.1126 29.7718
240 336 -0.2819 -0.0857 127.7925
272 336 -0.0521 -0.0624 86.0243
304 336 -0.1084 -0.0752 91.8910
336 336 -0.0847 -0.0290 209.3327
368 336 -0.0628  0.0024 157.4699
400 336 -0.0703  0.0013 81.3813
432 336 -0.0507  0.0465 155.7559
464 336  0.0155  0.0657 161.3298
496 336 -0.0223  0.0648 63.2699
528 336 -0.0086  0.0968 157.3826
560 336 -0.0291  0.0621 152.3036
592 336  0.0008  0.0283 237.9114
624 336 -0.0400  0.0304 130.8771
656 336  0.0002  0.0469 116.3653
688 336 -0.0051  0.0093 118.5282
720 336  0.0027  0.0129 123.0880
752 336  0.0002 -0.0090 157.1514
784 336  0.0037 -0.0011 152.9541
816 336 -0.0026 -0.0194 100.7753
848 336  0.0027 -0.0253 133.0858
880 336 -0.0297 -0.0331 110.4482
912 336 -0.0138  0.0199 102.4691
944 336  0.0547 -0.0559 190.4241
976 336 -0.0183  0.0192 88.9446
1008 336 -0.0274  0.0151 110.0533
1040 336 -0.0210  0.0203 64.7724
1072 336 -0.0555  0.0800 112.6893
1104 336 -0.0510  0.0858 184.6286
1136 336 -0.0540  0.0810 97.9155
1168 336 -0.0682  0.1305 68.2254
 16 368 -0.0637 -0.0645 19.6261
 48 368 -0.3238 -0.2791 206.3327
 80 368 -0.2772 -0.4171 98.0768
112 368 -0.1263 -0.4698 29.0745
144 368 -0.2612 -0.1942 57.1040
176 368 -0.3640 -0.2724 61.8888
208 368 -0.0610 -0.2055 204.6341
240 368 -0.0295 -0.3261 253.0252
272 368 -0.1067 -0.0678 38.0819
304 368 -0.0684 -0.0431 310.3143
336 368 -0.0467 -0.0263 275.5083
368 368 -0.0448 -0.0038 160.3398
400 368 -0.0586  0.0128 158.4009
432 368 -0.0321  0.0304 244.9699
464 368 -0.0131  0.0447 97.1015
496 368 -0.0246  0.0545 361.9897
528 368 -0.0138  0.0821 113.7165
560 368 -0.0200  0.0237 36.4742
592 368 -0.1582  0.0198 108.9300
624 368 -0.0095  0.0045 230.0602
656 368 -0.0483  0.0158 110.7117
688 368 -0.0077  0.0262 99.4971
720 368  0.0124 -0.0135 153.2128
752 368  0.0007 -0.0033 109.1386
784 368 -0.0647 -0.0032 133.4533
816 368 -0.0085 -0.0121 216.0079
848 368  0.0108 -0.0177 60.9349
880 368  0.0062 -0.0205 138.1140
912 368  0.0090 -0.0189 108.3398
944 368 -0.0171  0.0228 102.2827
976 368 -0.0275  0.0368 58.2183
1008 368 -0.0574  0.0225 271.8854
1040 368 -0.0383  0.0545 219.0095
1072 368 -0.0504  0.0487 106.6245
1104 368 -0.1015  0.1158 157.1785
1136 368 -0.0913  0.1243 88.7962
1168 368 -0.1217  0.1045 127.3348
 16 400 -0.3836 -0.2882 71.5168
 48 400 -0.5175 -0.1925 156.8779
 80 400 -0.7120 -0.1701 242.1349
112 400 -0.1962 -0.3892 116.0191
144 400 -0.3490 -0.2546 160.7800
176 400 -0.2968 -0.1899 181.9498
208 400 -0.1779 -0.1393 197.7234
240 400 -0.1140 -0.1473 319.6433
272 400 -0.0020 -0.0703 245.5218
304 400 -0.1300 -0.1274 256.1626
336 400 -0.0786 -0.0163 31.7213
368 400 -0.0307 -0.0326 56.3418
400 400 -0.0549 -0.0233 73.0333
432 400 -0.0315  0.0049 173.1185
464 400 -0.0248  0.0307 231.4281
496 400 -0.0050  0.0252 21.1160
528 400 -0.0349  0.0726 127.6840
560 400 -0.0137  0.0721 134.8148
592 400  0.0002  0.0975 179.0294
624 400 -0.0007  0.0263 155.2711
656 400 -0.0078  0.0255 173.8172
688 400  0.0058  0.0108 149.4069
720 400 -0.0061  0.0351 117.7571
752 400  0.0037 -0.0061 82.6479
784 400  0.0046 -0.0413 93.9841
816 400  0.0124 -0.0292 100.1921
848 400  0.0042 -0.0401 143.1547
880 400  0.0108 -0.0385 88.4398
912 400 -0.0004 -0.0115 116.2331
944 400 -0.0117 -0.0035 121.6043
976 400 -0.0074  0.0180 71.4347
1008 400  0.0116  0.0870 63.5877
1040 400 -0.0753  0.0469 204.7095
1072 400 -0.0367  0.0853 109.0073
1104 400 -0.0896  0.1379 81.5497
1136 400 -0.0888  0.0853 78.3228
1168 400 -0.0982  0.1143 128.5792
 16 432 -0.2733 -0.1023 17.2615
 48 432 -0.2066 -0.2339 171.4178
 80 432 -0.3763 -0.2146 106.5736
112 432 -0.2756 -0.3555 33.6525
144 432 -0.2482 -0.6274 160.1741
176 432 -0.3795 -0.3493 131.8311
208 432 -0.2909 -0.2667 159.9939
240 432 -0.1625 -0.1506 281.8590
272 432 -0.2055 -0.1666 312.9900
304 432 -0.1016 -0.0574 22.4601
336 432 -0.1174 -0.0963 197.3410
368 432 -0.1011 -0.0598 161.1803
400 432 -0.1220  0.0043 125.4145
432 432 -0.1644  0.0062 111.8648
464 432 -0.0481  0.0331 144.7142
496 432 -0.0483  0.0338 158.5452
528 432 -0.0452  0.0418 79.5606
560 432 -0.0264  0.0072 122.0807
592 432 -0.0182  0.0031 84.4282
624 432 -0.0171  0.0167 208.2712
656 432 -0.0117  0.0475 88.6943
688 432  0.0127  0.0006 74.6655
720 432 -0.0062  0.0062 140.4818
752 432  0.0344 -0.0174 117.1632
784 432  0.0253 -0.0607 159.9071
816 432 -0.0030 -0.0162 149.7923
848 432  0.0331 -0.0227 281.6386
880 432 -0.0185  0.0021 83.1466
912 432 -0.0035 -0.0203 89.6742
944 432 -0.0007 -0.0032 148.8859
976 432 -0.0400  0.0334 115.6634
1008 432 -0.0376  0.0437 129.8572
1040 432 -0.0683  0.0986 144.1715
1072 432 -0.0370  0.1397 215.8913
1104 432 -0.0574  0.0843 51.1010
1136 432 -0.0467  0.1674 85.8755
1168 432 -0.0503  0.0267 158.8085
 16 464 -0.2945 -0.4480 61.8838
 48 464 -0.8314 -0.5810 91.0089
 80 464 -0.3594 -0.3001 139.9329
112 464 -0.4255 -0.5563 88.9307
144 464 -0.1733 -0.1823 127.1649
176 464 -0.5907 -0.1853 100.1393
208 464 -0.2205 -0.1928 94.9771
240 464 -0.2669 -0.3821 225.5062
272 464 -0.2478 -0.2407 23.0406
304 464 -0.2078 -0.2290 240.9561
336 464 -0.1414 -0.0153 184.4764
368 464 -0.1112 -0.0379 314.1445
400 464 -0.0498  0.0152 33.0342
432 464 -0.0572 -0.0091 140.7008
464 464 -0.0473  0.0290 121.9995
496 464 -0.0495  0.0520 134.9482
528 464 -0.0379  0.0366 121.8697
560 464  0.0198 -0.0051 178.8686
592 464 -0.0170  0.0084 129.7281
624 464 -0.0096  0.0134 225.3298
656 464 -0.0100  0.0024 87.6328
688 464  0.0125 -0.0295 108.1637
720 464  0.0188 -0.0656 83.6785
752 464  0.0024 -0.0740 45.5727
784 464  0.0572 -0.0638 87.6679
816 464  0.0381 -0.0577 105.3988
848 464  0.0369 -0.0255 78.9346
880 464 -0.0055 -0.0061 149.8122
912 464  0.0192 -0.0047 231.5913
944 464 -0.0138  0.0227 31.4319
976 464 -0.0408  0.0244 113.4019
1008 464 -0.0317  0.0298 38.7922
1040 464 -0.0621  0.0762 112.6273
1072 464 -0.1082  0.0791 48.4164
1104 464 -0.1622  0.1926 134.7988
1136 464 -0.0362  0.0772 28.8099
1168 464 -0.1501  0.1195 181.1768
 16 496 -0.2236 -0.2897 65.3737
 48 496 -0.2284 -0.6538 88.7613
 80 496 -0.5960 -0.3156 140.7382
112 496 -0.7437 -0.2661 21.2126
144 496 -0.7436 -0.4272 182.1938
176 496 -0.6537 -0.6609 145.2235
208 496 -0.1535 -0.6029 64.8497
240 496 -0.1998 -0.5828 349.9599
272 496 -0.5121 -0.3146 79.7038
304 496 -0.1391 -0.1880 74.4665
336 496 -0.1668 -0.0701 240.0228
368 496 -0.0988 -0.0886 59.2943
400 496 -0.0657 -0.0046 50.3734
432 496 -0.1066 -0.0185 128.5145
464 496 -0.0500 -0.0416 189.3432
496 496 -0.1251  0.0175 262.8316
528 496  0.0043  0.0192 123.0569
560 496 -0.0196  0.0138 103.2921
592 496 -0.0089  0.0669 24.1592
624 496  0.0303 -0.0079 87.6906
656 496 -0.0019 -0.0611 140.8365
688 496  0.0163 -0.0350 95.6684
720 496  0.0611 -0.0255 113.9565
752 496  0.0050 -0.0764 106.2298
784 496  0.0069 -0.0739 64.0417
816 496 -0.0004 -0.1452 92.0619
848 496  0.0423 -0.1237 52.1273
880 496 -0.0121 -0.0374 141.9744
912 496  0.0015 -0.0230 114.9362
944 496 -0.0234  0.0302 255.3501
976 496 -0.1144  0.0049 231.2254
1008 496 -0.1150  0.0749 271.1710
1040 496 -0.0183  0.0570 24.9931
1072 496 -0.0124  0.1801 100.1310
1104 496 -0.1525  0.1464 112.9089
1136 496 -0.1348  0.1953 74.2675
1168 496 -0.1119  0.1034 76.9250
 16 528 -0.2887 -0.0763 17.5150
 48 528 -0.4422 -0.2046 132.1247
 80 528 -0.5414 -0.3904 116.2271
112 528 -0.7772 -0.4273 206.8741
144 528 -0.5210 -0.5858 188.5448
176 528 -0.0759 -0.3712 63.4952
208 528 -0.4816 -0.7127 197.4017
240 528 -0.5392 -0.4312 155.4559
272 528 -0.2398 -0.2081 87.2584
304 528 -0.2858 -0.0588 299.6949
336 528 -0.1053 -0.0713 438.5399
368 528 -0.1629 -0.0992 81.2398
400 528 -0.1406 -0.0502 154.0129
432 528 -0.0876  0.0140 131.0132
464 528 -0.0885  0.0471 201.6966
496 528 -0.0553  0.0136 57.7483
528 528 -0.0327  0.0014 366.3236
560 528 -0.0276 -0.0049 184.5970
592 528 -0.0276 -0.0343 104.9099
624 528  0.0161 -0.0009 43.3888
656 528  0.0231 -0.0237 76.8469
688 528  0.0367 -0.0189 167.6393
720 528  0.0496 -0.1348 76.4751
752 528  0.0635 -0.1106 242.8697
784 528  0.0606 -0.1199 251.3157
816 528  0.0205 -0.0909 106.3537
848 528 -0.0225 -0.0747 108.0791
880 528 -0.0039 -0.1141 138.5352
912 528 -0.0552 -0.0211 250.5663
944 528 -0.0414  0.0213 154.3583
976 528 -0.0760  0.0685 60.9984
1008 528 -0.1073  0.1027 65.9329
1040 528 -0.0731  0.0669 104.3403
1072 528 -0.1067  0.1143 66.8313
1104 528 -0.1791  0.2232 52.7753
1136 528 -0.2440  0.1675 119.8635
1168 528 -0.0908  0.1771 167.6018
 16 560 -0.5766 -0.1527 34.4128
 48 560 -0.6298 -0.7188 105.8662
 80 560 -0.4664 -0.4154 41.6369
112 560 -0.8590 -0.4603 121.9641
144 560 -1.0817 -0.7555 112.1460
176 560 -0.8048 -0.7088 187.0793
208 560 -0.7610 -0.8216 81.3824
240 560 -0.7354 -0.7212 63.9797
272 560 -0.4180 -0.5768 63.9983
304 560 -0.4566 -0.2987 61.9601
336 560 -0.3793 -0.0551 208.3045
368 560 -0.4023 -0.1531 127.5183
400 560 -0.0409 -0.0343 20.2967
432 560 -0.0689 -0.0051 20.6420
464 560 -0.1109  0.0035 187.0219
496 560 -0.1214 -0.0222 98.9468
528 560 -0.0920 -0.0205 123.4853
560 560 -0.0487 -0.0776 135.8955
592 560 -0.0174 -0.0420 200.9458
624 560  0.0761 -0.0641 112.5652
656 560  0.0186 -0.2432 103.1000
688 560  0.0582 -0.0503 72.7125
720 560  0.1215 -0.2189 174.4553
752 560  0.0559 -0.2923 88.9978
784 560  0.0385 -0.2237 78.7346
816 560  0.0380 -0.2592 118.8312
848 560  0.0009 -0.1707 121.4048
880 560  0.0061 -0.0999 93.2763
912 560 -0.0460 -0.0692 98.8192
944 560 -0.1129  0.0354 103.4880
976 560 -0.0857  0.0717 197.7144
1008 560 -0.1587  0.1598 142.1104
1040 560 -0.0560  0.1328 35.5609
1072 560 -0.2350  0.1515 142.5276
1104 560 -0.1017  0.1204 146.9965
1136 560 -0.2373  0.1775 118.7256
1168 560 -0.1316  0.1405 115.7640
 16 592 -0.3292 -0.1426 31.7955
 48 592 -0.2520 -0.0898 33.3068
 80 592 -0.7415 -0.5067 172.7407
112 592 -0.5945 -0.3304 146.7350
144 592 -0.6652 -0.4818 83.9287
176 592 -0.9228 -0.8742 137.0773
208 592 -0.8727 -0.8947 149.8316
240 592 -1.1832 -0.5645 145.6979
272 592 -0.4771 -0.4168 128.3382
304 592 -0.6283 -0.6394 46.4360
336 592 -0.7540 -0.3478 172.6433
368 592 -0.2890 -0.1231 103.9126
400 592 -0.2961 -0.0993 98.7672
432 592 -0.1979 -0.0373 134.9479
464 592 -0.3150 -0.0139 107.5316
496 592 -0.2226 -0.0267 134.2984
528 592 -0.1538 -0.1023 159.7883
560 592 -0.1016 -0.1064 133.8944
592 592  0.0032 -0.1889 128.9618
624 592  0.0105 -0.1818 176.4754
656 592  0.1246 -0.1386 141.6686
688 592  0.1487 -0.1609 49.9660
720 592  0.0964 -0.2274 121.4546
752 592  0.1381 -0.0694 210.3235
784 592  0.0242 -0.4148 99.2903
816 592  0.0292 -0.1576 187.1985
848 592 -0.0333 -0.1797 109.2375
880 592 -0.0023 -0.1041 104.6459
912 592 -0.0483 -0.0382 104.9362
944 592 -0.0465  0.0201 99.4458
976 592 -0.1202  0.0768 134.7554
1008 592 -0.1718  0.0911 78.8447
1040 592 -0.1928  0.1409 156.2099
1072 592 -0.0646  0.2223 75.5956
1104 592 -0.1852  0.1053 144.2643
1136 592 -0.2702  0.0975 92.8276
1168 592 -0.3613  0.1097 96.3407
 16 624 -0.3072 -0.0472 40.4546
 48 624 -0.1619 -0.3000 10.8225
 80 624 -0.5974 -0.3872 115.1504
112 624 -0.8125 -0.2838 79.4805
144 624 -0.9063 -0.6367 41.8478
176 624 -1.0576 -1.0008 28.1489
208 624 -0.9955 -0.7358 75.9132
240 624 -0.8317 -0.4328 13.6607
272 624 -0.4392 -0.4012 52.9392
304 624 -0.8216 -0.5048 164.3732
336 624 -0.5599 -0.3324 27.5398
368 624 -0.5232 -0.1144 106.7515
400 624 -0.7758 -0.1258 110.3851
432 624 -0.5151 -0.0110 154.0668
464 624 -0.4394 -0.0426 145.5542
496 624 -0.2683 -0.0511 133.8140
528 624 -0.2907 -0.0894 68.3782
560 624 -0.1878 -0.2828 115.2119
592 624 -0.0663 -0.2330 142.4500
624 624 -0.1062 -0.1984 92.7089
656 624  0.0968 -0.2398 259.2476
688 624  0.1873 -0.2828 141.6307
720 624  0.0138 -0.2367 183.2405
752 624  0.0112 -0.4227 239.5181
784 624  0.0170 -0.3451 112.1141
816 624 -0.1237 -0.3939 99.0384
848 624 -0.0514 -0.2689 128.4984
880 624 -0.0402 -0.3119 111.3687
912 624 -0.1402 -0.1334 115.3660
944 624 -0.1115 -0.0439 141.7154
976 624 -0.1318 -0.0459 61.9941
1008 624 -0.1604  0.1103 115.0843
1040 624 -0.1646  0.1616 92.4383
1072 624 -0.0968  0.0768 311.6251
1104 624 -0.2271  0.1384 90.5288
1136 624 -0.2036  0.1554 60.6117
1168 624 -0.2021  0.2045 86.4919
 16 656 -0.0738 -0.0964 106.9072
 48 656 -0.1891 -0.1812 60.3233
 80 656 -1.2753 -0.6038 71.5916
112 656 -0.6127 -0.6585 132.5633
144 656 -0.6111 -0.6095 202.6551
176 656 -0.7066 -0.7535 50.5058
208 656 -0.9070 -0.7789 107.2767
240 656 -1.1036 -0.9191 153.1236
272 656 -0.9666 -0.7183 34.3745
304 656 -0.9456 -0.7037 64.9898
336 656 -0.7841 -0.3413 132.8969
368 656 -1.0401 -0.1946 129.1766
400 656 -0.5859 -0.2517 84.2432
432 656 -0.7673  0.0282 155.5210
464 656 -0.6159 -0.0196 84.1876
496 656 -0.6312 -0.0407 144.6720
528 656 -0.3300 -0.3048 50.4132
560 656 -0.2237 -0.2252 38.8984
592 656 -0.3104 -0.4352 126.6625
624 656  0.0943 -0.2559 96.9520
656 656  0.1985 -0.5112 143.2272
688 656  0.1427 -0.4977 97.6963
720 656  0.0631 -0.2965 106.2710
752 656 -0.0568 -0.5261 64.4929
784 656  0.0068 -0.7871 171.4666
816 656  0.1083 -0.5336 42.2468
848 656 -0.0756 -0.4148 162.7228
880 656 -0.0368 -0.2195 95.5813
912 656 -0.1014 -0.3321 90.2273
944 656 -0.1669 -0.0929 73.7057
976 656 -0.1458 -0.0496 31.1749
1008 656 -0.2042  0.0534 87.1438
1040 656 -0.2744  0.1010 44.4576
1072 656 -0.2781  0.1674 74.8389
1104 656 -0.1967  0.1418 65.4303
1136 656 -0.1382  0.0618 89.5947
1168 656 -0.3500  0.1413 46.8393
 16 688 -0.1032 -0.2023 24.1358
 48 688 -0.0862 -0.0906 75.7250
 80 688 -0.1962 -0.2090 214.1853
112 688 -0.3245 -0.1289 50.9109
144 688 -1.0007 -0.8341 114.5095
176 688 -0.9621 -0.6749 108.6035
208 688 -1.2185 -0.8401 44.5093
240 688 -1.0883 -0.6575 24.3084
272 688 -0.8620 -0.6218 74.0245
304 688 -0.9334 -0.7169 146.8249
336 688 -0.7829 -0.4138 149.4908
368 688 -0.7663 -0.1983 193.3156
400 688 -0.6346 -0.2762 122.4634
432 688 -0.4427 -0.2631 44.0218
464 688 -0.1556 -0.0298 205.1377
496 688 -0.3970 -0.1480 176.2990
528 688 -0.0585 -0.4979 57.4949
560 688 -0.2520 -0.1008 114.5470
592 688 -0.2458 -0.1353 115.3214
624 688 -0.0082 -0.4694 47.7360
656 688 -0.0110 -0.3929 52.8988
688 688 -0.1679 -0.3334 126.9802
720 688 -0.2501 -0.1573 41.9074
752 688 -0.1635 -0.6454 63.9325
784 688  0.0138 -0.6368 56.2857
816 688 -0.0834 -0.2629 119.5014
848 688 -0.2699 -0.1250 47.4188
880 688 -0.1386 -0.4467 105.5827
912 688 -0.0768 -0.4832 131.9268
944 688 -0.1006 -0.1829 122.9913
976 688 -0.1358 -0.1152 78.1718
1008 688 -0.2013  0.0163 81.9314
1040 688 -0.2879  0.0567 87.6056
1072 688 -0.2361 -0.0109 46.2556
1104 688 -0.3025  0.2042 106.4192
1136 688 -0.2299  0.0959 97.5702
1168 688 -0.3186  0.0769 182.0058
 16 720 -0.0701 -0.0253 73.8657
 48 720 -0.1584 -0.0665 163.9935
 80 720 -0.1392 -0.1317 257.8951
112 720 -0.2774 -0.1732 145.3804
144 720 -0.2433 -0.1752 80.9648
176 720 -0.4883 -0.3716 177.6251
208 720 -0.9139 -0.6688 157.6297
240 720 -0.4084 -0.2741 57.9158
272 720 -0.1726 -0.1458 11.6563
304 720 -0.2510 -0.2023 140.9491
336 720 -0.2498 -0.2255 120.6699
368 720 -0.3879 -0.2297 121.4410
400 720 -0.1794 -0.0978 79.2646
432 720  0.1407  0.2258 158.4041
464 720 -0.2198 -0.0630 219.3466
496 720 -0.3628 -0.0556 119.0494
528 720 -0.2957 -0.1151 138.9032
560 720 -0.1818 -0.2123 13.6892
592 720 -0.0766 -0.4636 22.6904
624 720 -0.0346 -0.4056 130.8765
656 720 -0.0551 -0.2740 120.3892
688 720 -0.0864  0.1103 51.1093
720 720 -0.2395  0.1301 12.1942
752 720 -0.1737  0.0690 18.9612
784 720 -0.0042 -0.4479 22.3594
816 720 -0.0999  0.0576 22.9233
848 720 -0.0759 -0.0040  5.4032
880 720 -0.0851 -0.1031 53.1353
912 720 -0.0489 -0.4648 54.6854
944 720 -0.0999 -0.1400 84.4918
976 720 -0.1659 -0.0471 130.6816
1008 720 -0.1869 -0.0650 110.3201
1040 720 -0.4697  0.0375 40.9558
1072 720 -0.2461  0.0788 57.9277
1104 720 -0.2983  0.1027 59.1718
1136 720 -0.3364  0.0954 127.6994
1168 720 -0.2242  0.0419 38.7345
 16 752 -0.0141 -0.0078 21.4093
 48 752 -0.0616 -0.0504 105.8669
 80 752 -0.0300 -0.0356 256.2027
112 752 -0.2231 -0.1072 112.6803
144 752 -0.5161 -0.0876 291.4580
176 752 -0.2306 -0.2770 119.1715
208 752  0.0472 -0.1940 106.6486
240 752 -0.0207 -0.1689 132.7101
272 752 -0.1170 -0.1543 386.8740
304 752 -0.3023 -0.2687 128.5689
336 752 -0.4031 -0.3348 241.7025
368 752 -0.0140 -0.0929 114.2769
400 752  0.4186  0.1500 120.3289
432 752  0.2144  0.0916 103.9970
464 752  0.0526 -0.0003 284.0134
496 752 -0.0059 -0.0530 142.3468
528 752  0.1845 -0.0848 23.5363
560 752  0.6804 -0.0095  8.9099
592 752  0.2405  0.3776 10.5344
624 752 -0.0750  0.0563  9.0946
656 752 -0.0461  0.0280 17.8586
688 752 -0.0207  0.1092  6.1997
720 752 -0.0184  0.0512  4.7107
752 752 -0.1171  0.0402  7.1655
784 752 -0.0582  0.0160 17.5322
816 752 -0.0063  0.0110  5.2696
880 752 -0.0603 -0.0813 17.8285
912 752  0.0068 -0.5017 60.8816
944 752 -0.1092 -0.1683 89.9036
976 752 -0.2807 -0.0476 80.6694
1008 752 -0.2258 -0.0306 114.0711
1040 752 -0.3865  0.0856 154.3537
1072 752 -0.3491  0.0260 85.5805
1104 752 -0.2799  0.0167 57.1348
1136 752 -0.4237  0.0208 185.6476
1168 752 -0.2538  0.0937 80.1160
 16 784  0.0114 -0.0149 72.0560
 48 784  0.0067 -0.0633 61.9326
 80 784 -0.0531 -0.0232 406.8290
112 784 -0.0582 -0.1120 215.8404
144 784 -0.1994 -0.1716 122.8730
176 784 -0.3043 -0.4397 71.9135
208 784 -0.1895 -0.5935 45.8634
240 784 -0.1737 -0.4245 93.3113
272 784 -0.1625 -0.3027 48.5788
304 784 -0.0762 -0.3245 177.2108
336 784 -0.0341 -0.1835 155.0922
368 784  0.3521 -0.0485 137.8906
400 784  0.2075 -0.0440 121.1096
432 784  0.0785 -0.0203 126.1025
464 784 -0.0485 -0.0849 91.3726
496 784 -0.1000 -0.0725 30.1531
528 784  0.0732  0.0154 15.3443
560 784  0.2553  0.1830  9.0006
592 784  0.1415  0.1427 35.4828
624 784 -0.0341  0.0312 23.3698
656 784 -0.0186  0.0522  7.8537
688 784 -0.0355  0.0445 10.8639
720 784 -0.0087  0.0187  4.3986
752 784 -0.0131  0.0424  4.6969
784 784 -0.0079  0.0248  4.9282
816 784 -0.0156  0.0108  4.5150
848 784  0.0028  0.0034  4.2971
880 784 -0.0612 -0.0701 15.9456
912 784 -0.0453 -0.0421 23.5725
944 784 -0.0718 -0.0156 16.2296
976 784 -0.2136 -0.2678 72.6923
1008 784 -0.2103 -0.1475 138.6428
1040 784 -0.3163 -0.1309 177.1604
1072 784 -0.2602 -0.0753 40.0008
1104 784 -0.3125 -0.0856 118.3526
1136 784 -0.1729  0.0164 84.1058
1168 784 -0.2231 -0.0399 81.9671
 16 816  0.0240 -0.0285 84.4881
 48 816  0.0293 -0.0203 15.4084
 80 816  0.0342 -0.0597 246.5260
112 816  0.0106 -0.0717 93.9851
144 816  0.0380 -0.1912 131.7325
176 816  0.0246 -0.2127 234.1911
208 816 -0.1239 -0.5304 203.1949
240 816 -0.0329 -0.4296 122.2738
272 816  0.0123 -0.6022 27.6980
304 816  0.0232 -0.1087 12.9097
336 816  0.2196 -0.1899 34.7387
368 816  0.6214 -0.0575 73.7030
400 816  0.2711 -0.0851 77.6815
432 816  0.1046 -0.1059 19.9076
464 816  0.0243  0.0225 37.2802
496 816  0.0451 -0.0136 13.3638
528 816  0.0836  0.0094  6.5377
560 816  0.1104  0.0999  8.7312
592 816  0.0696  0.0351 19.2352
624 816 -0.0118  0.0887  9.4357
656 816 -0.0040  0.0253 11.9568
688 816 -0.0770  0.1019  8.6059
720 816 -0.0100  0.0253  8.8675
752 816 -0.0077  0.0087  6.5254
784 816 -0.0456  0.0298  5.7526
816 816 -0.0451  0.0259  6.2000
848 816 -0.0164 -0.0124  4.3533
880 816 -0.0245 -0.0217  8.2232
912 816 -0.0072 -0.0081  4.0837
944 816 -0.0525  0.0073  4.9697
976 816 -0.0454 -0.1008 35.6286
1008 816 -0.1476 -0.1555 68.4681
1040 816 -0.0865 -0.2471 40.1442
1072 816 -0.2301 -0.1353 53.1311
1104 816 -0.1262 -0.0261 88.8017
1136 816 -0.3943 -0.0070 41.5409
1168 816 -0.2702 -0.0941 58.3688
 16 848  0.0334 -0.0140 18.9575
 48 848  0.0478 -0.0113 53.6351
 80 848  0.0435 -0.0443 14.6792
112 848  0.0956 -0.0664 105.0440
144 848  0.0856 -0.0836 284.3177
176 848  0.1998 -0.2837 205.1426
208 848  0.1427 -0.4482 177.5946
240 848  0.0584 -0.3202 247.6522
272 848  0.3561 -0.2939 25.8962
304 848  0.5927 -0.0773 153.3248
336 848  0.7827 -0.3051 42.1206
368 848  0.9849 -0.1265 200.3433
400 848  0.4845 -0.2218 59.3481
432 848  0.2820 -0.0114 119.0923
464 848  0.3672 -0.0476 13.4694
496 848  0.0347  0.0036 15.7116
528 848  0.0711  0.0617  5.0153
560 848  0.0401  0.0640 51.2835
592 848  0.0427  0.2683 53.8909
624 848  0.0092  0.1105 43.6240
656 848 -0.0134  0.0191 27.7922
688 848 -0.0209  0.0229  9.8573
720 848 -0.0135  0.0882  6.1053
752 848 -0.0396  0.0327  4.6520
784 848 -0.0196  0.0512  7.0640
816 848 -0.0337 -0.0181  9.2701
848 848  0.0297 -0.0137  5.0645
880 848 -0.0054 -0.0028  5.2727
944 848 -0.0225 -0.0221  5.3193
976 848 -0.0177 -0.0126 46.6504
1008 848 -0.0852 -0.2187 152.0827
1040 848 -0.2097 -0.1628 130.3103
1072 848 -0.1380 -0.1457 107.1090
1104 848 -0.2776 -0.0741 177.0422
1136 848 -0.1838 -0.1570 145.4683
1168 848 -0.1581 -0.1643 108.2637
 16 880  0.0367 -0.0003 35.6774
 48 880  0.0310 -0.0012 35.9439
 80 880  0.1191 -0.0682 168.0327
112 880  0.3482 -0.0122 192.7169
144 880  0.0825 -0.1402 263.7663
176 880  0.1677 -0.1887 188.5075
208 880  0.1124 -0.3746 292.7412
240 880  0.1409 -0.3198 193.8961
272 880  0.2550 -0.6795 31.0652
304 880  0.4465 -0.3512 72.4287
336 880  1.0054 -0.4492 79.0951
368 880  0.5060 -0.3883 140.9316
400 880  0.2140 -0.2357 51.4597
432 880  0.3475 -0.1346 38.6601
464 880  0.7716  0.1672 28.6553
496 880 -0.0018 -0.0051  5.7263
528 880  0.0435  0.0205  8.7944
560 880  0.0480  0.0353 53.4745
592 880 -0.0050  0.1146 49.2461
624 880  0.0143  0.0970 71.5084
656 880 -0.0179  0.1079 70.2352
688 880 -0.0148  0.1039 13.5617
720 880 -0.0018  0.0052 14.1269
752 880  0.0049  0.0210  4.3224
784 880  0.0003 -0.0045  7.2595
816 880  0.0592 -0.0996  5.3957
848 880  0.0074  0.0407  4.5163
880 880 -0.0484 -0.0439  5.4479
912 880 -0.0041 -0.0221  9.0598
944 880 -0.0302 -0.0256 43.1966
976 880  0.0030 -0.0603 45.4509
1008 880 -0.0393 -0.1594 70.7870
1040 880 -0.1931 -0.2046 95.2926
1072 880 -0.1110 -0.2513 141.9699
1104 880 -0.2249 -0.1380 131.7138
1136 880 -0.1325 -0.1070 72.7202
1168 880 -0.1323  0.0007 81.4761
 16 912  0.0675  0.0032 165.8548
 48 912 -0.0097 -0.0094 13.1697
 80 912  0.0631 -0.0902 316.0139
112 912  0.1584 -0.0241 120.0454
144 912  0.1278 -0.1957 210.0516
176 912  0.2246 -0.0789 268.0351
208 912  0.0727 -0.1880 20.7011
240 912  0.1434 -0.1428 151.7906
272 912  0.3280 -0.5522 145.5184
304 912  0.3513 -0.3417 32.2801
336 912  0.4927 -0.3446 47.7232
368 912  0.9683 -0.3837 22.1388
400 912  0.4796 -0.4788 43.1699
432 912  0.0611  0.0107 18.1547
464 912  0.0067 -0.0070  9.2091
496 912  0.0745 -0.0575  4.0554
528 912 -0.0010  0.0010  4.8639
560 912  0.0372 -0.0361 11.8157
592 912  0.0096 -0.1077 13.6877
624 912  0.0842 -0.0641 21.1396
656 912 -0.0207  0.0558 44.1157
688 912 -0.0805  0.1282 39.8358
720 912  0.0149  0.0017  9.8603
752 912 -0.0406  0.0181  5.0846
784 912  0.0096  0.0228  9.4071
816 912  0.0312  0.0321  5.0039
880 912  0.0066  0.0289  6.9449
912 912  0.0253 -0.0292  8.1826
944 912 -0.0083 -0.0112  7.4811
976 912 -0.0250 -0.0319 11.0374
1008 912 -0.0358 -0.0457 51.0950
1040 912 -0.0846 -0.0173 127.6838
1072 912 -0.0795 -0.0556 53.9121
1104 912 -0.1280 -0.1216 38.7767
1136 912 -0.3542  0.0068 150.7323
1168 912 -0.3031 -0.1121 103.2909
 16 944  0.0123 -0.0517 22.0059
 48 944  0.0696  0.0000 40.5337
 80 944  0.3612 -0.0440 121.0058
112 944  0.0703 -0.0627 223.7914
144 944  0.1273  0.0452 207.1860
176 944  0.2106 -0.1512 266.5955
208 944  0.0968 -0.1437 64.5725
240 944  0.3096 -0.5097 126.3479
272 944  0.0791 -0.3030 59.1534
304 944  0.2407 -0.2898 109.6570
336 944  0.5422 -0.3240 69.9660
368 944  0.2606 -0.0942 56.9801
400 944 -0.0004  0.1299 13.8640
432 944 -0.0041 -0.0138 14.2210
464 944  0.0850  0.0306  5.5270
496 944  0.0051 -0.0124  8.0309
528 944  0.0069 -0.0069  4.6710
624 944  0.1617 -0.4136  4.9611
656 944  0.0935 -0.1812  8.7399
688 944  0.0163 -0.0412 19.7715
720 944  0.0171  0.0076  6.4420
752 944 -0.0010  0.0009  4.9457
784 944  0.0809  0.1044  4.9948
816 944 -0.0141 -0.0019  4.8751
848 944  0.0018 -0.0154  8.1247
880 944  0.0379  0.0011  8.0470
912 944  0.0209  0.0009  8.8530
944 944  0.0235 -0.0249 11.5726
976 944  0.0041 -0.0233  5.9218
1008 944 -0.0151 -0.0366  6.0691
1040 944  0.0026 -0.0763 70.1758
1072 944 -0.0848 -0.0287 122.4383
1104 944 -0.0829 -0.1418 156.3912
1136 944 -0.0741 -0.1067 115.4936
1168 944 -0.0333 -0.0229 110.7950
 16 976  0.0709 -0.0114 36.6205
 48 976  0.0550  0.0007 22.5039
 80 976  0.0759 -0.1219 178.9509
112 976  0.0762 -0.2464 351.9624
144 976  0.0929 -0.1456 241.8277
176 976  0.1013 -0.0967 124.3945
208 976  0.1303 -0.1554 183.7556
240 976  0.2024 -0.3109 69.5477
272 976  0.1357 -0.3198 50.8913
304 976  0.0439 -0.1765 125.7042
336 976  0.0187 -0.1129 94.9124
368 976  0.0054 -0.0114 25.0805
400 976  0.0084 -0.0022 12.0001
432 976  0.0371  0.0084  7.5492
464 976  0.0076  0.0109 21.4464
496 976 -0.0039  0.0121 26.7556
528 976 -0.1226  0.0451 11.8627
688 976  0.0509 -0.0209  5.6887
720 976  0.0320  0.0332  4.5664
784 976  0.0231  0.0154  4.3310
816 976  0.0241  0.0167 13.8836
848 976 -0.0141  0.0052 18.5879
880 976  0.0181 -0.0080  7.9725
912 976  0.0055 -0.0165 10.7041
944 976  0.0955 -0.0904  7.6354
976 976  0.0275 -0.0396 11.8028
1008 976  0.0290 -0.0201  9.6409
1040 976  0.0379 -0.0799 19.5210
1072 976 -0.0605 -0.0040 93.8645
1104 976 -0.0774 -0.0283 130.9007
1136 976 -0.1678 -0.0672 55.7744
1168 976 -0.1673  0.0030 120.3329
 16 1008  0.0740 -0.0131 40.4031
 48 1008  0.0660 -0.0286 57.9715
 80 1008  0.1346 -0.0596 34.1553
112 1008  0.0820 -0.0051 175.1559
144 1008  0.0414 -0.2054 244.5479
176 1008  0.1438 -0.1824 160.5286
208 1008  0.1105 -0.3922 70.1830
240 1008  0.0705 -0.6036 40.8830
272 1008 -0.0058 -0.3579 88.1420
304 1008 -0.0114 -0.3332 59.4033
336 1008 -0.0321 -0.0415 22.5107
368 1008  0.0090  0.0275 10.6013
400 1008  0.0328  0.0261  9.0064
432 1008 -0.0086 -0.0065 17.5073
464 1008  0.0100 -0.0171 103.3134
496 1008 -0.0025 -0.0218 18.8907
528 1008 -0.0510 -0.0892 10.1666
560 1008 -0.1084  0.1094  5.6270
752 1008  0.0003  0.0279  4.0837
784 1008  0.0096 -0.0008  6.2725
816 1008  0.0009  0.0010 24.0416
848 1008 -0.0501  0.0080 24.4756
880 1008 -0.0060  0.0007 13.4753
912 1008 -0.0003 -0.0118 10.7690
944 1008  0.0052  0.0106 15.1978
976 1008 -0.0181  0.0198  8.1837
1008 1008  0.0005  0.0034 12.2937
1040 1008 -0.0161 -0.0109 37.8764
1072 1008 -0.0642  0.0193 111.6579
1104 1008 -0.0761 -0.0771 178.0880
1136 1008 -0.1217 -0.0604 94.3058
1168 1008 -0.1707 -0.1133 91.0280
 16 1040  0.0368 -0.0264 23.8992
 48 1040  0.1834 -0.0840 154.3532
 80 1040  0.1098 -0.0429 168.2832
112 1040  0.0413 -0.0330 316.5825
144 1040  0.0771 -0.0706 107.3902
176 1040  0.0731 -0.1300 168.3971
208 1040  0.0711 -0.1392 167.2855
240 1040  0.0156 -0.2422 29.1175
272 1040  0.0333 -0.2911 153.1560
304 1040  0.0234 -0.1318 174.7330
336 1040 -0.0120 -0.0873 30.0090
368 1040  0.0238  0.0025 12.3216
400 1040  0.0144 -0.0025 44.4809
432 1040  0.0493  0.0019 17.9403
464 1040  0.0010 -0.0246 165.1870
496 1040  0.0167 -0.0325 93.8419
528 1040 -0.0917  0.0714 11.1385
560 1040 -0.0419  0.0040 13.7758
592 1040  0.0643  0.0321  5.0234
752 1040  0.0068  0.0017  5.5547
784 1040  0.0221  0.0095 14.9695
816 1040  0.0019  0.0045 25.5097
848 1040 -0.0639 -0.0090 21.9669
880 1040 -0.0155 -0.0144 14.3954
912 1040 -0.0509  0.0040 16.6753
944 1040 -0.0243 -0.0168 24.6165
976 1040 -0.0149 -0.0082 63.1753
1008 1040  0.0660 -0.0005 14.1454
1040 1040 -0.0653  0.0012 45.5462
1072 1040 -0.0722 -0.0252 107.2275
1104 1040 -0.0829 -0.0754 64.3683
1136 1040 -0.0685 -0.0823 109.0786
1168 1040 -0.1038 -0.1472 68.6839
 16 1072  0.0522 -0.0162 45.5489
 48 1072  0.1019  0.0090 101.4204
 80 1072  0.0572 -0.0357 87.2554
112 1072  0.0186 -0.0223 31.9126
144 1072  0.0803 -0.0809 66.6230
176 1072  0.0625 -0.0516 336.0580
208 1072  0.0409 -0.0940 31.1675
240 1072  0.0302 -0.1185 94.2060
272 1072  0.0221 -0.1456 54.3056
304 1072  0.0033 -0.1831 182.6809
336 1072 -0.0607 -0.1012 183.1626
368 1072 -0.0477 -0.0401 126.7498
400 1072 -0.0064 -0.0302 73.2645
432 1072  0.0107 -0.0415 233.0443
464 1072  0.0224 -0.0487 37.0312
496 1072  0.0280 -0.0320 29.0258
528 1072 -0.0150  0.0045 31.6883
560 1072 -0.0619  0.0256 13.3323
592 1072 -0.0079 -0.0097 11.0291
624 1072  0.1817  0.2600  5.5170
656 1072  0.1238  0.1898  9.2639
688 1072  0.3590  0.0622  5.4224
752 1072 -0.0032  0.0032  4.2270
784 1072 -0.0061  0.0127  7.0171
816 1072 -0.0182  0.0101 11.6410
848 1072 -0.0049  0.0083 37.5529
880 1072 -0.0126 -0.0005 19.6939
912 1072 -0.0191  0.0201 25.8395
944 1072 -0.0038  0.0112 62.7051
976 1072 -0.0487 -0.0109 31.0701
1008 1072 -0.0322 -0.0018 38.8049
1040 1072 -0.0410 -0.0037 165.1526
1072 1072 -0.0374  0.0142 22.5808
1104 1072 -0.0336  0.0057 231.4847
1136 1072 -0.0386 -0.0538 51.6552
1168 1072 -0.0846 -0.0752 47.7502
 16 1104  0.2366 -0.0234 88.0996
 48 1104  0.0070 -0.0180 35.2108
 80 1104  0.0711 -0.1123 53.2109
112 1104  0.2033 -0.0787 76.4395
144 1104  0.0175 -0.0362 117.6008
176 1104  0.0464 -0.1254 275.4980
208 1104  0.0349 -0.0806 102.7857
240 1104  0.1413 -0.1194 105.9996
272 1104  0.0239 -0.0761 110.2314
304 1104  0.0482 -0.1014 147.1131
336 1104 -0.0082 -0.0836 228.4086
368 1104  0.0177 -0.1188 149.3054
400 1104  0.0001 -0.0500 143.0235
432 1104  0.0234 -0.0459 246.6557
464 1104  0.0186 -0.0630 39.0366
496 1104  0.0099 -0.0199 15.0243
528 1104  0.0293 -0.0429 18.3403
560 1104 -0.0083  0.0422 15.8810
592 1104  0.0680  0.0682 10.9639
624 1104  0.0260  0.0081 15.4965
656 1104 -0.0392 -0.0262 11.3665
688 1104  0.0708 -0.0158  7.2627
720 1104 -0.0138  0.0086  4.2052
848 1104  0.0132  0.0196  5.3905
880 1104  0.0249  0.0178  8.0194
912 1104 -0.0090  0.0060 11.5690
944 1104  0.0052  0.0074 14.7929
976 1104  0.0058 -0.0004  9.2321
1008 1104  0.0051 -0.0155 20.2189
1040 1104  0.0102 -0.0093 26.8011
1072 1104 -0.0205 -0.0025 16.6468
1104 1104 -0.0414 -0.0277 19.8914
1136 1104 -0.0088 -0.0132 18.8734
1168 1104 -0.0567 -0.0473 31.6053
 16 1136  0.0380  0.0071 17.6629
 48 1136  0.0479  0.0068 25.2171
 80 1136  0.1807 -0.0634 142.7579
112 1136  0.0576 -0.0069 78.5232
144 1136  0.0515 -0.0382 100.0096
176 1136  0.0365 -0.0556 241.7261
208 1136  0.0191 -0.0547 185.3573
240 1136  0.0391 -0.1872 228.6097
272 1136  0.0424 -0.1350 50.7527
304 1136  0.0124 -0.0834 91.7208
336 1136  0.0322 -0.1347 144.0400
368 1136  0.0172 -0.0864 187.7218
400 1136  0.0191 -0.0810 81.0787
432 1136 -0.0048 -0.0400 148.0378
464 1136 -0.0028 -0.0286 81.4850
496 1136  0.0311 -0.2902 48.0370
528 1136  0.0034 -0.0153 12.8192
560 1136 -0.0101 -0.0513 18.3725
592 1136 -0.0246 -0.0012 16.3960
624 1136 -0.0168  0.0279 15.6623
656 1136 -0.0113  0.0009 33.2309
688 1136 -0.0120  0.0194 15.3693
720 1136  0.0758 -0.0182 11.6687
752 1136  0.0179 -0.0152  6.9864
784 1136  0.0121 -0.0252  6.1360
816 1136 -0.0044 -0.0487  7.6171
848 1136  0.0469 -0.0130  5.6599
976 1136 -0.0019 -0.0039  4.2700
1008 1136  0.0104  0.0084  5.0486
1040 1136  0.0161 -0.0018  4.6720
1072 1136  0.0018  0.0045  5.1655
1104 1136 -0.0025 -0.0175  7.1429
1136 1136 -0.0107 -0.0027  8.9944
1168 1136 -0.0038  0.0021 17.4251
 16 1168  0.0040 -0.0104 15.1470
 48 1168 -0.0036 -0.0426 15.8457
 80 1168  0.0631 -0.0356 30.4655
112 1168  0.0430 -0.0216 49.0671
144 1168  0.0314 -0.0143 358.6409
176 1168 -0.0457 -0.0869 99.9513
208 1168  0.0417 -0.1171 307.5593
240 1168  0.0363 -0.1069 102.7013
272 1168  0.0342 -0.1829 76.5415
304 1168  0.0105 -0.0528 144.3276
336 1168  0.0604 -0.1448 204.8858
368 1168  0.0280 -0.1083 106.8203
400 1168  0.0437 -0.0940 94.2006
432 1168 -0.0019 -0.0998 32.1867
464 1168  0.0286 -0.0215 174.7750
496 1168 -0.0004 -0.0230 13.9345
528 1168  0.0129 -0.0578 18.1375
560 1168 -0.0051  0.0233 11.4150
592 1168  0.0340  0.0428 13.1179
624 1168  0.0273 -0.0023 11.2735
656 1168  0.0024  0.0019 11.3058
688 1168  0.0175 -0.0135 19.2156
720 1168  0.0100 -0.0064 11.9229
752 1168  0.0511 -0.0035 15.1951
784 1168  0.0253 -0.0057 11.8507
816 1168 -0.0043  0.0027 13.2820
848 1168  0.0263  0.0020 14.0168
880 1168  0.0252 -0.0131 12.4559
912 1168  0.0227 -0.0099  7.9984
944 1168  0.0275 -0.0319  4.7869
1136 1168  0.0192 -0.0082  4.4247
1168 1168 -0.0008  0.0077  4.5788
 16 1200  0.0315 -0.0364 15.1288
 48 1200  0.0415 -0.0096 24.9791
 80 1200  0.0324 -0.0002 18.9669
112 1200  0.0146 -0.0265 21.8410
144 1200  0.0515 -0.0488 83.5047
176 1200  0.1024 -0.0698 176.7415
208 1200  0.0078 -0.0475 81.7892
240 1200  0.0861 -0.1223 140.6423
272 1200  0.0130 -0.1350 47.8624
304 1200  0.0337 -0.0672 262.7103
336 1200  0.0271 -0.1244 256.3499
368 1200  0.0361 -0.1148 233.7347
400 1200  0.0575 -0.0790 235.4960
432 1200  0.0316 -0.0944 111.4655
464 1200  0.0355 -0.0648 20.6952
496 1200  0.0078 -0.0004 23.8544
528 1200  0.0086 -0.0007 12.7929
560 1200 -0.0368 -0.0428 11.0098
592 1200 -0.0010 -0.0069 19.5775
624 1200 -0.0331 -0.0208 49.6567
656 1200  0.0769  0.0863 42.1996
688 1200 -0.0177 -0.0348 12.7426
720 1200  0.0083  0.0228 16.7893
752 1200  0.0221  0.0149 16.3573
784 1200  0.0217  0.0483 10.7945
816 1200 -0.0231  0.0243 11.1061
848 1200  0.0535  0.0037 11.0329
880 1200 -0.0117 -0.0270 12.0551
912 1200  0.0087 -0.0129 13.2320
944 1200  0.0067  0.0236 13.6789
976 1200  0.0030 -0.0065 12.5824
1008 1200  0.0352 -0.0450  9.0287
1040 1200 -0.0316 -0.0616  5.9851
1072 1200  0.0120  0.0601  5.1392
1104 1200  0.0348  0.0734  4.4316
 16 1232  0.0050 -0.0091 12.2171
 48 1232  0.0122  0.0070 25.4722
 80 1232  0.0230 -0.0487 172.8582
112 1232  0.0437 -0.0524 108.0205
144 1232  0.0150 -0.0503 104.4856
176 1232  0.0333 -0.0537 160.7286
208 1232  0.0093 -0.1023 35.1579
240 1232  0.0198 -0.0441 42.0049
272 1232  0.0326 -0.0721 142.3172
304 1232  0.0557 -0.1324 65.5320
336 1232  0.0137 -0.0581 263.5071
368 1232  0.0165 -0.0775 149.5962
400 1232  0.0133 -0.0576 152.4108
432 1232  0.0033 -0.0450 154.5378
464 1232 -0.0230 -0.0250 26.0384
496 1232 -0.0177 -0.0098 28.0559
528 1232  0.0089 -0.0044 12.0644
560 1232 -0.0224 -0.0153 23.5033
592 1232  0.0033 -0.0158 17.1430
624 1232 -0.0011  0.0092 12.0894
656 1232 -0.0176  0.0524 13.0805
688 1232 -0.0110  0.0012  9.2728
720 1232 -0.0042 -0.0136 12.0241
752 1232  0.0210  0.0097 18.8570
784 1232  0.0689 -0.0262 14.0422
816 1232  0.0171 -0.0459 23.3679
848 1232  0.0294 -0.0566 11.3833
880 1232  0.0044  0.0256 15.0270
912 1232  0.0189 -0.0048 12.9222
944 1232  0.0041 -0.0193 13.2640
976 1232 -0.0065 -0.0210 12.2465
1008 1232  0.0599 -0.0019 13.9268
1040 1232  0.0153 -0.0233 12.8371
1072 1232 -0.0384  0.0304 11.5193
1104 1232  0.0454  0.0199 12.7326
1136 1232 -0.0304  0.0158 11.3852
1168 1232  0.0107  0.0029 12.5440
 16 1264  0.0293 -0.0189 16.1804
 48 1264  0.0127 -0.0206 28.7965
 80 1264  0.0353 -0.0302 63.6994
112 1264  0.0457 -0.0280 136.0493
144 1264  0.0332 -0.0309 206.5622
176 1264  0.0398 -0.0648 133.3295
208 1264  0.0508 -0.0302 110.7135
240 1264  0.0138 -0.0465 74.7923
272 1264  0.0036 -0.1240 64.6802
304 1264  0.0894 -0.1250 84.8816
336 1264  0.0857 -0.0731 197.9869
368 1264  0.1178 -0.0384 241.1469
400 1264  0.0130 -0.0420 105.5069
432 1264  0.0075 -0.0449 291.4696
464 1264 -0.0090 -0.0334 143.6785
496 1264  0.0484  0.0044 18.6512
528 1264 -0.0068  0.0187 13.1463
560 1264 -0.0457 -0.0410 11.7773
592 1264  0.0222 -0.0213 13.3969
624 1264 -0.0044  0.0028 21.8715
656 1264 -0.0016 -0.0284 15.0214
688 1264  0.0076 -0.0411 11.4623
720 1264 -0.0154 -0.0206 13.0537
752 1264  0.0020  0.0109 21.9103
784 1264  0.0900  0.0011 11.2353
816 1264 -0.0238  0.0300 13.0934
848 1264 -0.0023  0.0183  9.7973
880 1264  0.0336 -0.0207  9.0766
912 1264 -0.0515  0.0470  8.7219
944 1264  0.0294  0.0131 10.9495
976 1264  0.1284  0.0026 10.6124
1008 1264  0.0110  0.0193 10.2262
1040 1264  0.0438  0.0089 10.9716
1072 1264  0.0202 -0.0762 10.2938
1104 1264  0.0370  0.0187 10.0598
1136 1264  0.1740  0.0375  8.5171
1168 1264 -0.0083  0.0055 13.3959
 16 1296  0.0134 -0.0194 15.9423
 48 1296  0.0186 -0.0151 18.8308
 80 1296  0.0555 -0.0059 60.6034
112 1296 -0.0286 -0.0385 18.7894
144 1296 -0.0038 -0.0331 13.6080
176 1296  0.0178 -0.0539 60.1378
208 1296 -0.0058 -0.0444 245.6350
240 1296  0.0005 -0.0378 83.1379
272 1296  0.0178 -0.0701 17.5927
304 1296  0.0195 -0.1400 98.6456
336 1296  0.0308 -0.1201 74.3871
368 1296  0.0371 -0.0713 96.1610
400 1296 -0.0003 -0.0171 151.5678
432 1296  0.0056 -0.0839 39.4257
464 1296 -0.0011 -0.0250 66.6887
496 1296 -0.0003  0.0097 16.6082
528 1296 -0.0470  0.0397 16.2203
560 1296  0.0037 -0.0153 26.4438
592 1296 -0.0263 -0.0221 14.5161
624 1296 -0.0208  0.0006 12.4692
656 1296  0.0036 -0.0086 12.5921
688 1296 -0.0054  0.0181 13.1874
720 1296  0.0066 -0.0255 13.6108
752 1296 -0.0516  0.0277 15.5825
784 1296 -0.0131 -0.0059 10.9975
816 1296  0.0039 -0.0155  9.6403
848 1296  0.0197 -0.0072 12.6307
880 1296  0.0018  0.0365 11.0613
912 1296  0.0439 -0.0109 12.3064
944 1296  0.0219  0.0910 12.1743
976 1296 -0.0143  0.0096 11.0479
1008 1296  0.0440 -0.0278  9.3644
1040 1296  0.0102 -0.0191  8.2434
1072 1296 -0.0350  0.0203  9.7303
1104 1296 -0.0234 -0.0204 10.3694
1136 1296  0.0439  0.0615  9.6867
1168 1296  0.0560  0.0062  9.5385
  0   0  0.0577 -0.0338  0.0000
  0   0  0.0847  0.0118  0.0000
  0   0  0.1396  0.0270  0.0000
  0   0  0.0570  0.0051  0.0000
  0   0  0.0460 -0.0230  0.0000
  0   0  0.0406 -0.0326  0.0000
  0   0  0.0457 -0.0380  0.0000
  0   0 -0.0042 -0.0593  0.0000
  0   0 -0.0080 -0.0661  0.0000
  0   0 -0.0032 -0.0802  0.0000
  0   0 -0.0172 -0.0813  0.0000
  0   0 -0.0162 -0.0872  0.0000
  0   0 -0.0049 -0.1166  0.0000
  0   0  0.0002 -0.1546  0.0000
  0   0  0.0056 -0.1383  0.0000
  0   0  0.0021 -0.0853  0.0000
  0   0 -0.0293 -0.0302  0.0000
  0   0 -0.0534 -0.0318  0.0000
  0   0 -0.0788  0.0128  0.0000
  0   0 -0.1055  0.0584  0.0000
  0   0 -0.0603  0.0646  0.0000
  0   0 -0.0273  0.0139  0.0000
  0   0 -0.0341 -0.0038  0.0000
  0   0 -0.0311  0.0003  0.0000
  0   0 -0.0127  0.0008  0.0000
  0   0 -0.0106  0.0169  0.0000
  0   0 -0.0143  0.0050  0.0000
  0   0 -0.0397  0.0272  0.0000
  0   0 -0.0199  0.0173  0.0000
  0   0 -0.0000  0.0128  0.0000
  0   0  0.0155  0.0193  0.0000
  0   0  0.0129  0.0379  0.0000
  0   0  0.0277  0.0259  0.0000
  0   0  0.0207  0.0607  0.0000
  0   0  0.0022  0.0164  0.0000
  0   0  0.0180 -0.0169  0.0000
  0   0 -0.0040 -0.0204  0.0000
  0   0 -0.0403  0.0010  0.0000
  0   0 -0.0344 -0.0015  0.0000
  0   0  0.0221  0.0371  0.0000
  0   0  0.0555  0.0168  0.0000
  0   0  0.0795 -0.0006  0.0000
  0   0  0.1078  0.0135  0.0000
  0   0  0.1307  0.0172  0.0000
  0   0  0.0990 -0.0000  0.0000
  0   0  0.0795 -0.0253  0.0000
  0   0  0.0634 -0.0449  0.0000
  0   0  0.0473 -0.0622  0.0000
  0   0  0.0130 -0.0834  0.0000
  0   0 -0.0050 -0.0997  0.0000
  0   0 -0.0142 -0.1159  0.0000
  0   0 -0.0251 -0.1269  0.0000
  0   0 -0.0276 -0.1395  0.0000
  0   0 -0.0234 -0.1587  0.0000
  0   0 -0.0215 -0.1716  0.0000
  0   0 -0.0240 -0.1509  0.0000
  0   0 -0.0378 -0.1017  0.0000
  0   0 -0.0700 -0.0462  0.0000
  0   0 -0.1078 -0.0077  0.0000
  0   0 -0.1497  0.0453  0.0000
  0   0 -0.1963  0.1034  0.0000
  0   0 -0.0617  0.0650  0.0000
  0   0 -0.0444  0.0271  0.0000
  0   0 -0.0417  0.0075  0.0000
  0   0 -0.0372  0.0039  0.0000
  0   0 -0.0274  0.0073  0.0000
  0   0 -0.0242  0.0183  0.0000
  0   0 -0.0268  0.0228  0.0000
  0   0 -0.0331  0.0354  0.0000
  0   0 -0.0207  0.0375  0.0000
  0   0 -0.0031  0.0390  0.0000
  0   0  0.0119  0.0437  0.0000
  0   0  0.0177  0.0498  0.0000
  0   0  0.0230  0.0450  0.0000
  0   0  0.0171  0.0459  0.0000
  0   0  0.0030  0.0178  0.0000
  0   0 -0.0050 -0.0083  0.0000
  0   0 -0.0252 -0.0163  0.0000
  0   0 -0.0452 -0.0066  0.0000
  0   0 -0.0355  0.0037  0.0000
  0   0  0.0081  0.0247  0.0000
  0   0  0.0532  0.0245  0.0000
  0   0  0.0933  0.0200  0.0000
  0   0  0.1268  0.0216  0.0000
  0   0  0.1448  0.0161  0.0000
  0   0  0.1334 -0.0022  0.0000
  0   0  0.1133 -0.0285  0.0000
  0   0  0.0880 -0.0557  0.0000
  0   0  0.0588 -0.0827  0.0000
  0   0  0.0243 -0.1102  0.0000
  0   0 -0.0027 -0.1353  0.0000
  0   0 -0.0212 -0.1582  0.0000
  0   0 -0.0338 -0.1774  0.0000
  0   0 -0.0390 -0.1934  0.0000
  0   0 -0.0393 -0.2048  0.0000
  0   0 -0.0414 -0.2026  0.0000
  0   0 -0.0504 -0.1750  0.0000
  0   0 -0.0722 -0.1239  0.0000
  0   0 -0.1097 -0.0612  0.0000
  0   0 -0.1584  0.0019  0.0000
  0   0 -0.2148  0.0715  0.0000
  0   0 -0.2766  0.1450  0.0000
  0   0 -0.0602  0.0560  0.0000
  0   0 -0.0529  0.0275  0.0000
  0   0 -0.0487  0.0085  0.0000
  0   0 -0.0444  0.0027  0.0000
  0   0 -0.0393  0.0083  0.0000
  0   0 -0.0370  0.0213  0.0000
  0   0 -0.0373  0.0352  0.0000
  0   0 -0.0350  0.0490  0.0000
  0   0 -0.0230  0.0585  0.0000
  0   0 -0.0047  0.0648  0.0000
  0   0  0.0130  0.0689  0.0000
  0   0  0.0239  0.0689  0.0000
  0   0  0.0263  0.0609  0.0000
  0   0  0.0177  0.0446  0.0000
  0   0 -0.0010  0.0173  0.0000
  0   0 -0.0250 -0.0085  0.0000
  0   0 -0.0508 -0.0201  0.0000
  0   0 -0.0654 -0.0143  0.0000
  0   0 -0.0519  0.0023  0.0000
  0   0 -0.0074  0.0224  0.0000
  0   0  0.0521  0.0346  0.0000
  0   0  0.1106  0.0386  0.0000
  0   0  0.1558  0.0359  0.0000
  0   0  0.1787  0.0241  0.0000
  0   0  0.1757  0.0015  0.0000
  0   0  0.1528 -0.0297  0.0000
  0   0  0.1169 -0.0653  0.0000
  0   0  0.0744 -0.1023  0.0000
  0   0  0.0312 -0.1389  0.0000
  0   0 -0.0055 -0.1736  0.0000
  0   0 -0.0318 -0.2056  0.0000
  0   0 -0.0470 -0.2333  0.0000
  0   0 -0.0526 -0.2542  0.0000
  0   0 -0.0531 -0.2629  0.0000
  0   0 -0.0557 -0.2522  0.0000
  0   0 -0.0678 -0.2165  0.0000
  0   0 -0.0954 -0.1569  0.0000
  0   0 -0.1409 -0.0808  0.0000
  0   0 -0.2021  0.0038  0.0000
  0   0 -0.2742  0.0931  0.0000
  0   0 -0.3515  0.1845  0.0000
