VARIABLES= "X pix", "Y pix", "U pix/dt", "V pix/dt", "CHC", ZONE I=37, J=41
304  16  0.0164 -0.0272 59.5809
336  16  0.0167 -0.0452 18.9118
368  16  0.0086 -0.0289 24.6753
400  16 -0.0060 -0.0303 88.5845
496  16 -0.0280 -0.0469 89.0435
528  16 -0.0479 -0.0427 39.0095
560  16 -0.0344 -0.0424 40.9600
592  16 -0.0059 -0.0174 50.5679
624  16  0.0546  0.0326 54.6133
656  16  0.0938  0.0886 46.5454
688  16  0.0680  0.0962 273.0666
304  48  0.0633  0.0994 52.5128
336  48  0.1108  0.0911 29.4676
368  48  0.0905  0.0831 110.7027
496  48  0.0645  0.0898 71.8596
528  48  0.0189  0.0441 27.3067
560  48 -0.0733  0.0197 41.3737
592  48 -0.1852  0.0000 113.0530
688  48 -0.1695  0.0485 227.5554
720  48 -0.2293  0.1121 29.2571
752  48 -0.2508  0.1245 36.2478
784  48  0.0124 -0.0262 31.7968
816  48  1.1372 -0.5000 148.4057
304  80  0.8931 -0.3820 49.3494
336  80  0.4107 -0.1634 30.7970
368  80  0.1305 -0.0526 50.5679
400  80 -0.0038 -0.0055 47.0804
432  80 -0.0223  0.0069 43.5745
464  80 -0.0029  0.0115 4095.9939
496  80  0.0528  0.0270 71.8596
528  80  0.0562  0.0571 28.4444
560  80  0.0238  0.0341 46.0225
592  80 -0.0277 -0.0089 38.1160
688  80  0.0060  0.0189 341.3332
720  80 -0.0018 -0.0174 80.3137
752  80 -0.0009 -0.0655 87.1489
784  80  0.0000 -0.0223 71.2548
816  80 -0.0111 -0.0883 147.3381
 16 144 -0.0084 -0.1221 131.8941
 48 144 -0.0500 -0.0589 162.6109
 80 144  0.0096 -0.0355 112.9872
112 144  0.0013 -0.0152 19.8811
144 144  0.0189 -0.0413 98.9275
176 144  0.0235 -0.0047 47.0490
208 144  0.0157 -0.0091 145.4421
240 144  0.0211 -0.0354 177.0560
272 144  0.0127 -0.0017 147.1737
304 144  0.0260  0.0018 92.1873
336 144  0.0185  0.0176 30.8095
368 144  0.0579  0.0390 166.8022
400 144  0.0869  0.0799 203.1775
432 144  0.0434  0.0543 216.7708
464 144  0.0288  0.0578 199.6867
496 144  0.1055  0.0501 187.0986
528 144  0.0507  0.0345 78.4100
560 144  0.0517  0.0705 55.9056
592 144  0.0565  0.0154 91.5372
624 144  0.0515  0.0393 75.7737
656 144  0.0284  0.0290 140.4045
688 144  0.0603  0.0199 110.5784
720 144  0.0245  0.0166 96.3190
752 144  0.0587  0.0189 96.6903
784 144  0.0440  0.0140 40.7488
816 144  0.1112  0.0136 132.7907
848 144  0.0894 -0.0087 181.5840
880 144  0.0354  0.0181 56.7284
912 144  0.0625 -0.0072 167.4849
944 144  0.0259 -0.0029 147.1976
976 144  0.0347  0.0010 87.4818
1008 144  0.0035  0.0156 77.8507
1040 144  0.0579  0.0138 69.2220
1072 144  0.0357  0.0160 130.4485
1104 144  0.0273  0.0069 177.1393
1136 144  0.0079  0.0233 147.1822
1168 144  0.0250  0.0309 132.9311
 16 176 -0.0099 -0.0321 12.3887
 48 176 -0.0017 -0.1357 255.1087
 80 176  0.0229 -0.0752 63.7612
112 176 -0.0093 -0.0702 17.8168
144 176 -0.0012 -0.0348 88.6446
176 176  0.0128 -0.1132 102.0443
208 176  0.0175 -0.0336 249.5509
240 176 -0.0054 -0.0376 360.8508
272 176  0.0236 -0.0135 244.2230
304 176  0.0537  0.0055 244.0394
336 176  0.0138  0.0008 292.9812
368 176  0.0624 -0.0233 259.6072
400 176  0.1012  0.0166 182.4437
432 176  0.0717  0.0615 211.2360
464 176  0.0661  0.0669 109.1893
496 176  0.0621  0.0605 165.8911
528 176  0.0229  0.0396 58.1566
560 176  0.0447  0.0346 84.2942
592 176  0.0539  0.0083 135.1605
624 176  0.0498  0.0145 97.2358
656 176  0.0310  0.0156 250.0316
688 176  0.0483  0.0017 131.5673
720 176  0.0496 -0.0017 94.1864
752 176  0.0746  0.0125 183.5150
784 176  0.0607 -0.0353 120.4199
816 176  0.0409 -0.0013 175.0285
848 176  0.0756 -0.0390 177.8561
880 176  0.0870 -0.0314 78.5736
912 176  0.1037 -0.0030 140.1943
944 176  0.0786 -0.0965 109.8204
976 176  0.0085  0.0329 76.3813
1008 176  0.0757 -0.0013 101.1543
1040 176  0.0318  0.0242 46.3775
1072 176  0.0577  0.0019 135.9065
1104 176  0.0558 -0.0076 21.0562
1136 176  0.0112  0.0514 164.8244
1168 176  0.0347  0.0676 126.0659
 16 208  0.0014 -0.1144 78.4424
 48 208 -0.0462 -0.1038 27.6769
 80 208 -0.0331 -0.0558 283.1607
112 208 -0.0813 -0.0739 186.6775
144 208 -0.0017 -0.0571 246.2974
176 208 -0.0157 -0.0662 220.4757
208 208  0.0133 -0.0186 296.5157
240 208  0.0358 -0.0061 228.0405
272 208  0.0341 -0.0246 201.6551
304 208  0.0399  0.0181 209.2913
336 208  0.0391  0.0438 212.6893
368 208  0.0173  0.0275 272.5568
400 208  0.0428  0.0487 191.6962
432 208  0.0714  0.0447 109.4675
464 208  0.0334  0.0647 409.5197
496 208  0.0256  0.0868 107.1897
528 208  0.0500  0.0685 164.4390
560 208  0.0467  0.0317 122.0657
592 208  0.0331  0.0461 164.5556
624 208  0.0119  0.0689 70.2885
656 208  0.0937  0.0093 122.8369
688 208  0.0448  0.0049 108.7973
720 208  0.1203 -0.0142 150.4937
752 208  0.0401  0.0107 226.1786
784 208  0.0483 -0.0192 256.4722
816 208  0.1016 -0.0097 193.0822
848 208  0.0897 -0.0558 154.1915
880 208  0.0660 -0.0309 293.2587
912 208  0.0261  0.0111 48.0308
944 208  0.0587  0.0043 90.7914
976 208  0.0753 -0.0272 184.0295
1008 208  0.0386 -0.0098 157.7263
1040 208  0.1035 -0.0148 111.7722
1072 208  0.0210  0.0153 131.5326
1104 208  0.0159  0.0391 59.5603
1136 208  0.0097  0.0331 93.0905
1168 208 -0.0026 -0.0022 33.5003
 16 240 -0.0916 -0.0848 82.1547
 48 240 -0.0387 -0.0401 182.4444
 80 240 -0.0212 -0.1001 151.8825
112 240 -0.0755 -0.0812 132.0799
144 240 -0.0306 -0.0707 355.2301
176 240 -0.0329 -0.0665 226.4593
208 240 -0.0298 -0.0310 112.6148
240 240 -0.0025 -0.0277 169.7722
272 240  0.0450 -0.0252 143.0172
304 240  0.0102 -0.0102 314.4959
336 240  0.0171 -0.0014 83.1612
368 240  0.0631  0.0114 290.6375
400 240 -0.0414  0.0173 99.6109
432 240  0.1034  0.0411 232.6430
464 240  0.0992  0.0893 254.3406
496 240  0.0446  0.0428 144.3103
528 240  0.0644  0.0719 151.1615
560 240  0.0349  0.0391 168.6486
592 240  0.0688  0.0329 193.0028
624 240  0.0479  0.0209 94.5200
656 240  0.0860  0.0053 53.0763
688 240  0.0846  0.0304 87.3710
720 240  0.0110  0.0115 142.8220
752 240  0.0611 -0.0043 254.9339
784 240  0.0256 -0.0072 92.6230
816 240  0.0592 -0.0230 166.6800
848 240  0.0773 -0.0365 113.4037
880 240  0.0937 -0.0473 111.7242
912 240  0.0824 -0.0424 63.1794
944 240  0.0797  0.0036 73.9224
976 240  0.0648 -0.0174 84.1814
1008 240  0.0836  0.0045 83.2111
1040 240  0.0312  0.0011 115.3791
1072 240  0.0749  0.0186 133.6864
1104 240  0.0075  0.0392 146.0578
1136 240  0.0002  0.0129 43.0089
1168 240  0.0262 -0.0697 70.8694
 16 272 -0.0816 -0.3032 58.2107
 48 272 -0.1247 -0.1375 203.6830
 80 272 -0.0539 -0.2205 244.3960
112 272 -0.0171 -0.0969 215.8222
144 272 -0.0033 -0.0539 50.2088
176 272 -0.0613 -0.0711 49.2709
208 272 -0.0198 -0.0449 328.8077
240 272  0.0217  0.0000 35.9297
272 272  0.0105 -0.0317 131.7215
304 272  0.0139 -0.0214 192.9343
336 272  0.0225  0.0103 140.2265
368 272  0.0307  0.0219 138.8866
400 272  0.0660  0.0385 304.2539
432 272  0.0438  0.0454 222.5620
464 272  0.0509  0.0581 85.5587
496 272  0.0733  0.1016 185.2624
528 272 -0.0368  0.0543 91.8342
560 272  0.0046  0.0447 46.6088
592 272  0.0724  0.0215 128.0906
624 272  0.0656  0.0210 190.8428
656 272  0.0902 -0.0066 175.3517
688 272  0.0872 -0.0014 89.9907
720 272  0.0502 -0.0244 88.1197
752 272  0.0805 -0.0099 127.3047
784 272  0.0669 -0.0580 127.6536
816 272  0.0688 -0.0133 213.4612
848 272  0.0581 -0.0441 63.4166
880 272  0.0880 -0.0292 83.7442
912 272  0.0211 -0.0345 139.7442
944 272  0.0853 -0.0324 151.2805
976 272  0.0483 -0.0107 212.9007
1008 272  0.0400 -0.0076 168.0149
1040 272  0.0611 -0.0056 109.7588
1072 272  0.0402  0.0035 48.9102
1104 272  0.0328  0.0500 183.0970
1136 272  0.0213  0.0637 39.3618
1168 272 -0.0073  0.0568 16.7959
 16 304 -0.0688 -0.1574 131.3945
 48 304 -0.0797 -0.1581 195.2335
 80 304 -0.2524 -0.2627 151.9839
112 304 -0.0562 -0.2558 190.4995
144 304 -0.0699 -0.2260 83.2189
176 304 -0.0592 -0.0747 94.1454
208 304 -0.0280 -0.0596 278.2800
240 304 -0.0282 -0.1332 115.1055
272 304 -0.0356 -0.0557 35.6791
304 304  0.0107 -0.0567 273.6496
336 304  0.0252  0.0024 76.9422
368 304  0.0294  0.0311 64.6196
400 304  0.0130  0.0330 159.7944
432 304  0.0340  0.0384 329.0881
464 304  0.0459  0.0566 268.3328
496 304  0.0510  0.0476 87.0763
528 304  0.0524  0.0731 162.6012
560 304 -0.0304  0.0049 209.0285
592 304  0.0312 -0.0010 120.2095
624 304  0.0599 -0.0692 390.5691
656 304  0.0376  0.0473 60.9572
688 304  0.0837 -0.0057 100.5363
720 304  0.0811 -0.0078 135.1847
752 304  0.0866 -0.0494 104.3152
784 304  0.0653 -0.0595 143.1945
816 304  0.0606 -0.0453 135.6735
848 304  0.0686 -0.0258 42.5269
880 304  0.0472 -0.0466 158.9034
912 304  0.0803 -0.0575 85.5083
944 304  0.0892 -0.0335 121.9696
976 304  0.0447 -0.0182 182.7035
1008 304  0.0559 -0.0120 54.3660
1040 304  0.0558 -0.0090 135.2435
1072 304  0.0389  0.0269 220.0847
1104 304  0.0530  0.0311 225.1451
1136 304  0.0769  0.0973 122.2684
1168 304  0.0179  0.0904 38.6654
 16 336 -0.0533 -0.0657 24.1562
 48 336 -0.2018 -0.1557 123.4774
 80 336 -0.1572 -0.1752 255.5737
112 336 -0.0912 -0.1979 165.4832
144 336 -0.0536 -0.2740 197.6468
176 336 -0.1632 -0.2239 64.2394
208 336  0.0093 -0.1369 61.4989
240 336 -0.0509 -0.1848 207.2580
272 336 -0.0077 -0.0589 196.7439
304 336  0.0355 -0.0124 86.5702
336 336 -0.0298 -0.0426 173.5413
368 336  0.0379  0.0095 227.0844
400 336  0.0466  0.0657 192.1148
432 336  0.0328  0.0600 151.2453
464 336  0.0182  0.0110 101.8337
496 336 -0.0231 -0.0583 99.5877
528 336  0.0430  0.0537 115.4866
560 336  0.0647  0.0153 180.1110
592 336  0.0355  0.0132 175.4594
624 336  0.0711  0.0259 186.0481
656 336  0.0490  0.0141 140.3037
688 336  0.0596 -0.0170 128.6719
720 336  0.0871 -0.0311 172.1608
752 336  0.0772 -0.0496 247.6659
784 336  0.1393 -0.0526 154.4462
816 336  0.1178 -0.0587 125.9006
848 336  0.1045 -0.0575 173.4474
880 336  0.0933 -0.0448 128.0888
912 336  0.0842 -0.0310 75.1389
944 336  0.1579 -0.1241 193.0731
976 336  0.0894 -0.0273 102.0301
1008 336  0.0702 -0.0198 93.3358
1040 336  0.0276 -0.0018 45.4122
1072 336  0.0456  0.0270 126.3878
1104 336  0.0407  0.0631 206.4488
1136 336  0.0063  0.0418 122.5105
1168 336  0.0039  0.0270 88.2049
 16 368 -0.0482 -0.0993 42.1222
 48 368 -0.0727 -0.2451 262.1951
 80 368 -0.1311 -0.2806 81.0034
112 368 -0.1337 -0.2581 208.8554
144 368 -0.0507 -0.6743 72.5354
176 368 -0.1846 -0.1732 111.5258
208 368 -0.1339 -0.0947 286.3122
240 368 -0.0736 -0.1096 97.8109
272 368 -0.0397 -0.1103 88.5579
304 368 -0.0119 -0.0385 344.0499
336 368  0.0080 -0.0045 246.6033
368 368 -0.0083 -0.0103 213.3750
400 368  0.0163 -0.0094 191.3500
432 368  0.0231  0.0433 224.6820
464 368  0.0404  0.0228 113.1171
496 368  0.0404  0.0320 213.8387
528 368  0.0358  0.0254 153.6940
560 368  0.0176  0.0314 56.6551
592 368  0.0138  0.0288 227.4227
624 368  0.0468 -0.0211 186.2345
656 368  0.0425 -0.0096 108.7685
688 368 -0.0000 -0.0032 103.3925
720 368  0.0733 -0.0353 196.3107
752 368  0.1188 -0.0621 141.1762
784 368  0.1134 -0.0505 153.0125
816 368  0.0900 -0.0679 238.2022
848 368  0.0984 -0.0395 74.2526
880 368  0.1351 -0.0444 110.8713
912 368  0.0925 -0.0552 102.9288
944 368  0.0842 -0.0435 181.9536
976 368  0.0633 -0.0340 66.6873
1008 368  0.0956  0.0179 229.5587
1040 368  0.0541  0.0031 196.4229
1072 368  0.0083  0.0168 108.8677
1104 368  0.0157  0.0440 141.4458
1136 368 -0.0166  0.0621 64.9959
1168 368  0.0060  0.0511 85.6539
 16 400 -0.1210 -0.2852 33.5400
 48 400 -0.1516 -0.1982 74.9077
 80 400 -0.2278 -0.2251 309.0753
112 400 -0.0788 -0.1869 165.6858
144 400 -0.1961 -0.5099 100.1172
176 400 -0.1836 -0.3339 157.4002
208 400 -0.1053 -0.4329 120.8247
240 400 -0.1022 -0.1693 108.2311
272 400 -0.0482 -0.0718 43.4484
304 400 -0.0121 -0.0424 327.0612
336 400 -0.0022 -0.0230 68.9970
368 400 -0.0022 -0.0400 106.6633
400 400  0.0035  0.0021 243.9684
432 400  0.0214  0.0182 135.2180
464 400  0.0152  0.0147 103.5905
496 400  0.0198  0.0108 46.3155
528 400  0.0286  0.0051 181.0987
560 400  0.0370  0.0163 128.3619
592 400  0.0495  0.0094 208.1819
624 400  0.0674 -0.0133 152.8162
656 400  0.0675  0.0208 160.8062
688 400  0.0642 -0.0189 212.8503
720 400  0.0733 -0.0376 127.8971
752 400  0.1017 -0.0775 85.4387
784 400  0.1212 -0.0521 116.3095
816 400  0.1034 -0.0867 108.9039
848 400  0.0290 -0.0990 116.5375
880 400  0.0484 -0.1280 220.5659
912 400  0.1046 -0.0481 87.3505
944 400  0.0890 -0.0163 124.3990
976 400  0.0221  0.0036 85.5183
1008 400  0.0686 -0.0044 89.8906
1040 400  0.0382  0.0046 137.7903
1072 400  0.0211  0.0517 114.3649
1104 400  0.0226  0.0507 144.6343
1136 400 -0.0089  0.0452 117.0892
1168 400 -0.0026  0.0768 106.9826
 16 432 -0.1388 -0.1876 127.8271
 48 432 -0.2515 -0.1955 178.7298
 80 432 -0.1683 -0.2058 177.4325
112 432 -0.3139 -0.3459 69.2845
144 432 -0.3166 -0.2563 165.0882
176 432 -0.1450 -0.4441 290.9681
208 432 -0.1834 -0.3869 276.6698
240 432 -0.1772 -0.2161 231.2953
272 432 -0.0093 -0.2225 245.9984
304 432 -0.0681 -0.1033 201.4096
336 432 -0.0765 -0.0546 83.4918
368 432  0.0261 -0.0790 227.4646
400 432 -0.0089 -0.0273 261.7008
432 432  0.0868  0.0001 158.1169
464 432 -0.0106  0.0640 151.9382
496 432  0.0210  0.0125 95.6832
528 432  0.0502  0.0213 81.8437
560 432  0.0353  0.0045 132.6980
592 432  0.0658 -0.0262 90.5700
624 432  0.0624 -0.0188 223.4397
656 432  0.0666 -0.0687 112.2900
688 432  0.0945 -0.0678 81.2992
720 432  0.0324 -0.0295 43.5444
752 432  0.0979 -0.0587 113.2194
784 432  0.1072 -0.0703 184.0244
816 432  0.0774 -0.1152 44.9052
848 432  0.0738 -0.1050 86.4698
880 432  0.1316 -0.0471 62.6701
912 432  0.1265 -0.0708 90.1878
944 432  0.0800 -0.0436 89.7972
976 432  0.1280 -0.0462 104.0735
1008 432  0.0429  0.0014 91.8497
1040 432  0.0320  0.0135 88.0886
1072 432  0.0396  0.0721 170.8569
1104 432 -0.0083  0.0636 67.4114
1136 432 -0.0039  0.0451 148.8939
1168 432  0.0026  0.0356 130.3083
 16 464 -0.7243 -1.3352 91.1212
 48 464 -0.2441 -0.1852 57.8977
 80 464 -0.1988 -0.3190 151.0376
112 464 -0.2664 -0.4220 232.5045
144 464 -0.4005 -0.3406 159.7685
176 464 -0.1950 -0.2249 336.0591
208 464 -0.2595 -0.1788 57.7963
240 464 -0.0784 -0.0971 383.5743
272 464 -0.0014 -0.1009 22.1076
304 464 -0.1069 -0.0536 331.3248
336 464 -0.0535 -0.1172 228.5473
368 464 -0.0461 -0.0426 211.1579
400 464  0.0045 -0.0426 52.4592
432 464 -0.0041  0.0092 68.6490
464 464 -0.0058  0.0133 166.7294
496 464  0.0358 -0.0482 211.2561
528 464  0.0092  0.0374 150.3275
560 464  0.0220 -0.0212 186.6481
592 464  0.0397 -0.0265 104.2401
624 464  0.0656 -0.0596 141.3963
656 464  0.0463 -0.0651 299.1277
688 464  0.0690 -0.0936 108.6695
720 464 -0.0056 -0.1141 83.1438
752 464  0.0507 -0.1483 138.7465
784 464  0.1082 -0.0860 106.3163
816 464  0.1335 -0.1172 49.6982
848 464  0.0879 -0.0776 29.4290
880 464  0.1441 -0.1080 92.3099
912 464  0.0684 -0.0609 159.5891
944 464  0.0673 -0.0487 35.0261
976 464  0.0333  0.0285 125.3832
1008 464  0.0507  0.0732 73.8479
1040 464  0.0395  0.0117 136.1950
1072 464  0.0209  0.0213 57.7098
1104 464  0.0013  0.0779 171.0552
1136 464  0.0416  0.0226 21.5795
1168 464 -0.0159  0.1209 84.5827
 16 496 -0.2354 -0.1995 35.5902
 48 496 -0.3313 -0.1890 23.4378
 80 496 -0.1115 -0.1843 130.4901
112 496 -0.1556 -0.1997 185.2207
144 496 -0.4179 -0.3283 76.5866
176 496 -0.6485 -0.5416 172.7005
208 496 -0.1980 -0.2949 43.8600
240 496 -0.2386 -0.2792 30.0967
272 496 -0.0341 -0.1656 56.8450
304 496 -0.1618 -0.2642 61.3290
336 496 -0.0765 -0.1243 195.4934
368 496 -0.0807 -0.0711 73.6381
400 496 -0.0345 -0.0324 125.9342
432 496 -0.0275 -0.0040 88.6867
464 496 -0.0258 -0.0252 98.6232
496 496 -0.0228 -0.0348 107.0991
528 496  0.0145 -0.0207 52.8349
560 496  0.0235 -0.0002 121.2665
592 496  0.0673  0.0139 32.4306
624 496  0.0050 -0.1248 192.4860
656 496  0.0920 -0.0658 118.2474
688 496  0.1445 -0.1353 101.1638
720 496  0.1644 -0.0704 142.9420
752 496  0.1315 -0.2998 119.8531
784 496  0.0712 -0.1768 57.7963
816 496  0.1117 -0.1579 34.4935
848 496  0.0973 -0.0556 49.0814
880 496  0.0508 -0.0982 208.0061
912 496  0.0614 -0.1438 137.7322
944 496  0.1150 -0.0545 237.7319
976 496  0.0126  0.0067 277.1028
1008 496  0.0332  0.0261 255.7303
1040 496  0.0712 -0.0337 112.9988
1072 496 -0.0243  0.0747 119.1305
1104 496 -0.0191  0.0912 57.3679
1136 496 -0.0304  0.0983 83.0301
1168 496 -0.0212  0.0446 91.6974
 16 528 -0.3676 -0.1643 62.2329
 48 528 -0.2568 -0.2135 119.6803
 80 528 -0.1992 -0.3638 267.3132
112 528 -0.3099 -0.1052 19.9086
144 528 -0.3362 -0.6236 26.3725
176 528 -0.2688 -0.6947 226.2458
208 528 -0.6205 -0.4562 146.9724
240 528 -0.3040 -0.3103 46.7711
272 528 -0.1030 -0.1593 15.8927
304 528 -0.3672 -0.3482 287.0735
336 528 -0.1554 -0.1640 220.7254
368 528 -0.0688 -0.0852 70.6317
400 528 -0.0382  0.0691 89.1460
432 528 -0.0529 -0.0086 118.9524
464 528 -0.0639 -0.0092 120.6841
496 528 -0.0196  0.0290 157.5473
528 528 -0.0206 -0.0137 265.1425
560 528  0.0128 -0.0622 147.9057
592 528  0.0309 -0.1145 42.2291
624 528  0.0779 -0.1071 248.7023
656 528  0.0711 -0.1218 274.2267
688 528  0.0582 -0.1049 225.2967
720 528  0.1468 -0.2201 151.5131
752 528  0.2096 -0.2676 154.7332
784 528  0.1431 -0.2320 102.7972
816 528  0.1485 -0.2012 127.6650
848 528  0.0441 -0.1093 136.4881
880 528  0.1132 -0.1322 84.4720
912 528  0.0871 -0.1347 163.8901
944 528  0.0901 -0.0491 210.7377
976 528  0.0235 -0.0402 53.3563
1008 528  0.0178  0.0155 41.2397
1040 528 -0.0134  0.0053 35.9315
1072 528 -0.0307  0.0814 99.7353
1104 528 -0.0433  0.0805 131.9867
1136 528 -0.0409  0.0753 89.1031
1168 528 -0.0283  0.1065 201.6340
 16 560 -0.0964 -0.1150 19.3713
 48 560 -0.1873 -0.1314 207.5084
 80 560 -0.9478 -0.5929 147.9213
112 560 -0.8324 -0.5677 118.2698
144 560 -0.1985 -0.2321 246.5881
176 560 -0.4579 -0.5271 41.0761
208 560 -0.2743 -0.5248 53.5947
240 560 -0.3632 -0.3733 40.8405
272 560 -0.0596 -0.2611 336.6674
304 560 -0.2015 -0.1804 79.5329
336 560 -0.1643 -0.1989 113.1248
368 560 -0.2012 -0.2010 115.9149
400 560 -0.1908 -0.0483 148.9826
432 560 -0.1303 -0.0361 134.8013
464 560 -0.1291 -0.0139 52.8483
496 560 -0.0840 -0.0398 115.4047
528 560 -0.0623 -0.0025 110.6768
560 560 -0.0001 -0.0942 237.0799
592 560  0.0163 -0.1140 58.5816
624 560  0.0967 -0.1627 94.4180
656 560  0.1029 -0.3545 117.7274
688 560  0.0948 -0.3949 136.0501
720 560  0.1536 -0.3261 204.6228
752 560  0.1040 -0.1441 114.4909
784 560  0.1180 -0.2312 87.9576
816 560  0.1969 -0.4644 66.3909
848 560  0.0657 -0.3190 162.7213
880 560  0.1405 -0.2557 91.2972
912 560  0.0410 -0.1915 161.4600
944 560  0.0484 -0.0032 114.9423
976 560  0.0031  0.0407 140.4103
1008 560  0.0155  0.0228 239.6308
1040 560 -0.0796  0.0736 46.7677
1072 560 -0.0600  0.1199 199.7636
1104 560 -0.0712  0.1091 161.1595
1136 560 -0.0095  0.0935 71.6068
1168 560 -0.0348  0.1125 53.0309
 16 592 -0.0712 -0.0209 21.2766
 48 592 -0.9060 -0.5659 107.5540
 80 592 -0.7205 -0.5301 274.5431
112 592 -0.3862 -0.2091 45.9495
144 592 -0.2101 -0.2912 285.9822
176 592 -0.5521 -0.8275 146.4397
208 592 -0.7403 -0.6689 179.8732
240 592 -0.7253 -0.7200 147.2627
272 592 -0.5295 -0.3877 94.6915
304 592 -0.4927 -0.4120 96.3752
336 592 -0.2869 -0.2026 67.0915
368 592 -0.3537 -0.1805 202.1693
400 592 -0.1562 -0.0513 77.4987
432 592 -0.2084 -0.0107 84.4046
464 592 -0.2095 -0.0043 109.0530
496 592 -0.1321 -0.0715 98.1862
528 592 -0.0880 -0.0203 240.2715
560 592 -0.0514 -0.0825 195.2365
592 592 -0.0537 -0.1857 142.3863
624 592  0.0574 -0.1800 28.4605
656 592  0.1369 -0.3955 213.5361
688 592  0.1816 -0.2645 82.1951
720 592  0.1131 -0.2790 220.2183
752 592  0.1392 -0.4058 204.7537
784 592  0.2525 -0.4005 200.6115
816 592  0.1521 -0.3403 117.9092
848 592  0.0624 -0.2891 200.7906
880 592  0.0535 -0.2404 68.1365
912 592  0.1137 -0.2802 117.6794
944 592  0.0596 -0.1006 131.3958
976 592 -0.0136 -0.0068 93.9781
1008 592 -0.1209  0.0059 123.8189
1040 592 -0.0706  0.0406 128.3629
1072 592 -0.0641  0.0441 79.0538
1104 592 -0.0805  0.0718 48.7992
1136 592 -0.1255  0.1329 115.1475
1168 592 -0.0704  0.1233 139.2858
 16 624 -0.0572 -0.1025 28.7578
 48 624 -0.9588 -0.2496 100.6703
 80 624 -0.0959 -0.1811 402.8125
112 624 -0.4562 -0.3885 90.5957
144 624 -0.2632 -0.4541 74.8895
176 624 -0.4413 -0.5488 160.3808
208 624 -0.7298 -0.8298 117.5933
240 624 -0.7632 -0.5522 113.0250
272 624 -0.4028 -0.2523 130.2025
304 624 -0.7615 -0.2934 159.4574
336 624 -0.5345 -0.2509 89.3138
368 624 -0.1925 -0.1240 246.7169
400 624 -0.4579 -0.0515 202.4147
432 624 -0.2350 -0.0209 115.7597
464 624 -0.4087  0.0043 74.2757
496 624 -0.1698 -0.0206 69.3099
528 624 -0.1640 -0.1061 95.2477
560 624 -0.1284 -0.2458 100.9809
592 624 -0.0458 -0.2920 134.8135
624 624  0.0396 -0.3120 39.8110
656 624  0.0482 -0.3710 118.5918
688 624  0.0496 -0.3148 68.9123
720 624  0.1034 -0.3888 66.2179
752 624  0.0587 -0.7320 82.3565
784 624  0.1129 -0.5701 49.0240
816 624  0.0557 -0.4286 65.9704
848 624  0.0328 -0.3834 31.6238
880 624  0.0214 -0.3010 147.0972
912 624 -0.0138 -0.1413 103.3491
944 624  0.0350 -0.0979 59.6104
976 624 -0.0099  0.0102 105.4106
1008 624 -0.0560  0.0003 181.5292
1040 624 -0.0426  0.0590 47.7437
1072 624 -0.0899  0.0490 54.7366
1104 624 -0.1384  0.0806 139.1888
1136 624 -0.1786  0.1116 81.1697
1168 624 -0.1168  0.1014 144.0351
 16 656 -0.1412 -0.0431 80.4430
 48 656 -0.2565 -0.1399 243.7016
 80 656 -0.3813 -0.3553 110.2623
112 656 -0.2128 -0.2632 175.0848
144 656 -0.2297 -0.4755 92.3765
176 656 -0.7745 -0.8256 111.6477
208 656 -0.6958 -0.6749 318.3065
240 656 -0.5631 -0.6336 154.7500
272 656 -0.7798 -0.8351 227.4032
304 656 -0.5179 -0.4001 99.5002
336 656 -0.3979 -0.3957 78.5985
368 656 -0.3182 -0.0748 353.8942
400 656 -0.1609 -0.0377 182.8096
432 656 -0.1638  0.1326 258.7261
464 656 -0.2063  0.0029 132.6384
496 656 -0.1340 -0.1143 197.7641
528 656 -0.0454 -0.2593 95.8859
560 656  0.0043 -0.3883 202.9287
592 656 -0.0090 -0.3043 98.5835
624 656 -0.0338 -0.3513 94.4835
656 656 -0.0720 -0.3593 74.8982
688 656 -0.1232 -0.4436 65.4479
720 656 -0.0218 -0.4436 44.1478
752 656  0.0319 -0.7312 51.9226
784 656  0.0395 -0.5792 59.9784
816 656  0.0493 -0.6361 130.2395
848 656  0.0458 -0.4304 151.8255
880 656  0.0453 -0.3629 126.4177
912 656  0.0246 -0.3158 83.9029
944 656  0.0084 -0.1590 89.0995
976 656  0.0697  0.0537 201.0599
1008 656 -0.0482  0.0039 145.9538
1040 656 -0.0466  0.0668 57.3257
1072 656 -0.0690  0.0328 97.1489
1104 656 -0.0649  0.0882 155.2271
1136 656 -0.0952  0.0719 41.6709
1168 656 -0.0862  0.1091 62.4138
 16 688 -0.0415 -0.0151 16.1308
 48 688 -0.2058 -0.0404 225.3414
 80 688 -0.2344  0.0069 99.3417
112 688 -0.1408 -0.1164 183.3368
144 688 -0.1669 -0.8447 189.1658
176 688 -0.8346 -0.3700 181.0941
208 688 -0.8135 -0.8627 89.5500
240 688 -0.5786 -0.4310 99.8589
272 688 -1.3424 -0.6072 37.8514
304 688 -0.3892 -0.2576 200.9811
336 688 -0.2694 -0.1529 36.3077
368 688 -0.1360 -0.1295 95.3655
400 688 -0.1335 -0.0196 73.1175
432 688  0.0071  0.0213 83.1003
464 688  0.1192 -0.0336 93.1054
496 688  0.1385 -0.3434 86.5208
528 688 -0.0040 -0.3873 86.9921
560 688  0.1125 -0.3904 79.3797
592 688 -0.0204 -0.2620 42.7980
624 688 -0.1238 -0.1023 144.1504
656 688 -0.2236 -0.0886 39.4087
688 688 -0.6095 -0.8290 130.7565
720 688 -0.1801 -0.7912 22.8711
752 688  0.2167 -1.1616 115.1074
784 688  0.1188 -0.4537 113.1810
816 688 -0.0073 -0.4820 94.1048
848 688 -0.2404 -0.1421 57.0552
880 688  0.0560 -0.4166 125.4223
912 688 -0.0172 -0.5289 75.8134
944 688 -0.1250  0.0892 103.0521
976 688 -0.0642 -0.0572 74.6964
1008 688 -0.0790 -0.0090 99.6188
1040 688 -0.1689  0.0111 74.2535
1072 688 -0.0898  0.0325 192.7587
1104 688 -0.0808  0.0286 86.3595
1136 688 -0.1143  0.0838 166.9414
1168 688 -0.1252  0.0684 46.9972
 16 720  0.0044 -0.0310 17.9213
 48 720 -0.0039 -0.0888 283.0692
 80 720 -0.0744 -0.1055 148.1612
112 720 -0.1886 -0.2148 196.6824
144 720 -0.2349 -0.4343 238.5993
176 720 -0.3664 -0.3398 30.2175
208 720 -0.3595 -0.1789 65.0726
240 720 -0.3874 -0.2601 86.3133
272 720 -0.7161 -0.6626 171.2265
304 720 -1.0343 -0.9290 184.3334
336 720 -0.1564 -0.2509 41.5107
368 720 -0.0361 -0.0725 78.7196
400 720  0.1431 -0.0028 351.0192
432 720  0.3073  0.0897 139.0151
464 720  0.5664  0.0212 74.4273
496 720  0.6286 -0.0668 65.8551
528 720  0.4936 -0.3084 45.5119
560 720  0.3853 -0.2013 25.0772
592 720  0.2395  0.0261 17.9646
624 720 -0.1472  0.0456 66.2229
656 720 -0.1652  0.4672 47.5496
688 720  0.0952 -0.3211 21.3389
720 720 -0.0893 -0.2965  8.8377
752 720  0.3322 -0.3157 15.1082
784 720  0.3218  0.1150 85.3434
816 720  0.0065 -0.0502 18.0075
848 720 -0.0731 -0.1709  5.8497
880 720  0.0895 -0.2296 60.8767
912 720  0.0827 -0.3526 72.4704
944 720  0.0082 -0.2173 59.9816
976 720 -0.0378 -0.0695 47.6167
1008 720 -0.1221  0.0034 216.2475
1040 720 -0.0423  0.0207 189.5324
1072 720 -0.0968  0.0584 72.0654
1104 720 -0.1204  0.2476 142.7819
1136 720 -0.1396  0.0626 117.2516
1168 720 -0.0287  0.0399 27.2697
 16 752  0.0453 -0.0035 26.0847
 48 752  0.0054 -0.0216 60.1910
 80 752  0.0028 -0.1451 165.1583
112 752 -0.0028 -0.1050 285.8082
144 752 -0.2455 -0.1567 112.4440
176 752 -0.2774 -0.3325 62.0767
208 752 -0.5043 -0.4159 91.1717
240 752 -0.1528 -0.3560 195.0755
272 752 -0.1437 -0.3716 43.8700
304 752 -0.1644 -0.4115 189.4176
336 752 -0.0412 -0.2403 64.8207
368 752  0.0253 -0.1209 33.3062
400 752  0.2450 -0.0182 152.3952
432 752  0.7760  0.0172 169.4701
464 752  0.9639 -0.0973 156.6284
496 752  0.9888 -0.2723 47.6133
528 752  0.7487 -0.3951 69.9578
560 752  0.0564  0.0681 10.6581
592 752  0.1631  0.1745 12.3326
624 752  0.1647 -1.5668  9.9549
656 752  0.3870 -0.2598 14.5367
688 752  0.5244 -0.4608 20.3038
720 752  0.2532 -0.3827  6.1797
752 752 -0.1147 -0.0885  6.8443
784 752 -0.0752 -0.1759 17.4527
816 752 -0.0918 -0.2840  5.0051
880 752  0.0810  0.0369 19.3692
912 752 -0.0180 -0.0406 14.3297
944 752  0.0142 -0.1601 94.0983
976 752 -0.0400 -0.1017 134.5539
1008 752 -0.0635 -0.1270 118.7689
1040 752 -0.1673 -0.0580 127.4286
1072 752 -0.1175  0.0314 65.8990
1104 752 -0.1118  0.0560 226.7816
1136 752 -0.0974  0.0178 70.1342
1168 752 -0.0671 -0.0472 149.9918
 16 784  0.0539 -0.0286 125.5620
 48 784  0.0532 -0.0960 66.8148
 80 784  0.0531 -0.0788 281.6768
112 784  0.0321 -0.0943 287.0403
144 784  0.0165 -0.0855 187.9901
176 784 -0.0028 -0.0724 20.0392
208 784 -0.1864 -0.6111 42.3467
240 784 -0.2673 -0.4490 209.7721
272 784 -0.0729 -0.5438 30.8277
304 784  0.0331 -0.4567 160.0928
336 784  0.1341 -0.2382 139.7733
368 784  0.3567 -0.2192 174.9382
400 784  1.2005 -0.0161 195.4503
432 784  0.8298 -0.0114 52.1673
464 784  1.2482 -0.0915 68.5398
496 784  1.0543 -0.7250 114.8061
528 784  0.1331 -0.0676 20.3485
560 784  0.1814  0.1486  9.3602
592 784  0.1503  0.1926  9.7482
624 784  0.2224 -0.1798 12.4257
656 784  0.4025 -0.2327  9.6081
688 784  0.3840 -0.3343 10.6716
720 784  0.0842 -0.3598 15.7928
752 784  0.1791 -0.1994  8.6947
784 784  0.5997 -0.1552  6.6838
816 784  0.1707 -0.6874  4.5013
848 784  0.1807  0.0046  4.3971
880 784  0.4883  0.4169 14.8133
912 784 -0.1245 -0.0900 23.1063
944 784 -0.0276 -0.0496 28.6897
976 784 -0.0377 -0.0364 71.4555
1008 784 -0.0333 -0.1201 112.1994
1040 784 -0.0291 -0.0261 79.0081
1072 784 -0.1830 -0.0338 239.3473
1104 784 -0.1891  0.0189 146.3643
1136 784 -0.1135  0.0080 106.4721
1168 784 -0.0907  0.0556 90.4749
 16 816  0.0104 -0.0015 40.2331
 48 816  0.0313 -0.0154 17.8996
 80 816  0.1430 -0.0642 173.1266
112 816  0.0873 -0.0197 176.1991
144 816  0.0791 -0.0998 189.0306
176 816  0.1365 -0.3499 212.1770
208 816  0.0802 -0.3403 50.8772
240 816  0.0284 -0.4532 121.4767
272 816  0.0140 -0.4220 105.4235
304 816  0.0914 -0.5756 78.8277
336 816  0.4671 -0.3972 104.6572
368 816  0.4819 -0.1011 85.6784
400 816  0.8086 -0.0244 165.0265
432 816  1.4088 -0.0461 122.6069
464 816  1.4036 -0.1104 127.2177
496 816  0.8680 -0.2180 21.9242
528 816 -0.0363 -0.0404  8.1616
560 816  0.0949  0.0548  6.2601
592 816  0.1118 -0.0331 15.6104
624 816  0.3800 -0.1022 13.0170
656 816  0.0913 -0.2756 10.1644
688 816  0.3492 -0.2834 12.0539
720 816  0.1018 -0.1446  9.1780
752 816  0.1686 -0.1458  9.2819
784 816 -0.0247 -0.0577  9.5216
816 816  0.2414 -0.2479  8.6498
848 816  0.6085 -0.0341  5.3216
880 816  0.2328 -0.0772  6.9473
912 816  0.0299 -0.1051  4.1124
944 816  0.0904 -0.0896  5.7407
976 816 -0.0237  0.0569 37.0738
1008 816 -0.0076 -0.0402 68.5750
1040 816 -0.0398 -0.1028 40.6208
1072 816 -0.1201  0.2303 200.2408
1104 816 -0.1095 -0.0114 90.9698
1136 816 -0.2544 -0.0436 97.0848
1168 816 -0.1014  0.0329 140.5292
 16 848  0.0195 -0.0373 23.7747
 48 848  0.3468 -0.0484 123.2241
 80 848  0.0870 -0.0531 11.7096
112 848  0.1093 -0.0314 224.6717
144 848  0.1037 -0.3016 67.1906
176 848  0.0726 -0.2073 218.5296
208 848  0.1718 -0.4190 159.7761
240 848  0.0976 -0.2975 58.3059
272 848  0.0877 -0.0858 16.2243
304 848  0.1338 -0.1097 108.2624
336 848  0.6798 -0.4071 121.5015
368 848  0.3320 -0.2851 90.6837
400 848  0.9794 -0.0901 51.6630
432 848  0.8309 -0.0286 57.8427
464 848  1.0889 -0.1271 48.3616
496 848  0.0047 -0.0697 20.9713
528 848  0.1936  0.1368  5.7819
560 848  0.0417  0.0083 13.6820
592 848  0.0720  0.0082 44.7869
624 848  0.2445 -0.0566 167.8608
656 848  0.0734 -0.0188 12.2706
688 848  0.1857 -0.1373 10.9516
720 848  0.0030 -0.1053 10.3431
752 848  0.0558 -0.1273 11.0374
784 848  0.0491 -0.0350 10.7024
816 848  0.3313 -0.1049 12.7580
848 848  0.1275 -0.0041 10.0419
880 848  0.2653 -0.1798  7.5704
944 848  0.0700 -0.0856  5.9600
976 848 -0.0188  0.0419 26.5611
1008 848 -0.0190  0.0028 89.0472
1040 848 -0.0297 -0.0508 92.1500
1072 848 -0.0592 -0.0387 104.7761
1104 848 -0.1442 -0.0306 108.1347
1136 848 -0.0740 -0.0441 112.4166
1168 848 -0.1141 -0.0259 82.3618
 16 880  0.1807 -0.0005 96.1385
 48 880  0.0440 -0.0842 93.3104
 80 880  0.2534 -0.0159 183.0457
112 880  0.2521 -0.0678 255.7254
144 880  0.5310 -0.1598 255.5819
176 880  0.2916 -0.2042 162.8804
208 880  0.0747 -0.1117 119.6983
240 880  0.1713 -0.8363 92.4486
272 880  0.1499 -0.2565 21.3870
304 880  0.4455 -0.5777 142.2233
336 880  0.6835 -0.5038 90.3989
368 880  0.5224 -0.1631 22.8622
400 880  0.6697 -0.0918 68.4381
432 880  0.9089 -0.0259 31.7514
464 880  0.1152 -0.0385 31.5497
496 880 -0.1061 -0.0886  6.0611
528 880  0.1248  0.0067  8.5359
560 880  0.0272 -0.0383  9.9531
592 880  0.1886 -0.0702  9.2840
624 880  0.0787 -0.0123 28.9275
656 880  0.0222 -0.0398 10.5669
688 880  0.0641 -0.0605 13.5240
720 880 -0.0288 -0.0179 14.4660
752 880  0.4388 -0.2636  5.4567
784 880  0.0233 -0.0744  8.0701
816 880  0.0406 -0.0567  7.7739
848 880 -0.1826 -0.2049  9.0091
880 880  0.0288  0.0616  6.5922
912 880  0.0121 -0.1624 12.9504
944 880 -0.3746 -0.0754 41.0373
976 880 -0.0755  0.2778 24.5524
1008 880 -0.0499  0.0068 163.6456
1040 880 -0.0448 -0.0219 81.3275
1072 880 -0.0774 -0.0063 224.1155
1104 880 -0.0855 -0.0282 74.9892
1136 880 -0.0859 -0.1343 82.2546
1168 880 -0.1109 -0.0273 144.3290
 16 912  0.2405 -0.0125 31.1442
 48 912  0.0935 -0.0289 183.0330
 80 912  0.1217 -0.0335 258.1353
112 912  0.1443 -0.0594 314.2457
144 912  0.0929 -0.3879 140.5509
176 912  0.0561 -0.2694 77.6834
208 912  0.1690 -0.1108 36.2212
240 912  0.1638 -0.0569 132.8935
272 912  0.1549 -0.0987 16.7883
304 912  0.2533 -0.4177 106.3916
336 912  0.6961 -0.4142 105.1943
368 912  0.3178 -0.1540 226.3404
400 912  0.3936 -0.0249 20.1211
432 912 -0.0003  0.0101 14.4464
464 912 -0.0558 -0.0450 10.6586
496 912 -0.0081 -0.0081  4.0756
528 912 -0.0101  0.0061  4.8249
560 912  0.0318 -0.0166  5.4208
592 912  0.1291 -0.0250  4.1166
624 912  0.0904 -0.0552  9.8521
656 912 -0.1285 -0.1102  7.6171
688 912  0.1486 -0.0622  7.6988
720 912 -0.0597 -0.0301 10.4457
752 912  0.2243  0.0371  5.9303
784 912  0.0083 -0.0029 12.5559
816 912 -0.1505  0.0094  6.6738
848 912  0.2352  0.3507  5.2446
880 912  0.0712 -0.0584  9.9599
912 912 -0.0234 -0.5451 10.4711
944 912  0.3327 -0.6832  8.0577
976 912  0.2086 -0.5575 10.0219
1008 912 -0.0211 -0.2084 52.9011
1040 912 -0.1085  0.0658 119.2969
1072 912 -0.0558 -0.0092 92.2364
1104 912 -0.1029 -0.0326 122.2165
1136 912 -0.0600 -0.0520 57.6437
1168 912 -0.0663 -0.0311 181.9616
 16 944  0.0865 -0.0490 33.6539
 48 944  0.0439 -0.0346 70.0296
 80 944  0.1664 -0.0522 162.5728
112 944  0.1750 -0.1240 54.5597
144 944  0.1167 -0.0735 272.8074
176 944  0.3813 -0.1178 239.6843
208 944  0.5137 -0.1760 146.3140
240 944  0.3821 -0.6010 99.8712
272 944  0.1383 -0.6326 103.6427
304 944  0.0026 -0.2495 43.9390
336 944  0.0544 -0.1051 51.9958
368 944  0.0581 -0.0278 155.1678
400 944  0.0364 -0.0119 15.4616
432 944 -0.0370 -0.0146 15.4957
464 944  0.0085  0.0619  6.0435
496 944 -0.0431  0.0786  7.1261
528 944  0.0209  0.0200  4.1753
624 944  0.1770 -0.0682  5.1487
656 944 -0.2210 -0.0601  4.9037
688 944  0.1816 -0.0364  6.2223
720 944 -0.0724 -0.0470  6.0140
752 944  0.1563 -0.0908  5.9167
784 944  0.0972 -0.2029  8.5448
816 944 -0.0053 -0.1361  9.1379
848 944 -0.0030  0.0127  9.6925
880 944  0.1146 -0.0979  9.9881
912 944  0.2163 -0.4044  7.9329
944 944  0.1369 -0.3229 15.1169
976 944  0.1358 -0.7192  7.6467
1008 944 -0.0564 -0.1111  5.8414
1040 944 -0.1597  0.3252 82.0299
1072 944 -0.0892  0.0233 131.5526
1104 944 -0.1583 -0.1016 116.4479
1136 944 -0.0767 -0.0250 247.4136
1168 944 -0.0604 -0.0375 282.5251
 16 976  0.1445 -0.0341 73.1286
 48 976  0.1368 -0.0181 25.2843
 80 976  0.1566 -0.0121 106.2346
112 976  0.0729  0.0097 15.1747
144 976  0.1971 -0.1166 173.4471
176 976  0.2180 -0.1391 66.7858
208 976  0.1637 -0.1076 97.8466
240 976  0.0607 -0.1655 167.1182
272 976  0.1803 -0.1886 36.4085
304 976  0.3521 -0.3791 135.7345
336 976  0.0435 -0.1234 198.3876
368 976  0.0156  0.0085 24.8243
400 976 -0.0302  0.0297 12.9150
432 976  0.0931  0.0956  7.9603
464 976  0.0053  0.0073 18.3595
496 976 -0.0945  0.1241  8.5767
528 976 -0.0105 -0.0060  4.6112
688 976 -0.0093  0.0128  4.2637
784 976 -0.0019 -0.0040  4.3642
816 976  0.0373  0.0105 15.0767
848 976 -0.0052 -0.0153 19.4285
880 976  0.6691  0.0287  8.2934
912 976  0.0638 -0.1439 11.9783
944 976  0.2242 -1.0062  7.5178
976 976  0.1165 -0.6919 11.8180
1008 976 -0.0473  0.0266  9.8000
1040 976 -0.1071  0.6961 25.7408
1072 976 -0.0625 -0.0124 54.3455
1104 976 -0.0452 -0.0843 164.5213
1136 976 -0.0647 -0.0648 106.6474
1168 976 -0.0507 -0.0713 162.4536
 16 1008  0.0921  0.0029 19.2045
 48 1008  0.3346 -0.1176 90.5215
 80 1008  0.1172 -0.0425 24.8528
112 1008  0.0908 -0.0692 182.2162
144 1008  0.2338 -0.0133 323.2442
176 1008  0.1134 -0.1585 229.3583
208 1008  0.0860 -0.0731 55.6818
240 1008  0.1158 -0.2441 78.2398
272 1008  0.0499 -0.3068 191.5896
304 1008  0.0696 -0.4983 62.3600
336 1008  0.0156 -0.0185 22.1095
368 1008  0.0073  0.0443 11.9276
400 1008  0.0346  0.1167 11.5105
432 1008  0.0180  0.0326 17.0630
464 1008 -0.0170  0.0206 115.2264
496 1008 -0.0023  0.0257 20.9386
528 1008 -0.0093  0.0763 11.0187
560 1008 -0.0821  0.2033  6.1489
752 1008 -0.0656  0.0742  4.0878
784 1008 -0.0081 -0.0052  6.4926
816 1008  0.0252  0.0040 27.8457
848 1008  0.0064 -0.0254 19.2666
880 1008  0.0216 -0.0119 14.0958
912 1008  0.0338 -0.0686 10.8178
944 1008  0.0647 -0.0683 15.3979
976 1008  0.1837 -0.3672  8.2033
1008 1008  0.0056 -0.0122 12.1761
1040 1008 -0.0401  0.0388 40.7616
1072 1008 -0.0486 -0.0166 70.1768
1104 1008 -0.0391 -0.0156 151.4371
1136 1008 -0.0496 -0.0342 96.7238
1168 1008 -0.0684 -0.0959 83.1618
 16 1040  0.1548 -0.0340 27.2455
 48 1040  0.1188 -0.0159 77.4198
 80 1040  0.1341 -0.0680 193.1428
112 1040  0.1166 -0.0425 75.0256
144 1040  0.0928 -0.0636 167.5173
176 1040  0.0817 -0.0867 153.6733
208 1040  0.0822 -0.1775 44.6996
240 1040  0.0443 -0.1482 15.6040
272 1040  0.1713 -0.3522 45.4904
304 1040  0.0686 -0.1343 63.6089
336 1040 -0.0184 -0.1232 71.5269
368 1040  0.0237  0.0489 13.1679
400 1040  0.0319  0.0334 31.4065
432 1040  0.0315 -0.0016 19.9007
464 1040  0.0124  0.0028 72.2215
496 1040  0.0105  0.0319 14.9643
528 1040 -0.0255  0.0423 11.6080
560 1040 -0.0176 -0.0204 12.3327
592 1040 -0.1463  0.0158  6.6568
752 1040  0.0369  0.0032  5.6243
784 1040  0.0361  0.0351 17.3057
816 1040  0.0104 -0.0021 28.6993
848 1040  0.0512  0.0049 14.5501
880 1040 -0.0267 -0.0045 14.0500
912 1040 -0.0183 -0.0130 15.7753
944 1040 -0.0109 -0.0054 19.5543
976 1040 -0.0064 -0.0353 54.0539
1008 1040 -0.1314  0.0245 13.4352
1040 1040 -0.0055 -0.0306 46.0504
1072 1040 -0.0093  0.0309 94.1883
1104 1040 -0.0117  0.0063 105.3892
1136 1040 -0.0095 -0.0434 186.5161
1168 1040 -0.0295 -0.0004 20.2724
 16 1072  0.1763 -0.0088 37.6294
 48 1072  0.2673 -0.0328 100.6467
 80 1072  0.1024 -0.0221 168.1185
112 1072  0.0283 -0.0338 20.6322
144 1072  0.1740 -0.0634 47.2666
176 1072  0.0744 -0.0406 299.3339
208 1072  0.1163 -0.1144 25.3756
240 1072  0.0445 -0.3158 118.4385
272 1072  0.0446 -0.1074 23.1052
304 1072  0.0284 -0.2904 204.2506
336 1072 -0.0010 -0.0215 272.2039
368 1072  0.0137 -0.0641 60.4299
400 1072 -0.0004 -0.0213 111.3211
432 1072  0.0684 -0.0115 80.9131
464 1072 -0.0160  0.0375 11.2091
496 1072  0.0026  0.3136 15.1536
528 1072  0.0544  0.2545 11.4914
560 1072 -0.0584  0.1090  9.3176
592 1072  0.0320  0.1002  9.8221
624 1072 -0.0653  0.1468  5.9352
656 1072 -0.0226  0.2576  5.4609
688 1072 -0.0525  0.0430  4.2010
752 1072  0.0309 -0.0399  4.2460
784 1072  0.0659 -0.0583  7.3331
816 1072  0.0488 -0.0799 12.8376
848 1072  0.0515 -0.0594 43.1845
880 1072 -0.0051 -0.0109 19.5651
912 1072  0.0092 -0.0108 22.8304
944 1072  0.0438 -0.0410 50.2657
976 1072 -0.0275 -0.0114 26.5128
1008 1072 -0.0391  0.0017 48.6068
1040 1072 -0.0254 -0.0178 173.7120
1072 1072  0.0016 -0.0122 18.0820
1104 1072 -0.0166  0.0480 198.0911
1136 1072  0.0060 -0.0015 30.4581
1168 1072 -0.0020 -0.0186 45.1724
 16 1104  0.0337  0.0005 18.0992
 48 1104  0.0257 -0.0046 37.8011
 80 1104  0.1120 -0.0220 211.1122
112 1104  0.3182 -0.1035 66.2314
144 1104  0.1656 -0.0358 61.5346
176 1104  0.0753 -0.0392 248.4188
208 1104  0.0188 -0.0820 357.7645
240 1104  0.0318 -0.1702 301.9621
272 1104  0.0304 -0.0685 17.8630
304 1104  0.0582 -0.1176 74.8317
336 1104  0.0366 -0.1781 125.5161
368 1104  0.0037 -0.0592 117.1441
400 1104  0.0261 -0.0513 91.6068
432 1104  0.0325 -0.0401 49.3411
464 1104 -0.0207  0.0209 27.2332
496 1104 -0.0236  0.0101 14.3328
528 1104 -0.0136  0.0070 11.7392
560 1104  0.0369  0.0053 12.7626
592 1104 -0.0045  0.0170 11.0668
624 1104  0.0103  0.0323 11.2106
656 1104  0.0122  0.0163 10.2404
688 1104 -0.2166  0.2507  7.8144
720 1104 -0.0347  0.2352  4.3901
848 1104  0.0125 -0.1179  5.5815
880 1104  0.0809 -0.0926  8.7245
912 1104  0.0142 -0.0550 12.6300
944 1104 -0.0068 -0.0477 16.1230
976 1104  0.0253 -0.0361  9.8126
1008 1104 -0.0054 -0.0231 20.3878
1040 1104  0.0124 -0.0346 30.0707
1072 1104  0.0043  0.0004 18.4970
1104 1104  0.0055 -0.0008 21.6067
1136 1104  0.0116  0.0139 18.8027
1168 1104 -0.0096 -0.0213 32.4486
 16 1136  0.1374  0.0065 39.6540
 48 1136  0.0830 -0.0424 11.8593
 80 1136  0.0751 -0.0261 280.2561
112 1136  0.1546 -0.0506 84.2878
144 1136 -0.0182  0.0080 17.3635
176 1136  0.0706 -0.0575 168.5196
208 1136  0.0938 -0.1117 81.6142
240 1136  0.0843 -0.0410 78.8288
272 1136  0.0886 -0.1272 42.4081
304 1136  0.0289 -0.0299 136.2576
336 1136  0.0386 -0.1291 133.7951
368 1136  0.0257 -0.1460 121.9043
400 1136  0.0715 -0.0650 161.2237
432 1136  0.0164 -0.0550 66.5508
464 1136  0.0184  0.0220 42.7915
496 1136  0.0147  0.0150 47.7739
528 1136 -0.0321 -0.0184 16.8129
560 1136  0.0068  0.0746 12.0985
592 1136  0.0027  0.0264 13.5389
624 1136  0.0052 -0.0102 14.2070
656 1136 -0.0261 -0.0054 18.5296
688 1136  0.0050 -0.0261 12.9845
720 1136 -0.0411  0.0455 12.7313
752 1136 -0.0759  0.0980  7.7335
784 1136  0.0935  0.1391  6.6340
816 1136  0.0276  0.1555  9.9434
848 1136 -0.1543  0.2457  8.2744
880 1136 -0.1130  0.2827  4.3574
944 1136  0.0039 -0.0069  4.1838
976 1136  0.0182 -0.0015  4.4157
1008 1136 -0.0305 -0.0462  5.1668
1040 1136  0.0227 -0.0110  4.8293
1072 1136 -0.0370 -0.1147  5.5205
1104 1136  0.0649 -0.0577  8.4792
1136 1136  0.0021 -0.0102 10.2021
1168 1136  0.0188 -0.0151 19.0117
 16 1168  0.0273 -0.0231 16.6211
 48 1168  0.0317  0.0014 15.2015
 80 1168  0.1530 -0.0383 32.7839
112 1168  0.0931 -0.0631 51.4134
144 1168  0.0920 -0.0691 101.9743
176 1168  0.0583 -0.0282 86.2405
208 1168  0.1507 -0.0773 143.3018
240 1168  0.0806 -0.0672 127.2204
272 1168  0.0462 -0.0776 61.4100
304 1168  0.0627 -0.0609 51.2400
336 1168  0.0690 -0.1423 160.8588
368 1168  0.0439 -0.0751 186.5942
400 1168  0.0501 -0.0376 254.1225
432 1168  0.0137 -0.0020 27.0451
464 1168  0.0432 -0.0619 227.1984
496 1168 -0.0140 -0.0263 17.9681
528 1168 -0.0065  0.0508 19.0353
560 1168  0.0186  0.0507 11.6095
592 1168 -0.0268  0.0076 12.3263
624 1168  0.0144  0.0335 12.9234
656 1168 -0.0080  0.0035 11.3297
688 1168  0.0034  0.0068 12.7838
720 1168  0.0085  0.0001 11.9020
752 1168  0.0489  0.0051 16.0271
784 1168  0.0954  0.0080 13.0664
816 1168 -0.0245  0.0078 13.2808
848 1168  0.0209 -0.0013 14.1631
880 1168  0.0023  0.0100 13.6959
912 1168 -0.1023  0.1012 11.0670
944 1168 -0.0802  0.3134  5.5107
976 1168 -0.0526  0.3552  4.2446
1104 1168  0.0103 -0.1157  4.2270
1136 1168  0.0689 -0.1012  4.6444
1168 1168 -0.0122 -0.0180  4.7211
 16 1200  0.0933 -0.0259 15.7358
 48 1200 -0.0142  0.0048 15.0406
 80 1200  0.0607  0.0121 173.4240
112 1200  0.0267 -0.0460 47.1367
144 1200  0.1065 -0.0432 87.6007
176 1200  0.1079 -0.1355 173.0964
208 1200  0.0597 -0.0386 101.9500
240 1200  0.0797 -0.1057 208.9903
272 1200  0.1759 -0.0704 26.3135
304 1200  0.0498 -0.1339 51.2141
336 1200  0.0340 -0.1075 321.5168
368 1200  0.0410 -0.1418 181.4419
400 1200  0.0265 -0.0736 175.1652
432 1200  0.1577 -0.0091 32.6931
464 1200  0.0145  0.0267 13.0869
496 1200  0.0070  0.0171 20.5565
528 1200 -0.0022 -0.0002 17.7651
560 1200  0.0372  0.0423 13.4650
592 1200 -0.0140  0.0166 16.0680
624 1200  0.0315  0.0027 42.5557
656 1200 -0.0034 -0.0270 30.6245
688 1200 -0.0145 -0.0274 11.9552
720 1200  0.0088  0.0139 17.1398
752 1200  0.0396  0.0066 16.5266
784 1200  0.0576 -0.0103 10.7475
816 1200  0.0075 -0.0004 11.8120
848 1200 -0.0059  0.0092 11.7809
880 1200  0.0208 -0.0174 12.3658
912 1200  0.0087  0.0050 13.7955
944 1200 -0.0055  0.0015 13.8275
976 1200 -0.0172  0.0028 14.0439
1008 1200 -0.0551  0.1023 11.7793
1040 1200 -0.0461  0.2070  7.4205
1072 1200 -0.0372  0.2448  6.0481
1104 1200 -0.0460  0.2927  5.0022
1136 1200 -0.0177  0.1762  4.5655
1168 1200 -0.0090  0.2877  4.4362
 16 1232  0.0082 -0.0070 14.2751
 48 1232  0.0291  0.0261 20.3250
 80 1232  0.1471 -0.0329 152.1142
112 1232  0.0577 -0.0251 112.8865
144 1232  0.0253 -0.0114 236.0455
176 1232  0.0475 -0.0537 174.6575
208 1232  0.0973 -0.0573 75.0518
240 1232  0.0782 -0.1473 32.7741
272 1232  0.0434 -0.0576 186.3945
304 1232  0.0648 -0.0393 180.7352
336 1232  0.0511 -0.0781 215.9715
368 1232  0.0753 -0.0399 109.2502
400 1232  0.0217 -0.0794 104.5062
432 1232 -0.0118 -0.0242 15.0180
464 1232  0.0177  0.0073 38.8192
496 1232  0.0116  0.0202 27.0823
528 1232 -0.0229  0.0197 14.0577
560 1232  0.0072 -0.0194 16.2857
592 1232 -0.0082  0.0000 18.8984
624 1232  0.0356 -0.0021 12.3066
656 1232 -0.0262  0.0057 12.2190
688 1232  0.0319 -0.0407 10.3782
720 1232  0.0271  0.0123 12.1183
752 1232  0.0162 -0.0075 19.1998
784 1232 -0.0222  0.0119 13.8741
816 1232  0.0275  0.0347 23.0726
848 1232  0.0125  0.0623 11.1734
880 1232 -0.0149 -0.0265 16.1938
912 1232  0.0334  0.0089 13.4556
944 1232  0.0237 -0.0173 13.3916
976 1232 -0.0961 -0.0343 12.2216
1008 1232 -0.0060 -0.0047 13.8239
1040 1232 -0.0032  0.0118 12.6458
1072 1232 -0.0228  0.0072 11.5420
1104 1232  0.0149 -0.0139 12.7323
1136 1232  0.0200  0.0059 11.4114
1168 1232 -0.0195 -0.0070 12.7709
 16 1264  0.0323  0.0091 13.7344
 48 1264  0.0229 -0.0092 13.5050
 80 1264  0.0861 -0.0577 144.1294
112 1264  0.0290 -0.0768 163.9500
144 1264  0.0517 -0.0304 259.3654
176 1264  0.0518 -0.1133 275.4059
208 1264  0.0434 -0.1055 146.2113
240 1264  0.0564 -0.0581 31.5098
272 1264  0.0603 -0.0898 98.0432
304 1264  0.0694 -0.0685 94.3895
336 1264  0.1150 -0.1144 237.0090
368 1264  0.2591 -0.0890 126.7001
400 1264  0.0620 -0.0138 288.9485
432 1264  0.0533  0.0036 263.9221
464 1264  0.0227 -0.0270 213.7533
496 1264  0.0209 -0.0377 18.7202
528 1264  0.0474 -0.0018 18.5660
560 1264  0.0095 -0.0083 10.8310
592 1264  0.0065 -0.0179 10.5263
624 1264  0.0096  0.0024 15.4383
656 1264 -0.0008  0.0197 13.6798
688 1264 -0.0209 -0.0078 11.9069
720 1264  0.0025 -0.0421 13.2255
752 1264  0.0188 -0.0142 24.6391
784 1264  0.0463 -0.0029 11.3663
816 1264 -0.0016  0.0032 11.9506
848 1264  0.0281  0.0316 10.6876
880 1264  0.0614  0.0092  7.7871
912 1264  0.0073  0.0096 11.4546
944 1264  0.0627 -0.0272 12.5229
976 1264 -0.0547  0.0304 10.8076
1008 1264  0.0087  0.0544  9.7567
1040 1264 -0.0193 -0.0470 11.2417
1072 1264  0.0019 -0.0059 10.2925
1104 1264 -0.0620  0.0163 10.0890
1136 1264 -0.0168 -0.0151 10.0275
1168 1264  0.0384  0.0688 13.1367
 16 1296  0.0888 -0.0020 26.0960
 48 1296  0.0215  0.0000 15.1548
 80 1296  0.1925 -0.0789 111.2560
112 1296  0.0544  0.0038 26.3933
144 1296  0.0258 -0.0214 18.2717
176 1296  0.0404 -0.0229 107.4037
208 1296  0.0943 -0.0354 224.5968
240 1296  0.0548 -0.0392 37.7285
272 1296  0.0779 -0.0890 16.2009
304 1296  0.1208 -0.0799 31.1852
336 1296  0.0316 -0.0370 80.1562
368 1296  0.1258 -0.0825 154.9691
400 1296  0.0324 -0.0170 281.9601
432 1296  0.0430 -0.0323 45.3127
464 1296  0.0269 -0.0144 39.8642
496 1296 -0.0164 -0.0266 18.7850
528 1296  0.0139 -0.0118 12.3043
560 1296 -0.0200  0.0036 19.8988
592 1296 -0.0209 -0.0028 11.9186
624 1296  0.0114  0.0347 15.8247
656 1296 -0.0372 -0.0173 12.0974
688 1296 -0.0164 -0.0033 13.3344
720 1296 -0.0217  0.0134 14.3993
752 1296 -0.0021  0.0200 14.1647
784 1296 -0.0171  0.0169 11.3527
816 1296 -0.0242 -0.0546  9.9450
848 1296  0.0868  0.0374 11.8216
880 1296 -0.0503 -0.0124 10.8153
912 1296  0.0216  0.0156 12.6968
944 1296  0.0137  0.0125 11.6237
976 1296  0.0016  0.0099 10.6332
1008 1296 -0.0134  0.0016  9.8482
1040 1296  0.0218  0.0239  8.3246
1072 1296 -0.0043  0.0519  9.4011
1104 1296 -0.0186  0.0343 10.7291
1136 1296  0.0137 -0.0289 10.1397
1168 1296 -0.0167 -0.0640  9.3326
  0   0 -0.0089 -0.0308  0.0000
  0   0 -0.0185 -0.0034  0.0000
  0   0  0.0186 -0.0023  0.0000
  0   0  0.0746  0.0333  0.0000
  0   0  0.1210  0.0006  0.0000
  0   0  0.1183 -0.0177  0.0000
  0   0  0.1910 -0.0574  0.0000
  0   0  0.1268 -0.0253  0.0000
  0   0  0.0868 -0.0305  0.0000
  0   0  0.0841 -0.0318  0.0000
  0   0  0.1022 -0.0376  0.0000
  0   0  0.0908 -0.0490  0.0000
  0   0  0.1063 -0.0819  0.0000
  0   0  0.1435 -0.0830  0.0000
  0   0  0.1183 -0.0269  0.0000
  0   0  0.1228 -0.0380  0.0000
  0   0  0.0409  0.0037  0.0000
  0   0 -0.0079  0.0145  0.0000
  0   0 -0.0604  0.0299  0.0000
  0   0 -0.1092  0.0250  0.0000
  0   0 -0.0965  0.0253  0.0000
  0   0 -0.1005  0.0301  0.0000
  0   0 -0.0880  0.0315  0.0000
  0   0 -0.0647  0.0431  0.0000
  0   0 -0.0750  0.0149  0.0000
  0   0 -0.0559  0.0153  0.0000
  0   0 -0.0428  0.0234  0.0000
  0   0 -0.0233  0.0237  0.0000
  0   0 -0.0183  0.0131  0.0000
  0   0 -0.0054 -0.0143  0.0000
  0   0  0.0393  0.0262  0.0000
  0   0 -0.0195  0.0124  0.0000
  0   0 -0.0021  0.0220  0.0000
  0   0 -0.0050  0.0208  0.0000
  0   0 -0.0190  0.0173  0.0000
  0   0 -0.0297  0.0173  0.0000
  0   0 -0.0139  0.0324  0.0000
  0   0 -0.0230  0.0438  0.0000
  0   0 -0.0199  0.0163  0.0000
  0   0 -0.0033 -0.0359  0.0000
  0   0 -0.0081 -0.0609  0.0000
  0   0  0.0027 -0.0468  0.0000
  0   0  0.0196 -0.0261  0.0000
  0   0  0.0598 -0.0138  0.0000
  0   0  0.1124  0.0018  0.0000
  0   0  0.1576 -0.0105  0.0000
  0   0  0.1805 -0.0261  0.0000
  0   0  0.2092 -0.0445  0.0000
  0   0  0.1813 -0.0371  0.0000
  0   0  0.1492 -0.0377  0.0000
  0   0  0.1333 -0.0396  0.0000
  0   0  0.1287 -0.0456  0.0000
  0   0  0.1202 -0.0581  0.0000
  0   0  0.1248 -0.0790  0.0000
  0   0  0.1437 -0.0899  0.0000
  0   0  0.2222 -0.0253  0.0000
  0   0  0.1416 -0.0051  0.0000
  0   0  0.0341  0.0309  0.0000
  0   0 -0.0604  0.0549  0.0000
  0   0 -0.1406  0.0709  0.0000
  0   0 -0.1951  0.0725  0.0000
  0   0 -0.2041  0.0697  0.0000
  0   0 -0.1968  0.0668  0.0000
  0   0 -0.1736  0.0629  0.0000
  0   0 -0.1434  0.0590  0.0000
  0   0 -0.1224  0.0421  0.0000
  0   0 -0.0930  0.0345  0.0000
  0   0 -0.0649  0.0323  0.0000
  0   0 -0.0379  0.0278  0.0000
  0   0 -0.0187  0.0194  0.0000
  0   0 -0.0012  0.0109  0.0000
  0   0  0.0148  0.0256  0.0000
  0   0 -0.0075  0.0264  0.0000
  0   0 -0.0133  0.0313  0.0000
  0   0 -0.0237  0.0324  0.0000
  0   0 -0.0381  0.0319  0.0000
  0   0 -0.0477  0.0328  0.0000
  0   0 -0.0443  0.0361  0.0000
  0   0 -0.0435  0.0304  0.0000
  0   0 -0.0349  0.0017  0.0000
  0   0 -0.0195 -0.0381  0.0000
  0   0 -0.0063 -0.0613  0.0000
  0   0  0.0169 -0.0601  0.0000
  0   0  0.0510 -0.0471  0.0000
  0   0  0.0994 -0.0335  0.0000
  0   0  0.1544 -0.0224  0.0000
  0   0  0.2026 -0.0242  0.0000
  0   0  0.2341 -0.0319  0.0000
  0   0  0.2503 -0.0406  0.0000
  0   0  0.2354 -0.0412  0.0000
  0   0  0.2079 -0.0425  0.0000
  0   0  0.1823 -0.0456  0.0000
  0   0  0.1619 -0.0524  0.0000
  0   0  0.1443 -0.0642  0.0000
  0   0  0.1348 -0.0805  0.0000
  0   0  0.1332 -0.0952  0.0000
  0   0  0.3268 -0.0233  0.0000
  0   0  0.1712  0.0212  0.0000
  0   0  0.0150  0.0653  0.0000
  0   0 -0.1265  0.0997  0.0000
  0   0 -0.2386  0.1197  0.0000
  0   0 -0.3074  0.1238  0.0000
  0   0 -0.3267  0.1176  0.0000
  0   0 -0.3096  0.1072  0.0000
  0   0 -0.2704  0.0952  0.0000
  0   0 -0.2226  0.0814  0.0000
  0   0 -0.1755  0.0649  0.0000
  0   0 -0.1289  0.0512  0.0000
  0   0 -0.0850  0.0412  0.0000
  0   0 -0.0461  0.0328  0.0000
  0   0 -0.0154  0.0260  0.0000
  0   0  0.0049  0.0244  0.0000
  0   0  0.0108  0.0309  0.0000
  0   0 -0.0019  0.0371  0.0000
  0   0 -0.0201  0.0426  0.0000
  0   0 -0.0405  0.0463  0.0000
  0   0 -0.0599  0.0487  0.0000
  0   0 -0.0725  0.0493  0.0000
  0   0 -0.0751  0.0443  0.0000
  0   0 -0.0703  0.0260  0.0000
  0   0 -0.0576 -0.0082  0.0000
  0   0 -0.0382 -0.0473  0.0000
  0   0 -0.0125 -0.0738  0.0000
  0   0  0.0243 -0.0798  0.0000
  0   0  0.0744 -0.0698  0.0000
  0   0  0.1363 -0.0538  0.0000
  0   0  0.2021 -0.0403  0.0000
  0   0  0.2597 -0.0349  0.0000
  0   0  0.2985 -0.0363  0.0000
  0   0  0.3121 -0.0404  0.0000
  0   0  0.2992 -0.0432  0.0000
  0   0  0.2682 -0.0455  0.0000
  0   0  0.2306 -0.0490  0.0000
  0   0  0.1946 -0.0559  0.0000
  0   0  0.1637 -0.0674  0.0000
  0   0  0.1390 -0.0826  0.0000
  0   0  0.1186 -0.0991  0.0000
