VARIABLES= "X pix", "Y pix", "U pix/dt", "V pix/dt", "CHC", ZONE I=37, J=41
304  16 -0.0001 -0.1076 59.5809
336  16  0.0013 -0.0639 18.9118
368  16  0.0177 -0.0440 24.6753
400  16 -0.0158 -0.0575 88.5845
496  16 -0.0263 -0.0462 89.0435
528  16 -0.0110 -0.0387 39.0095
560  16  0.0352 -0.0338 40.9600
592  16  0.0692 -0.0448 50.5679
624  16  0.1106 -0.0654 54.6133
656  16  0.1073 -0.0062 46.5454
688  16  0.1035  0.0640 273.0666
304  48  0.1032  0.0472 52.5128
336  48  0.0848  0.0509 29.4676
368  48  0.0514  0.0490 110.7027
496  48  0.0613  0.0797 71.8596
528  48  0.0742  0.1013 27.3067
560  48  0.0985  0.1146 39.3846
592  48  0.0358  0.1430 139.9712
688  48  0.0001  0.0969 227.5554
720  48  0.0022  0.0515 29.2571
752  48  0.0447 -0.0261 36.2478
784  48  0.0226 -0.2102 36.2478
816  48  0.0000 -0.3782 220.2150
304  80  0.0577 -0.2656 49.3494
336  80  0.0464 -0.1284 30.7970
368  80  0.0634 -0.0668 50.5679
400  80  0.0636 -0.0575 47.0804
432  80  0.0989 -0.0564 43.5745
464  80  0.1081 -0.0472 4095.9939
496  80  0.0440 -0.0081 71.8596
528  80  0.0531  0.1076 28.4444
560  80  0.0582  0.1426 50.5679
592  80  0.0760  0.0902 43.5745
688  80  0.0692  0.1043 341.3332
720  80  0.0469  0.1388 80.3137
752  80  0.0058  0.4834 87.1489
784  80 -0.0020  1.3093 95.2558
816  80  0.0000  1.8040 117.0285
 16 144 -0.0070 -0.0451 43.2361
 48 144 -0.0091 -0.1051 35.8503
 80 144  0.0058 -0.1314 110.2799
112 144 -0.0049 -0.0820 152.9843
144 144 -0.0079 -0.0433 257.8373
176 144  0.0427 -0.0228 217.8841
208 144  0.0050 -0.0423 52.0528
240 144  0.0152 -0.0248 115.2545
272 144  0.0273 -0.0070 21.1905
304 144  0.0508  0.0077 102.1977
336 144  0.0498  0.0057 116.2685
368 144  0.0843 -0.0291 208.9381
400 144  0.0564  0.0271 227.1718
432 144  0.0717  0.0783 144.0673
464 144  0.0775  0.0205 160.0074
496 144  0.0824  0.0424 176.1692
528 144  0.0453  0.0113 187.8642
560 144  0.0613  0.0357 60.4881
592 144  0.0463  0.0438 128.0443
624 144  0.0799  0.0124 104.6225
656 144 -0.0007  0.0146 263.5471
688 144  0.0361  0.0172 91.5878
720 144  0.0262  0.0279 149.3218
752 144  0.0828  0.0463 151.0598
784 144  0.0532 -0.0056 80.1466
816 144  0.0493  0.0070 161.2976
848 144  0.0990 -0.0248 194.5798
880 144  0.0289 -0.0102 79.9882
912 144  0.0649 -0.0163 144.5153
944 144  0.0200 -0.0202 103.1890
976 144  0.0324 -0.0179 73.7930
1008 144  0.0777 -0.0040 69.3613
1040 144 -0.0307 -0.0240 94.4804
1072 144  0.0259  0.0381 129.8325
1104 144  0.0059  0.0359 38.4635
1136 144  0.0068 -0.0070 48.5217
1168 144  0.0003  0.0693 60.4767
 16 176 -0.0086 -0.0416 85.9634
 48 176 -0.0305 -0.1706 81.0810
 80 176 -0.0103 -0.0642 414.2430
112 176 -0.0072 -0.1240 194.6913
144 176 -0.0160 -0.0851 265.9130
176 176 -0.0049 -0.0406 218.5947
208 176 -0.0269 -0.0471 99.7328
240 176 -0.0248 -0.0326 81.5391
272 176  0.0096 -0.0186 239.5665
304 176  0.0180 -0.0292 170.9237
336 176  0.0481  0.0223 262.8183
368 176  0.0525 -0.0334 234.6411
400 176  0.1028  0.0425 145.8790
432 176  0.0278  0.0461 139.7421
464 176  0.0669  0.0058 177.1993
496 176  0.0237  0.0743 235.8434
528 176  0.0026  0.0947 79.7863
560 176  0.0750 -0.0040 274.1889
592 176  0.0277  0.0476 82.1825
624 176  0.0673  0.0222 254.5912
656 176  0.0842 -0.0015 225.2133
688 176  0.0440 -0.0348 119.9223
720 176  0.0763  0.0032 138.8702
752 176 -0.0364 -0.0102 236.6409
784 176  0.0442 -0.0275 114.2902
816 176  0.1274  0.0379 66.9989
848 176  0.0912  0.0380 201.9910
880 176  0.0379 -0.0084 64.4868
912 176  0.0416 -0.0070 154.3873
944 176  0.0138  0.0094 131.0429
976 176  0.0134  0.0135 122.6343
1008 176  0.0481  0.0056 107.3570
1040 176  0.0499  0.0110 42.8749
1072 176  0.0325  0.0387 123.6777
1104 176 -0.0811  0.0037 95.3531
1136 176  0.0071  0.0481 136.6131
1168 176 -0.0466  0.0818 183.4061
 16 208 -0.0185 -0.1172 89.3148
 48 208 -0.0132 -0.1911 332.2379
 80 208 -0.1015 -0.0231 364.7223
112 208 -0.0537 -0.1146 201.2197
144 208 -0.1064 -0.0852 96.1089
176 208 -0.0336 -0.0764 260.1456
208 208 -0.0057 -0.0711 231.8616
240 208 -0.0218 -0.0373 179.6674
272 208  0.0082 -0.0316 139.2219
304 208  0.0108 -0.0174 153.0958
336 208  0.0207  0.0014 223.3162
368 208  0.0224 -0.0085 314.0821
400 208 -0.0424 -0.0188 127.6834
432 208  0.0586  0.0235 184.0711
464 208  0.0532  0.0849 255.8263
496 208  0.0636  0.0534 142.7670
528 208  0.0305  0.0736 159.1969
560 208  0.0292  0.0586 150.4721
592 208  0.0541  0.0827 90.5704
624 208  0.0526  0.0299 202.9044
656 208  0.0677  0.0212 66.0968
688 208  0.0802  0.0046 94.9680
720 208  0.0539 -0.0005 137.4100
752 208  0.0652  0.0047 168.6479
784 208  0.0606  0.0062 202.8168
816 208  0.0385 -0.0397 187.0975
848 208  0.0945 -0.0360 181.5441
880 208  0.0783 -0.0336 252.5987
912 208  0.0469  0.0125 52.7059
944 208  0.0546  0.0215 80.4793
976 208  0.0982 -0.0288 156.0716
1008 208  0.0314  0.0277 153.0420
1040 208  0.0359  0.0100 167.0753
1072 208  0.0097  0.0148 168.8932
1104 208  0.0082  0.0437 82.6007
1136 208  0.0159  0.0259 90.9625
1168 208  0.0216  0.0247 222.5471
 16 240 -0.0519 -0.2702 73.1999
 48 240 -0.0414 -0.1325 28.3377
 80 240  0.0101 -0.1003 339.0515
112 240 -0.0450 -0.1595 45.6301
144 240 -0.0798 -0.0794 77.3246
176 240 -0.0277 -0.1104 224.6058
208 240  0.0151 -0.0193 42.5931
240 240 -0.0049 -0.0661 183.4095
272 240  0.0008 -0.0441 88.7473
304 240  0.0220 -0.0259 190.7100
336 240  0.0365  0.0171 179.0439
368 240  0.0250 -0.0049 59.8065
400 240  0.0395  0.0278 306.0616
432 240  0.0503  0.0083 82.6725
464 240  0.0265  0.0463 190.6605
496 240  0.0752  0.0920 231.5406
528 240  0.0706  0.0566 104.0580
560 240  0.0717  0.0407 133.6575
592 240  0.0384  0.0336 163.6768
624 240  0.0482  0.0219 156.3913
656 240  0.0842  0.0370 124.8358
688 240  0.0954 -0.0063 177.1920
720 240  0.0657 -0.0282 191.9118
752 240  0.0919 -0.0133 207.8673
784 240  0.0712 -0.0139 104.9476
816 240  0.0400 -0.0110 104.6687
848 240  0.1155 -0.0150 158.0780
880 240  0.0824 -0.0118 109.2331
912 240  0.0355 -0.0095 80.0260
944 240  0.0515 -0.0276 71.8228
976 240  0.0363 -0.0042 134.1668
1008 240  0.1089  0.0182 81.1396
1040 240  0.0530 -0.0085 91.4447
1072 240  0.0573  0.0639 154.0884
1104 240  0.0204  0.0240 127.1733
1136 240  0.0022  0.0193 280.8856
1168 240  0.0098  0.0534 101.3190
 16 272 -0.0531 -0.1261 251.4368
 48 272 -0.0062 -0.0678 17.6984
 80 272 -0.0549 -0.1466 254.9462
112 272 -0.0419 -0.1546 195.4326
144 272 -0.0274 -0.1269 112.4205
176 272 -0.0397 -0.1574 171.1076
208 272 -0.0271 -0.0451 343.0234
240 272 -0.0427 -0.0519 46.2965
272 272 -0.0203 -0.0579 144.2507
304 272 -0.0195 -0.0296 140.2776
336 272  0.0298 -0.0052 198.5776
368 272  0.0533 -0.0016 149.1392
400 272  0.0448  0.0330 263.5281
432 272  0.0472  0.0434 140.4506
464 272  0.0480  0.0359 92.4581
496 272  0.0731  0.0989 233.8992
528 272  0.0488  0.0104 143.6201
560 272  0.0400  0.0530 38.8067
592 272  0.0634  0.0545 200.7496
624 272  0.0447  0.0284 128.4221
656 272  0.0344  0.0105 179.0384
688 272  0.0283 -0.0021 106.5845
720 272  0.0762  0.0058 74.9915
752 272  0.0594 -0.0437 119.9214
784 272  0.0998 -0.0546 102.7080
816 272  0.0241 -0.0522 234.4791
848 272  0.0961 -0.0662 111.7147
880 272  0.0730 -0.0222 70.9076
912 272  0.0835 -0.0449 55.9542
944 272  0.0524 -0.0090 147.3988
976 272  0.0438 -0.0273 183.4344
1008 272  0.0386  0.0113 124.2662
1040 272  0.0347  0.0029 102.2417
1072 272  0.0279  0.0084 80.3902
1104 272  0.0174  0.0073 63.3517
1136 272  0.0189  0.0450 67.4407
1168 272  0.0188  0.0499 86.7478
 16 304 -0.0934 -0.1372 142.1146
 48 304 -0.0803 -0.3020 39.7356
 80 304 -0.0840 -0.2180 154.7446
112 304 -0.1178 -0.2206 63.1498
144 304 -0.2474 -0.1907 155.4135
176 304 -0.0719 -0.0891 149.8538
208 304 -0.0787 -0.1227 268.9027
240 304 -0.0263 -0.1025 179.6543
272 304 -0.0092 -0.1166 36.6797
304 304  0.0192 -0.0612 208.1146
336 304  0.0327 -0.0222 225.0298
368 304  0.0235 -0.0395 137.1231
400 304  0.0079  0.0040 31.0396
432 304  0.0319  0.0235 118.4252
464 304  0.1023  0.0528 206.3703
496 304  0.0621  0.0679 152.0871
528 304  0.0915  0.0291 77.0379
560 304  0.0607  0.0119 174.7081
592 304  0.0510  0.0119 173.2938
624 304  0.0282  0.0164 139.1725
656 304  0.0769  0.0073 114.0688
688 304  0.1371  0.0130 87.8297
720 304  0.0786  0.0029 164.4309
752 304  0.0175 -0.0128 85.9314
784 304  0.0893 -0.0214 161.8562
816 304  0.0837 -0.0581 123.2104
848 304  0.1336 -0.0384 109.8593
880 304  0.0620  0.0266 138.8586
912 304  0.0997 -0.0665 91.4486
944 304  0.0930 -0.0340 92.1785
976 304  0.0755 -0.0162 152.4330
1008 304  0.0608  0.0046 55.8757
1040 304  0.0062  0.0431 83.8373
1072 304 -0.0122  0.0449 172.2001
1104 304 -0.0423  0.0909 172.1597
1136 304 -0.0071  0.0587 92.8761
1168 304 -0.0220  0.0417 71.0761
 16 336 -0.1351 -0.4321 134.1889
 48 336 -0.2206 -0.1280 33.2832
 80 336 -0.4892 -0.1345 82.3563
112 336 -0.1008 -0.1971 158.9862
144 336 -0.1558 -0.2428 268.9575
176 336 -0.0984 -0.1138 98.5136
208 336 -0.1538 -0.1784 355.2013
240 336 -0.0553 -0.0958 100.9207
272 336 -0.0313 -0.0802 32.9366
304 336 -0.0292 -0.1229 309.1883
336 336  0.0013 -0.0897 171.0406
368 336  0.0293 -0.0386 157.3637
400 336 -0.0072 -0.0362 26.9226
432 336  0.0910  0.0254 147.9213
464 336  0.0529 -0.0001 77.4608
496 336  0.0586  0.0904 63.8516
528 336  0.0597  0.0546 164.5046
560 336  0.0867  0.0449 105.8067
592 336  0.0690  0.0173 249.5665
624 336  0.0739  0.0649 112.6702
656 336  0.0799 -0.0131 139.1033
688 336  0.0468 -0.0031 118.9806
720 336  0.0419 -0.0189 178.4030
752 336  0.0460 -0.0342 116.4682
784 336  0.0885 -0.0327 243.5883
816 336  0.1016 -0.0471 99.5094
848 336  0.1037 -0.0601 129.9057
880 336 -0.0043 -0.0447 127.5938
912 336  0.0177 -0.0254 138.9742
944 336 -0.0166 -0.0812 215.5616
976 336  0.0584 -0.0144 97.0805
1008 336  0.0451 -0.0110 118.5023
1040 336  0.0180  0.0271 73.7583
1072 336  0.0242  0.0197 109.8229
1104 336  0.0249  0.0705 218.0432
1136 336 -0.0064  0.0510 115.1607
1168 336  0.0002  0.0338 100.6164
 16 368 -0.3849 -0.2415 39.5856
 48 368 -0.1567 -0.1698 37.4740
 80 368 -0.0723 -0.1046 274.3263
112 368 -0.0620 -0.5989 39.3632
144 368 -0.1490 -0.1243 43.3061
176 368 -0.0331 -0.0978 30.9428
208 368 -0.0839 -0.2622 141.4904
240 368 -0.0594 -0.2148 55.0472
272 368 -0.0404 -0.2653 45.5392
304 368 -0.0092 -0.1194 104.3994
336 368 -0.0855 -0.0747 312.8696
368 368  0.0222 -0.0571 284.8278
400 368  0.0512 -0.0144 373.7011
432 368  0.0489  0.0204 190.0441
464 368  0.0607  0.0194 90.8444
496 368  0.0748  0.0330 290.7796
528 368  0.0586  0.0473 91.7576
560 368  0.0395  0.0340 117.9983
592 368  0.1691  0.0445 280.8035
624 368  0.1150  0.0115 140.9972
656 368  0.0746 -0.0387 170.2386
688 368  0.0202  0.0145 205.3453
720 368  0.0715 -0.0732 151.8954
752 368  0.0669 -0.0092 110.4277
784 368  0.1384 -0.0500 137.9368
816 368  0.0840  0.0214 274.6103
848 368  0.0745  0.0050 75.0011
880 368  0.0350 -0.0646 156.4526
912 368  0.0540 -0.0373 130.7989
944 368  0.0506 -0.0399 216.1702
976 368  0.0926  0.0047 69.5265
1008 368  0.0300  0.0041 334.0994
1040 368  0.0318  0.0235 220.1967
1072 368  0.0002  0.0417 108.2797
1104 368  0.0508  0.0500 109.5037
1136 368 -0.0096  0.0707 119.2252
1168 368 -0.0124  0.0671 127.9531
 16 400 -0.4739 -0.2235 45.2189
 48 400 -0.1025 -0.2202 26.3567
 80 400 -0.3213 -0.3840 176.4711
112 400 -0.1603 -0.3561 99.6640
144 400 -0.2720 -0.1651 24.8049
176 400 -0.3406 -0.2369 220.4715
208 400 -0.0099 -0.5677 146.8528
240 400 -0.0951 -0.0790 47.8713
272 400 -0.1375 -0.2179 258.7194
304 400 -0.0367 -0.1542 179.5221
336 400 -0.0470 -0.1246 131.8813
368 400  0.0027 -0.0836 153.5686
400 400  0.0358 -0.0373 61.7542
432 400  0.0449 -0.0198 234.0811
464 400  0.0717  0.0089 193.1644
496 400  0.0676  0.0340 54.1401
528 400  0.0694  0.0051 180.8425
560 400  0.1145  0.0591 181.1472
592 400  0.0390  0.0256 134.1722
624 400  0.0418  0.0233 179.2896
656 400  0.0428  0.0108 115.7070
688 400  0.0413  0.0043 182.4341
720 400  0.1041 -0.0282 109.2215
752 400  0.0938 -0.0259 85.9881
784 400  0.1226 -0.0348 162.9548
816 400  0.1011 -0.0976 138.5793
848 400  0.0864 -0.0591 169.2284
880 400  0.1485 -0.0120 197.9250
912 400  0.1638 -0.0666 135.7720
944 400  0.1023 -0.0071 141.5808
976 400  0.0568  0.0032 78.0517
1008 400  0.0169  0.0709 68.0254
1040 400  0.0342  0.0285 223.4496
1072 400  0.0017  0.0436 115.6245
1104 400 -0.0128  0.0941 139.5056
1136 400  0.0120  0.0988 72.7797
1168 400 -0.0463  0.0988 110.9071
 16 432 -0.6056 -0.4292 43.1663
 48 432 -0.3161 -0.3117 180.1315
 80 432 -0.2157 -0.5556 178.0085
112 432 -0.1252 -0.2899 17.9459
144 432 -0.2997 -0.3410 320.2793
176 432 -0.1606 -0.1138 159.2295
208 432 -0.1252 -0.3414 52.5951
240 432 -0.1684 -0.2417 274.3011
272 432 -0.1365 -0.3082 214.8896
304 432 -0.0441 -0.0925 325.6557
336 432 -0.0261 -0.1629 297.4187
368 432 -0.0009 -0.1232 191.9827
400 432  0.0271 -0.0295 246.7789
432 432  0.0352 -0.0268 75.7027
464 432  0.0690  0.0172 80.1054
496 432  0.0871  0.0201 175.2330
528 432  0.0379  0.0461 70.3508
560 432  0.0003 -0.0153 120.9366
592 432  0.0713  0.0258 85.5149
624 432  0.0291  0.0345 105.0582
656 432  0.0542  0.0010 79.3427
688 432  0.1034 -0.0348 104.0337
720 432  0.0507 -0.0119 153.8736
752 432  0.1178 -0.0626 121.5245
784 432  0.1487 -0.0455 121.4238
816 432  0.1380 -0.0648 128.3857
848 432  0.1356 -0.0675 217.1525
880 432  0.0944 -0.0882 160.6669
912 432  0.0682 -0.0440 99.9987
944 432  0.0559 -0.0045 58.3557
976 432  0.0669  0.0429 73.5146
1008 432  0.0308  0.0039 93.6327
1040 432  0.0114  0.0497 131.7443
1072 432  0.0231  0.0687 24.2003
1104 432  0.0048  0.0463 153.6809
1136 432 -0.0139  0.1174 90.5258
1168 432 -0.0327  0.1868 175.5959
 16 464 -0.2931 -0.2007 20.1840
 48 464 -0.5878 -0.5270 96.5934
 80 464 -0.7497 -0.4969 108.8107
112 464 -0.2661 -0.7186 157.5646
144 464 -0.2478 -0.1629 60.1925
176 464 -0.4593 -0.4235 125.7695
208 464 -0.3598 -0.3179 130.5715
240 464 -0.2154 -0.3147 177.3081
272 464 -0.2104 -0.3037 263.1949
304 464 -0.0687 -0.2545 72.5152
336 464 -0.0127 -0.1531 221.0706
368 464  0.0177 -0.1671 207.7542
400 464  0.0120 -0.0666 68.7147
432 464  0.0066 -0.0516 63.9436
464 464  0.0683 -0.0273 145.4341
496 464  0.0054  0.0144 13.2513
528 464  0.0550  0.0401 156.7228
560 464  0.0738  0.0133 126.4249
592 464  0.0888  0.0608 105.9845
624 464  0.1333  0.0853 123.0807
656 464  0.0214 -0.0118 271.3661
688 464  0.0443  0.0097 149.4383
720 464  0.1057 -0.0412 90.7969
752 464  0.0308 -0.0489 57.9914
784 464  0.0695 -0.0016 81.4076
816 464  0.1220 -0.0625 115.7890
848 464  0.1309 -0.0728 94.9545
880 464  0.0912 -0.0514 65.7242
912 464  0.0724 -0.0228 226.2314
944 464  0.0551  0.0320 58.2933
976 464  0.0232  0.0180 168.9771
1008 464  0.0428  0.0461 40.4724
1040 464 -0.0072  0.0227 220.4033
1072 464 -0.0184  0.1772 168.6921
1104 464 -0.0295  0.0883 170.7558
1136 464 -0.0172  0.0650 66.8927
1168 464 -0.0649  0.0624 97.7602
 16 496 -0.3111 -0.2270 116.8871
 48 496 -0.4802 -0.3469 34.3491
 80 496 -0.7066 -0.8162 30.8673
112 496 -0.3925 -0.6033 248.9664
144 496 -0.3715 -0.5794 101.5504
176 496 -0.4287 -0.7262 123.9985
208 496 -0.2383 -0.2385 27.3076
240 496 -0.1736 -0.7009 111.5155
272 496 -0.0649 -0.2513 24.1669
304 496 -0.0823 -0.0984 220.7015
336 496 -0.0817 -0.0822 176.2677
368 496 -0.0215 -0.1255 30.2005
400 496 -0.0267 -0.1199 82.6915
432 496  0.0364 -0.0175 189.6243
464 496  0.0628 -0.0553 227.7924
496 496  0.0341  0.0173 186.8456
528 496  0.0982  0.0014 148.1323
560 496  0.0819 -0.0015 262.4196
592 496  0.1430 -0.0473 39.3780
624 496  0.1262  0.0168 98.8959
656 496  0.1323  0.0067 110.3522
688 496  0.1074 -0.0130 112.9576
720 496  0.1396 -0.0587 162.5685
752 496  0.1677 -0.0150 94.4408
784 496  0.0842 -0.0131 83.9614
816 496  0.0984 -0.0806 102.5931
848 496  0.0729 -0.0834 71.9736
880 496  0.0851 -0.0329 149.2348
912 496  0.0229 -0.0281 46.3254
944 496  0.0903 -0.0029 309.2040
976 496  0.0447  0.0487 36.1584
1008 496  0.1048 -0.0429 167.0097
1040 496 -0.0175  0.0442 70.1946
1072 496 -0.0083  0.0095 89.6894
1104 496 -0.0708  0.1499 70.8139
1136 496 -0.0578  0.0743 42.3526
1168 496 -0.0173  0.1144 119.6633
 16 528 -0.3548 -0.3248 45.6360
 48 528 -0.1664 -0.2278 21.8640
 80 528 -0.2419 -0.3186 22.5457
112 528 -0.6417 -0.4840 158.6080
144 528 -0.9967 -1.0278 60.0524
176 528 -0.4664 -0.5686 109.3914
208 528 -0.4285 -0.6507 132.7005
240 528 -0.2550 -0.3018 19.6444
272 528 -0.2469 -0.4510 172.2327
304 528 -0.3118 -0.3842 44.6487
336 528 -0.1251 -0.3815 245.1463
368 528 -0.0130 -0.3450 140.0372
400 528  0.0184 -0.1968 186.2771
432 528  0.0605 -0.0590 164.7171
464 528  0.0597 -0.1198 224.3794
496 528  0.0680  0.0054 52.6412
528 528  0.0685  0.0028 133.1468
560 528  0.0715  0.0254 159.5637
592 528  0.1432  0.0290 65.1799
624 528  0.0706  0.0202 24.7304
656 528  0.1360 -0.0073 123.2496
688 528  0.0960  0.0002 84.3725
720 528  0.0878 -0.0221 140.5321
752 528  0.1083 -0.0163 57.2682
784 528  0.0695 -0.0736 108.1929
816 528  0.1569 -0.1138 109.0113
848 528  0.0578 -0.0557 117.1703
880 528  0.0815 -0.0208 197.1014
912 528  0.0817 -0.0074 111.9387
944 528  0.0151  0.0135 147.4302
976 528 -0.0008  0.0680 235.2131
1008 528 -0.0325  0.1006 86.0136
1040 528  0.0008  0.1301 101.5798
1072 528 -0.0013  0.1118 105.5930
1104 528 -0.0957  0.1413 101.1008
1136 528 -0.0523  0.0759 106.4849
1168 528 -0.1043  0.0891 103.8660
 16 560 -0.3442 -0.2843 59.1557
 48 560 -0.5034 -0.3038 142.0247
 80 560 -0.4882 -0.2296 58.6342
112 560 -0.2057 -0.1506 193.8399
144 560 -1.0079 -0.8627 33.2431
176 560 -0.8067 -0.8165 196.3860
208 560 -0.4428 -0.8888 89.4085
240 560 -0.5087 -1.1313 134.5537
272 560 -0.4061 -0.6641 64.7836
304 560 -0.2374 -0.4896 191.0066
336 560 -0.0879 -0.4102 223.5700
368 560 -0.0850 -0.3312 106.5316
400 560  0.0626 -0.0218 81.9653
432 560  0.0685 -0.1316 94.2264
464 560  0.0885 -0.0607 114.8209
496 560  0.1085 -0.0470 50.2466
528 560  0.1172 -0.0330 169.7844
560 560  0.1647  0.0249 103.2439
592 560  0.1420  0.0037 175.1133
624 560  0.1222 -0.0272 97.4673
656 560  0.0984 -0.0032 58.2603
688 560  0.0573 -0.0301 50.5704
720 560  0.1364 -0.0593 119.7118
752 560  0.1514 -0.0890 86.8195
784 560  0.1201 -0.1534 217.5804
816 560  0.1202 -0.3197 131.7713
848 560  0.0828 -0.1181 129.2661
880 560  0.0933 -0.0367 117.8075
912 560  0.0351 -0.0655 85.1631
944 560  0.0340  0.0214 81.3718
976 560 -0.0653  0.0937 143.1622
1008 560 -0.0372  0.0743 108.7479
1040 560 -0.1106  0.0882 105.8521
1072 560 -0.1845  0.0877 128.3291
1104 560 -0.0896  0.1623 88.8835
1136 560 -0.1071  0.1298 124.6188
1168 560 -0.0464  0.1087 55.9987
 16 592 -0.1202 -0.0804 97.4312
 48 592 -0.2307 -0.1809 73.1487
 80 592 -0.3475 -0.4134 110.3336
112 592 -0.9429 -0.7140 205.0553
144 592 -0.8056 -0.8876 49.4989
176 592 -0.9626 -0.9507 86.0169
208 592 -0.9627 -1.1296 170.1165
240 592 -0.0714 -0.1239 13.0324
272 592 -0.2856 -0.6669 80.5532
304 592 -0.1689 -0.3510 112.0078
336 592 -0.5952 -0.2003 107.5507
368 592 -0.2167 -0.4174 117.2562
400 592 -0.2433 -0.4724 170.0329
432 592 -0.0935 -0.1727 30.4083
464 592  0.0425 -0.1013 209.4315
496 592  0.0364 -0.0448 70.6702
528 592  0.1095 -0.0135 79.0435
560 592  0.1463  0.0173 235.3612
592 592  0.1513 -0.0005 55.2447
624 592  0.1574 -0.0184 97.0192
656 592  0.1468 -0.0423 249.5257
688 592  0.1400 -0.1564 98.5304
720 592  0.1597 -0.1359 105.0183
752 592  0.1755 -0.2416 179.1855
784 592  0.0348 -0.2084 126.5583
816 592  0.0232 -0.2241 83.6372
848 592  0.0376 -0.1154 232.3942
880 592  0.0394 -0.0959 105.2210
912 592  0.0072 -0.0194 94.7709
944 592 -0.0005 -0.0399 111.3706
976 592 -0.0940  0.1202 71.0786
1008 592 -0.1136  0.1275 141.9862
1040 592 -0.0063  0.2289 217.0491
1072 592 -0.0717  0.1655 79.3230
1104 592 -0.1460  0.1884 121.0983
1136 592 -0.1191  0.1979 102.6341
1168 592 -0.0591  0.0839 24.5252
 16 624 -0.1394 -0.1008 17.6690
 48 624 -0.8077 -0.7086 55.6713
 80 624 -0.4075 -0.2662 38.9389
112 624 -0.3437 -0.4923 176.1154
144 624 -0.5899 -0.7408 175.6984
176 624 -1.1179 -1.0947 115.0839
208 624 -0.8177 -0.9918 114.8816
240 624 -0.2734 -0.2143 13.0689
272 624 -0.0147  0.0066 22.5489
304 624 -0.9039 -0.5323 13.2570
336 624 -1.0712 -0.8022 114.9917
368 624 -1.1268 -0.6290 145.9889
400 624 -0.3465 -0.3115 86.0236
432 624 -0.2984 -0.2655 137.8318
464 624 -0.1931 -0.2506 160.2920
496 624 -0.0905 -0.1063 119.1902
528 624  0.0443 -0.0544 143.8883
560 624  0.1346 -0.0103 162.7628
592 624  0.1189 -0.0342 129.0575
624 624  0.1303 -0.0450 35.5865
656 624  0.1288 -0.1923 82.2070
688 624  0.1011 -0.2438 204.2767
720 624 -0.0008 -0.0938 294.9377
752 624  0.1704 -0.6578 175.0155
784 624  0.1384 -0.3193 103.9282
816 624  0.0395 -0.4722 109.5977
848 624  0.0319 -0.3516 117.5812
880 624  0.0122 -0.2554 70.4538
912 624 -0.0323 -0.0800 154.5136
944 624 -0.0519 -0.0457 109.3514
976 624 -0.0915  0.1465 72.7499
1008 624 -0.1305  0.1247 172.9810
1040 624 -0.1725  0.1929 142.4696
1072 624 -0.0692  0.1619 63.2799
1104 624 -0.1805  0.1206 99.6841
1136 624 -0.1229  0.1465 106.7353
1168 624 -0.1444  0.1787 102.6651
 16 656 -0.1196 -0.1322 140.7542
 48 656 -0.1735 -0.1352 305.1772
 80 656 -0.7252 -0.3185 185.9407
112 656 -0.8848 -0.3542 50.0967
144 656 -0.8661 -0.0250 30.9741
176 656 -1.0517 -0.9288 50.3924
208 656 -1.3559 -0.9181 55.4644
240 656 -0.9342 -1.1244 66.9604
272 656 -1.0645 -1.0845 29.2322
304 656 -2.0173 -1.5384 47.9138
336 656 -0.9043 -0.7293 31.1043
368 656 -0.7744 -0.5962 90.3720
400 656 -0.9138 -0.7898 107.8572
432 656 -1.2300 -0.5058 38.7118
464 656 -0.4028 -0.2350 19.5771
496 656 -0.1915 -0.2001 116.3672
528 656 -0.0904 -0.1212 37.5615
560 656  0.0885 -0.0612 93.2178
592 656  0.0986 -0.0297 197.8973
624 656  0.1289 -0.1188 134.4818
656 656  0.2149 -0.1380 191.0598
688 656  0.1316 -0.4206 45.4610
720 656  0.1169 -0.9112 103.1617
752 656  0.1551 -0.9313 70.4680
784 656  0.2660 -0.9580 125.5617
816 656  0.0176 -0.8950 69.5806
848 656  0.0031 -0.5577 37.0883
880 656  0.1559 -0.4995 112.3630
912 656  0.1347 -0.2107 109.9428
944 656 -0.0159 -0.0502 100.6178
976 656 -0.0424 -0.0641 111.6822
1008 656 -0.1143  0.0923 114.2978
1040 656 -0.2315  0.1640 136.6925
1072 656 -0.2331  0.1006 84.4776
1104 656 -0.1372  0.1471 81.9842
1136 656 -0.1698  0.1272 129.3757
1168 656 -0.1546  0.0548 120.4141
 16 688 -0.0341 -0.0443 50.4314
 48 688 -0.3647 -0.2666 166.4397
 80 688 -0.7211 -1.2267 74.1474
112 688 -0.1409 -0.4627 45.6276
144 688 -0.9036 -0.6014 52.0868
176 688 -1.4546 -0.7681 225.2687
208 688 -1.4135 -1.2369 144.6475
240 688 -1.5903 -1.2697 85.7456
272 688 -1.2801 -0.9561 125.5592
304 688 -1.8670 -0.8837 188.8129
336 688 -1.5039 -0.7962 147.1600
368 688 -1.7281 -0.7548 74.2852
400 688 -1.6901 -0.5840 138.3913
432 688 -1.2993 -0.5401 88.6718
464 688 -1.2636 -0.4163 107.7031
496 688 -0.9614 -0.5657 81.4346
528 688 -0.2610 -0.3606 124.8964
560 688 -0.0762 -0.1394 35.1317
592 688  0.0152 -0.0685 161.4212
624 688  0.1035 -0.1819 209.4714
656 688 -0.0800 -0.2002 46.1031
688 688 -2.6210 -0.0261 20.0750
720 688 -0.9459  0.5782 12.3230
752 688 -0.0182  0.1344 14.1134
784 688  0.4637 -0.9502 74.9821
816 688 -0.0430 -0.9763 15.6337
848 688  0.2113 -0.5912 40.9737
880 688  0.2543 -0.9101 79.5066
912 688  0.0334 -0.6754 65.6191
944 688  0.0964 -0.2899 63.7711
976 688 -0.0596 -0.0999 86.7987
1008 688 -0.1441 -0.0056 102.8677
1040 688 -0.1267  0.0270 136.8377
1072 688 -0.1868  0.0982 61.4649
1104 688 -0.1402  0.1426 190.1955
1136 688 -0.2445  0.1306 89.4729
1168 688 -0.1515  0.0598 251.0385
 16 720 -0.1205 -0.0776 140.7938
 48 720 -0.0661 -0.0157 133.6526
 80 720 -0.2257 -0.1004 193.9249
112 720 -0.0566 -0.0862 62.7250
144 720 -0.1540 -0.1458 108.0959
176 720 -0.9576 -1.3576 112.9595
208 720 -1.3743 -1.1270 115.6488
240 720 -1.0306 -1.0226 281.0934
272 720 -1.2135 -0.8988 15.5773
304 720 -1.7309 -1.0890 84.3589
336 720 -1.0337 -0.3340 175.4805
368 720 -0.9895  0.0161 221.9841
400 720 -1.8215  0.3745 75.0659
432 720 -2.9169 -0.0531 58.9610
464 720 -1.8789 -0.7837 114.0274
496 720 -1.1177 -0.8622 41.5143
528 720 -0.3668 -0.3773 192.2702
560 720 -0.1156 -0.4331 77.7462
592 720  0.0492 -0.1742 113.0261
624 720 -0.0320 -0.1872 48.3548
656 720 -0.1957 -0.2917 14.0675
688 720 -0.1854 -0.2273  9.6010
720 720 -1.1430  0.9458 10.9881
752 720  0.3184  0.2511 11.0950
784 720  0.1036 -1.3931 21.2658
816 720  0.0521  0.3968 17.7376
848 720  0.1179 -1.5990 18.6549
880 720 -1.3835 -0.2299 11.0306
912 720 -0.1084 -0.8785 14.1695
944 720  0.0123 -0.5840 94.7322
976 720 -0.0696 -0.6954 179.6855
1008 720 -0.0446 -0.1417 131.1575
1040 720 -0.0965 -0.0644 189.3705
1072 720 -0.0939  0.0379 34.9163
1104 720 -0.2167  0.0237 176.9753
1136 720 -0.2562  0.1000 82.1187
1168 720 -0.1370  0.0801 42.3219
 16 752 -0.0177 -0.0210 75.1971
 48 752 -0.0977 -0.0939 130.0721
 80 752 -0.2561 -0.0455 148.2691
112 752 -0.2735 -0.1723 168.0234
144 752 -0.3518 -0.2216 190.1871
176 752 -0.7157 -0.7440 77.8852
208 752 -0.9663 -0.7710 337.6172
240 752 -0.9944 -1.0199 121.7430
272 752 -1.5410 -1.1281 17.6335
304 752 -0.7613 -0.6071 139.5965
336 752 -0.3399  0.1444 148.4822
368 752 -0.6514  0.3613 107.1402
400 752 -0.3293  0.2714 11.1646
432 752  0.2155 -2.1434 10.4263
464 752  0.1935 -1.6240  7.9587
496 752  1.6302 -0.2898 32.2250
528 752 -0.4272 -0.6169 38.8872
560 752 -0.3749 -0.5886 83.9740
592 752 -0.1403 -0.2197 76.8390
624 752 -0.0327 -0.1277 109.6807
656 752 -0.0601  0.0230 11.9931
688 752 -0.1000 -0.1721 18.9635
720 752 -0.1968  0.2435 11.5752
752 752  0.1741 -0.1746 15.8689
784 752 -0.1444 -0.0537  9.9396
816 752  0.2812 -0.0092 10.6042
848 752 -0.0878  0.1740 14.4923
880 752 -0.8551  0.0096 10.1762
912 752 -0.0527 -0.1921 13.6206
944 752 -0.1712 -1.3985 68.1871
976 752 -0.4457 -0.2782 68.0799
1008 752  0.2198 -0.4845 90.4969
1040 752 -0.0434 -0.0357 149.7842
1072 752 -0.0874 -0.0118 27.2405
1104 752 -0.1058  0.0653 93.4078
1136 752 -0.2039  0.0873 93.2463
1168 752 -0.2086  0.1069 66.4100
 16 784  0.0079 -0.0032 29.4146
 48 784  0.0366 -0.0260 40.3590
 80 784 -0.0068 -0.0920 19.6991
112 784 -0.0264 -0.1005 368.4878
144 784 -0.0138 -0.0631 89.1473
176 784 -0.1111 -0.2311 125.7240
208 784 -0.5647 -0.4674 195.4606
240 784 -0.4963 -0.9174 231.7631
272 784 -0.3941 -0.6155 101.1749
304 784 -0.6638 -0.5505 48.7086
336 784 -0.1251  0.1680 225.2856
368 784  0.1754  0.8994 82.9461
400 784 -0.2619 -0.0170 38.6480
432 784  0.1947 -0.3164 12.6525
464 784  0.3093 -0.6877  9.0629
496 784  2.3197 -0.4797  4.9821
528 784  0.3859 -0.3530 31.5760
560 784 -0.1026 -0.1527 41.2805
592 784 -0.0810 -0.3816 122.8696
624 784 -0.0334  0.0216 27.8069
656 784 -0.0249  0.0143 13.9502
688 784 -0.2653  0.0504 11.0025
720 784 -0.0426  0.0248 17.2700
752 784 -0.0731 -0.0119 11.6126
784 784 -0.2303  0.0986 11.6739
816 784  0.0111 -0.0079  9.3313
848 784 -0.0891 -0.3242 10.7241
880 784 -0.1295 -0.0656 12.4466
912 784  0.0131 -0.1456 13.0291
944 784 -0.5988  0.3027 12.0423
976 784 -0.7641  0.0983  5.2004
1008 784 -0.0728  0.1123 34.1293
1040 784  0.2184 -0.0802 72.2736
1072 784 -0.1792  0.0889 66.6691
1104 784 -0.1408  0.0479 146.0916
1136 784 -0.2177  0.0362 60.6262
1168 784 -0.2259  0.0376 80.1168
 16 816  0.0140 -0.0091 42.3625
 48 816  0.0347 -0.0025 316.8169
 80 816 -0.0059 -0.0200 44.1612
112 816  0.0426 -0.0951 117.6851
144 816  0.0400 -0.0840 98.6715
176 816 -0.0508 -0.2027 54.2871
208 816  0.1918 -0.4508 128.2648
240 816 -0.0371 -0.8718 55.6488
272 816 -0.1171 -0.6459 136.7201
304 816  0.8599 -0.4026 229.8895
336 816  1.2998  0.7783 232.7026
368 816  0.5025 -0.4910 44.0416
400 816  0.0417 -1.8306 18.0517
432 816  0.2559 -1.7254 10.1754
464 816  0.4121 -0.3991 10.5572
496 816  0.3295 -0.3021  9.4902
528 816  0.1384 -0.1044  9.0772
560 816 -0.0885 -0.1905 55.1924
592 816 -0.0647 -0.1143 59.7850
624 816 -0.0647 -0.0015 59.5543
656 816 -0.0664 -0.0412 29.7803
688 816 -0.0378 -0.0120 12.3142
720 816 -0.0606  0.0720 11.0288
752 816 -0.4219  0.1435  8.4537
784 816 -0.2401 -0.0271 11.1201
816 816 -0.0708 -0.1170 10.2707
848 816 -0.0981 -0.0046 11.4218
880 816  0.1343  0.2473 12.6355
912 816 -0.1323  0.0824 16.1352
944 816 -0.3318  0.2897  6.1742
976 816  0.0124  0.3943  4.6467
1008 816  0.2064  0.1302 54.0631
1040 816  0.0668  0.0165 146.7362
1072 816 -0.1557 -0.2082 92.7366
1104 816 -0.1946  0.0146 100.0212
1136 816 -0.1310 -0.0252 213.5338
1168 816 -0.2234 -0.0137 115.4291
 16 848  0.1367  0.0063 65.9130
 48 848  0.1384 -0.0125 34.1519
 80 848  0.1476 -0.0476 89.0935
112 848  0.1795 -0.0544 43.9179
144 848  0.1368 -0.0156 27.8865
176 848  0.0608 -0.0731 21.2141
208 848  0.0900 -0.2834 79.8530
240 848  0.3549 -0.6925 225.6307
272 848  0.1983 -1.0082 166.4025
304 848  1.0327 -0.7959 142.9488
336 848  2.5167 -0.3450 20.4978
368 848  1.0414 -0.3837 13.0691
400 848  0.0282 -0.2917 31.2580
432 848  0.1502 -0.3003  9.6914
464 848  0.1255 -0.1919 11.9287
496 848  0.3056  0.1446  7.9121
528 848  0.0359 -0.0045  9.1840
560 848 -0.0392  0.0468 35.2348
592 848 -0.0296 -0.0076 85.4857
624 848 -0.0696  0.0986 52.2246
656 848 -0.0240  0.0491 167.6558
688 848 -0.0097  0.0269 21.9804
720 848  0.0149 -0.0198 10.6371
752 848  0.0960 -0.1086  6.7601
784 848 -0.1350  0.0533 11.2222
816 848 -0.0275 -0.0076 13.2144
848 848 -0.1566  0.0469 11.2290
880 848 -0.0477 -0.0168 23.7678
912 848 -0.1325  0.1493  9.9901
944 848 -0.1513  0.3440  9.7479
976 848  0.0592  0.2488 23.6284
1008 848  0.4371 -0.3738 35.9153
1040 848  0.1216 -0.3888 78.8893
1072 848 -0.0318 -0.2580 58.2592
1104 848 -0.1966 -0.1228 116.8787
1136 848 -0.2463 -0.0053 245.1663
1168 848 -0.0783 -0.0388 133.2591
 16 880  0.0190  0.0127 29.5276
 48 880  0.1120  0.0038 38.1437
 80 880  0.2554 -0.0386 114.5827
112 880  0.1073 -0.0620 246.0287
144 880  0.5576 -0.0539 56.8530
176 880  0.2329 -0.1703 326.6962
208 880  0.1974 -0.1897 79.9575
240 880  0.1777 -0.3801 20.3356
272 880  1.3694 -1.2137 108.5298
304 880  2.6851 -1.9448 76.3310
336 880  3.8153 -0.6739 31.5742
368 880 -0.0464  0.0633 15.0308
400 880 -0.0114  0.0845  8.7336
432 880 -0.0129  0.0484 17.6197
464 880  0.0857  0.0558 11.1651
496 880  0.2598  0.1552  4.3621
528 880 -0.0545 -0.0041 13.7263
560 880 -0.0463  0.1063 18.1458
592 880 -0.0385  0.0560 73.3311
624 880 -0.0902  0.0772 76.6328
656 880 -0.0887  0.0821 49.7600
688 880 -0.0886  0.1233 79.3259
720 880 -0.0048  0.0165 18.6391
752 880 -0.0896  0.0997 12.9806
784 880 -0.0680  0.0018 10.1156
816 880 -0.0327  0.2364  9.9809
848 880 -0.1318  0.1289 13.9984
880 880 -0.0712 -0.0341 10.9987
912 880 -0.0560  0.0698 13.7009
944 880  0.0610  0.0439 25.4851
976 880  0.2908  0.1943 26.0194
1008 880  0.0636 -0.3469 59.2025
1040 880  0.1046 -0.6439 83.3486
1072 880 -0.0204 -0.3649 24.7905
1104 880 -0.1073 -0.3139 184.9008
1136 880 -0.1888 -0.1621 111.2194
1168 880 -0.1845 -0.0969 164.6332
 16 912  0.0634 -0.0331 163.2883
 48 912  0.1128 -0.0213 21.7820
 80 912  0.1186 -0.0346 257.6765
112 912  0.3824 -0.0460 85.6574
144 912  0.1774 -0.1017 450.8586
176 912  0.0890 -0.0075 281.4685
208 912  0.3590 -0.3182 29.8627
240 912  0.7494 -0.9835 242.7208
272 912  1.2395 -1.3394 122.8948
304 912  2.0031 -1.8445 33.2290
336 912  0.2697 -0.1114  8.9548
368 912  0.2816  0.0851 10.7590
400 912  0.0602  1.1285 12.5686
432 912  0.1392  0.3058 11.0419
464 912  0.0548  0.3191  5.4195
528 912 -0.0645  0.0637  4.6123
560 912 -0.1027  0.0931 11.4366
592 912 -0.0089  0.0154 26.3048
624 912 -0.0297  0.0670 20.3550
656 912 -0.0551  0.1348 81.1271
688 912 -0.1174  0.1234 76.5130
720 912  0.0569  0.0412 11.8053
752 912 -0.1926  0.0713  6.9248
784 912  0.0234  0.0380 20.8863
816 912 -0.2922  0.2250  9.3369
848 912  0.0041  0.0259 10.4041
880 912 -0.0909  0.0258  7.8994
912 912 -0.0112  0.0937  8.6033
944 912 -0.0306  0.0928  8.6581
976 912  0.0542  0.1343 10.2438
1008 912  0.1894  0.2912  9.1932
1040 912  1.3958  0.3647 10.1485
1072 912  0.6066  0.0903 60.7190
1104 912  0.0144 -0.2098 133.3006
1136 912 -0.0783 -0.0953 135.1923
1168 912 -0.1380 -0.0861 106.3507
 16 944  0.0455  0.0073 19.0898
 48 944  0.0863 -0.0615 46.2061
 80 944  0.1870 -0.1832 51.8813
112 944  0.3713 -0.0543 187.0963
144 944  0.2010 -0.0582 150.4845
176 944  0.4656 -0.1692 157.3510
208 944  0.9870 -0.3109 261.1438
240 944  0.1012 -0.5860 18.3409
272 944  0.1224 -1.0459 96.7116
304 944  0.7993 -1.6015 78.0240
336 944 -0.1637  0.3493 11.4971
368 944 -0.0925  0.1838 11.0045
400 944 -0.0530  0.3745 12.7300
432 944  0.3105  0.3362  6.5134
464 944  0.0122  0.0118  4.5842
496 944 -0.0091  0.0059  9.0632
528 944 -0.0027  0.0022  4.8373
592 944 -0.0958  0.0843  5.7538
624 944 -0.0629  0.0571 21.0658
656 944 -0.0635  0.0204 29.0239
688 944 -0.0941  0.1287 73.0030
720 944  0.1068  0.0446  6.9532
752 944 -0.1154  0.0594  5.2862
784 944  0.0234  0.0339  4.6079
816 944 -0.0973 -0.0218  4.3610
848 944 -0.0088  0.0005  7.6879
880 944 -0.2530  0.1148  6.9453
912 944 -0.0294  0.0294  7.0140
944 944 -0.0717  0.1351 14.1011
976 944 -0.0286  0.2445 14.5672
1008 944 -0.3308  0.4028 10.9607
1040 944 -0.3949  1.1865  9.1217
1072 944 -0.1040  0.4531 59.4529
1104 944  0.0624 -0.0805 57.3489
1136 944 -0.0784 -0.0520 28.1018
1168 944 -0.0766 -0.1108 124.0094
 16 976  0.0914  0.0036 75.9414
 48 976  0.4393 -0.0015 20.3865
 80 976  0.8633 -0.0257 49.3346
112 976  0.5274 -0.0880 154.1317
144 976  0.3239 -0.1873 263.0641
176 976  0.0446 -0.0241 21.6616
208 976  0.2512 -0.1999 61.8518
240 976  0.1217 -0.1515 22.8424
272 976  0.1046 -0.8741 79.6078
304 976  0.0065 -1.0716 55.1782
336 976 -0.2138  0.2090 19.2075
368 976  0.0170  1.6092  6.9382
400 976  0.0829  0.9183  5.2581
432 976  0.1671  0.2203  7.0438
464 976  0.0810  0.0770 54.0780
496 976  0.1639 -0.2807 24.6735
528 976  0.0286 -0.0286 34.4576
560 976  0.0341 -0.0489  7.5199
592 976 -0.0507  0.0358  6.4226
624 976 -0.1008  0.1036  6.3445
656 976 -0.0201  0.1319  8.2602
688 976 -0.0608  0.0734  9.8949
720 976  0.0667  0.0507  4.6101
784 976 -0.0345 -0.0351  4.2349
816 976 -0.0497 -0.0300 12.2063
848 976 -0.0248  0.0324 31.9820
880 976 -0.2026  0.0453  8.3127
912 976 -0.0888  0.1410 11.0831
944 976 -0.1985  0.4663  9.0618
976 976 -0.1058  0.4512  8.8266
1008 976 -0.0282  0.0637 10.9523
1040 976 -0.0016  0.0893 23.3223
1072 976  0.0686  0.0612 35.7403
1104 976 -0.0360 -0.0888 87.5727
1136 976 -0.0245 -0.1331 140.7520
1168 976 -0.0672 -0.1077 86.4894
 16 1008  0.2514 -0.0185 140.1612
 48 1008  0.0896 -0.0276 40.1962
 80 1008  0.1254 -0.0714 48.2752
112 1008  0.0809 -0.0944 68.7320
144 1008  0.1646 -0.3120 190.4212
176 1008  0.1881 -0.1484 169.2604
208 1008  0.3511 -0.2441 88.9629
240 1008  0.0681 -0.6278 50.7800
272 1008  0.0755 -0.6008 44.5876
304 1008 -0.1113 -0.6435 28.2979
336 1008 -0.1270 -0.1843 37.9516
368 1008 -0.4050 -0.1279 63.6702
400 1008 -0.0745  0.0323 91.9449
432 1008  0.2689  0.0108 23.4880
464 1008  0.2301  0.0695 55.0622
496 1008  0.0369 -0.0091 22.3387
528 1008  0.0187 -0.0732 16.5428
560 1008 -0.0138 -0.0022 11.0668
592 1008  0.4615 -0.0533  4.8082
624 1008 -0.4359 -0.2105  4.8579
656 1008  0.1595 -0.0414  7.8285
784 1008 -0.0069 -0.0391  5.9828
816 1008 -0.0351 -0.0366 23.6488
848 1008 -0.0950  0.0025 64.5392
880 1008 -0.0632  0.0560 32.2745
912 1008 -0.0572  0.0776 12.4890
944 1008 -0.0448  0.0901 11.0262
976 1008  0.0129  0.0686 17.4543
1008 1008 -0.0773  0.2472 12.1808
1040 1008  0.0138  0.2223 27.4349
1072 1008 -0.0016  0.0102 55.1529
1104 1008 -0.0396 -0.0817 161.9427
1136 1008 -0.0480 -0.0989 21.3365
1168 1008 -0.0914 -0.0887 53.6270
 16 1040  0.0946 -0.0125 26.2849
 48 1040  0.1907 -0.0552 173.1428
 80 1040  0.3038 -0.0581 175.1868
112 1040  0.1360 -0.0616 233.1567
144 1040  0.1135 -0.0535 136.5383
176 1040  0.0570 -0.2280 239.3530
208 1040  0.5212 -0.1956 143.6328
240 1040  0.0608 -0.0886 266.6881
272 1040  0.0343 -0.1944 139.5728
304 1040  0.0819 -0.2173 61.9122
336 1040  0.0334 -0.0657 24.9904
368 1040 -0.3698 -0.2758 53.3866
400 1040  0.0755 -0.0207 82.9644
432 1040  0.2612 -0.0249 148.6863
464 1040  0.0838 -0.0187 22.4739
496 1040  0.2758 -0.1571 18.8400
528 1040  0.0438 -0.0588 18.3223
560 1040 -0.0255  0.0091 13.2022
592 1040  0.0710 -0.1068 17.9637
624 1040 -0.0630 -0.0700 16.5632
656 1040  0.1735 -0.0253 10.7235
752 1040 -0.0477 -0.0148  5.4432
784 1040 -0.0155 -0.0200 15.1147
816 1040 -0.0421 -0.0129 25.4205
848 1040 -0.0658  0.0691 35.5894
880 1040 -0.0202  0.0575 16.6253
912 1040 -0.0689  0.0424 97.0237
944 1040 -0.0339  0.0382 51.0392
976 1040 -0.0688  0.1342 120.7157
1008 1040 -0.0149  0.0342 72.7595
1040 1040 -0.0099  0.0151 79.8242
1072 1040 -0.0167  0.0251 60.0336
1104 1040 -0.0282 -0.0699 26.8562
1136 1040 -0.0156 -0.0061 58.3087
1168 1040 -0.0385 -0.0765 110.2584
 16 1072  0.1625  0.0113 68.3048
 48 1072  0.2222  0.0047 124.3043
 80 1072  0.3543 -0.0196 278.4023
112 1072  0.0947 -0.0470 173.1593
144 1072  0.0081 -0.0417 18.3066
176 1072  0.1412 -0.2043 60.4684
208 1072  0.0960 -0.0930 44.6827
240 1072  0.0530 -0.2126 59.0336
272 1072  0.1913 -0.2710 78.5828
304 1072  0.0364 -0.0912 19.8077
336 1072  0.0717 -0.1284 214.0039
368 1072  0.0843 -0.1713 187.6863
400 1072  0.1541  0.0001 20.0515
432 1072  0.1731 -0.1807 75.8564
464 1072  0.1161 -0.0563 21.7014
496 1072  0.0507 -0.0590 16.6604
528 1072  0.1300 -0.3701 51.2772
560 1072  0.0319 -0.2579 14.2348
592 1072 -0.0135 -0.0056  8.9455
624 1072 -0.0017  0.0068 12.3555
656 1072  0.0446 -0.0305 24.8805
688 1072  0.0297 -0.0256  4.2516
752 1072 -0.0075  0.0125  4.2262
784 1072 -0.0615  0.0805  7.3564
816 1072 -0.0281  0.0598 12.6724
848 1072 -0.0429  0.0450 27.0032
880 1072 -0.0310 -0.0094 20.2866
912 1072  0.0252 -0.0039 24.1796
944 1072  0.0282  0.0183 66.5992
976 1072  0.0476  0.0520 35.1518
1008 1072 -0.0031  0.0309 23.7331
1040 1072  0.0186  0.0200 119.2684
1072 1072  0.0196  0.0553 24.5232
1104 1072 -0.0027 -0.0035 160.3380
1136 1072 -0.0275 -0.0164 20.0782
1168 1072 -0.0405 -0.0494 84.6735
 16 1104  0.2271 -0.0163 27.9785
 48 1104  0.0607 -0.0251 88.6115
 80 1104  0.0514 -0.0044 25.1212
112 1104  0.0953 -0.1107 138.4830
144 1104  0.0771 -0.0339 137.0827
176 1104  0.0481 -0.0872 97.4352
208 1104  0.2185 -0.0608 20.8474
240 1104  0.0850 -0.3485 194.5140
272 1104  0.0698 -0.2474 147.9806
304 1104  0.1054 -0.1630 89.5126
336 1104  0.1415 -0.1503 284.8778
368 1104  0.1027 -0.1537 145.3058
400 1104  0.1605 -0.1268 55.8747
432 1104  0.1473 -0.1298 70.9865
464 1104  0.3058 -0.1012 88.8511
496 1104 -0.0209 -0.0227 13.8599
528 1104  0.0163 -0.0377 16.0828
560 1104  0.0085 -0.0335 12.8454
592 1104  0.0496 -0.0967 24.8758
624 1104  0.0103 -0.0271 19.7339
656 1104 -0.0071 -0.0007 18.1682
688 1104  0.1602 -0.1274  6.3071
848 1104 -0.0072  0.1044  5.0896
880 1104 -0.1568  0.1905  6.2831
912 1104 -0.0289  0.0460 13.8001
944 1104  0.0345  0.0640 14.8383
976 1104 -0.0038  0.0424  9.2345
1008 1104  0.0291  0.0469 20.6660
1040 1104 -0.0101  0.0356 29.7279
1072 1104  0.0081  0.0156 19.3369
1104 1104  0.0164  0.0078 19.7356
1136 1104  0.0255  0.0055 16.6643
1168 1104  0.0445 -0.0150 39.5672
 16 1136 -0.0120 -0.0106 21.4262
 48 1136  0.0759 -0.0195 116.1178
 80 1136  0.1816 -0.0177 157.2394
112 1136  0.1060 -0.0756 20.5555
144 1136  0.1005 -0.0992 132.0655
176 1136  0.1363 -0.1212 210.6770
208 1136  0.1051 -0.1338 93.8594
240 1136  0.0866 -0.2868 87.2115
272 1136  0.0816 -0.0980 152.3991
304 1136  0.0643 -0.0993 116.5358
336 1136  0.0854 -0.0850 113.9013
368 1136  0.1014 -0.1956 169.1130
400 1136  0.1684 -0.1537 67.8560
432 1136  0.2198 -0.1524 29.8702
464 1136  0.1757 -0.1083 41.6229
496 1136  0.0787 -0.0020 25.0005
528 1136  0.0553 -0.0301 16.0081
560 1136  0.0294 -0.0140 17.1323
592 1136  0.0136 -0.0292 11.2778
624 1136  0.0165  0.0210 29.1022
656 1136 -0.0480  0.0072 29.4331
688 1136  0.0347 -0.0393 14.7613
720 1136  0.0046 -0.2512  6.0977
752 1136  0.0614 -0.2264  5.7125
784 1136 -0.1735 -0.1318  5.6512
816 1136 -0.0615 -0.1546 10.6976
848 1136  0.1254 -0.1670 10.6665
880 1136  0.0854 -0.3476  4.3971
976 1136 -0.0164  0.0000  4.3230
1008 1136  0.0550  0.0788  5.1275
1040 1136 -0.0222  0.0544  4.8029
1072 1136  0.0454  0.1468  5.5149
1104 1136 -0.0473  0.0543  8.5566
1136 1136  0.0148 -0.0173  9.9454
1168 1136 -0.0287  0.0263 18.1418
 16 1168  0.0817  0.0083 24.5420
 48 1168  0.0219 -0.0362 20.3019
 80 1168  0.1283 -0.1062 21.6245
112 1168  0.0516 -0.0502 160.2651
144 1168  0.1114 -0.0357 107.8180
176 1168  0.1871 -0.0489 67.3944
208 1168  0.2511 -0.1594 149.8516
240 1168  0.0536 -0.0723 28.8462
272 1168  0.0693 -0.0527 171.0683
304 1168  0.0518 -0.0585 138.6435
336 1168  0.0749 -0.1529 125.6485
368 1168  0.4396 -0.1071 130.9971
400 1168  0.0595 -0.2217 239.4247
432 1168  0.2292 -0.1077 44.8979
464 1168  0.1470 -0.1627 27.9304
496 1168  0.0240 -0.0104 17.8793
528 1168 -0.0218 -0.0212 10.9786
560 1168 -0.0135 -0.0240 11.0068
592 1168 -0.0348  0.0249 14.4512
624 1168  0.0045  0.0070 16.7015
656 1168 -0.0131  0.0085 16.6555
688 1168 -0.0097 -0.0016 18.8012
720 1168  0.0122 -0.0160 13.2203
752 1168 -0.0162 -0.0131 11.4022
784 1168 -0.1091 -0.0610  8.8548
816 1168  0.0665 -0.0155 13.2654
848 1168 -0.0055  0.0162 14.8948
880 1168  0.0355 -0.0036 13.2202
912 1168  0.0685 -0.0658 12.4819
944 1168  0.0807 -0.3211  5.7925
976 1168  0.0497 -0.3282  5.0041
1104 1168 -0.0078  0.0979  4.2356
1136 1168 -0.0255  0.0634  4.6597
1168 1168  0.0056  0.0281  4.6758
 16 1200  0.1443 -0.0011 45.7137
 48 1200  0.0335  0.0275 23.7863
 80 1200  0.0595 -0.0144 16.0256
112 1200  0.0249 -0.0021 30.3604
144 1200  0.0771 -0.0456 110.1445
176 1200  0.0189 -0.0122 151.0584
208 1200  0.3216 -0.0688 54.0501
240 1200  0.0992 -0.0679 151.4921
272 1200  0.0868 -0.0909 65.0288
304 1200  0.0538 -0.0467 24.9682
336 1200  0.0717 -0.1135 215.0074
368 1200  0.1044 -0.1086 55.8011
400 1200  0.2891 -0.2569 262.7404
432 1200  0.0403 -0.0765 22.6947
464 1200  0.0223 -0.0345 13.5191
496 1200  0.0069 -0.0122 21.5080
528 1200  0.0102 -0.0379 18.2299
560 1200  0.0177 -0.0511 12.1193
592 1200  0.0398 -0.0048 16.2088
624 1200  0.0292  0.0445 44.6088
656 1200  0.0121  0.0164 44.0622
688 1200 -0.0174 -0.0339 11.8774
720 1200  0.0069  0.0272 18.9003
752 1200 -0.0097  0.0165 16.0246
784 1200 -0.0551 -0.0208 11.0450
816 1200 -0.0021 -0.0522 12.7118
848 1200 -0.0124 -0.0159 12.0201
880 1200 -0.0243  0.0192 12.6550
912 1200 -0.0140 -0.0107 15.1215
944 1200  0.0324  0.0082 15.1230
976 1200  0.0167 -0.0090 15.1233
1008 1200  0.0430 -0.0503 12.5474
1040 1200  0.0423 -0.1277  8.4602
1072 1200  0.0747 -0.2854  6.2761
1104 1200  0.0224 -0.2865  5.0248
1136 1200  0.0359 -0.2973  4.3925
1168 1200  0.0087 -0.2891  4.3436
 16 1232  0.1080 -0.0548 86.1341
 48 1232  0.1339 -0.0620 25.7192
 80 1232  0.0608 -0.0463 191.7641
112 1232  0.0712 -0.0195 73.9921
144 1232  0.0534 -0.0222 121.1069
176 1232  0.0397 -0.0553 212.5808
208 1232  0.0798 -0.1398 126.7018
240 1232  0.1727 -0.0041 69.0433
272 1232  0.0706 -0.0402 39.0257
304 1232  0.4522 -0.2547 39.5618
336 1232  0.2157 -0.1105 124.9909
368 1232  0.0874 -0.1517 206.1105
400 1232  0.2954 -0.1068 127.9894
432 1232  0.0988 -0.0499 17.5762
464 1232  0.0950 -0.0151 39.2607
496 1232  0.0217 -0.0490 20.2891
528 1232 -0.0260 -0.0104 13.3761
560 1232  0.0123 -0.0235 14.4248
592 1232 -0.0094 -0.0044 16.0663
624 1232  0.0179  0.0004 14.4279
656 1232 -0.0141 -0.0250 13.3162
688 1232  0.0080  0.0362 10.1763
720 1232  0.0246 -0.0009 12.9848
752 1232  0.0003  0.0008 18.9365
784 1232 -0.1609  0.0377 14.0703
816 1232  0.0007 -0.0027 19.2884
848 1232 -0.0037 -0.0369 13.0352
880 1232 -0.0007  0.0515 10.9754
912 1232 -0.0138 -0.0389 13.3107
944 1232  0.0059  0.0155 12.9033
976 1232 -0.0819  0.0123 10.7257
1008 1232  0.0175  0.0203 14.4421
1040 1232 -0.0313  0.0236 15.9677
1072 1232  0.0322  0.0125 12.1007
1104 1232 -0.0108  0.0068 12.8608
1136 1232  0.0227 -0.0250 11.5340
1168 1232 -0.0175 -0.0098 12.4438
 16 1264  0.0738  0.0149 33.7438
 48 1264  0.0091 -0.0337 32.6957
 80 1264  0.1373 -0.0767 357.7790
112 1264  0.1445 -0.0362 141.7648
144 1264  0.0718 -0.0345 88.1457
176 1264  0.0983 -0.1086 95.1580
208 1264  0.1754 -0.0898 71.3723
240 1264  0.0646 -0.0885 109.7647
272 1264  0.1109 -0.1307 67.1823
304 1264  0.1094 -0.1184 32.0443
336 1264  0.0777 -0.0403 262.7543
368 1264  0.0720 -0.1136 203.9032
400 1264  0.1726 -0.1724 193.1011
432 1264  0.1732 -0.1705 217.6654
464 1264  0.0023 -0.0275 26.8717
496 1264  0.0551 -0.0224 14.0852
528 1264 -0.0062  0.0126 17.9773
560 1264  0.0289  0.0274 13.8273
592 1264 -0.0265  0.0084 13.3870
624 1264  0.0075  0.0021 17.7265
656 1264 -0.0120  0.0069 15.8388
688 1264 -0.0378  0.0096 10.9526
720 1264 -0.0159 -0.0093 12.6192
752 1264 -0.0069 -0.0153 25.6411
784 1264  0.1557 -0.0156 11.2028
816 1264 -0.0328 -0.0046 16.6470
848 1264  0.0071  0.0459 10.7839
880 1264 -0.0509  0.0079  9.5441
912 1264 -0.0147  0.0242 10.9832
944 1264  0.0320 -0.0096 15.6772
976 1264 -0.0617  0.0052 10.9857
1008 1264 -0.0228  0.0421 10.5414
1040 1264  0.0342 -0.0164 10.7578
1072 1264  0.0037  0.0301 10.0328
1104 1264 -0.0705 -0.1071 10.5872
1136 1264 -0.0133 -0.0072 10.9927
1168 1264 -0.0722 -0.0125 13.1044
 16 1296  0.0454 -0.0292 19.5446
 48 1296  0.0228  0.0017 21.0256
 80 1296  0.0304 -0.0327 25.8436
112 1296  0.0678 -0.0559 19.5916
144 1296  0.0497 -0.0659 20.8226
176 1296  0.3297 -0.1004 76.3216
208 1296  0.0588 -0.1573 171.0606
240 1296  0.0284 -0.0151 42.7516
272 1296 -0.0382 -0.0595 46.4282
304 1296  0.0354 -0.0865 28.2674
336 1296  0.0767 -0.0130 266.4576
368 1296  0.1667 -0.0799 145.3539
400 1296  0.0326 -0.0721 137.5926
432 1296  0.1778 -0.1266 80.0142
464 1296  0.0575 -0.0653 30.2464
496 1296  0.0011 -0.0168 15.6230
528 1296 -0.0087  0.0003 10.8199
560 1296  0.0263 -0.0145 19.6887
592 1296 -0.0189  0.0013 17.9766
624 1296 -0.0347 -0.0037 13.3610
656 1296 -0.0073 -0.0346 14.1575
688 1296  0.0099 -0.0198 13.2921
720 1296  0.0385 -0.0065 12.2652
752 1296  0.0290 -0.0170 14.5118
784 1296 -0.0027 -0.0031 11.1335
816 1296 -0.0004  0.0343  9.5441
848 1296 -0.0475  0.0091 10.9045
880 1296  0.0321  0.0054 11.0329
912 1296  0.0512 -0.0381 12.1468
944 1296 -0.0260 -0.0347 10.1381
976 1296 -0.0061  0.0037 10.6873
1008 1296 -0.0544  0.0278  9.5186
1040 1296 -0.0071  0.0154  8.4136
1072 1296  0.0718 -0.0064  9.4950
1104 1296 -0.0020  0.0147 10.1068
1136 1296 -0.0072  0.0244 10.1008
1168 1296 -0.0450  0.0550  9.2105
  0   0 -0.0590  0.0324  0.0000
  0   0 -0.0926 -0.0541  0.0000
  0   0 -0.0850 -0.0345  0.0000
  0   0 -0.1028 -0.0425  0.0000
  0   0 -0.0384 -0.0636  0.0000
  0   0  0.0618 -0.0260  0.0000
  0   0  0.0871 -0.0701  0.0000
  0   0  0.1224 -0.1047  0.0000
  0   0  0.1452 -0.1283  0.0000
  0   0  0.2531 -0.1506  0.0000
  0   0  0.0981 -0.1584  0.0000
  0   0  0.0142 -0.0795  0.0000
  0   0 -0.0376 -0.0718  0.0000
  0   0 -0.0048 -0.0616  0.0000
  0   0  0.0384 -0.0204  0.0000
  0   0  0.0940 -0.0401  0.0000
  0   0  0.0486 -0.0393  0.0000
  0   0  0.0907 -0.0536  0.0000
  0   0  0.0169 -0.0097  0.0000
  0   0 -0.0497  0.0457  0.0000
  0   0 -0.0830  0.0750  0.0000
  0   0 -0.0754  0.0668  0.0000
  0   0 -0.0811  0.0484  0.0000
  0   0 -0.0750  0.0194  0.0000
  0   0 -0.0379 -0.0177  0.0000
  0   0 -0.0026 -0.0257  0.0000
  0   0  0.0316 -0.0223  0.0000
  0   0  0.0333 -0.0226  0.0000
  0   0  0.0164 -0.0084  0.0000
  0   0  0.0069  0.0142  0.0000
  0   0 -0.0164  0.0056  0.0000
  0   0  0.0137 -0.0061  0.0000
  0   0  0.0134 -0.0339  0.0000
  0   0 -0.0160 -0.0352  0.0000
  0   0 -0.0138 -0.0114  0.0000
  0   0 -0.0236  0.0120  0.0000
  0   0  0.0099  0.0137  0.0000
  0   0  0.0501  0.0120  0.0000
  0   0  0.0167  0.0283  0.0000
  0   0 -0.0155  0.0429  0.0000
  0   0 -0.0644  0.0607  0.0000
  0   0 -0.0995  0.0373  0.0000
  0   0 -0.1343 -0.0159  0.0000
  0   0 -0.1541 -0.0367  0.0000
  0   0 -0.1716 -0.0613  0.0000
  0   0 -0.1554 -0.0930  0.0000
  0   0  0.1188 -0.0714  0.0000
  0   0  0.1533 -0.1211  0.0000
  0   0  0.1838 -0.1610  0.0000
  0   0  0.2008 -0.1870  0.0000
  0   0  0.2113 -0.1970  0.0000
  0   0  0.1143 -0.1822  0.0000
  0   0  0.0249 -0.1287  0.0000
  0   0 -0.0296 -0.0913  0.0000
  0   0 -0.0282 -0.0570  0.0000
  0   0 -0.0008 -0.0205  0.0000
  0   0  0.0305 -0.0083  0.0000
  0   0  0.0215  0.0057  0.0000
  0   0  0.0160  0.0216  0.0000
  0   0 -0.0402  0.0631  0.0000
  0   0 -0.1041  0.1107  0.0000
  0   0 -0.1467  0.1370  0.0000
  0   0 -0.1562  0.1294  0.0000
  0   0 -0.1483  0.0979  0.0000
  0   0 -0.1208  0.0528  0.0000
  0   0 -0.0724  0.0066  0.0000
  0   0 -0.0219 -0.0206  0.0000
  0   0  0.0195 -0.0308  0.0000
  0   0  0.0355 -0.0311  0.0000
  0   0  0.0312 -0.0204  0.0000
  0   0  0.0197 -0.0074  0.0000
  0   0  0.0034 -0.0090  0.0000
  0   0  0.0044 -0.0189  0.0000
  0   0 -0.0016 -0.0342  0.0000
  0   0 -0.0121 -0.0356  0.0000
  0   0 -0.0085 -0.0205  0.0000
  0   0  0.0001 -0.0000  0.0000
  0   0  0.0242  0.0147  0.0000
  0   0  0.0418  0.0287  0.0000
  0   0  0.0205  0.0481  0.0000
  0   0 -0.0205  0.0643  0.0000
  0   0 -0.0764  0.0714  0.0000
  0   0 -0.1309  0.0510  0.0000
  0   0 -0.1824  0.0096  0.0000
  0   0 -0.2258 -0.0297  0.0000
  0   0 -0.2625 -0.0719  0.0000
  0   0 -0.2854 -0.1180  0.0000
  0   0  0.1871 -0.1261  0.0000
  0   0  0.2280 -0.1824  0.0000
  0   0  0.2576 -0.2296  0.0000
  0   0  0.2599 -0.2578  0.0000
  0   0  0.2200 -0.2589  0.0000
  0   0  0.1264 -0.2289  0.0000
  0   0  0.0242 -0.1731  0.0000
  0   0 -0.0449 -0.1123  0.0000
  0   0 -0.0625 -0.0563  0.0000
  0   0 -0.0429 -0.0103  0.0000
  0   0 -0.0157  0.0226  0.0000
  0   0 -0.0110  0.0528  0.0000
  0   0 -0.0361  0.0899  0.0000
  0   0 -0.0965  0.1396  0.0000
  0   0 -0.1696  0.1889  0.0000
  0   0 -0.2261  0.2151  0.0000
  0   0 -0.2467  0.2032  0.0000
  0   0 -0.2295  0.1562  0.0000
  0   0 -0.1802  0.0897  0.0000
  0   0 -0.1100  0.0240  0.0000
  0   0 -0.0374 -0.0228  0.0000
  0   0  0.0198 -0.0451  0.0000
  0   0  0.0493 -0.0468  0.0000
  0   0  0.0520 -0.0360  0.0000
  0   0  0.0373 -0.0245  0.0000
  0   0  0.0160 -0.0227  0.0000
  0   0 -0.0009 -0.0309  0.0000
  0   0 -0.0126 -0.0418  0.0000
  0   0 -0.0150 -0.0440  0.0000
  0   0 -0.0036 -0.0322  0.0000
  0   0  0.0185 -0.0101  0.0000
  0   0  0.0438  0.0164  0.0000
  0   0  0.0549  0.0449  0.0000
  0   0  0.0351  0.0730  0.0000
  0   0 -0.0146  0.0939  0.0000
  0   0 -0.0846  0.0986  0.0000
  0   0 -0.1608  0.0786  0.0000
  0   0 -0.2347  0.0367  0.0000
  0   0 -0.3025 -0.0174  0.0000
  0   0 -0.3639 -0.0776  0.0000
  0   0 -0.4204 -0.1404  0.0000
