VARIABLES= "X pix", "Y pix", "U pix/dt", "V pix/dt", "CHC", ZONE I=37, J=41
304  16 -0.0062 -0.0072 59.5809
336  16  0.0073 -0.0378 18.9118
368  16  0.0112 -0.0470 24.6753
400  16  0.0237 -0.0304 88.5845
496  16  0.0658 -0.0115 89.0435
528  16  0.1001 -0.0278 39.0095
560  16  0.0635 -0.0400 40.9600
592  16  0.0150 -0.0223 50.5679
624  16  0.0516  0.0412 54.6133
656  16  0.1167  0.0740 46.5454
688  16  0.1728  0.1033 273.0666
304  48  0.1321  0.1071 52.5128
336  48  0.0839  0.0928 29.4676
368  48 -0.0346  0.0853 110.7027
496  48 -0.1987  0.0607 71.8596
528  48 -0.1936  0.0280 27.3067
560  48 -0.0669  0.0119 41.3737
592  48  0.0000 -0.0517 90.2202
688  48  0.0272 -0.0284 227.5554
720  48 -0.0001 -0.0067 29.2571
752  48  0.0121 -0.0084 36.2478
784  48  0.0059  0.0253 32.7138
816  48  0.0000  0.2877 254.2344
304  80  0.0438  0.1889 49.3494
336  80  0.0300  0.0861 30.7970
368  80  0.0411 -0.0017 50.5679
400  80  0.0332 -0.0221 47.0804
432  80  0.0380  0.0092 43.5745
464  80 -0.0146  0.0652 4095.9939
496  80  0.0601  0.0530 71.8596
528  80  0.1359  0.0694 28.4444
560  80  0.0964  0.0354 46.0225
592  80  0.0265 -0.0178 36.6368
688  80 -0.0476  0.0093 341.3332
720  80 -0.1368 -0.0375 80.3137
752  80  0.0773 -0.0853 87.1489
784  80  0.3582 -0.1357 83.5918
816  80  0.5000 -0.2211 87.1489
 16 144  0.0028 -0.1067 162.7076
 48 144  0.0169 -0.0449 174.8615
 80 144 -0.0015 -0.0365 52.9971
112 144  0.0199  0.0009 17.8492
144 144  0.0269 -0.0190 108.2715
176 144  0.0325 -0.0210 87.3005
208 144  0.0360 -0.0062 105.5539
240 144  0.0507  0.0153 180.9092
272 144  0.0992  0.0090 77.1098
304 144  0.0666  0.0125 137.1583
336 144  0.0180  0.0076 43.1304
368 144  0.0697  0.0682 181.4320
400 144  0.0702  0.0457 305.5157
432 144  0.1290  0.0845 242.5792
464 144  0.0552  0.0714 173.1997
496 144  0.0785  0.0573 227.5567
528 144  0.0415  0.0614 76.5450
560 144 -0.1244  0.0371 39.0476
592 144 -0.0898  0.0103 142.9773
624 144  0.0548  0.0588 94.3092
656 144  0.0404  0.0272 103.7283
688 144  0.0483  0.0200 114.0669
720 144  0.0188  0.0158 72.3987
752 144  0.0697  0.0237 119.2689
784 144  0.0741 -0.0046 45.0132
816 144  0.0690  0.0152 105.5373
848 144  0.1091 -0.0419 180.3784
880 144  0.0477  0.0075 63.7459
912 144  0.0723 -0.0153 173.3452
944 144  0.0389 -0.0135 162.9537
976 144  0.0757 -0.0085 65.7994
1008 144 -0.0426  0.0694 91.4570
1040 144  0.0386 -0.0033 88.9359
1072 144  0.0992  0.0054 116.3203
1104 144  0.0260  0.0114 154.4903
1136 144 -0.0008  0.0006 44.8103
1168 144  0.0227  0.0233 146.3928
 16 176 -0.1699 -0.0431 79.6403
 48 176 -0.0132 -0.0537 58.9793
 80 176  0.0099 -0.0030 30.0273
112 176 -0.0006 -0.0679 18.2590
144 176  0.0093 -0.0417 86.1243
176 176  0.0408 -0.1100 81.0411
208 176  0.0341 -0.0288 299.5557
240 176  0.0557 -0.0125 304.6350
272 176  0.0199 -0.0012 269.5236
304 176  0.0530  0.0160 260.7066
336 176  0.0956  0.0253 289.0082
368 176  0.0276 -0.0067 255.8657
400 176  0.0570  0.0490 64.9096
432 176  0.0482  0.0836 213.5084
464 176  0.0739  0.0645 114.0273
496 176  0.1203  0.0743 168.2988
528 176  0.0153  0.0054 241.6211
560 176  0.0408  0.0884 59.2428
592 176  0.0335  0.0191 202.0397
624 176  0.0455  0.0527 114.3274
656 176  0.0570  0.0330 249.0333
688 176  0.0112  0.0003 182.5852
720 176  0.0381  0.0057 179.4304
752 176  0.1337 -0.0124 252.8142
784 176  0.0749 -0.0133 121.0232
816 176 -0.0018 -0.0014 215.1116
848 176  0.1091 -0.0542 143.9067
880 176  0.0972 -0.0427 60.4858
912 176  0.1205 -0.0262 138.7624
944 176 -0.0179 -0.1058 117.7285
976 176  0.0861 -0.0416 87.4833
1008 176  0.1060 -0.0319 143.0338
1040 176  0.0855  0.0146 62.5838
1072 176  0.0766  0.0031 162.5810
1104 176  0.0136 -0.0329 36.0962
1136 176  0.0408  0.0341 128.4592
1168 176  0.0276  0.0351 257.9143
 16 208 -0.0048 -0.1665 371.1738
 48 208 -0.0320 -0.0639 54.2579
 80 208 -0.0175 -0.1349 202.8758
112 208 -0.0197 -0.1008 202.0668
144 208  0.0025 -0.0297 231.9737
176 208 -0.0007 -0.0532 199.0978
208 208 -0.0106 -0.0216 429.5800
240 208 -0.0031 -0.0374 206.8919
272 208  0.0418  0.0032 226.8735
304 208  0.0863  0.0106 180.4035
336 208  0.0679  0.0361 226.7126
368 208  0.1096  0.0352 502.5075
400 208  0.0305  0.0655 170.2410
432 208  0.0766  0.0535 113.4461
464 208  0.0707  0.0866 371.9951
496 208  0.0245  0.0678 139.3755
528 208  0.0457  0.0645 152.8671
560 208  0.1237  0.0517 87.1931
592 208  0.0612  0.0423 102.5616
624 208  0.0592 -0.0053 37.1261
656 208  0.0698 -0.0051 129.4255
688 208  0.0438  0.0110 94.1975
720 208  0.0770 -0.0143 138.6220
752 208  0.0670 -0.0063 174.6898
784 208  0.0673  0.0072 272.2056
816 208  0.0450 -0.0353 222.9331
848 208  0.1190 -0.0593 159.2538
880 208  0.0725 -0.0237 268.5882
912 208  0.0368 -0.0195 58.6062
944 208  0.1100 -0.0424 75.9507
976 208  0.0451 -0.0281 148.3907
1008 208  0.0618 -0.0189 135.3556
1040 208  0.1031 -0.0200 125.3845
1072 208  0.0374  0.0085 141.0126
1104 208  0.0094  0.0603 94.4552
1136 208  0.0387 -0.0159 101.8819
1168 208  0.0210  0.0588 191.6602
 16 240 -0.0709 -0.0989 83.7643
 48 240 -0.0592 -0.1759 137.5200
 80 240 -0.0487 -0.1014 174.5854
112 240 -0.0378 -0.1720 57.7176
144 240 -0.0188 -0.1046 281.9608
176 240 -0.0114 -0.0566 203.4203
208 240 -0.0044 -0.0396 194.6219
240 240  0.0012 -0.0296 60.9459
272 240  0.0213 -0.0052 95.8948
304 240  0.0387 -0.0168 306.8789
336 240  0.0547  0.0305 109.9488
368 240  0.0797  0.0697 377.5014
400 240  0.0485  0.0530 277.4746
432 240  0.0455  0.0386 244.4769
464 240  0.0684  0.0486 250.6144
496 240  0.1627  0.0487 204.0374
528 240  0.0444  0.1018 150.3373
560 240  0.0499  0.0835 147.8759
592 240  0.0644 -0.0034 166.1101
624 240  0.0264  0.0541 100.1993
656 240  0.0757  0.0181 181.1012
688 240  0.0669  0.0388 80.0184
720 240  0.0560  0.0125 175.7331
752 240  0.0860 -0.0194 275.7079
784 240  0.0636 -0.0255 99.9378
816 240  0.0430 -0.0135 188.2498
848 240  0.1006 -0.0568 133.2462
880 240  0.1229 -0.0483 93.4831
912 240  0.0553 -0.0347 76.9702
944 240  0.0736 -0.0319 73.3294
976 240  0.0615  0.0017 76.5387
1008 240  0.0778 -0.0364 90.6865
1040 240  0.0843  0.0011 137.8746
1072 240  0.0991  0.0086 141.6967
1104 240  0.0451  0.0414 124.4276
1136 240  0.0524  0.0123 47.6953
1168 240  0.0363 -0.0060 166.7161
 16 272  0.0104 -0.1258 66.4863
 48 272 -0.0696 -0.1998 277.5382
 80 272 -0.0742 -0.2615 227.7545
112 272 -0.0127 -0.1588 225.5805
144 272 -0.0852 -0.0629 25.7148
176 272 -0.0105 -0.0326 172.5405
208 272 -0.0180 -0.0198 336.2330
240 272  0.0241  0.0029 79.4717
272 272  0.0582 -0.0109 170.9759
304 272  0.0532  0.0045 184.3451
336 272  0.0297  0.0085 103.5164
368 272  0.0426  0.0357 127.3502
400 272  0.0186  0.0113 311.3282
432 272  0.0285  0.0388 220.9934
464 272  0.0583  0.0826 84.5476
496 272  0.0745  0.0335 159.5798
528 272  0.0070  0.0656 108.2694
560 272  0.0460  0.1293 28.4756
592 272  0.0745  0.0469 99.4081
624 272  0.0923  0.0500 201.1275
656 272  0.0849  0.0060 181.7033
688 272  0.0649 -0.0069 103.7140
720 272  0.0473 -0.0171 100.1146
752 272  0.1006 -0.0252 118.0515
784 272  0.0802 -0.0545 124.6568
816 272  0.0949 -0.0491 207.4164
848 272  0.0995  0.0399 150.6347
880 272  0.1083 -0.0717 85.5964
912 272  0.1415 -0.0792 116.7237
944 272  0.0965 -0.0399 123.5962
976 272  0.0887  0.0157 198.8747
1008 272  0.0481 -0.0160 114.8098
1040 272  0.0460 -0.0147 190.0017
1072 272  0.0614 -0.0027 58.1379
1104 272  0.0916  0.0679 137.5286
1136 272  0.0050  0.0256 41.2550
1168 272  0.0558  0.0262 29.1035
 16 304 -0.0452 -0.0956 150.5699
 48 304 -0.1049 -0.1511 156.3898
 80 304 -0.0746 -0.0710 192.8334
112 304 -0.0920 -0.1177 156.5167
144 304 -0.0173 -0.0916 347.3316
176 304 -0.0672 -0.1042 42.4579
208 304 -0.0463 -0.1287 149.4551
240 304 -0.0621 -0.0438 161.2858
272 304 -0.0022  0.0071 27.0570
304 304  0.0344 -0.0057 210.3441
336 304  0.0647 -0.0006 312.9849
368 304 -0.0080  0.0032 57.7958
400 304  0.0782  0.0235 227.0003
432 304  0.0580  0.0722 286.8276
464 304  0.1031  0.1100 261.2132
496 304  0.0529  0.0572 88.3592
528 304  0.0227  0.0533 126.8040
560 304  0.0794  0.0502 263.7539
592 304  0.0291  0.0189 147.9836
624 304  0.0284  0.0879 307.7152
656 304  0.0308  0.0152 59.4453
688 304  0.0701 -0.0222 112.3895
720 304  0.0944 -0.0199 132.1718
752 304  0.1260 -0.0730 109.1447
784 304  0.1067 -0.0630 166.9980
816 304  0.1011 -0.0770 160.6105
848 304  0.1107 -0.0645 46.2013
880 304  0.0529 -0.0760 144.8344
912 304  0.0615 -0.0653 114.2364
944 304  0.1348 -0.0333 90.9530
976 304  0.1096 -0.0168 139.3087
1008 304  0.0864 -0.0262 52.4059
1040 304  0.1144 -0.0011 192.5191
1072 304  0.0914  0.0287 165.5215
1104 304  0.0174  0.0317 215.3757
1136 304  0.0297  0.0110 149.2270
1168 304  0.0343  0.0310 47.3705
 16 336 -0.0529 -0.1392 23.4477
 48 336 -0.1279 -0.2596 71.0266
 80 336 -0.1457 -0.1828 55.6986
112 336 -0.1208 -0.0937 278.9926
144 336 -0.1410 -0.1528 208.3586
176 336 -0.1118 -0.1462 80.7375
208 336 -0.0716 -0.0691 110.6659
240 336 -0.0177 -0.1101 177.0171
272 336 -0.0129 -0.0508 202.4614
304 336  0.0227 -0.0452 276.7034
336 336  0.0157 -0.0197 189.7226
368 336  0.0409 -0.0034 283.3686
400 336  0.0623  0.0565 179.0271
432 336  0.0396  0.0474 149.2689
464 336  0.0328  0.0471 98.0074
496 336  0.0443  0.0194 138.8471
528 336  0.0447  0.0867 110.4994
560 336  0.0663  0.0431 175.4160
592 336  0.0494  0.0239 169.3631
624 336  0.0772  0.0364 124.6792
656 336  0.0603  0.0057 117.2704
688 336  0.0485  0.0043 168.5818
720 336  0.1206 -0.0187 167.0852
752 336  0.1043 -0.1033 194.0480
784 336  0.0871 -0.0434 168.0159
816 336  0.1345 -0.0951 133.0468
848 336  0.1081 -0.1001 95.1360
880 336  0.1445 -0.1342 162.6783
912 336  0.1177 -0.0663 85.7896
944 336  0.1409 -0.0800 214.0087
976 336  0.0967 -0.0560 112.2345
1008 336  0.0635 -0.0465 97.6961
1040 336  0.0779 -0.0014 78.0754
1072 336  0.0776  0.0069 120.8805
1104 336  0.1239  0.0172 228.7110
1136 336  0.0615 -0.0056 98.5234
1168 336  0.0402  0.0322 89.3814
 16 368 -0.1321 -0.2212 17.2031
 48 368 -0.1864 -0.4240 86.0131
 80 368 -0.0614 -0.5104 167.8290
112 368 -0.1479 -0.1577 276.7856
144 368 -0.4044 -0.1456 70.3628
176 368 -0.1054 -0.2046 57.5851
208 368 -0.0556 -0.1786 328.4168
240 368 -0.0736 -0.1287 170.5659
272 368 -0.0228 -0.0559 170.5911
304 368 -0.0020 -0.0209 336.7661
336 368  0.0457 -0.0160 222.9602
368 368 -0.0059  0.0026 219.1447
400 368  0.0216 -0.0083 273.2913
432 368  0.0335  0.0754 125.5398
464 368 -0.0066  0.0402 174.8412
496 368  0.0555  0.0177 151.0305
528 368  0.0476  0.0525 115.0236
560 368  0.0531  0.0414 47.0081
592 368  0.0574  0.0354 83.6488
624 368  0.0699  0.0090 337.8831
656 368  0.0620 -0.0128 105.9725
688 368  0.0057 -0.0220 234.7363
720 368  0.0840 -0.0883 181.2059
752 368  0.1199 -0.0792 159.3413
784 368  0.1487 -0.1946 133.8401
816 368  0.1617 -0.1477 212.7839
848 368  0.0759 -0.1030 79.4828
880 368  0.1068 -0.1205 106.1148
912 368  0.1271 -0.1033 121.2853
944 368  0.0852 -0.0699 233.2209
976 368  0.0926 -0.0302 71.1596
1008 368  0.0702 -0.0334 297.9341
1040 368  0.1468 -0.0229 122.4321
1072 368  0.0526 -0.0292 158.3600
1104 368  0.0423 -0.0184 115.3126
1136 368  0.0548  0.0896 77.0062
1168 368  0.0275  0.0426 180.9953
 16 400 -0.3498 -0.1146 29.0219
 48 400 -0.1297 -0.3424 60.0586
 80 400 -0.3028 -0.1774 235.5636
112 400 -0.0698 -0.5618 69.2469
144 400 -0.1392 -0.2764 140.7849
176 400 -0.2224 -0.3006 148.7906
208 400 -0.0823 -0.1728 68.0020
240 400 -0.0658 -0.2087 66.2680
272 400 -0.0204 -0.0772 49.2281
304 400 -0.0238 -0.0400 97.8195
336 400 -0.0098 -0.0501 76.4886
368 400  0.0216 -0.0033 130.5006
400 400 -0.0352  0.0432 226.3788
432 400 -0.0018  0.0242 146.6349
464 400 -0.0025  0.0466 125.8048
496 400  0.0281  0.0348 30.1389
528 400  0.0391  0.0376 105.8426
560 400  0.0492  0.0444 84.6634
592 400  0.0683  0.0150 170.5595
624 400  0.0438 -0.0171 150.7583
656 400  0.0861 -0.0158 147.0083
688 400  0.0499 -0.0302 200.7213
720 400  0.0839 -0.0775 111.7147
752 400  0.1041 -0.0681 89.4029
784 400  0.1150 -0.1056 94.3988
816 400  0.1094 -0.2036 119.1343
848 400  0.0955 -0.0989 68.2710
880 400  0.1684 -0.1307 271.2583
912 400  0.1127 -0.0478 101.9592
944 400  0.0448 -0.1188 122.5645
976 400  0.0959 -0.1241 113.1311
1008 400  0.0229 -0.0203 92.7777
1040 400  0.1098 -0.0308 187.9382
1072 400  0.0963  0.0278 111.1860
1104 400  0.0326  0.0318 120.2957
1136 400  0.1333  0.0216 130.0006
1168 400  0.0240  0.0266 128.5662
 16 432 -0.1034 -0.2371 28.4114
 48 432 -0.7363 -0.6328 97.9936
 80 432 -0.2930 -0.3433 173.1683
112 432 -0.3320 -0.2358 213.1376
144 432 -0.1609 -0.3283 206.9049
176 432 -0.2023 -0.3502 116.1888
208 432 -0.1412 -0.3871 216.8145
240 432 -0.1747 -0.2260 241.7048
272 432 -0.0598 -0.0995 34.2368
304 432 -0.0444 -0.0805 207.6458
336 432 -0.0156 -0.0298 188.1425
368 432 -0.0045 -0.0421 170.1361
400 432  0.0014 -0.0149 242.9289
432 432  0.0483  0.1006 97.1742
464 432  0.0221  0.0306 166.6858
496 432  0.0131  0.0520 81.0801
528 432  0.0208  0.0507 62.8066
560 432  0.0355  0.0749 126.7659
592 432  0.0329  0.0040 109.6420
624 432  0.0068 -0.0245 127.9769
656 432  0.0565 -0.0724 98.9330
688 432  0.0828 -0.0502 109.5506
720 432  0.0082  0.0292 29.9855
752 432  0.0956 -0.0810 112.0477
784 432  0.1006 -0.1642 122.5588
816 432  0.1262 -0.1807 29.0875
848 432  0.0469 -0.1657 56.1284
880 432  0.1286 -0.1940 57.8997
912 432  0.1092 -0.0887 101.9679
944 432  0.1671 -0.1215 86.5523
976 432  0.1789 -0.0172 164.2146
1008 432  0.0976 -0.0203 89.0205
1040 432  0.0672  0.0283 122.6245
1072 432  0.0623 -0.0064 184.3218
1104 432  0.0642  0.0340 63.7033
1136 432  0.0417  0.1096 128.2182
1168 432  0.0277  0.0340 133.5040
 16 464 -0.1032 -0.2530 77.2001
 48 464 -0.3157 -0.4278 40.0840
 80 464 -0.1721 -0.7205 217.3169
112 464 -0.2011 -0.5872 229.8271
144 464 -0.3046 -0.6727 189.3656
176 464 -0.1753 -0.2597 277.8424
208 464 -0.1687 -0.3092 78.3220
240 464 -0.1849 -0.2225 61.0565
272 464 -0.0948 -0.1264 33.5544
304 464 -0.1577 -0.1754 235.3713
336 464 -0.0659 -0.0411 217.7934
368 464  0.0515  0.0130 262.9433
400 464 -0.0341  0.0216 104.0640
432 464  0.0040  0.0096 151.4498
464 464 -0.0032  0.0464 113.4160
496 464  0.0115  0.0645 211.7471
528 464 -0.0099  0.0233 182.0046
560 464  0.0196  0.0134 182.6259
592 464  0.0336  0.0250 99.4129
624 464  0.0279 -0.0607 211.3572
656 464  0.0388 -0.0415 384.3000
688 464  0.0434 -0.1202 121.5238
720 464  0.0283 -0.2275 195.6344
752 464  0.0784 -0.0930 107.1509
784 464  0.0891 -0.1328 137.6491
816 464  0.2055 -0.2267 88.4444
848 464  0.0699 -0.2441 45.8015
880 464  0.1958 -0.2823 77.6667
912 464  0.1428 -0.1382 137.9511
944 464  0.1275 -0.1350 38.9091
976 464  0.1134 -0.0232 148.7577
1008 464  0.0458 -0.0209 61.5647
1040 464  0.1008 -0.0161 153.4632
1072 464  0.0409  0.0001 32.6330
1104 464 -0.0023  0.0462 213.3492
1136 464  0.0419  0.0895 22.5116
1168 464 -0.0261 -0.0195 53.2276
 16 496 -0.0512 -0.0667 36.9468
 48 496 -0.0858 -0.1017 31.3945
 80 496 -0.1900 -0.2410 114.2421
112 496 -0.7073 -0.6248 94.6618
144 496 -0.1295 -0.6594 69.9932
176 496 -0.2923 -0.4660 252.4517
208 496 -0.1226 -0.8219 93.7188
240 496 -0.1569 -0.1831 50.2936
272 496 -0.0480 -0.1275 31.9754
304 496 -0.0303 -0.1440 43.4031
336 496 -0.0605 -0.0969 249.6243
368 496 -0.0649 -0.0564 77.9899
400 496 -0.0184 -0.0151 139.4842
432 496 -0.0717  0.0142 79.4436
464 496 -0.0532  0.0236 175.3138
496 496  0.0385  0.0757 137.6825
528 496  0.0086  0.0296 53.8706
560 496 -0.0016 -0.0188 54.4013
592 496  0.0020  0.0188 37.9514
624 496  0.0481 -0.1024 162.8291
656 496  0.0325 -0.0319 146.8599
688 496  0.0777 -0.0976 101.4394
720 496  0.1073 -0.1841 166.6363
752 496  0.1179 -0.1682 158.8564
784 496  0.1498 -0.1945 136.8003
816 496  0.1507 -0.1459 117.8805
848 496  0.1068 -0.1612 18.0913
880 496  0.1719 -0.2247 170.3167
912 496  0.1979 -0.1825 118.0301
944 496  0.1997 -0.1598 277.4411
976 496  0.1924 -0.0202 288.5213
1008 496  0.1296 -0.0322 250.7711
1040 496  0.0592 -0.0181 139.5981
1072 496  0.0420  0.0744 123.1900
1104 496  0.0297  0.0799 118.5810
1136 496  0.0125  0.0898 95.0343
1168 496  0.0218  0.0057 151.1280
 16 528 -0.2739 -0.1544 89.0733
 48 528 -0.2300 -0.1383 29.1097
 80 528 -0.3283 -0.5197 174.2411
112 528 -0.2554 -0.3428 47.9963
144 528 -0.2235 -0.2185 91.5161
176 528 -0.2804 -0.2095 163.2232
208 528 -0.3989 -0.3442 175.8842
240 528 -0.2553 -0.5025 132.9236
272 528 -0.0479 -0.2879 21.0031
304 528 -0.3731 -0.2794 175.8898
336 528 -0.2093 -0.1532 115.2736
368 528 -0.0904 -0.0561 109.8971
400 528 -0.0858 -0.0230 189.2672
432 528 -0.0760  0.0313 140.7208
464 528 -0.0695  0.0162 141.2062
496 528 -0.0464  0.1006 218.5788
528 528 -0.0470 -0.0004 261.8338
560 528 -0.0259 -0.0081 191.2002
592 528  0.0010 -0.0559 95.4476
624 528  0.0211 -0.0928 105.1431
656 528  0.0336 -0.1806 156.5305
688 528  0.0317 -0.1512 144.4601
720 528  0.1684 -0.3330 138.4686
752 528  0.1089 -0.3744 119.3796
784 528  0.1778 -0.4359 65.6738
816 528  0.1546 -0.3027 124.3494
848 528  0.0587 -0.3206 304.9300
880 528  0.1620 -0.2675 67.2798
912 528  0.2182 -0.2500 130.4969
944 528  0.1408 -0.1247 185.6744
976 528  0.1366 -0.0585 45.5460
1008 528  0.0313 -0.0601 54.9308
1040 528  0.0476  0.0109 38.4553
1072 528  0.0198  0.0046 117.8859
1104 528  0.0521  0.0303 128.6305
1136 528  0.0122  0.0819 100.0038
1168 528  0.0033  0.0508 191.4192
 16 560 -0.4617 -0.1276 29.4793
 48 560 -0.3240 -0.2974 121.5807
 80 560 -0.8556 -0.7624 173.1508
112 560 -0.9749 -0.4068 44.2566
144 560 -0.6377 -0.5445 144.2795
176 560 -0.2259 -0.6136 35.4676
208 560 -0.3674 -0.4610 40.4869
240 560 -0.2998 -0.3101 165.3590
272 560 -0.2476 -0.1856 22.3441
304 560 -0.2708 -0.1433 68.8018
336 560 -0.3100 -0.2776 179.9873
368 560 -0.1101 -0.1683 52.9227
400 560 -0.0816 -0.0209 189.7394
432 560 -0.2084  0.0109 122.9186
464 560 -0.0913 -0.0065 46.1187
496 560 -0.0823  0.0308 94.4697
528 560 -0.0848  0.0397 88.0877
560 560 -0.0375 -0.1028 222.8908
592 560 -0.0061 -0.0559 82.9814
624 560  0.0090 -0.1500 129.3523
656 560  0.0438 -0.1446 186.3656
688 560  0.0621 -0.3024 115.8332
720 560  0.0219 -0.2921 128.4225
752 560  0.1921 -0.3134 157.1554
784 560  0.1219 -0.4003 104.2335
816 560  0.1167 -0.4366 104.1950
848 560  0.2780 -0.4589 164.7607
880 560  0.2370 -0.2895 102.9740
912 560  0.2009 -0.2958 116.9763
944 560  0.2016 -0.1592 80.0695
976 560  0.0459 -0.0378 163.1796
1008 560  0.0817 -0.0291 215.2146
1040 560  0.0406 -0.0259 114.5787
1072 560 -0.0272  0.0059 211.4147
1104 560  0.0090  0.0684 177.4767
1136 560 -0.0892  0.0903 67.6907
1168 560 -0.0184  0.0560 64.8483
 16 592 -0.0933 -0.0832 24.6584
 48 592 -0.2170 -0.3564 175.6252
 80 592 -0.1947 -0.2962 88.0559
112 592 -0.1435 -0.1517 11.8886
144 592 -0.6815 -0.4595 161.9303
176 592 -0.6744 -0.9625 86.2606
208 592 -0.4503 -0.5573 200.5620
240 592 -0.4051 -0.3378 165.9092
272 592 -0.3738 -0.5146 135.5358
304 592 -0.3264 -0.4250 158.8218
336 592 -0.2943 -0.1664 165.3675
368 592 -0.2210 -0.1197 143.2578
400 592 -0.1777 -0.0468 105.1839
432 592 -0.1783  0.0816 65.9168
464 592 -0.2793  0.0054 153.2993
496 592 -0.1611  0.0078 76.0474
528 592 -0.1370  0.0414 175.1965
560 592 -0.0976 -0.0249 267.9508
592 592 -0.0834 -0.1627 140.7184
624 592 -0.0277 -0.1366 70.0899
656 592  0.0136 -0.2650 212.9487
688 592 -0.0137 -0.2467 50.2640
720 592  0.0206 -0.2582 34.6046
752 592  0.0171 -0.5361 193.9322
784 592  0.1738 -0.2309 156.1337
816 592  0.2664 -0.3964 72.7213
848 592  0.0265 -0.6479 199.1361
880 592  0.0135 -0.4373 79.0850
912 592  0.1502 -0.2992 95.8163
944 592  0.1824 -0.1697 85.0846
976 592  0.0771 -0.1173 83.8923
1008 592  0.0422 -0.0098 141.1452
1040 592  0.0163  0.0456 100.5067
1072 592  0.0032  0.0109 100.2045
1104 592 -0.0183  0.0137 22.9469
1136 592 -0.0013  0.0807 175.1579
1168 592 -0.0034  0.0657 138.4716
 16 624 -0.1396 -0.0830 25.1926
 48 624 -0.9195 -0.0600 53.0838
 80 624 -0.4235 -0.3551 166.1694
112 624 -0.3771 -0.3277 182.3706
144 624 -0.5980 -0.6672 311.8704
176 624 -0.7298 -0.7641 113.7946
208 624 -0.3739 -0.3750 149.0100
240 624 -0.3333 -0.3606 122.3142
272 624 -0.1943 -0.3628 104.0873
304 624 -0.7017 -0.6410 96.5671
336 624 -0.2981 -0.2270 119.5606
368 624 -0.3268 -0.1808 183.3006
400 624 -0.2439 -0.0934 147.3589
432 624 -0.1882 -0.0062 38.6012
464 624 -0.1230  0.0534 83.4985
496 624 -0.1650  0.0079 257.8117
528 624 -0.2231 -0.0505 200.4099
560 624 -0.0605 -0.0752 171.7576
592 624 -0.0370 -0.0616 139.7477
624 624 -0.0334 -0.0818 37.1842
656 624 -0.0685 -0.0826 103.9031
688 624 -0.1668 -0.0996 66.8484
720 624 -0.0958 -0.1794 95.7982
752 624 -0.1322 -0.3292 62.7233
784 624  0.0391 -0.4658 45.8734
816 624  0.0429 -0.3585 48.8546
848 624  0.0357 -0.3981 40.7845
880 624  0.1607 -0.4188 101.6082
912 624  0.0148 -0.3813 43.4717
944 624  0.1017 -0.2315 62.3455
976 624  0.0622 -0.0676 104.0155
1008 624  0.0493 -0.0445 99.7943
1040 624  0.0447  0.0166 49.2405
1072 624  0.0099  0.0146 81.7031
1104 624 -0.0223  0.0462 83.0530
1136 624 -0.0401  0.0945 109.9560
1168 624 -0.0301  0.0451 160.4564
 16 656 -0.0431 -0.0283 103.3426
 48 656 -0.2714 -0.1551 280.4200
 80 656 -0.2622 -0.5742 120.1355
112 656 -0.3381 -0.5911 55.5494
144 656 -0.2475 -0.4576 115.1374
176 656 -1.2857 -0.6499 199.3086
208 656 -0.7782 -0.8081 204.1518
240 656 -0.7451 -0.3556 220.9174
272 656 -0.5795 -0.4429 101.9388
304 656 -0.3808 -0.2430 165.9522
336 656 -0.4452 -0.1622 99.6201
368 656 -0.3409 -0.0115 483.1508
400 656 -0.0943 -0.0256 187.4956
432 656 -0.1021  0.0467 400.4370
464 656 -0.1625  0.0324 191.8027
496 656 -0.0455 -0.0051 168.5640
528 656  0.0443 -0.2270 157.8605
560 656  0.0167 -0.1409 222.4487
592 656  0.0114 -0.0617 152.7855
624 656 -0.0197  0.0026 80.7029
656 656 -0.1971  0.0709 137.8506
688 656 -0.3820  0.3404 70.9116
720 656 -0.2894 -0.0571 166.1928
752 656 -0.0860  0.1106 55.9755
784 656 -0.0562 -0.1257 85.3949
816 656 -0.1762 -0.3045 100.3026
848 656 -0.1385 -0.5521 148.6427
880 656  0.0029 -0.3984 86.0421
912 656  0.0820 -0.4222 112.1097
944 656  0.1320 -0.3659 145.0109
976 656  0.0683 -0.0397 241.8508
1008 656  0.0202 -0.0439 186.1205
1040 656  0.0105 -0.0370 76.1973
1072 656 -0.0067  0.0198 102.7627
1104 656 -0.0516  0.0617 151.2263
1136 656 -0.0187  0.0650 42.5505
1168 656 -0.0394  0.1126 100.4483
 16 688 -0.0261 -0.0314 15.3592
 48 688 -0.1995 -0.2241 83.0506
 80 688 -0.1813 -0.0365 160.5567
112 688 -0.1504 -0.0888 40.9084
144 688 -0.3333 -0.6521 137.4218
176 688 -0.8237 -1.1353 110.8044
208 688 -1.0374 -0.4518 158.9536
240 688 -0.8777 -1.1471 82.6027
272 688 -0.3051 -0.4220 299.4276
304 688 -0.1622 -0.1628 33.0358
336 688 -0.2883 -0.2565 171.8685
368 688 -0.1970 -0.1445 135.4101
400 688  0.0151 -0.0442 77.8571
432 688  0.1745  0.0419 110.3344
464 688  0.3447  0.0076 89.9117
496 688  0.0416 -0.0167 103.5270
528 688  0.2343 -0.1408 37.2156
560 688  0.2212 -0.1315 102.2823
592 688  0.0883 -0.0025 19.7919
624 688  0.0311  0.4051 56.5885
656 688  0.2514 -0.1414 22.9368
688 688  0.2112 -0.7094 49.9171
720 688  0.6329 -1.5673 15.5279
752 688  1.0989 -2.3832 13.3806
784 688 -0.2672  0.6633 30.0157
816 688 -0.6549  0.4448 109.6606
848 688 -0.1569 -0.0818 100.0883
880 688  0.0643  0.0260 106.1198
912 688 -0.0186  0.0156 124.3639
944 688 -0.0060 -0.1182 158.4720
976 688  0.0402 -0.1432 78.3915
1008 688  0.0333 -0.0874 86.3430
1040 688  0.0194 -0.0314 90.0554
1072 688 -0.0187  0.0298 148.7669
1104 688 -0.0382  0.0376 108.9049
1136 688 -0.0187  0.1214 202.3468
1168 688 -0.0660  0.0799 79.6189
 16 720 -0.0073 -0.0139 17.4869
 48 720 -0.0136 -0.0788 228.3554
 80 720 -0.0600 -0.0302 196.7325
112 720 -0.0756 -0.1793 127.6465
144 720 -0.6123 -0.7298 139.8017
176 720 -0.4265 -0.2275 93.9325
208 720 -0.4047 -0.3477 160.4830
240 720 -0.2643 -0.6349 96.9324
272 720 -0.3979 -0.3210 305.1949
304 720 -0.9748 -0.5489 101.0579
336 720 -0.0715 -0.1062 115.7141
368 720 -0.0032 -0.0840 130.8808
400 720  0.3072 -0.0501 322.7946
432 720  0.1847  0.0278 96.2951
464 720  0.5046  0.0041 121.1865
496 720  0.8856 -0.3210 126.6918
528 720  1.0120 -0.2551 79.0469
560 720  0.7910 -0.0879 92.1535
592 720  0.9929  0.1043 17.9285
624 720  0.4904 -0.6619 39.0701
656 720  0.4929 -1.0551 12.9854
688 720  0.5373 -0.7736 10.8944
720 720  0.4345 -0.4498 12.3309
752 720  1.6361 -0.0276  9.7317
784 720 -0.0882 -0.0557 13.2552
816 720 -0.1791 -0.5646 10.8939
848 720  0.3196 -1.2765  5.6007
880 720  0.3421 -1.4011 17.1879
912 720 -0.5678 -0.0607 86.5340
944 720 -0.1137 -0.2313 68.8653
976 720  0.0348 -0.2646 127.2741
1008 720  0.1122 -0.1167 186.4751
1040 720  0.0054 -0.0107 154.6519
1072 720 -0.0110  0.0526 102.8108
1104 720 -0.0278  0.1130 130.9414
1136 720 -0.0519  0.0913 137.6810
1168 720  0.0122  0.0234 17.6922
 16 752  0.1170 -0.0001 32.6446
 48 752  0.0570 -0.0714 34.6040
 80 752 -0.0025 -0.1523 91.2931
112 752  0.0079 -0.2253 246.1524
144 752 -0.0098 -0.1313 205.4214
176 752 -0.1655 -0.4320 263.4464
208 752 -0.0307 -0.4410 170.0429
240 752 -0.1274 -0.4700 286.0623
272 752 -0.1078 -0.2810 81.1160
304 752 -0.1507 -0.4922 50.6013
336 752  0.0750 -0.1552 111.5625
368 752  0.1153 -0.0223 32.0049
400 752  0.5793 -0.1010 149.3710
432 752  0.6841 -0.0214 44.6306
464 752  0.8931 -0.0601 110.7700
496 752  1.1473 -0.2703 59.9125
528 752  0.2624 -0.1320 21.6253
560 752  0.1909  0.0666 15.6512
592 752  0.1142  0.8122 10.3938
624 752  0.3745  0.1995 18.4112
656 752  0.8188  0.8475 16.8867
688 752  1.4852 -0.2481 15.6355
720 752  0.3905 -0.2239 16.8064
752 752  0.2599 -1.4345 11.9375
784 752  0.5794 -2.0597  7.1022
816 752  0.9256 -1.0826 11.4954
848 752  0.1738 -0.1875 10.9718
880 752  0.8122  0.0222  8.3374
912 752  0.3540 -0.0236 20.3842
944 752  0.0345  0.1011 29.1834
976 752  0.2893 -0.4684 69.5156
1008 752  0.1266 -0.2098 155.2088
1040 752  0.0353  0.0229 112.8768
1072 752 -0.0493  0.0313 74.8510
1104 752 -0.0181  0.0593 254.0038
1136 752 -0.0538  0.0791 83.9052
1168 752 -0.0603  0.0638 119.8375
 16 784  0.0518 -0.0779 33.3504
 48 784  0.0367 -0.0494 127.8022
 80 784  0.1332 -0.1896 215.3211
112 784  0.0407 -0.1054 220.7256
144 784  0.0280 -0.1724 76.4964
176 784  0.0640 -0.2700 60.5577
208 784 -0.0293 -0.3388 54.0891
240 784 -0.0201 -0.4927 121.9120
272 784  0.0059 -0.6221 351.1944
304 784  0.0765 -0.3838 259.9803
336 784  0.2067 -0.2846 109.7937
368 784  0.7921 -0.2645 166.4690
400 784  0.7713 -0.1085 98.1442
432 784  0.9922 -0.0574 76.5641
464 784  1.1455 -0.1900 74.4232
496 784  1.4150 -0.4107 49.2251
528 784  0.3152 -0.0561 22.5552
560 784  0.1147  0.0645  8.5209
592 784  0.1755  0.3171  8.1138
624 784  0.0541  0.0810 33.4687
656 784  1.1051  0.0120 26.6824
688 784  0.1174 -0.0919 11.0316
720 784  0.1385 -0.0731 15.4568
752 784  0.5441 -0.4996 16.4969
784 784  0.0938 -0.0661 10.0209
816 784  0.0733 -0.3794  8.6840
848 784  0.0864 -0.0377  9.5543
880 784  0.4047 -0.2701  7.0097
912 784  0.6436 -2.2850  8.1269
944 784  1.6717 -0.8564  5.5347
976 784  0.4017 -0.1617 26.2982
1008 784  0.1867  0.0758 78.4704
1040 784  0.0709  0.0593 108.2177
1072 784 -0.1270  0.0639 154.1780
1104 784 -0.0093  0.1008 134.8191
1136 784 -0.0912  0.0716 131.1314
1168 784 -0.0658  0.0816 63.7732
 16 816  0.0251 -0.0280 14.6893
 48 816  0.1076 -0.0296 22.6972
 80 816  0.1987 -0.0320 227.8784
112 816  0.0435 -0.0180 33.6602
144 816  0.1050 -0.2138 105.8773
176 816  0.1073 -0.3886 216.4340
208 816  0.0738 -0.4594 41.9410
240 816  0.2636 -0.3702 74.9185
272 816  0.0566 -0.2545 35.0383
304 816  0.1747 -0.4614 92.3070
336 816  0.5586 -0.4139 79.6904
368 816  0.8835 -0.1087 338.3280
400 816  0.8061 -0.0860 91.2547
432 816  0.6721 -0.1315 20.5295
464 816  1.3357 -0.1470 123.7127
496 816  0.8515 -0.4349 19.0415
528 816 -0.0696 -0.0401  8.3028
560 816  0.0485  0.0226  5.9837
592 816  0.0568  0.0363 69.6469
624 816  1.0299 -0.0631 62.6496
656 816  0.2945 -0.0168 39.0518
688 816  0.2099 -0.2372 11.5630
720 816  0.3926 -0.0798  9.1759
752 816 -0.1003  0.0577  8.2465
784 816  0.3223 -0.3736 11.5993
816 816  0.1555 -0.0996  8.3779
848 816  0.0936 -0.5059 10.6109
880 816  0.1489 -0.0542 10.9403
912 816  0.4119 -0.7974  8.6358
944 816  0.2921 -1.1135  4.8930
976 816  0.1967 -0.0197  9.5355
1008 816  0.4094  0.7870 51.3239
1040 816 -0.0188  0.0125 33.7930
1072 816 -0.0522  0.0819 185.1616
1104 816 -0.1319  0.0402 129.8131
1136 816 -0.0681  0.0450 101.8448
1168 816 -0.0683  0.0761 170.4488
 16 848  0.0297 -0.0302 19.1336
 48 848  0.1051  0.0016 31.7779
 80 848  0.0933 -0.0332 315.6109
112 848  0.0715 -0.2532 36.0896
144 848  0.0745 -0.0492 268.7506
176 848  0.4285 -0.1430 180.0900
208 848  0.2237 -0.2780 80.5803
240 848  0.2116 -0.3985 41.1222
272 848  0.0806 -0.1711 13.6226
304 848  0.1564 -0.1442 19.2042
336 848  0.4914 -0.2266 141.7325
368 848  0.8209 -0.2584 76.9152
400 848  1.0007 -0.1071 51.9429
432 848  0.6564 -0.0921 20.8535
464 848  0.8483 -0.5039 31.1282
496 848  0.0209 -0.0910 19.3757
528 848  0.1445  0.0932  5.1368
560 848  0.0182  0.0367 12.1343
592 848  0.1559  0.0171 40.8124
624 848  0.8689 -0.2563 40.0152
656 848  0.0417  0.0328 23.4031
688 848  0.5001 -0.1856 10.0470
720 848  0.0629 -0.1134  8.0543
752 848  0.0435 -1.3668 10.2062
784 848  0.1010 -0.3225 12.3575
816 848  0.0793 -0.0172 13.4372
848 848  0.0846 -0.1573  9.9061
880 848  0.0467 -0.1226 13.0895
912 848  0.3038 -0.1497 10.6569
944 848  0.1100 -0.5016  8.8346
976 848 -0.8859  0.1350 33.7494
1008 848 -1.0123  1.2506 153.7964
1040 848 -0.2087  0.2785 52.4666
1072 848 -0.0645  0.1050 80.1953
1104 848 -0.0624  0.0604 174.7993
1136 848 -0.0909  0.0442 101.1213
1168 848 -0.0709  0.0795 99.3690
 16 880  0.0999 -0.0254 31.8668
 48 880  0.1507 -0.1445 123.8187
 80 880  0.4162 -0.0250 135.4850
112 880  0.3536 -0.1939 142.1504
144 880  0.1024 -0.2423 29.6179
176 880  0.5098 -0.1343 180.9678
208 880  0.1300 -0.0803 61.3449
240 880  0.2697 -0.2115 114.3691
272 880  0.2144 -0.5090 115.7880
304 880  0.3407 -0.2955 142.0098
336 880  1.0077 -0.4709 105.2108
368 880  0.7708 -0.6256 80.7730
400 880  1.0225 -0.1341 97.3713
432 880  0.3326 -0.1463 39.6286
464 880  0.0788 -0.0754 27.5896
496 880 -0.0901 -0.0754  5.8317
528 880  0.0924  0.0214  8.0195
560 880  0.0653 -0.0248 14.2980
592 880  0.2479 -0.0308  7.9221
624 880  0.2765 -0.0622 25.9599
656 880  0.0621 -0.0177 11.8746
688 880  0.1853 -0.0056 10.8001
720 880  0.0377 -0.0651 19.3690
752 880  0.0910 -0.0306 11.8361
784 880  0.0827 -0.0650 11.6295
816 880  0.0707 -0.0715  7.9228
848 880 -0.2227 -0.0163 10.1991
880 880  0.0270  0.0539  9.6271
912 880  0.0921 -0.0970 13.4457
944 880 -0.2784 -0.0844 12.6353
976 880 -0.1179 -0.1577  9.1692
1008 880 -0.0117 -0.2607 12.1094
1040 880 -0.8830  0.5864 38.2965
1072 880 -0.1575  0.0484 168.9980
1104 880 -0.0876  0.0997 120.2773
1136 880 -0.1229  0.0822 73.9716
1168 880 -0.1662  0.1065 135.2050
 16 912  0.0762 -0.0731 82.3079
 48 912  0.4412 -0.0266 76.8307
 80 912  0.5097 -0.1091 175.9666
112 912  0.2175 -0.2170 204.9754
144 912  0.1196 -0.1160 116.6517
176 912  0.3104 -0.2953 74.7143
208 912  0.1361 -0.5001 212.6682
240 912  0.2510 -0.5225 90.1719
272 912  0.1342 -0.1022 16.7285
304 912  0.7004 -0.4127 184.7507
336 912  0.5066 -0.4254 120.0190
368 912  0.2359 -0.1372 122.1838
400 912  0.4244 -0.0522 18.1702
432 912  0.0101 -0.0020 14.7198
464 912 -0.0488 -0.0416 10.5606
496 912 -0.0164 -0.0081  4.0474
528 912 -0.0159  0.0159  5.0252
560 912  0.0210  0.0001  6.4450
592 912  0.0247  0.0090  4.2490
624 912  0.0647 -0.0504  8.6367
656 912 -0.0779 -0.0644  7.4483
688 912  0.1622 -0.0688  6.3698
720 912 -0.0427 -0.0289 11.1966
752 912  0.0741 -0.0310  6.8653
784 912  0.0548  0.0018 15.4628
816 912  0.0276 -0.0549  9.9264
848 912 -0.0366  0.0250  7.4248
880 912  0.0651  0.0237 10.0187
912 912 -0.0033 -0.2767 11.4822
944 912 -0.0798 -0.4774  8.4406
976 912 -0.1984 -0.1141  8.8068
1008 912 -0.0242  0.1037  9.0639
1040 912 -0.1380  0.1096 17.4525
1072 912 -0.3894  0.2449 59.4769
1104 912 -0.2486  0.1809 109.2612
1136 912 -0.2038  0.0181 64.3929
1168 912 -0.0377  0.0842 101.9691
 16 944  0.1128 -0.0280 39.2781
 48 944  0.0386  0.0153 117.6326
 80 944  0.3920 -0.0393 109.8910
112 944  0.3322 -0.1266 85.3164
144 944  0.5099 -0.1451 117.5136
176 944  0.1788 -0.1765 124.0382
208 944  0.3386 -0.2229 148.3206
240 944  0.4917 -0.2534 104.0298
272 944  0.1696 -0.6124 151.4866
304 944  0.3928 -0.2554 54.7284
336 944  0.4142 -0.4687 55.9658
368 944  0.1825 -0.1819 44.0913
400 944  0.0326 -0.1531 18.8781
432 944 -0.0996 -0.0910 14.6046
464 944 -0.1327 -0.0645  5.7082
496 944 -0.0193  0.0235  6.3955
528 944 -0.0070  0.0235  4.1290
624 944  0.1105 -0.0519  5.0055
656 944 -0.0907 -0.0442  4.9538
688 944  0.1333 -0.0017  5.4698
720 944 -0.0799 -0.0417  5.9994
752 944  0.0614 -0.1039  4.9060
784 944  0.0543 -0.1950  4.5180
816 944  0.0775 -0.2373  5.5405
848 944  0.0113 -0.0698 10.0612
880 944  0.1260 -0.3019  7.4507
912 944  0.0668 -0.0719 10.3530
944 944  0.1953 -0.1898  8.5501
976 944  0.4650 -0.4748 10.2832
1008 944  0.3100 -0.4467 11.7388
1040 944 -0.1530  0.0473 13.2586
1072 944 -0.7231  0.6408 71.2688
1104 944 -0.3515  0.0894 152.6321
1136 944 -0.2270  0.0678 244.0795
1168 944 -0.1732  0.0477 220.1355
 16 976  0.1389 -0.0221 42.6635
 48 976  0.0625 -0.0448 21.9968
 80 976  0.6419 -0.0886 73.1830
112 976  0.0584 -0.0744 26.0149
144 976  0.2668 -0.2560 177.5721
176 976  0.1169 -0.1245 134.4848
208 976  0.3913 -0.1059 59.1889
240 976  0.3000 -0.2299 60.6652
272 976  0.4233 -0.2545 119.8253
304 976  0.2218 -0.3761 141.1656
336 976  0.1304 -0.3637 82.0234
368 976  0.0023 -0.0185 27.1342
400 976 -0.0937 -0.0614 12.7717
432 976 -0.1701 -0.2393  7.0820
464 976 -0.0291 -0.0190 15.3475
496 976 -0.0937  0.0485  7.6436
528 976 -0.0138  0.0116  4.6604
688 976 -0.0056 -0.0501  4.1838
784 976  0.0146  0.0164  4.3784
816 976  0.0243  0.0170 14.4015
848 976  0.0948 -0.4779 73.6826
880 976  0.0638 -0.1078 18.0588
912 976  0.0660 -0.0956  7.8213
944 976  0.1988 -0.3024 10.3053
976 976  0.6562 -0.3319 10.7086
1008 976  0.3662 -0.1669  8.3689
1040 976  0.0916 -0.2895 32.0505
1072 976 -0.4444  0.0343 45.8445
1104 976 -0.2352 -0.0930 160.2079
1136 976 -0.1889  0.0427 101.2381
1168 976 -0.1182  0.0004 130.8655
 16 1008  0.0644 -0.0028 17.0642
 48 1008  0.1128 -0.0327 209.4337
 80 1008  0.0402 -0.0213 85.8656
112 1008  0.1415 -0.0322 135.6225
144 1008  0.0287 -0.0812 97.3844
176 1008  0.1731 -0.2329 141.9369
208 1008  0.1613 -0.1280 31.7097
240 1008  0.1026 -0.1747 24.2129
272 1008  0.3056 -0.1560 164.2053
304 1008  0.0264 -0.2318 52.7710
336 1008  0.0288 -0.0356 26.7237
368 1008 -0.0238  0.0005 10.6105
400 1008 -0.3911 -0.4529 11.1180
432 1008 -0.1648 -0.1785 18.8502
464 1008 -0.0020 -0.1309 42.9757
496 1008  0.0093 -0.0065 20.2733
528 1008 -0.0295  0.0234 11.5928
560 1008 -0.0485  0.0858  6.0567
752 1008  0.0076 -0.0141  4.0675
784 1008 -0.0055  0.0017  6.3781
816 1008  0.0174  0.0005 26.1426
848 1008 -0.0020 -0.2885 22.4903
880 1008 -0.0558 -0.3516 74.7861
912 1008  0.0813 -0.1801 17.7615
944 1008  1.2503 -0.2402 11.5371
976 1008 -0.1746 -0.6153 23.7100
1008 1008 -0.0970 -0.3134 14.9571
1040 1008 -0.0566 -0.2593 31.6036
1072 1008 -0.3530 -0.0256 62.7219
1104 1008 -0.2020  0.0328 168.9423
1136 1008 -0.1171 -0.0221 134.2598
1168 1008 -0.1525 -0.0516 84.1058
 16 1040  0.1310 -0.0036 74.5038
 48 1040  0.3514 -0.0293 61.2841
 80 1040  0.2449 -0.0681 113.3654
112 1040  0.1117 -0.0094 213.8992
144 1040  0.1380 -0.1639 42.9113
176 1040  0.1757 -0.1236 110.6389
208 1040  0.0920 -0.1695 41.7189
240 1040  0.0331 -0.1522 37.5264
272 1040  0.0715 -0.1176 24.6013
304 1040  0.0665 -0.1725 40.1143
336 1040  0.0745 -0.0335 90.6109
368 1040  0.0164 -0.0008 12.6643
400 1040 -0.0978 -0.0684 24.5164
432 1040  0.0653 -0.1620 29.3053
464 1040  0.1300 -0.1257 142.9973
496 1040  0.0156 -0.0173 18.4377
528 1040 -0.0190 -0.0037 11.6688
560 1040 -0.0057 -0.0132 13.1158
592 1040 -0.1045 -0.0142  6.3973
752 1040  0.0277  0.0021  5.6314
784 1040 -0.0339  0.0027 15.9476
816 1040  0.0532 -0.0258 29.0042
848 1040  0.0938 -0.1521 56.5631
880 1040  0.0129 -0.0640 11.1084
912 1040 -0.0946 -0.2360 92.1549
944 1040 -0.2784 -0.3564 54.1739
976 1040 -0.1763 -0.1615 55.0063
1008 1040 -0.2803 -0.2915 42.8661
1040 1040 -0.5385  0.0526 81.5085
1072 1040 -0.2810 -0.0882 92.0107
1104 1040 -0.1888 -0.0280 100.1801
1136 1040 -0.0848 -0.1402 191.9643
1168 1040 -0.0399  0.0109 17.1988
 16 1072  0.1023 -0.0045 72.7375
 48 1072  0.1371 -0.0023 118.9152
 80 1072  0.1898 -0.0241 160.2581
112 1072  0.0464 -0.0156 25.7422
144 1072  0.0938 -0.0304 87.0254
176 1072  0.6110 -0.0995 107.8593
208 1072  0.1263 -0.1029 24.1220
240 1072  0.1727 -0.1604 37.8967
272 1072  0.0176 -0.1314 145.8492
304 1072  0.0518 -0.1924 236.8893
336 1072  0.0431 -0.0535 204.2888
368 1072  0.0689  0.0097 69.6588
400 1072  0.1644 -0.0811 76.6552
432 1072  0.2772 -0.0808 97.4169
464 1072 -0.0015  0.0901  9.5042
496 1072  0.0154  0.0012 14.9227
528 1072  0.0022 -0.0655 11.4354
560 1072 -0.0919 -0.0251  8.6474
592 1072  0.0253  0.0585  9.5318
624 1072 -0.1365  0.0021  5.6631
656 1072 -0.0406  0.0802  4.6957
752 1072  0.0192 -0.0192  4.2402
784 1072  0.0305 -0.0332  7.3362
816 1072  0.0199 -0.0378 12.4532
848 1072  0.0603 -0.0599 31.5834
880 1072 -0.0151 -0.0049 19.3350
912 1072 -0.0656 -0.0418 30.1615
944 1072 -0.0915 -0.0967 49.8061
976 1072 -0.1798 -0.1633 13.3543
1008 1072 -0.4336 -0.1802 30.7487
1040 1072 -0.2017 -0.2047 181.1457
1072 1072 -0.1278  0.0695 17.2743
1104 1072 -0.0898 -0.0012 243.1490
1136 1072 -0.1085 -0.0943 57.5933
1168 1072 -0.0928 -0.0624 50.8419
 16 1104  0.0072  0.0040 16.3918
 48 1104  0.0200 -0.0306 31.4684
 80 1104  0.3238 -0.1013 118.7889
112 1104  0.1239 -0.1558 75.3666
144 1104  0.1379 -0.0274 90.0768
176 1104  0.0877 -0.1374 160.2152
208 1104  0.2085 -0.2360 170.5200
240 1104  0.1909 -0.1438 197.0703
272 1104  0.0178 -0.0545 21.6908
304 1104  0.1165 -0.1871 83.1637
336 1104  0.0760 -0.1809 107.2608
368 1104  0.1052 -0.0655 144.9667
400 1104  0.0853 -0.1056 113.1892
432 1104  0.1823 -0.0282 43.4580
464 1104  0.0565 -0.0089 23.2594
496 1104 -0.0361 -0.0008 14.5852
528 1104 -0.0101 -0.0075 12.5945
560 1104  0.0227 -0.0149 13.1767
592 1104 -0.0174 -0.0493 10.9183
624 1104  0.0071  0.0344 10.5754
656 1104 -0.0616  0.0645  8.9127
688 1104 -0.1172  0.1609  5.4654
848 1104  0.0218 -0.1331  5.1953
880 1104  0.1670 -0.2030  7.2604
912 1104 -0.0299 -0.0494 13.4637
944 1104  0.0135 -0.0324 15.1047
976 1104 -0.0415 -0.0525  9.6106
1008 1104 -0.0399 -0.0242 22.2365
1040 1104 -0.0106 -0.0176 30.2878
1072 1104 -0.0928 -0.0296 18.4229
1104 1104 -0.0883  0.0100 21.4281
1136 1104 -0.0600 -0.0010 16.8567
1168 1104 -0.0321 -0.1016 24.0617
 16 1136  0.0392 -0.0091 21.2148
 48 1136  0.0301 -0.0200 13.3214
 80 1136  0.0673  0.0163 78.1050
112 1136  0.1079 -0.0332 204.7485
144 1136  0.0224 -0.0003 49.0311
176 1136  0.1195 -0.0269 185.4317
208 1136  0.0552 -0.0750 246.2831
240 1136  0.1296 -0.1428 58.4996
272 1136  0.0508 -0.1248 117.8622
304 1136  0.0821 -0.0792 82.3121
336 1136  0.0284 -0.0691 209.9050
368 1136  0.0490 -0.0848 201.6674
400 1136  0.0966 -0.0654 144.6637
432 1136  0.0787 -0.1460 127.4091
464 1136  0.1246 -0.0160 47.8979
496 1136  0.0407 -0.0958 50.6191
528 1136  0.0083  0.0145 15.9833
560 1136 -0.0144  0.0114 11.2636
592 1136  0.0235 -0.0133 13.2942
624 1136  0.0036 -0.0135 14.0020
656 1136 -0.0296  0.0255 18.0519
688 1136 -0.0255  0.0235 12.5499
720 1136  0.0735  0.1363  6.5170
752 1136 -0.0297  0.0791  5.7974
784 1136  0.1028  0.0668  5.8891
816 1136 -0.0050  0.0799 10.3057
848 1136 -0.0371  0.0961  9.0528
880 1136 -0.0699  0.2027  4.4303
944 1136  0.0350 -0.0242  4.0960
976 1136  0.0147 -0.0308  4.3671
1008 1136 -0.0105 -0.0017  5.1537
1040 1136  0.0200  0.0062  4.8401
1072 1136 -0.0096 -0.0597  5.5423
1104 1136 -0.0083 -0.0215  8.4268
1136 1136 -0.0349 -0.0030  9.9407
1168 1136 -0.0158  0.0087 19.2740
 16 1168  0.0977 -0.0768 16.8102
 48 1168  0.0447 -0.0400 14.6427
 80 1168  0.5248 -0.0890 39.4362
112 1168  0.2695 -0.1246 43.7229
144 1168  0.1705 -0.0440 46.4740
176 1168  0.1541 -0.1205 35.3958
208 1168  0.0655 -0.1282 205.0469
240 1168  0.1770 -0.0612 132.9067
272 1168  0.1019 -0.2287 39.5598
304 1168  0.0784 -0.0833 56.2395
336 1168  0.1154 -0.1188 206.1273
368 1168  0.0861 -0.1689 112.6654
400 1168  0.1397 -0.2124 228.5144
432 1168  0.0375 -0.0668 28.9437
464 1168  0.1185 -0.2219 216.1480
496 1168  0.0552 -0.0025 15.3622
528 1168 -0.0218 -0.0425 19.6820
560 1168 -0.0112  0.0160 12.5952
592 1168  0.0503  0.0166 11.6112
624 1168 -0.0090  0.0155 15.2453
656 1168 -0.0163 -0.0195 12.7477
688 1168 -0.0203  0.0099 12.8317
720 1168  0.0088  0.0117 12.5305
752 1168  0.0069  0.0042 11.5460
784 1168  0.0360  0.0243  9.3652
816 1168  0.0449  0.0347 13.1668
848 1168 -0.0303  0.0003 14.5709
880 1168 -0.0282  0.0110 13.4512
912 1168 -0.0452  0.0475 11.6140
944 1168 -0.0480  0.1457  6.0484
976 1168  0.0011  0.1092  5.4912
1008 1168 -0.0404  0.0195  4.3108
1104 1168  0.0110 -0.0258  4.2530
1136 1168  0.0409 -0.0440  4.6769
1168 1168 -0.0089 -0.0114  4.7014
 16 1200  0.0901 -0.0169 14.2468
 48 1200  0.0325  0.0105 17.0550
 80 1200  0.1635 -0.1086 267.4355
112 1200  0.0977 -0.0016 142.4462
144 1200  0.1353 -0.1811 49.7434
176 1200  0.1670 -0.1857 194.2801
208 1200  0.0401 -0.0118 79.4661
240 1200  0.1120 -0.3800 208.2067
272 1200  0.0697 -0.1378 37.1162
304 1200  0.0783 -0.0719 71.2162
336 1200  0.1986 -0.1500 242.3460
368 1200  0.0870 -0.0524 224.6354
400 1200  0.0650 -0.0442 264.7627
432 1200  0.1057 -0.0633 38.8546
464 1200  0.0616 -0.1122 27.3356
496 1200  0.0324 -0.0078 23.7486
528 1200 -0.0156  0.0121 20.5592
560 1200  0.0038  0.0176 14.3588
592 1200  0.0064  0.0192 13.6094
624 1200 -0.0030 -0.0278 29.9603
656 1200  0.0496 -0.0751 26.4648
688 1200  0.0235  0.0144 14.6607
720 1200  0.0212  0.0231 18.3621
752 1200 -0.0381 -0.0101 16.2569
784 1200  0.0371 -0.0355 11.1386
816 1200  0.0365 -0.0021 11.9546
848 1200 -0.0242 -0.0171 12.0868
880 1200 -0.0207 -0.0093 11.6687
912 1200  0.0261 -0.0015 14.9904
944 1200 -0.0047 -0.0112 14.5614
976 1200  0.0152 -0.0093 13.5481
1008 1200  0.0217  0.0189 11.2634
1040 1200 -0.0147  0.0900  7.9454
1072 1200 -0.0240  0.1379  6.0136
1104 1200 -0.0032  0.0904  4.9281
1136 1200  0.0335  0.1738  4.4418
1168 1200 -0.0112  0.2615  4.3707
 16 1232  0.0212  0.0050 15.6703
 48 1232  0.0120 -0.0014 16.1426
 80 1232  0.0636 -0.0134 208.1191
112 1232  0.1008 -0.0139 76.5454
144 1232  0.2483 -0.0501 265.4034
176 1232  0.1257 -0.0571 266.5045
208 1232  0.0638 -0.0720 75.7107
240 1232  0.0813 -0.0422 49.4452
272 1232  0.0431 -0.0624 184.2468
304 1232  0.2577 -0.1485 122.2278
336 1232  0.0870 -0.0550 163.3341
368 1232  0.0545 -0.1452 194.8647
400 1232  0.1018 -0.0641 130.5233
432 1232  0.0654 -0.1690 60.5665
464 1232  0.0278 -0.0115 188.8489
496 1232  0.0016 -0.0127 24.7084
528 1232 -0.0037 -0.0104 11.9108
560 1232  0.0114 -0.0068 23.2196
592 1232  0.0052  0.0162 15.4200
624 1232 -0.0061  0.0195 13.7450
656 1232  0.0043  0.0297 12.6566
688 1232 -0.0109 -0.0408  9.9758
720 1232 -0.0026  0.0018 12.7723
752 1232 -0.0433 -0.0117 19.0798
784 1232 -0.0078  0.0016 14.1559
816 1232  0.0199 -0.0427 20.1452
848 1232  0.0249  0.0558 10.1721
880 1232  0.0030  0.0128 12.6417
912 1232 -0.0141  0.0025 12.8898
944 1232  0.0406 -0.0171 13.6447
976 1232  0.0635  0.0466 10.6882
1008 1232  0.0005 -0.0128 14.5182
1040 1232 -0.0183  0.0090 13.9517
1072 1232  0.0327  0.0095 11.5717
1104 1232 -0.0170  0.0011 12.5813
1136 1232  0.0329 -0.0093 11.3900
1168 1232 -0.0220  0.0127 12.9062
 16 1264  0.0310  0.0199 19.8864
 48 1264  0.0179 -0.0468 13.6956
 80 1264  0.1241 -0.0567 189.7595
112 1264  0.1516 -0.0774 44.3360
144 1264  0.1585 -0.0482 223.1107
176 1264  0.0369 -0.0371 68.2059
208 1264  0.1724 -0.1101 65.9799
240 1264  0.1003 -0.0798 40.4682
272 1264  0.1181 -0.0854 65.0137
304 1264  0.0931 -0.1036 151.6922
336 1264  0.0599 -0.1473 201.6262
368 1264  0.0926 -0.1347 243.2405
400 1264  0.1102 -0.0142 116.4136
432 1264  0.0069 -0.0627 291.2014
464 1264  0.0325  0.0070 73.5121
496 1264  0.0137  0.0046 14.0098
528 1264  0.0143  0.0161 11.8671
560 1264  0.0314 -0.0019 11.9779
592 1264 -0.0134  0.0028 15.6807
624 1264 -0.0089 -0.0102 14.2034
656 1264  0.0605 -0.0179 13.3474
688 1264  0.0084 -0.0117 10.5915
720 1264  0.0269 -0.0059 13.2737
752 1264 -0.0042  0.0185 24.2882
784 1264  0.0701 -0.0090 11.1414
816 1264 -0.0277 -0.0055 16.7098
848 1264  0.0016 -0.0144 11.7720
880 1264 -0.0319  0.0848  9.6094
912 1264 -0.0398  0.0141 10.3253
944 1264  0.0070  0.0490 13.9860
976 1264  0.0002 -0.0111 10.9328
1008 1264  0.0053 -0.0459  9.6636
1040 1264 -0.0116  0.0043 10.9790
1072 1264 -0.0061 -0.0380 10.6360
1104 1264  0.0019  0.0515  9.8402
1136 1264 -0.0176  0.0099  9.5603
1168 1264 -0.0263 -0.0148 12.6997
 16 1296  0.0711 -0.0299 25.6571
 48 1296  0.0395 -0.0257 13.6235
 80 1296  0.0727 -0.0137 163.9566
112 1296  0.0462 -0.0204 18.6043
144 1296  0.1446  0.0342 15.7303
176 1296  0.1035 -0.0742 117.6675
208 1296  0.1502 -0.0739 191.0927
240 1296  0.0211 -0.0233 87.0989
272 1296  0.0498 -0.0309 49.5151
304 1296  0.0765 -0.0593 94.1203
336 1296  0.0805 -0.0701 63.7067
368 1296  0.0905 -0.1943 60.4138
400 1296  0.0661 -0.0648 193.4662
432 1296  0.1658 -0.0074 68.8879
464 1296  0.0799 -0.0486 198.8760
496 1296  0.0437 -0.0089 17.0245
528 1296 -0.0009  0.0040 13.3565
560 1296  0.0244 -0.0273 17.9546
592 1296  0.0032  0.0146 13.7995
624 1296 -0.0212 -0.0074 13.9410
656 1296 -0.0204 -0.0059 13.6126
688 1296 -0.0130  0.0191 13.2015
720 1296  0.0134 -0.0039 14.2861
752 1296 -0.0058  0.0066 17.5293
784 1296 -0.0064 -0.0005 11.3334
816 1296 -0.0081 -0.0707  9.1472
848 1296 -0.0132  0.0144 12.1905
880 1296 -0.0245 -0.0317 11.2803
912 1296 -0.0490  0.0084 11.0158
944 1296 -0.0234  0.0375 12.7466
976 1296  0.0050  0.0229 11.1153
1008 1296  0.0429 -0.0131  9.6229
1040 1296 -0.0709  0.0198  8.1456
1072 1296 -0.0319  0.0017  9.0726
1104 1296  0.0265 -0.0412 10.5253
1136 1296  0.0251  0.0209 10.0464
1168 1296 -0.0426  0.0092  9.5291
  0   0 -0.0423 -0.0085  0.0000
  0   0 -0.0302  0.0242  0.0000
  0   0 -0.0204  0.0052  0.0000
  0   0  0.0041 -0.0207  0.0000
  0   0  0.0714 -0.0380  0.0000
  0   0  0.0889 -0.0390  0.0000
  0   0  0.1161 -0.0319  0.0000
  0   0  0.1259 -0.0295  0.0000
  0   0  0.1691 -0.0111  0.0000
  0   0  0.1431 -0.0567  0.0000
  0   0  0.1118 -0.0547  0.0000
  0   0  0.0004 -0.0188  0.0000
  0   0 -0.0614 -0.0042  0.0000
  0   0  0.0742 -0.0944  0.0000
  0   0  0.0667 -0.1032  0.0000
  0   0  0.0743 -0.1397  0.0000
  0   0  0.0758 -0.0531  0.0000
  0   0  0.1181  0.0145  0.0000
  0   0  0.0711  0.0262  0.0000
  0   0  0.0232  0.0494  0.0000
  0   0 -0.0160  0.0469  0.0000
  0   0 -0.0128  0.0268  0.0000
  0   0 -0.0285  0.0292  0.0000
  0   0 -0.0450  0.0112  0.0000
  0   0 -0.0460  0.0050  0.0000
  0   0 -0.0370  0.0120  0.0000
  0   0 -0.0196 -0.0002  0.0000
  0   0 -0.0283 -0.0021  0.0000
  0   0 -0.0373 -0.0158  0.0000
  0   0 -0.0413 -0.0486  0.0000
  0   0 -0.0487 -0.0154  0.0000
  0   0 -0.0578 -0.0237  0.0000
  0   0 -0.0673  0.0035  0.0000
  0   0 -0.0391  0.0238  0.0000
  0   0 -0.0082  0.0129  0.0000
  0   0  0.0106 -0.0135  0.0000
  0   0 -0.0408 -0.0032  0.0000
  0   0 -0.0297 -0.0123  0.0000
  0   0  0.0010 -0.0217  0.0000
  0   0 -0.0044  0.0133  0.0000
  0   0 -0.0447  0.0134  0.0000
  0   0 -0.0526  0.0062  0.0000
  0   0 -0.0396  0.0111  0.0000
  0   0 -0.0136 -0.0033  0.0000
  0   0  0.0287 -0.0251  0.0000
  0   0  0.0884 -0.0425  0.0000
  0   0  0.1308 -0.0493  0.0000
  0   0  0.1657 -0.0485  0.0000
  0   0  0.1855 -0.0457  0.0000
  0   0  0.1964 -0.0394  0.0000
  0   0  0.1625 -0.0506  0.0000
  0   0  0.0960 -0.0418  0.0000
  0   0 -0.0149 -0.0139  0.0000
  0   0 -0.1285  0.0128  0.0000
  0   0  0.0619 -0.1505  0.0000
  0   0  0.0614 -0.1282  0.0000
  0   0  0.0678 -0.1020  0.0000
  0   0  0.0736 -0.0280  0.0000
  0   0  0.0821  0.0423  0.0000
  0   0  0.0510  0.0816  0.0000
  0   0  0.0080  0.1034  0.0000
  0   0 -0.0292  0.0997  0.0000
  0   0 -0.0459  0.0795  0.0000
  0   0 -0.0616  0.0603  0.0000
  0   0 -0.0725  0.0361  0.0000
  0   0 -0.0727  0.0189  0.0000
  0   0 -0.0651  0.0093  0.0000
  0   0 -0.0558 -0.0036  0.0000
  0   0 -0.0592 -0.0137  0.0000
  0   0 -0.0675 -0.0270  0.0000
  0   0 -0.0750 -0.0408  0.0000
  0   0 -0.0819 -0.0294  0.0000
  0   0 -0.0854 -0.0231  0.0000
  0   0 -0.0806 -0.0056  0.0000
  0   0 -0.0556  0.0062  0.0000
  0   0 -0.0279  0.0005  0.0000
  0   0 -0.0135 -0.0136  0.0000
  0   0 -0.0284 -0.0144  0.0000
  0   0 -0.0283 -0.0159  0.0000
  0   0 -0.0226 -0.0115  0.0000
  0   0 -0.0334  0.0082  0.0000
  0   0 -0.0567  0.0146  0.0000
  0   0 -0.0626  0.0122  0.0000
  0   0 -0.0459  0.0068  0.0000
  0   0 -0.0080 -0.0091  0.0000
  0   0  0.0486 -0.0304  0.0000
  0   0  0.1166 -0.0497  0.0000
  0   0  0.1776 -0.0617  0.0000
  0   0  0.2245 -0.0663  0.0000
  0   0  0.2484 -0.0654  0.0000
  0   0  0.2432 -0.0602  0.0000
  0   0  0.1949 -0.0549  0.0000
  0   0  0.1062 -0.0384  0.0000
  0   0 -0.0185 -0.0105  0.0000
  0   0 -0.1599  0.0213  0.0000
  0   0  0.0480 -0.2160  0.0000
  0   0  0.0559 -0.1551  0.0000
  0   0  0.0654 -0.0846  0.0000
  0   0  0.0714  0.0028  0.0000
  0   0  0.0654  0.0871  0.0000
  0   0  0.0359  0.1463  0.0000
  0   0 -0.0081  0.1724  0.0000
  0   0 -0.0506  0.1656  0.0000
  0   0 -0.0807  0.1363  0.0000
  0   0 -0.0993  0.0982  0.0000
  0   0 -0.1069  0.0604  0.0000
  0   0 -0.1040  0.0298  0.0000
  0   0 -0.0952  0.0074  0.0000
  0   0 -0.0879 -0.0109  0.0000
  0   0 -0.0894 -0.0265  0.0000
  0   0 -0.0984 -0.0397  0.0000
  0   0 -0.1096 -0.0463  0.0000
  0   0 -0.1177 -0.0405  0.0000
  0   0 -0.1166 -0.0281  0.0000
  0   0 -0.1018 -0.0132  0.0000
  0   0 -0.0731 -0.0050  0.0000
  0   0 -0.0426 -0.0088  0.0000
  0   0 -0.0238 -0.0186  0.0000
  0   0 -0.0224 -0.0234  0.0000
  0   0 -0.0281 -0.0204  0.0000
  0   0 -0.0396 -0.0084  0.0000
  0   0 -0.0595  0.0090  0.0000
  0   0 -0.0808  0.0201  0.0000
  0   0 -0.0866  0.0202  0.0000
  0   0 -0.0654  0.0094  0.0000
  0   0 -0.0142 -0.0111  0.0000
  0   0  0.0619 -0.0367  0.0000
  0   0  0.1512 -0.0612  0.0000
  0   0  0.2370 -0.0794  0.0000
  0   0  0.3033 -0.0889  0.0000
  0   0  0.3358 -0.0899  0.0000
  0   0  0.3233 -0.0827  0.0000
  0   0  0.2588 -0.0678  0.0000
  0   0  0.1455 -0.0436  0.0000
  0   0 -0.0048 -0.0110  0.0000
  0   0 -0.1732  0.0257  0.0000
