VARIABLES= "X pix", "Y pix", "U pix/dt", "V pix/dt", "CHC", ZONE I=37, J=41
304  16  0.0111 -0.1412 59.5809
336  16 -0.0472 -0.1462 18.9118
368  16 -0.0685 -0.0935 24.6753
400  16 -0.0605 -0.0793 88.5845
496  16 -0.0344 -0.0814 89.0435
528  16 -0.0120 -0.0592 39.0095
560  16  0.0027 -0.0034 40.9600
592  16  0.0189  0.0224 50.5679
624  16  0.0141  0.0010 54.6133
656  16  0.0026 -0.0170 46.5454
688  16  0.0063  0.0386 273.0666
304  48  0.0278  0.0940 52.5128
336  48  0.0102  0.1094 29.4676
368  48  0.0167  0.1327 110.7027
496  48  0.0254  0.1261 71.8596
528  48  0.0449  0.1084 27.3067
560  48  0.0292  0.0929 41.3737
592  48  0.0000  0.0591 150.2520
688  48 -0.0778  0.0656 227.5554
720  48 -0.2017  0.0822 29.2571
752  48 -0.2606  0.0909 35.0085
784  48  0.0122 -0.0252 31.3141
816  48  1.1372 -0.5000 148.4057
304  80  0.8232 -0.3500 49.3494
336  80  0.3594 -0.1497 30.7970
368  80  0.0743 -0.0512 50.5679
400  80 -0.0335 -0.0109 47.0804
432  80 -0.0221 -0.0102 43.5745
464  80  0.0257 -0.0053 4095.9939
496  80  0.0492  0.0398 71.8596
528  80  0.0688  0.1268 28.4444
560  80  0.0730  0.0824 49.3494
592  80  0.0082  0.0000 40.8239
688  80  0.0015  0.0364 341.3332
720  80 -0.0187 -0.0581 80.3137
752  80 -0.0293 -0.0692 75.8518
784  80  0.0000 -0.0201 68.0665
816  80 -0.0298 -0.0096 147.3381
 16 144 -0.0263 -0.0309 31.3396
 48 144 -0.0279 -0.0518 22.6374
 80 144 -0.0406 -0.0521 161.5337
112 144 -0.0194 -0.0405 220.4340
144 144 -0.0349 -0.0940 96.0882
176 144 -0.0399 -0.0237 147.1194
208 144 -0.0314 -0.0201 66.2829
240 144 -0.0106 -0.0120 203.4581
272 144 -0.0012 -0.0097 23.2040
304 144  0.0027  0.0289 169.8870
336 144  0.0112  0.0506 57.0122
368 144  0.0118  0.0308 132.4207
400 144  0.0017 -0.0125 33.5321
432 144 -0.0017  0.0444 182.5468
464 144  0.0420  0.0819 160.6950
496 144 -0.0058  0.0576 119.3065
528 144  0.0056  0.0924 233.8357
560 144 -0.0011  0.0729 67.7406
592 144  0.0224  0.0526 220.3981
624 144 -0.0057  0.0401 60.6471
656 144  0.0055  0.0595 145.5271
688 144  0.0093  0.0368 108.2719
720 144 -0.0088  0.0059 118.9898
752 144  0.0106  0.0020 104.8640
784 144  0.0361  0.0124 130.1925
816 144  0.0473  0.0033 199.7749
848 144  0.0058  0.0128 160.3427
880 144  0.0155  0.0192 179.1358
912 144  0.0113  0.0059 145.7117
944 144 -0.0104  0.0194 165.8455
976 144 -0.0010  0.0200 71.9419
1008 144  0.0135  0.0134 40.5519
1040 144 -0.0096 -0.0003 37.6198
1072 144 -0.0173  0.0687 103.6702
1104 144  0.0123  0.0128 40.8547
1136 144 -0.0238  0.0344 115.7783
1168 144 -0.0191  0.0922 76.2747
 16 176 -0.0370 -0.0902 73.9136
 48 176 -0.0709 -0.0833 147.8320
 80 176 -0.0243 -0.0498 156.0726
112 176 -0.0629 -0.0323 479.2784
144 176 -0.0603 -0.0473 252.6896
176 176 -0.0620 -0.0483 160.0435
208 176 -0.0223 -0.0192 47.7457
240 176 -0.0868  0.0025 334.4074
272 176  0.0113 -0.0117 201.8380
304 176 -0.0211 -0.0056 176.5158
336 176 -0.0040  0.0163 246.3816
368 176  0.0070  0.0947 43.3754
400 176  0.0016  0.0761 238.3020
432 176  0.0302  0.0318 144.9595
464 176 -0.0255  0.0523 95.0786
496 176  0.0126  0.0644 257.1347
528 176  0.0135  0.0362 263.8231
560 176  0.0024  0.0357 153.7274
592 176  0.0278  0.0439 81.4034
624 176  0.0040  0.0324 230.6736
656 176 -0.0178  0.0494 175.6241
688 176 -0.0030  0.0264 85.0127
720 176 -0.0165  0.0224 132.9998
752 176 -0.0232 -0.1234 187.0442
784 176 -0.0121 -0.0079 90.8843
816 176  0.0098  0.0042 274.9910
848 176 -0.0092  0.0014 377.1066
880 176  0.0219  0.0156 98.6819
912 176  0.0217  0.0062 170.2258
944 176  0.0442 -0.0108 100.5026
976 176  0.0983 -0.0439 153.9295
1008 176  0.0151  0.0120 135.7216
1040 176  0.0223  0.0616 97.8128
1072 176  0.0062  0.0371 121.5580
1104 176 -0.0068  0.0655 85.2647
1136 176 -0.0423  0.0736 100.1442
1168 176 -0.0516  0.0515 139.0293
 16 208 -0.0988 -0.1311 197.4718
 48 208 -0.1630 -0.1981 58.9474
 80 208 -0.0714 -0.0905 77.5377
112 208 -0.1117 -0.0759 226.4446
144 208 -0.0466 -0.0742 338.1949
176 208 -0.0635 -0.0481 169.4016
208 208 -0.0391 -0.0544 232.2505
240 208 -0.0065 -0.0480 125.8689
272 208 -0.0109 -0.0236 310.1177
304 208 -0.0146  0.0247 183.8918
336 208 -0.0140  0.0142 162.9131
368 208 -0.0054  0.0221 78.9374
400 208  0.0528  0.0073 202.6526
432 208  0.0359  0.0186 195.5457
464 208 -0.0024  0.0702 206.3948
496 208  0.0200  0.0744 205.1489
528 208  0.0079  0.0731 179.1738
560 208 -0.0062  0.0268 117.5920
592 208  0.0153  0.0901 44.0175
624 208 -0.0053  0.0236 143.8020
656 208 -0.0056  0.0510 117.1014
688 208  0.0207  0.0157 95.9086
720 208  0.0056  0.0063 100.0054
752 208  0.0181  0.0132 145.8396
784 208  0.0102  0.0089 145.2958
816 208  0.0166 -0.0059 132.9935
848 208  0.0353 -0.0144 190.5169
880 208  0.0076 -0.0135 280.6213
912 208  0.0167  0.0009 61.1746
944 208  0.0097  0.0058 57.2963
976 208  0.0445  0.0091 127.5821
1008 208  0.0032  0.1012 258.3180
1040 208 -0.0110  0.0253 102.0413
1072 208 -0.0369  0.0228 225.7024
1104 208 -0.0028  0.0477 125.5947
1136 208 -0.0042  0.0381 145.3357
1168 208 -0.0414  0.0657 149.2485
 16 240 -0.0633 -0.2165 110.3721
 48 240 -0.2785 -0.0958 29.2293
 80 240 -0.0128 -0.1332 297.3339
112 240 -0.1303 -0.1366 324.4998
144 240 -0.1543 -0.0671 172.2641
176 240 -0.2282 -0.0550 219.1394
208 240 -0.0588 -0.0800 41.4593
240 240 -0.0660 -0.0798 284.9895
272 240 -0.0271 -0.0225 212.3327
304 240 -0.0381 -0.0060 137.0550
336 240 -0.0257  0.0073 142.6020
368 240  0.0105  0.0090 88.8723
400 240 -0.0285  0.0398 280.2943
432 240  0.0259  0.0532 106.7646
464 240  0.0095  0.0495 206.9024
496 240  0.0483  0.1058 249.4363
528 240  0.0266  0.0501 111.3268
560 240 -0.0174  0.0769 110.7005
592 240  0.0098  0.0711 176.7944
624 240  0.0460  0.0870 121.8396
656 240  0.0066  0.0169 165.8693
688 240 -0.0064  0.0355 199.7406
720 240  0.0462 -0.0087 78.6438
752 240  0.0180  0.0089 189.2829
784 240  0.0313 -0.0070 112.9444
816 240 -0.0215  0.0261 180.9664
848 240  0.0126 -0.0006 168.7376
880 240  0.0304  0.0037 105.0555
912 240  0.0066 -0.0059 70.5783
944 240  0.0291  0.0071 81.5073
976 240  0.0233  0.0282 79.5799
1008 240 -0.0049 -0.0032 102.3717
1040 240  0.0024  0.0149 85.9419
1072 240  0.0311  0.0568 171.5385
1104 240  0.0033  0.0572 102.2916
1136 240  0.0191  0.0166 306.5743
1168 240 -0.0165  0.0653 38.7482
 16 272 -0.0751 -0.1508 230.2295
 48 272 -0.1931 -0.1040 209.4521
 80 272 -0.2705 -0.1347 152.8834
112 272 -0.1534 -0.2246 200.3839
144 272 -0.0122 -0.0150 57.7455
176 272 -0.0667 -0.0611 131.2064
208 272 -0.0435 -0.0378 346.9979
240 272 -0.0377 -0.0481 265.8488
272 272 -0.0637 -0.0318 174.9735
304 272 -0.0370 -0.0240 184.2105
336 272  0.0031 -0.0216 97.1161
368 272 -0.0067  0.0300 200.0714
400 272  0.0027  0.0427 244.9767
432 272  0.0123  0.0404 163.4812
464 272  0.0184  0.0951 130.7070
496 272  0.0173  0.1022 117.6366
528 272  0.0457  0.1080 111.6012
560 272  0.0213  0.1380 34.8489
592 272  0.0116  0.0660 122.2326
624 272 -0.0172  0.0252 138.4732
656 272 -0.0173  0.0135 151.3596
688 272  0.0160  0.0315 123.5370
720 272  0.0063 -0.0005 100.7579
752 272 -0.0002 -0.0095 122.9271
784 272  0.0362 -0.0263 163.1471
816 272  0.0231 -0.0948 178.4726
848 272  0.0317 -0.0103 109.5305
880 272  0.0388 -0.0199 84.1915
912 272  0.0427 -0.0305 65.0613
944 272  0.0534 -0.0161 183.9100
976 272  0.0218 -0.0029 175.0380
1008 272  0.0211  0.0297 111.3297
1040 272 -0.0026  0.0236 78.5976
1072 272  0.0195  0.0136 163.1759
1104 272 -0.0201  0.0248 102.9181
1136 272 -0.0048  0.0124 65.3449
1168 272 -0.0032  0.0665 94.4853
 16 304 -0.0726 -0.1188 305.7893
 48 304 -0.2287 -0.0944 195.2579
 80 304 -0.2747 -0.1453 176.4632
112 304 -0.0893 -0.2664 220.5630
144 304 -0.1793 -0.0901 242.2445
176 304 -0.1909 -0.0314 101.8282
208 304 -0.0975 -0.1060 309.9995
240 304 -0.1050 -0.0781 172.9728
272 304 -0.0187 -0.0636 34.1426
304 304 -0.0178 -0.0277 281.8730
336 304 -0.0147 -0.0207 181.6313
368 304 -0.0021 -0.0238 306.3060
400 304 -0.0045  0.0163 72.9536
432 304  0.0281  0.0212 158.1512
464 304  0.0019  0.0354 261.6089
496 304  0.0278  0.0720 136.1488
528 304  0.0434  0.0619 85.1914
560 304  0.0308  0.1165 272.8705
592 304 -0.0062  0.0285 154.3771
624 304  0.0198  0.0180 151.5837
656 304  0.0011  0.0353 94.3463
688 304  0.0133  0.0139 107.1632
720 304  0.0996  0.0130 164.1374
752 304  0.0351 -0.0188 82.0659
784 304  0.0131 -0.0156 176.7833
816 304  0.0200 -0.0092 159.4521
848 304  0.0334 -0.0077 94.8531
880 304  0.0914 -0.0357 193.4322
912 304 -0.0092 -0.0119 124.3228
944 304  0.0144 -0.0125 162.8741
976 304  0.0129 -0.0154 103.5290
1008 304  0.0068  0.0069 70.3976
1040 304  0.0108  0.0037 50.5166
1072 304  0.0013  0.0233 171.8196
1104 304 -0.0398  0.0760 218.7773
1136 304  0.0006  0.0411 95.8147
1168 304 -0.0076  0.0586 68.8976
 16 336 -0.3212 -0.2234 197.7053
 48 336 -0.0693 -0.2994 116.9789
 80 336 -0.0673 -0.1638 242.4574
112 336 -0.3325 -0.2348 337.7469
144 336 -0.1634 -0.1903 67.3169
176 336 -0.0667 -0.1186 140.8831
208 336 -0.1330 -0.1611 225.8603
240 336 -0.0786 -0.1313 220.5874
272 336 -0.0491 -0.0590 27.6594
304 336 -0.0497 -0.0861 58.7867
336 336 -0.0253 -0.0710 150.4505
368 336 -0.0144 -0.0052 140.3182
400 336  0.0182 -0.0257 54.6997
432 336  0.0521  0.0468 178.9003
464 336 -0.0049  0.0237 214.8911
496 336 -0.0038  0.0512 217.4591
528 336 -0.0057  0.0708 144.4718
560 336  0.0332  0.1041 126.4616
592 336  0.0001  0.0135 95.4191
624 336  0.0114  0.0317 88.2420
656 336  0.0131  0.0242 79.6118
688 336  0.0125  0.0064 172.4981
720 336  0.0403 -0.0029 122.6836
752 336  0.0057 -0.0236 83.8817
784 336  0.0295 -0.0086 99.0269
816 336  0.0359 -0.0320 105.9579
848 336  0.0353 -0.0311 113.8515
880 336  0.0215 -0.0028 109.2508
912 336  0.0297 -0.0476 168.8106
944 336  0.0412 -0.0386 192.9291
976 336  0.0174 -0.0067 117.9162
1008 336 -0.0005  0.0033 97.7220
1040 336 -0.0044  0.0092 87.2751
1072 336 -0.0157  0.0383 129.1397
1104 336  0.0175  0.0412 119.9325
1136 336 -0.0055  0.0870 224.1380
1168 336 -0.0193  0.0827 113.3056
 16 368 -0.2949 -0.1919 73.9561
 48 368 -0.1149 -0.6081 153.8829
 80 368 -0.5184 -0.1670 102.8738
112 368 -0.0291 -0.2352 167.7300
144 368 -0.1507 -0.2845 291.0646
176 368 -0.1327 -0.1488 246.1837
208 368 -0.0482 -0.1038 294.3323
240 368 -0.1158 -0.0771 52.7564
272 368 -0.0458 -0.1011 159.0867
304 368 -0.0509 -0.1390 297.0824
336 368 -0.0207 -0.0211 86.2832
368 368 -0.0140 -0.0352 314.6486
400 368  0.0042  0.0056 111.4477
432 368  0.0225  0.0134 212.4301
464 368  0.0252  0.0286 114.8144
496 368  0.0151  0.0596 148.0467
528 368  0.0334  0.0792 146.8192
560 368  0.0025  0.0424 229.4659
592 368  0.0305  0.1047 100.3268
624 368  0.0164  0.0704 110.9890
656 368 -0.0253  0.0373 57.2861
688 368  0.0114  0.0210 102.3458
720 368  0.0311 -0.0118 115.5863
752 368  0.0268 -0.0332 153.0824
784 368  0.0134 -0.0758 227.9846
816 368  0.0143 -0.0465 210.8994
848 368  0.0511 -0.0274 84.2301
880 368  0.0579 -0.0291 176.2747
912 368  0.0418 -0.0160 173.5093
944 368  0.0307 -0.0235 195.3034
976 368  0.1049 -0.0719 56.7827
1008 368 -0.0125  0.0306 231.7059
1040 368  0.0216  0.0225 199.6842
1072 368  0.0002  0.0325 103.8349
1104 368 -0.0052  0.0465 110.6464
1136 368 -0.0270  0.0523 92.3611
1168 368 -0.0591  0.0877 157.7432
 16 400 -0.0430 -0.1619 63.8335
 48 400 -0.2153 -0.3775 45.1242
 80 400 -0.5268 -0.2684 133.9487
112 400 -0.4168 -0.2026 23.3658
144 400 -0.4090 -0.4469 90.6617
176 400 -0.0641  0.0175 20.5483
208 400 -0.4047 -0.2335 85.9635
240 400 -0.2219 -0.1801 108.2860
272 400 -0.0303 -0.1995 225.0027
304 400 -0.1366 -0.1125 166.3062
336 400 -0.0512 -0.0364 117.6885
368 400 -0.0166 -0.0561 146.8431
400 400 -0.0089 -0.0056 61.7791
432 400  0.0046  0.0111 172.2574
464 400  0.0518  0.0409 237.2545
496 400  0.0367  0.0413 133.1011
528 400  0.0413  0.0835 171.4352
560 400  0.0261  0.0557 179.0810
592 400  0.0056 -0.0044 262.6022
624 400  0.0027  0.0338 129.4988
656 400  0.0219  0.0248 216.9262
688 400  0.0831  0.0126 267.8356
720 400  0.0042 -0.0316 139.7171
752 400  0.0330 -0.0313 75.5787
784 400  0.0212 -0.0283 189.8234
816 400  0.0422 -0.0812 129.9124
848 400  0.0168 -0.0246 120.9137
880 400  0.0003 -0.0005 64.4624
912 400  0.0368 -0.0220 122.9062
944 400  0.0305 -0.0526 117.6284
976 400  0.0291  0.0026 121.9966
1008 400  0.0019  0.0429 85.6073
1040 400  0.0286 -0.0722 225.1233
1072 400 -0.0684  0.2490 178.4521
1104 400 -0.0266  0.0724 154.6742
1136 400 -0.0373  0.1247 105.5750
1168 400 -0.0019  0.0600 40.1337
 16 432 -0.1654 -0.1288 38.3086
 48 432 -0.4591 -0.1616 55.8770
 80 432 -0.1373 -0.8548 228.1169
112 432 -0.1837 -0.3739 76.5962
144 432 -0.3976 -0.2711 91.7605
176 432 -0.4645 -0.5236 161.3534
208 432 -0.1575 -0.2001 124.2408
240 432 -0.2225 -0.2493 204.2879
272 432 -0.1109 -0.3125 198.4721
304 432 -0.1873 -0.1474 242.8424
336 432 -0.0972 -0.1037 187.6467
368 432 -0.0430 -0.1374 153.7618
400 432 -0.0112 -0.0291 89.5646
432 432  0.0180 -0.0195 196.6641
464 432  0.0426  0.0354 127.5689
496 432  0.0477  0.0220 93.6143
528 432  0.0371  0.0483 117.2422
560 432  0.0311  0.0303 151.0419
592 432  0.0124  0.0403 144.8991
624 432  0.0372  0.0561 117.3452
656 432  0.0238  0.1382 102.9780
688 432 -0.0058  0.0626 111.5729
720 432  0.0148 -0.0011 172.6822
752 432  0.0090 -0.0223 156.0428
784 432  0.0404 -0.0341 193.1775
816 432  0.0523 -0.0707 111.8316
848 432  0.0382 -0.0980 200.2704
880 432  0.0818 -0.0737 90.7560
912 432  0.0322 -0.0407 95.3725
944 432  0.0104  0.0151 47.0865
976 432  0.0294 -0.0037 66.2927
1008 432  0.0160  0.0100 95.7114
1040 432 -0.0026  0.0252 171.3646
1072 432  0.0062  0.0781 30.8174
1104 432 -0.0084  0.0218 69.4551
1136 432  0.0231  0.1444 146.4544
1168 432 -0.0325  0.1014 117.9033
 16 464 -0.1587 -0.1217 26.5946
 48 464 -0.2337 -0.3766 113.1764
 80 464 -0.1237 -0.2775 227.6322
112 464 -0.1750 -0.3880 60.7914
144 464 -0.1767 -0.6053 38.7355
176 464 -0.2875 -0.3682 86.5754
208 464 -0.3505 -0.2773 94.5532
240 464 -0.1681 -0.3466 160.6899
272 464 -0.2504 -0.3809 313.4402
304 464 -0.1351 -0.1977 159.4357
336 464 -0.0575 -0.0970 217.3611
368 464 -0.0557 -0.1368 125.6999
400 464 -0.0183 -0.0555 102.7936
432 464  0.0604 -0.0416 187.1343
464 464  0.0614 -0.0087 155.5246
496 464  0.0534  0.0278 50.1370
528 464  0.0507  0.0359 180.8652
560 464  0.0571  0.0712 208.2857
592 464  0.0244  0.0759 146.7631
624 464 -0.0018  0.0372 150.7664
656 464  0.0129  0.0191 281.1989
688 464 -0.0069  0.0337 115.0160
720 464 -0.0125  0.0300 120.9175
752 464 -0.0141  0.0017 114.4369
784 464  0.0161 -0.0894 72.2771
816 464  0.0337 -0.1056 108.7630
848 464  0.0315 -0.1025 49.6776
880 464  0.0334 -0.0585 64.8852
912 464  0.0286 -0.0192 196.4937
944 464  0.0428 -0.0160 52.9400
976 464  0.0245 -0.0058 188.2999
1008 464 -0.0217  0.0315 42.9430
1040 464 -0.0049  0.0683 173.1301
1072 464 -0.0085  0.0849 107.5636
1104 464  0.0318  0.0612 153.3048
1136 464 -0.0054  0.0674 77.7840
1168 464 -0.0524  0.1306 78.2103
 16 496 -0.7886 -1.3240 59.1979
 48 496 -0.2888 -0.3858 337.7914
 80 496 -0.8111 -0.5409 141.5460
112 496 -0.4677 -0.8120 171.8036
144 496 -0.2067 -0.4192 84.4224
176 496 -1.0709 -0.0349 18.6418
208 496 -0.2053 -0.5931 124.9591
240 496 -0.3699 -0.4444 218.8403
272 496 -0.3398 -0.2190 33.0065
304 496 -0.4271 -0.2543 52.4800
336 496 -0.1368 -0.1170 93.1345
368 496 -0.0913 -0.1784 135.5204
400 496 -0.0155 -0.1037 45.7784
432 496  0.0507 -0.0671 187.0622
464 496  0.0645 -0.0017 123.0108
496 496  0.0443  0.0161 175.9994
528 496  0.0095  0.0353 164.5634
560 496  0.0684  0.0201 40.1366
592 496  0.0369  0.0714 30.5857
624 496  0.0378  0.1065 92.7642
656 496  0.0065  0.0355 145.3268
688 496 -0.0102  0.0218 94.4392
720 496  0.0006  0.0465 181.8442
752 496  0.0256 -0.0324 172.5863
784 496  0.0178 -0.1365 88.6097
816 496  0.0607 -0.0593 93.9845
848 496  0.0345 -0.1661 45.1749
880 496  0.0583 -0.0954 98.9917
912 496  0.0185 -0.0559 36.0394
944 496  0.0289 -0.0374 269.1808
976 496  0.0096 -0.0222 51.6468
1008 496 -0.0065  0.0409 142.9194
1040 496 -0.0043  0.0554 201.4720
1072 496 -0.0385  0.0507 72.8461
1104 496 -0.0579  0.0969 89.7351
1136 496 -0.0445  0.0989 54.3362
1168 496 -0.0740  0.0691 33.3879
 16 528 -0.6977 -0.3145 36.2177
 48 528 -0.9705 -0.4889 182.3728
 80 528 -0.5013 -0.4797 185.8949
112 528 -0.8453 -0.6573 103.7062
144 528 -0.4701 -0.5913 263.0624
176 528 -0.8996 -0.4556 22.5183
208 528 -0.2849 -0.1619 114.6962
240 528 -0.4120 -0.4131 57.5216
272 528 -0.4048 -0.4234 81.2559
304 528 -0.2090 -0.4349 294.7157
336 528 -0.1837 -0.3326 271.9442
368 528 -0.0389 -0.1463 235.3499
400 528 -0.0559 -0.1435 27.4569
432 528  0.0418 -0.0772 150.8455
464 528  0.0284 -0.0260 224.8894
496 528  0.0211  0.0020 203.9034
528 528  0.0201  0.0085 27.8436
560 528  0.0637  0.0738 156.0970
592 528  0.0093  0.0831 108.8289
624 528  0.0450  0.0393 205.5759
656 528  0.0194  0.0786 104.8520
688 528 -0.0023  0.0716 48.1591
720 528 -0.0121  0.0178 105.8287
752 528 -0.0284 -0.0509 26.7458
784 528 -0.0143 -0.0198 98.7515
816 528 -0.0040 -0.0802 84.9466
848 528  0.0414 -0.0486 56.5099
880 528  0.0308 -0.0482 108.9341
912 528 -0.0009 -0.0337 89.2493
944 528 -0.0119  0.0103 93.7260
976 528 -0.0314  0.0237 187.8704
1008 528 -0.0872  0.0971 138.4841
1040 528 -0.0666  0.1473 101.2926
1072 528 -0.1166  0.1375 189.4456
1104 528 -0.0455  0.1040 148.5539
1136 528 -0.0484  0.1262 55.1542
1168 528 -0.0767  0.1347 46.4091
 16 560 -0.2326 -0.0935 23.3768
 48 560 -0.8110 -0.4787 152.6712
 80 560 -0.6780 -0.3466 68.0760
112 560 -1.1517 -0.5361 95.3320
144 560 -0.8759 -1.0146 37.7378
176 560 -0.4739 -0.2264 70.6206
208 560 -0.7598 -0.8863 182.0157
240 560 -0.6449 -0.6486 188.3475
272 560 -0.7881 -1.3767 228.4895
304 560 -0.3574 -0.5632 107.8139
336 560 -0.1929 -0.4846 74.5739
368 560 -0.0906 -0.6614 117.2272
400 560 -0.0138 -0.2907 149.5659
432 560  0.1287 -0.2232 251.7065
464 560  0.1184 -0.0827 107.9828
496 560  0.0479 -0.0068 46.5567
528 560  0.0712  0.0223 205.3643
560 560  0.0821  0.1046 69.0508
592 560  0.1361  0.0245 167.4481
624 560  0.0400  0.0942 34.1474
656 560  0.0187  0.1215 70.0133
688 560 -0.0392  0.0618 60.2387
720 560 -0.0100  0.0385 81.5602
752 560 -0.0088  0.0131 98.5463
784 560 -0.0749 -0.0614 121.8476
816 560 -0.0056 -0.0608 103.2839
848 560  0.0027 -0.0664 92.5608
880 560  0.0141 -0.0350 67.1381
912 560 -0.0586  0.0268 96.9985
944 560 -0.0801  0.0536 69.1542
976 560 -0.0727  0.0768 26.3261
1008 560 -0.0662  0.0451 160.6012
1040 560 -0.1170  0.1063 135.9893
1072 560 -0.1100  0.0996 105.8844
1104 560 -0.1214  0.1024 126.5732
1136 560 -0.0793  0.1244 118.6274
1168 560 -0.0761  0.2036 62.4928
 16 592 -0.3070 -0.2069 74.2232
 48 592 -0.3106 -0.3063 54.6583
 80 592 -0.8391 -0.5911 137.6175
112 592 -0.7972 -0.6427 59.6926
144 592 -0.2966 -0.2556 181.7517
176 592 -1.0823 -0.8716 36.1119
208 592 -0.8381 -0.7211 263.0189
240 592 -0.6195 -0.8233 206.1381
272 592 -1.3057 -1.4556 161.3385
304 592 -0.3725 -0.8114 83.8499
336 592 -0.0352 -0.2912 129.4856
368 592 -0.1241 -0.7334 197.7821
400 592  0.0889 -0.4492 28.4766
432 592  0.1834 -0.2458 63.6866
464 592  0.2252 -0.1576 243.4117
496 592  0.3345 -0.0976 190.8308
528 592  0.2380  0.1670 163.2949
560 592  0.1190  0.1796 129.6280
592 592  0.1982  0.1502 66.6640
624 592  0.0483  0.2386 203.0317
656 592  0.0116  0.2870 131.6174
688 592 -0.0485  0.0795 163.3121
720 592 -0.0715  0.1216 120.1658
752 592 -0.0218  0.0846 77.5146
784 592 -0.0171  0.0315 149.4741
816 592 -0.0295  0.0276 89.0427
848 592 -0.0682  0.0547 129.1150
880 592 -0.0514  0.0347 140.1838
912 592 -0.0582  0.0375 188.5561
944 592 -0.0849  0.0534 88.6887
976 592 -0.1413  0.2035 111.3144
1008 592 -0.0809  0.0920 91.8694
1040 592 -0.1157  0.1155 36.6442
1072 592 -0.2275  0.1399 90.1442
1104 592 -0.1115  0.1561 62.2591
1136 592 -0.0646  0.1216 169.2963
1168 592 -0.0942  0.1011 30.0365
 16 624 -0.3176 -0.1593 17.3415
 48 624 -0.3566 -0.4259 22.3875
 80 624 -1.0316 -0.4422 82.8547
112 624 -0.4144 -0.2566 231.3741
144 624 -1.0308 -0.6559 191.3629
176 624 -1.1296 -0.5326 88.6368
208 624 -0.8754 -1.2303 164.0595
240 624 -1.2761 -0.9463 34.7966
272 624 -0.8291 -1.1009 27.5146
304 624 -0.4689 -1.3579 177.8558
336 624 -0.1396 -0.9781 123.4639
368 624  0.0382 -0.8356 352.5377
400 624  0.0867 -0.8633 128.0504
432 624  0.3646 -0.5645 32.8357
464 624  0.4656 -0.1398 191.0089
496 624  0.5655  0.0277 97.2024
528 624  0.2658  0.0592 25.6477
560 624  0.4517  0.0872 71.4196
592 624  0.1678  0.2041 206.2888
624 624  0.0724  0.4105 271.6385
656 624  0.0223  0.3276 170.1737
688 624 -0.0905  0.0671 92.1603
720 624 -0.0394  0.1857 123.6516
752 624 -0.0523  0.1265 127.9949
784 624 -0.0132  0.0732 103.0243
816 624 -0.0518  0.0368 63.2126
848 624 -0.1238  0.0932 126.3889
880 624 -0.1517  0.1334 47.2909
912 624 -0.1830  0.1672 79.2029
944 624 -0.1904  0.1666 129.5253
976 624 -0.1428  0.1506 90.5239
1008 624 -0.1284  0.0874 103.6467
1040 624 -0.2325  0.1973 115.2923
1072 624 -0.1674  0.2005 168.5647
1104 624 -0.0388  0.1230 97.8353
1136 624 -0.0591  0.0756 237.3901
1168 624 -0.1114  0.1999 111.2875
 16 656  0.0732  0.1927 74.9388
 48 656 -0.0279 -0.0875 12.2195
 80 656 -0.4069 -0.1519 186.1898
112 656 -0.6323 -0.3945 197.0040
144 656 -0.9502 -1.0310 156.9340
176 656 -0.9481 -0.7483 127.2720
208 656 -0.9475 -0.9850 172.2421
240 656 -0.9372 -1.1620 124.8708
272 656 -0.7750 -1.8013 31.1441
304 656 -1.1947 -1.6339 113.0333
336 656 -0.2340 -1.2286 12.7626
368 656 -0.0498 -1.8448 43.2586
400 656 -0.7901 -1.1806 38.6614
432 656  0.0971 -0.7624 31.1882
464 656  0.4565 -0.3254 210.2773
496 656  0.8781  0.0511 85.1443
528 656  0.3355  0.2185 120.3714
560 656  0.1580  0.3194 187.3194
592 656  0.2479  0.4895 99.3586
624 656  0.2184  0.4223 133.8900
656 656  0.1388  0.3783 50.4166
688 656  0.0459  0.2275 142.0673
720 656  0.0324  0.0994 120.6333
752 656 -0.0355 -0.0188 184.9816
784 656 -0.0650 -0.0284 241.7647
816 656 -0.1192  0.0475 160.5586
848 656 -0.1478  0.1742 62.7354
880 656 -0.1816  0.1258 217.9334
912 656 -0.2662  0.2661 79.9299
944 656 -0.3293  0.2750 47.4296
976 656 -0.2499  0.1490 92.4457
1008 656 -0.1473  0.2152 151.3696
1040 656 -0.2643  0.2503 56.1119
1072 656 -0.1996  0.2085 61.6778
1104 656 -0.2530  0.1598 155.7140
1136 656 -0.1668  0.0778 94.9627
1168 656 -0.1330  0.0588 16.9475
 16 688  0.0040 -0.0603 87.2014
 48 688 -0.2395 -0.1169 42.0652
 80 688 -0.2594 -0.1716 257.3343
112 688 -0.6671 -0.4603 130.3741
144 688 -0.2910 -0.2146 65.8822
176 688 -1.3768 -0.4470 170.0281
208 688 -0.9987 -1.4222 41.9986
240 688 -1.0685 -1.2167 130.0798
272 688 -1.0083 -1.0849 203.4506
304 688 -0.6487 -0.5826 26.7396
336 688 -0.0669 -0.2103 11.6364
368 688 -0.9309 -1.3399 167.3006
400 688 -1.3726 -1.0803 40.1281
432 688 -1.6311 -0.9106 165.6774
464 688 -0.4808 -0.5936 93.4733
496 688 -0.0982 -0.1661 166.8060
528 688  0.4933  0.2436 266.5314
560 688  0.3581  0.2921 84.0078
592 688  0.2460  0.4278 62.0723
624 688  0.1470  0.4193 52.9147
656 688  0.2213  0.5749 78.9488
688 688  0.1389  0.2251 51.6133
720 688  0.0766 -0.1456 67.7149
752 688 -0.0117 -0.0500 36.1669
784 688 -0.0858 -0.1658 28.9948
816 688 -0.1756  0.2348 116.1539
848 688 -0.2232 -0.0237 175.9367
880 688 -0.2900  0.1407 83.3917
912 688 -0.3319  0.2626 83.3212
944 688 -0.2978  0.1702 42.0026
976 688 -0.2261  0.1976 56.0151
1008 688 -0.1421  0.1664 47.2760
1040 688 -0.2565  0.1674 47.7442
1072 688 -0.1975  0.2699 179.0759
1104 688 -0.2613  0.1385 153.0303
1136 688 -0.2530  0.2051 183.6587
1168 688 -0.0229  0.0140 140.4374
 16 720 -0.0460  0.0144 54.9533
 48 720 -0.0556 -0.1213 162.5791
 80 720 -0.3236 -0.1424 38.8959
112 720 -0.3369 -0.3767 30.7801
144 720 -0.2627 -0.3030 19.2884
176 720 -0.8756 -0.6857 16.5156
208 720 -1.0735 -0.5527 64.6203
240 720 -1.7261 -1.0781 94.5987
272 720 -1.6374 -2.2574 43.5324
304 720 -2.3254 -2.7837 20.9086
336 720 -2.5051 -2.1046 136.1123
368 720 -1.7285 -1.4178 107.9742
400 720 -1.2016 -0.9954 17.6089
432 720 -1.0712 -0.8288 33.0907
464 720 -1.4025 -1.0389 60.7832
496 720 -1.3790 -0.9159 66.8345
528 720 -0.5563 -0.2407 95.6428
560 720 -0.1196  0.1480 68.6537
592 720  0.0027  0.3914 34.1896
624 720  0.1284  0.6459 34.3546
656 720  0.2329  0.7014 81.0148
688 720  0.2865  0.2004 87.7682
720 720  0.4094 -0.2925 75.7704
752 720  0.0504 -0.0773 15.6525
784 720 -0.0129 -0.2229 13.1217
816 720 -0.1811 -0.2238 25.3293
848 720 -0.1979 -0.0919 108.0916
880 720 -0.4159  0.0979 105.3654
912 720 -0.2745  0.2273 188.2078
944 720 -0.2973  0.2861 221.5824
976 720 -0.4389  0.2453 115.0814
1008 720 -0.1433  0.0442 12.9600
1040 720 -0.4802  0.1719 152.0933
1072 720 -0.1606  0.2032 34.6903
1104 720 -0.1938  0.1725 220.3430
1136 720 -0.2252  0.0810 86.3388
1168 720 -0.3592  0.0404 196.3836
 16 752 -0.0623 -0.0195 110.9032
 48 752 -0.0537 -0.1163 30.7132
 80 752 -0.1015 -0.0519 205.4405
112 752 -0.5099 -0.1955 138.9592
144 752 -0.2720 -0.3329 81.7845
176 752 -0.1428 -0.2959 294.4233
208 752 -0.8910 -0.5916 94.5000
240 752 -1.3619 -0.9680 63.0274
272 752 -2.4293 -1.7934 121.1512
304 752 -3.0281 -3.1612 51.1423
336 752 -2.0187 -1.4048 57.6146
368 752 -2.6704 -0.6658 20.8464
400 752 -2.8515 -0.8823 95.6541
432 752 -2.9345 -0.9403 23.2257
464 752 -2.4511 -1.2019 23.5258
496 752 -1.3242 -0.7264 57.3418
528 752 -0.6416 -0.3375 42.6950
560 752 -0.4229 -0.2438 67.0877
592 752 -0.3742  0.0838 97.3170
624 752 -0.0111  0.4230 57.8053
656 752  0.2656  0.1944 41.0821
688 752  0.3800  0.0500 80.5997
720 752  0.1347 -0.1090 14.3218
752 752  0.1506 -0.3735 17.4908
784 752 -0.1193 -0.5254 48.7360
816 752 -0.1205 -0.1865 20.6817
848 752 -0.3061 -0.5032 82.5347
880 752 -0.3027 -0.2903 28.0886
912 752 -0.0762  0.0494 14.8386
944 752 -0.4470  0.1475 27.2162
976 752 -0.6022  0.1296 131.3498
1008 752 -0.4598  0.2133 93.8259
1040 752 -0.9521  0.5851 128.3010
1072 752 -0.2417  0.2270 46.8238
1104 752 -0.1865  0.1937 69.8817
1136 752 -0.1812  0.0698 156.9476
1168 752 -0.1772  0.1800 139.5203
 16 784 -0.0212 -0.0285 67.9114
 48 784 -0.0547 -0.0212 103.0476
 80 784 -0.0490 -0.0386 211.7918
112 784 -0.0574 -0.0527 337.3061
144 784 -0.4106 -0.1244 235.2203
176 784 -0.7072 -0.0306 20.9595
208 784 -1.0346 -0.1889 49.7860
240 784 -0.9994 -0.3421 85.0629
272 784 -0.3877 -0.2059 46.3447
304 784 -0.0187  0.0195 10.2782
336 784 -0.0427  0.0200 12.1174
368 784 -0.2744  0.4741  8.2530
400 784 -0.1722  0.3679  5.6744
432 784 -0.6518  0.0900 11.3390
464 784 -0.2061  0.1062 74.5303
496 784 -1.8449 -1.1675 130.1858
528 784 -1.7126 -1.0362 64.5792
560 784 -1.1256 -0.6284 147.0289
592 784 -0.3721 -0.0766 159.5136
624 784  0.0025  0.1109 43.1588
656 784  0.2211  0.2704 68.1991
688 784  0.2562 -0.1306 35.6541
720 784  0.2657 -0.1993 13.4718
752 784  0.2175 -0.6119 19.8843
784 784  0.0427 -0.3777 14.7061
816 784  0.0010 -0.2648 16.8049
848 784 -0.0912 -0.1419 22.3223
880 784 -0.1597 -0.3993 15.6883
912 784 -0.0183  0.0021  8.7608
944 784 -0.3018  0.0238 11.0149
976 784 -0.5531  0.0665 40.2470
1008 784 -0.7922  0.1423 122.9420
1040 784 -0.8407  0.1553 74.4565
1072 784 -0.3427  0.1350 76.1169
1104 784 -0.3675  0.0595 92.2449
1136 784 -0.1554  0.0911 203.1063
1168 784 -0.1899  0.1441 97.1778
 16 816  0.0304 -0.0073 48.3299
 48 816 -0.0257 -0.0231 168.9825
 80 816 -0.0133 -0.0441 18.5273
112 816 -0.1504 -0.1151 200.0867
144 816 -0.6824 -0.1736 101.4109
176 816 -0.1194 -0.0093 19.5472
208 816 -0.6925 -0.3242 30.2623
240 816 -1.0342 -0.3605 39.8575
272 816 -1.6752 -1.7633 66.8619
304 816  0.0028 -0.0176  9.5085
336 816  0.0317 -0.0676 14.0809
368 816 -0.1528  0.2125  5.3284
464 816 -0.0430  0.0830  4.2622
496 816 -0.1025  0.0878 11.8071
528 816 -0.8283 -0.9738 23.6471
560 816 -1.0149 -0.5147 43.9008
592 816 -0.2976 -0.3357 123.7839
624 816 -0.1007 -0.0071 59.5095
656 816  0.0941  0.0618 25.5991
688 816  0.2548 -0.1636 65.2652
720 816  0.0914 -0.1108  9.5145
752 816  0.0251 -0.1175 13.1070
784 816  0.0158 -0.0471 13.0889
816 816  0.0765 -0.0296 13.0448
848 816 -0.0741 -0.0763  8.7596
880 816  0.0310 -0.0159 12.3676
912 816 -0.0175  0.0315  9.8679
944 816  0.0363  0.0878 12.4295
976 816 -0.0010 -0.0165  7.6242
1008 816 -0.1557  0.0475 13.2122
1040 816 -0.5375  0.1844 68.7642
1072 816 -0.4845  0.0445 23.4482
1104 816 -0.6459  0.0828 77.2942
1136 816 -0.4854  0.3159 63.6160
1168 816 -0.2871  0.1107 128.8424
 16 848  0.0137 -0.0135 77.3124
 48 848  0.0199  0.0004 63.5507
 80 848  0.0015  0.0232 35.8675
112 848 -0.0609 -0.0025 150.5199
144 848 -0.1072 -0.0134 412.0179
176 848 -0.1760  0.0432 75.1732
208 848 -0.4004  0.0678 61.2310
240 848 -0.8580 -0.1088 71.9798
272 848 -1.1658 -1.0701 117.4233
304 848 -1.1854 -2.1276  9.9835
336 848 -0.0015  0.0939 24.8252
368 848  0.0076  0.0072  4.0595
496 848 -0.0250  0.0250  4.3161
528 848 -0.0340 -0.0553 79.6949
560 848 -0.1049 -0.1952 24.3095
592 848 -0.1822 -0.0497 58.2823
624 848 -0.0548 -0.0810 102.5770
656 848 -0.0354  0.0840 54.5926
688 848  0.0288  0.0744 14.1388
720 848  0.0082 -0.0145 11.3925
752 848  0.0630 -0.1249  9.5534
784 848 -0.0246 -0.0913 11.8130
816 848 -0.1274 -0.4640 21.9050
848 848  0.0175 -0.0099 11.0445
880 848 -0.0052  0.0057  9.0842
912 848 -0.0318  0.0270 10.1620
944 848  0.0022 -0.0007 14.5081
976 848  0.1160  0.0636  8.4297
1008 848 -0.1065  0.0517 16.7044
1040 848 -1.0696  0.1131 45.9952
1072 848 -0.4419  0.1464 56.9222
1104 848 -0.2992  0.0021 36.8770
1136 848 -0.3702  0.0410 159.3296
1168 848 -0.4682  0.0585 84.4572
 16 880  0.0492  0.0229 33.5563
 48 880  0.0222  0.0139 125.1616
 80 880  0.0052  0.0221 188.1584
112 880 -0.0613  0.0304 76.0955
144 880 -0.0271  0.0823 152.2062
176 880 -0.0458  0.0873 209.0555
208 880 -0.1945  0.1923 50.2566
240 880 -1.1381 -0.2005 201.0930
272 880 -1.2447 -1.1732 37.2712
304 880 -0.0402 -0.0296 11.5620
336 880 -0.0019 -0.0033 41.0139
368 880 -0.0179  0.0163  6.3881
528 880  0.0029  0.0045 16.5536
560 880 -0.2177  0.1262 19.2721
592 880 -0.3245  0.2012  6.3471
624 880 -0.1807 -0.0535 31.1658
656 880 -0.1596 -0.0073 11.1142
688 880 -0.1278 -0.0765  8.5453
720 880 -0.0169 -0.0192 20.9204
752 880  0.0175 -0.0537 14.2222
784 880 -0.0119 -0.0137 14.1433
816 880 -0.0620 -0.0204 10.3751
848 880  0.0068 -0.0082 14.5165
880 880  0.0011 -0.0074 15.3190
912 880 -0.0172  0.0263 13.1095
944 880  0.1485  0.0712  9.6799
976 880 -0.0162  0.0356 11.0288
1008 880 -0.5687 -0.0007 90.6770
1040 880 -0.7358  0.0102 114.0078
1072 880 -0.5040  0.1255 81.9957
1104 880 -0.4737  0.0897 125.7009
1136 880 -0.3089  0.0287 156.3175
1168 880 -0.1746 -0.0620 82.2698
 16 912  0.2405  0.0191 92.3414
 48 912  0.0037  0.0047 29.0828
 80 912  0.0151  0.0221 158.5268
112 912  0.0582  0.0611 103.6726
144 912  0.0447  0.1117 45.7016
176 912 -0.0135  0.1116 95.4918
208 912  0.0127  0.1176 90.6420
240 912 -0.0613  0.0166 176.7456
272 912 -0.0802 -0.3077 41.3640
304 912 -1.0599 -1.7225 10.3248
336 912 -0.8244 -1.4482 13.7007
368 912 -0.0077  0.0163 88.9137
400 912 -0.0164  0.0304  6.3322
528 912 -0.0164  0.0164  4.5011
560 912 -0.1560 -0.0437  5.3085
624 912 -0.1571  0.0982  9.1615
656 912 -0.4095 -0.0168  5.4765
688 912 -0.0994 -0.0155  7.0608
720 912 -0.0300 -0.0162 10.4025
752 912  0.0533 -0.0238  6.8506
784 912 -0.0224 -0.0133 16.1343
816 912 -0.0080 -0.0236  5.1735
848 912  0.0430 -0.0518  8.3203
880 912 -0.0148  0.0114 11.9192
912 912  0.0295  0.0610 13.2720
944 912 -0.0175 -0.0135  9.5438
976 912 -0.3680 -0.2302 101.9330
1008 912 -0.6838 -0.0451 169.7801
1040 912 -0.4570 -0.0744 61.5525
1072 912 -0.4690 -0.0739 52.2778
1104 912 -0.7533  0.1010 129.3033
1136 912 -0.3173  0.0405 119.7367
1168 912 -0.2530  0.0171 135.4853
 16 944  0.0037 -0.0025 18.1315
 48 944  0.1300  0.0101 77.3707
 80 944  0.0893  0.0589 189.2551
112 944  0.0323  0.0300 292.4465
144 944  0.0371  0.0452 397.6613
176 944  0.0846  0.0952 265.3882
208 944  0.0639  0.1192 96.2550
240 944  0.0811  0.0795 236.1323
272 944  0.0519 -0.1738 104.9001
304 944 -0.7011 -1.3941 63.3661
336 944 -1.1537 -1.5419 82.7030
368 944 -0.0744 -0.0867 15.0660
400 944 -0.0438  0.0657 34.5750
432 944 -0.0452  0.0510  9.0165
464 944  0.0112  0.0565  7.1093
496 944 -0.0436  0.0428  7.3628
624 944 -0.1132  0.0469  5.1065
688 944 -0.1955 -0.0285  6.8509
720 944 -0.1059 -0.0819  5.4556
752 944  0.0439 -0.1071  4.3743
784 944 -0.0574 -0.0777  4.2270
816 944  0.0263 -0.0013  4.7110
848 944 -0.0110  0.0078 13.5220
880 944  0.0021  0.0327 11.7486
912 944  0.0453  0.0321 19.0226
944 944 -0.5846 -0.1786 38.5100
976 944 -0.2316 -0.2588 51.1514
1008 944 -0.1454 -0.3061 91.2606
1040 944 -0.3645 -0.0857 42.0345
1072 944 -0.3522 -0.1798 46.2250
1104 944 -0.2028  0.0320 111.4720
1136 944 -0.4285 -0.0316 29.9906
1168 944 -0.3597  0.0653 58.2966
 16 976  0.0305  0.0278 47.3759
 48 976  0.0671  0.0181 50.2025
 80 976  0.2182  0.0190 31.0322
112 976  0.1031  0.0662 243.2200
144 976  0.2083  0.0010 27.2005
176 976  0.1146  0.0750 299.8969
208 976  0.1089  0.0562 93.0750
240 976  0.9379  0.0991 105.7044
272 976  0.4844 -0.0820 65.3096
304 976  0.0758 -0.8486 139.5692
336 976 -0.0309 -1.0055 108.8768
368 976 -0.0758 -1.1674 80.1272
400 976  0.0021 -0.0417 13.4900
432 976 -0.0119 -0.0752 14.4500
464 976 -0.0376 -0.0080 29.5388
496 976 -0.0392 -0.0232  8.6835
528 976 -0.1283  0.0505  4.5680
784 976 -0.2559 -0.3623  4.3740
816 976  0.0120  0.0170 13.8466
848 976 -0.2531 -0.2037 31.3735
880 976 -0.2092 -0.3105 34.2282
912 976 -0.2391 -0.2476 91.4772
944 976 -0.1326 -0.4683 32.1787
976 976 -0.6171 -0.0694 57.2802
1008 976 -0.4245 -0.1852 47.0152
1040 976 -0.0890  0.0483 10.1849
1072 976 -0.4270 -0.2054 119.9403
1104 976 -0.5734  0.0879 96.7209
1136 976 -0.2440 -0.1826 111.4040
1168 976 -0.2043 -0.0250 125.7655
 16 1008  0.1178  0.0009 21.2288
 48 1008  0.0868  0.0303 59.7987
 80 1008  0.1253  0.0346 169.3855
112 1008  0.0598  0.0497 94.5833
144 1008  0.1350  0.0221 233.4660
176 1008  0.1116  0.0215 190.5222
208 1008  0.1396 -0.0342 244.7252
240 1008  0.1511 -0.0027 174.7420
272 1008  0.4649 -0.2154 260.7663
304 1008  0.1915 -0.2305 25.3533
336 1008  0.1992 -0.4808 36.1511
368 1008  0.1024 -0.5510 19.0113
400 1008 -0.0450 -0.2570 16.6013
432 1008  0.0028 -0.0516 12.9157
464 1008  0.0449 -0.2000 17.7398
496 1008 -0.0024 -0.0053 22.1667
528 1008 -0.0687 -0.0376  9.7806
560 1008 -0.0675  0.1093  6.0091
784 1008  0.0198  0.0236  6.3478
816 1008  0.0096  0.0171 24.3467
848 1008 -0.0145 -0.0374 16.1597
880 1008 -0.0867 -0.1481 95.0400
912 1008 -0.1188 -0.1224 19.5151
944 1008 -0.4722 -0.1642 30.8206
976 1008 -0.4475 -0.2123 35.3816
1008 1008 -0.3786 -0.1093 21.9725
1040 1008 -0.3782 -0.1498 48.9354
1072 1008 -0.2521 -0.1014 50.7846
1104 1008 -0.2206 -0.0662 70.1011
1136 1008 -0.1554 -0.0156 81.7055
1168 1008 -0.4051  0.0276 50.4448
 16 1040  0.1838 -0.0042 137.7154
 48 1040  0.0095  0.0152 27.0396
 80 1040  0.0948  0.0428 194.1862
112 1040  0.0952  0.0124 57.0668
144 1040  0.1184  0.0374 101.6126
176 1040  0.1352 -0.0284 304.4442
208 1040  0.4080 -0.0125 168.7121
240 1040  0.2732 -0.0314 92.0226
272 1040  0.3110 -0.1115 82.4661
304 1040  0.1434 -0.0469 16.2376
336 1040  0.1966 -0.3338 52.7329
368 1040  0.0962 -0.4164 56.1781
400 1040  0.0284 -0.0586 12.1293
432 1040 -0.0039 -0.0791 14.4383
464 1040 -0.0075 -0.0294 39.1043
496 1040  0.0106 -0.0527 14.2604
528 1040  0.0414 -0.1749  9.7617
560 1040 -0.0162 -0.0163 12.6758
592 1040 -0.0776  0.0079  5.3894
752 1040  0.0141  0.0122  5.4730
784 1040  0.0132  0.0217 15.0632
816 1040 -0.0197 -0.0174 27.8685
848 1040 -0.1107 -0.0510 46.1090
880 1040 -0.0424 -0.0041 15.6941
912 1040 -0.1358 -0.1255 36.5233
944 1040 -0.2326 -0.2240 50.1028
976 1040 -0.3331 -0.1816 135.0548
1008 1040 -0.2900 -0.0740 74.7621
1040 1040 -0.2682 -0.0791 47.7599
1072 1040 -0.2108 -0.0758 52.3736
1104 1040 -0.1825 -0.1460 37.9370
1136 1040 -0.3811 -0.1026 30.6053
1168 1040 -0.1752 -0.1381 169.2765
 16 1072  0.3052  0.0106 191.9361
 48 1072  0.0544  0.0037 24.4158
 80 1072  0.0829  0.0820 244.6284
112 1072  0.0748  0.0177 68.1753
144 1072  0.0457 -0.0218 39.5897
176 1072  0.1195 -0.0086 38.4597
208 1072  0.0582 -0.0406 25.4725
240 1072  0.5636 -0.0533 82.1145
272 1072  0.2824 -0.1785 67.4669
304 1072  0.3420 -0.2867 111.3576
336 1072  0.3658 -0.4109 86.0416
368 1072  0.1650 -0.6029 155.1450
400 1072 -0.0023  0.0004 11.9858
432 1072 -0.0215  0.0239 33.7926
464 1072 -0.0030 -0.0425 10.1219
496 1072 -0.0009 -0.5198 13.4083
528 1072 -0.0564 -0.3729 10.7318
560 1072 -0.0105 -0.0065  9.2499
592 1072  0.0088  0.0262 10.8186
624 1072  0.0400  0.0506  5.6063
656 1072 -0.0855  0.0414  4.6606
752 1072  0.0164 -0.0215  4.2010
784 1072  0.0105 -0.0159  7.2150
816 1072  0.0227 -0.0131 12.6065
848 1072  0.0047 -0.0012 28.9744
880 1072 -0.0416 -0.0118 19.1470
912 1072 -0.0504  0.0303 43.1415
944 1072 -0.0161 -0.0178 60.5408
976 1072 -0.1371 -0.0924 46.4833
1008 1072 -0.1454 -0.1184 37.6149
1040 1072 -0.2977 -0.0972 144.4045
1072 1072 -0.1775 -0.0831 28.9243
1104 1072 -0.1770 -0.0665 41.7008
1136 1072 -0.1593 -0.0406 21.9174
1168 1072 -0.3299 -0.1864 54.1869
 16 1104  0.0574  0.0304 38.2044
 48 1104  0.1004  0.0250 66.9830
 80 1104  0.0495  0.0038 116.0919
112 1104  0.0838  0.0175 64.7991
144 1104  0.1272 -0.0060 90.4660
176 1104  0.1657 -0.0479 37.5953
208 1104  0.1212 -0.0425 46.8584
240 1104  0.4361 -0.0820 83.9423
272 1104  0.3869 -0.1774 48.1705
304 1104  0.1550 -0.3606 98.4404
336 1104  0.1823 -0.2493 128.7370
368 1104 -0.0015 -0.0012 122.5163
400 1104 -0.0034 -0.0246 24.5165
432 1104 -0.0044  0.0119 22.5158
464 1104 -0.0372  0.0091 16.7049
496 1104 -0.0359 -0.0037 13.9138
528 1104 -0.0073 -0.0443 10.9204
560 1104 -0.0290 -0.1637 14.9252
592 1104 -0.0377 -0.1028 10.6741
624 1104 -0.0092 -0.0109 13.5935
656 1104 -0.0253  0.0292  8.7509
688 1104 -0.0814  0.0657  6.0537
848 1104  0.0093 -0.0311  5.1012
880 1104  0.0188 -0.0127  6.5182
912 1104  0.0115 -0.0246 12.5490
944 1104 -0.0070 -0.0084 14.6620
976 1104  0.0316 -0.0119  9.2255
1008 1104 -0.0081 -0.0010 20.2790
1040 1104 -0.0038 -0.0056 30.5631
1072 1104 -0.0942 -0.0409 19.6589
1104 1104 -0.0695 -0.0421 20.6301
1136 1104 -0.1816 -0.0135 15.7078
1168 1104 -0.0981 -0.1835 35.8971
 16 1136  0.0320 -0.0043 14.7245
 48 1136  0.1615  0.0269 33.2868
 80 1136  0.3408  0.0313 85.0395
112 1136  0.1132  0.0123 37.5695
144 1136  0.2967 -0.0438 64.7528
176 1136  0.3984 -0.0574 169.2673
208 1136  0.0970 -0.0857 36.1836
240 1136  0.0535 -0.0412 181.6234
272 1136  0.1577 -0.2065 77.9340
304 1136  0.2082 -0.1411 36.7057
336 1136  0.3588 -0.1795 111.6329
368 1136  0.2580 -0.2632 162.5276
400 1136  0.0084  0.0107 18.3590
432 1136 -0.0007  0.0167 13.9947
464 1136  0.0341 -0.0188 20.3941
496 1136 -0.0097 -0.0088 14.1736
528 1136 -0.0043 -0.0336 17.0919
560 1136 -0.0031 -0.0564 10.4694
592 1136 -0.5872 -0.0231 12.1472
624 1136 -0.0057 -0.0010 13.5304
656 1136 -0.0119 -0.0023 17.1508
688 1136 -0.0453  0.0266 14.1649
720 1136 -0.0523  0.0384  6.0607
752 1136  0.0175  0.0399  5.6648
784 1136  0.0585  0.0685  5.6285
816 1136  0.0195  0.0280 10.1213
848 1136 -0.0266  0.0439 11.0473
880 1136 -0.0331  0.0534  4.4294
976 1136  0.0066 -0.0093  4.3202
1008 1136 -0.0184 -0.0250  5.1590
1040 1136  0.0108 -0.0183  4.8587
1072 1136  0.0121 -0.0495  5.5808
1104 1136  0.0126 -0.0300  8.6629
1136 1136  0.0036  0.0132 10.1239
1168 1136  0.0196 -0.0076 19.2243
 16 1168  0.0516  0.0270 16.1808
 48 1168  0.0159 -0.0133 18.6469
 80 1168  0.0950 -0.0090 95.0578
112 1168  0.1516  0.0145 20.2847
144 1168  0.1013  0.0154 109.0496
176 1168  0.0874 -0.0538 200.3034
208 1168  0.1699 -0.0778 137.0652
240 1168  0.2103 -0.0619 44.4018
272 1168  0.2178 -0.1556 127.9289
304 1168  0.0988 -0.2538 62.2243
336 1168  0.3490 -0.2265 119.8064
368 1168  0.1883 -0.1038 228.1373
400 1168  0.0397 -0.0543 14.0966
432 1168  0.0322 -0.0589 17.6266
464 1168  0.0327 -0.0197 38.2486
496 1168 -0.0120 -0.0080 16.1257
528 1168 -0.0051 -0.0202 16.8005
560 1168 -0.0499 -0.0429 13.0003
592 1168 -0.1142 -0.0468 11.0825
624 1168 -0.0209 -0.0459 13.6194
656 1168  0.0147 -0.0178 12.5090
688 1168 -0.0062  0.0042 12.2254
720 1168  0.0009  0.0054 12.5663
752 1168  0.0005  0.0051 11.2918
784 1168  0.0149  0.0288  9.0450
816 1168 -0.0875 -0.0269 13.6268
848 1168 -0.0099 -0.0112 15.6835
880 1168  0.0071  0.0132 13.8030
912 1168 -0.0051  0.0121 12.5587
944 1168 -0.0064  0.0469  6.2801
976 1168 -0.0235  0.0034  4.9458
1104 1168 -0.0131 -0.0239  4.3251
1136 1168  0.0415 -0.0277  4.7019
1168 1168 -0.0009 -0.0305  4.7455
 16 1200  0.0315  0.0278 12.3194
 48 1200  0.0850  0.0072 19.3993
 80 1200  0.0288  0.0153 14.3742
112 1200  0.0325  0.0019 157.9258
144 1200  0.0839  0.0271 27.5250
176 1200  0.1352 -0.0186 167.1433
208 1200  0.0380 -0.0476 35.2618
240 1200  0.1792 -0.0881 50.8278
272 1200  0.1131 -0.1627 103.2369
304 1200  0.0891 -0.1624 61.0252
336 1200  0.2141 -0.1576 170.9227
368 1200  0.1621 -0.2151 49.9688
400 1200 -0.0009  0.0106 14.8468
432 1200  0.0049  0.0361 13.0330
464 1200 -0.0087 -0.0699 11.2128
496 1200  0.0187  0.0091 27.0240
528 1200 -0.0003  0.0095 20.9643
560 1200 -0.0747 -0.0023 13.2604
592 1200 -0.0101  0.0144 14.1929
624 1200  0.0137  0.0088 28.8741
656 1200  0.0418 -0.0062 21.3791
688 1200  0.0150  0.0028 14.9038
720 1200  0.0058  0.0001 17.5629
752 1200  0.0155  0.0109 16.3783
784 1200  0.0020  0.0117 10.7352
816 1200 -0.0130 -0.0265 11.4325
848 1200 -0.0140  0.0105 10.4376
880 1200  0.0490  0.0089 16.4858
912 1200 -0.0004 -0.0180 18.8919
944 1200  0.0009 -0.0043 15.6769
976 1200  0.0075 -0.0167 15.1286
1008 1200 -0.0146  0.0103 12.5642
1040 1200 -0.0022  0.0459  9.0644
1072 1200 -0.0387  0.0975  6.7555
1104 1200  0.0216  0.0875  5.2466
1136 1200 -0.0034  0.1947  4.7356
1168 1200 -0.0544  0.1057  4.4840
 16 1232  0.0322  0.0035 11.9636
 48 1232  0.0592  0.0315 27.4962
 80 1232  0.0912 -0.0191 90.1371
112 1232  0.0533 -0.0229 29.0900
144 1232  0.0999 -0.1621 234.0531
176 1232  0.0787  0.0049 204.7803
208 1232  0.0840 -0.0097 133.7741
240 1232  0.0907 -0.0642 35.8293
272 1232  0.0667 -0.0467 89.5626
304 1232  0.0874 -0.0405 250.9290
336 1232  0.1406 -0.2177 134.9505
368 1232  0.3211 -0.0545 66.3072
400 1232 -0.0317 -0.0011 56.3186
432 1232 -0.0212 -0.0067 11.6826
464 1232 -0.0075 -0.0032 25.9437
496 1232 -0.0067 -0.0123 15.2543
528 1232 -0.0083 -0.0028 13.0122
560 1232  0.0049 -0.0030 22.0428
592 1232 -0.0058 -0.0096 17.9949
624 1232  0.0331 -0.0241 14.0451
656 1232  0.0123 -0.0130 13.4793
688 1232  0.0393  0.0219 11.7518
720 1232 -0.0005  0.0059 12.9772
752 1232  0.0048 -0.0177 19.6171
784 1232  0.0313 -0.0168 13.9033
816 1232  0.0438 -0.0047 20.8291
848 1232 -0.0395 -0.0101 11.0940
880 1232 -0.0677 -0.0211  8.9411
912 1232  0.0748 -0.0584  7.7382
944 1232 -0.0282  0.0212 14.5560
976 1232  0.0386  0.0162 12.8230
1008 1232 -0.0046 -0.0289 17.5659
1040 1232 -0.0121  0.0047 13.8548
1072 1232 -0.0169  0.0128 11.8809
1104 1232  0.0283  0.0198 12.5722
1136 1232  0.0260  0.0018 11.9173
1168 1232  0.0107 -0.0145 12.7696
 16 1264  0.0459  0.0015 32.8913
 48 1264  0.0234 -0.0107 25.1007
 80 1264  0.1845 -0.0332 205.2817
112 1264  0.0429  0.0006 61.5478
144 1264  0.0441  0.0232 38.8800
176 1264  0.0773 -0.0347 149.8533
208 1264  0.0805 -0.0440 103.7310
240 1264  0.1186 -0.0737 80.9741
272 1264  0.0444 -0.0587 58.3859
304 1264  0.0830 -0.0143 33.2148
336 1264  0.0545 -0.1624 154.8463
368 1264  0.0659 -0.0089 32.2157
400 1264  0.0082 -0.0038 15.8615
432 1264  0.0022  0.0072 14.9708
464 1264  0.0121 -0.0545 13.9865
496 1264 -0.0211  0.0324 13.6779
528 1264  0.0290  0.0103 12.5645
560 1264 -0.0017  0.0256 15.3519
592 1264 -0.0281 -0.0049 10.5871
624 1264 -0.0158  0.0093 21.4702
656 1264  0.0055  0.0055 14.8209
688 1264  0.0194 -0.0213 10.8496
720 1264  0.0173  0.0049 12.7666
752 1264 -0.0126  0.0223 24.1701
784 1264  0.0347 -0.0178 11.3957
816 1264  0.0043  0.0088 15.9147
848 1264  0.0188  0.0163 10.6042
880 1264  0.0121  0.0168  8.8652
912 1264  0.0095 -0.0492 12.4008
944 1264  0.0310  0.0050  9.9056
976 1264  0.0100  0.0176  8.4030
1008 1264  0.0003 -0.0537 10.5256
1040 1264  0.0302  0.0149 11.1255
1072 1264 -0.0150  0.0278 10.3091
1104 1264 -0.0819  0.0173  9.9538
1136 1264  0.0318  0.0553 10.4103
1168 1264  0.0022  0.0024 12.9732
 16 1296  0.0287 -0.0173 16.7944
 48 1296  0.0158 -0.0113 20.2800
 80 1296  0.0486  0.0000 17.4457
112 1296  0.0553  0.0133 28.8447
144 1296  0.0583  0.0003 59.7435
176 1296  0.1060  0.0009 72.3948
208 1296  0.1502 -0.0511 99.3645
240 1296  0.0381 -0.0424 37.3767
272 1296  0.0633 -0.0287 116.5015
304 1296  0.0365 -0.1379 36.9726
336 1296  0.1194 -0.1409 273.2736
368 1296  0.0499 -0.0931 168.9561
400 1296 -0.0018  0.0337 36.0657
432 1296  0.0069 -0.0067 23.3744
464 1296 -0.0196 -0.0103 34.1207
496 1296 -0.0020 -0.0332 22.8709
528 1296 -0.0028  0.0044 12.3443
560 1296 -0.0162  0.0145 19.2406
592 1296 -0.0029  0.0018 12.5707
624 1296 -0.0255 -0.0287 14.9584
656 1296  0.0026  0.0079 12.1785
688 1296  0.0151  0.0371 14.2225
720 1296  0.0199 -0.0286 12.3823
752 1296  0.0204  0.0037 14.8588
784 1296 -0.0610  0.0010 11.2761
816 1296  0.0247  0.0137 11.0339
848 1296 -0.0243 -0.0562 11.3429
880 1296  0.0084 -0.0246 10.9937
912 1296  0.0080  0.0235 11.4688
944 1296  0.0270  0.0174 12.0662
976 1296 -0.0579 -0.0014 10.5627
1008 1296  0.0036 -0.0034  9.3406
1040 1296 -0.0062  0.0038  8.1073
1072 1296 -0.0133  0.0428  9.0092
1104 1296 -0.0561 -0.0004 10.7402
1136 1296  0.0065 -0.0331 10.2230
1168 1296  0.0173  0.0142  9.1967
  0   0 -0.0151  0.0322  0.0000
  0   0 -0.0474  0.0364  0.0000
  0   0  0.0110  0.0510  0.0000
  0   0  0.0206  0.0173  0.0000
  0   0  0.0409 -0.0062  0.0000
  0   0  0.0452 -0.0096  0.0000
  0   0  0.0694 -0.0031  0.0000
  0   0  0.0843  0.0019  0.0000
  0   0  0.0954 -0.0110  0.0000
  0   0  0.1226 -0.0271  0.0000
  0   0  0.1264 -0.0657  0.0000
  0   0  0.0699 -0.0815  0.0000
  0   0  0.0606 -0.0972  0.0000
  0   0  0.0432 -0.1539  0.0000
  0   0  0.0632 -0.1492  0.0000
  0   0  0.0132 -0.0892  0.0000
  0   0 -0.0317  0.0030  0.0000
  0   0 -0.0471  0.0127  0.0000
  0   0 -0.0616  0.0202  0.0000
  0   0 -0.0518  0.0060  0.0000
  0   0 -0.0418  0.0206  0.0000
  0   0 -0.0387  0.0259  0.0000
  0   0 -0.0273  0.0161  0.0000
  0   0 -0.0261 -0.0056  0.0000
  0   0 -0.0058  0.0089  0.0000
  0   0  0.0123  0.0178  0.0000
  0   0  0.0195 -0.0132  0.0000
  0   0  0.0080 -0.0085  0.0000
  0   0 -0.0356 -0.0139  0.0000
  0   0 -0.0106 -0.0251  0.0000
  0   0 -0.0283 -0.0763  0.0000
  0   0 -0.0126 -0.0896  0.0000
  0   0  0.0064  0.0444  0.0000
  0   0 -0.0044  0.0261  0.0000
  0   0 -0.0522  0.0093  0.0000
  0   0 -0.0362  0.0077  0.0000
  0   0 -0.0411  0.0196  0.0000
  0   0 -0.0511  0.0348  0.0000
  0   0 -0.0641  0.0119  0.0000
  0   0 -0.0274 -0.0015  0.0000
  0   0 -0.0118  0.0208  0.0000
  0   0 -0.0191  0.0375  0.0000
  0   0 -0.0228  0.0455  0.0000
  0   0  0.0096  0.0486  0.0000
  0   0  0.0330  0.0293  0.0000
  0   0  0.0563  0.0097  0.0000
  0   0  0.0739 -0.0009  0.0000
  0   0  0.0962 -0.0060  0.0000
  0   0  0.1137 -0.0139  0.0000
  0   0  0.1259 -0.0328  0.0000
  0   0  0.1356 -0.0589  0.0000
  0   0  0.1257 -0.0937  0.0000
  0   0  0.0894 -0.1199  0.0000
  0   0  0.0631 -0.1417  0.0000
  0   0  0.0370 -0.1642  0.0000
  0   0  0.0188 -0.1484  0.0000
  0   0 -0.0243 -0.0932  0.0000
  0   0 -0.0658 -0.0232  0.0000
  0   0 -0.0902  0.0131  0.0000
  0   0 -0.1021  0.0334  0.0000
  0   0 -0.0963  0.0372  0.0000
  0   0 -0.0828  0.0447  0.0000
  0   0 -0.0682  0.0455  0.0000
  0   0 -0.0502  0.0363  0.0000
  0   0 -0.0341  0.0216  0.0000
  0   0 -0.0129  0.0193  0.0000
  0   0  0.0047  0.0141  0.0000
  0   0  0.0108 -0.0056  0.0000
  0   0  0.0002 -0.0174  0.0000
  0   0 -0.0238 -0.0347  0.0000
  0   0 -0.0275 -0.0619  0.0000
  0   0 -0.0400 -0.1073  0.0000
  0   0 -0.0421 -0.1457  0.0000
  0   0  0.0011  0.0532  0.0000
  0   0 -0.0273  0.0347  0.0000
  0   0 -0.0617  0.0213  0.0000
  0   0 -0.0712  0.0187  0.0000
  0   0 -0.0795  0.0251  0.0000
  0   0 -0.0854  0.0311  0.0000
  0   0 -0.0836  0.0238  0.0000
  0   0 -0.0600  0.0213  0.0000
  0   0 -0.0401  0.0336  0.0000
  0   0 -0.0283  0.0466  0.0000
  0   0 -0.0134  0.0544  0.0000
  0   0  0.0154  0.0546  0.0000
  0   0  0.0455  0.0423  0.0000
  0   0  0.0754  0.0253  0.0000
  0   0  0.1025  0.0092  0.0000
  0   0  0.1278 -0.0071  0.0000
  0   0  0.1471 -0.0277  0.0000
  0   0  0.1577 -0.0565  0.0000
  0   0  0.1575 -0.0917  0.0000
  0   0  0.1400 -0.1299  0.0000
  0   0  0.1055 -0.1613  0.0000
  0   0  0.0670 -0.1816  0.0000
  0   0  0.0259 -0.1858  0.0000
  0   0 -0.0156 -0.1595  0.0000
  0   0 -0.0638 -0.1047  0.0000
  0   0 -0.1075 -0.0390  0.0000
  0   0 -0.1367  0.0126  0.0000
  0   0 -0.1492  0.0476  0.0000
  0   0 -0.1440  0.0658  0.0000
  0   0 -0.1263  0.0746  0.0000
  0   0 -0.1017  0.0734  0.0000
  0   0 -0.0733  0.0634  0.0000
  0   0 -0.0452  0.0486  0.0000
  0   0 -0.0188  0.0360  0.0000
  0   0  0.0004  0.0211  0.0000
  0   0  0.0069 -0.0002  0.0000
  0   0 -0.0013 -0.0232  0.0000
  0   0 -0.0199 -0.0526  0.0000
  0   0 -0.0365 -0.0915  0.0000
  0   0 -0.0556 -0.1412  0.0000
  0   0 -0.0724 -0.1932  0.0000
  0   0 -0.0082  0.0568  0.0000
  0   0 -0.0488  0.0398  0.0000
  0   0 -0.0853  0.0280  0.0000
  0   0 -0.1093  0.0248  0.0000
  0   0 -0.1226  0.0281  0.0000
  0   0 -0.1254  0.0319  0.0000
  0   0 -0.1158  0.0330  0.0000
  0   0 -0.0935  0.0370  0.0000
  0   0 -0.0672  0.0472  0.0000
  0   0 -0.0412  0.0596  0.0000
  0   0 -0.0130  0.0683  0.0000
  0   0  0.0209  0.0689  0.0000
  0   0  0.0586  0.0596  0.0000
  0   0  0.0972  0.0429  0.0000
  0   0  0.1338  0.0216  0.0000
  0   0  0.1657 -0.0043  0.0000
  0   0  0.1887 -0.0369  0.0000
  0   0  0.1989 -0.0778  0.0000
  0   0  0.1926 -0.1252  0.0000
  0   0  0.1679 -0.1733  0.0000
  0   0  0.1266 -0.2128  0.0000
  0   0  0.0741 -0.2337  0.0000
  0   0  0.0149 -0.2275  0.0000
  0   0 -0.0471 -0.1892  0.0000
  0   0 -0.1081 -0.1242  0.0000
  0   0 -0.1603 -0.0481  0.0000
  0   0 -0.1957  0.0212  0.0000
  0   0 -0.2098  0.0726  0.0000
  0   0 -0.2021  0.1025  0.0000
  0   0 -0.1765  0.1137  0.0000
  0   0 -0.1392  0.1101  0.0000
  0   0 -0.0966  0.0964  0.0000
  0   0 -0.0546  0.0773  0.0000
  0   0 -0.0189  0.0567  0.0000
  0   0  0.0051  0.0342  0.0000
  0   0  0.0133  0.0079  0.0000
  0   0  0.0053 -0.0238  0.0000
  0   0 -0.0152 -0.0638  0.0000
  0   0 -0.0420 -0.1138  0.0000
  0   0 -0.0718 -0.1728  0.0000
  0   0 -0.1022 -0.2362  0.0000
