VARIABLES= "X pix", "Y pix", "U pix/dt", "V pix/dt", "CHC", ZONE I=37, J=41
304  16  0.0113 -0.0493 59.5809
336  16 -0.0153 -0.0382 18.9118
368  16 -0.0287 -0.0448 24.6753
400  16 -0.0462 -0.0732 88.5845
496  16 -0.0524 -0.1194 89.0435
528  16 -0.0710 -0.0819 39.0095
560  16 -0.0347 -0.0618 40.9600
592  16 -0.0176 -0.0653 50.5679
624  16 -0.0036 -0.0477 54.6133
656  16  0.0156 -0.0024 46.5454
688  16  0.0310  0.0261 273.0666
304  48  0.0271  0.0553 52.5128
336  48  0.0276  0.0793 29.4676
368  48  0.0228  0.0725 110.7027
496  48  0.0171  0.0932 71.8596
528  48 -0.0316  0.0709 27.3067
560  48 -0.1160  0.0504 41.3737
592  48 -0.1852  0.0000 113.0530
688  48 -0.1108  0.0081 227.5554
720  48 -0.0414  0.0261 29.2571
752  48  0.0074  0.0222 36.2478
784  48  0.0000  0.0123 33.8369
816  48  0.0371  0.0211 148.4057
304  80  0.0606 -0.0093 49.3494
336  80  0.0638 -0.0247 30.7970
368  80  0.0443 -0.0115 50.5679
400  80  0.0336 -0.0106 47.0804
432  80  0.0364 -0.0316 43.5745
464  80  0.0211 -0.0216 4095.9939
496  80  0.0451 -0.0072 71.8596
528  80  0.0770  0.0217 28.4444
560  80  0.0222 -0.0111 44.5217
592  80 -0.0279 -0.0091 39.1737
688  80 -0.0147  0.0328 341.3332
720  80 -0.0023 -0.0239 80.3137
752  80  0.0104 -0.0488 87.1489
784  80  0.0216  0.0000 89.3209
816  80  0.0019 -0.0066 147.3381
 16 144 -0.0549 -0.0437 258.7962
 48 144 -0.1228 -0.1072 113.6343
 80 144 -0.0922 -0.0974 48.0549
112 144  0.0003 -0.0479 36.4967
144 144 -0.0122 -0.0244 188.3163
176 144 -0.0091 -0.0221 45.5698
208 144 -0.0239 -0.0273 126.5353
240 144 -0.0092 -0.0993 152.8276
272 144 -0.0495 -0.0136 80.0406
304 144  0.0056 -0.0003 58.8345
336 144  0.0031 -0.0013 28.4061
368 144  0.0118  0.0024 193.8225
400 144  0.0201  0.0316 234.5678
432 144  0.0369  0.0329 199.5436
464 144  0.0203  0.0400 179.9242
496 144  0.0249  0.0645 214.7059
528 144  0.0223  0.0231 86.4648
560 144  0.0386  0.0650 48.5605
592 144  0.0231  0.0261 180.6562
624 144  0.0027  0.0536 114.8971
656 144 -0.0178  0.0228 187.9981
688 144  0.0097  0.0161 132.7623
720 144  0.0115  0.0094 116.2081
752 144  0.0502  0.0058 139.9173
784 144  0.0191  0.0013 56.3943
816 144  0.0424  0.0072 126.3847
848 144  0.0391  0.0039 164.9646
880 144  0.0454 -0.0168 64.0408
912 144  0.0268 -0.0034 148.4871
944 144  0.0128  0.0105 102.6380
976 144  0.0375 -0.0142 85.7141
1008 144 -0.0075  0.0083 92.7324
1040 144  0.0060 -0.0108 79.0136
1072 144  0.0605 -0.0045 150.8969
1104 144  0.0068 -0.0467 175.4859
1136 144  0.0048  0.0492 181.4526
1168 144 -0.0013  0.0325 135.2167
 16 176 -0.0262 -0.0636 20.5221
 48 176 -0.0189 -0.1203 253.6183
 80 176 -0.0047 -0.1221 465.9633
112 176 -0.0207 -0.0525 54.3357
144 176 -0.0104 -0.0384 100.4625
176 176  0.0048 -0.0933 97.3914
208 176 -0.0163 -0.0651 269.5493
240 176 -0.0238 -0.0288 475.8338
272 176  0.0055 -0.0031 251.3041
304 176 -0.0040  0.0002 215.1165
336 176  0.0078 -0.0126 265.8509
368 176 -0.0019 -0.0342 276.0229
400 176  0.0181  0.0323 226.2563
432 176  0.0134  0.0243 226.6836
464 176  0.0201  0.0963 138.7563
496 176  0.0452  0.0782 211.4496
528 176  0.0228  0.0316 57.9635
560 176  0.0365  0.0573 79.0116
592 176  0.0261  0.0275 110.3377
624 176  0.0155  0.0311 120.8763
656 176  0.0491  0.0195 237.8294
688 176  0.0425  0.0021 125.1316
720 176  0.0389 -0.0089 108.6809
752 176  0.0444 -0.0045 226.7231
784 176  0.0088 -0.0091 90.3984
816 176  0.0231  0.0076 85.6743
848 176  0.0474 -0.0583 198.2534
880 176  0.0265 -0.0185 72.3187
912 176  0.0218 -0.0187 145.8757
944 176  0.0229 -0.1099 105.9916
976 176  0.0038  0.0754 88.1126
1008 176  0.0177  0.0116 83.3826
1040 176  0.0319 -0.0274 95.0936
1072 176 -0.0106  0.0078 160.5194
1104 176  0.0194  0.0354 54.1126
1136 176 -0.0060  0.0434 158.6355
1168 176 -0.0110  0.0464 131.9479
 16 208 -0.0338 -0.1546 337.2130
 48 208 -0.0271 -0.1296 46.5343
 80 208 -0.0584 -0.1208 232.3975
112 208 -0.0340 -0.1576 150.6190
144 208 -0.0793 -0.0543 314.8204
176 208 -0.0275 -0.0757 201.5047
208 208 -0.0475 -0.0839 250.4196
240 208 -0.1019 -0.0221 289.1113
272 208 -0.0267 -0.0166 200.0025
304 208 -0.0150 -0.0023 209.7101
336 208 -0.0008 -0.0136 181.3766
368 208  0.0814  0.0419 362.0253
400 208  0.0329  0.0147 149.2706
432 208  0.0383  0.0278 149.9401
464 208  0.0529  0.0315 293.6613
496 208  0.0220  0.0592 107.3530
528 208  0.0098  0.0476 159.3718
560 208  0.0068  0.0339 148.4417
592 208  0.0149  0.0549 131.9581
624 208 -0.0158  0.0148 45.0838
656 208  0.0534  0.0371 121.5709
688 208  0.0270  0.0157 110.2739
720 208  0.0374 -0.0000 153.4291
752 208  0.0381 -0.0132 169.1351
784 208  0.0408 -0.0126 222.9156
816 208  0.0344 -0.0638 174.4221
848 208  0.0256 -0.0411 168.9548
880 208  0.0714 -0.0433 299.5688
912 208  0.0197 -0.0311 84.3684
944 208  0.0262 -0.0158 102.8204
976 208  0.0804  0.0136 172.3622
1008 208  0.0182  0.0130 120.0167
1040 208  0.0148  0.0022 124.8016
1072 208  0.0250  0.0233 121.7808
1104 208  0.0051  0.0329 78.9636
1136 208  0.0075  0.0359 87.5244
1168 208  0.0036  0.0313 53.2048
 16 240 -0.1455 -0.1901 41.4728
 48 240 -0.0134 -0.1218 21.6839
 80 240 -0.0445 -0.3044 154.7083
112 240 -0.1341 -0.1493 67.0509
144 240 -0.0515 -0.0938 238.8309
176 240 -0.0982 -0.0991 207.0409
208 240 -0.0658 -0.0522 63.1296
240 240 -0.0182 -0.1124 132.3732
272 240 -0.0566 -0.0154 189.7896
304 240 -0.0182 -0.0197 229.4821
336 240 -0.0171 -0.0009 82.9248
368 240  0.0058 -0.0034 390.8182
400 240 -0.0033  0.0144 47.7828
432 240  0.0049  0.0517 166.2947
464 240  0.0332  0.0477 228.2064
496 240  0.0465  0.0392 280.9951
528 240  0.0140  0.0325 69.1836
560 240  0.0468  0.0353 137.0734
592 240  0.0360  0.0402 208.4010
624 240  0.0312  0.0266 110.5968
656 240  0.0363  0.0390 46.2363
688 240 -0.0258  0.0116 109.6633
720 240  0.0277  0.0254 101.9505
752 240  0.0200 -0.0021 272.7178
784 240  0.0244 -0.0109 84.2955
816 240  0.0188  0.0060 187.0406
848 240  0.0477 -0.0170 134.6550
880 240  0.0324 -0.0032 99.3072
912 240  0.0005 -0.0014 81.1195
944 240  0.0234  0.0139 96.5946
976 240  0.0337  0.0004 92.3416
1008 240  0.0116  0.0464 87.3748
1040 240  0.0272 -0.0187 95.9698
1072 240  0.0472  0.0316 127.8786
1104 240 -0.0238  0.0516 118.8172
1136 240 -0.0032  0.0679 46.4158
1168 240  0.0025  0.0527 77.1600
 16 272 -0.0769 -0.1231 32.5946
 48 272 -0.1344 -0.2155 233.8826
 80 272 -0.0895 -0.1328 220.2078
112 272 -0.0750 -0.1073 260.6422
144 272 -0.0627 -0.1512 84.8065
176 272 -0.0609 -0.1519 53.2001
208 272 -0.0484 -0.0760 292.6015
240 272 -0.0396 -0.0230 50.6429
272 272 -0.0915 -0.0155 266.2732
304 272 -0.0245 -0.0464 160.5779
336 272 -0.0602 -0.0331 139.4666
368 272 -0.0255  0.0064 118.1940
400 272  0.0301  0.0253 315.5966
432 272  0.0098  0.0148 226.6650
464 272  0.0350  0.0304 108.8536
496 272  0.0389  0.1118 154.2718
528 272  0.0159  0.0561 117.7872
560 272  0.0317  0.0285 80.0646
592 272  0.0372  0.0195 162.7236
624 272  0.0086  0.0127 191.7715
656 272  0.0443  0.0413 154.2195
688 272  0.0204 -0.0020 92.5258
720 272  0.0226 -0.0068 76.5328
752 272  0.0551 -0.0242 131.5885
784 272  0.0310 -0.0027 117.8510
816 272  0.0628 -0.0410 219.5721
848 272 -0.0596 -0.0645 92.1901
880 272  0.0727 -0.0500 75.5525
912 272  0.0344 -0.0260 103.4802
944 272  0.0269 -0.0660 166.4156
976 272  0.0354 -0.0190 216.5997
1008 272  0.0118  0.0046 119.7945
1040 272  0.0237  0.0044 70.0108
1072 272  0.0060  0.0613 52.8373
1104 272  0.0034  0.0447 114.5355
1136 272  0.0477  0.0449 75.5667
1168 272  0.0131 -0.0203 24.3903
 16 304 -0.0336 -0.0782 321.3796
 48 304 -0.0702 -0.1760 154.6168
 80 304 -0.1082 -0.2990 143.1414
112 304 -0.1003 -0.2746 272.9692
144 304 -0.0638 -0.4459 60.5234
176 304 -0.1067 -0.1007 169.4569
208 304 -0.1649 -0.1285 148.3120
240 304 -0.0307 -0.1915 236.5922
272 304 -0.0302  0.0019 43.6897
304 304  0.0060 -0.0607 206.4175
336 304 -0.0079 -0.0118 202.4740
368 304  0.0048 -0.0249 73.3935
400 304  0.0185  0.0258 87.2785
432 304  0.0157  0.0365 272.8474
464 304  0.0226  0.0375 226.4623
496 304  0.0396  0.0382 101.2154
528 304  0.0467  0.0480 111.1640
560 304  0.0486  0.0200 186.2346
592 304  0.0261 -0.0025 191.5520
624 304 -0.0064  0.0827 185.8162
656 304  0.0157  0.0376 50.1803
688 304 -0.0005 -0.0076 93.5476
720 304  0.0538 -0.0250 165.5244
752 304  0.0302 -0.0328 105.3053
784 304  0.0237 -0.0064 175.2112
816 304  0.0618 -0.0503 132.1206
848 304  0.0328 -0.0322 52.7108
880 304  0.0576 -0.0289 131.7368
912 304  0.0571 -0.0300 75.8823
944 304  0.0576 -0.0156 145.9904
976 304  0.0350 -0.0439 209.2060
1008 304  0.0104  0.0084 78.3445
1040 304 -0.0411 -0.0007 52.0680
1072 304  0.0066  0.0225 134.8607
1104 304  0.0179  0.0479 250.8706
1136 304 -0.0074  0.0426 102.9020
1168 304  0.0069  0.0448 81.2783
 16 336 -0.3179 -0.2457 22.2478
 48 336 -0.1131 -0.1471 145.3590
 80 336 -0.0999 -0.1591 228.8508
112 336 -0.1114 -0.2551 170.4910
144 336  0.0000 -0.5075 226.4027
176 336 -0.3188 -0.1094 46.2573
208 336 -0.1833 -0.0672 129.9051
240 336 -0.0764 -0.1237 196.9246
272 336 -0.0148 -0.0611 137.0788
304 336 -0.0291 -0.1058 82.5147
336 336 -0.0436 -0.0712 190.1036
368 336 -0.0016 -0.0284 234.9627
400 336 -0.0146  0.0081 119.8309
432 336  0.0386  0.0100 128.1624
464 336  0.0255  0.0335 123.1995
496 336  0.0471  0.0520 43.7467
528 336  0.0284  0.0321 102.1869
560 336  0.0727  0.0489 172.6082
592 336  0.0422  0.0343 220.0850
624 336  0.0195  0.0234 152.4586
656 336  0.0180 -0.0119 136.7416
688 336  0.0468 -0.0016 134.5979
720 336  0.0423 -0.0121 118.2479
752 336  0.0503 -0.0503 155.9424
784 336  0.0662 -0.0370 155.9875
816 336  0.0544 -0.0563 113.2897
848 336  0.0665 -0.0495 156.4378
880 336  0.0600 -0.0625 126.8998
912 336  0.0292 -0.0536 133.7282
944 336  0.1271 -0.1377 193.8220
976 336  0.0465 -0.0171 101.9474
1008 336  0.0404 -0.0171 70.0183
1040 336  0.0127 -0.0114 51.8996
1072 336 -0.0034  0.0413 117.6296
1104 336  0.0015  0.0013 185.2754
1136 336 -0.0578  0.0882 103.6586
1168 336 -0.0618  0.0552 85.0946
 16 368 -0.0168 -0.0766 23.8314
 48 368 -0.1489 -0.4976 170.5235
 80 368 -0.0504 -0.3220 133.2457
112 368 -0.1886 -0.2151 197.9878
144 368 -0.0879 -0.1215 92.9006
176 368 -0.0955 -0.3839 84.4093
208 368 -0.1675 -0.2388 188.1485
240 368 -0.3009 -0.1393 94.3201
272 368 -0.0539 -0.1510 53.6152
304 368 -0.0321 -0.0969 326.6104
336 368 -0.0585 -0.0311 266.8505
368 368 -0.0125 -0.0441 175.4475
400 368 -0.0028 -0.0053 111.4596
432 368  0.0077  0.0239 235.6019
464 368  0.0105  0.0200 108.8744
496 368  0.0226  0.0304 274.0432
528 368  0.0339  0.0296 111.0162
560 368  0.0492  0.0576 38.4529
592 368  0.0229  0.0147 105.7393
624 368  0.0464 -0.0091 229.9706
656 368  0.0298  0.0357 93.6307
688 368  0.0572 -0.0113 74.5736
720 368  0.0559 -0.0600 212.7520
752 368  0.0528 -0.0686 116.7394
784 368  0.0931 -0.0709 143.6605
816 368  0.0503 -0.0387 216.2359
848 368  0.0563 -0.0768 72.9828
880 368  0.0888 -0.0708 97.5860
912 368  0.0481 -0.0318 113.2684
944 368  0.0169 -0.0485 180.0034
976 368  0.0458 -0.0074 43.7458
1008 368  0.0246 -0.0048 184.6830
1040 368  0.0020  0.0210 182.0380
1072 368 -0.0026  0.0413 102.8381
1104 368  0.0153  0.0976 162.5028
1136 368 -0.0421  0.0795 70.4836
1168 368 -0.0455  0.0669 115.1163
 16 400 -0.6000 -0.1777 72.4451
 48 400 -0.1976 -0.2806 27.3721
 80 400 -0.3370 -0.3460 310.7348
112 400 -0.1102 -0.1841 179.6653
144 400 -0.2471 -0.4410 158.9375
176 400 -0.2190 -0.1785 162.4138
208 400 -0.1322 -0.1804 219.8591
240 400 -0.1366 -0.1237 227.9732
272 400 -0.0286 -0.1202 29.0692
304 400 -0.1196 -0.0951 198.0961
336 400 -0.0391 -0.0163 74.1176
368 400 -0.0246 -0.0267 88.7984
400 400 -0.0024  0.0419 245.3063
432 400  0.0001  0.0035 124.2770
464 400  0.0014  0.0188 78.9333
496 400 -0.0039  0.0473 31.2046
528 400  0.0146  0.0087 157.2316
560 400  0.0422  0.0394 112.3745
592 400  0.0450  0.0701 118.3577
624 400  0.0427  0.0063 166.4155
656 400  0.0389 -0.0148 191.9408
688 400  0.1101 -0.0269 185.8458
720 400  0.0566  0.0029 65.3539
752 400  0.0638 -0.0571 81.2506
784 400  0.0688 -0.0575 116.9626
816 400  0.0632 -0.0336 112.0041
848 400  0.0275 -0.0361 206.7480
880 400  0.0184 -0.0784 163.5552
912 400  0.0541 -0.0610 105.9196
944 400  0.0393 -0.0716 138.0116
976 400  0.0308 -0.0106 104.1633
1008 400  0.0157  0.0157 107.2916
1040 400  0.0126 -0.0317 165.1316
1072 400 -0.0221  0.0597 122.0579
1104 400 -0.0513  0.0615 130.0647
1136 400 -0.0215  0.0936 93.9251
1168 400 -0.0518  0.0991 111.5687
 16 432 -0.1328 -0.2479 162.0263
 48 432 -0.1850 -0.2126 221.8652
 80 432 -0.2035 -0.6568 130.1880
112 432 -0.2062 -0.2834 20.6205
144 432 -0.4808 -0.2630 223.9013
176 432 -0.2966 -0.3559 303.7838
208 432 -0.1951 -0.2781 198.2727
240 432 -0.1668 -0.3040 214.2570
272 432 -0.3575 -0.1807 82.9507
304 432 -0.0762 -0.1203 134.7560
336 432 -0.0843 -0.0778 30.7944
368 432 -0.0315 -0.0558 215.0814
400 432  0.0117 -0.0395 296.7255
432 432  0.0076 -0.0381 178.6807
464 432  0.0195 -0.0177 154.9308
496 432  0.0058  0.0076 132.5921
528 432  0.0028  0.0240 71.9965
560 432  0.0267 -0.0050 128.5829
592 432  0.0249  0.1033 65.7525
624 432  0.0650 -0.0075 256.1153
656 432  0.0470 -0.0692 104.4985
688 432  0.0292 -0.0236 126.1873
720 432  0.0526 -0.0464 28.1416
752 432  0.0724 -0.0957 94.2285
784 432  0.0695 -0.0567 237.0195
816 432  0.0774 -0.0256 173.9510
848 432  0.0332 -0.0388 96.4750
880 432  0.0113 -0.0324 70.9994
912 432  0.0578 -0.0389 79.0372
944 432  0.0360 -0.0525 83.0607
976 432 -0.0074 -0.0208 113.7917
1008 432  0.0008  0.0090 88.7215
1040 432 -0.0405  0.0567 90.4445
1072 432 -0.0194  0.1530 200.9177
1104 432 -0.0084  0.0527 56.5988
1136 432  0.0031  0.1714 124.3957
1168 432  0.0005  0.0842 164.5518
 16 464 -0.7587 -0.6250 75.1782
 48 464 -0.2820 -0.2555 123.3957
 80 464 -0.3297 -0.6047 184.5995
112 464 -0.1862 -0.2023 27.3817
144 464 -0.2965 -0.6023 86.7290
176 464 -0.2502 -0.6565 132.0448
208 464 -0.1182 -0.1740 139.9723
240 464 -0.1302 -0.2972 306.9991
272 464 -0.0248 -0.0806 30.8422
304 464 -0.1268 -0.1680 271.5774
336 464 -0.0646 -0.1330 187.3472
368 464 -0.0419 -0.0540 224.4046
400 464 -0.0264 -0.0724 93.0884
432 464 -0.0047 -0.0046 71.3234
464 464 -0.0147 -0.0083 169.5932
496 464  0.0187  0.0641 203.7750
528 464  0.0079 -0.0196 133.1513
560 464  0.0232 -0.0091 172.1812
592 464  0.0274 -0.0233 100.1002
624 464  0.0877 -0.0528 97.0489
656 464  0.0741 -0.0598 204.5079
688 464  0.0399 -0.0324 129.2054
720 464  0.0745 -0.1162 139.2919
752 464  0.0859 -0.1630 144.1706
784 464  0.0529 -0.0987 94.6503
816 464  0.0682 -0.0942 47.9275
848 464  0.0485 -0.0405 41.5310
880 464  0.1076 -0.0713 87.6936
912 464  0.0486 -0.0894 148.1713
944 464  0.0180 -0.0303 49.0874
976 464  0.0108 -0.0206 111.7429
1008 464 -0.0020  0.0462 47.4486
1040 464  0.0024  0.0385 132.5988
1072 464 -0.0552  0.0098 100.1706
1104 464 -0.0535  0.1130 192.8456
1136 464 -0.0799  0.0924 49.5305
1168 464 -0.0439  0.1542 47.9531
 16 496 -0.2241 -0.2399 58.7875
 48 496 -0.1455 -0.1402 95.6513
 80 496 -0.4142 -0.0497 27.3803
112 496 -0.7208 -0.5665 195.4203
144 496 -0.2932 -0.5741 147.1640
176 496 -0.5869 -1.0340 103.0622
208 496 -0.1695 -0.3870 24.7610
240 496 -0.2989 -0.2769 66.7874
272 496 -0.2578 -0.3878 36.6452
304 496 -0.1325 -0.1664 56.9148
336 496 -0.0661 -0.1155 168.3028
368 496 -0.0702 -0.0897 99.5752
400 496 -0.0520 -0.0499 131.1547
432 496 -0.0506 -0.0392 125.0887
464 496 -0.0394  0.0031 212.4936
496 496 -0.0230 -0.0032 77.8827
528 496 -0.0189  0.0057 100.3459
560 496  0.0223 -0.0285 76.3938
592 496  0.0271 -0.0070 25.1803
624 496  0.0494 -0.0538 124.5835
656 496  0.0413 -0.0695 156.4788
688 496  0.1374 -0.0674 117.8021
720 496  0.1042 -0.0176 80.8163
752 496  0.0969 -0.1506 108.5183
784 496  0.0983 -0.2188 29.8161
816 496  0.1313 -0.1247 50.8873
848 496  0.0900 -0.1558 40.2829
880 496  0.0370 -0.0826 208.7613
912 496  0.0147 -0.0705 101.2436
944 496  0.0588 -0.0456 305.6426
976 496  0.0441  0.0778 255.2111
1008 496 -0.0429  0.0443 290.4194
1040 496 -0.0606  0.0388 73.2162
1072 496 -0.0237  0.0841 127.1419
1104 496 -0.0766  0.1155 174.3048
1136 496 -0.0633  0.1093 100.3330
1168 496 -0.0528  0.0869 104.1006
 16 528 -0.1152 -0.2578 35.7917
 48 528 -0.3887 -0.2052 146.5511
 80 528 -0.2813 -0.4395 244.0254
112 528 -0.1174 -0.0948 15.7220
144 528 -0.3458 -0.2962 32.5546
176 528 -0.4903 -0.6245 203.0648
208 528 -0.2213 -0.6394 119.7774
240 528 -0.1859 -0.3147 46.6985
272 528 -0.1885 -0.2848 186.6815
304 528 -0.1340 -0.1406 123.8176
336 528 -0.1726 -0.1679 148.1356
368 528 -0.0761 -0.0830 78.4494
400 528 -0.0420 -0.0668 88.1989
432 528 -0.1224 -0.0401 117.3235
464 528 -0.0763 -0.0338 219.3354
496 528 -0.0080  0.0456 101.5182
528 528 -0.0591 -0.0426 183.6321
560 528  0.0045 -0.0442 138.4884
592 528  0.0389 -0.0866 119.9669
624 528  0.0351 -0.1110 210.7744
656 528  0.0622 -0.1217 121.1263
688 528  0.0487 -0.2028 120.5794
720 528  0.1103 -0.1730 157.2298
752 528  0.1347 -0.1457 233.4112
784 528  0.1063 -0.2619 144.3418
816 528  0.1114 -0.2238 120.0090
848 528  0.0814 -0.2354 67.3501
880 528  0.0413 -0.1938 92.5528
912 528  0.0772 -0.0657 164.6249
944 528 -0.0057 -0.0405 180.8328
976 528 -0.0039  0.0427 69.4987
1008 528 -0.0308  0.0208 37.6095
1040 528 -0.0397  0.0760 48.4874
1072 528 -0.0472 -0.0020 72.9002
1104 528 -0.1208  0.1233 94.0201
1136 528 -0.0924  0.1057 83.9442
1168 528 -0.0690  0.0690 189.3040
 16 560 -0.1436 -0.2462 28.7454
 48 560 -0.2794 -0.2475 103.5642
 80 560 -0.5873 -0.6470 190.7300
112 560 -0.7969 -0.6959 226.0078
144 560 -0.4996 -0.8023 179.4348
176 560 -0.2922 -0.6873 267.1353
208 560 -0.2659 -0.3317 125.3720
240 560 -0.3080 -0.6074 50.4370
272 560 -0.2717 -0.2416 270.9093
304 560 -0.3484 -0.3769 225.9555
336 560 -0.2809 -0.1635 135.8416
368 560 -0.1622 -0.1273 70.6828
400 560 -0.1086 -0.0786 148.5488
432 560 -0.0325 -0.0626 147.7911
464 560 -0.0776 -0.0437 129.3053
496 560 -0.0457 -0.0485 226.3784
528 560 -0.0548 -0.0398 101.3039
560 560 -0.0396 -0.1664 144.7356
592 560  0.0270 -0.1188 86.9382
624 560  0.0475 -0.0939 81.2848
656 560  0.0467 -0.1405 173.2371
688 560  0.1671 -0.2247 115.6267
720 560  0.1236 -0.1814 190.6476
752 560  0.1176 -0.3708 104.7971
784 560  0.0890 -0.2236 98.3024
816 560  0.1092 -0.3047 98.4943
848 560  0.0864 -0.2074 118.1812
880 560  0.1119 -0.1768 91.1108
912 560  0.0134 -0.1864 149.0575
944 560  0.0109 -0.0550 134.3580
976 560 -0.0495  0.0050 151.6266
1008 560 -0.0500  0.0138 187.7670
1040 560 -0.0637  0.0766 29.7401
1072 560 -0.1244  0.0680 204.7484
1104 560 -0.0818  0.1093 131.7470
1136 560 -0.0623  0.0962 62.2796
1168 560 -0.0881  0.0375 74.0383
 16 592 -0.0829 -0.0565 18.7930
 48 592 -0.2863 -0.3497 77.5149
 80 592 -0.5760 -0.5228 134.4491
112 592 -0.3633 -0.2486 22.8428
144 592 -0.4436 -0.5663 49.8700
176 592 -0.9117 -1.2856 84.2792
208 592 -0.7844 -1.2997 72.9865
240 592 -0.2170 -0.3430 141.2314
272 592 -0.2429 -0.5035 194.4338
304 592 -0.3851 -0.5297 99.1986
336 592 -0.4134 -0.2514 88.4173
368 592 -0.3169 -0.1862 193.1453
400 592 -0.1961 -0.1203 47.7977
432 592 -0.2212 -0.1600 116.5514
464 592 -0.2525 -0.0386 108.5498
496 592 -0.1605 -0.0373 113.8290
528 592 -0.1425 -0.1059 154.4897
560 592 -0.0138 -0.1059 169.1565
592 592  0.0050 -0.1466 159.6202
624 592  0.0716 -0.1312 134.2482
656 592  0.1616 -0.2515 182.5530
688 592  0.1072 -0.3201 46.0295
720 592  0.1634 -0.2004 201.0412
752 592  0.1216 -0.4472 217.3733
784 592  0.0031 -0.5107 178.2347
816 592  0.0663 -0.2177 86.2950
848 592 -0.0051 -0.2744 142.9960
880 592  0.0267 -0.2223 72.0499
912 592 -0.0041 -0.1235 98.8918
944 592  0.0163 -0.0505 113.9156
976 592 -0.0836  0.0243 84.8411
1008 592 -0.1051 -0.0135 151.1430
1040 592 -0.1110  0.1058 135.0516
1072 592 -0.0920  0.1395 86.3290
1104 592 -0.1735  0.1602 150.8018
1136 592 -0.0990  0.1459 134.8818
1168 592 -0.1568  0.1551 100.3873
 16 624 -0.2413 -0.0816 21.2030
 48 624 -0.3858 -0.6275 64.1933
 80 624 -0.0127 -0.2959 19.2785
112 624 -0.0560 -0.5544 77.0727
144 624 -0.9583 -0.9000 194.0447
176 624 -0.8377 -0.8485 197.2992
208 624 -0.0371 -0.0365  8.6208
240 624 -0.6963 -0.4288 61.1687
272 624 -0.3172 -0.1402 53.4631
304 624 -0.6985 -0.5162 114.3467
336 624 -0.4840 -0.2756 48.1821
368 624 -0.4478 -0.0582 124.8243
400 624 -0.3602 -0.1427 126.3837
432 624 -0.3848 -0.0451 162.2185
464 624 -0.3553 -0.0987 58.0102
496 624 -0.1860 -0.0660 141.0612
528 624 -0.1355 -0.1718 86.6369
560 624 -0.0246 -0.2566 109.3680
592 624 -0.0421 -0.2242 172.5105
624 624  0.0264 -0.3693 85.8243
656 624  0.1463 -0.3427 133.4000
688 624  0.1593 -0.3063 43.2407
720 624  0.1183 -0.3372 66.6437
752 624  0.0726 -0.4150 109.4187
784 624  0.0159 -0.3720 22.9698
816 624  0.0506 -0.4304 40.6940
848 624  0.0130 -0.2246 41.2561
880 624  0.0097 -0.3259 137.0551
912 624 -0.0397 -0.1368 118.5103
944 624 -0.0466 -0.0431 118.7847
976 624 -0.0412  0.0130 113.5444
1008 624 -0.1695  0.0587 177.6609
1040 624 -0.1460  0.1042 48.9539
1072 624 -0.0955  0.0945 74.7323
1104 624 -0.2246  0.0986 94.1689
1136 624 -0.1984  0.1144 88.5365
1168 624 -0.1308  0.1616 105.8805
 16 656 -0.1675 -0.0225 102.5880
 48 656 -0.1936 -0.0988 14.5285
 80 656 -0.1724 -0.1190 260.9979
112 656 -0.3506 -0.3207 131.4968
144 656 -0.7022 -0.8079 102.9377
176 656 -1.3616 -0.8173 155.6375
208 656 -1.0014 -0.7815 138.0357
240 656 -0.9045 -1.1449 181.5902
272 656 -0.4207 -0.2795 74.3978
304 656 -0.9445 -0.4810 87.6946
336 656 -0.4813 -0.3201 30.7652
368 656 -0.3019 -0.1053 66.6625
400 656 -0.1446 -0.0539 192.9293
432 656 -0.3100  0.1077 85.5377
464 656 -0.0691 -0.0828 210.9495
496 656 -0.1975 -0.1486 205.1341
528 656 -0.0438 -0.3415 140.0136
560 656  0.0388 -0.3524 84.3435
592 656 -0.0395 -0.6158 109.9818
624 656  0.0763 -0.3712 39.1512
656 656  0.0592 -0.3477 210.3737
688 656 -0.0360 -0.5683 72.7020
720 656  0.0137 -0.3941 40.8590
752 656 -0.0383 -0.3937 57.0329
784 656 -0.0033 -0.5809 35.1941
816 656 -0.0897 -0.5193 135.1112
848 656 -0.0989 -0.4040 133.1618
880 656 -0.0455 -0.3225 115.5789
912 656 -0.0538 -0.2304 110.6917
944 656 -0.0994 -0.0741 92.7475
976 656 -0.1996 -0.0229 137.6279
1008 656 -0.1375  0.0238 102.7345
1040 656 -0.1475  0.0257 98.3861
1072 656 -0.1673  0.0932 58.3715
1104 656 -0.1472  0.0324 110.1928
1136 656 -0.1567  0.0965 62.2262
1168 656 -0.1189  0.1017 68.7028
 16 688 -0.0148 -0.0352 18.3152
 48 688 -0.1117 -0.1701 196.6461
 80 688 -0.1122 -0.1315 254.0974
112 688 -0.2639 -0.3702 43.0577
144 688 -0.7444 -0.7786 153.3162
176 688 -0.9088 -0.7560 209.4135
208 688 -0.8847 -1.0595 108.9663
240 688 -1.1388 -0.5829 93.2639
272 688 -0.7807 -0.4928 122.9536
304 688 -0.7983 -0.3424 156.4298
336 688 -0.7097 -0.2548 44.6256
368 688 -0.2624 -0.1773 206.1951
400 688 -0.1824 -0.0646 80.0867
432 688 -0.1362  0.0000 23.9675
464 688 -0.1352 -0.1479 189.6368
496 688  0.1055 -0.3448 109.4853
528 688 -0.0274 -0.3318 87.7526
560 688  0.0456 -0.1631 200.1102
592 688  0.0109 -0.5016 56.2807
624 688 -0.0238 -0.2900 153.3825
656 688 -0.0660 -0.2485 24.5341
688 688 -0.1862 -0.4331 148.8251
720 688 -0.0890 -0.3011 107.0689
752 688 -0.1266 -0.6546 123.8468
784 688 -0.1223 -0.3781 122.1459
816 688  0.0738 -0.4088 87.5370
848 688  0.0004 -0.0609 66.1626
880 688 -0.1033 -0.3654 128.7712
912 688  0.0114 -0.3160 97.3165
944 688 -0.0552 -0.1716 53.2997
976 688 -0.1152 -0.0083 148.3616
1008 688 -0.1782 -0.0001 87.8281
1040 688 -0.2083 -0.0138 112.2268
1072 688 -0.1592  0.0966 181.2941
1104 688 -0.2320  0.0005 99.4330
1136 688 -0.2831  0.1600 163.9161
1168 688 -0.1166  0.0608 91.2486
 16 720 -0.0034 -0.0273 18.4189
 48 720 -0.1146 -0.1503 118.2771
 80 720 -0.0567 -0.3499 121.6110
112 720 -0.1939 -0.3787 176.0607
144 720 -0.1906 -0.3238 198.4711
176 720 -0.3269 -0.3914 165.9542
208 720 -0.1388 -0.2580 104.6012
240 720 -0.1912 -0.3422 36.1704
272 720 -0.4263 -0.5322 110.7180
304 720 -0.7353 -0.6732 88.3643
336 720 -0.2368 -0.2635 54.6747
368 720 -0.0473 -0.0637 129.0668
400 720  0.1357  0.0373 22.0490
432 720  0.3816  0.0290 151.8337
464 720  0.3108 -0.0791 130.4774
496 720  0.2737 -0.1075 11.5027
528 720  0.1135 -0.0410 58.1505
560 720  0.0959 -0.0241 22.7298
592 720  0.1467  0.0170 18.9042
624 720 -0.0452 -0.3090 128.9467
656 720 -0.0408 -0.3313 144.1828
688 720 -0.0421 -0.0492 38.9175
720 720 -0.0264 -0.0066 14.7718
752 720 -0.0764 -0.1999 30.7347
784 720  0.0636 -0.1424 33.0929
816 720 -0.0162 -0.0063 18.3013
848 720  0.0053 -0.0035  5.7040
880 720  0.0135 -0.0239 74.6380
912 720 -0.0044 -0.3566 44.4354
944 720 -0.0778 -0.1313 78.1508
976 720 -0.1586 -0.0879 75.5883
1008 720 -0.2678 -0.0455 185.1556
1040 720 -0.1675 -0.0294 167.5291
1072 720 -0.1736  0.0057 33.9058
1104 720 -0.1641  0.0817 86.9636
1136 720 -0.1455  0.0539 80.2757
1168 720 -0.1745  0.0581 27.0986
 16 752  0.0196 -0.0760 23.7449
 48 752  0.0022 -0.0340 168.4789
 80 752 -0.0107 -0.1697 218.8736
112 752 -0.2137 -0.1088 276.4539
144 752 -0.2296 -0.1779 51.3128
176 752 -0.1184 -0.4023 322.3831
208 752 -0.1479 -0.4990 135.5546
240 752  0.1031 -0.2666 175.7606
272 752 -0.0071 -0.0226 10.0882
304 752 -0.5068 -0.4119 112.3973
336 752 -0.0345 -0.1537 31.5333
368 752  0.0102 -0.1128 22.5921
400 752  0.2767  0.0004 134.9107
432 752  0.3283  0.0858 181.5203
464 752  0.1604  0.1046 127.9516
496 752  0.1487  0.1045 43.7392
528 752  0.1756  0.0291 50.2300
560 752  0.0543  0.0373  9.9083
592 752  0.1008  0.0880 11.3088
624 752 -0.0440 -0.0103 10.3659
656 752 -0.0259  0.0144 24.5365
688 752 -0.0553  0.0178  7.0888
720 752  0.0487 -0.1601  5.1251
752 752  0.0669 -0.1345  9.1584
784 752 -0.0092 -0.0025 22.7949
816 752  0.0060  0.0085  5.5493
880 752  0.0281  0.0217 21.9007
912 752 -0.0572 -0.4448 31.3656
944 752 -0.0684 -0.1627 102.8981
976 752 -0.2703 -0.0945 149.7960
1008 752 -0.2091 -0.0734 108.8438
1040 752 -0.3129 -0.0210 122.8360
1072 752 -0.2142 -0.0185 98.2543
1104 752 -0.1864  0.0563 74.3059
1136 752 -0.1102  0.0727 44.0027
1168 752 -0.1563  0.0953 141.1405
 16 784  0.0334 -0.0380 103.7374
 48 784  0.0271 -0.1547 231.3292
 80 784  0.0252 -0.1053 324.1826
112 784  0.0381 -0.1340 168.6199
144 784 -0.0348 -0.1094 207.3101
176 784 -0.0192 -0.2473 71.1077
208 784 -0.0669 -0.3406 172.3755
240 784 -0.2543 -0.5636 221.8996
272 784  0.0491 -0.0152 125.7488
304 784 -0.0605 -0.2805 26.0960
336 784  0.0839 -0.3101 187.8233
368 784  0.3437 -0.0836 183.5132
400 784  0.5982 -0.0428 174.9709
432 784  0.2588  0.0289 54.4458
464 784 -0.0974 -0.1736 43.2417
496 784  0.0164 -0.1192 84.3019
528 784  0.0290 -0.0528 18.2446
560 784  0.1256  0.0739  9.1231
592 784  0.0665  0.0681 11.6816
624 784 -0.0692  0.0611 17.2405
656 784 -0.0494  0.0810  8.7259
688 784  0.1287 -0.1545 12.1993
720 784  0.0400 -0.1489  4.6312
752 784  0.0008  0.0388  4.9085
784 784  0.0121 -0.1598  5.6508
816 784 -0.0215  0.0473  4.4838
848 784  0.0025  0.0070  4.3025
880 784  0.0261  0.0241 18.0822
912 784 -0.0057 -0.0425 24.5790
944 784  0.0049 -0.0218 22.9076
976 784 -0.1463 -0.1717 89.9443
1008 784 -0.2339 -0.0887 95.2973
1040 784 -0.1960 -0.0636 29.1406
1072 784 -0.1220 -0.0470 22.7326
1104 784 -0.2403  0.0247 119.6441
1136 784 -0.0668  0.0185 125.6757
1168 784 -0.2359 -0.0213 86.5529
 16 816  0.0244 -0.0269 15.1327
 48 816  0.0851 -0.0062 14.6145
 80 816  0.0633 -0.1688 246.0064
112 816  0.0621 -0.1081 62.2876
144 816  0.0161 -0.1647 228.5083
176 816 -0.0186 -0.3140 270.0877
208 816  0.0226 -0.1283 21.3598
240 816  0.0418 -0.3612 108.1223
272 816 -0.0289 -0.6584 313.1774
304 816  0.0443 -0.0966 19.4162
336 816  0.6149 -0.3140 107.8478
368 816  0.5774 -0.1628 55.4862
400 816  0.4147  0.0510 91.6569
432 816  0.2212 -0.1297 129.4189
464 816  0.4357 -0.2315 93.5200
496 816  0.8888 -0.2562 16.2446
528 816 -0.0352 -0.0439  7.7823
560 816  0.0769  0.0533  6.4484
592 816  0.0439 -0.0410 13.9206
624 816  0.0666 -0.0968 13.9472
656 816 -0.0206  0.0117 13.2484
688 816 -0.0504 -0.0214 11.2197
720 816  0.0625 -0.0743 10.4268
752 816  0.1238  0.0174  7.5647
784 816 -0.2210  0.2168  6.4255
816 816  0.0964  0.1208  6.5591
848 816 -0.0479  0.0705  4.5400
880 816 -0.0183 -0.0348  8.6977
912 816 -0.0022  0.0140  4.1711
944 816  0.0985 -0.0148  5.8357
976 816 -0.0032 -0.0076 35.9399
1008 816 -0.0604 -0.2210 87.3942
1040 816 -0.0965 -0.1254 22.6320
1072 816 -0.1050 -0.1883 40.0884
1104 816 -0.1805 -0.1752 62.2928
1136 816 -0.1909 -0.0958 107.1598
1168 816 -0.1168  0.0137 168.3568
 16 848  0.0336  0.0024 20.1358
 48 848  0.0869 -0.0334 119.2207
 80 848  0.0596  0.0000 13.1747
112 848  0.1598 -0.2527 77.0949
144 848  0.1989 -0.1957 169.3313
176 848  0.0822 -0.2257 245.3659
208 848  0.0508 -0.1987 116.6921
240 848  0.0823 -0.2809 74.3363
272 848  0.0546 -0.0612 12.4708
304 848  0.2905 -0.4823 153.7774
336 848  0.6222 -0.3675 154.2895
368 848  0.9281 -0.1311 80.3643
400 848  0.4707 -0.3757 49.7847
432 848  0.5127 -0.1186 84.9006
464 848  0.9173 -0.1109 30.2097
496 848 -0.0100 -0.0462 21.0485
528 848  0.2208  0.1241  6.4983
560 848  0.0197 -0.0044 20.4593
592 848  0.0708 -0.0446 17.7548
624 848  0.0892 -0.0262 30.3846
656 848  0.0809 -0.0437 16.4781
688 848  0.0082 -0.0100  9.1245
720 848 -0.0575  0.0533  7.7461
752 848  0.0825 -0.1679  7.0824
784 848  0.0220 -0.0354  9.7368
816 848  0.0240  0.0306 11.6399
848 848 -0.0497  0.1326  6.4765
880 848 -0.1577  0.0107  5.4910
944 848  0.0474  0.0275  5.7867
976 848  0.0014 -0.0395 40.0513
1008 848 -0.0380 -0.0794 114.4115
1040 848 -0.0338 -0.2161 71.0150
1072 848 -0.1152 -0.1217 37.9014
1104 848 -0.0872 -0.0715 114.6732
1136 848 -0.1805 -0.0660 173.0489
1168 848 -0.0872 -0.0389 112.8508
 16 880  0.1277 -0.0705 54.5283
 48 880  0.0609 -0.0100 49.1720
 80 880  0.2173 -0.2130 167.4877
112 880  0.0821 -0.1146 264.1783
144 880  0.0881 -0.0366 172.0000
176 880  0.1904 -0.0740 173.7584
208 880  0.1967 -0.2027 205.2040
240 880  0.0113 -0.5526 113.2411
272 880  0.3609 -0.3211 20.1223
304 880  0.3753 -0.3276 72.9298
336 880  0.6589 -0.3500 55.4214
368 880  0.8351 -0.2995 44.1658
400 880  0.4116 -0.1922 155.1487
432 880  0.2084 -0.0013 19.1736
464 880  0.1997 -0.0360 32.3583
496 880 -0.0864 -0.0981  6.0170
528 880  0.1168  0.0279  8.4751
560 880  0.0546 -0.2479  8.5667
592 880  0.1311 -0.0832 11.3810
624 880  0.0684 -0.0313 19.4184
656 880 -0.1093 -0.0488 10.1995
688 880  0.0267 -0.0439 25.0689
720 880 -0.0330 -0.0423 14.4749
752 880  0.3582 -0.1097  4.7690
784 880  0.0119  0.0497  7.6861
816 880 -0.0697 -0.0593  8.1843
848 880 -0.2631 -0.3861  5.8153
880 880  0.1230  0.1751  5.6593
912 880  0.0080  0.0556  9.5115
944 880  0.0361  0.0007 44.3314
976 880 -0.0017 -0.0290 31.8446
1008 880  0.0545 -0.0301 179.4891
1040 880 -0.0213 -0.1286 69.2375
1072 880 -0.0919 -0.1498 180.4373
1104 880 -0.0835 -0.0508 122.4709
1136 880 -0.0597 -0.2019 112.8342
1168 880 -0.0989 -0.0812 108.8303
 16 912  0.0845 -0.1588 220.9626
 48 912  0.0926 -0.0062 27.8676
 80 912  0.1944 -0.0749 144.4915
112 912  0.1607 -0.0952 111.2344
144 912  0.2329 -0.1879 192.8387
176 912  0.3055 -0.2144 245.5228
208 912  0.0462 -0.0230 27.0868
240 912  0.0965 -0.0175 74.9353
272 912  0.1769 -0.0319 40.8937
304 912  0.3505 -0.1129 102.1237
336 912  0.6087 -0.2484 17.1834
368 912  0.4772 -0.1398 19.1207
400 912  0.0680  0.0026 19.9540
432 912  0.0181  0.0032 16.1027
464 912 -0.0785 -0.0740 10.1351
496 912 -0.0081 -0.0081  4.0756
528 912  0.0612 -0.0595  4.7077
560 912  0.0154 -0.0077  4.4602
592 912  0.1550 -0.1053  4.1626
624 912  0.1068 -0.1207 10.8448
656 912 -0.1089 -0.2155  5.9988
688 912  0.1457 -0.1193  9.5884
720 912 -0.0639 -0.0322 10.3046
752 912  0.2466  0.0169  5.3625
784 912  0.0037 -0.0226 11.0814
816 912 -0.2783  0.0151  5.7450
880 912  0.1201  0.0363  8.9547
912 912 -0.0472  0.0631  9.9475
944 912 -0.0098 -0.0089  7.8461
976 912 -0.0004  0.0040 11.2900
1008 912 -0.0045  0.0057 53.2000
1040 912 -0.0097 -0.0157 146.7274
1072 912 -0.0434 -0.0373 118.6383
1104 912 -0.0556 -0.0853 77.0540
1136 912 -0.0941 -0.0294 66.5393
1168 912 -0.1371 -0.0833 47.4524
 16 944  0.0434 -0.0010 104.6115
 48 944  0.0383 -0.0325 19.3759
 80 944  0.0624 -0.1019 185.6131
112 944  0.0397 -0.0680 64.8636
144 944  0.3998 -0.1285 179.6655
176 944  0.2586 -0.3634 298.0015
208 944  0.6786 -0.2358 161.7146
240 944  0.0960 -0.8653 152.2085
272 944  0.0607 -0.0347 13.2048
304 944  0.1435 -0.3753 46.9559
336 944  0.1511 -0.2385 107.4706
368 944  0.3105 -0.0871 184.6162
400 944  0.1764 -0.0075 14.4502
432 944  0.1016  0.0059 15.1891
464 944  0.0603 -0.0045  5.8434
496 944 -0.0545  0.0095  6.7958
624 944  0.2107 -0.0865  5.3299
656 944 -0.1170 -0.0049  4.5470
688 944  0.1797 -0.0516  7.2694
720 944 -0.0820 -0.0601  5.6653
752 944  0.1272 -0.0250  5.3077
784 944  0.1182 -0.2417  7.2965
816 944 -0.0036 -0.1360  7.3475
848 944 -0.0225  0.0782  9.1505
880 944  0.0223  0.1340 10.0168
912 944  0.0394  0.0192  9.9062
944 944 -0.0762  0.0304 12.6942
976 944 -0.0682  0.0913  6.4340
1008 944 -0.0077  0.0143  5.6397
1040 944  0.0077  0.0220 62.3688
1072 944 -0.0286 -0.0560 159.1426
1104 944 -0.0645 -0.1615 138.5128
1136 944 -0.0876 -0.0219 162.0598
1168 944 -0.0793 -0.0487 237.9790
 16 976  0.0272  0.0008 24.7763
 48 976  0.1208 -0.0389 18.1710
 80 976  0.1808 -0.1362 80.3395
112 976  0.0270  0.0158 16.1406
144 976  0.1511 -0.1250 142.4827
176 976  0.1080 -0.1293 116.4214
208 976  0.1517 -0.4210 88.3156
240 976  0.1184 -0.3510 51.6891
272 976  0.1196 -0.3573 57.7583
304 976  0.1018 -0.3448 96.3698
336 976 -0.0009 -0.1912 50.0305
368 976  0.0361 -0.0332 24.8950
400 976 -0.0340  0.0017 12.5743
432 976  0.1011 -0.0127  8.1665
464 976  0.0101  0.0084 21.1240
496 976 -0.1533  0.0588  8.8947
528 976 -0.0052  0.0350  4.3390
688 976  0.0221 -0.0725  4.2227
784 976  0.0130  0.0175  4.3264
816 976  0.0237  0.0201 14.5993
848 976 -0.0008  0.0071 18.8763
880 976  0.0090 -0.0097  8.4762
912 976 -0.0222  0.0048 10.8412
944 976 -0.0352  0.0618  7.7744
976 976 -0.0209  0.0283 12.1300
1008 976 -0.0643  0.0531 10.3289
1040 976  0.0074  0.0224 19.1964
1072 976 -0.0132  0.0042 36.1806
1104 976 -0.0277 -0.0376 165.2763
1136 976 -0.0639 -0.0284 107.6484
1168 976 -0.1150 -0.0858 116.2900
 16 1008  0.1395  0.0046 38.0655
 48 1008  0.3242 -0.0662 121.0910
 80 1008  0.0713 -0.0499 75.6800
112 1008  0.0939 -0.0997 141.8344
144 1008  0.1853 -0.1074 234.8853
176 1008  0.2818 -0.1939 187.8154
208 1008  0.1592 -0.2387 50.1910
240 1008  0.0671 -0.5407 132.6618
272 1008  0.1323 -0.3341 40.3100
304 1008  0.0799 -0.3935 116.8252
336 1008 -0.0174 -0.0311 22.7646
368 1008  0.0166 -0.0024 11.6671
400 1008 -0.0503  0.0659 10.7601
432 1008  0.0162  0.0349 17.3920
464 1008 -0.0316 -0.0071 83.1958
496 1008  0.0066  0.0171 21.5689
528 1008 -0.0380  0.0743  9.3781
560 1008 -0.0665  0.1861  5.9415
752 1008  0.0250  0.0000  4.0554
784 1008 -0.0228  0.0085  6.3619
816 1008 -0.0006 -0.0066 26.5127
848 1008  0.0056  0.0138 20.3963
880 1008  0.0018 -0.0019 13.6407
912 1008 -0.0215 -0.0043 10.9180
944 1008 -0.0005  0.0140 14.8487
976 1008 -0.0217  0.0344  8.1760
1008 1008  0.0102 -0.0041 12.3918
1040 1008  0.0081  0.0188 36.2957
1072 1008  0.0070  0.0146 69.8796
1104 1008 -0.0346 -0.0618 174.8705
1136 1008 -0.0331 -0.0570 114.6309
1168 1008 -0.0556 -0.0636 96.2188
 16 1040  0.0735 -0.0516 26.4005
 48 1040  0.0545 -0.0404 229.9641
 80 1040  0.1140 -0.0778 192.3527
112 1040  0.1151 -0.0691 150.7736
144 1040  0.1067 -0.2475 60.3103
176 1040  0.0952 -0.2206 73.5265
208 1040  0.0803 -0.1098 69.4595
240 1040  0.0122 -0.0784 17.7980
272 1040  0.0410 -0.2271 126.0955
304 1040 -0.0190 -0.1712 46.1289
336 1040 -0.0074 -0.2055 55.1076
368 1040  0.0200  0.0270 13.4008
400 1040  0.0281  0.0078 38.3600
432 1040  0.0008 -0.0492 32.8654
464 1040 -0.0521  0.0145 36.4968
496 1040 -0.0626  0.0447 10.9561
528 1040 -0.0089  0.0426 11.9603
560 1040 -0.0323 -0.0205 11.2176
592 1040 -0.1612  0.0105  6.3504
752 1040  0.0188  0.0080  5.5800
784 1040 -0.0255  0.0132 17.1229
816 1040  0.0188 -0.0037 26.6855
848 1040  0.0250  0.0454 15.7827
880 1040  0.0205  0.0360 13.6138
912 1040  0.0308  0.0091 16.4937
944 1040  0.0100  0.0508 22.0631
976 1040 -0.0085  0.0013 57.2793
1008 1040  0.0202  0.0030 14.0610
1040 1040  0.0138  0.0259 50.1934
1072 1040 -0.0087  0.0001 108.2079
1104 1040  0.0020 -0.0382 101.4534
1136 1040 -0.0177 -0.0140 160.0561
1168 1040 -0.0387 -0.0168 24.7408
 16 1072  0.0680 -0.0607 58.6760
 48 1072  0.0697 -0.0389 36.9758
 80 1072  0.0906 -0.0404 91.8886
112 1072  0.0650  0.0101 29.2560
144 1072  0.1317 -0.0532 61.1100
176 1072  0.1387 -0.1076 168.2298
208 1072  0.0062 -0.0291 21.2723
240 1072  0.0526 -0.0930 182.3460
272 1072 -0.0129 -0.2828 29.3419
304 1072  0.0122 -0.1443 169.9178
336 1072 -0.0070 -0.0937 191.2292
368 1072 -0.0525 -0.0898 78.3194
400 1072 -0.0595 -0.0361 106.9672
432 1072 -0.1165 -0.0765 114.9677
464 1072 -0.0493 -0.0038 28.4242
496 1072 -0.1008  0.3364 10.0445
528 1072  0.0181  0.1827 10.8602
560 1072 -0.0929  0.1132  8.8936
592 1072  0.0379  0.1095 10.1589
624 1072 -0.1445  0.0919  5.8451
656 1072  0.0247  0.1996  5.6341
688 1072  0.0056  0.0725  4.2314
720 1072 -0.0859  0.1233  4.3298
752 1072  0.0125 -0.0182  4.2372
784 1072  0.0197 -0.0552  7.3300
816 1072  0.0181 -0.0390 12.8492
848 1072  0.0183 -0.0098 44.4903
880 1072  0.0421  0.0073 19.5105
912 1072  0.0122  0.0250 15.0195
944 1072  0.1017  0.0273 62.2322
976 1072  0.0934  0.0418 36.0014
1008 1072  0.0508  0.0182 33.4328
1040 1072  0.0204  0.0200 181.3755
1072 1072  0.0014  0.0165 18.3918
1104 1072 -0.0477  0.0127 203.5618
1136 1072 -0.0021  0.0013 38.4162
1168 1072 -0.1080 -0.0105 31.0857
 16 1104  0.0899 -0.0109 18.6617
 48 1104  0.0887 -0.0029 28.8440
 80 1104  0.1754 -0.1222 91.2082
112 1104  0.1484 -0.1072 159.4050
144 1104  0.0338 -0.0651 84.4935
176 1104  0.1009 -0.0884 195.9524
208 1104  0.0494 -0.1089 50.0195
240 1104  0.0276 -0.0788 318.3412
272 1104  0.0128 -0.0826 97.0723
304 1104  0.0017 -0.2318 87.9462
336 1104 -0.0251 -0.2182 112.5501
368 1104  0.0175 -0.0835 133.2614
400 1104 -0.0040 -0.0309 135.8839
432 1104 -0.0159 -0.0373 217.1548
464 1104  0.0012 -0.0013 23.2181
496 1104 -0.0352  0.0055 18.9579
528 1104 -0.0282 -0.0059 12.7090
560 1104  0.0055  0.0384 13.3535
592 1104  0.0178  0.0439 11.2606
624 1104  0.0230  0.0424 11.6716
656 1104  0.0021  0.0103 11.0975
688 1104 -0.2289  0.2336  8.4461
720 1104 -0.0565  0.1648  4.7462
848 1104 -0.0223 -0.0611  5.5559
880 1104  0.0619 -0.1067  8.5523
912 1104  0.0125 -0.0515 12.3827
944 1104 -0.0312 -0.0486 15.7573
976 1104 -0.0173 -0.0522  9.6321
1008 1104 -0.0235 -0.0221 19.7624
1040 1104  0.0241 -0.0301 28.3257
1072 1104  0.0370 -0.0108 20.0874
1104 1104  0.0131  0.0073 21.3297
1136 1104  0.0248 -0.0020 15.2815
1168 1104 -0.0007 -0.0275 42.0901
 16 1136  0.0203 -0.0204 17.0548
 48 1136 -0.0024 -0.0294 15.8414
 80 1136  0.1949 -0.0595 216.0822
112 1136  0.1496 -0.0675 85.6789
144 1136  0.0149 -0.0989 18.2239
176 1136  0.0510 -0.0610 163.2432
208 1136  0.0436 -0.0563 327.3570
240 1136  0.0033 -0.2097 34.4028
272 1136  0.0021 -0.1515 91.9075
304 1136  0.0224 -0.1659 114.8451
336 1136  0.0300 -0.1731 103.4286
368 1136  0.0129 -0.0761 158.8177
400 1136  0.0129 -0.0976 136.0845
432 1136 -0.0057 -0.0456 43.3555
464 1136  0.0039 -0.0037 23.7060
496 1136 -0.0793 -0.0850 23.8155
528 1136 -0.0036  0.0070 17.9558
560 1136  0.0139  0.0240 13.3021
592 1136  0.0459 -0.0067 13.6169
624 1136 -0.0205 -0.0132 15.1607
656 1136 -0.0150  0.0242 18.3986
688 1136  0.0040 -0.0239 12.0282
720 1136 -0.0502 -0.0118 13.0884
752 1136 -0.0935  0.1252  7.9911
784 1136  0.1031  0.1529  6.6108
816 1136  0.0124  0.1529  8.9635
848 1136 -0.0893  0.2654  7.3112
880 1136 -0.1014  0.1829  4.3116
944 1136  0.0525 -0.0242  4.1001
976 1136  0.0016 -0.0196  4.3207
1008 1136 -0.0404 -0.0456  5.0823
1040 1136  0.0222 -0.0346  4.7696
1072 1136 -0.0391 -0.1015  5.4424
1104 1136  0.0378 -0.0232  8.0237
1136 1136 -0.0127 -0.0158  9.7133
1168 1136  0.0182 -0.0102 18.5936
 16 1168  0.0426 -0.0115 26.8098
 48 1168  0.0129 -0.0264 16.0396
 80 1168  0.0692 -0.0763 45.7670
112 1168  0.0772 -0.0872 78.0197
144 1168  0.0266 -0.1280 71.3090
176 1168  0.0327 -0.2414 153.3837
208 1168 -0.0037 -0.0654 232.8847
240 1168  0.0913 -0.1350 85.2748
272 1168  0.0174 -0.1205 64.5659
304 1168  0.0020 -0.0546 59.7959
336 1168  0.0018 -0.2219 162.8923
368 1168  0.0230 -0.0969 146.7523
400 1168  0.0352 -0.0853 248.1931
432 1168  0.0230 -0.0532 30.0976
464 1168  0.0132 -0.1311 238.8895
496 1168  0.0482 -0.0160 16.4155
528 1168 -0.0120  0.0591 21.9632
560 1168  0.0263  0.0623 10.3978
592 1168  0.0059 -0.0002 11.7685
624 1168  0.0088  0.0029 11.6356
656 1168 -0.0103  0.0015 10.5213
688 1168 -0.0109  0.0009 11.8073
720 1168 -0.0185 -0.0039 11.9730
752 1168 -0.0438 -0.0128 16.8690
784 1168  0.0081  0.0429 13.4953
816 1168  0.0045  0.0019 13.1031
848 1168  0.0128 -0.0011 14.3779
880 1168 -0.0249  0.0388 13.4802
912 1168 -0.1534  0.1510  9.8567
944 1168 -0.0758  0.3898  5.0573
1104 1168  0.0000 -0.1014  4.1625
1136 1168  0.0710 -0.0906  4.5765
1168 1168 -0.0070 -0.0597  4.6647
 16 1200  0.1426 -0.0077 27.6299
 48 1200  0.0327 -0.0737 21.2217
 80 1200  0.0135 -0.0190 14.7468
112 1200  0.0202  0.0048 38.7936
144 1200  0.1222 -0.0695 55.4423
176 1200  0.1302 -0.1331 208.0601
208 1200  0.0240 -0.0429 212.9360
240 1200  0.0325 -0.3332 195.5302
272 1200  0.0076 -0.0962 36.8217
304 1200  0.0266 -0.0336 138.0781
336 1200  0.0317 -0.0638 292.1713
368 1200  0.0508 -0.1098 181.1187
400 1200  0.0549 -0.0664 215.6783
432 1200  0.0059 -0.0409 20.7783
464 1200 -0.0247 -0.0366 23.0571
496 1200 -0.0354 -0.0089 15.4717
528 1200 -0.0050 -0.0073 14.0115
560 1200 -0.0364  0.0474 21.3298
592 1200 -0.0255  0.0207 14.6162
624 1200  0.0148 -0.0718 44.6570
656 1200  0.0574  0.0102 35.4242
688 1200 -0.0287  0.0462 12.0625
720 1200 -0.0275 -0.0003 16.8729
752 1200 -0.0478 -0.0054 16.1730
784 1200 -0.1165 -0.0191 10.8294
816 1200  0.0013 -0.0167 11.1032
848 1200 -0.0209  0.0192 11.0967
880 1200 -0.0209  0.0269 12.0558
912 1200 -0.0298  0.0149 13.6819
944 1200  0.0289  0.0068 13.5786
976 1200 -0.0293  0.0506 13.3765
1008 1200 -0.0799  0.1293 10.4961
1040 1200 -0.0658  0.2178  6.7794
1072 1200 -0.0114  0.2523  5.6203
1104 1200 -0.0159  0.3484  4.7462
1136 1200 -0.0208  0.3297  4.3025
1168 1200  0.0351  0.3020  4.2881
 16 1232 -0.0060 -0.0162 14.7411
 48 1232  0.0292  0.0133 15.7048
 80 1232  0.0516 -0.0427 156.3746
112 1232  0.1014 -0.1077 105.2975
144 1232  0.0606 -0.0391 57.8394
176 1232  0.0690 -0.1687 120.8009
208 1232  0.0321 -0.0525 96.1772
240 1232  0.0427 -0.1166 29.2483
272 1232  0.0319 -0.0538 158.1878
304 1232  0.0614 -0.1356 151.1152
336 1232  0.0300 -0.0599 198.6387
368 1232  0.0134 -0.0803 159.3076
400 1232  0.0367 -0.0594 117.3336
432 1232 -0.0085 -0.0199 92.6231
464 1232  0.0101  0.0037 24.1552
496 1232 -0.0064 -0.0082 26.9592
528 1232 -0.0247  0.0149 11.5559
560 1232  0.0025 -0.0095 13.6008
592 1232 -0.0023  0.0160 15.6938
624 1232  0.0261 -0.0139 11.5517
656 1232  0.0244 -0.0186 12.3110
688 1232  0.0039  0.0349 10.6121
720 1232 -0.0099 -0.0294 12.2433
752 1232 -0.0088  0.0064 18.8397
784 1232 -0.0187  0.0149 13.7480
816 1232 -0.0132  0.0051 22.2131
848 1232  0.0092 -0.0485  9.8953
880 1232 -0.0246 -0.0200 14.5657
912 1232 -0.0736 -0.0058 12.9045
944 1232 -0.0058  0.0128 13.2214
976 1232 -0.0621 -0.0454 11.9958
1008 1232 -0.0463  0.0003 13.5743
1040 1232 -0.0077 -0.0166 12.5491
1072 1232  0.0753 -0.0341 11.7446
1104 1232 -0.0289  0.0158 12.6433
1136 1232  0.0409 -0.0035 11.1669
1168 1232  0.0348 -0.0018 12.8195
 16 1264  0.0236 -0.0059 22.6214
 48 1264 -0.0149  0.0070 13.6082
 80 1264  0.1185 -0.0448 86.3949
112 1264  0.0965 -0.1121 165.3298
144 1264  0.0401 -0.1302 279.0305
176 1264  0.0324 -0.0593 189.5281
208 1264  0.0639 -0.0517 135.2798
240 1264  0.0196 -0.0384 40.8641
272 1264 -0.0030 -0.1172 67.1533
304 1264  0.0302 -0.1145 147.4633
336 1264  0.0000 -0.1051 241.4829
368 1264  0.0051 -0.0751 167.1295
400 1264  0.0314 -0.1203 108.7916
432 1264  0.0144 -0.0108 365.1274
464 1264  0.0176 -0.0201 18.6315
496 1264 -0.0071  0.0044 11.1598
528 1264 -0.0238 -0.0377 13.1198
560 1264 -0.0075 -0.0173 15.4104
592 1264  0.0216  0.0173 12.2152
624 1264  0.0092  0.0406 18.6140
656 1264  0.0238  0.0010 15.9702
688 1264  0.0302  0.0178 10.8784
720 1264  0.0183 -0.0150 13.9203
752 1264  0.0145  0.0126 26.3213
784 1264 -0.0118  0.0284 11.2493
816 1264 -0.0115  0.0046 12.2358
848 1264  0.0083  0.0505  8.3042
880 1264  0.0153 -0.0062  8.7112
912 1264 -0.0013 -0.0776 10.0119
944 1264 -0.0184  0.0014 11.3262
976 1264  0.0568 -0.0570 10.4953
1008 1264  0.0112 -0.0117  9.9100
1040 1264  0.0055  0.0040 10.9511
1072 1264  0.0792  0.0289 10.3494
1104 1264 -0.0132 -0.0166  9.9298
1136 1264  0.0142 -0.0145  9.7272
1168 1264  0.0040  0.0126 13.1980
 16 1296  0.0248 -0.0683 29.4170
 48 1296 -0.0021 -0.0288 16.7668
 80 1296  0.0767 -0.0426 95.3238
112 1296  0.0237 -0.0506 44.6174
144 1296  0.0260 -0.0216 15.7860
176 1296  0.0172 -0.0720 106.5067
208 1296  0.0784 -0.1739 204.3087
240 1296  0.0199 -0.1156 45.5199
272 1296  0.0517 -0.0427 20.1155
304 1296  0.0962 -0.0768 85.3748
336 1296  0.0379 -0.0391 89.3548
368 1296  0.0478 -0.0852 87.0952
400 1296  0.0198 -0.0317 155.7620
432 1296 -0.0109 -0.0249 19.4384
464 1296  0.0123 -0.0085 24.6521
496 1296 -0.0060 -0.0431 15.8011
528 1296  0.0193  0.0086 13.9626
560 1296 -0.0252 -0.0049 18.9728
592 1296  0.0197 -0.0225 14.3250
624 1296 -0.0289 -0.0156 12.6653
656 1296 -0.0201 -0.0122 14.4942
688 1296 -0.0293  0.0417 13.3841
720 1296  0.0165 -0.0163 11.4933
752 1296 -0.0291 -0.0156 15.8128
784 1296 -0.0084 -0.0147 11.1086
816 1296 -0.0569  0.0780 10.3070
848 1296  0.0191  0.0139 12.7532
880 1296 -0.0239 -0.0242 11.0368
912 1296 -0.0016 -0.0391 11.7052
944 1296  0.0120 -0.0388 11.9323
976 1296  0.0039 -0.0005 10.5443
1008 1296  0.0422 -0.0460 10.3251
1040 1296 -0.0187 -0.0241  8.2182
1072 1296 -0.0076  0.0247  9.2833
1104 1296 -0.0364  0.0853 10.5164
1136 1296 -0.0163  0.0591 10.4979
1168 1296  0.0015  0.0228  9.5436
  0   0  0.0487  0.0273  0.0000
  0   0  0.0223  0.0038  0.0000
  0   0  0.0284 -0.0086  0.0000
  0   0  0.0217 -0.0149  0.0000
  0   0  0.0255 -0.0647  0.0000
  0   0  0.0259 -0.0685  0.0000
  0   0  0.0580 -0.0824  0.0000
  0   0  0.0361 -0.0924  0.0000
  0   0  0.0309 -0.0914  0.0000
  0   0  0.0292 -0.1300  0.0000
  0   0  0.0466 -0.1751  0.0000
  0   0  0.0276 -0.1298  0.0000
  0   0  0.0521 -0.0706  0.0000
  0   0  0.0787 -0.0668  0.0000
  0   0  0.0554 -0.0477  0.0000
  0   0  0.0578 -0.0696  0.0000
  0   0  0.0060  0.0656  0.0000
  0   0 -0.0146  0.0645  0.0000
  0   0 -0.0069  0.0615  0.0000
  0   0 -0.0131  0.0393  0.0000
  0   0 -0.0079  0.0508  0.0000
  0   0 -0.0258  0.0283  0.0000
  0   0 -0.0125  0.0057  0.0000
  0   0 -0.0337  0.0003  0.0000
  0   0 -0.0357  0.0057  0.0000
  0   0 -0.0402  0.0236  0.0000
  0   0 -0.0270 -0.0092  0.0000
  0   0 -0.0490 -0.0177  0.0000
  0   0 -0.0497 -0.0068  0.0000
  0   0 -0.0648  0.0344  0.0000
  0   0 -0.0263 -0.0002  0.0000
  0   0 -0.0291 -0.0407  0.0000
  0   0 -0.0089 -0.0627  0.0000
  0   0  0.0063 -0.0609  0.0000
  0   0  0.0078 -0.0371  0.0000
  0   0  0.0175 -0.0324  0.0000
  0   0 -0.0163  0.0088  0.0000
  0   0 -0.0273  0.0643  0.0000
  0   0 -0.0478  0.1165  0.0000
  0   0 -0.0337  0.1067  0.0000
  0   0 -0.0095  0.0751  0.0000
  0   0  0.0228  0.0551  0.0000
  0   0  0.0278  0.0265  0.0000
  0   0  0.0344 -0.0019  0.0000
  0   0  0.0350 -0.0317  0.0000
  0   0  0.0374 -0.0747  0.0000
  0   0  0.0412 -0.1016  0.0000
  0   0  0.0514 -0.1248  0.0000
  0   0  0.0423 -0.1423  0.0000
  0   0  0.0357 -0.1541  0.0000
  0   0  0.0329 -0.1747  0.0000
  0   0  0.0368 -0.1845  0.0000
  0   0  0.0348 -0.1491  0.0000
  0   0  0.0502 -0.1001  0.0000
  0   0  0.0665 -0.0703  0.0000
  0   0  0.0643 -0.0435  0.0000
  0   0  0.0675 -0.0339  0.0000
  0   0 -0.0167  0.1691  0.0000
  0   0 -0.0257  0.1540  0.0000
  0   0 -0.0245  0.1357  0.0000
  0   0 -0.0262  0.1107  0.0000
  0   0 -0.0268  0.0932  0.0000
  0   0 -0.0342  0.0643  0.0000
  0   0 -0.0347  0.0367  0.0000
  0   0 -0.0459  0.0206  0.0000
  0   0 -0.0533  0.0148  0.0000
  0   0 -0.0605  0.0129  0.0000
  0   0 -0.0637 -0.0047  0.0000
  0   0 -0.0765 -0.0136  0.0000
  0   0 -0.0808 -0.0112  0.0000
  0   0 -0.0800 -0.0042  0.0000
  0   0 -0.0566 -0.0292  0.0000
  0   0 -0.0401 -0.0628  0.0000
  0   0 -0.0180 -0.0838  0.0000
  0   0 -0.0016 -0.0815  0.0000
  0   0  0.0029 -0.0562  0.0000
  0   0 -0.0007 -0.0204  0.0000
  0   0 -0.0236  0.0367  0.0000
  0   0 -0.0420  0.0996  0.0000
  0   0 -0.0555  0.1477  0.0000
  0   0 -0.0467  0.1536  0.0000
  0   0 -0.0237  0.1308  0.0000
  0   0  0.0051  0.0977  0.0000
  0   0  0.0247  0.0552  0.0000
  0   0  0.0389  0.0082  0.0000
  0   0  0.0466 -0.0414  0.0000
  0   0  0.0510 -0.0934  0.0000
  0   0  0.0532 -0.1370  0.0000
  0   0  0.0538 -0.1726  0.0000
  0   0  0.0466 -0.1987  0.0000
  0   0  0.0388 -0.2150  0.0000
  0   0  0.0338 -0.2230  0.0000
  0   0  0.0335 -0.2136  0.0000
  0   0  0.0363 -0.1767  0.0000
  0   0  0.0477 -0.1260  0.0000
  0   0  0.0611 -0.0775  0.0000
  0   0  0.0691 -0.0317  0.0000
  0   0  0.0777  0.0078  0.0000
  0   0 -0.0414  0.2752  0.0000
  0   0 -0.0422  0.2456  0.0000
  0   0 -0.0409  0.2134  0.0000
  0   0 -0.0403  0.1774  0.0000
  0   0 -0.0414  0.1396  0.0000
  0   0 -0.0454  0.0991  0.0000
  0   0 -0.0509  0.0625  0.0000
  0   0 -0.0604  0.0361  0.0000
  0   0 -0.0717  0.0199  0.0000
  0   0 -0.0845  0.0083  0.0000
  0   0 -0.0975 -0.0040  0.0000
  0   0 -0.1099 -0.0127  0.0000
  0   0 -0.1145 -0.0186  0.0000
  0   0 -0.1064 -0.0305  0.0000
  0   0 -0.0830 -0.0588  0.0000
  0   0 -0.0536 -0.0942  0.0000
  0   0 -0.0240 -0.1183  0.0000
  0   0 -0.0033 -0.1158  0.0000
  0   0  0.0019 -0.0813  0.0000
  0   0 -0.0094 -0.0190  0.0000
  0   0 -0.0342  0.0625  0.0000
  0   0 -0.0594  0.1438  0.0000
  0   0 -0.0735  0.2017  0.0000
  0   0 -0.0670  0.2193  0.0000
  0   0 -0.0423  0.1987  0.0000
  0   0 -0.0086  0.1524  0.0000
  0   0  0.0229  0.0908  0.0000
  0   0  0.0468  0.0217  0.0000
  0   0  0.0612 -0.0496  0.0000
  0   0  0.0673 -0.1185  0.0000
  0   0  0.0670 -0.1797  0.0000
  0   0  0.0613 -0.2296  0.0000
  0   0  0.0512 -0.2655  0.0000
  0   0  0.0400 -0.2850  0.0000
  0   0  0.0315 -0.2852  0.0000
  0   0  0.0285 -0.2623  0.0000
  0   0  0.0324 -0.2160  0.0000
  0   0  0.0434 -0.1538  0.0000
  0   0  0.0580 -0.0856  0.0000
  0   0  0.0730 -0.0167  0.0000
  0   0  0.0880  0.0508  0.0000
