VARIABLES= "X pix", "Y pix", "U pix/dt", "V pix/dt", "CHC", ZONE I=37, J=41
304  16 -0.1540 -0.0900 59.5809
336  16 -0.1211 -0.0802 18.9118
368  16 -0.0732 -0.0901 24.6753
400  16 -0.0915 -0.0600 88.5845
496  16 -0.0710 -0.0744 89.0435
528  16 -0.0526 -0.0711 39.0095
560  16 -0.0252 -0.0648 40.9600
592  16 -0.0016 -0.0534 50.5679
624  16  0.0208 -0.0276 54.6133
656  16  0.0158 -0.0401 46.5454
688  16 -0.0122  0.0010 273.0666
304  48 -0.0491  0.0460 52.5128
336  48 -0.0604  0.0659 29.4676
368  48 -0.0875  0.0571 110.7027
496  48 -0.0840  0.0709 71.8596
528  48 -0.0144  0.0722 27.3067
560  48 -0.0381  0.0413 40.5544
592  48 -0.0281  0.0139 369.0088
688  48 -0.0432  0.0190 227.5554
720  48 -0.0449  0.0281 29.2571
752  48 -0.0145  0.0268 35.0085
784  48  0.0060  0.0365 30.6381
816  48 -0.0358 -0.0010 107.7894
304  80 -0.0416 -0.0245 49.3494
336  80 -0.0134 -0.0519 30.7970
368  80 -0.0006 -0.0356 50.5679
400  80 -0.0100 -0.0313 47.0804
432  80 -0.0200 -0.0160 43.5745
464  80 -0.0549  0.0201 4095.9939
496  80 -0.0025  0.0316 71.8596
528  80  0.0296  0.0213 28.4444
560  80  0.0000 -0.0180 45.7554
592  80 -0.0105 -0.0101 52.2370
688  80 -0.0192  0.0717 341.3332
720  80 -0.0224  0.0450 80.3137
752  80 -0.0259  0.0597 75.8518
784  80  0.0000  0.0235 69.9141
816  80 -0.0209 -0.1044 85.5880
 16 144 -0.0441 -0.1095 28.6574
 48 144 -0.0604 -0.0361 27.6769
 80 144 -0.1379 -0.0360 62.3620
112 144 -0.1119 -0.0802 240.4438
144 144 -0.0982 -0.0481 205.2650
176 144 -0.0364 -0.0776 148.9494
208 144 -0.0923 -0.0109 98.5295
240 144 -0.0499 -0.0421 250.8415
272 144 -0.0492 -0.0193 30.1634
304 144 -0.0384 -0.0201 198.2817
336 144 -0.0288 -0.0148 98.2439
368 144 -0.0168  0.0326 131.3268
400 144 -0.0184 -0.0158 289.1918
432 144 -0.0513  0.0509 153.9485
464 144 -0.0472  0.0450 162.3225
496 144 -0.0258  0.0464 97.5155
528 144 -0.0682  0.0219 228.7957
560 144 -0.0889  0.0380 81.2092
592 144  0.0250  0.0480 202.0110
624 144 -0.0467  0.0204 121.6555
656 144 -0.0037  0.0006 104.1834
688 144 -0.0295  0.0080 103.2517
720 144 -0.0376  0.0085 123.3906
752 144 -0.0151 -0.0129 95.6213
784 144  0.0129  0.0054 45.7837
816 144 -0.0519 -0.0118 154.8214
848 144 -0.0333 -0.0014 177.0336
880 144 -0.0102 -0.0290 179.7976
912 144  0.0011  0.0202 130.3501
944 144 -0.0199  0.0013 143.4009
976 144 -0.0030  0.0117 83.8005
1008 144 -0.0834  0.0500 61.1090
1040 144 -0.0139  0.0339 28.6676
1072 144 -0.0138  0.0181 54.8661
1104 144 -0.0267  0.0331 32.0399
1136 144 -0.0320  0.0210 115.1052
1168 144 -0.0526  0.0667 59.9377
 16 176 -0.0601 -0.0611 145.2484
 48 176 -0.0844 -0.0075 32.8490
 80 176 -0.0893 -0.0333 95.7319
112 176 -0.0784 -0.1376 189.9455
144 176 -0.0721 -0.1004 185.4309
176 176 -0.0471 -0.0871 161.1292
208 176 -0.0465 -0.0209 51.6186
240 176 -0.0848 -0.0508 312.1076
272 176 -0.0272 -0.0334 172.5494
304 176 -0.0680 -0.0176 192.8948
336 176 -0.0456 -0.0101 199.8459
368 176 -0.0387  0.0130 156.2132
400 176 -0.0321  0.0390 165.2052
432 176 -0.0659  0.0116 144.0454
464 176 -0.0296  0.0437 160.5511
496 176 -0.0716  0.0437 184.2917
528 176 -0.0306  0.0356 235.1320
560 176 -0.1483  0.1524 144.7329
592 176  0.0139  0.0109 92.9320
624 176 -0.0154 -0.0016 252.4449
656 176 -0.0597  0.0324 152.0528
688 176 -0.0337 -0.0040 82.0630
720 176 -0.0361  0.0055 217.4012
752 176  0.0155 -0.0008 391.4199
784 176 -0.0079  0.0170 61.7458
816 176 -0.0135 -0.0102 252.2090
848 176 -0.0004 -0.0250 276.0307
880 176 -0.0104 -0.0125 86.7668
912 176 -0.0039  0.0102 147.3378
944 176 -0.0509  0.0288 95.8149
976 176  0.0177 -0.0054 134.9747
1008 176 -0.0376  0.0204 135.2561
1040 176  0.0068  0.0651 33.7807
1072 176 -0.0223  0.0177 189.4466
1104 176 -0.0246  0.0671 109.4528
1136 176 -0.0424  0.0861 85.7081
1168 176 -0.0221  0.0455 338.9871
 16 208 -0.1660 -0.0988 237.7075
 48 208 -0.0996 -0.1105 34.2972
 80 208 -0.1119 -0.1650 175.4091
112 208 -0.0895 -0.0968 84.2469
144 208 -0.1168 -0.1069 250.6509
176 208 -0.0561 -0.0464 216.5782
208 208 -0.1397 -0.0737 83.7679
240 208 -0.0961 -0.0538 137.6950
272 208 -0.0327 -0.0265 169.6971
304 208 -0.0268 -0.0233 192.4307
336 208 -0.0869 -0.0180 256.2945
368 208 -0.0359  0.0114 87.8324
400 208 -0.0367  0.0358 150.7161
432 208 -0.0274  0.0351 133.0726
464 208  0.0068  0.0581 189.8840
496 208 -0.0137  0.0369 221.8409
528 208 -0.0371  0.0133 267.8833
560 208 -0.0223  0.0357 94.0952
592 208 -0.0199  0.0072 50.8676
624 208 -0.0313  0.0182 101.7956
656 208 -0.0597  0.0379 96.7711
688 208 -0.0370  0.0489 105.5842
720 208 -0.0180  0.0059 169.6674
752 208 -0.0276  0.0011 200.7778
784 208 -0.0134  0.0013 154.2847
816 208 -0.0074 -0.0201 147.6843
848 208 -0.0006 -0.0228 188.0071
880 208  0.0019 -0.0257 270.0663
912 208 -0.0016  0.0119 158.4188
944 208 -0.0075  0.0224 81.4500
976 208 -0.0077  0.0229 172.6332
1008 208 -0.0168  0.0309 134.3526
1040 208 -0.0156  0.0048 97.6518
1072 208 -0.0387  0.0619 210.3496
1104 208 -0.0386  0.0866 135.5390
1136 208 -0.0287  0.0551 133.5987
1168 208 -0.0191  0.0456 23.8396
 16 240 -0.1321 -0.1412 78.3357
 48 240 -0.0435 -0.0429 45.8240
 80 240 -0.0600 -0.0963 263.4396
112 240 -0.1083 -0.1733 265.5125
144 240 -0.0853 -0.1097 241.6462
176 240 -0.1173 -0.1127 137.5588
208 240 -0.1003 -0.0341 45.2160
240 240 -0.0336 -0.0091 20.1076
272 240 -0.1337 -0.0585 139.3714
304 240 -0.0546 -0.0342 244.2622
336 240 -0.1075 -0.0285 110.7744
368 240 -0.0320  0.0139 109.2823
400 240 -0.0088  0.0194 233.7888
432 240 -0.0248  0.0284 55.2981
464 240 -0.0212  0.0311 225.9655
496 240 -0.0138  0.0360 210.1780
528 240 -0.0556  0.0458 159.1917
560 240 -0.0256  0.0650 162.7364
592 240 -0.0197  0.0506 168.1080
624 240 -0.0274  0.0283 113.8951
656 240  0.0230  0.0270 166.3259
688 240 -0.0302 -0.0020 183.0274
720 240  0.0042 -0.0234 138.4278
752 240  0.0062 -0.0174 181.0235
784 240 -0.0279 -0.0128 111.7856
816 240 -0.0095 -0.0240 135.9836
848 240  0.0010 -0.0286 152.1629
880 240  0.0052  0.0059 99.0822
912 240  0.0149 -0.0199 110.8929
944 240  0.0049 -0.0044 78.8527
976 240 -0.0604  0.1527 104.4286
1008 240 -0.0066  0.0035 137.9730
1040 240 -0.0173  0.0261 119.9650
1072 240  0.0135  0.0037 208.3615
1104 240 -0.0533  0.0444 100.3898
1136 240 -0.0438  0.0520 231.1566
1168 240 -0.0578  0.0829 69.8543
 16 272 -0.2281 -0.1436 251.4144
 48 272 -0.1474 -0.1324 142.6035
 80 272 -0.0807 -0.3199 153.0197
112 272 -0.0908 -0.1207 264.9607
144 272 -0.1252 -0.2876 140.1711
176 272 -0.0652 -0.1095 164.3855
208 272 -0.0992 -0.1754 205.6777
240 272 -0.0572 -0.0576 215.5532
272 272 -0.1109 -0.0852 154.9674
304 272 -0.0536 -0.0442 170.6492
336 272 -0.1074 -0.0307 99.0557
368 272 -0.0598 -0.0053 103.6420
400 272 -0.0295  0.0040 91.8360
432 272 -0.0253  0.0040 119.4307
464 272 -0.0325  0.0272 169.8129
496 272 -0.0227  0.0251 174.0287
528 272 -0.0340  0.0418 134.2827
560 272 -0.0386 -0.0066 50.1304
592 272 -0.0619  0.0392 113.9198
624 272 -0.0529  0.0272 102.3268
656 272 -0.0077 -0.0088 151.1520
688 272 -0.0036 -0.0126 116.0059
720 272 -0.0226 -0.0222 132.1044
752 272 -0.0073 -0.0079 139.8925
784 272  0.0122 -0.0318 156.2314
816 272  0.0697 -0.0193 220.7709
848 272  0.0074 -0.0367 96.6457
880 272  0.0069 -0.0165 81.5398
912 272  0.0147 -0.0123 71.9130
944 272 -0.0044  0.0006 254.8270
976 272  0.0194  0.0108 174.3816
1008 272 -0.0165  0.0049 119.1481
1040 272 -0.0278  0.0196 91.9497
1072 272 -0.0076  0.0551 135.4891
1104 272 -0.0362  0.0458 209.9365
1136 272 -0.0319  0.0618 66.1036
1168 272 -0.0671  0.0538 59.8409
 16 304 -0.2552 -0.1786 286.5695
 48 304 -0.2935 -0.2258 221.7530
 80 304 -0.2124 -0.1903 131.0060
112 304 -0.1908 -0.2119 234.2928
144 304 -0.2593 -0.0428 212.2384
176 304 -0.1339 -0.2163 113.2882
208 304 -0.0258 -0.0646 31.0035
240 304 -0.2378 -0.0241 94.6567
272 304 -0.1295 -0.0984 89.2333
304 304 -0.0287 -0.0369 292.6601
336 304 -0.0751 -0.0361 150.8317
368 304 -0.0745 -0.0230 196.8485
400 304 -0.0490 -0.0015 62.2278
432 304 -0.0386  0.0005 126.0906
464 304 -0.0409  0.0254 342.3195
496 304 -0.0461  0.0386 136.5057
528 304 -0.0475  0.0558 53.8602
560 304 -0.0147  0.0077 424.8636
592 304 -0.0250  0.0189 122.7645
624 304 -0.0327  0.0141 114.9448
656 304 -0.0168  0.0107 129.8405
688 304 -0.0370 -0.0620 62.2006
720 304  0.1020 -0.0758 130.5651
752 304  0.0373 -0.0378 102.8977
784 304 -0.0016 -0.0137 188.9613
816 304  0.0085 -0.0641 154.4462
848 304  0.0365 -0.0393 91.4986
880 304 -0.0062 -0.0163 211.7617
912 304  0.0313 -0.0506 122.5900
944 304  0.0199 -0.0247 230.8734
976 304  0.0415 -0.0763 120.0965
1008 304 -0.0063 -0.0057 67.7670
1040 304 -0.0150  0.0181 98.8742
1072 304  0.0126  0.0247 174.7039
1104 304 -0.0654  0.0700 98.3351
1136 304 -0.0425  0.0441 126.6718
1168 304 -0.0398  0.0368 85.6283
 16 336 -0.1639 -0.1760 38.7719
 48 336 -0.3342 -0.1487 99.6619
 80 336 -0.6204 -0.2336 49.8655
112 336 -0.1607 -0.1793 128.1959
144 336 -0.1674 -0.0728 65.9226
176 336 -0.1101 -0.1362 173.8944
208 336 -0.2554 -0.1582 250.1735
240 336 -0.0747 -0.0989 234.5715
272 336 -0.0154 -0.0472 289.9276
304 336 -0.1126 -0.0550 212.6809
336 336 -0.1119 -0.0516 146.0333
368 336 -0.0621 -0.0343 133.3273
400 336 -0.0537 -0.0109 109.2747
432 336 -0.0557 -0.0072 196.2836
464 336 -0.0605  0.0115 201.8083
496 336 -0.0684  0.0298 161.1086
528 336 -0.0488  0.0315 77.9248
560 336 -0.0282  0.0214 208.5960
592 336  0.0105 -0.0143 51.1087
624 336  0.0007 -0.0151 120.3316
656 336 -0.0227 -0.0168 68.7018
688 336  0.0184 -0.0067 177.6704
720 336 -0.0353 -0.0443 255.8071
752 336  0.0122 -0.0332 111.3584
784 336  0.0038 -0.0337 119.5344
816 336  0.0202 -0.0889 97.1421
848 336  0.0207 -0.0281 115.3562
880 336  0.0530 -0.0557 147.4564
912 336  0.0420 -0.0537 140.0044
944 336  0.0043 -0.0114 197.5316
976 336  0.0063 -0.0277 123.5904
1008 336  0.0019  0.0109 81.6771
1040 336 -0.0101  0.0003 80.3759
1072 336 -0.0317  0.0302 135.6366
1104 336 -0.0142 -0.0320 138.2984
1136 336 -0.0485  0.0639 182.1249
1168 336 -0.0333  0.0965 116.4319
 16 368 -0.1819 -0.1246 40.7170
 48 368 -0.2815 -0.2760 197.3478
 80 368 -0.5019 -0.3875 66.4829
112 368 -0.4093 -0.1806 71.6386
144 368 -0.0871 -0.1455 332.0437
176 368 -0.4028 -0.1038 116.9151
208 368 -0.1380 -0.1723 54.9491
240 368 -0.2239 -0.2501 177.3032
272 368 -0.1221 -0.0958 36.1381
304 368 -0.1406 -0.0761 280.7264
336 368 -0.0993 -0.1103 224.0072
368 368 -0.1126 -0.0517 141.6390
400 368 -0.0664 -0.0054 65.8566
432 368 -0.0362  0.0093 67.0989
464 368 -0.0378 -0.0168 120.5754
496 368 -0.0671  0.0051 115.2014
528 368 -0.0655  0.0234 195.3482
560 368 -0.0396  0.0269 177.9908
592 368 -0.0430  0.0145 187.8465
624 368 -0.0233 -0.0212 132.0580
656 368 -0.0470 -0.0014 38.7506
688 368 -0.0340  0.0327 87.3749
720 368 -0.0068 -0.0450 132.7771
752 368  0.0411 -0.0425 172.7451
784 368 -0.0209 -0.0681 353.5202
816 368  0.0309 -0.0870 160.0271
848 368  0.0383 -0.1122 101.7952
880 368  0.0206 -0.0825 169.0305
912 368 -0.0062 -0.0245 177.7648
944 368  0.0238 -0.0277 188.8064
976 368 -0.0055 -0.0324 28.4932
1008 368 -0.0124 -0.0295 264.1117
1040 368  0.0023  0.0079 191.6537
1072 368 -0.0112  0.0144 99.5751
1104 368 -0.0540  0.0547 90.1512
1136 368 -0.0749 -0.0689 102.2835
1168 368 -0.1498 -0.1424 165.3521
 16 400 -0.2844 -0.0759 97.6690
 48 400 -0.4321 -0.1254 52.1104
 80 400 -0.3667 -0.3245 230.8432
112 400 -0.4443 -0.2731 177.0651
144 400 -0.2183 -0.4297 225.3675
176 400 -0.5024 -0.1463 111.3242
208 400 -0.2562 -0.0456 18.8854
240 400 -0.1432 -0.3673 186.1699
272 400 -0.0648 -0.1371 60.9439
304 400 -0.0885 -0.1026 150.7848
336 400 -0.1330 -0.0058 127.8271
368 400 -0.1308 -0.0578 255.1523
400 400 -0.0793 -0.0272 100.8246
432 400 -0.0587  0.0056 183.0891
464 400 -0.0374 -0.0119 169.6707
496 400 -0.0630  0.0239 126.0219
528 400 -0.0525  0.0153 224.3931
560 400 -0.0381  0.0066 94.7243
592 400 -0.0278 -0.0102 165.5911
624 400 -0.0044  0.0192 138.8827
656 400 -0.0053 -0.0081 165.3564
688 400 -0.0562 -0.0020 97.6166
720 400 -0.0095 -0.0797 157.5041
752 400 -0.0109 -0.1060 68.6198
784 400  0.0131 -0.1185 112.2974
816 400  0.0005 -0.0806 164.0232
848 400  0.0141 -0.1139 127.4917
880 400  0.0146 -0.0633 100.9726
912 400  0.0080 -0.0880 139.0716
944 400  0.0553 -0.0890 121.4735
976 400 -0.0046 -0.0325 104.3808
1008 400 -0.0129  0.0418 81.5341
1040 400  0.0153  0.0191 236.8658
1072 400 -0.0527  0.0700 196.9585
1104 400 -0.0345  0.0528 123.6394
1136 400 -0.0483  0.0649 264.5941
1168 400 -0.0288  0.0611 46.9839
 16 432 -0.6698 -0.2728 117.0919
 48 432 -0.2635 -0.3040 135.1852
 80 432 -0.1595 -0.3751 81.3395
112 432 -0.1832 -0.5200 54.3195
144 432 -0.1371 -0.5644 165.1238
176 432 -0.6635 -0.2502 115.1906
208 432 -0.3856 -0.1620 230.3035
240 432 -0.4218 -0.3548 152.0215
272 432 -0.1663 -0.0493 197.8890
304 432 -0.1153 -0.1802 127.5860
336 432 -0.1198 -0.0649 366.2138
368 432 -0.1141 -0.0830 110.5275
400 432 -0.0596 -0.0182 185.0341
432 432 -0.0339 -0.0256 202.5804
464 432 -0.0771 -0.0219 58.5667
496 432 -0.0685 -0.0024 33.6841
528 432 -0.0619 -0.0557 94.3259
560 432 -0.0364  0.0007 142.4649
592 432 -0.0277  0.0043 121.5457
624 432 -0.0181 -0.0105 94.4482
656 432 -0.0500 -0.0689 62.0535
688 432 -0.0119 -0.0306 186.2458
720 432  0.0226 -0.0498 155.6149
752 432 -0.0618 -0.0896 117.2085
784 432  0.0300 -0.0949 141.0668
816 432  0.0311 -0.0459 134.2063
848 432  0.0559 -0.1440 197.9537
880 432  0.0285 -0.0641 84.3183
912 432  0.0400 -0.0419 103.7933
944 432  0.0087 -0.0540 31.2099
976 432  0.0470 -0.0023 102.5875
1008 432 -0.0052 -0.0387 96.4613
1040 432 -0.0102  0.0122 180.5110
1072 432 -0.0011  0.0287 38.7172
1104 432 -0.0142  0.0381 100.9357
1136 432 -0.0211  0.1505 110.8729
1168 432 -0.0149  0.0151 86.2796
 16 464 -0.2189 -0.1214 20.0712
 48 464 -1.0120 -0.2646 67.0713
 80 464 -0.6027 -0.6300 67.8485
112 464 -0.3350 -0.4067 91.1549
144 464 -0.6696 -0.4004 145.2228
176 464 -0.3006 -0.5512 223.5952
208 464 -0.1904 -0.4570 223.5815
240 464 -0.3173 -0.5491 114.5922
272 464 -0.1329 -0.3714 93.9700
304 464 -0.1588 -0.1336 125.0553
336 464 -0.1134 -0.1101 161.7072
368 464 -0.1220 -0.1011 125.7998
400 464 -0.1898 -0.0924 124.9299
432 464 -0.0361 -0.0160 72.7425
464 464 -0.1742 -0.0344 175.0859
496 464 -0.0549 -0.0243 50.9711
528 464 -0.0163 -0.0117 165.2813
560 464 -0.0378 -0.0198 134.4484
592 464 -0.0294  0.0016 247.0123
624 464 -0.0434  0.0012 112.6257
656 464 -0.0136 -0.0419 195.3866
688 464 -0.0081 -0.0380 129.4148
720 464 -0.0162 -0.1319 83.8136
752 464 -0.0257 -0.0975 114.3242
784 464 -0.0102 -0.1119 81.0806
816 464  0.0256 -0.1819 77.6452
848 464  0.0385 -0.1466 50.9141
880 464  0.0310 -0.1452 101.5377
912 464  0.0382 -0.1363 162.9366
944 464  0.0061 -0.0482 45.8531
976 464  0.0404 -0.0102 183.6766
1008 464  0.0238 -0.0411 73.6069
1040 464 -0.0158  0.0504 178.6960
1072 464 -0.0107  0.0269 152.1342
1104 464 -0.0173  0.0534 62.5521
1136 464 -0.0718  0.0815 81.2974
1168 464 -0.0645  0.1118 90.7400
 16 496 -0.7990 -0.2504 148.1799
 48 496 -0.6706 -0.3622 27.5962
 80 496 -0.8612 -0.9071 85.2102
112 496 -0.5145 -0.3352 180.4587
144 496 -0.7259 -0.5959 114.6822
176 496 -0.2268 -0.6002 65.0749
208 496 -0.2466 -0.4819 58.7330
240 496 -0.4729 -0.2312 75.4652
272 496 -0.4369 -0.3134 100.6895
304 496 -0.3606 -0.2601 112.5883
336 496 -0.0579 -0.0934 14.0662
368 496 -0.1438 -0.1488 195.2314
400 496 -0.0886 -0.0376 188.9995
432 496 -0.1580 -0.1643 130.2866
464 496 -0.0398 -0.0529 116.6071
496 496 -0.0755 -0.0879 130.5872
528 496 -0.0509 -0.0485 195.2138
560 496 -0.0111 -0.0154 120.5796
592 496 -0.0205 -0.0404 120.7688
624 496 -0.0270 -0.0329 83.6909
656 496  0.0124 -0.0360 136.9818
688 496 -0.0202 -0.0755 83.8661
720 496 -0.0247  0.0004 202.2189
752 496 -0.0231 -0.1774 129.7821
784 496 -0.0236 -0.1173 56.7586
816 496  0.0201 -0.1698 50.6649
848 496  0.0060 -0.1627 64.4968
880 496  0.0346 -0.1660 116.8235
912 496  0.0354 -0.1112 38.7892
944 496  0.0532 -0.1717 248.2216
976 496  0.0018 -0.0655 63.1222
1008 496  0.0096 -0.0296 151.8576
1040 496 -0.0438  0.0494 95.0434
1072 496 -0.0549  0.0415 70.6385
1104 496 -0.0551  0.0775 94.3649
1136 496 -0.0455  0.1118 113.5266
1168 496 -0.0738  0.0631 30.2551
 16 528 -0.8419 -0.1624 50.2357
 48 528 -0.9367 -1.2568 116.0335
 80 528 -0.3243 -0.1721 174.2310
112 528 -0.6853 -0.2588 72.6107
144 528 -0.6526 -0.5884 31.0190
176 528 -0.7775 -0.6015 53.3135
208 528 -0.0497 -0.3191 130.9730
240 528 -0.4174 -0.6351 100.7924
272 528 -0.3426 -0.3715 116.8685
304 528 -0.2976 -0.6625 347.8741
336 528 -0.3569 -0.1475 265.8407
368 528 -0.3191 -0.1784 93.3056
400 528 -0.1368 -0.1231 26.2427
432 528 -0.1136 -0.1060 77.9498
464 528 -0.0944 -0.1052 135.7164
496 528 -0.0968 -0.0438 150.5555
528 528 -0.0713 -0.0402 68.3829
560 528  0.0121 -0.0692 175.2061
592 528  0.0220  0.0297 251.5814
624 528  0.0028 -0.0388 119.9269
656 528 -0.0120 -0.0487 99.0430
688 528 -0.0253 -0.0769 59.1550
720 528 -0.0055 -0.0351 31.3666
752 528 -0.0034 -0.1828 145.3530
784 528  0.0268 -0.1504 219.9924
816 528  0.0884 -0.1348 183.9989
848 528  0.0477 -0.1272 35.3119
880 528  0.0576 -0.1865 105.5578
912 528  0.0189 -0.0863 99.8685
944 528  0.0124 -0.0937 197.7033
976 528 -0.0132 -0.0257 142.3049
1008 528 -0.0417 -0.0054 114.6653
1040 528 -0.0495  0.0320 77.1645
1072 528 -0.0427  0.0298 46.3677
1104 528 -0.0725  0.0872 110.7626
1136 528 -0.1143  0.1021 157.6303
1168 528 -0.0866  0.1082 60.0880
 16 560 -0.8220 -0.3227 41.4337
 48 560 -0.7789 -0.3643 153.4059
 80 560 -0.5658 -0.4133 174.7817
112 560 -0.4560 -0.8431 233.5248
144 560 -1.2715 -0.6422 85.7381
176 560 -1.3523 -0.7351 164.5517
208 560 -0.2684 -0.1352 11.6074
240 560 -0.8426 -0.9047 99.0556
272 560 -0.8175 -0.5358 58.3667
304 560 -0.4968 -0.3174 60.7813
336 560 -0.2982 -0.2064 54.0240
368 560 -0.2876 -0.0611 185.4884
400 560 -0.1237 -0.0949 26.9163
432 560 -0.3145 -0.2243 249.3198
464 560 -0.1936 -0.2452 98.3922
496 560 -0.0323 -0.1020 291.4389
528 560  0.0082 -0.2219 266.5255
560 560 -0.0040 -0.0954 99.8712
592 560 -0.0000 -0.0819 122.6534
624 560  0.0038 -0.0404 90.6678
656 560 -0.0445 -0.0361 155.6686
688 560 -0.0235 -0.0643 39.2676
720 560 -0.0777 -0.2199 103.2305
752 560 -0.0306 -0.2233 167.7288
784 560  0.0129 -0.2778 130.2923
816 560  0.0099 -0.4178 149.1276
848 560  0.0096 -0.1712 86.1244
880 560  0.0038 -0.2343 81.8289
912 560  0.0057 -0.1289 299.3773
944 560  0.0054 -0.0341 80.3315
976 560  0.0104 -0.0192 64.2242
1008 560 -0.0263 -0.0129 136.2602
1040 560 -0.0636  0.0786 231.8154
1072 560 -0.0643  0.0708 59.5304
1104 560 -0.0765  0.0990 72.2869
1136 560 -0.1128  0.1581 108.0855
1168 560 -0.1142  0.0973 154.3850
 16 592 -0.3249 -0.1498 77.4635
 48 592 -0.3231 -0.1974 93.2541
 80 592 -0.7994 -0.5736 102.8931
112 592 -0.9710 -0.7364 16.7689
144 592 -0.9749 -0.5273 38.5235
176 592 -0.9029 -0.2001 48.4942
208 592 -0.2981 -0.2443 13.7606
240 592 -0.4572 -0.2942 64.7779
272 592 -0.7319 -0.5897 144.2342
304 592 -0.3323 -0.2794 22.9238
336 592 -0.5495 -0.3144 94.7502
368 592 -0.1525 -0.3779 48.6335
400 592 -0.1944 -0.2191 288.7881
432 592 -0.1780 -0.1969 140.4320
464 592 -0.1536 -0.1654 117.9349
496 592  0.0006 -0.2211 326.5492
528 592 -0.0013 -0.2497 246.6027
560 592  0.0635 -0.0941 175.8692
592 592  0.0516 -0.0388 75.6765
624 592  0.0230 -0.0053 65.6034
656 592 -0.0632 -0.0023 220.5723
688 592 -0.0971 -0.0511 146.4239
720 592 -0.0284 -0.1160 41.8263
752 592 -0.0217 -0.2752 112.7715
784 592  0.0520 -0.3615 200.2017
816 592  0.0665 -0.2464 115.8090
848 592  0.0095 -0.2630 78.2013
880 592 -0.0389 -0.2035 164.5559
912 592  0.0107 -0.1511 230.8370
944 592 -0.0193 -0.0567 42.5615
976 592 -0.0648  0.0172 198.7846
1008 592 -0.0506  0.0283 73.0620
1040 592 -0.1088  0.0514 203.8236
1072 592 -0.0799  0.0834 244.1443
1104 592 -0.1007  0.1657 76.0491
1136 592 -0.1591  0.1246 152.4172
1168 592 -0.0799  0.1364 34.9617
 16 624 -0.0624 -0.0365 33.3792
 48 624 -0.2823 -0.3989 131.6725
 80 624 -0.5349 -0.4640 102.4847
112 624 -1.3566 -0.7128 17.4421
144 624 -1.3030 -0.6885 143.5206
176 624 -0.9438 -0.8463 126.2127
208 624 -0.9930 -1.0323 87.4166
240 624 -0.8747 -0.7559 23.4486
272 624 -1.1811 -0.7734 41.8889
304 624 -1.3135 -0.7039 199.5101
336 624 -0.6815 -0.7512 83.3063
368 624 -0.3404 -0.4123 89.3006
400 624 -0.3414 -0.3810 159.5699
432 624 -0.2953 -0.5632 150.2983
464 624 -0.0956 -0.3962 102.6947
496 624  0.1183 -0.3061 173.3967
528 624  0.3351 -0.4482 113.5036
560 624  0.2592 -0.0730 136.9243
592 624  0.2050  0.0350 110.5346
624 624 -0.0070  0.2383 183.0723
656 624 -0.0960  0.1637 76.6786
688 624 -0.1390  0.0695 75.0618
720 624 -0.1135 -0.0061 68.7265
752 624 -0.0275 -0.1919 24.9794
784 624  0.0737 -0.0750 142.5578
816 624  0.0539  0.0581 192.0113
848 624 -0.0072 -0.0000 117.2944
880 624 -0.0654 -0.0185 116.3871
912 624 -0.1725  0.0451 106.0757
944 624 -0.0777 -0.0122 70.6285
976 624 -0.0875  0.0486 97.1752
1008 624 -0.0811  0.0637 162.3980
1040 624 -0.0591  0.0752 94.7507
1072 624 -0.1381  0.1432 119.7758
1104 624 -0.1586  0.1384 87.5351
1136 624 -0.2013  0.1184 150.1842
1168 624 -0.1960  0.0618 61.5078
 16 656 -0.1521 -0.3154 30.9298
 48 656 -0.3707 -0.1925 60.6249
 80 656 -0.7769 -0.9189 83.0983
112 656 -0.4186 -0.1891 209.6104
144 656 -1.0610 -0.6763 51.2096
176 656 -0.9821 -0.6268 229.0281
208 656 -0.8420 -0.7651 221.2793
240 656 -1.2319 -0.7608 112.9716
272 656 -0.8253 -0.8025 106.7055
304 656 -1.0544 -0.7180 219.8100
336 656 -0.9414 -0.7692 153.4571
368 656 -0.4364 -0.5381 142.0779
400 656 -0.3870 -0.6556 88.3648
432 656 -0.0967 -0.5547 200.0569
464 656  0.1543 -0.7007 87.3281
496 656  0.4880 -0.8959 78.9435
528 656  0.6527 -0.5584 95.8449
560 656  0.5760 -0.0740 101.7740
592 656  0.3499  0.1538 68.4466
624 656  0.0349  0.3386 225.8965
656 656 -0.1329  0.5851 88.0931
688 656 -0.1876  0.5406 85.7821
720 656 -0.3685  0.3283 72.1295
752 656 -0.1115  0.0295 101.6058
784 656  0.2520  0.3356 103.0281
816 656  0.1458  0.5373 86.3218
848 656 -0.0488  0.0423 118.9555
880 656 -0.0258  0.0399 161.1452
912 656 -0.2365  0.1772 82.5332
944 656 -0.1673  0.1386 90.4998
976 656 -0.1697  0.0459 118.6726
1008 656 -0.1417  0.1701 124.4390
1040 656 -0.1918  0.1176 50.6563
1072 656 -0.0693  0.0593 24.1088
1104 656 -0.1553  0.1707 218.0270
1136 656 -0.2457  0.1926 62.3133
1168 656 -0.2134  0.1768 49.3889
 16 688 -0.0473 -0.0412 22.8074
 48 688 -0.1410 -0.1208 188.0995
 80 688 -0.2447 -0.0872 86.8178
112 688 -0.3802 -0.1721 46.8113
144 688 -0.3920 -0.2371 28.2642
176 688 -0.6902 -0.8957 118.0475
208 688 -0.9839 -0.8246 126.1651
240 688 -0.8731 -0.9611 74.0518
272 688 -0.8707 -0.5894 26.9241
304 688 -1.1209 -0.7734 179.0470
336 688 -0.5965 -0.7854 78.0191
368 688 -0.6206 -0.9886 68.8677
400 688 -0.3064 -0.7240 99.7736
432 688  0.0219 -1.0821 35.4028
464 688  0.3900 -1.0110 153.5592
496 688  1.1222 -1.2493 46.2677
528 688  1.8174 -0.8604 83.1598
560 688  1.3961  0.2613 43.3205
592 688  0.9562  0.8371 89.6275
624 688  0.2440  0.8917 54.9188
656 688 -0.0457  1.4247 44.7756
688 688  0.2523  1.0947 11.6753
720 688  0.1738  0.5760 19.2991
752 688  0.0777  0.3190 11.5573
784 688  0.0848  0.2323 21.7435
816 688 -0.1692  0.2008 11.1444
848 688 -0.1582  0.8841 18.4198
880 688 -0.2051  1.1099 84.1909
912 688 -0.3672  0.4854 55.6931
944 688 -0.2567  0.3110 90.3881
976 688 -0.3406  0.1453 98.8850
1008 688 -0.1991  0.1922 26.3235
1040 688 -0.1173  0.3085 95.4472
1072 688 -0.1684  0.1086 65.3236
1104 688 -0.2466  0.1901 134.7289
1136 688 -0.2311  0.2012 190.4315
1168 688 -0.2226  0.1682 196.0996
 16 720 -0.0305 -0.0466 22.7988
 48 720 -0.1132 -0.0886 68.3331
 80 720 -0.1577 -0.0479 32.3377
112 720 -0.7623 -0.4075 182.2773
144 720 -0.2227 -0.5695 150.0546
176 720 -0.2587 -0.4390 129.4081
208 720 -0.2762 -0.2488 39.2390
240 720 -0.5803 -0.3224 96.8490
272 720 -1.0033 -0.5571 45.8364
304 720 -0.9685 -1.0007 114.6989
336 720 -1.0675 -1.2820 159.2287
368 720 -0.2660 -0.8965 83.0276
400 720 -0.3549 -1.0151 130.3101
432 720 -0.0725 -1.6635 156.7336
464 720  0.1677 -1.2506 46.4938
496 720 -0.3029 -0.2305 19.2233
528 720 -0.2102  0.4085 12.7133
560 720 -0.0864  0.2797 25.8372
592 720  1.3649  1.2656 126.5752
624 720  0.1357  1.1520 15.1844
656 720  0.1582  1.6425 24.8675
688 720  0.4480  0.3301 10.0037
720 720  0.3384 -1.1601 12.6153
752 720  0.7608 -0.0037 15.4909
784 720 -0.0164 -0.1710 16.7324
816 720 -0.1481  0.1257 11.7230
848 720 -0.2875  0.2039  9.7009
880 720 -0.3149  0.1751 13.8843
912 720 -0.4855  0.4768  9.7344
944 720 -1.0165  0.9835 60.1174
976 720 -0.5747  0.5514 112.3153
1008 720 -0.4647  0.5963 103.6165
1040 720 -0.2983  0.0696 34.5371
1072 720 -0.2087  0.1049 257.2048
1104 720 -0.0578  0.0810 55.1111
1136 720 -0.2150  0.1195 176.8475
1168 720 -0.1322  0.1848 158.3400
 16 752 -0.0644 -0.1031 41.6111
 48 752 -0.0679 -0.0750 37.3147
 80 752 -0.1041 -0.0830 169.3343
112 752 -0.2555 -0.1170 226.6306
144 752 -0.1198 -0.4780 107.8350
176 752 -0.3398 -0.2593 196.8577
208 752 -0.8299 -0.7855 104.9379
240 752 -0.7782 -1.0126 132.5603
272 752 -1.1298 -0.7781 292.7601
304 752 -0.6954 -0.6589 126.7544
336 752 -0.2181 -0.2692 29.5983
368 752 -0.2762 -0.3768 52.6177
400 752 -0.1581 -0.9186 23.3364
432 752 -0.1265 -1.7866 30.7988
464 752  0.0742 -1.7863 20.5931
496 752  0.1851 -0.5907 10.9428
528 752  0.0728 -0.4375  6.9181
560 752 -0.1007 -0.3789 18.2888
592 752  0.4685  1.2112 148.0599
624 752  0.6313  1.8685 15.0709
656 752  0.3316  1.4868 100.4188
688 752  0.2296 -0.0226 12.5119
720 752  0.5980 -0.6938 14.3915
752 752  0.2087 -2.0248 12.0149
784 752 -0.1452 -0.5243 24.6080
816 752  0.0079  0.0161 17.5844
848 752  0.1056 -0.0204  9.3268
880 752 -0.0119  0.1023 11.4309
912 752  0.1866  0.4955 10.5029
944 752 -0.0979  0.2403 11.6520
976 752 -0.5757  0.2601 12.8404
1008 752 -0.8154  0.3667 83.6305
1040 752 -0.4078  0.2863 72.2944
1072 752 -0.2352  0.3123 54.4646
1104 752 -0.2956  0.1997 67.6210
1136 752 -0.1304  0.2051 121.7904
1168 752 -0.2058  0.1505 116.0854
 16 784 -0.0917 -0.0227 49.5460
 48 784 -0.0431 -0.0282 57.1445
 80 784 -0.0309 -0.0707 116.6601
112 784 -0.0740 -0.1270 269.2570
144 784 -0.1628 -0.2097 196.9680
176 784 -0.0592 -0.2569 91.6803
208 784 -0.1302 -0.1183 66.1373
240 784 -0.6305 -1.0633 215.9115
272 784 -0.7178 -0.8130 67.1922
304 784 -0.6032 -0.9627 105.3091
336 784 -0.8997 -1.1793 190.0572
368 784 -0.3113 -1.0271 24.0717
400 784 -0.3272 -1.3532 52.8784
432 784 -0.7270 -1.0609  8.6795
464 784 -0.4779 -0.3015 20.2677
496 784 -0.4322  0.0106  8.9698
528 784 -0.2256  0.1566 45.8290
560 784 -0.1927 -0.2457 172.1515
592 784  0.0515  1.0228 119.8830
624 784  0.1912  1.0035 95.2904
656 784  0.3899  0.3334 141.0108
688 784  0.0957 -0.0046 13.9722
720 784  0.3590 -0.7156 14.7381
752 784  0.1082 -0.3267 15.0368
784 784  0.0592 -0.4372 19.3792
816 784  0.1070 -0.1219  8.4826
848 784 -0.2341 -0.5887 14.9201
880 784  0.4165  0.1307 10.1880
912 784  0.0200  0.1753 13.3793
944 784 -0.0243  0.0196 14.4619
976 784 -0.0712  0.0855 10.8527
1008 784 -0.9269  0.2004 44.4554
1040 784 -0.5684  0.3863 96.5921
1072 784 -0.3669  0.1476 95.3312
1104 784 -0.3940  0.2026 77.9884
1136 784 -0.3796  0.1252 99.4091
1168 784 -0.2453  0.1432 94.6553
 16 816 -0.0075 -0.0084 27.4675
 48 816 -0.0204 -0.0230 91.6351
 80 816 -0.0284 -0.0206 40.1695
112 816 -0.0476 -0.1097 296.3362
144 816 -0.0887 -0.1052 184.1014
176 816 -0.4079 -0.1718 40.4587
208 816 -0.1757 -0.5298 56.6026
240 816 -0.4334 -0.3178 30.1769
272 816 -0.4774 -0.3962 54.6907
304 816 -0.2694 -0.4852 22.8343
336 816 -0.4021 -0.7414 122.0356
368 816 -0.3350 -1.2346 70.0299
400 816 -0.2055 -0.5788 14.6666
432 816 -0.1831  0.0623  8.6738
464 816 -0.2046 -0.2578 12.8020
496 816 -0.4041  0.0187  8.9480
528 816 -0.2859  0.1935 31.1883
560 816 -0.9576 -0.7441 36.4088
592 816 -0.5045 -0.0466 68.2335
624 816 -0.4181  0.0594 86.0663
656 816  0.3720  0.1330 153.7767
688 816  0.1469 -0.1070 22.3274
720 816  0.2863 -0.1320 10.1220
752 816 -0.0619 -0.1123 11.5080
784 816 -0.0704 -0.1733 13.4608
816 816  0.0746 -0.0364 11.0553
848 816  0.0964 -0.0157  8.8676
880 816  0.0539  0.0769 11.7861
912 816 -0.0493  0.0055 11.4817
944 816 -0.0616  0.0399 10.3938
976 816 -1.1286  0.0793 16.7890
1008 816 -1.0196 -0.0908 14.7840
1040 816 -0.6570  0.0913 29.4123
1072 816 -0.5014  0.2215 60.1178
1104 816 -0.4130  0.1632 109.1723
1136 816 -0.1719  0.1324 101.1521
1168 816 -0.2795  0.0770 119.5529
 16 848 -0.0005  0.0015 60.4128
 48 848 -0.0065 -0.0252 102.0198
 80 848 -0.0035 -0.0570 123.5582
112 848 -0.0072 -0.0967 288.9047
144 848 -0.1046 -0.0538 238.7820
176 848 -0.0813 -0.1160 307.1445
208 848 -0.2181 -0.1399 103.2085
240 848 -0.3561 -0.5171 102.6210
272 848 -0.9501 -0.7536 61.4382
304 848 -1.0167 -0.7817 56.5228
336 848 -0.5971 -1.2109 26.3236
368 848  0.1048 -0.1738 13.7050
400 848  0.2666 -0.2522  9.6550
432 848 -0.0265  0.0211 13.5543
464 848 -0.2029 -0.0387 11.8368
496 848 -0.2376 -0.0838  6.9212
528 848 -0.0849  0.0237 22.0204
560 848 -0.4738 -0.1794 47.4874
592 848  0.0493 -0.0842 44.5064
624 848 -0.2013 -0.2243 155.0529
656 848  0.1367 -0.1299 21.5385
688 848  0.1535  0.0124 12.8126
720 848  0.0261 -0.0124 11.6339
752 848 -0.0192 -0.0795  8.7897
784 848  0.0152 -0.3588 10.8180
816 848  0.0290 -0.5192 15.7616
848 848  0.1439 -0.1868 10.0264
880 848 -0.0466  0.0017  9.8156
912 848  0.0161  0.0786 10.2392
944 848 -0.0843  0.0059 11.5934
976 848 -0.1935 -0.1836 13.1021
1008 848 -0.0704 -2.3023  9.3501
1040 848 -0.1635 -2.2426 10.8086
1072 848 -0.8691  0.5516 43.6037
1104 848 -0.3712  0.1640 121.3462
1136 848 -0.2372  0.2213 48.7903
1168 848 -0.2450 -0.0106 35.0373
 16 880  0.0221 -0.0058 18.1890
 48 880 -0.0078 -0.0014 71.5932
 80 880 -0.0080 -0.0206 173.7452
112 880 -0.0438 -0.0151 283.9534
144 880 -0.0468 -0.0322 109.2632
176 880 -0.1132 -0.0405 106.8771
208 880 -0.2894 -0.1992 40.0954
240 880 -0.3742 -0.1450 38.0707
272 880 -0.9695 -0.2945 50.4620
304 880 -1.0901 -0.3540 38.8801
336 880 -1.0489 -1.0896 20.0454
368 880 -0.0533 -1.4090 12.7621
400 880 -0.0506 -0.6549 12.7927
432 880  0.0321 -0.0886 16.6885
464 880 -0.1961 -0.1646  7.8284
528 880  0.0713 -0.0479 22.6740
560 880  0.0066 -0.0386 10.3588
592 880  0.1399 -0.0632  8.1532
624 880  0.0427 -0.0349 35.4659
656 880  0.0126 -0.0301 12.0370
688 880  0.0987 -0.0452 10.9653
720 880 -0.0021 -0.0248 20.3329
752 880  0.0490 -0.1690 13.8348
784 880 -0.0069 -0.0063 13.7567
816 880  0.0304  0.0016 10.0450
848 880  0.0774 -0.0646 21.8723
880 880 -0.1813  0.0042  8.5430
912 880  0.0457 -0.0659 10.6093
944 880 -0.0339  0.0457  8.5220
976 880 -0.0672 -2.2228 12.5550
1008 880 -0.0654 -0.9690 11.8184
1040 880 -0.1285 -0.1341 19.1615
1072 880 -0.7237  0.2514 99.9523
1104 880 -0.5754  0.1834 73.1728
1136 880 -0.1593  0.0500 150.8459
1168 880 -0.3445  0.1687 130.1819
 16 912  0.0556  0.0007 15.4754
 48 912  0.0358  0.0031 113.2197
 80 912  0.0334 -0.0079 103.9280
112 912  0.0198 -0.0168 251.1255
144 912  0.0015 -0.0888 276.9509
176 912 -0.0525  0.0078 48.3404
208 912 -0.0966  0.0431 55.8012
240 912 -0.1893  0.0000 14.4930
272 912 -1.1172  0.0011 170.2499
304 912 -1.1768 -0.1163 49.3867
336 912 -0.1702 -0.2394 18.1905
368 912 -0.0439 -0.0954 10.5840
400 912 -0.0709 -0.1150 11.5367
432 912 -0.2731 -0.7295  5.3886
464 912 -0.0423 -0.2324  4.2756
528 912  0.1009 -0.0992  5.0276
560 912  0.0359 -0.0546  5.7639
592 912  0.0289 -0.0360  4.1166
624 912  0.1036 -0.1088  9.0830
656 912 -0.1732 -0.0981  6.6396
688 912  0.2056 -0.0852  7.0225
720 912 -0.0615 -0.0704 11.6219
752 912  0.1439 -0.1950  8.4282
784 912 -0.0527 -0.0531 19.5155
816 912 -0.0625 -0.1387  5.2720
848 912  0.1814 -0.1902  8.2776
880 912 -0.0204 -0.0213 11.2150
912 912 -0.1619 -0.1340  9.3116
944 912  0.0076 -1.9650  9.7588
976 912 -0.1374 -0.1172 12.0771
1008 912 -0.4260 -0.1462 23.3227
1040 912 -0.9387  0.1140 44.6990
1072 912 -0.8065  0.0484 44.3561
1104 912 -0.6592  0.0937 48.4095
1136 912 -0.4175  0.0385 85.6199
1168 912 -0.2749  0.0429 114.0375
 16 944  0.0379  0.0373 69.1283
 48 944  0.0076 -0.0080 22.2772
 80 944  0.0640  0.0305 155.2038
112 944  0.0483  0.0431 230.8507
144 944  0.0004  0.0146 36.3455
176 944 -0.0783  0.0194 117.0109
208 944 -0.2013  0.0892 38.7815
240 944 -0.6474  0.1375 90.6764
272 944 -0.7261  0.4499 49.0700
304 944 -0.2055  0.1030 20.5458
336 944 -0.0035 -0.1576 10.1377
368 944  0.0251 -0.5711  6.7263
400 944  0.0188 -1.3338  4.1202
432 944 -0.0294 -0.1548  4.0998
464 944 -0.0837 -0.1123  5.1020
496 944 -0.0247 -0.0781  5.5409
624 944  0.2221 -0.0697  5.0735
656 944 -0.1717 -0.0537  4.5396
688 944  0.1710 -0.0261  6.0347
720 944 -0.1431 -0.0778  5.9158
752 944  0.1160 -0.1965  4.7925
784 944 -0.0920 -0.0967  4.2860
816 944  0.0292 -0.0873  4.9304
848 944  0.0045  0.0232 14.1946
880 944 -0.0069 -0.0683 10.5394
912 944 -0.0889 -0.0763 14.3526
944 944 -0.3135 -0.3453 28.6219
976 944 -0.6571 -0.4673 67.1683
1008 944 -0.3490 -0.2664 51.5724
1040 944 -0.2300 -0.2790 94.9343
1072 944 -0.6638  0.0782 27.5222
1104 944 -0.5640  0.1202 83.5048
1136 944 -0.6708  0.0250 140.1585
1168 944 -0.5544  0.1720 41.7598
 16 976  0.0585  0.0110 131.9406
 48 976  0.0231 -0.0271 23.0232
 80 976  0.0144  0.0139 78.8204
112 976  0.0280  0.0098 119.9405
144 976  0.0281  0.0247 48.7127
176 976  0.0113  0.0992 103.1459
208 976 -0.0395  0.0918 68.0859
240 976 -0.0232  0.5141 89.7593
272 976 -0.1253  0.7916 58.5748
304 976 -0.0589  1.5598 41.8518
336 976 -0.1222  1.4851 22.6189
368 976 -0.8664 -1.3518 21.1139
400 976  0.3474 -0.3153 43.5497
432 976 -0.3193 -0.2915 44.0911
464 976  0.0043  0.0128 30.9718
496 976 -0.0454  0.1025  6.9459
528 976 -0.0093 -0.0254  4.5069
688 976  0.0154 -0.0698  4.2335
784 976  0.0000  0.0027  4.4393
816 976  0.0288  0.0347 15.1039
848 976 -0.2720 -0.2435 75.4184
880 976 -0.1161 -0.5042 82.1868
912 976 -0.1994 -0.1563 98.9088
944 976 -0.3012 -0.4063 30.3605
976 976 -0.6603 -0.1651 190.2915
1008 976 -0.7696 -0.2645 120.2110
1040 976 -0.8197 -0.1183 49.9916
1072 976 -0.2405 -0.0432 11.0353
1104 976 -0.5974  0.0598 29.5318
1136 976 -0.3361 -0.2114 133.5753
1168 976 -0.3790 -0.0096 30.4301
 16 1008  0.0188  0.0126 36.0609
 48 1008  0.0646  0.0160 77.0704
 80 1008  0.0295  0.0252 230.1769
112 1008  0.0409  0.0382 193.1838
144 1008  0.0461  0.0189 275.1927
176 1008  0.0377  0.0956 198.8182
208 1008 -0.0108  0.0200 32.6354
240 1008  0.0925  0.1188 86.3597
272 1008  0.0491  0.4200 362.4671
304 1008  0.0339  0.6035 29.0821
336 1008  0.1990  0.0600 101.8852
368 1008  0.0303 -0.8825 187.1483
400 1008 -0.7461 -1.7263 24.8788
432 1008 -1.1200 -1.6859 16.9283
464 1008 -0.5860 -0.8260 93.0327
496 1008 -0.0025  0.0010 19.7433
528 1008 -0.0135  0.0849 10.0766
560 1008 -0.0700  0.1572  5.8058
752 1008  0.0154 -0.0076  4.0635
784 1008  0.0037  0.0179  6.5397
816 1008  0.0338  0.0083 25.6405
848 1008 -0.1227 -0.3038 21.7891
880 1008 -0.2796 -0.2600 63.3811
912 1008 -0.3407 -0.1207 156.9634
944 1008 -0.6335 -0.1645 46.7329
976 1008 -0.6882 -0.1606 57.5373
1008 1008 -0.7966 -0.2385 53.4612
1040 1008 -0.7744 -0.0628 43.4045
1072 1008 -0.5162 -0.0355 57.4029
1104 1008 -0.3127  0.0262 28.1221
1136 1008 -0.2480 -0.0220 133.7886
1168 1008 -0.3844 -0.0401 59.9487
 16 1040  0.0556  0.0221 145.4960
 48 1040  0.0742  0.0306 26.8840
 80 1040  0.1170  0.0151 186.1814
112 1040  0.0664  0.0300 70.7836
144 1040  0.2518  0.0144 106.6984
176 1040  0.1458  0.0586 139.6072
208 1040  0.1356  0.0940 154.0777
240 1040  0.1418  0.0082 110.4871
272 1040  0.3154  0.1075 49.6880
304 1040  1.0043  0.0657 78.1619
336 1040  0.8874 -0.1333 185.3116
368 1040  0.7618 -1.3169 102.3800
400 1040  0.1181 -1.2440 20.0221
432 1040 -0.1346 -1.1629 42.6307
464 1040 -0.0854 -0.1767 37.8011
496 1040 -0.0092  0.0042 17.1644
528 1040  0.0043  0.0124 11.2387
560 1040 -0.0232 -0.0382 11.8999
592 1040 -0.2085 -0.0199  5.6179
752 1040  0.0513  0.0140  5.5587
784 1040  0.0208  0.0116 16.3524
816 1040 -0.0038 -0.0139 32.6891
848 1040 -0.0942 -0.1410 21.9059
880 1040 -0.1629 -0.3020 25.7113
912 1040 -0.2471 -0.1578 20.9694
944 1040 -0.5465 -0.1929 60.3649
976 1040 -0.1053 -0.2801 76.9283
1008 1040 -0.4307 -0.2049 114.1975
1040 1040 -0.4992 -0.1683 56.1310
1072 1040 -0.4670 -0.0813 41.6317
1104 1040 -0.3786  0.0097 14.9280
1136 1040 -0.9163  0.0752 45.8039
1168 1040 -0.1887 -0.1352 98.9100
 16 1072  0.0551  0.0130 91.0003
 48 1072  0.0803  0.0308 150.6987
 80 1072  0.0722  0.1219 210.2415
112 1072  0.1595 -0.0020 226.3972
144 1072  0.0293  0.0080 149.8210
176 1072  0.1006 -0.0123 48.2087
208 1072  0.1525  0.0091 45.3981
240 1072  0.1561  0.0113 103.7466
272 1072  0.2524 -0.0492 90.4863
304 1072  0.1516 -0.0896 88.4906
336 1072  0.5450 -0.2086 61.1478
368 1072  0.5987 -0.6266 189.8800
400 1072  0.0627 -0.4341 21.1473
432 1072  0.0065 -0.1902 19.2155
464 1072  0.0007 -0.1104  8.5974
496 1072 -0.0159  0.0703 13.7169
528 1072 -0.0265  0.0272 11.1613
560 1072 -0.0750  0.0662  7.6197
592 1072  0.0297  0.0901  9.1359
624 1072 -0.0001  0.0915  5.1745
656 1072  0.0156  0.1399  4.7317
752 1072  0.0207 -0.0207  4.2416
784 1072  0.0464 -0.0682  7.5825
816 1072  0.0254 -0.0468 13.1122
848 1072 -0.0156 -0.0394 29.0000
880 1072 -0.0995  0.0028 19.1858
912 1072 -0.2988 -0.1219 28.4047
944 1072 -0.2422 -0.0080 49.7582
976 1072 -0.3464 -0.0979 52.7675
1008 1072 -0.4478 -0.1854 32.1657
1040 1072 -0.2923 -0.1127 25.9506
1072 1072 -0.5628 -0.1427 109.3159
1104 1072 -0.3639 -0.0280 27.6019
1136 1072 -0.2416 -0.0664 28.9569
1168 1072 -0.2969 -0.1337 30.5908
 16 1104  0.0189 -0.0289 18.7208
 48 1104  0.1628  0.0070 88.2687
 80 1104  0.0625  0.0744 29.9590
112 1104  0.1752  0.0070 129.7078
144 1104  0.0630  0.0146 52.8539
176 1104  0.1530  0.0100 49.0221
208 1104  0.1558 -0.0230 47.9409
240 1104  0.3271 -0.0457 71.5157
272 1104  0.2417 -0.1199 136.1549
304 1104  0.1904 -0.1201 45.3982
336 1104  0.3169 -0.3784 75.4202
368 1104  0.7663 -1.1239 167.1930
400 1104  0.0082 -0.2112 24.5149
432 1104  0.0025 -0.0690 14.2889
464 1104  0.0070 -0.0121 22.1720
496 1104  0.0034  0.0041 14.6946
528 1104 -0.0410 -0.0412 12.0647
560 1104  0.0322 -0.0470 13.4010
592 1104 -0.0398 -0.0086 10.1607
624 1104  0.0848  0.0773 10.5788
656 1104 -0.0312  0.0955  8.8844
688 1104 -0.2859  0.2159  6.2132
848 1104  0.0085 -0.0429  5.1587
880 1104  0.1247 -0.1445  6.5134
912 1104 -0.0188 -0.0536 12.9236
944 1104 -0.0286 -0.0329 14.4021
976 1104  0.0343 -0.0529  9.2658
1008 1104 -0.1042 -0.0314 19.5809
1040 1104  0.0023 -0.0263 31.2593
1072 1104 -0.3465 -0.0625 15.8391
1104 1104 -0.1101 -0.0114 20.1768
1136 1104 -0.1713 -0.0203 13.0062
1168 1104 -0.2546 -0.2691 26.5170
 16 1136  0.0141  0.0099 15.1914
 48 1136  0.0418  0.0364 51.7997
 80 1136  0.0828  0.0313 39.3248
112 1136  0.0087  0.0169 183.8195
144 1136  0.1315  0.0167 191.6861
176 1136  0.0768 -0.0067 94.1418
208 1136  0.0612 -0.0200 214.9235
240 1136  0.0612 -0.0587 19.6096
272 1136  0.2357 -0.0028 67.2878
304 1136  0.1549 -0.2761 249.0275
336 1136  0.4857 -0.3285 96.1858
368 1136  0.1238 -0.5175 130.5108
400 1136  0.0486 -0.5188 113.1059
432 1136  0.0547 -0.2213 39.3588
464 1136  0.0762 -0.2096 81.0043
496 1136  0.0120 -0.3340 19.9028
528 1136  0.0292 -0.0306 16.5148
560 1136 -0.0023  0.0056 10.9914
592 1136 -0.0636  0.0006 13.3625
624 1136 -0.0056  0.0009 14.1474
656 1136  0.0093  0.0097 17.2604
688 1136 -0.0503  0.0506 13.3099
720 1136  0.0038  0.1468  7.1041
752 1136 -0.0708  0.1781  5.8271
784 1136  0.1350  0.1085  5.7641
816 1136  0.0845  0.1377 10.7986
848 1136 -0.0817  0.1013 11.4366
880 1136 -0.0840  0.2567  4.4027
976 1136  0.0229 -0.0260  4.3417
1008 1136 -0.0442 -0.0519  5.2025
1040 1136  0.0569 -0.0551  4.8385
1072 1136 -0.0223 -0.1545  5.6839
1104 1136  0.0760  0.0365  9.2438
1136 1136 -0.0439  0.0042 10.2106
1168 1136  0.0002  0.0016 20.3403
 16 1168  0.0557  0.0341 26.6269
 48 1168  0.0848  0.0112 30.0262
 80 1168  0.0651 -0.0293 32.5938
112 1168  0.0717 -0.0175 35.5067
144 1168  0.0799 -0.0048 160.2960
176 1168  0.0991 -0.0602 195.3096
208 1168  0.0367 -0.0339 52.0014
240 1168  0.1516 -0.0297 70.3283
272 1168  0.1188 -0.0458 212.5193
304 1168  0.1009 -0.1296 169.4579
336 1168  0.0879 -0.2021 124.0029
368 1168  0.0462 -0.1374 201.3730
400 1168  0.0362 -0.1230 64.6731
432 1168  0.0568 -0.2013 59.1176
464 1168  0.0163 -0.1834 21.7350
496 1168 -0.0037  0.0331 14.0130
528 1168 -0.0091  0.0160 20.2353
560 1168  0.0012 -0.0149 12.4937
592 1168 -0.0073 -0.0067 11.4880
624 1168 -0.0022 -0.0202 15.5072
656 1168 -0.0097  0.0114 13.5192
688 1168  0.0269  0.0167 11.5706
720 1168  0.0091 -0.0186 12.3857
752 1168  0.0153  0.0401 11.7528
784 1168  0.0969  0.0251  9.2589
816 1168 -0.0479 -0.0015 13.6065
848 1168  0.0235 -0.0222 14.9631
880 1168 -0.0280  0.0261 13.9901
912 1168 -0.0529  0.0738 12.7244
944 1168 -0.0809  0.2670  6.2552
976 1168 -0.0284  0.2772  5.1944
1008 1168 -0.0339  0.2294  4.1416
1104 1168 -0.0115 -0.0445  4.3636
1136 1168  0.0655 -0.0678  4.7409
1168 1168 -0.0360 -0.0817  4.7337
 16 1200  0.0249  0.0156 12.3368
 48 1200  0.0565  0.0006 20.2619
 80 1200  0.0173  0.0082 13.7769
112 1200  0.0475  0.0040 91.2584
144 1200  0.0421  0.0196 20.1616
176 1200  0.0607  0.0075 172.4703
208 1200  0.2236 -0.0735 65.8233
240 1200  0.0180 -0.0230 191.3743
272 1200  0.0630 -0.1104 69.1663
304 1200  0.1243 -0.0761 207.4614
336 1200  0.0887 -0.1599 138.4607
368 1200  0.1915 -0.0232 199.2889
400 1200  0.0209 -0.1298 25.8237
432 1200  0.0411 -0.0913 157.1552
464 1200  0.0247 -0.2191 19.9543
496 1200 -0.0206 -0.0012 18.5147
528 1200 -0.0239  0.0126 22.9988
560 1200 -0.0011  0.0131 14.2692
592 1200  0.0131  0.0124 14.7137
624 1200 -0.0507 -0.2025 27.0115
656 1200 -0.0041 -0.0097 15.5989
688 1200 -0.0303  0.0023 14.5961
720 1200  0.0042  0.0136 18.7397
752 1200  0.0381  0.0093 16.3622
784 1200 -0.0160  0.0182 11.0085
816 1200  0.0054 -0.0153 12.2697
848 1200 -0.0098 -0.0143 11.3959
880 1200  0.0221  0.0239 13.5163
912 1200  0.0160  0.0027 17.6975
944 1200 -0.0271  0.0111 15.4729
976 1200 -0.0051 -0.0037 14.6152
1008 1200 -0.0341  0.0508 16.4494
1040 1200 -0.0821  0.1598 10.0737
1072 1200 -0.0704  0.2093  7.0033
1104 1200 -0.0319  0.2660  5.3785
1136 1200 -0.0380  0.2987  4.8543
1168 1200 -0.0269  0.3232  4.5118
 16 1232  0.0300  0.0317 16.9265
 48 1232  0.0498 -0.0451 78.9869
 80 1232  0.1316  0.0028 127.6767
112 1232  0.0219 -0.0020 34.6838
144 1232  0.0558 -0.0059 274.4023
176 1232  0.0138 -0.0156 137.8994
208 1232  0.0263 -0.0481 142.4612
240 1232  0.0100 -0.0085 49.8892
272 1232  0.0882 -0.0215 144.8336
304 1232  0.1050 -0.0808 193.6777
336 1232  0.0647 -0.0693 160.5736
368 1232  0.1254 -0.0621 98.7809
400 1232  0.0553 -0.0477 156.3690
432 1232  0.0410  0.0168 17.0463
464 1232  0.0189 -0.0591 28.3174
496 1232  0.0070 -0.0221 14.4442
528 1232  0.0028  0.0193 11.3866
560 1232 -0.0030  0.0038 20.0224
592 1232 -0.0056 -0.0314 16.8589
624 1232  0.0269 -0.0085 11.5611
656 1232 -0.0101  0.0177 13.3027
688 1232 -0.0297 -0.0116 11.7278
720 1232 -0.0093 -0.0168 12.8608
752 1232  0.0270  0.0055 17.8867
784 1232  0.0334  0.0244 14.1391
816 1232  0.0110 -0.0151 19.6937
848 1232  0.0271 -0.0688 12.9275
880 1232  0.0101 -0.0619 12.5510
912 1232  0.0177  0.0277 11.8835
944 1232  0.0486 -0.0120 14.3485
976 1232  0.0138  0.0382 14.5454
1008 1232 -0.0157  0.0346 15.8733
1040 1232 -0.0035  0.0093 12.5227
1072 1232 -0.0658 -0.0214 12.0661
1104 1232 -0.0025  0.0112 13.2573
1136 1232  0.0358 -0.0195 11.6983
1168 1232 -0.0371 -0.0190 12.9786
 16 1264  0.0709  0.0288 45.2400
 48 1264  0.0630  0.0216 50.9804
 80 1264  0.0312 -0.0193 284.6224
112 1264  0.0546 -0.0281 45.4618
144 1264  0.0210 -0.0285 35.3907
176 1264  0.1242 -0.0088 72.1303
208 1264  0.0217 -0.0676 81.6065
240 1264  0.0445 -0.0399 115.6873
272 1264  0.0418 -0.0365 72.0931
304 1264  0.0652 -0.0313 251.5058
336 1264  0.0831 -0.0382 47.5062
368 1264  0.0361 -0.0828 186.3918
400 1264  0.1054 -0.0866 18.1795
432 1264  0.0655 -0.1082 315.0115
464 1264  0.0326 -0.0229 15.3031
496 1264 -0.0022 -0.0106 11.4745
528 1264 -0.0070 -0.0231 14.0576
560 1264 -0.0302 -0.0603 13.3779
592 1264  0.0556 -0.0125 10.8193
624 1264  0.0082 -0.0075 18.3174
656 1264  0.0116 -0.0026 13.6862
688 1264  0.0062 -0.0020 10.9884
720 1264 -0.0080 -0.0021 14.1394
752 1264 -0.0061  0.0115 24.0576
784 1264  0.0178 -0.0359 11.2207
816 1264 -0.0268 -0.0343 17.7128
848 1264  0.0376 -0.0156 11.3794
880 1264 -0.0156 -0.0799 10.6823
912 1264  0.0176  0.0345 10.8677
944 1264  0.0023  0.0551 10.4158
976 1264 -0.0071  0.0309  9.8661
1008 1264  0.0191  0.0114  9.6955
1040 1264  0.0123 -0.0530 11.5858
1072 1264  0.0031 -0.0157 10.1372
1104 1264 -0.0064  0.0059  9.4632
1136 1264 -0.0220 -0.0600  9.5187
1168 1264  0.0836  0.0133 13.2565
 16 1296  0.0217  0.0086 30.2200
 48 1296  0.0306 -0.0095 17.3510
 80 1296  0.0372  0.0101 19.1466
112 1296  0.1001 -0.0380 26.7591
144 1296  0.0314 -0.0224 28.9488
176 1296  0.0919 -0.0204 76.1475
208 1296  0.1226 -0.0268 153.0355
240 1296  0.0263 -0.0221 79.3801
272 1296  0.0337 -0.0361 83.8789
304 1296  0.0425 -0.0606 19.2510
336 1296  0.0651 -0.0873 260.8880
368 1296  0.0660 -0.0471 187.4907
400 1296  0.0208 -0.0177 59.4718
432 1296  0.0263 -0.0379 123.1175
464 1296  0.0420 -0.0110 25.6429
496 1296  0.0046  0.0028 19.1699
528 1296  0.0149  0.0193 10.7814
560 1296 -0.0043  0.0058 18.5819
592 1296 -0.0019  0.0000 13.9342
624 1296  0.0043 -0.0039 12.7255
656 1296 -0.0441 -0.2267 28.9247
688 1296 -0.0199  0.0056 12.3324
720 1296 -0.0088  0.0076 11.2110
752 1296  0.0263 -0.0138 15.6327
784 1296 -0.0519  0.0347 11.1318
816 1296  0.0547  0.0578 11.5736
848 1296  0.0007 -0.0091 11.7900
880 1296 -0.0075 -0.0232 11.9961
912 1296 -0.0274  0.0075 11.3542
944 1296  0.0111  0.0119 12.7237
976 1296 -0.0286  0.0051 11.7152
1008 1296 -0.0569  0.0066  9.4368
1040 1296  0.0126  0.0355  8.1433
1072 1296 -0.0232  0.0207  9.2950
1104 1296  0.0391 -0.0573 10.8173
1136 1296  0.0008  0.0709 10.4654
1168 1296  0.0516  0.0429  9.9746
  0   0  0.0378  0.0241  0.0000
  0   0  0.0299  0.0068  0.0000
  0   0  0.0385 -0.0295  0.0000
  0   0  0.0960  0.0005  0.0000
  0   0  0.0836  0.0040  0.0000
  0   0  0.0833 -0.0078  0.0000
  0   0  0.0915 -0.0091  0.0000
  0   0  0.1206 -0.0390  0.0000
  0   0  0.0900 -0.0444  0.0000
  0   0  0.1131 -0.0459  0.0000
  0   0  0.1197 -0.0474  0.0000
  0   0  0.0632 -0.0484  0.0000
  0   0  0.0498 -0.0624  0.0000
  0   0  0.0490 -0.0830  0.0000
  0   0  0.0663 -0.0923  0.0000
  0   0  0.0646 -0.0652  0.0000
  0   0  0.0347 -0.0298  0.0000
  0   0 -0.0026  0.0062  0.0000
  0   0 -0.0082  0.0436  0.0000
  0   0 -0.0324  0.0658  0.0000
  0   0 -0.0408  0.0735  0.0000
  0   0 -0.0490  0.0532  0.0000
  0   0 -0.0433  0.0167  0.0000
  0   0 -0.0374 -0.0343  0.0000
  0   0 -0.0539 -0.1415  0.0000
  0   0 -0.0394 -0.0374  0.0000
  0   0 -0.0270 -0.0060  0.0000
  0   0 -0.0064  0.0033  0.0000
  0   0 -0.0270  0.0381  0.0000
  0   0  0.0204  0.0526  0.0000
  0   0  0.0013  0.0192  0.0000
  0   0 -0.0144  0.0083  0.0000
  0   0 -0.0303  0.0278  0.0000
  0   0 -0.0216  0.0359  0.0000
  0   0 -0.0476  0.0343  0.0000
  0   0 -0.0573  0.0363  0.0000
  0   0 -0.0212  0.0378  0.0000
  0   0 -0.0154  0.0198  0.0000
  0   0  0.0242 -0.0056  0.0000
  0   0  0.0266  0.0619  0.0000
  0   0  0.0607  0.0674  0.0000
  0   0  0.0690  0.0511  0.0000
  0   0  0.0757  0.0282  0.0000
  0   0  0.0932  0.0039  0.0000
  0   0  0.1258  0.0050  0.0000
  0   0  0.1331  0.0007  0.0000
  0   0  0.1369 -0.0117  0.0000
  0   0  0.1427 -0.0244  0.0000
  0   0  0.1510 -0.0464  0.0000
  0   0  0.1379 -0.0598  0.0000
  0   0  0.1375 -0.0676  0.0000
  0   0  0.1274 -0.0731  0.0000
  0   0  0.0933 -0.0794  0.0000
  0   0  0.0738 -0.0914  0.0000
  0   0  0.0671 -0.1045  0.0000
  0   0  0.0714 -0.1071  0.0000
  0   0  0.0686 -0.0897  0.0000
  0   0  0.0539 -0.0616  0.0000
  0   0 -0.0350  0.0825  0.0000
  0   0 -0.0537  0.1126  0.0000
  0   0 -0.0754  0.1270  0.0000
  0   0 -0.0885  0.1201  0.0000
  0   0 -0.0935  0.0861  0.0000
  0   0 -0.0880  0.0321  0.0000
  0   0 -0.0794 -0.0302  0.0000
  0   0 -0.0754 -0.0869  0.0000
  0   0 -0.0600 -0.0545  0.0000
  0   0 -0.0428 -0.0223  0.0000
  0   0 -0.0247  0.0049  0.0000
  0   0 -0.0193  0.0362  0.0000
  0   0  0.0001  0.0525  0.0000
  0   0 -0.0068  0.0457  0.0000
  0   0 -0.0222  0.0432  0.0000
  0   0 -0.0393  0.0525  0.0000
  0   0 -0.0489  0.0582  0.0000
  0   0 -0.0648  0.0575  0.0000
  0   0 -0.0666  0.0549  0.0000
  0   0 -0.0441  0.0490  0.0000
  0   0 -0.0207  0.0388  0.0000
  0   0  0.0149  0.0368  0.0000
  0   0  0.0415  0.0689  0.0000
  0   0  0.0752  0.0807  0.0000
  0   0  0.0994  0.0728  0.0000
  0   0  0.1202  0.0537  0.0000
  0   0  0.1436  0.0317  0.0000
  0   0  0.1691  0.0171  0.0000
  0   0  0.1834  0.0019  0.0000
  0   0  0.1907 -0.0163  0.0000
  0   0  0.1938 -0.0360  0.0000
  0   0  0.1921 -0.0580  0.0000
  0   0  0.1799 -0.0761  0.0000
  0   0  0.1662 -0.0898  0.0000
  0   0  0.1461 -0.1008  0.0000
  0   0  0.1180 -0.1111  0.0000
  0   0  0.0962 -0.1222  0.0000
  0   0  0.0843 -0.1312  0.0000
  0   0  0.0807 -0.1322  0.0000
  0   0  0.0775 -0.1218  0.0000
  0   0  0.0714 -0.1037  0.0000
  0   0 -0.0706  0.1738  0.0000
  0   0 -0.0990  0.1950  0.0000
  0   0 -0.1242  0.2013  0.0000
  0   0 -0.1405  0.1799  0.0000
  0   0 -0.1444  0.1262  0.0000
  0   0 -0.1367  0.0498  0.0000
  0   0 -0.1221 -0.0270  0.0000
  0   0 -0.1043 -0.0759  0.0000
  0   0 -0.0820 -0.0732  0.0000
  0   0 -0.0577 -0.0410  0.0000
  0   0 -0.0344  0.0009  0.0000
  0   0 -0.0169  0.0395  0.0000
  0   0 -0.0059  0.0637  0.0000
  0   0 -0.0108  0.0723  0.0000
  0   0 -0.0288  0.0759  0.0000
  0   0 -0.0527  0.0806  0.0000
  0   0 -0.0748  0.0832  0.0000
  0   0 -0.0905  0.0804  0.0000
  0   0 -0.0899  0.0727  0.0000
  0   0 -0.0692  0.0629  0.0000
  0   0 -0.0349  0.0576  0.0000
  0   0  0.0082  0.0654  0.0000
  0   0  0.0519  0.0867  0.0000
  0   0  0.0945  0.1017  0.0000
  0   0  0.1320  0.0998  0.0000
  0   0  0.1648  0.0827  0.0000
  0   0  0.1948  0.0577  0.0000
  0   0  0.2209  0.0316  0.0000
  0   0  0.2393  0.0057  0.0000
  0   0  0.2489 -0.0204  0.0000
  0   0  0.2496 -0.0467  0.0000
  0   0  0.2413 -0.0724  0.0000
  0   0  0.2238 -0.0952  0.0000
  0   0  0.1994 -0.1143  0.0000
  0   0  0.1699 -0.1302  0.0000
  0   0  0.1389 -0.1439  0.0000
  0   0  0.1132 -0.1558  0.0000
  0   0  0.0968 -0.1638  0.0000
  0   0  0.0895 -0.1654  0.0000
  0   0  0.0875 -0.1599  0.0000
  0   0  0.0872 -0.1501  0.0000
