VARIABLES= "X pix", "Y pix", "U pix/dt", "V pix/dt", "CHC", ZONE I=37, J=41
304  16 -0.0138 -0.0512 59.5809
336  16  0.0227 -0.0492 18.9118
368  16  0.0433 -0.0437 24.6753
400  16  0.0324 -0.0574 88.5845
496  16  0.0010 -0.0741 89.0435
528  16 -0.0218 -0.0989 39.0095
560  16  0.0031 -0.0558 40.9600
592  16 -0.0034 -0.0357 50.5679
624  16 -0.0370 -0.0314 54.6133
656  16 -0.0732 -0.0077 46.5454
688  16 -0.0630  0.0693 273.0666
304  48  0.0421  0.1340 52.5128
336  48  0.0655  0.1168 29.4676
368  48  0.0766  0.1061 110.7027
496  48  0.0180  0.0885 71.8596
528  48  0.0092  0.0792 27.3067
560  48  0.0170  0.0159 42.6667
592  48  0.0000 -0.0527 91.6488
688  48  0.0155 -0.0384 227.5554
720  48  0.0319 -0.0174 29.2571
752  48  0.0000 -0.0071 35.0085
784  48  0.0000  0.0734 30.7507
816  48  0.0000  0.2877 254.2344
304  80 -0.0023  0.1873 49.3494
336  80 -0.0026  0.0556 30.7970
368  80  0.0022 -0.0132 50.5679
400  80  0.0298 -0.0299 47.0804
432  80  0.0448 -0.0144 43.5745
464  80  0.0711  0.0186 4095.9939
496  80  0.1390  0.0252 71.8596
528  80  0.1364  0.0245 28.4444
560  80  0.0817  0.0362 48.7619
592  80  0.0279 -0.0183 38.2851
688  80 -0.0264  0.0023 341.3332
720  80 -0.0845 -0.0652 80.3137
752  80 -0.1328 -0.1082 75.8518
784  80  0.0000 -0.2304 39.1026
816  80  0.5000 -0.2211 87.1489
 16 144 -0.0081 -0.0822 53.8654
 48 144 -0.0193 -0.0419 36.0010
 80 144 -0.0055 -0.0787 186.4316
112 144 -0.0046 -0.0529 165.3029
144 144  0.0277 -0.0406 196.7607
176 144  0.0393 -0.0185 215.5473
208 144  0.0366 -0.0238 68.7204
240 144  0.0169 -0.0103 75.2708
272 144 -0.0051 -0.0214 23.1297
304 144  0.0460  0.0215 127.3466
336 144  0.0498  0.0310 89.4984
368 144  0.0338  0.0380 140.2366
400 144 -0.0068  0.0154 180.7463
432 144 -0.0514  0.0518 164.4086
464 144  0.0708  0.1104 204.1943
496 144  0.0408  0.0538 168.2425
528 144  0.0849  0.0642 188.9784
560 144  0.0119  0.0426 56.4955
592 144  0.0240  0.0654 202.6171
624 144  0.0517  0.0486 69.4781
656 144  0.0773  0.0114 144.7605
688 144  0.0491  0.0097 105.4024
720 144  0.0609  0.0110 110.4956
752 144  0.0185 -0.0027 122.8725
784 144  0.0803  0.0204 98.8942
816 144  0.0735  0.0225 153.3609
848 144  0.0467  0.0016 150.8885
880 144  0.0289 -0.0158 178.9899
912 144  0.0244 -0.0149 140.4479
944 144  0.0446 -0.0059 118.2154
976 144  0.0370  0.0067 91.5788
1008 144  0.0239  0.0294 54.9911
1040 144  0.0805  0.0093 116.0864
1072 144  0.0560 -0.0387 98.6105
1104 144  0.0187  0.0432 50.6750
1136 144  0.0146  0.0321 64.3609
1168 144 -0.0021  0.0281 105.7137
 16 176 -0.0080 -0.0792 33.4803
 48 176 -0.0265 -0.0299 89.1715
 80 176  0.0284 -0.2004 152.1617
112 176 -0.0376 -0.0843 459.5705
144 176  0.0013 -0.0558 242.0243
176 176  0.0045 -0.0461 157.2637
208 176 -0.0034 -0.0344 40.7916
240 176  0.0206 -0.0582 156.3032
272 176  0.0529 -0.0157 270.3787
304 176  0.0232 -0.0047 217.2188
336 176  0.0396  0.0122 245.4950
368 176  0.0251 -0.0026 90.2890
400 176  0.0572  0.1684 221.4551
432 176  0.0523  0.0344 128.4423
464 176  0.1030  0.0721 49.7817
496 176  0.1043  0.1380 225.5341
528 176  0.0646  0.0793 140.3770
560 176  0.0183  0.0157 140.4414
592 176  0.0056  0.0445 87.1026
624 176  0.0689  0.0251 179.8619
656 176  0.0331  0.0262 166.0502
688 176  0.0738  0.0295 91.8230
720 176  0.0316 -0.0193 127.7908
752 176 -0.0105  0.0617 81.4077
784 176  0.0673 -0.0089 88.5985
816 176  0.0601 -0.0038 229.9233
848 176  0.0147 -0.0441 277.2950
880 176  0.0604 -0.0149 122.6376
912 176  0.0496 -0.0247 160.0798
944 176  0.0919  0.0073 127.9673
976 176  0.0881  0.0017 120.1966
1008 176  0.0323 -0.0007 137.7511
1040 176  0.0751 -0.0157 42.8184
1072 176  0.0281  0.0095 104.6219
1104 176  0.0282  0.0467 138.5275
1136 176  0.0493  0.0197 113.0292
1168 176 -0.0273  0.0209 31.3823
 16 208 -0.0463 -0.1335 44.3545
 48 208 -0.0228 -0.0769 338.7487
 80 208 -0.0342 -0.0795 113.0839
112 208 -0.0051 -0.1186 282.0913
144 208 -0.0773 -0.0336 149.2558
176 208 -0.0078 -0.0461 152.5118
208 208 -0.0027 -0.0517 210.3993
240 208  0.0220 -0.0176 136.0486
272 208  0.0098 -0.0119 314.0573
304 208  0.0222  0.0100 159.3391
336 208  0.0292  0.0243 140.1204
368 208  0.0499  0.0439 27.6012
400 208  0.0764  0.0190 128.1844
432 208  0.0817  0.0578 161.7128
464 208  0.0839  0.1135 258.9793
496 208  0.0378  0.0248 154.6970
528 208  0.0611  0.1035 103.4058
560 208  0.0520  0.0507 109.8590
592 208 -0.0012  0.0268 51.3164
624 208  0.0479  0.0340 154.4831
656 208  0.0263  0.0406 86.3466
688 208  0.0553  0.0264 88.7156
720 208  0.0057 -0.0594 119.8773
752 208  0.0514  0.0180 269.9878
784 208  0.0289  0.0111 150.7421
816 208  0.0708 -0.0152 139.6164
848 208  0.0485 -0.0236 211.1083
880 208  0.0590 -0.0089 252.6551
912 208  0.0586 -0.0326 72.9933
944 208  0.0585 -0.0114 80.7264
976 208  0.0556 -0.0107 111.3644
1008 208  0.0173  0.0178 171.2187
1040 208  0.0937 -0.0315 83.7521
1072 208  0.0386  0.0104 184.2124
1104 208  0.0480  0.0463 126.5608
1136 208  0.0407  0.0103 119.6009
1168 208  0.0230  0.0452 103.4399
 16 240 -0.0861 -0.1219 208.5068
 48 240 -0.1806 -0.0830 23.3763
 80 240 -0.0168 -0.1136 263.0216
112 240 -0.0530 -0.1256 117.3359
144 240 -0.1130 -0.1264 178.8860
176 240 -0.0282 -0.0920 214.1352
208 240  0.0027 -0.0190 21.1087
240 240 -0.0084 -0.0737 216.9550
272 240  0.0094 -0.0125 252.2738
304 240  0.0348  0.0022 154.5479
336 240  0.0311 -0.0033 146.7130
368 240  0.0638  0.0163 67.0965
400 240  0.0128  0.0237 284.0607
432 240  0.0188  0.0724 119.4117
464 240  0.0470  0.0431 227.8148
496 240  0.0653  0.0890 206.5120
528 240  0.0552  0.0493 94.5081
560 240  0.0594  0.0669 109.5202
592 240  0.0284  0.0709 190.4612
624 240  0.0993  0.0636 130.1905
656 240  0.0334  0.0429 96.0049
688 240  0.0750  0.0092 178.1628
720 240  0.0335 -0.0089 117.4970
752 240  0.0560  0.0010 193.7997
784 240  0.0596 -0.0058 102.8732
816 240  0.0748 -0.0318 173.2537
848 240  0.0599 -0.0234 154.2095
880 240  0.1257 -0.0288 82.8162
912 240  0.0883 -0.0316 60.8662
944 240  0.0982  0.0325 85.9375
976 240  0.0746 -0.0392 98.4928
1008 240  0.0880  0.0006 113.8494
1040 240  0.0433  0.0096 94.2813
1072 240  0.0273  0.0005 176.0402
1104 240  0.0380  0.0507 99.8188
1136 240  0.0238  0.0578 90.6749
1168 240  0.0100  0.0422 73.2143
 16 272 -0.1000 -0.0829 50.5492
 48 272 -0.0382 -0.1135 85.8865
 80 272 -0.1616 -0.1936 255.8884
112 272 -0.0390 -0.0770 301.5464
144 272 -0.0227 -0.0862 143.9868
176 272 -0.0549 -0.1218 140.5495
208 272 -0.0212 -0.0284 316.2044
240 272  0.0099 -0.0546 202.3934
272 272  0.0153 -0.0400 68.3985
304 272  0.0223 -0.0595 218.2103
336 272  0.0281  0.0006 136.0157
368 272  0.0473  0.0147 197.2647
400 272  0.0549  0.0126 224.8685
432 272  0.0936  0.0734 115.1224
464 272  0.0317  0.0497 121.2461
496 272  0.0331  0.1013 193.1178
528 272  0.0887  0.0794 76.7710
560 272  0.0283  0.0325 21.5588
592 272  0.1198  0.0626 120.3522
624 272  0.1016  0.0100 172.2664
656 272  0.0315  0.0297 144.7157
688 272  0.0503 -0.0013 91.8906
720 272  0.0705  0.0287 96.7848
752 272  0.0665 -0.0058 112.5367
784 272  0.0659 -0.0188 126.3747
816 272  0.0749 -0.0192 194.9211
848 272  0.0856 -0.0400 101.9106
880 272  0.0489 -0.0395 75.4675
912 272  0.0839 -0.0319 63.0051
944 272  0.0980 -0.0202 148.5637
976 272  0.0809 -0.0136 139.5651
1008 272  0.0542 -0.0026 116.2506
1040 272  0.0606  0.0068 53.9072
1072 272  0.0477  0.0369 76.1122
1104 272  0.0992  0.0156 105.8629
1136 272  0.0008  0.0341 83.9121
1168 272 -0.0042 -0.0014 51.8496
 16 304 -0.1904 -0.1906 232.3427
 48 304 -0.0160 -0.3784 111.1468
 80 304 -0.0721 -0.1554 216.5562
112 304 -0.2097 -0.1446 151.0286
144 304 -0.0594 -0.2157 222.1002
176 304 -0.0868 -0.1451 26.5173
208 304 -0.0247 -0.0486 266.6940
240 304 -0.0199 -0.0887 208.8840
272 304  0.0344 -0.0522 45.2964
304 304  0.0095 -0.0395 222.0245
336 304  0.0152  0.0014 127.7737
368 304 -0.0022  0.0094 263.1486
400 304  0.0303  0.0132 58.8508
432 304  0.0862  0.0323 121.7940
464 304  0.0575  0.0080 123.0909
496 304  0.0797  0.0792 123.3850
528 304  0.1296  0.0590 155.7343
560 304  0.0153  0.0751 150.6877
592 304  0.0914  0.0059 147.7141
624 304  0.0727  0.0305 113.6072
656 304  0.0461  0.0310 157.3316
688 304  0.0456  0.0115 107.3973
720 304  0.0443 -0.0278 150.9373
752 304  0.0782 -0.0156 75.6753
784 304  0.1192 -0.0394 175.4063
816 304  0.0571 -0.0369 155.4647
848 304  0.0788 -0.0464 94.4911
880 304  0.0890 -0.0085 207.7977
912 304  0.1153 -0.0350 76.3151
944 304  0.0557 -0.0391 132.8372
976 304  0.0531 -0.0161 130.9255
1008 304  0.0666 -0.0133 64.2977
1040 304  0.0423 -0.0093 93.5639
1072 304  0.0050  0.0490 138.2930
1104 304  0.0087 -0.0101 145.0044
1136 304  0.0148  0.0612 85.7996
1168 304  0.0131  0.0888 44.2273
 16 336 -0.2247 -0.3370 184.2578
 48 336 -0.2912 -0.1308 146.2865
 80 336 -0.1562 -0.1440 249.7885
112 336 -0.0932 -0.1594 261.9816
144 336 -0.0997 -0.2043 277.3458
176 336 -0.0525 -0.1890 227.8779
208 336 -0.0775 -0.2250 363.6817
240 336 -0.0581 -0.1593 134.0863
272 336 -0.0233 -0.0519 25.7923
304 336  0.0095 -0.0313 46.8856
336 336  0.0075 -0.0541 177.9681
368 336  0.0310 -0.0211 156.7105
400 336  0.0642  0.0104 48.2591
432 336  0.0582  0.0513 115.7802
464 336  0.0894  0.1061 80.2701
496 336  0.0582  0.0681 205.2020
528 336  0.0397  0.0183 90.2575
560 336  0.0782  0.0891 120.5413
592 336  0.0466  0.0474 261.5056
624 336  0.0560  0.0307 103.4932
656 336  0.0456  0.0383 85.7624
688 336  0.0386 -0.0168 173.8707
720 336  0.0652 -0.0002 136.9485
752 336  0.0643  0.0173 148.3303
784 336  0.1178 -0.0472 102.4439
816 336  0.0745 -0.0422 98.6134
848 336  0.0570 -0.0278 135.5215
880 336  0.1012 -0.0682 107.4112
912 336  0.1236 -0.0584 199.0106
944 336  0.0474 -0.0012 156.7934
976 336  0.0912 -0.0041 127.6515
1008 336  0.0781 -0.0150 141.1825
1040 336  0.0220 -0.0128 72.5903
1072 336  0.0375  0.0081 117.5484
1104 336  0.0883  0.1058 129.0971
1136 336  0.0574  0.0477 141.7970
1168 336  0.0077  0.0207 129.7239
 16 368 -0.1015 -0.2114 191.6121
 48 368 -0.4703 -0.1679 42.3549
 80 368 -0.0714 -0.1180 213.1393
112 368 -0.0986 -0.4587 33.9566
144 368 -0.1173 -0.1259 107.0924
176 368 -0.1011 -0.2134 74.5057
208 368 -0.0432 -0.1258 161.0826
240 368 -0.0072 -0.0649 32.6003
272 368 -0.0077 -0.0408 313.7746
304 368 -0.0030 -0.1029 229.3783
336 368  0.0208 -0.0510 31.1071
368 368  0.0218 -0.0393 260.3788
400 368  0.0338  0.0565 86.4042
432 368  0.0157  0.0198 170.8115
464 368  0.0663  0.0389 128.1558
496 368  0.0817  0.0545 150.2438
528 368  0.0579  0.0946 152.0260
560 368  0.1330  0.0614 166.4028
592 368  0.1189  0.1415 169.6404
624 368  0.0691 -0.0485 157.1095
656 368  0.0282  0.0389 74.7097
688 368 -0.0196  0.0125 96.7686
720 368  0.0714 -0.0305 105.2100
752 368  0.0465 -0.0265 106.8800
784 368  0.0197 -0.0620 210.8767
816 368  0.0800 -0.0344 182.4505
848 368  0.0866 -0.0638 76.5275
880 368  0.0935 -0.0605 149.9284
912 368  0.0748 -0.0115 157.2432
944 368  0.0657  0.0100 198.4101
976 368  0.1327 -0.1727 42.4369
1008 368  0.0471 -0.0596 339.2299
1040 368  0.0196 -0.0030 209.5784
1072 368  0.0208  0.0139 113.5863
1104 368  0.0198  0.0560 116.7795
1136 368  0.0133  0.1020 78.4006
1168 368  0.0276  0.0509 118.8831
 16 400 -0.1190 -0.6273 58.9315
 48 400 -0.5301 -0.2684 221.9350
 80 400 -0.3712 -0.3077 118.8043
112 400 -0.3623 -0.3026 110.3937
144 400 -0.1305 -0.4224 49.1507
176 400 -0.0805 -0.6018 60.6447
208 400 -0.2528 -0.1816 110.4144
240 400 -0.1260 -0.2064 175.2975
272 400 -0.0932 -0.1317 149.0675
304 400 -0.0055 -0.1294 213.8973
336 400 -0.0105 -0.0659 212.5275
368 400  0.0125 -0.0315 214.2572
400 400  0.0336  0.0141 63.9369
432 400  0.0675 -0.0064 193.1884
464 400  0.0838  0.0403 248.9240
496 400  0.0641  0.0238 115.9127
528 400  0.0947  0.0751 121.9547
560 400  0.0871  0.0719 182.1879
592 400  0.0745  0.0345 215.2801
624 400  0.0359  0.0740 118.1033
656 400  0.0743  0.0016 171.5397
688 400  0.1144  0.0127 210.2663
720 400  0.0298 -0.0293 206.5263
752 400  0.0334 -0.0356 83.2134
784 400  0.0933 -0.0874 167.8523
816 400  0.0530 -0.0495 130.9774
848 400  0.0509 -0.0854 171.6291
880 400  0.0157 -0.0088 248.4350
912 400  0.0978 -0.0583 115.8779
944 400  0.0562 -0.0292 112.7323
976 400  0.0764 -0.0033 86.9385
1008 400  0.0685 -0.0021 62.0051
1040 400  0.0393  0.1297 220.2165
1072 400  0.0315 -0.0064 127.6505
1104 400  0.0350  0.0569 132.0737
1136 400  0.0001  0.0558 108.2151
1168 400  0.0015  0.0410 65.2773
 16 432 -0.1665 -0.1919 72.5722
 48 432 -0.3342 -0.2015 18.3268
 80 432 -0.2054 -0.6692 226.7175
112 432 -0.6861 -0.8976 81.3490
144 432 -0.1900 -0.1931 13.4438
176 432 -0.1801 -0.2334 180.5735
208 432 -0.1066 -0.1348 72.2383
240 432 -0.1503 -0.1830 283.6039
272 432 -0.1942 -0.2253 302.5412
304 432 -0.0585 -0.1343 222.4951
336 432 -0.0387 -0.1822 191.5834
368 432  0.0426 -0.0845 130.5278
400 432  0.0445 -0.0170 170.6852
432 432  0.0983 -0.0056 127.9748
464 432  0.0726  0.0197 122.7528
496 432  0.0343  0.0481 97.6067
528 432  0.0514  0.0418 79.9619
560 432  0.0868  0.0680 120.7161
592 432  0.0778  0.0427 157.5305
624 432  0.0532  0.0415 91.2264
656 432  0.0570  0.1741 169.5773
688 432  0.0491  0.0178 69.3144
720 432  0.0516 -0.0078 129.7448
752 432  0.0959 -0.0613 117.4665
784 432  0.0729 -0.0383 181.0035
816 432  0.0633 -0.0571 141.1957
848 432  0.0744 -0.0670 178.7312
880 432  0.1157 -0.0678 103.8022
912 432  0.0875 -0.0045 97.7075
944 432  0.1360 -0.0482 76.1715
976 432  0.0512  0.0107 71.0740
1008 432  0.0126  0.0196 91.2627
1040 432  0.0323  0.0343 160.4903
1072 432  0.0200  0.0690 36.5316
1104 432  0.0203  0.0479 22.7293
1136 432 -0.0043  0.0855 77.7007
1168 432  0.0216  0.0491 144.4939
 16 464 -0.1785 -0.1948 56.3524
 48 464 -0.2832 -0.3435 237.6437
 80 464 -0.6661 -0.7636 153.9583
112 464 -0.2236 -0.6357 109.7451
144 464 -0.7081 -0.3525 76.3770
176 464 -0.3379 -0.4385 135.6057
208 464 -0.2063 -0.8050 172.4958
240 464 -0.2876 -0.3102 64.8127
272 464 -0.0804 -0.4091 254.5296
304 464 -0.0589 -0.2811 74.6810
336 464 -0.0464 -0.0980 56.6519
368 464  0.0123 -0.1115 165.8396
400 464  0.0690 -0.0377 205.8528
432 464  0.0415 -0.0002 125.5226
464 464  0.1139  0.0089 139.9433
496 464  0.0550  0.0332 26.9161
528 464  0.0713  0.0776 141.3447
560 464  0.1030  0.1328 171.3908
592 464  0.0787  0.0868 78.9259
624 464  0.0730  0.0599 151.1511
656 464  0.0483  0.0307 225.4309
688 464  0.0830  0.0102 140.5703
720 464  0.1543 -0.0429 96.1826
752 464  0.0672 -0.0482 130.5857
784 464  0.0878 -0.0389 115.9881
816 464  0.0798 -0.0722 105.2054
848 464  0.0704 -0.0794 33.3193
880 464  0.0465 -0.0524 64.2870
912 464  0.1170  0.0087 279.4282
944 464  0.0452  0.0099 60.6423
976 464  0.0462 -0.0056 163.0908
1008 464  0.0444 -0.0275 29.3203
1040 464  0.0328  0.0768 171.9116
1072 464  0.0235  0.0496 112.8605
1104 464 -0.0003  0.1104 139.2752
1136 464 -0.0308  0.0633 58.9187
1168 464 -0.0525  0.1623 82.6930
 16 496 -0.1544 -0.1332 36.7714
 48 496 -0.3077 -0.4337 224.7195
 80 496 -0.9500 -0.3415 133.1262
112 496 -0.6814 -0.2834 314.8637
144 496 -0.5627 -0.5026 139.5994
176 496 -0.0941 -0.4946 184.8063
208 496 -0.5570 -0.2718 111.3712
240 496 -0.3926 -0.4122 167.9177
272 496 -0.1959 -0.3871 34.4782
304 496 -0.1226 -0.2332 92.3581
336 496 -0.0428 -0.1770 121.8048
368 496 -0.0288 -0.1329 157.2664
400 496  0.0304 -0.1288 80.9684
432 496  0.1238 -0.0690 203.0266
464 496  0.1106 -0.0752 188.0172
496 496  0.1308  0.0742 214.1582
528 496  0.1561 -0.0140 222.2159
560 496  0.0480  0.0520 39.4172
592 496  0.0632  0.0953 33.3952
624 496  0.0535  0.0868 93.8060
656 496  0.0340  0.0748 110.5885
688 496  0.0372  0.0609 97.4545
720 496  0.0910  0.0588 163.2123
752 496  0.0827 -0.0421 91.5234
784 496  0.0528 -0.1135 178.0398
816 496  0.0338 -0.1063 99.0938
848 496  0.0384 -0.0613 83.1736
880 496  0.0985 -0.0869 91.9803
912 496  0.0595 -0.0108 42.0013
944 496  0.0686 -0.0100 232.3963
976 496  0.0324  0.0031 78.6866
1008 496  0.0512  0.0470 183.9692
1040 496  0.0009  0.0689 194.8324
1072 496 -0.0168  0.1285 87.0748
1104 496 -0.0358  0.0819 72.8208
1136 496 -0.0381  0.1047 48.0930
1168 496 -0.0147  0.0244 15.3005
 16 528 -0.3686 -0.3213 121.7974
 48 528 -0.3174 -0.4949 160.9380
 80 528 -0.6932 -0.6740 101.9679
112 528 -1.1045 -0.7177 43.7875
144 528 -0.3116 -0.4411 32.7801
176 528 -0.8286 -0.8537 249.3661
208 528 -0.6888 -0.6727 193.5152
240 528 -0.2315 -0.4026 152.2328
272 528 -0.0694 -0.1597 15.2872
304 528 -0.1661 -0.6609 195.2865
336 528 -0.0305 -0.4170 176.3610
368 528 -0.0055 -0.1486 216.5537
400 528  0.0240 -0.3538 198.8781
432 528  0.0739 -0.1057 167.8287
464 528  0.2128 -0.0611 221.9591
496 528  0.0827  0.0145 178.9806
528 528  0.0619  0.0332 21.3265
560 528  0.1065  0.0927 145.3156
592 528  0.1092  0.1650 64.3356
624 528  0.0765  0.0166 102.7413
656 528  0.0622  0.0926 145.0729
688 528  0.0337  0.0498 65.7356
720 528  0.0460  0.0260 109.2035
752 528 -0.0041  0.0032 37.2672
784 528  0.0523 -0.0269 155.6653
816 528  0.0824 -0.1120 110.3630
848 528  0.0784 -0.0152 160.6710
880 528  0.0837 -0.0182 109.6611
912 528  0.0610  0.0177 69.6442
944 528  0.0400  0.0309 139.0719
976 528  0.0085  0.0243 144.8914
1008 528  0.0055  0.1037 109.6782
1040 528 -0.0323  0.0709 97.9555
1072 528 -0.0241 -0.0584 192.0244
1104 528 -0.0570 -0.0875 163.5762
1136 528 -0.0842 -0.0350 54.4280
1168 528 -0.0553  0.0864 66.6488
 16 560 -0.7193 -0.2531 184.8866
 48 560 -0.0355 -0.0820 11.5348
 80 560 -0.6693 -0.6604 75.3290
112 560 -1.3671 -0.7417 71.2387
144 560 -0.8400 -0.8271 162.8726
176 560 -0.3192 -0.1374 18.0446
208 560 -0.4801 -0.6851 189.5258
240 560 -0.3602 -0.9031 174.5569
272 560 -0.1521 -0.7119 125.8836
304 560 -0.2857 -0.6043 190.5973
336 560 -0.1680 -0.6057 172.9386
368 560 -0.0132 -0.3710 99.6361
400 560  0.0747 -0.3618 73.6425
432 560  0.1967 -0.1182 235.3847
464 560  0.1110  0.0025 83.7411
496 560  0.2003  0.0441 71.9305
528 560  0.1161  0.0027 186.5014
560 560  0.2099  0.2080 70.5631
592 560  0.1329  0.1361 85.3583
624 560  0.1080  0.0945 173.5340
656 560  0.1141  0.1459 106.6440
688 560  0.0297  0.0452 182.8060
720 560  0.0170  0.0468 89.2500
752 560  0.0326  0.0247 96.3052
784 560  0.0570  0.0230 132.4537
816 560  0.0754 -0.0407 97.6535
848 560  0.0523 -0.0397 105.5526
880 560  0.0569 -0.0119 95.4895
912 560 -0.0045  0.0241 99.3958
944 560 -0.0017  0.1282 75.5064
976 560 -0.0043  0.0738 37.7105
1008 560 -0.0660  0.1635 129.3722
1040 560 -0.0398  0.1263 132.1846
1072 560 -0.0787  0.1200 97.3006
1104 560 -0.0674  0.0969 63.8730
1136 560 -0.0117  0.1521 101.9211
1168 560 -0.0777  0.0863 61.9243
 16 592 -0.1861 -0.3876 30.2092
 48 592 -0.3131 -0.4794 140.4284
 80 592 -0.7142 -0.6048 198.3587
112 592 -1.2645 -0.6847 66.4646
144 592 -1.0980 -0.9572 231.0226
176 592 -0.3886 -0.8542 97.4817
208 592 -0.8798 -0.7653 178.0782
240 592 -0.3564 -0.8569 163.4948
272 592 -0.2111 -1.1462 63.4192
304 592 -0.1888 -1.3740 153.6302
336 592 -0.0286 -0.7086 264.2529
368 592  0.0032 -0.5968 263.2934
400 592  0.2707 -0.7145 245.8174
432 592  0.3951 -0.1726 198.8645
464 592  0.2757 -0.0155 208.7897
496 592  0.3252  0.0306 129.9944
528 592  0.1862  0.0835 257.1487
560 592  0.1333  0.1195 213.6766
592 592  0.1334  0.1746 58.9224
624 592  0.0682  0.1502 138.4165
656 592 -0.0150  0.1512 230.6205
688 592  0.0460  0.1689 72.2660
720 592  0.0681  0.0288 95.0705
752 592  0.0035  0.0329 76.2418
784 592 -0.0809  0.1081 146.7814
816 592  0.0075  0.0144 39.8892
848 592 -0.0197  0.0178 229.5284
880 592 -0.0137  0.0462 146.6344
912 592  0.0088  0.0474 64.6758
944 592 -0.0156  0.0841 93.7358
976 592 -0.0932  0.1497 90.3099
1008 592 -0.0758  0.0988 146.5942
1040 592 -0.0505  0.1265 40.1630
1072 592 -0.0982  0.0214 122.8516
1104 592 -0.1440  0.2097 83.7652
1136 592 -0.0973  0.0882 136.2051
1168 592 -0.1916  0.2512 66.1497
 16 624 -0.2515 -0.0329 20.4170
 48 624 -0.2175 -0.2406 179.3157
 80 624 -0.7694 -0.6773 69.7029
112 624 -0.8676 -1.0613 86.1505
144 624 -0.5765 -1.3397 251.5798
176 624 -0.3921 -0.9753 71.2393
208 624 -0.7339 -1.2228 111.9154
240 624 -0.8891 -1.3183 81.0487
272 624 -0.5272 -1.3834 19.1848
304 624 -0.1295 -0.9506 325.5297
336 624 -0.0529 -0.8018 74.8884
368 624  0.0238 -0.7192 52.2950
400 624  0.0670 -0.6393 53.2247
432 624  0.1778 -0.2647 44.6871
464 624  0.4433 -0.1339 257.9853
496 624  0.2433  0.1762 143.0456
528 624  0.3255  0.1199 178.6521
560 624  0.2860  0.2127 64.2372
592 624  0.1491  0.1392 152.2631
624 624  0.1577  0.1443 34.7175
656 624  0.0620  0.2469 176.4832
688 624  0.1377  0.1379 136.7354
720 624  0.0493  0.0523 159.1600
752 624  0.0300  0.0355 150.7162
784 624  0.0039 -0.0278 116.1634
816 624 -0.0237  0.0120 76.8110
848 624 -0.0559  0.1071 95.7662
880 624 -0.0795  0.1738 79.7042
912 624 -0.0524  0.0784 147.0605
944 624 -0.0530  0.2160 89.6116
976 624 -0.1631  0.1496 86.5947
1008 624 -0.1049  0.1350 94.7624
1040 624 -0.1873  0.1217 132.8849
1072 624 -0.1437  0.2310 163.3841
1104 624 -0.1018  0.1116 69.9907
1136 624 -0.0695  0.1233 66.6699
1168 624 -0.0855  0.1111 89.6442
 16 656 -0.1671 -0.1726 85.7314
 48 656 -0.2235 -0.1230 298.0825
 80 656 -0.5872 -0.6630 162.5961
112 656 -0.6890 -0.3402 179.1903
144 656 -1.2739 -0.9512 204.5644
176 656 -0.9404 -0.8761 187.7366
208 656 -1.1520 -0.8526 92.8549
240 656 -1.1117 -1.3158 146.9836
272 656 -0.8545 -2.0094 45.0260
304 656 -0.3866 -0.9458 21.0222
336 656 -0.8610 -1.3920 165.3072
368 656 -0.9776 -1.0799 74.1778
400 656 -0.9062 -1.1693 339.4479
432 656  0.0780 -0.1316 95.6227
464 656  0.0548 -0.1971 185.0793
496 656  0.1624 -0.0274 52.9374
528 656  0.2510  0.2366 124.3903
560 656  0.3337  0.1386 184.6417
592 656  0.2788  0.1090 108.6677
624 656  0.1043  0.2336 156.7006
656 656  0.1055  0.0986 145.1063
688 656  0.1702  0.0750 199.3423
720 656  0.0265 -0.0701 137.1135
752 656  0.0722 -0.0508 206.4324
784 656 -0.0211 -0.2603 140.7903
816 656 -0.0743 -0.1193 118.8123
848 656 -0.0844  0.0425 88.4784
880 656 -0.1730  0.2009 181.8767
912 656 -0.1876  0.1829 97.5440
944 656 -0.1375  0.2034 70.7664
976 656 -0.2206  0.2084 85.3846
1008 656 -0.1812  0.1696 144.1967
1040 656 -0.1863  0.1308 36.9550
1072 656 -0.2395  0.1887 133.0613
1104 656 -0.1656  0.1951 123.2669
1136 656 -0.1139  0.0694 58.2939
1168 656 -0.0778  0.1387 53.5631
 16 688 -0.0108  0.0053 15.2793
 48 688 -0.1247 -0.1495 262.9084
 80 688 -0.7157 -0.2560 169.8496
112 688 -0.5920 -0.2357 155.6382
144 688 -0.9032 -0.6689 26.1433
176 688 -0.2321 -0.3053 21.5761
208 688 -1.0379 -1.2264 60.4142
240 688 -1.1317 -1.3880 46.5438
272 688 -1.7775 -1.8630 25.0321
304 688 -1.1814 -1.3938 202.4050
336 688 -1.6008 -1.1697 95.5862
368 688 -1.8637 -1.4028 47.3376
400 688 -1.5663 -1.4073 143.1106
432 688 -1.1935 -1.1404 86.6871
464 688 -1.1016 -0.7307 105.2293
496 688 -0.2631 -0.1755 152.9086
528 688  0.2739  0.0018 162.2290
560 688  0.0862  0.2060 68.1587
592 688  0.1858  0.3965 125.9928
624 688  0.2405  0.3313 216.7103
656 688  0.1773  0.2607 87.2810
688 688  0.0778 -0.0266 205.5357
720 688  0.0342  0.0121 177.6964
752 688  0.0194 -0.2704 68.1065
784 688 -0.1140 -0.2163 55.9044
816 688 -0.1233 -0.2989 79.8511
848 688 -0.1069 -0.2099 131.4418
880 688 -0.1898  0.1083 97.4960
912 688 -0.1956  0.0420 73.9457
944 688 -0.1691  0.2062 64.4674
976 688 -0.2790  0.1751 107.8342
1008 688 -0.4343  0.1249 76.0771
1040 688 -0.1972  0.1507 57.6841
1072 688 -0.2366  0.1127 177.3892
1104 688 -0.2296  0.0194 163.1588
1136 688 -0.2167  0.0691 294.4182
1168 688 -0.1403  0.0773 179.3484
 16 720 -0.0816 -0.0770 147.7260
 48 720 -0.0357 -0.0048 41.9707
 80 720 -0.1986 -0.1016 137.4270
112 720 -0.2808 -0.3059 82.1131
144 720 -0.1894 -0.1186 37.4961
176 720 -1.2462 -0.6797 41.0296
208 720 -1.4275 -0.7599 88.4994
240 720 -1.2769 -1.1859 190.5157
272 720 -1.8882 -1.3510 117.4623
304 720 -2.2511 -1.8146 32.8897
336 720 -0.0273 -0.3102 16.7483
368 720 -1.8849 -1.0696 118.9101
400 720 -2.0892 -0.9675 17.5890
432 720 -1.8281 -1.1380 25.8194
464 720 -1.6888 -1.1108 63.4080
496 720 -0.7060 -0.2332 13.1850
528 720 -0.4294 -0.1555 114.5060
560 720 -0.2612  0.0741 125.9754
592 720  0.0977  0.2825 128.7295
624 720  0.1739  0.4948 71.3462
656 720  0.2184  0.2763 116.6923
688 720  0.2287  0.0210 119.6909
720 720  0.1236 -0.1577 67.4754
752 720  0.0552 -0.1511 19.2746
784 720 -0.0191 -0.7389 26.6916
816 720 -0.0336 -0.4038 29.5626
848 720 -0.1000 -0.4426 38.3336
880 720 -0.1585 -0.0695 44.5637
912 720 -0.1763  0.0744 178.0406
944 720 -0.2605  0.1819 164.7545
976 720 -0.1745  0.1084 25.4412
1008 720 -0.2862  0.0658 29.2818
1040 720 -0.4315  0.2346 167.9374
1072 720 -0.2497  0.0798 21.3760
1104 720 -0.5956  0.0131 158.1002
1136 720 -0.1940  0.2040 54.8245
1168 720 -0.1355  0.0782 43.8633
 16 752 -0.0058 -0.0257 144.7291
 48 752 -0.0615 -0.1216 61.5427
 80 752 -0.1671 -0.1295 149.2941
112 752 -0.2241 -0.0836 142.7659
144 752 -0.6481 -0.3361 68.1570
176 752 -0.9418 -0.6661 137.2037
208 752 -1.0726 -0.7135 26.8514
240 752 -1.5171 -1.3435 93.3064
272 752 -2.0975 -1.8612 141.2321
304 752 -1.5426 -1.4038 93.3897
336 752 -1.2101 -0.2029 114.9912
368 752 -1.6354 -0.0692 27.2206
400 752 -1.7146 -0.2078 43.6081
432 752 -2.2305 -0.6528 18.0560
464 752 -1.7163 -0.9846 48.1732
496 752 -1.5470 -1.0256 24.7025
528 752 -1.0097 -0.5347 69.3789
560 752 -0.2252 -0.0495 112.4873
592 752 -0.0568  0.1258 60.4567
624 752  0.0453  0.2136 59.4913
656 752  0.2110  0.1312 19.6116
688 752  0.2776 -0.0028 80.4753
720 752  0.0480 -0.1010 11.8761
752 752  0.0522 -0.4126 12.2910
784 752  0.0720 -0.3438 27.6180
816 752 -0.0177 -0.5070 19.2379
848 752 -0.0843 -0.4926 33.0446
880 752 -0.0996 -0.4694 34.3965
912 752 -0.0381 -0.0424 18.5093
944 752 -0.1639  0.0169 57.6073
976 752 -0.2518  0.0624 98.9745
1008 752 -0.2362  0.1430 145.0178
1040 752 -0.1904  0.0927 167.5389
1072 752 -0.3443  0.1260 66.8908
1104 752 -0.2426  0.0707 182.6138
1136 752 -0.0912  0.3680 149.3572
1168 752 -0.0890  0.2117 158.0536
 16 784 -0.0220 -0.0178 75.9880
 48 784 -0.0074 -0.0018 37.4618
 80 784 -0.2230 -0.0518 70.1101
112 784 -0.0685 -0.1074 59.1102
144 784 -0.2430 -0.0421 63.4753
176 784 -0.1856 -0.0412 32.3610
208 784 -0.9407 -0.5440 74.2048
240 784 -1.1517 -1.5130 209.5789
272 784 -1.2284 -1.7089 23.8026
304 784 -0.0313 -0.1461 12.4356
336 784 -0.4986  0.1316 58.5209
368 784  0.1472  0.0294 25.1737
400 784  0.2291 -0.0128 12.9267
432 784  0.1744 -0.0493 27.6680
464 784 -0.2843 -0.1034 20.9625
496 784 -0.4791 -0.5299 26.8633
528 784 -0.4011 -0.2292 20.2163
560 784 -0.4853 -0.2422 118.7753
592 784 -0.2339 -0.0311 119.7573
624 784  0.0776  0.1486 45.6358
656 784  0.1235  0.2801 34.0191
688 784  0.0590  0.0150 22.3424
720 784  0.3026 -0.1539 21.3123
752 784  0.2033 -0.3698 12.9188
784 784  0.0417 -0.1947 12.1398
816 784 -0.0005 -0.5910 17.6549
848 784  0.0517 -0.1460  9.5837
880 784 -0.0524 -0.0861  7.8244
912 784  0.0137 -0.0020  8.9640
944 784 -0.0448 -0.0022 12.8312
976 784 -0.2169 -0.0167 124.4068
1008 784 -0.4473  0.0941 73.1423
1040 784 -0.2343 -0.1052 139.2584
1072 784 -0.4184  0.1017 75.0392
1104 784 -0.1915  0.0136 38.2282
1136 784 -0.3396  0.0963 144.4605
1168 784 -0.1580  0.0528 108.7569
 16 816  0.0020  0.0082 75.9218
 48 816  0.0719 -0.0087 49.6939
 80 816 -0.0494 -0.0339 24.2067
112 816 -0.0828 -0.0388 196.1402
144 816 -0.3212 -0.1440 80.8581
176 816 -0.0989 -0.0431 24.2687
208 816 -0.2877 -0.0848 72.3374
240 816 -1.4744 -1.0984 179.8315
272 816 -1.1155 -1.3983 23.4126
304 816 -0.0580 -0.1642 10.5281
336 816  0.1869  0.0320 50.1130
368 816  0.1412  0.6934  5.6192
432 816  0.0070 -0.0078  4.1001
464 816  0.0724 -0.0735  4.5689
496 816  0.2170 -0.1657 10.4063
528 816 -0.7324 -0.5434 63.6153
560 816 -0.5179 -0.4206 73.5595
592 816 -0.1562  0.0053 94.8838
624 816  0.0327  0.0585 38.6297
656 816  0.0444  0.1505 38.3133
688 816  0.0463  0.0169 26.2587
720 816 -0.0221 -0.0741 10.6504
752 816  0.0616 -0.0906 10.7510
784 816  0.1225 -0.0303 12.0784
816 816 -0.0091 -0.0204 10.8931
848 816  0.0188  0.0042 13.3122
880 816 -0.0054 -0.0234  7.8338
912 816  0.0253  0.0223 14.7735
944 816 -0.0276  0.0329  8.9123
976 816 -0.1156  0.0661 12.6739
1008 816 -0.0326  0.0452 19.6838
1040 816 -0.5386  0.1079 48.2917
1072 816 -0.1405  0.0310 171.2004
1104 816 -0.2961  0.0411 102.2835
1136 816 -0.1893  0.0728 91.3234
1168 816 -0.1797  0.0153 103.2155
 16 848  0.0564 -0.0036 35.9233
 48 848  0.0550  0.0141 51.5280
 80 848  0.0414  0.0042 26.7782
112 848 -0.0046  0.0011 116.8963
144 848 -0.2783 -0.0048 42.8862
176 848 -0.2491  0.0196 29.9191
208 848 -0.2338 -0.0699 181.6317
240 848 -1.2041 -0.9897 105.3528
272 848 -0.6032 -0.4430 17.8674
304 848 -0.5035 -0.1546 22.3918
336 848 -0.0139  0.4284 41.5843
368 848  0.1495  0.2976  4.6397
496 848  0.0430 -0.0430  4.1416
528 848  0.0928 -0.1912 51.0160
560 848 -0.0296  0.0129 28.6162
592 848 -0.0583  0.0498 91.1004
624 848 -0.0086  0.1204 91.0126
656 848 -0.0981  0.0501 25.5362
688 848  0.0546  0.0092 113.9472
720 848 -0.0021 -0.0075 11.4694
752 848 -0.0037  0.0768  7.0512
784 848  0.0480 -0.0085  8.5112
816 848 -0.0160 -0.0400 15.5732
848 848 -0.0346  0.0244 12.8244
880 848  0.0186  0.0343 12.1501
912 848  0.0484  0.0291 10.2331
944 848 -0.0251 -0.0226 14.2160
976 848 -0.1281  0.0668 12.8983
1008 848  0.0716  0.2082 11.2745
1040 848 -0.4202 -0.0142 63.3625
1072 848 -0.2364  0.0179 48.7525
1104 848 -0.2696  0.0743 33.3903
1136 848 -0.1782  0.0236 165.1068
1168 848 -0.0547  0.0253 91.8468
 16 880  0.0011  0.0068 18.9489
 48 880  0.0992  0.0050 67.1507
 80 880  0.0366  0.0258 240.8523
112 880  0.0332  0.0110 174.0772
144 880  0.0528  0.0302 174.3542
176 880  0.0992  0.0564 181.9841
208 880 -0.1377  0.0505 29.4921
240 880 -0.2215 -0.2900 26.4966
272 880 -1.1347 -1.2263 208.6290
304 880 -0.4782 -0.4876 16.2281
336 880 -0.1637  0.0776 32.2871
368 880 -0.1169  0.1052  4.1542
528 880 -0.0015 -0.0110 12.8096
560 880 -0.0768  0.1969  6.3395
592 880 -0.0397  0.0469 15.6488
624 880 -0.0373  0.0643 15.1099
656 880 -0.2935  0.0731 10.5828
688 880  0.0123  0.0479 81.4695
720 880  0.0011  0.0083 20.4829
752 880 -0.0154  0.0037 14.0567
784 880 -0.0052 -0.0189 12.7904
816 880 -0.1669  0.0018  9.3291
848 880 -0.0260 -0.0101 16.0374
880 880  0.0333 -0.0160 18.8078
912 880  0.0116  0.0575 12.5302
944 880 -0.0182 -0.0230 12.0801
976 880  0.0182 -0.0911 10.8475
1008 880 -0.1564 -0.0122 15.7900
1040 880 -0.5011  0.0347 159.9050
1072 880 -0.1694 -0.0400 142.8400
1104 880 -0.2150  0.0223 73.4775
1136 880 -0.1526 -0.0496 192.3785
1168 880 -0.2019  0.0594 83.9341
 16 912  0.0690 -0.0007 17.0975
 48 912  0.1595  0.0210 24.1652
 80 912  0.0732  0.0088 261.4970
112 912  0.1012  0.0352 124.1980
144 912  0.0540  0.0525 182.4853
176 912 -0.0180  0.0558 173.2760
208 912  0.0629  0.0230 32.8282
240 912  0.0440 -0.0214 164.2406
272 912 -0.0312 -0.1605 64.4290
304 912 -0.3560 -0.4702 44.4922
336 912 -0.8026 -1.0138 16.1568
368 912 -0.2693  0.5387 13.9050
400 912 -0.1009  0.1291  4.1933
528 912  0.0049  0.0557  4.2154
592 912 -0.1350  0.1741  5.1786
624 912 -0.1258 -0.0229  7.2256
656 912 -0.2394  0.0309  8.0615
688 912 -0.0412 -0.0161 22.6752
720 912  0.0411  0.0262  9.6958
752 912  0.0073 -0.0020  6.3155
784 912 -0.0158 -0.0229 27.1293
816 912 -0.0134 -0.0162  5.1171
848 912  0.0312 -0.0286  7.8528
880 912 -0.0320 -0.0115 11.8030
912 912 -0.0012  0.0085 15.5273
944 912  0.7578  0.1250 11.6868
976 912 -0.0279  0.0118 10.8190
1008 912 -0.5437 -0.0005 74.7934
1040 912 -0.3093 -0.0957 41.7154
1072 912 -0.4216 -0.0590 113.4210
1104 912 -0.3231 -0.0059 124.0921
1136 912 -0.3227 -0.0010 79.0900
1168 912 -0.2165 -0.0204 139.8883
 16 944  0.0449  0.0079 15.8935
 48 944  0.0807  0.0302 41.2665
 80 944  0.1118  0.0332 195.9021
112 944  0.2861  0.0095 126.0381
144 944  0.1928  0.0177 141.1425
176 944  0.1549  0.1009 277.8999
208 944  0.1372 -0.0329 175.6969
240 944  0.1301 -0.1973 189.0352
272 944  0.0734 -0.4845 105.8600
304 944 -0.0909 -1.0278 85.8744
336 944 -0.4723 -0.9199 23.2401
368 944 -0.4669 -0.4522 74.9617
400 944 -0.0748  0.5945 11.2353
432 944  0.0065  0.6534  5.0102
464 944  0.0840  0.1530  6.1070
496 944  0.0542  0.0420 10.4207
528 944  0.0646 -0.0333  4.7019
656 944 -0.2136  0.0237  5.3856
688 944 -0.0238 -0.0383  6.8902
720 944  0.0249 -0.0257  4.3806
752 944  0.0303 -0.0007  4.9998
784 944  0.0056  0.0005  4.4596
816 944 -0.0336 -0.0210  4.4818
848 944 -0.0115  0.0202 11.3180
880 944 -0.0123  0.2251  7.5704
912 944  0.0052  0.4937  7.9286
944 944  0.0987  0.1266 14.4475
976 944 -0.0224 -0.1418 57.7647
1008 944 -0.4820 -0.1261 71.3840
1040 944 -0.2978 -0.1789 65.8044
1072 944 -0.3704 -0.1265 44.7196
1104 944 -0.3027 -0.0722 77.9105
1136 944 -0.2870 -0.0686 59.3612
1168 944 -0.0764 -0.0314 109.0164
 16 976  0.0932  0.0345 22.1815
 48 976  0.1659  0.0645 72.5515
 80 976  0.0791 -0.0265 20.4030
112 976  0.0827  0.0248 247.6508
144 976  0.1263  0.0936 324.0516
176 976  0.0931  0.0293 191.9174
208 976  0.1441  0.0017 98.6667
240 976  0.2587 -0.1432 74.3924
272 976  0.1286 -0.1018 147.2849
304 976  0.0779 -0.8898 73.8758
336 976 -0.1087 -0.8278 74.2765
368 976 -0.2650 -0.4838 136.6351
400 976 -0.0205 -0.1134 16.2702
432 976  0.1694  0.0253 15.2837
464 976  0.1879 -0.0711 16.1880
496 976  0.1018  1.2317 13.2567
528 976  0.3373 -0.0587  6.7867
784 976  0.0102  0.0048  4.2965
816 976  0.0390  0.0085 12.2401
848 976 -0.2043 -0.1972 41.9287
880 976 -0.2403 -0.1580 153.5736
912 976 -0.1783 -0.2487 26.4898
944 976 -0.1714 -0.0528 29.1719
976 976 -0.2617 -0.2016 66.7860
1008 976 -0.3644 -0.2457 95.0561
1040 976 -0.5191 -0.0584 72.7939
1072 976 -0.2022 -0.0801 75.0597
1104 976 -0.2050 -0.0797 72.0395
1136 976 -0.2333 -0.0419 81.6784
1168 976 -0.2144 -0.0016 80.4407
 16 1008  0.0387 -0.0015 62.3640
 48 1008  0.2128 -0.0049 115.8976
 80 1008  0.1592  0.0231 110.9471
112 1008  0.2176  0.0406 51.9810
144 1008  0.3344 -0.0236 266.1130
176 1008  0.7130  0.0297 107.1541
208 1008  0.3044 -0.1075 164.1260
240 1008  0.3228 -0.0857 79.8852
272 1008  0.4075 -0.2474 106.4727
304 1008  0.1127 -0.0223 14.1376
336 1008  0.0951 -0.5811 36.8004
368 1008  0.1542 -0.7038 61.6931
400 1008  0.0511 -0.1335 14.4559
432 1008  0.0609 -0.0727 16.9530
464 1008 -0.0080 -0.0074 13.1749
496 1008  0.0279 -0.0144 24.2431
528 1008  0.0703  0.0257 10.3308
560 1008  0.0689 -0.0664  6.9882
784 1008  0.0246  0.0168  5.9618
816 1008  0.0170 -0.0095 21.5589
848 1008 -0.1458 -0.0786 70.8876
880 1008 -0.2555 -0.2275 26.3645
912 1008 -0.1108 -0.0729 15.6232
944 1008 -0.2783 -0.0932 67.4267
976 1008 -0.2483 -0.1169 41.3559
1008 1008 -0.2846 -0.1067 39.0998
1040 1008 -0.2916 -0.0202 32.0346
1072 1008 -0.1788 -0.0756 75.7726
1104 1008 -0.1580 -0.0396 142.2101
1136 1008 -0.3333 -0.0505 26.0804
1168 1008 -0.2041 -0.0736 51.6862
 16 1040  0.1097  0.0172 188.2578
 48 1040  0.2799  0.0291 29.5048
 80 1040  0.1633 -0.0015 260.9919
112 1040  0.0879  0.0188 144.6963
144 1040  0.2332  0.0214 93.3997
176 1040  0.2582  0.0176 173.6863
208 1040  0.6789 -0.0007 269.8853
240 1040  0.4156 -0.0517 103.8551
272 1040  0.2461 -0.2256 112.8844
304 1040  0.3625 -0.1820 18.1021
336 1040  0.2167 -0.1862 21.1959
368 1040  0.6038 -0.6356 31.4477
400 1040  0.0767 -0.0623 13.7049
432 1040  0.1080 -0.0497 14.7826
464 1040  0.0553 -0.0986 21.8119
496 1040  0.0426 -0.0981  8.3983
528 1040  0.0707 -0.2017 14.0611
560 1040  0.0398 -0.0750 13.0377
592 1040 -0.0725  0.0076  4.2010
752 1040  0.0253  0.0088  5.3951
784 1040  0.0028  0.0253 12.3700
816 1040 -0.0216  0.0124 25.0649
848 1040 -0.1277  0.0010 36.3626
880 1040 -0.0590 -0.0362 14.3065
912 1040 -0.2705 -0.0731 86.8089
944 1040 -0.1963 -0.0638 18.4226
976 1040 -0.3340 -0.2178 112.2175
1008 1040 -0.2365 -0.0561 54.8679
1040 1040 -0.2419 -0.0983 59.9307
1072 1040 -0.2881 -0.0435 80.4620
1104 1040 -0.1319 -0.1413 36.1759
1136 1040 -0.0758 -0.0460 36.6594
1168 1040 -0.1841 -0.0971 154.3747
 16 1072  0.1276  0.0499 141.3990
 48 1072  0.3233  0.0055 33.5317
 80 1072  0.2549  0.0045 219.0437
112 1072  0.5202 -0.0026 111.3184
144 1072  0.2138 -0.0212 43.9882
176 1072  0.4785 -0.0018 29.9693
208 1072  0.1121 -0.0020 58.9127
240 1072  0.3946 -0.0698 143.0315
272 1072  0.6692 -0.1015 81.6326
304 1072  0.3329 -0.1055 151.1457
336 1072  0.3152 -0.2260 137.4375
368 1072  0.1011 -0.4131 85.7461
400 1072 -0.0058 -0.0151 14.5145
432 1072  0.0519 -0.0142 14.3240
464 1072  0.0668 -0.1195 20.0534
496 1072  0.0377 -0.0800 10.7048
528 1072 -0.0002 -0.0443 13.9336
560 1072  0.0482 -0.0268 18.4075
592 1072 -0.0067 -0.0146 11.1361
624 1072 -0.0695 -0.0395  5.8015
656 1072 -0.1554 -0.1712  6.5103
688 1072 -0.0258 -0.0083  4.2140
752 1072 -0.0081  0.0081  4.1924
784 1072  0.0197 -0.0256  6.8209
816 1072 -0.0078 -0.0198 11.2091
848 1072 -0.0279 -0.0049 22.7687
880 1072  0.0082  0.0032 18.7862
912 1072 -0.0303  0.0328 53.0556
944 1072  0.0003 -0.0054 49.2847
976 1072 -0.1159  0.0519 33.5941
1008 1072 -0.1054 -0.0483 28.7213
1040 1072 -0.2294 -0.0246 129.1817
1072 1072 -0.0857 -0.0300 24.4748
1104 1072 -0.1608 -0.0153 134.8873
1136 1072 -0.0482 -0.0541 18.1357
1168 1072 -0.0807 -0.1975 71.0632
 16 1104  0.0631  0.0001 40.4789
 48 1104  0.2154  0.0065 48.6735
 80 1104  0.0458 -0.0220 21.2520
112 1104  0.2167 -0.0194 105.0066
144 1104  0.3431 -0.0024 68.4432
176 1104  0.2008 -0.0704 54.4284
208 1104  0.2390  0.0033 66.4479
240 1104  0.1346 -0.1312 334.1417
272 1104  0.2932 -0.1607 60.8613
304 1104  0.2218 -0.1392 88.8080
336 1104  0.2862 -0.1288 159.4525
368 1104  0.7562 -0.1513 136.6305
400 1104  0.0686 -0.0570 14.3508
432 1104  0.0101 -0.0264 25.1146
464 1104  0.2016 -0.0824 26.5801
496 1104  0.1102 -0.1098 18.8900
528 1104  0.1672 -0.1773 19.0697
560 1104  0.0155 -0.0455 13.5913
592 1104 -0.0019 -0.0427 13.9303
624 1104  0.0475 -0.0168 14.2466
656 1104 -0.1176 -0.0035 12.8024
688 1104 -0.0069  0.0202  5.9727
848 1104 -0.0091 -0.0127  4.8944
880 1104  0.0987 -0.0779  5.9256
912 1104 -0.0028 -0.0019 11.2965
944 1104  0.0038 -0.0089 13.8432
976 1104  0.0323  0.0139  8.8821
1008 1104 -0.0193 -0.0021 19.2880
1040 1104  0.0059 -0.0089 27.6869
1072 1104 -0.0221 -0.0059 17.2499
1104 1104 -0.0400 -0.0219 20.9672
1136 1104 -0.0331 -0.0015 16.6825
1168 1104 -0.0349 -0.0214 35.2664
 16 1136  0.0268  0.0095 14.7950
 48 1136  0.3775 -0.0014 55.0099
 80 1136  0.1409 -0.0058 113.5599
112 1136  0.0810  0.0156 83.9369
144 1136  0.4731 -0.0299 89.7152
176 1136  0.4924 -0.0337 218.6763
208 1136  0.1032 -0.0319 128.1382
240 1136  0.2103 -0.1303 58.8598
272 1136  0.2312 -0.1380 89.9081
304 1136  0.1825 -0.1462 220.4324
336 1136  0.2783 -0.0745 98.4976
368 1136  0.3539 -0.2763 74.0851
400 1136  0.0057  0.0368 17.6564
432 1136  0.0131  0.0264 10.8863
464 1136  0.0717 -0.1229 34.8435
496 1136  0.0301 -0.0215 12.7959
528 1136  0.0101 -0.3493 12.1262
560 1136 -0.1062 -0.1096  9.4061
592 1136  0.0360  0.0160 11.1170
624 1136  0.0086 -0.0726 16.2767
656 1136  0.0403 -0.2947 20.7327
688 1136 -0.0145 -0.0072 14.7353
720 1136 -0.0313  0.0182  4.8747
752 1136  0.0178  0.0263  4.8750
784 1136  0.0754  0.0389  5.2556
816 1136 -0.0254  0.0320  8.8545
848 1136 -0.0076  0.0254  9.0931
880 1136 -0.0384  0.0272  4.2687
976 1136 -0.0114  0.0025  4.2401
1008 1136  0.0025  0.0043  5.0467
1040 1136  0.0171 -0.0175  4.7539
1072 1136 -0.0127 -0.0222  5.3836
1104 1136  0.0196 -0.0011  7.4932
1136 1136  0.0128  0.0063  9.1081
1168 1136  0.0136 -0.0009 17.6386
 16 1168  0.0183  0.0197 16.0993
 48 1168  0.0357 -0.0104 19.1299
 80 1168  0.0905 -0.0184 37.4465
112 1168  0.1031 -0.0152 57.2174
144 1168  0.2091 -0.0347 82.7985
176 1168  0.3217 -0.0195 88.4581
208 1168  0.7439 -0.0224 85.9057
240 1168  0.2723 -0.0574 35.8654
272 1168  0.1584 -0.1546 119.6645
304 1168  0.3560 -0.1284 54.6162
336 1168  0.1540 -0.1981 133.4426
368 1168  0.2433 -0.1528 155.0696
400 1168  0.0033 -0.0118 14.4505
432 1168  0.0561 -0.0820 19.0984
464 1168  0.0890 -0.1045 14.2160
496 1168  0.0331 -0.0204 14.4356
528 1168  0.0128  0.0024 19.5195
560 1168  0.1225 -0.0907 14.2334
592 1168  0.0216 -0.0680 12.6853
624 1168  0.0304 -0.0197 11.6946
656 1168  0.0312  0.0040 17.1423
688 1168  0.0117 -0.0163 18.1386
720 1168 -0.0160  0.0127 11.7256
752 1168  0.0287  0.0106  9.9894
784 1168  0.0720  0.0416  8.1871
816 1168  0.0749  0.0162 13.8785
848 1168 -0.0283 -0.0164 15.4629
880 1168  0.0059  0.0161 12.9292
912 1168 -0.0104  0.0051 11.7930
944 1168 -0.0081  0.0206  5.9370
976 1168  0.0061  0.0045  5.1520
1104 1168 -0.0150  0.0181  4.1413
1136 1168  0.0107 -0.0290  4.5450
1168 1168  0.0108 -0.0015  4.6308
 16 1200  0.0873 -0.0272 77.8193
 48 1200  0.0719 -0.0108 13.9683
 80 1200  0.0373 -0.0086 12.8971
112 1200  0.0667  0.0145 146.6163
144 1200  0.0836  0.0042 53.3406
176 1200  0.1069  0.0015 110.2645
208 1200  0.2138 -0.0512 277.2118
240 1200  0.1940 -0.0743 112.1054
272 1200  0.0815 -0.0705 75.1782
304 1200  0.1199 -0.1643 99.6522
336 1200  0.4235 -0.2033 126.3957
368 1200  0.1808 -0.2547 52.8716
400 1200  0.0077  0.0083 14.6791
432 1200  0.0147 -0.0199 13.7179
464 1200 -0.0077 -0.0335 10.8678
496 1200  0.0103 -0.0557 16.3008
528 1200 -0.0026  0.0248 19.8370
560 1200  0.0160  0.0183 15.4774
592 1200  0.0332 -0.0649 18.3269
624 1200  0.0150 -0.1174 34.3399
656 1200  0.0163 -0.0035 48.5773
688 1200 -0.0306  0.0164 13.0198
720 1200  0.0102  0.0048 18.8659
752 1200  0.0378  0.0162 15.9018
784 1200  0.0683 -0.0471 10.7796
816 1200 -0.0463 -0.0323 12.0489
848 1200  0.0513  0.0394 10.1603
880 1200 -0.0334 -0.0134 15.6383
912 1200  0.0339  0.0048 17.6366
944 1200  0.0456  0.0000 15.5346
976 1200  0.0003 -0.0055 14.5366
1008 1200  0.0088 -0.0087 15.0049
1040 1200 -0.0037  0.0071  8.2747
1072 1200 -0.0317  0.0489  6.0302
1104 1200 -0.0050  0.0522  4.8577
1136 1200 -0.0328 -0.0112  4.2474
1168 1200 -0.0228  0.0203  4.1919
 16 1232  0.0536 -0.0115 11.6161
 48 1232  0.0443  0.0026 49.9778
 80 1232  0.1727 -0.0465 89.7622
112 1232  0.0137 -0.0074 27.8655
144 1232  0.1498 -0.0822 235.5138
176 1232  0.0645 -0.0296 175.1897
208 1232  0.4920 -0.1027 105.6643
240 1232  0.1208 -0.0852 27.5892
272 1232  0.0704 -0.0701 94.8410
304 1232  0.1339 -0.1126 194.3100
336 1232  0.1686 -0.1772 122.9671
368 1232  0.1285 -0.1975 215.2113
400 1232 -0.0035 -0.0116 38.1353
432 1232  0.0025 -0.0076 10.6058
464 1232  0.0085 -0.0115 17.9648
496 1232 -0.0349  0.0671 17.2503
528 1232  0.0000 -0.0157 13.1864
560 1232 -0.0017 -0.0508 20.2167
592 1232 -0.0161  0.0116 16.8084
624 1232 -0.0159 -0.0005 12.4806
656 1232  0.0043 -0.0172 14.3678
688 1232 -0.0078  0.0387 11.3647
720 1232 -0.0288 -0.0025 12.7765
752 1232  0.0528  0.0011 17.3735
784 1232  0.1189 -0.0067 13.7325
816 1232  0.0011  0.0498 20.3147
848 1232  0.0839 -0.0367 11.5794
880 1232  0.0307 -0.0092  8.0331
912 1232  0.0331  0.0267  8.3176
944 1232  0.0628  0.0467 13.8233
976 1232  0.0725  0.0154 10.9317
1008 1232 -0.0028 -0.0244 15.0521
1040 1232 -0.0077  0.0024 13.9040
1072 1232  0.0735  0.0022 12.0374
1104 1232  0.0111  0.0215 13.1946
1136 1232  0.0481 -0.0121 11.7610
1168 1232  0.0375  0.0027 12.3174
 16 1264  0.0591 -0.0010 32.3348
 48 1264  0.1053  0.0571 24.1633
 80 1264  0.1541 -0.0237 244.8766
112 1264  0.1016 -0.0687 55.9458
144 1264  0.0945 -0.0264 72.4690
176 1264  0.1848 -0.0586 93.4706
208 1264  0.1548 -0.0545 39.2874
240 1264  0.0611 -0.0770 133.0761
272 1264  0.1233 -0.0079 17.5498
304 1264  0.0983 -0.0328 66.5164
336 1264  0.1087 -0.0261 46.9270
368 1264  0.0606 -0.0784 28.3957
400 1264  0.0702 -0.0082 13.2096
432 1264  0.2516 -0.0650 55.1462
464 1264  0.0071 -0.0774 12.1409
496 1264  0.0088 -0.0292 19.3915
528 1264  0.0167 -0.0043 15.2186
560 1264  0.0439 -0.0206 11.0619
592 1264 -0.0101 -0.0011 11.5143
624 1264  0.0127 -0.0024 19.5459
656 1264 -0.0051  0.0081 15.0272
688 1264  0.0100 -0.0127 10.9806
720 1264  0.0319 -0.0251 13.0236
752 1264 -0.0199  0.0029 26.4339
784 1264  0.0451  0.0129 11.7204
816 1264 -0.0211  0.0332 16.3750
848 1264  0.0464 -0.0961  9.9061
880 1264  0.0037 -0.0477  9.7885
912 1264 -0.0061  0.0038  9.8667
944 1264  0.0037 -0.0250  9.4703
976 1264 -0.0805  0.0166  7.7402
1008 1264 -0.0132 -0.1599 10.5707
1040 1264  0.0238  0.0077 10.5879
1072 1264 -0.0236  0.0038  9.8766
1104 1264 -0.0268  0.0168 10.1328
1136 1264  0.0573 -0.1151  9.4940
1168 1264  0.1023  0.0076 12.4587
 16 1296  0.0611  0.0197 13.1069
 48 1296  0.0780  0.0326 23.3659
 80 1296  0.0750  0.0490 24.8984
112 1296  0.0428 -0.0135 21.5165
144 1296  0.1146 -0.0135 18.4064
176 1296  0.0463 -0.0514 130.6728
208 1296  0.1409 -0.0518 147.8586
240 1296  0.2227 -0.1160 33.6682
272 1296  0.1479 -0.1460 27.7512
304 1296  0.0911 -0.0264 72.9379
336 1296  0.3307 -0.1696 163.9164
368 1296  0.1432 -0.2293 94.9668
400 1296 -0.0026 -0.0141 48.6295
432 1296  0.0316  0.0090 22.8432
464 1296  0.0106  0.0470 19.4722
496 1296  0.1516 -0.0423 24.5610
528 1296  0.0072 -0.0070 12.2854
560 1296  0.0152  0.0348 19.4325
592 1296  0.0048  0.0006 13.2162
624 1296  0.0297 -0.1114 17.2780
656 1296 -0.0074 -0.0235 12.1956
688 1296  0.0205 -0.0180 12.8211
720 1296 -0.0018  0.0002 12.7275
752 1296 -0.0186 -0.0548 15.0976
784 1296 -0.0204 -0.0022 11.1517
816 1296  0.0091  0.0360 11.0388
848 1296  0.0012  0.0168 12.6978
880 1296 -0.0390  0.0165 11.4774
912 1296  0.0052 -0.0156 11.5056
944 1296  0.0083  0.0755 12.1620
976 1296 -0.0007 -0.0322 11.0723
1008 1296  0.0076 -0.0099  9.9263
1040 1296 -0.0058 -0.0834  8.1329
1072 1296  0.0120  0.0293  9.4379
1104 1296  0.0413 -0.0103 10.6759
1136 1296 -0.0381 -0.0312 10.2333
1168 1296 -0.0020 -0.0045  9.2510
  0   0 -0.0217 -0.0055  0.0000
  0   0 -0.0096 -0.0126  0.0000
  0   0  0.0588 -0.0663  0.0000
  0   0  0.1025 -0.0095  0.0000
  0   0  0.0929  0.0161  0.0000
  0   0  0.1026  0.0283  0.0000
  0   0  0.1003  0.0271  0.0000
  0   0  0.0912 -0.0197  0.0000
  0   0  0.1212 -0.0503  0.0000
  0   0  0.1064 -0.0934  0.0000
  0   0  0.1662 -0.1165  0.0000
  0   0  0.2220 -0.1616  0.0000
  0   0  0.1916 -0.1812  0.0000
  0   0  0.1706 -0.1384  0.0000
  0   0  0.2610 -0.2019  0.0000
  0   0  0.1525 -0.2083  0.0000
  0   0  0.0286 -0.0731  0.0000
  0   0  0.0053 -0.0035  0.0000
  0   0 -0.0022  0.0364  0.0000
  0   0  0.0500  0.0118  0.0000
  0   0 -0.0239  0.0284  0.0000
  0   0 -0.0476  0.0489  0.0000
  0   0 -0.0377  0.0150  0.0000
  0   0 -0.0178 -0.0561  0.0000
  0   0 -0.0262 -0.0353  0.0000
  0   0 -0.0142 -0.0328  0.0000
  0   0 -0.0203 -0.0388  0.0000
  0   0 -0.0306 -0.0738  0.0000
  0   0 -0.0339 -0.0614  0.0000
  0   0 -0.0115  0.0694  0.0000
  0   0 -0.0257  0.0481  0.0000
  0   0 -0.0409  0.0351  0.0000
  0   0 -0.0195  0.0211  0.0000
  0   0 -0.0068  0.0530  0.0000
  0   0 -0.0062  0.0087  0.0000
  0   0  0.0043 -0.0041  0.0000
  0   0  0.0080 -0.0374  0.0000
  0   0  0.0241  0.0125  0.0000
  0   0  0.0370  0.0050  0.0000
  0   0 -0.0063  0.0025  0.0000
  0   0 -0.0040  0.0044  0.0000
  0   0 -0.0065 -0.0013  0.0000
  0   0  0.0123 -0.0116  0.0000
  0   0  0.0593 -0.0295  0.0000
  0   0  0.0973 -0.0070  0.0000
  0   0  0.1103  0.0101  0.0000
  0   0  0.1226  0.0141  0.0000
  0   0  0.1288 -0.0001  0.0000
  0   0  0.1342 -0.0411  0.0000
  0   0  0.1528 -0.0859  0.0000
  0   0  0.1646 -0.1348  0.0000
  0   0  0.2028 -0.1747  0.0000
  0   0  0.2355 -0.2134  0.0000
  0   0  0.2285 -0.2317  0.0000
  0   0  0.2162 -0.2214  0.0000
  0   0  0.2223 -0.2311  0.0000
  0   0  0.1468 -0.2020  0.0000
  0   0  0.0521 -0.1076  0.0000
  0   0 -0.0000 -0.0274  0.0000
  0   0 -0.0262  0.0260  0.0000
  0   0 -0.0293  0.0434  0.0000
  0   0 -0.0695  0.0600  0.0000
  0   0 -0.0906  0.0655  0.0000
  0   0 -0.0850  0.0375  0.0000
  0   0 -0.0695 -0.0096  0.0000
  0   0 -0.0615 -0.0270  0.0000
  0   0 -0.0495 -0.0460  0.0000
  0   0 -0.0444 -0.0723  0.0000
  0   0 -0.0433 -0.1087  0.0000
  0   0 -0.0414 -0.1300  0.0000
  0   0 -0.0446  0.0955  0.0000
  0   0 -0.0516  0.0745  0.0000
  0   0 -0.0531  0.0583  0.0000
  0   0 -0.0384  0.0469  0.0000
  0   0 -0.0223  0.0487  0.0000
  0   0 -0.0097  0.0270  0.0000
  0   0  0.0053  0.0108  0.0000
  0   0  0.0176 -0.0032  0.0000
  0   0  0.0296  0.0136  0.0000
  0   0  0.0322  0.0168  0.0000
  0   0  0.0117  0.0178  0.0000
  0   0  0.0051  0.0156  0.0000
  0   0  0.0072  0.0092  0.0000
  0   0  0.0264  0.0014  0.0000
  0   0  0.0621 -0.0046  0.0000
  0   0  0.0975  0.0037  0.0000
  0   0  0.1225  0.0099  0.0000
  0   0  0.1426  0.0041  0.0000
  0   0  0.1585 -0.0203  0.0000
  0   0  0.1742 -0.0654  0.0000
  0   0  0.1952 -0.1212  0.0000
  0   0  0.2176 -0.1808  0.0000
  0   0  0.2472 -0.2342  0.0000
  0   0  0.2689 -0.2769  0.0000
  0   0  0.2674 -0.2982  0.0000
  0   0  0.2493 -0.2939  0.0000
  0   0  0.2176 -0.2741  0.0000
  0   0  0.1463 -0.2214  0.0000
  0   0  0.0600 -0.1332  0.0000
  0   0 -0.0101 -0.0438  0.0000
  0   0 -0.0599  0.0275  0.0000
  0   0 -0.0929  0.0717  0.0000
  0   0 -0.1256  0.0961  0.0000
  0   0 -0.1422  0.0979  0.0000
  0   0 -0.1382  0.0723  0.0000
  0   0 -0.1223  0.0296  0.0000
  0   0 -0.1043 -0.0105  0.0000
  0   0 -0.0852 -0.0529  0.0000
  0   0 -0.0694 -0.1001  0.0000
  0   0 -0.0565 -0.1516  0.0000
  0   0 -0.0449 -0.1995  0.0000
  0   0 -0.0831  0.1187  0.0000
  0   0 -0.0814  0.0976  0.0000
  0   0 -0.0743  0.0795  0.0000
  0   0 -0.0581  0.0656  0.0000
  0   0 -0.0366  0.0547  0.0000
  0   0 -0.0135  0.0391  0.0000
  0   0  0.0094  0.0243  0.0000
  0   0  0.0282  0.0169  0.0000
  0   0  0.0387  0.0220  0.0000
  0   0  0.0362  0.0285  0.0000
  0   0  0.0216  0.0315  0.0000
  0   0  0.0102  0.0286  0.0000
  0   0  0.0116  0.0219  0.0000
  0   0  0.0306  0.0160  0.0000
  0   0  0.0639  0.0147  0.0000
  0   0  0.1018  0.0184  0.0000
  0   0  0.1360  0.0191  0.0000
  0   0  0.1644  0.0063  0.0000
  0   0  0.1886 -0.0272  0.0000
  0   0  0.2125 -0.0829  0.0000
  0   0  0.2396 -0.1545  0.0000
  0   0  0.2700 -0.2320  0.0000
  0   0  0.3002 -0.3035  0.0000
  0   0  0.3203 -0.3582  0.0000
  0   0  0.3198 -0.3861  0.0000
  0   0  0.2934 -0.3809  0.0000
  0   0  0.2386 -0.3405  0.0000
  0   0  0.1559 -0.2640  0.0000
  0   0  0.0593 -0.1599  0.0000
  0   0 -0.0319 -0.0492  0.0000
  0   0 -0.1062  0.0473  0.0000
  0   0 -0.1601  0.1156  0.0000
  0   0 -0.1951  0.1507  0.0000
  0   0 -0.2087  0.1519  0.0000
  0   0 -0.2014  0.1226  0.0000
  0   0 -0.1794  0.0722  0.0000
  0   0 -0.1506  0.0114  0.0000
  0   0 -0.1206 -0.0547  0.0000
  0   0 -0.0933 -0.1244  0.0000
  0   0 -0.0690 -0.1963  0.0000
  0   0 -0.0466 -0.2687  0.0000
