VARIABLES= "X pix", "Y pix", "U pix/dt", "V pix/dt", "CHC", ZONE I=37, J=41
304  16  0.0186 -0.1151 59.5809
336  16  0.0089 -0.1239 18.9118
368  16  0.0206 -0.1388 24.6753
400  16  0.0378 -0.1131 88.5845
496  16  0.0410 -0.0738 89.0435
528  16  0.0355 -0.0374 39.0095
560  16  0.0572 -0.0197 40.9600
592  16  0.0547 -0.0204 50.5679
624  16  0.0524  0.0042 54.6133
656  16  0.0223  0.0102 46.5454
688  16  0.0455  0.0731 273.0666
304  48  0.0543  0.1139 52.5128
336  48  0.0745  0.1083 29.4676
368  48  0.1161  0.0991 110.7027
496  48  0.1383  0.0654 71.8596
528  48  0.1615  0.0159 27.3067
560  48  0.0321  0.0315 42.6667
592  48  0.0000  0.0591 150.2520
688  48  0.0534  0.0666 227.5554
720  48  0.0558  0.0693 29.2571
752  48  0.0248  0.0650 36.2478
784  48  0.0066  0.0000 33.9356
816  48  0.0664 -0.0373 148.4057
304  80  0.0677 -0.0433 49.3494
336  80  0.0170 -0.0606 30.7970
368  80  0.0293 -0.0679 50.5679
400  80  0.0277 -0.0363 47.0804
432  80  0.0421  0.0007 43.5745
464  80  0.0625  0.0496 4095.9939
496  80  0.1601  0.0556 71.8596
528  80  0.1955 -0.0118 28.4444
560  80  0.1466 -0.0278 50.5679
592  80  0.0082  0.0000 40.8239
688  80 -0.0106  0.0549 341.3332
720  80 -0.0241  0.0112 80.3137
752  80 -0.0220 -0.0740 87.1489
784  80  0.0000 -0.0796 81.2877
816  80 -0.0207 -0.1313 147.3381
 16 144 -0.0165 -0.2080 120.5071
 48 144  0.0158 -0.1652 45.4434
 80 144  0.0328 -0.1333 138.3630
112 144  0.0225 -0.0757 147.9762
144 144  0.0121 -0.0694 213.9544
176 144  0.0369 -0.0844 164.3219
208 144  0.0578 -0.0512 53.3265
240 144  0.0541 -0.0233 56.7727
272 144  0.0356 -0.0030 20.5368
304 144  0.0772  0.0094 122.6373
336 144  0.0708 -0.0046 105.3978
368 144  0.0930  0.0458 151.8284
400 144  0.0387  0.0071 265.4535
432 144  0.0864  0.0517 81.7234
464 144  0.0735  0.0797 168.2121
496 144  0.0755  0.0503 169.6770
528 144  0.0971  0.0568 257.2498
560 144  0.0795  0.0379 47.3570
592 144  0.1794 -0.0174 158.6648
624 144  0.0297  0.0160 54.3149
656 144  0.0512  0.0123 179.0083
688 144  0.0927  0.0095 98.7860
720 144  0.0806  0.0052 135.7782
752 144  0.0613  0.0358 162.4337
784 144  0.0257 -0.0064 72.9199
816 144  0.1172 -0.0307 184.5645
848 144  0.1040 -0.0233 152.2701
880 144  0.0217 -0.0430 153.6782
912 144  0.0727 -0.0557 134.5993
944 144  0.0533 -0.0209 138.9263
976 144  0.0579 -0.0113 68.1991
1008 144  0.0210  0.0278 47.5759
1040 144  0.1175  0.0481 72.4715
1072 144  0.1042 -0.0552 86.1830
1104 144  0.0944 -0.0336 31.1512
1136 144  0.0082  0.0147 55.4462
1168 144  0.0208  0.0121 75.2934
 16 176 -0.0195 -0.0238 23.6763
 48 176 -0.0253 -0.1175 84.4315
 80 176  0.0063 -0.0600 323.0894
112 176 -0.0066 -0.0569 274.0070
144 176  0.0318 -0.0949 234.7198
176 176  0.0419 -0.0768 162.7291
208 176  0.0113 -0.0377 85.5258
240 176  0.0051 -0.0301 173.8890
272 176  0.0171 -0.0463 257.8053
304 176  0.0610 -0.0045 198.5441
336 176  0.0772  0.0056 266.5653
368 176  0.0515  0.0340 82.4616
400 176  0.0632  0.0232 206.3874
432 176  0.0692  0.0211 129.7556
464 176  0.1107  0.0348 129.5882
496 176  0.1008  0.0571 190.2340
528 176  0.1021  0.0749 116.0634
560 176  0.0946 -0.0076 234.1266
592 176  0.0932  0.0357 118.4417
624 176  0.1077  0.0201 186.6520
656 176  0.0565  0.0104 181.3867
688 176  0.0768 -0.0256 97.0300
720 176  0.0436 -0.0052 198.6491
752 176  0.1180  0.0165 229.9359
784 176  0.0994 -0.0461 88.4170
816 176  0.0318 -0.0292 62.0821
848 176  0.0844 -0.0418 234.7521
880 176  0.0947 -0.0630 90.7790
912 176  0.1124 -0.0999 148.3953
944 176  0.1296 -0.0093 143.4264
976 176  0.1012 -0.0402 112.6059
1008 176  0.0848 -0.0397 147.9931
1040 176  0.0800 -0.0289 80.6994
1072 176  0.0945 -0.0204 114.4769
1104 176  0.0339  0.0089 128.6144
1136 176  0.0570  0.0002 136.2042
1168 176  0.0673  0.0091 85.1880
 16 208 -0.0072 -0.0911 107.5502
 48 208 -0.0960 -0.0571 226.2661
 80 208 -0.0066 -0.1382 91.5312
112 208 -0.0198 -0.1798 238.5201
144 208 -0.0431 -0.0652 129.0691
176 208  0.0006 -0.0652 162.9605
208 208 -0.0037 -0.1005 217.8320
240 208  0.0206 -0.0647 164.7478
272 208  0.0289 -0.0229 163.6991
304 208  0.1075 -0.0083 192.6038
336 208  0.0736  0.0185 167.9470
368 208  0.0091  0.0098 183.6468
400 208  0.0750  0.0111 126.6215
432 208  0.0745  0.0481 167.4753
464 208  0.0653  0.1572 247.7402
496 208  0.0623  0.0339 142.9908
528 208  0.1495  0.0603 138.8692
560 208  0.0883  0.0868 138.1954
592 208  0.0757  0.0813 71.8375
624 208  0.0649 -0.0012 164.1211
656 208  0.0663  0.0163 96.8091
688 208  0.0843  0.0091 92.9608
720 208  0.1119 -0.0286 142.6603
752 208  0.0897 -0.0381 184.3177
784 208  0.1272  0.0040 175.9285
816 208  0.0880 -0.0739 131.1240
848 208  0.0973 -0.0359 221.5325
880 208  0.0918 -0.0231 267.4128
912 208  0.0513 -0.0153 56.9787
944 208  0.0680 -0.0493 95.2715
976 208  0.1091 -0.0190 133.8693
1008 208  0.0515 -0.0023 245.0348
1040 208  0.0431  0.0144 125.5573
1072 208  0.0772 -0.0115 164.7400
1104 208  0.0443 -0.0155 160.0784
1136 208  0.0771  0.0033 109.6954
1168 208  0.0778  0.0172 183.9043
 16 240 -0.1333 -0.0723 100.2163
 48 240 -0.0181 -0.0578 41.2317
 80 240 -0.0450 -0.1193 207.8231
112 240 -0.0341 -0.0933 98.2656
144 240 -0.0221 -0.0936 242.2921
176 240 -0.0711 -0.0472 230.2951
208 240 -0.0022 -0.0137 21.6865
240 240  0.0174 -0.0518 157.9943
272 240  0.0169 -0.0469 104.0849
304 240  0.1051 -0.0356 143.7265
336 240  0.0472  0.0055 138.5919
368 240  0.0576  0.0328 67.7719
400 240  0.1246  0.0782 286.4556
432 240  0.0706  0.0352 85.3706
464 240  0.1182  0.0462 212.6966
496 240  0.1044  0.0595 193.7211
528 240  0.1160  0.0431 96.5963
560 240  0.1075  0.0158 127.5348
592 240  0.1324  0.0166 170.9910
624 240  0.0772  0.0102 136.6346
656 240  0.0975  0.0065 118.2695
688 240  0.0519  0.0056 187.8094
720 240  0.0870 -0.0592 166.0288
752 240  0.0883 -0.0283 186.2423
784 240  0.1126 -0.0169 102.3761
816 240  0.1147 -0.0334 95.4792
848 240  0.0858 -0.0282 155.1203
880 240  0.0647 -0.0357 90.2119
912 240  0.0657 -0.0831 66.6457
944 240  0.0898 -0.0530 84.3423
976 240  0.0708 -0.0241 107.0026
1008 240  0.0741 -0.0070 102.3064
1040 240  0.0683 -0.0085 135.8332
1072 240  0.0762  0.0032 151.5216
1104 240  0.0267  0.0475 121.9658
1136 240  0.0631  0.0610 137.7427
1168 240  0.0447 -0.0022 37.1694
 16 272 -0.0264 -0.0607 21.6526
 48 272 -0.0097 -0.0738 58.8704
 80 272 -0.0905 -0.2137 262.4736
112 272 -0.1669 -0.1832 200.4795
144 272 -0.1396 -0.0875 50.9786
176 272 -0.0296 -0.1042 136.4456
208 272 -0.0292 -0.0768 364.6772
240 272 -0.0017 -0.0662 186.5809
272 272  0.0339 -0.0810 107.5758
304 272  0.0256 -0.0666 239.9506
336 272  0.0518 -0.0458 131.3123
368 272  0.0446 -0.0172 200.0431
400 272  0.1155 -0.0005 309.9707
432 272  0.1062  0.0192 127.3038
464 272  0.0811  0.0373 140.6782
496 272  0.0535 -0.0091 116.0605
528 272  0.0521  0.2169 218.6279
560 272  0.0852  0.0247 32.1971
592 272  0.0965  0.0138 178.3833
624 272  0.0798  0.0498 154.8707
656 272  0.0540 -0.0172 139.2095
688 272  0.0961 -0.0062 97.6457
720 272  0.0798 -0.0138 75.7793
752 272  0.0802 -0.0415 107.3293
784 272  0.0787 -0.0913 95.0527
816 272  0.0676 -0.0441 214.6224
848 272  0.0806 -0.0341 109.8070
880 272  0.1265 -0.0351 72.7551
912 272  0.1017 -0.0618 48.5301
944 272  0.0973 -0.0734 138.9777
976 272  0.0844 -0.0334 165.2621
1008 272  0.0767 -0.0128 138.0760
1040 272  0.0462 -0.0018 92.6756
1072 272  0.0640 -0.0704 64.0732
1104 272  0.0286  0.0202 38.4105
1136 272  0.0228 -0.0193 62.7999
1168 272  0.0041  0.0165 70.8959
 16 304 -0.1296 -0.1721 236.0535
 48 304 -0.0105 -0.1648 195.4956
 80 304 -0.0664 -0.2381 168.1558
112 304 -0.0791 -0.1469 44.1845
144 304 -0.0650 -0.2747 154.4051
176 304 -0.0853 -0.1138 52.5259
208 304 -0.0378 -0.1196 227.7677
240 304 -0.0205 -0.0983 206.8407
272 304  0.0487 -0.0443 44.9109
304 304  0.0363 -0.0323 173.1399
336 304  0.0559 -0.0183 202.8339
368 304  0.0523 -0.0311 179.3862
400 304  0.0211 -0.0011 39.7835
432 304  0.0628  0.0288 91.4110
464 304  0.0526  0.0225 166.2973
496 304  0.0831  0.0470 130.4234
528 304  0.0236  0.0390 128.8970
560 304  0.0377  0.0351 196.3170
592 304  0.0538  0.0072 155.3097
624 304  0.1040  0.0083 164.7458
656 304  0.0593  0.0050 133.4237
688 304  0.1019 -0.0041 69.2530
720 304  0.0360 -0.0167 168.7069
752 304  0.1096 -0.0356 78.9749
784 304  0.1112 -0.0557 123.2859
816 304  0.1600 -0.0726 176.2008
848 304  0.1338 -0.0452 98.3097
880 304  0.0197 -0.0741 146.4676
912 304  0.1567 -0.0753 105.6803
944 304  0.0900 -0.0512 133.2318
976 304  0.1165 -0.0319 115.2255
1008 304  0.0917 -0.0123 79.3982
1040 304  0.1093 -0.0230 50.6669
1072 304  0.0528 -0.0072 199.7132
1104 304  0.0363 -0.0019 169.8712
1136 304  0.0455  0.0337 92.8433
1168 304  0.0286 -0.0120 71.7446
 16 336 -0.1943 -0.4600 121.7247
 48 336 -0.0479 -0.0330 31.3269
 80 336 -0.1416 -0.3126 151.7144
112 336 -0.0785 -0.2392 258.7229
144 336 -0.0547 -0.1893 234.4736
176 336 -0.0403 -0.1488 239.3328
208 336 -0.0745 -0.2126 247.1990
240 336 -0.0203 -0.1046 177.7340
272 336  0.0150 -0.0829 21.2693
304 336  0.0172 -0.0742 299.5640
336 336  0.0138 -0.0590 149.7070
368 336  0.0698 -0.0151 151.4159
400 336  0.1018 -0.0032 29.4976
432 336  0.0688  0.0032 128.1435
464 336  0.0617  0.0380 88.9262
496 336  0.0158  0.0293 249.9771
528 336  0.0553  0.0324 136.7844
560 336  0.0982  0.0224 127.5419
592 336  0.0987  0.0278 271.1782
624 336  0.0852  0.0230 100.8447
656 336  0.1382 -0.0261 156.0065
688 336  0.0597  0.0193 127.5273
720 336  0.1423 -0.0477 169.8634
752 336  0.1220 -0.0281 134.9857
784 336  0.1045 -0.0281 112.6524
816 336  0.1394 -0.0613 103.5263
848 336  0.0785 -0.0367 134.9881
880 336  0.1005 -0.0484 122.9222
912 336  0.0142 -0.0553 251.0149
944 336  0.0260 -0.0359 154.1077
976 336  0.0717 -0.0515 110.1301
1008 336  0.0751 -0.0584 119.5204
1040 336  0.1091 -0.1121 67.2958
1072 336  0.0326 -0.0046 125.5194
1104 336  0.1084  0.0230 165.1988
1136 336  0.0307  0.0367 144.3018
1168 336  0.0256  0.0332 154.2021
 16 368 -0.0847 -0.5859 110.2309
 48 368 -0.3196 -0.3274 58.4498
 80 368 -0.3511 -0.2864 176.7405
112 368 -0.3134 -0.2410 27.2070
144 368 -0.0508 -0.0875 98.3989
176 368 -0.0751 -0.3178 60.6041
208 368 -0.0376 -0.2029 158.1209
240 368 -0.1732 -0.0585 119.0014
272 368 -0.0313 -0.1306 214.4903
304 368  0.0178 -0.1721 147.4547
336 368  0.0375 -0.0311 97.1655
368 368  0.0249 -0.0775 252.7047
400 368  0.0697 -0.0318 191.2480
432 368  0.0952  0.0088 185.5521
464 368  0.1196  0.0103 131.3075
496 368  0.1313 -0.0106 182.9535
528 368  0.1279  0.0113 186.8831
560 368  0.0840  0.0555 178.5144
592 368  0.0976  0.0910 173.0285
624 368  0.0534  0.0157 176.8009
656 368  0.0346 -0.0489 165.5917
688 368  0.0391 -0.0014 117.4885
720 368  0.1377 -0.0465 131.1417
752 368  0.1060 -0.0540 114.3910
784 368  0.1313 -0.0266 153.8392
816 368  0.0845 -0.0552 216.1417
848 368  0.0966 -0.0561 73.2419
880 368  0.0910 -0.1120 158.2482
912 368  0.1135 -0.0415 194.8160
944 368  0.1375 -0.0164 235.5122
976 368  0.0649 -0.0074 47.8469
1008 368  0.0374 -0.0114 335.3059
1040 368  0.0726  0.0123 228.5765
1072 368  0.0523  0.0264 82.3243
1104 368  0.1012  0.0229 90.2253
1136 368  0.0287  0.0264 75.8458
1168 368  0.0622  0.0277 131.8235
 16 400  0.0208 -0.1805 50.7736
 48 400 -0.0668 -0.2496 13.7452
 80 400 -0.3154 -0.3382 185.2137
112 400 -0.0732 -0.5912 152.3472
144 400 -0.0729 -0.1879 58.8571
176 400 -0.0871 -0.1825 312.2055
208 400 -0.1840 -0.3459 97.8486
240 400 -0.0316 -0.0831 100.5298
272 400 -0.1081 -0.2726 240.0899
304 400 -0.0140 -0.1485 168.2479
336 400  0.0204 -0.0823 172.8407
368 400  0.0516 -0.0532 122.3137
400 400  0.0440 -0.0185 103.5260
432 400  0.1127 -0.0073 212.9860
464 400  0.0783  0.0219 204.7289
496 400  0.0709  0.0112 137.3911
528 400  0.0899  0.0222 108.2321
560 400  0.1029  0.0651 174.1039
592 400  0.0890  0.0417 163.0926
624 400  0.0622  0.0254 137.7133
656 400  0.0717  0.0468 129.7626
688 400  0.0713 -0.0013 223.5563
720 400  0.1141 -0.0145 77.8614
752 400  0.0757 -0.0319 98.3836
784 400  0.0963 -0.0958 144.5413
816 400  0.2232 -0.1328 130.6238
848 400  0.1225 -0.0732 205.1546
880 400  0.0950 -0.1006 113.2218
912 400  0.1255 -0.0330 124.9539
944 400  0.1106 -0.0325 116.3720
976 400  0.1056 -0.0170 80.3206
1008 400  0.0640  0.0443 82.6575
1040 400  0.0165 -0.0316 228.6159
1072 400  0.0532  0.0296 125.3941
1104 400  0.0474  0.0394 140.4579
1136 400  0.0055  0.0309 76.9279
1168 400  0.0253  0.0571 45.5775
 16 432 -0.4678 -0.2247 65.0825
 48 432 -0.5913 -0.1664 158.2953
 80 432 -0.1839 -0.5340 284.4910
112 432 -0.2089 -0.3326 98.9095
144 432 -0.0772 -0.5076 365.3711
176 432 -0.2458 -0.3719 128.8695
208 432 -0.1718 -0.1644 19.2214
240 432 -0.0959 -0.2256 361.8491
272 432 -0.1404 -0.1562 224.7856
304 432 -0.0324 -0.3121 223.4448
336 432 -0.0027 -0.1424 307.5032
368 432  0.0634 -0.0996 178.6205
400 432  0.0687 -0.0572 196.8333
432 432  0.1301 -0.0414 98.2940
464 432  0.0894 -0.0024 71.0436
496 432  0.1088  0.0331 133.4373
528 432  0.1236  0.0560 48.8334
560 432  0.0812  0.0377 146.7021
592 432  0.0627  0.0449 154.5818
624 432  0.1238  0.0491 63.7847
656 432  0.1077 -0.0074 147.1294
688 432  0.0706 -0.0116 125.0502
720 432  0.0380 -0.0305 120.5890
752 432  0.1734 -0.0248 117.4677
784 432  0.1880 -0.0315 148.0703
816 432  0.0976 -0.0677 98.3002
848 432  0.1653 -0.0645 171.8217
880 432  0.0706 -0.0526 137.2079
912 432  0.1041 -0.0440 96.2509
944 432  0.0681 -0.0270 38.7433
976 432  0.0788 -0.0049 70.1019
1008 432  0.1117  0.0154 121.0996
1040 432  0.0378  0.0267 199.8520
1072 432  0.0352  0.0656 30.5487
1104 432  0.0265  0.0804 29.6244
1136 432  0.0068  0.0062 117.5641
1168 432 -0.0285  0.0571 147.9925
 16 464 -0.5948 -0.1795 20.8551
 48 464 -0.3505 -0.3533 64.6566
 80 464 -0.2896 -0.2819 146.6747
112 464 -0.3068 -0.6241 191.9383
144 464 -0.0444 -0.0543 12.7992
176 464 -0.1461 -0.5945 148.8281
208 464 -0.0701 -0.3336 129.7763
240 464 -0.1694 -0.5030 152.8993
272 464 -0.1399 -0.3114 237.9415
304 464 -0.0603 -0.2365 71.6274
336 464 -0.0064 -0.1102 221.7804
368 464  0.0310 -0.1383 165.4939
400 464  0.0324 -0.0668 102.6509
432 464  0.0753 -0.0514 143.2030
464 464  0.0861 -0.0157 108.7049
496 464  0.0919  0.0109 38.8198
528 464  0.1433  0.0840 135.2805
560 464  0.1242  0.0378 138.9233
592 464  0.0891  0.0513 113.9528
624 464  0.1178  0.0829 153.9664
656 464  0.0987  0.0443 176.5471
688 464  0.0709  0.0085 155.8645
720 464  0.1029 -0.0257 88.7133
752 464  0.0612 -0.0478 127.5054
784 464  0.0964 -0.0534 103.2858
816 464  0.1281 -0.1036 72.1457
848 464  0.0842 -0.0508 53.1482
880 464  0.0865 -0.0662 61.3509
912 464  0.0686  0.0212 225.0863
944 464  0.0558  0.0045 37.5620
976 464  0.1076  0.0086 150.9870
1008 464  0.0258 -0.0265 38.8788
1040 464  0.0095  0.0653 135.7616
1072 464 -0.0121  0.0742 146.0683
1104 464  0.0180  0.0550 164.7194
1136 464  0.0052  0.0316 72.8390
1168 464  0.0146  0.0560 95.4819
 16 496 -0.2108 -0.2432 191.1603
 48 496 -0.2535 -0.1639 180.9315
 80 496 -0.5084 -0.3970 145.3114
112 496 -0.1328 -0.2173 30.0809
144 496 -0.5293 -0.4547 169.9865
176 496 -0.4877 -0.5894 189.5640
208 496 -0.2685 -0.3688 131.4917
240 496 -0.1919 -0.2300 11.3415
272 496 -0.2073 -0.3095 121.6696
304 496 -0.1292 -0.1031 47.2245
336 496 -0.0502 -0.2445 91.1306
368 496 -0.0019 -0.2203 52.7038
400 496  0.0448 -0.1251 73.5933
432 496  0.0762 -0.1046 196.5773
464 496  0.1281 -0.0529 190.3219
496 496  0.1551  0.0354 253.3530
528 496  0.1024 -0.0265 165.6877
560 496  0.1004  0.0435 64.0062
592 496  0.0884  0.0329 41.8212
624 496  0.0911  0.0618 88.5654
656 496  0.0955  0.0320 86.1912
688 496  0.0833  0.0305 123.8465
720 496  0.0635 -0.0460 84.1037
752 496  0.1271 -0.0436 101.9852
784 496  0.1178  0.0457 156.1348
816 496  0.1122 -0.0756 138.9335
848 496  0.0990 -0.0573 88.0172
880 496  0.1180 -0.0529 129.7906
912 496  0.0618 -0.0738 59.4537
944 496  0.0876 -0.0243 311.2480
976 496 -0.0013  0.0147 58.9826
1008 496  0.0667  0.0312 139.5236
1040 496 -0.0286  0.0660 114.9380
1072 496  0.0132  0.0970 74.5640
1104 496  0.0062  0.1261 85.5161
1136 496 -0.0634  0.2123 45.5090
1168 496 -0.0143  0.0174 46.8807
 16 528 -0.2636 -0.1987 100.1582
 48 528 -0.4190 -0.5202 102.2314
 80 528 -0.4951 -0.1431 42.5680
112 528 -0.5858 -0.4012 61.1604
144 528 -0.5473 -0.4117 19.6021
176 528 -0.4026 -0.3093 211.9561
208 528 -0.3953 -0.4290 133.0257
240 528 -0.1793 -0.2930 178.6300
272 528 -0.1991 -0.4211 53.4645
304 528 -0.1835 -0.4759 196.9982
336 528 -0.0708 -0.4127 213.0605
368 528 -0.0168 -0.1825 247.4958
400 528  0.1254 -0.1454 162.4933
432 528  0.1876 -0.0764 213.1678
464 528  0.1341 -0.0472 249.6071
496 528  0.0252  0.0120 171.3109
528 528  0.0902  0.0116 23.4383
560 528  0.1995  0.1025 151.7581
592 528  0.0848  0.1254 100.3199
624 528  0.1067  0.0400 32.2959
656 528  0.0483  0.0443 152.7330
688 528  0.1223  0.0278 61.6426
720 528  0.0705 -0.0539 144.7958
752 528  0.1084 -0.0497 47.0879
784 528  0.0490 -0.1267 96.2847
816 528  0.1042 -0.0832 92.5352
848 528  0.0456 -0.0659 129.7718
880 528  0.0187 -0.0516 193.4094
912 528  0.0899 -0.0335 109.3305
944 528  0.0155  0.0325 104.7190
976 528  0.0428  0.0098 170.9587
1008 528 -0.0151  0.0715 122.9423
1040 528 -0.0011  0.0391 64.9989
1072 528 -0.0447  0.0919 183.4010
1104 528 -0.0261  0.2007 171.0315
1136 528 -0.0750  0.0937 51.9302
1168 528 -0.0385  0.1203 77.3111
 16 560 -0.2614 -0.1872 45.1814
 48 560 -0.6287 -0.2080 31.2667
 80 560 -0.6746 -0.4366 29.5759
112 560 -0.8298 -0.7546 59.4540
144 560 -0.8792 -0.8977 70.7727
176 560 -0.8341 -0.8717 208.4148
208 560 -0.4805 -0.4527 68.4843
240 560 -0.5119 -0.6550 105.9973
272 560 -0.1638 -0.4961 28.9281
304 560 -0.1347 -0.2352 203.8471
336 560 -0.0686 -0.3876 256.4187
368 560 -0.0067 -0.4866 74.5029
400 560  0.0747 -0.4212 153.7088
432 560  0.0403 -0.2317 157.1609
464 560  0.1953 -0.0316 73.1016
496 560  0.1449 -0.0234 58.8326
528 560  0.1770  0.0524 176.3239
560 560  0.2011  0.1892 90.8481
592 560  0.1458  0.1033 95.1063
624 560  0.0497  0.0205 142.9162
656 560  0.0852  0.0437 64.9379
688 560  0.0532 -0.0051 50.8829
720 560  0.0511  0.0049 119.4179
752 560  0.0694 -0.0525 97.3791
784 560  0.1405  0.1115 206.4134
816 560  0.1576 -0.1564 132.7406
848 560  0.0632 -0.0912 149.8904
880 560  0.0235 -0.0433 124.6735
912 560  0.0287  0.0122 101.4981
944 560  0.0266  0.0374 83.5482
976 560  0.0420 -0.0085 58.7696
1008 560 -0.0119  0.0518 101.2690
1040 560  0.0005  0.0677 134.8805
1072 560 -0.0570  0.0735 110.5031
1104 560 -0.0342  0.1712 100.3651
1136 560 -0.0308  0.1230 104.8680
1168 560 -0.0323  0.1005 69.3187
 16 592 -0.2793 -0.4266 94.5373
 48 592 -0.7617 -0.6072 82.0866
 80 592 -0.1399 -0.1466 317.9903
112 592 -0.2258 -1.0215 86.2150
144 592 -0.2207 -0.3423 87.6402
176 592 -0.8385 -1.1254 131.7059
208 592 -0.6525 -0.9141 16.2383
240 592 -0.2602 -0.2578 235.0711
272 592 -0.6335 -0.9258 67.3257
304 592 -0.1395 -0.6539 322.1768
336 592 -0.0655 -1.3383 200.8993
368 592 -0.0107 -0.7621 113.5372
400 592  0.0496 -0.7399 241.7871
432 592  0.0484 -0.0693 38.2483
464 592  0.2062 -0.0473 170.6034
496 592  0.4461 -0.0259 98.8904
528 592  0.1760  0.0658 63.4155
560 592  0.2788  0.1937 232.8924
592 592  0.1909  0.1000 49.1676
624 592  0.0845  0.0995 121.0185
656 592  0.1468  0.0758 238.1194
688 592  0.0773  0.1234 88.0511
720 592  0.0226 -0.0643 133.6427
752 592  0.0350 -0.0587 141.0149
784 592  0.0758 -0.1365 128.4440
816 592  0.0361 -0.0796 133.1385
848 592  0.0033 -0.0322 282.8433
880 592  0.0456 -0.0103 147.6534
912 592  0.0441 -0.0002 46.0415
944 592  0.0068  0.0653 101.0016
976 592 -0.0524  0.1285 57.7779
1008 592 -0.0217  0.0725 177.0581
1040 592 -0.0602  0.0913 50.5971
1072 592 -0.0933  0.1946 94.1078
1104 592 -0.1258  0.1225 61.2195
1136 592 -0.0608  0.1291 105.1109
1168 592 -0.0123  0.1104 43.5998
 16 624 -0.2310 -0.0883 24.3076
 48 624 -0.3729 -0.2860 159.9604
 80 624 -0.5703 -0.8473 75.7189
112 624 -0.6899 -0.7257 76.0057
144 624 -0.8389 -1.3834 100.8952
176 624 -1.2337 -1.0364 151.3061
208 624 -0.7817 -1.0791 169.8612
240 624 -0.7840 -1.0068 78.4822
272 624 -0.5245 -1.1072 50.5085
304 624 -0.2851 -0.8359 45.5378
336 624 -0.5739 -0.9927 58.1372
368 624 -0.0482 -0.9205 257.5487
400 624 -0.0712 -0.4090 71.4043
432 624  0.0354 -0.1157 39.1047
464 624  0.2833 -0.1528 91.4768
496 624  0.2114 -0.0341 169.9659
528 624  0.2798  0.0481 149.0425
560 624  0.2800  0.1061 126.3674
592 624  0.1944  0.1525 117.1379
624 624  0.1770  0.1136 62.1159
656 624  0.0848  0.0997 68.0806
688 624  0.0528 -0.0158 137.2854
720 624  0.0748 -0.1387 93.7680
752 624  0.1673 -0.1533 220.6205
784 624  0.0747 -0.1806 105.2445
816 624  0.0510 -0.1808 131.1480
848 624  0.0048 -0.0475 126.4151
880 624 -0.0256  0.0283 105.3971
912 624  0.0059  0.0416 141.1743
944 624 -0.0448  0.1439 96.1114
976 624 -0.0643  0.1159 81.3259
1008 624 -0.1258  0.1563 113.4355
1040 624 -0.0848  0.1608 124.5927
1072 624 -0.0825  0.0499 155.1050
1104 624 -0.0828  0.0981 60.6534
1136 624 -0.0623  0.1394 41.3822
1168 624 -0.0979  0.1540 95.7109
 16 656 -0.2550 -0.1571 74.0768
 48 656 -0.3491 -0.2001 173.2812
 80 656 -0.2711 -0.2881 113.0539
112 656 -0.5276 -0.7738 161.9234
144 656 -1.2649 -1.0939 164.1743
176 656 -0.8639 -1.3241 201.9394
208 656 -1.0131 -1.1481 111.1935
240 656 -1.2093 -1.7196 72.9764
272 656 -1.1896 -1.2913 59.9080
304 656 -1.1089 -1.2898 65.5202
336 656 -1.1264 -1.0169 21.7424
368 656 -1.0330 -0.9852 61.6702
400 656 -0.7294 -0.9220 137.6302
432 656 -0.1428 -0.2337 12.5249
464 656 -0.1553 -0.1640 212.8888
496 656  0.0119 -0.0720 106.3541
528 656  0.1635  0.0471 114.8861
560 656  0.2193  0.0050 213.0974
592 656  0.3136  0.1178 51.1409
624 656  0.1267  0.2326 180.6324
656 656  0.0591  0.1661 160.6041
688 656  0.0514 -0.0079 111.8005
720 656  0.1258 -0.1152 176.8195
752 656  0.0717 -0.3034 143.4293
784 656  0.0382 -0.3569 145.3278
816 656  0.0609 -0.2762 107.1839
848 656 -0.0074 -0.1163 72.4227
880 656 -0.0403 -0.0508 200.9732
912 656 -0.0605  0.0160 113.4266
944 656 -0.0291  0.1427 208.2026
976 656 -0.1819  0.1606 125.5661
1008 656 -0.1243  0.0812 108.0088
1040 656 -0.0866  0.1206 51.9225
1072 656 -0.0906  0.0947 139.5368
1104 656 -0.1605  0.1385 109.9407
1136 656 -0.1105  0.1176 53.4301
1168 656 -0.0794  0.2012 142.5058
 16 688 -0.0437 -0.1263 19.8881
 48 688 -0.6445 -0.1486 168.5152
 80 688 -0.4454 -0.2092 115.0551
112 688 -0.7015 -0.6944 58.4332
144 688 -0.7688 -0.7534 24.9154
176 688 -0.8549 -0.7980 57.8998
208 688 -0.9504 -1.1688 64.6499
240 688 -1.0759 -1.4911 76.8738
272 688 -1.5587 -1.1758 12.1211
304 688 -1.2379 -1.3643 73.0348
336 688 -1.2701 -1.3617 136.6919
368 688 -1.3384 -1.4808 18.0714
400 688 -1.1719 -1.1455 52.1349
432 688 -1.2451 -1.1794 38.4747
464 688 -0.4119 -0.3958 118.3133
496 688 -0.5652 -0.4797 50.1445
528 688 -0.0822 -0.0595 98.7610
560 688 -0.0073  0.0180 86.3348
592 688  0.2072  0.1597 152.7020
624 688  0.2082  0.2241 155.2788
656 688  0.2081  0.1901 94.3856
688 688  0.0599 -0.1616 132.8420
720 688  0.0786 -0.0595 188.6970
752 688 -0.0235 -0.2759 23.4577
784 688  0.0717 -0.4041 25.5616
816 688  0.0027 -0.6493 127.8193
848 688  0.0412 -0.3959 113.7492
880 688 -0.0376 -0.1640 106.5462
912 688 -0.0594 -0.0487 57.9275
944 688 -0.0925  0.0297 64.7987
976 688 -0.1639  0.1019 171.1990
1008 688 -0.1729  0.0951 149.8709
1040 688 -0.2133  0.1483 65.5992
1072 688 -0.0657  0.0943 126.0860
1104 688 -0.2132  0.0641 142.3545
1136 688 -0.2763  0.0679 351.5991
1168 688 -0.0840  0.1385 233.5876
 16 720 -0.2191 -0.0496 31.7324
 48 720 -0.0551 -0.0633 99.3707
 80 720 -0.3138 -0.2147 236.1312
112 720 -1.0725 -0.1720 176.6743
144 720 -0.9323 -0.3358 169.3291
176 720 -1.2540 -0.5707 32.3192
208 720 -1.0733 -1.0539 200.6031
240 720 -1.1287 -0.8347 125.7037
272 720 -0.9796 -0.9890 99.4353
304 720 -0.7414 -1.1392 90.1031
336 720 -0.8563 -0.8461 125.4526
368 720 -1.2986 -1.1298 161.1900
400 720 -1.7364 -0.9660 14.2059
432 720 -1.2428 -0.9153 106.8827
464 720 -0.9624 -0.7923 39.7772
496 720 -0.9527 -0.7503 88.7740
528 720 -0.3127 -0.2497 147.2726
560 720 -0.1383 -0.0809 83.7254
592 720  0.1407  0.1039 143.3476
624 720  0.0974  0.1288 51.0921
656 720  0.2030  0.1352 132.7048
688 720  0.1733 -0.1018 112.3040
720 720  0.1842 -0.1575 22.3188
752 720 -0.0172 -0.5838 12.3024
784 720  0.1177 -0.8031 18.1629
816 720  0.1214 -0.4968 28.0648
848 720  0.0432 -0.8162 116.9186
880 720  0.0587 -0.1990 26.7288
912 720 -0.0310 -0.2142 173.0800
944 720 -0.1491 -0.0668 92.1124
976 720 -0.1821  0.0216 30.9430
1008 720 -0.1857  0.0121 98.6520
1040 720 -0.2723  0.0777 204.3116
1072 720 -0.0939  0.0416 35.0115
1104 720 -0.1056  0.0601 178.0044
1136 720 -0.1269  0.0613 130.2454
1168 720 -0.2222  0.0283 40.7209
 16 752 -0.0040 -0.0413 82.2329
 48 752 -0.0515 -0.0538 253.3753
 80 752 -0.1222 -0.1446 137.8512
112 752 -0.7475 -0.2324 104.9842
144 752 -0.3857 -0.1240 99.6329
176 752 -0.3503 -0.2552 139.8721
208 752 -1.0140 -0.8731 167.8208
240 752 -1.0067 -0.3833 171.0131
272 752 -0.7528 -0.2865 66.7226
304 752 -0.6563 -0.2987 24.0094
336 752 -0.7118 -0.1378 115.7894
368 752 -1.3124 -0.1191 22.7182
400 752 -1.1113 -0.6983 35.8882
432 752 -0.9956 -0.8322 58.2984
464 752 -1.3644 -0.7375 125.0522
496 752 -1.0634 -0.8235 102.8287
528 752 -0.8030 -0.7598 83.5231
560 752 -0.4914 -0.4073 125.6196
592 752 -0.0726 -0.0695 190.2002
624 752  0.0646  0.0300 91.7422
656 752  0.0911  0.1222 44.8319
688 752  0.1535 -0.0917 26.0145
720 752  0.0426 -0.2504 12.4152
752 752 -0.2550 -0.1462  9.8252
784 752  0.1029 -0.9756 18.8826
816 752  0.1991 -0.2384 10.8159
848 752 -0.0628 -1.0380 10.6234
880 752  0.0509 -0.0841  8.0838
912 752  0.0973 -0.1423 15.6860
944 752 -0.0362 -0.2483 44.6789
976 752 -0.1696 -0.0674 66.7634
1008 752 -0.2347 -0.0746 149.1852
1040 752 -0.1918 -0.0041 89.9118
1072 752 -0.3380  0.0285 37.6767
1104 752 -0.1375  0.0589 185.6581
1136 752 -0.1754  0.1459 99.7417
1168 752 -0.0810  0.0737 190.4578
 16 784  0.0272 -0.0177 45.1007
 48 784  0.0005 -0.0372 32.9707
 80 784 -0.0468 -0.1102 55.7745
112 784 -0.0799 -0.0835 220.4477
144 784 -0.0683  0.0003 11.2806
176 784 -0.2212 -0.2534 64.9264
208 784 -0.1507 -0.2611 133.6236
240 784 -0.3340 -0.0980 23.7250
272 784 -0.1651 -0.0082 16.8056
304 784 -0.0270 -0.0019 28.3756
336 784 -0.1068  0.2638 94.6510
368 784 -0.2005  0.2121 25.2220
400 784 -0.0939 -0.0507 10.6380
432 784  0.2270 -0.2863 10.9315
464 784  0.1927 -0.4080 13.8015
496 784 -0.4103 -0.3378 76.3074
528 784 -0.4966 -0.6798 93.1678
560 784 -0.2986 -0.3805 111.9359
592 784 -0.1193 -0.0846 84.4884
624 784 -0.0204  0.0946 27.3875
656 784  0.0784  0.1083 59.2339
688 784 -0.0447  0.0043 11.7472
720 784  0.0103 -0.1205 16.1434
752 784  0.0829 -0.1833 13.1502
784 784 -0.0197 -0.0377 14.4461
816 784 -0.0220 -0.1347 13.8271
848 784 -0.1074 -0.1382 10.9516
880 784 -0.2869 -0.0779  7.2382
912 784 -0.1560 -0.3073 11.1031
944 784 -0.1770 -0.3291 11.1547
976 784  0.1004 -0.1307 16.6467
1008 784 -0.1002 -0.1197 88.6902
1040 784 -0.1494 -0.0189 120.2354
1072 784 -0.2202 -0.0313 57.0360
1104 784 -0.2555  0.0767 91.1181
1136 784 -0.1299  0.0872 103.7070
1168 784 -0.1503  0.0658 91.7484
 16 816 -0.0019  0.0188 158.4909
 48 816  0.0297 -0.0429 196.5162
 80 816  0.0246 -0.0434 283.2760
112 816 -0.0658 -0.0898 227.9742
144 816 -0.0546 -0.0267 426.1250
176 816 -0.1324 -0.1585 80.6305
208 816 -0.1713 -0.2949 37.5754
240 816 -0.0434 -0.2706 32.2521
272 816 -0.0056 -0.4658 54.3769
304 816 -0.0680 -1.0297 95.0425
336 816  0.0661 -0.4841 44.1231
368 816  0.1077  0.0472 25.6273
400 816  0.1372 -0.0429  4.2573
496 816  0.2137 -0.3027  5.0016
528 816  0.2066 -0.2326 45.1414
560 816 -0.2059 -0.2624 63.5458
592 816 -0.0879 -0.0468 109.5409
624 816 -0.0284  0.0717 29.4309
656 816  0.0546  0.0998 41.0697
688 816 -0.0129 -0.0034 15.3194
720 816 -0.0442  0.0184 10.7889
752 816 -0.0802 -0.0613  9.9790
784 816 -0.3925 -0.0592 11.0362
816 816 -0.0308 -0.0267 20.7921
848 816 -0.1553 -0.0347  9.8648
880 816 -0.0194 -0.0773 11.7516
912 816 -0.1353 -0.0102 16.0432
944 816 -0.1714 -0.3449  9.6849
976 816 -0.1148 -0.1758 11.3868
1008 816 -0.0095 -0.1979 21.1048
1040 816 -0.1215 -0.0674 72.8892
1072 816 -0.2378  0.0240 161.3459
1104 816 -0.1632 -0.0248 99.2775
1136 816 -0.2378 -0.1065 45.8443
1168 816 -0.1652  0.0443 105.2817
 16 848  0.0634  0.0118 63.5287
 48 848  0.0432  0.0011 24.7878
 80 848  0.0447 -0.0124 71.3253
112 848  0.0139 -0.0247 158.1444
144 848  0.0236 -0.0196 48.6692
176 848 -0.0755 -0.0590 43.5227
208 848 -0.1042 -0.2395 151.4919
240 848  0.0366 -0.0836 231.3051
272 848  0.0513  0.0580 56.3049
304 848  0.0333 -0.0103 157.7754
336 848  0.2225  0.0311  9.4793
368 848  0.0383  0.3997 15.2235
400 848 -0.0237  0.1143  4.3800
432 848  0.0842  0.0228  4.9470
464 848  0.1126 -0.0548  4.1451
496 848  0.0686 -0.0787  4.1240
528 848  0.1515 -0.1402 16.5359
560 848 -0.0226  0.0318 62.6221
592 848  0.0735  0.0604 129.0106
624 848 -0.0272  0.1149 80.6762
656 848  0.0432  0.0776 38.4879
688 848  0.0314  0.0184 54.8742
720 848  0.0055 -0.0193 11.1585
752 848 -0.0763  0.1192  7.5181
784 848  0.0145 -0.0807  8.9598
816 848 -0.0033  0.0103 16.5833
848 848  0.1122 -0.0545 10.9226
880 848 -0.0322  0.0337 20.3837
912 848 -0.1748 -0.0449  9.3149
944 848 -0.1000 -0.0715 10.4594
976 848 -0.0396 -0.1668 16.9632
1008 848  0.0291  0.0517 15.3332
1040 848  0.0948  0.0392 15.4762
1072 848 -0.1779 -0.1280 51.6038
1104 848 -0.1489 -0.0170 165.6880
1136 848 -0.1063 -0.1901 176.3161
1168 848 -0.2985  0.0420 107.9902
 16 880  0.0690 -0.0119 25.3359
 48 880  0.1926 -0.0019 51.9570
 80 880  0.0641 -0.0316 219.5026
112 880  0.0427 -0.0123 170.6090
144 880  0.0840 -0.0251 105.3136
176 880  0.1310  0.0059 307.9982
208 880  0.0642 -0.0941 37.8067
240 880 -0.0472 -0.8381 157.2347
272 880 -0.1599 -1.2490 94.2366
304 880 -0.2049 -0.3270 12.1957
336 880 -0.3295  0.3902 25.3062
368 880  0.0085  0.2054  5.2788
400 880  0.0084  0.3163  5.3238
432 880 -0.0234  0.0615  6.5794
464 880  0.0614 -0.0154  4.8857
528 880  0.0536 -0.0020 14.0442
560 880 -0.0144  0.2578 27.6588
592 880 -0.0378  0.1017 58.7650
624 880 -0.0179  0.0840 123.0487
656 880 -0.0776  0.2155 38.1530
688 880  0.0121  0.0609 109.2248
720 880 -0.0049 -0.0112 20.1965
752 880  0.0294 -0.0207 13.8490
784 880 -0.0523 -0.0139 11.4411
816 880 -0.0197  0.0148 10.2119
848 880 -0.0332 -0.0369 14.6042
880 880 -0.0035 -0.0042 11.2642
912 880 -0.0912 -0.0290 13.2480
944 880 -0.0009 -0.0057 11.0927
976 880  0.1655  0.0583 14.0772
1008 880  0.0675  0.0073 10.4468
1040 880 -0.0139  0.0027 12.5061
1072 880 -0.1558 -0.0596 60.9155
1104 880 -0.1654 -0.0669 74.7894
1136 880 -0.0979 -0.0365 121.6364
1168 880 -0.2040 -0.0320 111.2614
 16 912  0.2088  0.0026 49.3464
 48 912  0.0471 -0.0027 18.1212
 80 912  0.1118 -0.0355 97.2638
112 912  0.0900 -0.0408 130.5588
144 912  0.3496 -0.1190 196.1996
176 912  0.1322 -0.0256 105.1714
208 912  0.0573 -0.1336 46.2245
240 912  0.0893 -0.6770 208.8785
272 912  0.0167 -0.7514 230.0441
304 912  0.0518 -0.2662 24.5319
336 912 -0.0212 -0.0068 19.3521
368 912 -0.1923  0.1620  4.1040
400 912  0.0000  0.3101  4.2445
432 912  0.0000  0.1233  4.2345
464 912  0.0125  0.0000  4.1499
528 912  0.0194 -0.0194  4.4982
560 912 -0.0745  0.1653  7.6546
592 912 -0.0427  0.0676 12.7611
624 912 -0.0755  0.0627 19.1819
656 912 -0.0360  0.1093 37.4011
688 912 -0.0236  0.0579 42.8203
720 912 -0.0329 -0.0248 11.7779
752 912  0.1452 -0.0887  7.2606
784 912 -0.0154 -0.0128 31.2223
816 912 -0.0467 -0.0698  6.0045
848 912  0.0381 -0.0482  9.9199
880 912  0.0239  0.0075 13.6065
912 912  0.0365  0.1188 12.3301
944 912  0.1098  0.2122  9.7734
976 912  0.1439  0.1723  9.6382
1008 912  0.4310  0.2533  7.9469
1040 912 -0.0418  0.0161 34.2860
1072 912 -0.2196 -0.0848 42.5142
1104 912 -0.2443 -0.0147 112.5783
1136 912 -0.1830 -0.0832 84.0324
1168 912 -0.1217 -0.0148 150.7719
 16 944  0.0559 -0.0189 25.8639
 48 944  0.0638 -0.0116 49.8761
 80 944  0.0595  0.0299 329.0140
112 944  0.1335 -0.0108 264.7240
144 944  0.1516 -0.0217 98.8599
176 944  0.1869  0.0203 239.1619
208 944  0.5371 -0.0434 188.9512
240 944  0.2026 -0.7505 69.0902
272 944 -0.0809 -0.3550 20.0022
304 944  0.1754 -0.5086 78.4815
336 944 -0.1618 -0.5463 13.3454
368 944 -0.4935  0.4488 13.6724
400 944 -0.1866  0.1829  4.3202
432 944 -0.0492  0.1016  4.1121
464 944  0.0795  0.0772  5.2417
496 944  0.0058  0.0140 10.0869
528 944 -0.0261  0.0231  4.9287
624 944 -0.0511  0.0641  9.3648
656 944  0.0380  0.0216 20.4866
688 944 -0.0109  0.0748 28.5010
720 944 -0.0688 -0.0292  6.6570
752 944  0.0667 -0.0171  5.2025
784 944 -0.0167 -0.0161  4.5284
816 944  0.0305 -0.0139  4.4279
848 944  0.0117  0.0392 11.0452
880 944 -0.0449  0.3526  8.1424
912 944 -0.0939  0.0561  9.5111
944 944 -0.0146 -0.0416 10.2417
976 944 -0.0154  0.0446  8.6660
1008 944  0.0991  0.1236 16.2289
1040 944 -0.1948 -0.0996 68.1834
1072 944 -0.1194 -0.0642 54.5395
1104 944 -0.0949 -0.0980 81.3649
1136 944 -0.1093  0.0031 65.0462
1168 944 -0.1509 -0.0439 90.2434
 16 976  0.1385 -0.0034 25.6859
 48 976  0.1235 -0.0017 55.0744
 80 976  0.0594  0.0332 21.5773
112 976  0.6065 -0.0085 119.4960
144 976  0.3094 -0.0582 311.3565
176 976  0.3125 -0.0494 55.9918
208 976  0.0821 -0.0319 42.8762
240 976  0.5507 -0.0766 79.5133
272 976  0.2969 -0.2377 76.9745
304 976  0.0240 -0.7699 74.7811
336 976  0.0370 -0.1109 15.6626
368 976 -0.1489 -0.2862 18.7436
400 976 -0.2460  0.2317 44.9675
432 976  0.4207  0.2255 22.2963
464 976  0.0158 -0.0552 23.2412
496 976  0.3022 -0.3192 16.2405
528 976  0.0033  0.0097 27.2335
560 976 -0.0000  0.0187  6.3667
624 976  0.0098 -0.0049  4.5833
656 976 -0.0754  0.0313  8.1358
688 976  0.0143 -0.0400  9.4402
720 976 -0.0689 -0.0612  4.5392
784 976 -0.0078 -0.0074  4.2756
816 976  0.0201  0.0212 12.3348
848 976 -0.1264 -0.0723 41.4228
880 976 -0.1458 -0.0101 35.3770
912 976 -0.0415  0.0261 20.1600
944 976  0.0796  0.0256 21.5391
976 976 -0.2342 -0.0784 51.8735
1008 976 -0.2221 -0.0949 60.4787
1040 976 -0.3085 -0.0586 55.5527
1072 976 -0.0459 -0.0671 76.0339
1104 976 -0.0753  0.0184 136.2748
1136 976 -0.0985 -0.0658 91.5152
1168 976 -0.1253 -0.0197 94.5275
 16 1008  0.0098  0.0391 47.8367
 48 1008  0.1791  0.0041 69.1813
 80 1008  0.0785  0.0375 160.5737
112 1008  0.1107 -0.0410 44.9293
144 1008  0.2145 -0.1155 187.7452
176 1008  0.1574 -0.0656 170.3075
208 1008  0.2964 -0.1362 148.8888
240 1008  0.0910 -0.1802 177.2497
272 1008  0.2528 -0.3015 49.6150
304 1008  0.4828 -0.3522 170.2932
336 1008  0.0856 -0.5680 42.6361
368 1008  0.0970 -0.1919 101.6109
400 1008  0.0718 -0.2249 23.1742
432 1008  0.1513 -0.0609 16.2914
464 1008  0.0731 -0.0248 14.3878
496 1008  0.0502 -0.0448 22.4210
528 1008  0.0435 -0.4491 12.4482
560 1008 -0.0184  0.0646 11.2849
592 1008 -0.0830  0.0525  4.1083
784 1008 -0.0078  0.0153  5.9948
816 1008  0.0147  0.0034 22.8738
848 1008 -0.1282 -0.0592 73.3004
880 1008 -0.1140 -0.0078 30.0041
912 1008 -0.1056 -0.0844 41.6823
944 1008 -0.2971 -0.1201 65.5216
976 1008 -0.2510 -0.0371 43.1142
1008 1008 -0.3103 -0.0843 78.7892
1040 1008 -0.1191 -0.0424 55.9296
1072 1008 -0.0938 -0.0200 56.3257
1104 1008 -0.1280 -0.0391 110.5207
1136 1008 -0.0583 -0.1059 24.7167
1168 1008 -0.1036 -0.0366 52.9477
 16 1040  0.1315  0.0158 249.4485
 48 1040  0.0706 -0.0666 37.4661
 80 1040  0.0978 -0.0066 297.5070
112 1040  0.4383 -0.0381 140.0288
144 1040  0.1601 -0.0379 54.4922
176 1040  0.2476 -0.1661 160.3239
208 1040  0.6283 -0.0227 344.5123
240 1040  0.2720 -0.0999 77.5087
272 1040  0.1463 -0.1655 91.4254
304 1040  0.2687 -0.2581 50.9756
336 1040  0.1608 -0.0579 20.8766
368 1040  0.1129 -0.1703 27.3653
400 1040  0.0632 -0.1427 16.2049
432 1040  0.1292 -0.0848 16.0658
464 1040  0.0266 -0.0319 17.2804
496 1040  0.1152 -0.1998 17.1372
528 1040  0.0637 -0.0337 22.9673
560 1040  0.0223 -0.1243 11.4997
592 1040 -0.1472 -0.0212  4.9641
624 1040 -0.1516 -0.1543  4.9051
656 1040 -0.1163  0.1806  7.2154
752 1040  0.0177  0.0120  5.4271
784 1040 -0.0110  0.0005 13.8374
816 1040 -0.0221  0.0173 24.3314
848 1040 -0.0578 -0.0059 33.1782
880 1040 -0.0076 -0.0180 14.2799
912 1040 -0.0797  0.0006 82.0750
944 1040 -0.0582 -0.1320 30.2672
976 1040 -0.3092 -0.0587 100.7836
1008 1040 -0.0995 -0.0079 57.7566
1040 1040 -0.0943 -0.0468 86.4087
1072 1040 -0.1812 -0.0774 59.6315
1104 1040 -0.0983 -0.1165 31.0058
1136 1040 -0.0689 -0.0414 33.1541
1168 1040 -0.2154 -0.0525 58.4070
 16 1072  0.2868  0.0078 56.6573
 48 1072  0.0962 -0.0088 96.6522
 80 1072  0.1285  0.0014 291.8916
112 1072  0.2172 -0.0447 67.8224
144 1072  0.2132  0.0391 28.1032
176 1072  0.0966 -0.0305 80.0474
208 1072  0.1859 -0.1028 39.7803
240 1072  0.1862 -0.0654 54.8445
272 1072  0.3450 -0.2509 78.0798
304 1072  0.4432 -0.1454 126.3974
336 1072  0.4699 -0.2159 103.1657
368 1072  0.2271 -0.2479 92.1183
400 1072  0.0571  0.0123 11.5038
432 1072  0.0407 -0.0530 12.5943
464 1072  0.0796 -0.1180 25.7774
496 1072  0.1203 -0.1871 25.4573
528 1072  0.2048 -0.4748 49.3926
560 1072  0.0019 -0.0821 14.9835
592 1072  0.0106  0.0278 19.1003
624 1072 -0.0688  0.0089 21.0518
656 1072 -0.0613  0.0201 23.1226
688 1072 -0.0330  0.0246  4.2292
752 1072  0.0250 -0.0339  4.2140
784 1072  0.0284 -0.0470  7.1739
816 1072  0.0186 -0.0470 12.3231
848 1072 -0.0012 -0.0140 25.1242
880 1072 -0.0258  0.0141 19.3622
912 1072 -0.0060  0.0304 31.3523
944 1072  0.0064 -0.0141 66.1903
976 1072 -0.0360 -0.0613 52.8301
1008 1072 -0.0804 -0.0172 31.9540
1040 1072 -0.0615 -0.0423 126.0013
1072 1072 -0.0465 -0.0577 31.1342
1104 1072 -0.1005 -0.1461 217.5914
1136 1072 -0.0092 -0.0158 19.4345
1168 1072 -0.0639 -0.0521 48.5639
 16 1104  0.1669  0.0372 36.4268
 48 1104  0.0545 -0.0062 94.0980
 80 1104  0.1365  0.0008 28.6911
112 1104  0.0856 -0.0182 135.9757
144 1104  0.2708 -0.0259 62.7214
176 1104  0.1116 -0.0543 107.6674
208 1104  0.1334 -0.1013 36.8366
240 1104  0.5513  0.0017 128.7449
272 1104  0.4182 -0.1009 91.7903
304 1104  0.4351 -0.2432 51.1108
336 1104  0.4531 -0.1884 209.7031
368 1104  0.3784 -0.2167 89.5935
400 1104  0.1759 -0.1284 31.0021
432 1104  0.5951 -0.1863 48.2450
464 1104  0.0308 -0.0587 16.5482
496 1104  0.0268 -0.0719 13.1333
528 1104 -0.0010 -0.0273 13.5540
560 1104  0.0106  0.0025 13.0054
592 1104  0.1593 -0.1165 16.3584
624 1104  0.1155 -0.0846 13.2879
656 1104 -0.0028 -0.0278 19.0497
688 1104 -0.1072  0.0788  5.9907
848 1104  0.0401 -0.1082  5.0285
880 1104  0.1022 -0.1248  6.1174
912 1104  0.0048 -0.0406 12.1481
944 1104 -0.0149 -0.0431 14.4739
976 1104  0.0368 -0.0638  9.1190
1008 1104  0.0035 -0.0083 20.5454
1040 1104  0.0244 -0.0236 29.1260
1072 1104  0.0077 -0.0045 17.7833
1104 1104 -0.0298 -0.0056 19.6960
1136 1104 -0.0057 -0.0007 17.7867
1168 1104 -0.0001 -0.0392 63.0584
 16 1136  0.0858  0.0077 17.2510
 48 1136  0.0825 -0.0590 50.9809
 80 1136  0.2428 -0.0264 179.0124
112 1136  0.2555 -0.0237 81.5671
144 1136  0.1447 -0.0335 149.2194
176 1136  0.4763 -0.0466 135.9099
208 1136  0.1501 -0.0513 89.0575
240 1136  0.4232 -0.1675 64.2218
272 1136  0.1564 -0.1172 94.3290
304 1136  0.1588 -0.2987 78.0463
336 1136  0.3720 -0.2031 72.4228
368 1136  0.3105 -0.1661 182.4232
400 1136  0.2155 -0.0810 26.7466
432 1136  0.0109 -0.0076 12.1873
464 1136 -0.0022 -0.0199 22.9829
496 1136  0.1659 -0.1914 19.7503
528 1136  0.0361 -0.0636 15.4313
560 1136  0.0426 -0.0769 18.3200
592 1136 -0.0172  0.0052 10.9318
624 1136  0.0060  0.0327 28.4764
656 1136  0.1349 -0.0113 31.5771
688 1136 -0.0264  0.0022 15.2259
720 1136 -0.0622  0.1912  5.4408
752 1136 -0.0013  0.1604  5.2860
784 1136  0.0556  0.1084  5.5005
816 1136  0.0480  0.0741  9.6984
848 1136 -0.0635  0.0944 10.2073
880 1136 -0.0830  0.2702  4.3048
976 1136  0.0083 -0.0039  4.2644
1008 1136 -0.0354 -0.0424  5.1050
1040 1136  0.0143 -0.0445  4.7828
1072 1136 -0.0326 -0.0699  5.4811
1104 1136  0.0349 -0.0194  8.1680
1136 1136 -0.0196  0.0048  9.6774
1168 1136  0.0033 -0.0129 18.0107
 16 1168  0.0154 -0.0023 14.6593
 48 1168  0.0374 -0.0065 17.8918
 80 1168  0.1809 -0.0117 37.9592
112 1168  0.0929 -0.0634 116.5055
144 1168  0.1100 -0.0135 194.0515
176 1168  0.3211 -0.0846 98.9893
208 1168  0.4021 -0.0416 147.6327
240 1168  0.2335 -0.0477 54.3999
272 1168  0.1727 -0.0908 151.5786
304 1168  0.1351 -0.0982 115.9690
336 1168  0.4731 -0.2193 124.0089
368 1168  0.2316 -0.1182 64.4103
400 1168  0.1784  0.0436 12.0159
432 1168  0.0763 -0.1306 20.4846
464 1168  0.0225  0.0289 11.2403
496 1168  0.0358 -0.0188 17.4003
528 1168  0.0128 -0.0250 16.0827
560 1168  0.0036 -0.0027 10.9969
592 1168 -0.0054  0.0011 13.5116
624 1168  0.1042 -0.0237 13.7106
656 1168  0.0031  0.0201 18.3604
688 1168  0.0161 -0.0068 18.4609
720 1168 -0.0048  0.0034 12.5418
752 1168  0.0019 -0.0147 10.9273
784 1168  0.0268 -0.0052  8.7341
816 1168 -0.0350  0.0019 14.0630
848 1168 -0.0305  0.0171 14.8007
880 1168 -0.0031  0.0143 13.1193
912 1168 -0.0555  0.0488 12.6623
944 1168 -0.0581  0.1890  6.0369
976 1168  0.0205  0.1672  5.5961
1008 1168 -0.0453  0.0793  4.6212
1104 1168  0.0000 -0.0430  4.2313
1136 1168  0.0514 -0.0657  4.6225
1168 1168 -0.0306  0.0016  4.6545
 16 1200 -0.0235  0.0287 140.1040
 48 1200  0.1841 -0.0442 24.2462
 80 1200  0.0246  0.0224 13.4505
112 1200 -0.0023 -0.0760 141.4781
144 1200  0.1672 -0.0476 59.7919
176 1200  0.2335 -0.0348 120.0448
208 1200  0.4531 -0.0414 101.9447
240 1200  0.0697 -0.1214 126.1378
272 1200  0.1505 -0.1011 85.7570
304 1200  0.1267 -0.2945 102.1331
336 1200  0.2355 -0.1393 262.4428
368 1200  0.1603 -0.1177 48.8261
400 1200  0.2091 -0.4685 49.1545
432 1200 -0.0035 -0.0153 13.7702
464 1200  0.0432 -0.1364 19.0503
496 1200  0.0041 -0.0271 19.9705
528 1200  0.0140 -0.0159 13.8807
560 1200  0.0089 -0.0267 13.5999
592 1200  0.0091  0.0175 17.2177
624 1200  0.0193  0.0048 40.7719
656 1200  0.0546 -0.0308 40.2759
688 1200  0.0207 -0.0476 13.8141
720 1200  0.0057  0.0035 18.4473
752 1200  0.0026 -0.0047 15.9664
784 1200  0.0775 -0.0102 10.8154
816 1200 -0.0126 -0.0418 12.1338
848 1200  0.0183 -0.0027 11.8247
880 1200  0.0244 -0.0072 13.1302
912 1200  0.0061 -0.0154 17.3085
944 1200 -0.0072 -0.0001 15.3153
976 1200 -0.0045  0.0196 13.8214
1008 1200 -0.0389  0.0389 12.2437
1040 1200 -0.0751  0.0859 10.4563
1072 1200 -0.0409  0.1447  6.5449
1104 1200 -0.0293  0.1517  5.0404
1136 1200 -0.0166  0.2408  4.4406
1168 1200  0.0000  0.1528  4.2652
 16 1232  0.0634 -0.0327 13.4895
 48 1232  0.0622  0.0057 43.7612
 80 1232  0.2234 -0.0351 118.7882
112 1232  0.1378 -0.0680 67.7494
144 1232  0.3819 -0.2080 229.9570
176 1232  0.3214 -0.0458 166.1242
208 1232  0.1306 -0.0854 121.8136
240 1232  0.0618 -0.0126 21.0864
272 1232  0.1754 -0.1057 44.3332
304 1232  0.2197 -0.1225 132.1581
336 1232  0.1431 -0.1536 187.9221
368 1232  0.1312 -0.1259 182.4162
400 1232  0.1053  0.0094 38.7200
432 1232 -0.0304 -0.0280 13.0471
464 1232  0.0173 -0.0223 20.2462
496 1232 -0.0024 -0.0305 21.3232
528 1232  0.0301  0.0017 11.6949
560 1232  0.0026 -0.0231 23.2985
592 1232 -0.0100 -0.0233 13.6098
624 1232 -0.0186 -0.0114 13.2132
656 1232  0.0033  0.0575 13.7202
688 1232 -0.0187 -0.0577 11.7133
720 1232  0.0398  0.0055 13.1163
752 1232 -0.0038  0.0023 17.1087
784 1232  0.0052  0.0203 13.8649
816 1232  0.0155  0.0411 20.9454
848 1232  0.0392  0.0207 11.4783
880 1232  0.0097  0.0508  9.9271
912 1232 -0.0704 -0.0042 14.3362
944 1232 -0.0046  0.0151 14.4987
976 1232  0.0205 -0.0262 11.9486
1008 1232  0.0337  0.0128 16.6542
1040 1232  0.0495 -0.0073 14.2454
1072 1232  0.0291  0.0370 11.7057
1104 1232 -0.0064  0.0055 12.7279
1136 1232 -0.0206 -0.0007 11.8750
1168 1232 -0.0027 -0.0011 12.4257
 16 1264  0.1270 -0.0191 24.7763
 48 1264  0.0917  0.0084 32.7213
 80 1264  0.1390 -0.0314 167.2018
112 1264  0.1168 -0.0438 120.8039
144 1264  0.0986 -0.0688 66.0453
176 1264  0.1751 -0.1181 99.3684
208 1264  0.0521 -0.1797 66.7782
240 1264  0.2207 -0.1025 97.6920
272 1264  0.1749 -0.0526 37.4387
304 1264  0.1542 -0.0967 34.5433
336 1264  0.2022 -0.0347 38.5723
368 1264  0.0917 -0.0961 133.5919
400 1264  0.2253 -0.1538 59.0593
432 1264  0.0414 -0.0871 18.7807
464 1264  0.0517 -0.0325 13.2352
496 1264  0.0294 -0.0098 14.6834
528 1264 -0.0048  0.0019 12.2740
560 1264 -0.0052  0.0015 10.6323
592 1264 -0.0227  0.0237 13.9503
624 1264 -0.0028  0.0047 17.6525
656 1264  0.0064 -0.0130 13.9858
688 1264 -0.0184 -0.0039 12.2734
720 1264 -0.0650  0.0308 12.4334
752 1264  0.0073  0.0005 25.2396
784 1264 -0.0365  0.0341 11.5690
816 1264 -0.0083  0.0967 15.6192
848 1264  0.0061 -0.0103 10.0709
880 1264 -0.0549  0.0230 10.1317
912 1264 -0.0378  0.0702 11.5335
944 1264 -0.0242 -0.0101 10.1645
976 1264  0.0158  0.0293 10.2890
1008 1264  0.0094  0.0765 11.6927
1040 1264 -0.0332  0.0098 10.2342
1072 1264  0.0175 -0.0614 10.4530
1104 1264  0.0163 -0.0213  9.9059
1136 1264 -0.0415  0.0471  9.9138
1168 1264  0.0067  0.0023 12.7389
 16 1296  0.0559  0.0206 15.7017
 48 1296  0.1017  0.1115 23.6473
 80 1296  0.0675 -0.0294 32.1438
112 1296  0.0821 -0.0943 18.7304
144 1296  0.1014 -0.0231 16.5864
176 1296  0.0807 -0.0400 131.4257
208 1296  0.3327  0.0008 144.7131
240 1296  0.0882 -0.0659 23.8011
272 1296 -0.0024 -0.0596 29.2419
304 1296  0.0986 -0.0605 23.2392
336 1296  0.1745 -0.1946 274.7342
368 1296  0.1059 -0.1847 145.3135
400 1296  0.0022 -0.0282 58.1750
432 1296  0.0312 -0.0592 28.4725
464 1296  0.0035  0.0024 16.5988
496 1296  0.0348 -0.0034 17.4980
528 1296  0.0112 -0.0388 12.7781
560 1296 -0.0071 -0.0275 17.3780
592 1296  0.0121  0.0026 12.7341
624 1296  0.0044 -0.0450 13.7579
656 1296 -0.0184 -0.0333 14.0401
688 1296  0.0298  0.0278 11.7269
720 1296  0.0085  0.0055 11.5204
752 1296  0.0312 -0.0299 15.1627
784 1296 -0.0172  0.0572 11.5200
816 1296 -0.0189 -0.0911 10.7307
848 1296  0.0678  0.0144 12.1941
880 1296  0.0005 -0.0171 11.4356
912 1296  0.0219  0.0194 11.1144
944 1296 -0.0003 -0.0431 11.8523
976 1296  0.0056  0.0184 10.9537
1008 1296 -0.0495  0.0768  9.4827
1040 1296  0.0533  0.0382  8.5259
1072 1296 -0.0152  0.0783  9.4378
1104 1296 -0.0040 -0.0063 11.2064
1136 1296  0.0280  0.0513 10.0004
1168 1296  0.0097  0.0011  9.4196
  0   0  0.0207 -0.0392  0.0000
  0   0  0.0105 -0.0137  0.0000
  0   0 -0.0164  0.0267  0.0000
  0   0  0.0159  0.0182  0.0000
  0   0  0.0665  0.0302  0.0000
  0   0  0.1080  0.0582  0.0000
  0   0  0.1021 -0.0270  0.0000
  0   0  0.1032 -0.0830  0.0000
  0   0  0.1073 -0.0629  0.0000
  0   0  0.1377 -0.0621  0.0000
  0   0  0.3198 -0.0288  0.0000
  0   0 -0.0052 -0.0675  0.0000
  0   0 -0.0333 -0.0698  0.0000
  0   0  0.0241 -0.0863  0.0000
  0   0  0.0672 -0.1550  0.0000
  0   0  0.0053 -0.1454  0.0000
  0   0 -0.0770 -0.0504  0.0000
  0   0 -0.0940 -0.0194  0.0000
  0   0 -0.1134  0.0295  0.0000
  0   0 -0.0970  0.0452  0.0000
  0   0 -0.1014  0.0338  0.0000
  0   0 -0.0850  0.0278  0.0000
  0   0 -0.0536  0.0221  0.0000
  0   0 -0.0333 -0.0138  0.0000
  0   0 -0.0179 -0.0170  0.0000
  0   0  0.0218  0.0067  0.0000
  0   0  0.0303 -0.0074  0.0000
  0   0  0.0414 -0.0249  0.0000
  0   0  0.0231 -0.0026  0.0000
  0   0  0.0331 -0.0689  0.0000
  0   0  0.0776 -0.0357  0.0000
  0   0  0.0494 -0.0391  0.0000
  0   0  0.0484 -0.0266  0.0000
  0   0  0.0306 -0.0427  0.0000
  0   0  0.0222  0.0087  0.0000
  0   0  0.0047  0.0555  0.0000
  0   0  0.0453  0.0519  0.0000
  0   0  0.0171  0.0659  0.0000
  0   0  0.0155  0.0242  0.0000
  0   0  0.0307  0.0323  0.0000
  0   0  0.0269  0.0065  0.0000
  0   0  0.0265 -0.0139  0.0000
  0   0  0.0193 -0.0031  0.0000
  0   0  0.0127  0.0172  0.0000
  0   0  0.0351  0.0201  0.0000
  0   0  0.0716  0.0227  0.0000
  0   0  0.1010  0.0176  0.0000
  0   0  0.1057 -0.0343  0.0000
  0   0  0.1047 -0.0791  0.0000
  0   0  0.1084 -0.0902  0.0000
  0   0  0.1412 -0.0956  0.0000
  0   0  0.2425 -0.0842  0.0000
  0   0 -0.0948 -0.0708  0.0000
  0   0 -0.0863 -0.0858  0.0000
  0   0 -0.0566 -0.1052  0.0000
  0   0 -0.0474 -0.1309  0.0000
  0   0 -0.0964 -0.1121  0.0000
  0   0 -0.1641 -0.0466  0.0000
  0   0 -0.2058  0.0093  0.0000
  0   0 -0.2295  0.0618  0.0000
  0   0 -0.2248  0.0904  0.0000
  0   0 -0.2094  0.0925  0.0000
  0   0 -0.1729  0.0800  0.0000
  0   0 -0.1232  0.0570  0.0000
  0   0 -0.0746  0.0227  0.0000
  0   0 -0.0291  0.0028  0.0000
  0   0  0.0172 -0.0040  0.0000
  0   0  0.0459 -0.0206  0.0000
  0   0  0.0641 -0.0379  0.0000
  0   0  0.0685 -0.0459  0.0000
  0   0  0.0808 -0.0762  0.0000
  0   0  0.0993 -0.0731  0.0000
  0   0  0.0893 -0.0704  0.0000
  0   0  0.0794 -0.0587  0.0000
  0   0  0.0632 -0.0449  0.0000
  0   0  0.0505 -0.0023  0.0000
  0   0  0.0413  0.0386  0.0000
  0   0  0.0500  0.0546  0.0000
  0   0  0.0389  0.0613  0.0000
  0   0  0.0347  0.0429  0.0000
  0   0  0.0379  0.0335  0.0000
  0   0  0.0362  0.0162  0.0000
  0   0  0.0341  0.0042  0.0000
  0   0  0.0317  0.0073  0.0000
  0   0  0.0346  0.0164  0.0000
  0   0  0.0520  0.0186  0.0000
  0   0  0.0769  0.0133  0.0000
  0   0  0.0961 -0.0051  0.0000
  0   0  0.1006 -0.0457  0.0000
  0   0  0.0965 -0.0877  0.0000
  0   0  0.0934 -0.1169  0.0000
  0   0  0.1059 -0.1382  0.0000
  0   0  0.1453 -0.1508  0.0000
  0   0 -0.1760 -0.0785  0.0000
  0   0 -0.1471 -0.1044  0.0000
  0   0 -0.1268 -0.1259  0.0000
  0   0 -0.1369 -0.1316  0.0000
  0   0 -0.1894 -0.1020  0.0000
  0   0 -0.2631 -0.0371  0.0000
  0   0 -0.3264  0.0394  0.0000
  0   0 -0.3624  0.1078  0.0000
  0   0 -0.3628  0.1505  0.0000
  0   0 -0.3313  0.1599  0.0000
  0   0 -0.2720  0.1403  0.0000
  0   0 -0.1958  0.1017  0.0000
  0   0 -0.1157  0.0564  0.0000
  0   0 -0.0409  0.0184  0.0000
  0   0  0.0226 -0.0097  0.0000
  0   0  0.0684 -0.0349  0.0000
  0   0  0.0977 -0.0587  0.0000
  0   0  0.1152 -0.0810  0.0000
  0   0  0.1286 -0.1033  0.0000
  0   0  0.1362 -0.1126  0.0000
  0   0  0.1298 -0.1095  0.0000
  0   0  0.1148 -0.0920  0.0000
  0   0  0.0955 -0.0595  0.0000
  0   0  0.0787 -0.0122  0.0000
  0   0  0.0679  0.0337  0.0000
  0   0  0.0631  0.0622  0.0000
  0   0  0.0560  0.0702  0.0000
  0   0  0.0503  0.0592  0.0000
  0   0  0.0470  0.0420  0.0000
  0   0  0.0436  0.0249  0.0000
  0   0  0.0408  0.0152  0.0000
  0   0  0.0412  0.0155  0.0000
  0   0  0.0489  0.0208  0.0000
  0   0  0.0654  0.0220  0.0000
  0   0  0.0850  0.0119  0.0000
  0   0  0.0983 -0.0142  0.0000
  0   0  0.0983 -0.0555  0.0000
  0   0  0.0859 -0.1029  0.0000
  0   0  0.0679 -0.1475  0.0000
  0   0  0.0524 -0.1866  0.0000
  0   0  0.0425 -0.2216  0.0000
