VARIABLES= "X pix", "Y pix", "U pix/dt", "V pix/dt", "CHC", ZONE I=37, J=41
304  16 -0.0227 -0.1043 59.5809
336  16 -0.1113 -0.1323 18.9118
368  16 -0.1366 -0.0778 24.6753
400  16 -0.1259 -0.0469 88.5845
496  16 -0.0958 -0.0451 89.0435
528  16 -0.0740 -0.0349 39.0095
560  16 -0.0469 -0.0150 40.9600
592  16 -0.0155  0.0028 50.5679
624  16 -0.0293  0.0488 54.6133
656  16 -0.0578  0.0794 46.5454
688  16 -0.0366  0.0517 273.0666
304  48 -0.0048  0.0709 52.5128
336  48 -0.0033  0.0912 29.4676
368  48 -0.0519  0.0854 110.7027
496  48 -0.0845  0.0528 71.8596
528  48 -0.0582  0.0166 27.3067
560  48 -0.0656 -0.0280 41.3737
592  48 -0.0582 -0.0965 134.6103
688  48 -0.0354 -0.0384 227.5554
720  48 -0.0255  0.0398 29.2571
752  48  0.0054  0.0479 36.2478
784  48 -0.0058 -0.0059 34.1309
816  48 -0.0693  0.0000 204.7999
304  80 -0.0448  0.0126 49.3494
336  80 -0.0333 -0.0125 30.7970
368  80 -0.0138 -0.0350 50.5679
400  80 -0.0044 -0.0384 47.0804
432  80  0.0006 -0.0417 43.5745
464  80  0.0037 -0.0101 4095.9939
496  80  0.0093  0.0455 71.8596
528  80 -0.0099  0.1250 28.4444
560  80 -0.0080  0.0788 48.7619
592  80  0.0000  0.0087 40.9030
688  80 -0.0115  0.0572 341.3332
720  80 -0.0566  0.0087 80.3137
752  80 -0.1051 -0.0142 87.1489
784  80 -0.0243 -0.0557 69.4237
816  80  0.0000 -0.2158 156.6775
 16 144 -0.0791 -0.0879 164.8656
 48 144 -0.0513 -0.0523 102.6632
 80 144 -0.0846 -0.0738 71.3630
112 144 -0.0365 -0.0261 55.4134
144 144 -0.0890 -0.0990 94.6794
176 144 -0.0765 -0.0230 70.5601
208 144 -0.0698 -0.0132 73.7282
240 144 -0.0592 -0.0221 140.3853
272 144 -0.0541 -0.0021 45.2346
304 144 -0.0448  0.0151 66.7786
336 144 -0.0075  0.0151 58.2473
368 144 -0.0309  0.0546 94.6868
400 144 -0.0678  0.0856 58.1466
432 144 -0.0407  0.0354 214.4031
464 144 -0.0208  0.0591 122.3330
496 144 -0.0212  0.0522 200.0225
528 144 -0.0538  0.0641 161.9728
560 144 -0.0822  0.0424 53.4964
592 144 -0.0242  0.0432 167.1541
624 144 -0.0578  0.0578 86.5214
656 144 -0.0230  0.0421 258.4373
688 144 -0.0198  0.0273 115.8735
720 144 -0.0388  0.0612 148.1998
752 144 -0.0111  0.0731 135.1781
784 144 -0.0444  0.0408 82.0927
816 144 -0.0490  0.0562 146.5653
848 144 -0.0218  0.0487 160.6241
880 144 -0.0389  0.0175 57.6937
912 144 -0.0131  0.0107 129.0903
944 144 -0.0206  0.0273 94.4557
976 144 -0.0278  0.0248 139.0786
1008 144 -0.0361  0.0499 48.6169
1040 144 -0.0254  0.0507 69.5339
1072 144 -0.0404  0.1083 122.1253
1104 144 -0.0627  0.0322 89.7607
1136 144 -0.0134  0.0106 80.4737
1168 144 -0.0619  0.0597 121.0568
 16 176 -0.0725 -0.0683 39.3291
 48 176 -0.1761 -0.0734 141.9757
 80 176 -0.1751 -0.0973 313.0887
112 176 -0.2064 -0.0124 35.5396
144 176 -0.0774 -0.0642 87.6393
176 176 -0.0623 -0.0635 164.0591
208 176 -0.0974 -0.0523 139.5670
240 176 -0.1135 -0.0304 275.5847
272 176 -0.0415 -0.0259 188.9224
304 176 -0.0208 -0.0027 242.5611
336 176 -0.0070 -0.0040 152.6655
368 176 -0.0581  0.0087 220.4234
400 176 -0.0240  0.0460 250.8396
432 176 -0.0217  0.0207 170.2880
464 176 -0.0194  0.0618 179.8877
496 176 -0.0526  0.0681 243.2918
528 176 -0.0383  0.0254 106.4541
560 176 -0.0361  0.0957 157.6583
592 176 -0.0375  0.0596 72.9629
624 176 -0.0928 -0.0324 352.6154
656 176 -0.0367  0.0526 262.1463
688 176 -0.0303  0.0377 142.3659
720 176 -0.0401  0.0666 103.7371
752 176 -0.0702  0.0080 284.6434
784 176 -0.0534  0.0230 72.5430
816 176 -0.0438  0.0279 98.2786
848 176 -0.0020  0.0059 206.7526
880 176 -0.0191  0.0291 59.3090
912 176 -0.0227  0.0009 161.7894
944 176 -0.0062  0.0570 150.7573
976 176 -0.0766  0.0236 95.3390
1008 176 -0.0483  0.0472 137.1054
1040 176 -0.0025  0.0682 59.4086
1072 176 -0.0344  0.0582 147.7181
1104 176 -0.0566  0.1095 83.9009
1136 176 -0.0636  0.1233 180.5719
1168 176 -0.1072  0.1489 202.3547
 16 208 -0.0030 -0.0264 17.6235
 48 208 -0.1783 -0.1094 191.2061
 80 208 -0.1220 -0.0563 289.8410
112 208 -0.1945 -0.0986 184.5106
144 208 -0.0977 -0.1016 99.1621
176 208 -0.0333 -0.0582 280.2606
208 208 -0.1255 -0.0390 352.8041
240 208 -0.0539 -0.0256 195.3382
272 208 -0.0835 -0.0162 152.4546
304 208 -0.0365 -0.0151 216.1038
336 208 -0.0509  0.0206 174.9292
368 208 -0.0072  0.0228 143.7238
400 208 -0.0165  0.0408 134.6479
432 208 -0.0021  0.0364 157.1610
464 208 -0.0214  0.1361 127.6383
496 208 -0.0026  0.0385 147.6764
528 208 -0.0021  0.0441 146.1206
560 208 -0.0054  0.0368 127.8146
592 208 -0.0177  0.0802 62.7937
624 208 -0.0134  0.0474 44.5562
656 208  0.0095  0.0301 164.2613
688 208 -0.0351  0.0677 118.4212
720 208 -0.0566  0.0403 128.6015
752 208 -0.0367  0.0192 149.5009
784 208 -0.0278  0.0061 161.6520
816 208 -0.0319  0.0375 182.6766
848 208 -0.0252  0.0392 170.4531
880 208 -0.0130 -0.0187 299.7801
912 208 -0.0172  0.0192 76.1456
944 208 -0.0348  0.0425 115.7499
976 208 -0.0455  0.0603 159.1778
1008 208 -0.1015  0.0784 138.8574
1040 208 -0.0410  0.0351 143.4901
1072 208 -0.0813  0.0510 139.4360
1104 208 -0.0411  0.0708 121.4424
1136 208 -0.0726  0.0795 103.9931
1168 208 -0.0640  0.0812 68.9507
 16 240 -0.0951 -0.0936 71.4486
 48 240 -0.0590 -0.1168 16.8199
 80 240 -0.0859 -0.1141 93.4237
112 240 -0.1626 -0.2060 88.1031
144 240 -0.1419 -0.0773 222.3482
176 240 -0.0980 -0.0917 228.2211
208 240 -0.0982 -0.0263 73.3142
240 240 -0.0556 -0.0454 226.8998
272 240 -0.0576 -0.0263 193.8268
304 240 -0.0433 -0.0181 247.6036
336 240 -0.0381  0.0063 119.4457
368 240 -0.0177  0.0822 99.1565
400 240 -0.0156  0.0403 248.0075
432 240 -0.0215  0.0588 227.1221
464 240 -0.0122  0.0406 175.4946
496 240 -0.0255  0.0627 248.5882
528 240 -0.0276  0.1128 61.8569
560 240 -0.0212  0.0613 136.0841
592 240 -0.0442  0.1049 180.0727
624 240 -0.0246  0.0367 151.4463
656 240 -0.0143  0.0689 128.0316
688 240 -0.0245  0.0363 107.7276
720 240 -0.0294  0.0204 109.6077
752 240 -0.0196  0.0182 264.4164
784 240 -0.0369  0.0158 84.6801
816 240 -0.0071  0.0285 181.8284
848 240 -0.0340  0.0110 140.6681
880 240 -0.0467  0.0227 103.9874
912 240  0.0230  0.0277 78.8503
944 240 -0.0327  0.0321 76.8107
976 240 -0.0249  0.0811 89.5366
1008 240 -0.0287  0.0159 124.5628
1040 240 -0.0605  0.0565 89.8041
1072 240 -0.0523  0.0793 187.9020
1104 240 -0.0706  0.0904 117.1773
1136 240 -0.0305  0.0919 119.1219
1168 240 -0.0313  0.0681 67.5975
 16 272 -0.2742 -0.0769 25.5647
 48 272 -0.1477 -0.1572 206.9768
 80 272 -0.1447 -0.1398 202.9217
112 272 -0.0432 -0.1179 331.2607
144 272 -0.4896 -0.0705 139.5069
176 272 -0.1501 -0.0617 187.9918
208 272 -0.1341 -0.0628 72.2165
240 272 -0.0658 -0.0613 47.8148
272 272 -0.0272 -0.0199 20.0706
304 272 -0.0928 -0.0048 119.4587
336 272 -0.0397 -0.0183 158.9187
368 272 -0.0756  0.0141 173.1304
400 272 -0.0593  0.0249 267.0172
432 272 -0.0365  0.0554 183.2551
464 272 -0.0046  0.0392 85.3313
496 272 -0.0346  0.0531 144.6231
528 272  0.0019  0.2220 115.3191
560 272 -0.0515  0.0386 20.2177
592 272 -0.0460  0.0304 215.3864
624 272 -0.0118  0.0482 101.3143
656 272 -0.0263  0.0483 138.0641
688 272 -0.0412  0.0330 106.7925
720 272 -0.0132  0.0152 97.2699
752 272 -0.0272  0.0278 108.7988
784 272 -0.0260  0.0068 123.5034
816 272 -0.0547 -0.0194 264.5082
848 272  0.0102  0.0253 117.5831
880 272 -0.0168  0.0172 75.1463
912 272 -0.0132  0.0086 88.5294
944 272 -0.0373  0.0105 180.4614
976 272 -0.0292  0.0154 208.3448
1008 272 -0.0367  0.0587 128.2255
1040 272 -0.0565  0.1071 115.1917
1072 272 -0.0444  0.0365 74.3811
1104 272 -0.0776  0.1066 112.3994
1136 272 -0.0506  0.0674 36.6800
1168 272 -0.0546  0.0516 23.6934
 16 304 -0.1668 -0.1482 31.5333
 48 304 -0.0526 -0.0966 192.8257
 80 304 -0.2112 -0.1207 180.4498
112 304 -0.2727 -0.1470 274.0142
144 304 -0.2160 -0.0441 185.0066
176 304 -0.0522 -0.2192 98.3536
208 304 -0.0949 -0.2269 153.8312
240 304 -0.1239 -0.0650 140.0330
272 304 -0.1301 -0.0350 156.1665
304 304 -0.0972 -0.0333 121.9110
336 304 -0.0608 -0.0190 101.9150
368 304 -0.0400  0.0007 95.0332
400 304 -0.0145  0.0323 38.4274
432 304 -0.0529  0.0713 50.9006
464 304  0.0116  0.0261 236.9735
496 304 -0.0333  0.0854 124.6018
528 304 -0.0681  0.0679 124.9297
560 304 -0.0144  0.1080 190.4274
592 304 -0.0111  0.0518 199.7081
624 304 -0.0118  0.0967 142.0700
656 304 -0.0362  0.0558 51.0468
688 304 -0.0129  0.0366 80.3570
720 304 -0.0394  0.0316 148.0388
752 304 -0.0377  0.0465 89.0897
784 304 -0.0472  0.0293 151.9045
816 304 -0.0077  0.0026 143.7418
848 304 -0.0422  0.0184 89.3374
880 304 -0.0317 -0.0033 118.6208
912 304 -0.0095  0.0139 91.7340
944 304 -0.0086  0.0167 162.2470
976 304 -0.0316  0.0335 165.5770
1008 304 -0.0295  0.0294 51.7793
1040 304 -0.0328  0.0461 75.5036
1072 304 -0.0475  0.0679 142.6012
1104 304 -0.0752  0.0608 207.7209
1136 304 -0.0467  0.0629 92.9764
1168 304 -0.0781  0.1136 81.0145
 16 336 -0.5234 -0.1175 111.5174
 48 336 -0.0558 -0.1201 60.6910
 80 336 -0.6724 -0.0634 166.9514
112 336 -0.1325 -0.1264 198.6944
144 336 -0.1861 -0.1651 237.9408
176 336 -0.1479 -0.2507 356.9697
208 336 -0.0937 -0.0777 28.6798
240 336 -0.2676 -0.0713 152.9411
272 336 -0.0446 -0.0324 283.3924
304 336 -0.0849 -0.0429 90.3345
336 336 -0.0959 -0.0468 242.3752
368 336 -0.0400  0.0181 145.6460
400 336 -0.0368  0.0215 132.9982
432 336 -0.0324  0.0334 167.2721
464 336 -0.0345  0.1188 231.5597
496 336 -0.0416  0.0700 68.2237
528 336 -0.0178  0.0529 148.5937
560 336 -0.0389  0.0495 144.3590
592 336 -0.0505  0.0293 284.5777
624 336  0.0047  0.0474 110.5054
656 336 -0.0235  0.0341 123.3985
688 336 -0.0191  0.0061 137.6035
720 336 -0.0026  0.0271 96.5125
752 336  0.0051  0.0019 187.0452
784 336 -0.0186 -0.0149 178.3515
816 336  0.0004 -0.0080 116.1844
848 336 -0.0395  0.0217 133.4787
880 336 -0.0491 -0.0111 122.9799
912 336 -0.0179  0.0791 94.8399
944 336 -0.0036  0.0385 195.8315
976 336 -0.0267  0.0483 94.3527
1008 336 -0.0240  0.0489 120.3257
1040 336  0.0038  0.0072 95.7358
1072 336 -0.0888  0.0974 115.2801
1104 336 -0.0752  0.1729 187.0396
1136 336 -0.0822  0.0640 98.8262
1168 336 -0.0787  0.1097 75.4894
 16 368 -0.0396 -0.0504 13.8872
 48 368 -0.2986 -0.3151 196.6722
 80 368 -0.2368 -0.1459 56.2541
112 368 -0.2826 -0.0956 27.7257
144 368 -0.3999 -0.1877 58.9722
176 368 -0.1649 -0.2243 73.3940
208 368 -0.1132 -0.1451 177.2654
240 368 -0.2994 -0.1866 204.7095
272 368 -0.0532 -0.0708 62.4990
304 368 -0.1053 -0.0703 421.1915
336 368 -0.0760 -0.0233 391.6380
368 368 -0.0684 -0.0269 181.7994
400 368 -0.0415  0.0012 213.6122
432 368 -0.0342  0.0398 176.3481
464 368 -0.0267  0.0759 84.5074
496 368 -0.0421  0.0379 425.2996
528 368 -0.0070  0.0418 146.6365
560 368 -0.0154  0.0678 70.2935
592 368 -0.0233  0.0754 96.9925
624 368 -0.0292  0.0655 167.3084
656 368 -0.0486  0.0135 134.7032
688 368  0.0110  0.0222 76.6853
720 368  0.0016  0.0173 163.9468
752 368 -0.0016 -0.0002 124.7040
784 368 -0.0100 -0.0012 137.8236
816 368 -0.0759 -0.0041 212.1604
848 368  0.0007  0.0114 74.4029
880 368 -0.0468 -0.0528 133.9004
912 368 -0.0227  0.0077 102.6403
944 368 -0.0159  0.0228 160.2675
976 368 -0.0351  0.0740 65.4967
1008 368 -0.0511  0.0544 307.2553
1040 368 -0.0912  0.0662 180.2193
1072 368 -0.0869  0.0909 100.7465
1104 368 -0.0819  0.0435 138.2289
1136 368 -0.0291  0.0430 106.5271
1168 368 -0.1594  0.1467 157.9158
 16 400 -0.2431 -0.4484 56.6682
 48 400 -0.1926 -0.2536 47.8783
 80 400 -0.6154 -0.2277 196.6533
112 400 -0.4514 -0.2802 101.9345
144 400 -0.2456 -0.3560 34.7820
176 400 -0.3183 -0.3871 125.5348
208 400 -0.1105 -0.1388 318.0569
240 400 -0.2782 -0.1918 228.5530
272 400 -0.1494 -0.3404 144.4817
304 400 -0.1020 -0.1481 236.5839
336 400 -0.0519 -0.0471 57.9210
368 400 -0.0660 -0.0086 50.0869
400 400 -0.0563 -0.0174 20.6826
432 400 -0.0578  0.0186 184.9026
464 400 -0.0122  0.0186 255.7834
496 400 -0.0577  0.0306 32.5533
528 400 -0.0273  0.0469 156.5312
560 400 -0.0009  0.0416 247.5566
592 400 -0.0136  0.0150 267.9311
624 400 -0.0758  0.0580 133.4257
656 400 -0.0458  0.0097 160.8690
688 400 -0.0237  0.0538 177.5484
720 400 -0.0098  0.0213 118.8804
752 400 -0.0092 -0.0440 80.7172
784 400  0.0061 -0.0179 131.2065
816 400 -0.0234 -0.0527 119.3098
848 400  0.0183 -0.0179 150.4316
880 400  0.0454  0.0220 76.1795
912 400 -0.0029  0.0304 103.9994
944 400  0.0001 -0.0033 132.9746
976 400 -0.0353  0.0569 60.2485
1008 400 -0.0935  0.1170 57.9291
1040 400 -0.0119  0.0706 303.2805
1072 400 -0.0192 -0.0105 91.7580
1104 400 -0.1077  0.1459 110.1633
1136 400 -0.1434  0.0935 78.1679
1168 400 -0.1165  0.1226 133.1245
 16 432 -0.3373 -0.1413 30.9863
 48 432 -0.3031 -0.2107 147.4027
 80 432 -0.2746 -0.2109 190.5193
112 432 -0.1714 -0.1460 233.7127
144 432 -0.2770 -0.3076 239.7958
176 432 -0.2319 -0.4106 182.2742
208 432 -0.2899 -0.3542 135.6120
240 432 -0.1597 -0.2049 288.1027
272 432 -0.0707 -0.1814 235.5859
304 432 -0.0331 -0.1550 20.7066
336 432 -0.0873 -0.0890 179.0966
368 432 -0.1693 -0.1267 179.7073
400 432 -0.0748 -0.0396 161.1629
432 432 -0.0574 -0.0013 108.5668
464 432 -0.0578  0.0180 138.2261
496 432 -0.0307  0.0313 159.8964
528 432 -0.0265  0.0676 61.8752
560 432 -0.0317  0.0279 128.3747
592 432 -0.0208  0.0626 74.3343
624 432 -0.0439  0.0249 278.9995
656 432 -0.0095  0.0394 87.3257
688 432 -0.0149  0.0283 61.8599
720 432  0.0274  0.0121 37.7710
752 432  0.0111 -0.0069 121.5618
784 432  0.0001 -0.0293 161.8621
816 432  0.0106 -0.0699 86.9255
848 432 -0.0082 -0.0393 249.7566
880 432 -0.0004 -0.0151 77.7875
912 432 -0.0507  0.0124 103.9187
944 432 -0.0325  0.0302 101.0279
976 432 -0.0389  0.0225 98.9454
1008 432 -0.0946  0.0922 125.5425
1040 432 -0.0698  0.1177 134.4119
1072 432 -0.0834  0.1724 165.1614
1104 432 -0.0928  0.1266 30.0183
1136 432 -0.0748  0.1267 80.2428
1168 432 -0.1477  0.1670 170.5775
 16 464 -0.2549 -0.3438 87.8186
 48 464 -0.7257 -0.3229 110.7541
 80 464 -0.4788 -0.4944 159.4220
112 464 -0.7075 -0.5386 110.8152
144 464 -0.3437 -0.5693 102.4094
176 464 -0.2149 -0.3809 161.8407
208 464 -0.3701 -0.2676 111.0928
240 464 -0.4967 -0.4118 194.8326
272 464 -0.0141 -0.0612 16.7031
304 464 -0.1649 -0.1563 196.2577
336 464 -0.0986 -0.1060 203.6687
368 464 -0.1035 -0.0938 271.5578
400 464 -0.0424 -0.0026 59.2534
432 464 -0.0575 -0.0310 84.2383
464 464 -0.0387  0.0159 113.5738
496 464 -0.0935 -0.0517 77.4700
528 464 -0.0150  0.0165 145.8046
560 464 -0.0382  0.0528 172.1669
592 464 -0.0361  0.0147 129.6214
624 464 -0.0058 -0.0102 230.6667
656 464 -0.0010  0.0102 178.2546
688 464  0.0026 -0.0091 117.5747
720 464  0.0212 -0.0652 69.3865
752 464  0.0009 -0.0382 35.4682
784 464  0.0159 -0.0691 109.6075
816 464  0.0127 -0.0509 76.0394
848 464 -0.0204 -0.0678 70.9169
880 464  0.0384 -0.0326 152.3921
912 464  0.0036 -0.0040 201.4916
944 464 -0.0365  0.0044 57.2987
976 464 -0.0604  0.0091 127.4107
1008 464 -0.0070  0.0364 49.9087
1040 464 -0.0984  0.2080 113.4778
1072 464 -0.0752  0.1087 41.2341
1104 464 -0.1694  0.1350 144.5509
1136 464 -0.0785  0.1504 79.3620
1168 464 -0.1787  0.1798 168.3274
 16 496 -0.3537 -0.2121 32.0541
 48 496 -0.2520 -0.2277 112.6472
 80 496 -0.6075 -0.3461 139.5603
112 496 -0.2777 -0.1908 177.3553
144 496 -0.2392 -0.3097 258.1065
176 496 -0.2599 -0.3316 174.6753
208 496 -0.2281 -0.3716 185.8875
240 496 -0.1079 -0.1701 21.6797
272 496 -0.3167 -0.5194 172.2688
304 496 -0.1266 -0.2725 42.2113
336 496 -0.1418 -0.1633 184.5321
368 496 -0.4156 -0.0725 62.2604
400 496 -0.0532 -0.0354 50.5595
432 496 -0.1069 -0.0115 162.6886
464 496 -0.0814  0.0374 211.7199
496 496 -0.0519 -0.0052 222.7636
528 496 -0.0762  0.0355 126.4145
560 496 -0.0457  0.0334 96.1821
592 496 -0.0227 -0.0154 35.0255
624 496 -0.0018 -0.0006 74.3734
656 496  0.0265  0.0088 150.1909
688 496 -0.0153 -0.0202 118.1447
720 496  0.0492 -0.0755 124.3557
752 496  0.0123 -0.0666 112.3664
784 496  0.0260 -0.0760 89.6642
816 496  0.0116 -0.0597 88.0639
848 496  0.0107 -0.0274 46.6725
880 496  0.0086 -0.0166 147.2812
912 496  0.0022 -0.0141 62.6848
944 496 -0.0308  0.0085 242.8238
976 496 -0.0582  0.0167 189.4560
1008 496 -0.0555  0.0435 237.8168
1040 496 -0.0370  0.0504 22.2335
1072 496 -0.0890  0.0621 102.4486
1104 496 -0.1124  0.1693 90.5736
1136 496 -0.1207  0.1398 95.3492
1168 496 -0.1238  0.1399 73.0953
 16 528 -0.4317 -0.4806 40.8887
 48 528 -0.6495 -0.1174 125.9341
 80 528 -0.5395 -0.3072 141.3201
112 528 -0.2821 -0.2863 44.8877
144 528 -0.3831 -0.3564 263.7382
176 528 -0.8161 -0.4920 164.7674
208 528 -0.4274 -0.3941 192.7733
240 528 -0.2378 -0.5710 164.4352
272 528 -0.2278 -0.3486 64.7322
304 528 -0.2037 -0.1043 318.4222
336 528 -0.0873 -0.0484 17.0943
368 528 -0.1233 -0.2100 49.6490
400 528 -0.1511 -0.0508 201.1095
432 528 -0.0398  0.0186 85.9373
464 528 -0.1211 -0.0270 183.4884
496 528 -0.0508  0.0295 123.5682
528 528 -0.0910  0.0124 270.0581
560 528 -0.0403 -0.0111 161.4959
592 528 -0.0142 -0.0191 112.8473
624 528  0.0048 -0.0145 81.6888
656 528  0.0264 -0.0188 99.5300
688 528  0.0181 -0.0914 89.2274
720 528  0.0352 -0.0488 88.8838
752 528  0.0209 -0.1012 252.7278
784 528  0.0257 -0.1093 226.6911
816 528  0.0250 -0.1015 91.0088
848 528 -0.0069 -0.0623 110.3520
880 528 -0.0552  0.0192 141.1292
912 528 -0.0543 -0.0046 180.9009
944 528 -0.0507  0.0377 82.8519
976 528 -0.1912  0.0703 161.4797
1008 528 -0.1474  0.1111 51.7395
1040 528 -0.0747  0.0628 103.2682
1072 528 -0.1051  0.1251 57.2591
1104 528 -0.1650  0.1008 32.3740
1136 528 -0.1692  0.1582 147.8829
1168 528 -0.1157  0.1267 214.6952
 16 560 -0.1530 -0.0787 75.3148
 48 560 -0.3327 -0.1636 107.6071
 80 560 -0.7197 -0.4329 54.7554
112 560 -0.5741 -0.4063 41.8884
144 560 -0.5448 -0.6808 18.1835
176 560 -0.4121 -0.4641 110.5915
208 560 -0.4604 -0.6672 52.7115
240 560 -0.7545 -0.6822 126.8712
272 560 -0.3733 -0.4345 83.5157
304 560 -0.2935 -0.3455 90.8971
336 560 -0.1804 -0.1759 234.5031
368 560 -0.3435 -0.1305 106.2340
400 560 -0.0683 -0.0047 17.0601
432 560 -0.0502 -0.0105 44.8484
464 560 -0.1513 -0.0217 190.9534
496 560 -0.1510  0.0236 71.8596
528 560 -0.0963 -0.0033 168.7431
560 560 -0.0312 -0.0345 122.0029
592 560 -0.0123 -0.0675 147.5104
624 560  0.0151 -0.0574 135.4138
656 560  0.0386 -0.1073 65.1793
688 560  0.0638 -0.0478 68.6521
720 560  0.0451 -0.1108 156.3592
752 560  0.0763 -0.1365 102.0529
784 560  0.0199 -0.2301 104.7696
816 560  0.0150 -0.1002 165.3546
848 560 -0.0356 -0.0526 94.6965
880 560 -0.0090 -0.0992 88.5855
912 560 -0.0311 -0.0103 126.8191
944 560 -0.0541 -0.0012 108.3760
976 560 -0.1398  0.0675 192.6429
1008 560 -0.1700  0.0945 170.7725
1040 560 -0.1329  0.0848 184.3540
1072 560 -0.1418  0.1459 163.0431
1104 560 -0.2358  0.2132 111.6204
1136 560 -0.1931  0.1836 74.4196
1168 560 -0.1343  0.1386 125.7142
 16 592 -0.5921 -0.1391 32.2959
 48 592 -0.0644 -0.0077 14.7593
 80 592 -0.6489 -0.5060 160.6858
112 592 -1.0691 -0.7195 160.2075
144 592 -0.4685 -0.3387 105.0838
176 592 -0.3632 -0.2939 198.8098
208 592 -0.4837 -0.2988 23.8455
240 592 -0.5817 -0.6601 34.6232
272 592 -0.6203 -0.7760 39.6163
304 592 -0.5067 -0.5364 72.9516
336 592 -0.6253 -0.4130 196.3886
368 592 -0.3920 -0.2063 138.7544
400 592 -0.2846 -0.0708 136.0207
432 592 -0.3596 -0.0292 124.9716
464 592 -0.3094  0.0352 160.0305
496 592 -0.3108 -0.0213 204.4931
528 592 -0.3410 -0.1938 135.4105
560 592 -0.0639 -0.0509 121.3094
592 592  0.0203 -0.0950 132.8549
624 592  0.0398 -0.1226 132.3362
656 592  0.0985 -0.1645 107.7215
688 592  0.0718 -0.1273 41.3105
720 592  0.0597 -0.1080 108.6702
752 592  0.0469 -0.1785 233.7635
784 592 -0.0369 -0.1057 39.4725
816 592  0.0326 -0.2900 165.7826
848 592 -0.0130 -0.0999 87.6266
880 592 -0.0484 -0.1092 135.6663
912 592 -0.0550 -0.0897 53.5195
944 592 -0.0609 -0.0176 91.3226
976 592 -0.1358  0.1193 112.8808
1008 592 -0.1518  0.1255 90.7864
1040 592 -0.1708  0.0624 128.9515
1072 592 -0.1186  0.1227 40.3880
1104 592 -0.2089  0.1292 115.7170
1136 592 -0.1561  0.1950 128.4906
1168 592 -0.2107  0.2329 82.3105
 16 624 -0.1609 -0.0831 27.8641
 48 624 -0.7593 -0.1730 32.8430
 80 624 -0.3858 -0.3594 65.3917
112 624 -0.2727 -0.1117 157.0526
144 624 -0.8881 -0.4418 45.5331
176 624 -0.5567 -0.4985 36.4826
208 624 -0.7311 -0.7562 247.6438
240 624 -0.8352 -0.9450 36.9953
272 624 -0.4069 -0.2743 39.6146
304 624 -1.0585 -0.6766 108.3893
336 624 -0.1099 -0.1667 40.0692
368 624 -0.6703 -0.2199 103.5454
400 624 -0.4321 -0.0606 56.8785
432 624 -0.3450 -0.0778 127.2849
464 624 -0.6561 -0.0409 61.7170
496 624 -0.4716 -0.0419 143.8876
528 624 -0.4640 -0.0908 103.8302
560 624 -0.1561 -0.0741 136.6027
592 624  0.0057 -0.1873 145.7564
624 624  0.0833 -0.2279 38.3257
656 624  0.1191 -0.2616 269.1495
688 624  0.0948 -0.2582 134.3928
720 624  0.0854 -0.2582 161.6880
752 624 -0.0010 -0.5104 283.0303
784 624  0.0296 -0.4304 139.2841
816 624 -0.0615 -0.5641 107.6465
848 624 -0.0128 -0.4787 108.2052
880 624 -0.0305 -0.3677 130.6517
912 624 -0.0643 -0.0787 109.7227
944 624 -0.1097 -0.0454 144.5825
976 624 -0.1787  0.0507 52.8900
1008 624 -0.1402  0.0532 151.4955
1040 624 -0.1841  0.0529 208.0548
1072 624 -0.3477  0.0860 105.7631
1104 624 -0.2407  0.0755 102.5074
1136 624 -0.1157  0.1472 71.8048
1168 624 -0.1500  0.1366 120.9422
 16 656 -0.1397 -0.1240 35.8011
 48 656 -0.1766 -0.2863 91.3212
 80 656 -0.5185 -0.1537 72.7232
112 656 -0.9479 -0.6578 66.9127
144 656 -0.8646 -0.7475 183.5664
176 656 -1.0149 -0.7603 252.2281
208 656 -1.0544 -0.9320 103.6696
240 656 -0.3476 -0.0848 34.4132
272 656 -1.4181 -0.6299 40.9720
304 656 -0.8580 -0.5553 43.4772
336 656 -0.8253 -0.3808 121.7707
368 656 -1.1764 -0.1486 147.9245
400 656 -0.6619 -0.0972 117.2469
432 656 -0.7980  0.0759 144.3890
464 656 -0.6848  0.0585 56.8025
496 656 -0.2795 -0.0353 116.5286
528 656 -0.4397 -0.3117 33.9710
560 656 -0.3193 -0.3305 57.2380
592 656 -0.0768 -0.4346 99.5610
624 656  0.0560 -0.3223 127.4796
656 656  0.1531 -0.5301 216.7561
688 656  0.1531 -0.3863 58.2844
720 656  0.1263 -0.3288 87.3743
752 656 -0.0764 -0.6452 122.6066
784 656 -0.0219 -0.7439 33.0523
816 656 -0.0686 -0.5319 67.2094
848 656  0.0060 -0.4894 179.2844
880 656 -0.0535 -0.4331 69.2381
912 656 -0.0373 -0.3053 94.9963
944 656 -0.0907 -0.0113 75.3088
976 656 -0.2680  0.0476 49.6533
1008 656 -0.2222  0.1022 77.1091
1040 656 -0.1974  0.0558 68.8330
1072 656 -0.2747  0.1541 78.4460
1104 656 -0.1353  0.1395 61.1011
1136 656  0.0354  0.0731 142.0416
1168 656 -0.3275  0.1561 84.3281
 16 688 -0.2295 -0.0301 135.8910
 48 688 -0.1975 -0.1625 43.2132
 80 688 -0.2183 -0.2397 193.0298
112 688 -0.3369 -0.1308 19.0947
144 688 -0.3035 -0.3817 34.7321
176 688 -1.0303 -0.7653 142.5566
208 688 -0.9978 -0.5200 59.1280
240 688 -1.0396 -0.6790 147.5124
272 688 -0.9798 -0.7068 191.2742
304 688 -0.9748 -0.6445 43.7969
336 688 -0.7471 -0.5133 173.0052
368 688 -0.6856 -0.1020 230.5210
400 688 -0.9241 -0.1897 165.4337
432 688 -0.9575  0.1509 73.1028
464 688 -0.5074 -0.0994 92.3334
496 688 -0.5473 -0.2905 169.7045
528 688 -0.1622 -0.2965 30.5683
560 688 -0.3274 -0.0112 142.8968
592 688 -0.3496 -0.0362 146.7716
624 688  0.0016 -0.4363 59.5642
656 688  0.0685 -0.4360 66.9143
688 688 -0.2213 -0.2536 106.3903
720 688 -0.1516 -0.0928 33.4648
752 688 -0.2592 -0.7148 79.0913
784 688  0.0057 -0.8671 38.7977
816 688 -0.0352 -0.6566 123.0071
848 688 -0.2665 -0.1880 47.4682
880 688 -0.1257 -0.5672 116.3419
912 688 -0.0649 -0.6301 112.2179
944 688 -0.0885 -0.1221 117.2353
976 688 -0.1706 -0.0736 57.2986
1008 688 -0.2479  0.1109 62.0235
1040 688 -0.2713  0.0733 133.6195
1072 688 -0.1780  0.1067 64.0999
1104 688 -0.3027  0.1833 126.9034
1136 688 -0.3324  0.0788 106.3087
1168 688 -0.3886  0.1093 197.0621
 16 720 -0.0247 -0.0594 36.0111
 48 720 -0.1160 -0.0463 21.0742
 80 720 -0.1176 -0.1663 274.1367
112 720 -0.4109 -0.2053 122.7047
144 720 -0.2225 -0.1722 126.4489
176 720 -0.2828 -0.2107 156.0338
208 720 -0.3550 -0.1945 26.6992
240 720 -0.3891 -0.1230 49.1220
272 720 -0.3236 -0.2335 77.2904
304 720 -0.6418 -0.4101 127.9681
336 720 -0.5824 -0.2328 70.4207
368 720 -0.5655 -0.3315 171.9907
400 720 -0.5786 -0.3267 117.4663
432 720 -0.4779 -0.2143 233.9703
464 720 -0.1898 -0.0056 192.8048
496 720 -0.1980  0.0801 29.5387
528 720  0.1061 -0.1640 31.2511
560 720 -0.0786 -0.0028 12.9067
592 720  0.2201 -0.2471 27.4002
624 720 -0.0241 -0.2650 66.3903
656 720  0.0033 -0.1773 119.0789
688 720 -0.0996  0.0528 32.2035
720 720 -0.2239  0.2012 11.0445
752 720 -0.1593 -0.0286 13.7555
784 720  0.0268 -0.1799 85.1442
816 720 -0.0904  0.1134 27.1159
848 720 -0.1781 -0.0170  5.3456
880 720 -0.0837 -0.0681 44.6869
912 720  0.0022 -0.5348 35.9968
944 720 -0.0633 -0.1940 31.5214
976 720 -0.1071 -0.1458 129.8173
1008 720 -0.2551  0.0009 32.7162
1040 720 -0.1480  0.0337 76.5733
1072 720 -0.2551  0.1272 93.8555
1104 720 -0.2057  0.1163 112.5239
1136 720 -0.2244  0.0447 92.2828
1168 720 -0.1624  0.0768 42.4763
 16 752 -0.0256 -0.0097 21.0620
 48 752 -0.1506 -0.0218 123.1197
 80 752 -0.0879 -0.0222 117.9208
112 752 -0.2051 -0.0822 116.0378
144 752 -0.5454 -0.3020 226.6703
176 752 -0.1909 -0.1533 201.5462
208 752 -0.1323 -0.1844 64.6423
240 752 -0.1025 -0.2047 201.8913
272 752 -0.4129 -0.3504 225.6388
304 752 -0.3465 -0.1872 86.3929
336 752 -0.2686 -0.0214 409.9594
368 752  0.1292  0.1567 206.1151
400 752  0.1867  0.1405 119.4083
432 752  0.3064  0.1835 19.7304
464 752  0.6923  0.0179 44.2572
496 752  0.1683 -0.0518 157.7519
528 752 -0.1466 -0.0001 14.2921
560 752 -0.1834  0.0631 10.2379
592 752 -0.1323  0.1768 15.3261
624 752 -0.3194  0.2965  9.8354
656 752 -0.0523  0.0150 15.6674
688 752 -0.0638  0.1088  6.4837
720 752  0.0197  0.0703  4.6935
752 752 -0.2943  0.2303  6.4759
784 752 -0.0793  0.0355 14.8316
816 752  0.0122  0.0241  5.3229
848 752 -0.0078 -0.0076  4.0554
880 752 -0.1415 -0.1450 15.3132
912 752  0.0708 -0.4478 35.0044
944 752 -0.0753 -0.5060 73.3300
976 752 -0.1575 -0.1156 102.9056
1008 752 -0.2432  0.0069 105.9997
1040 752 -0.4695  0.1642 184.3116
1072 752 -0.2027  0.0121 117.6994
1104 752 -0.1927  0.0043 60.7073
1136 752 -0.2097  0.0435 164.6078
1168 752 -0.2294  0.0445 102.3848
 16 784 -0.0240 -0.0077 17.5099
 48 784 -0.0001 -0.0124 186.4898
 80 784 -0.0341 -0.0235 197.1996
112 784 -0.2008 -0.1619 156.6117
144 784 -0.0903 -0.1883 93.2910
176 784 -0.0737 -0.2623 126.4871
208 784 -0.1241 -0.2487 145.4959
240 784 -0.2623 -0.4794 120.4213
272 784 -0.3707 -0.3866 60.4220
304 784 -0.2135 -0.2052 156.7366
336 784 -0.0766 -0.1125 189.5098
368 784  0.5481  0.0743 148.2792
400 784  0.1514 -0.0276 214.8543
432 784 -0.0175  0.0191 60.0605
464 784 -0.0041  0.0384 86.0682
496 784  0.1383  0.1131 40.4456
528 784  0.2304  0.1390 14.3181
560 784  0.3362  0.1894  7.4426
592 784 -0.0293 -0.0032 12.8623
624 784 -0.0180  0.0086 29.7058
656 784 -0.0898  0.1232  9.0203
688 784 -0.0648  0.0745 12.7408
720 784  0.0353 -0.0214  5.1560
752 784 -0.1341 -0.0774  5.4025
784 784 -0.0756  0.1078  6.2618
816 784  0.0190 -0.0076  4.8432
848 784 -0.0737 -0.0321  4.3346
880 784 -0.1380 -0.1506 14.5297
912 784 -0.0089 -0.0022 24.7703
944 784 -0.1153  0.0650 14.9726
976 784 -0.2675 -0.1184 82.0748
1008 784 -0.2885 -0.0671 96.4902
1040 784 -0.3375 -0.0574 154.1709
1072 784 -0.1651 -0.0122 98.2781
1104 784 -0.2592 -0.0079 79.0731
1136 784 -0.1641  0.0234 101.3737
1168 784 -0.2328  0.0440 85.0256
 16 816  0.0014 -0.0237 55.5448
 48 816  0.0014 -0.0273 18.8004
 80 816  0.0399 -0.0141 93.9143
112 816 -0.0002 -0.0319 158.7126
144 816  0.0337 -0.0554 123.3797
176 816  0.0190 -0.2264 120.2715
208 816 -0.0741 -0.1410 237.4792
240 816 -0.0561 -0.4906 40.2031
272 816 -0.0042 -0.4259 33.9128
304 816  0.0001 -0.3942 46.9643
336 816  0.1649 -0.0769 30.8584
368 816  0.5248  0.0338 74.7803
400 816  0.1680 -0.0509 44.4945
432 816  0.0177 -0.0553 34.3662
464 816  0.0535 -0.0616 208.5002
496 816  0.1797 -0.0922 14.8695
528 816  0.1812  0.0785  7.4104
560 816  0.1066  0.1588 12.1161
592 816  0.1074  0.0267 30.2136
624 816 -0.0188  0.0238 10.1894
656 816 -0.0032  0.0013 14.1096
688 816 -0.0685  0.0969 11.2407
720 816  0.0139 -0.0203 11.5603
752 816 -0.1903 -0.0941  7.8380
784 816  0.1354 -0.0985  7.5269
816 816 -0.1337 -0.1060  7.6005
848 816  0.0842 -0.1026  4.7482
880 816 -0.0458 -0.0100  9.1450
912 816 -0.0221  0.0083  4.1249
944 816 -0.2048  0.0540  5.0673
976 816 -0.1128 -0.0709 31.6088
1008 816 -0.2418 -0.2082 53.9747
1040 816 -0.2079 -0.0646 22.5650
1072 816 -0.1618 -0.0702 103.4180
1104 816 -0.2744 -0.0130 63.2823
1136 816 -0.2248 -0.0271 51.7577
1168 816 -0.1685  0.0226 59.2690
 16 848  0.0744 -0.0035 24.8846
 48 848  0.0293  0.0196 60.8847
 80 848  0.0417  0.0297 30.1869
112 848  0.1133 -0.0532 89.8511
144 848  0.0916 -0.0896 106.2956
176 848  0.0715 -0.3001 203.9738
208 848  0.1272 -0.2963 233.9651
240 848  0.0931 -0.4166 183.3307
272 848  0.0709 -0.2406 17.0584
304 848  0.8366 -0.1005 41.7782
336 848  0.7537 -0.1774 175.9956
368 848  0.2986 -0.3049 84.7881
400 848  0.1697 -0.2411 165.4480
432 848  0.2698 -0.1680 95.6300
464 848  0.5811 -0.0824 19.2083
496 848  0.1137  0.0372 14.4371
528 848  0.1265  0.1003  5.9178
560 848  0.0473  0.0909 82.0367
592 848  0.0898  0.1331 89.4411
624 848  0.0193  0.1414 46.8004
656 848 -0.0098  0.0216 26.6870
688 848 -0.0077  0.0333 11.4037
720 848 -0.0091  0.1111  7.1702
752 848 -0.0467  0.2220  8.2580
784 848 -0.1099  0.0038 10.4510
816 848 -0.0240  0.0344 10.8135
848 848 -0.0030 -0.1754  7.8711
880 848  0.0655  0.0175  6.2351
944 848 -0.0716 -0.0427  5.0920
976 848 -0.0998 -0.0362 42.0744
1008 848 -0.0983 -0.1748 175.2733
1040 848 -0.0988 -0.2245 150.1967
1072 848 -0.2059 -0.1827 102.6025
1104 848 -0.3120 -0.1666 165.1668
1136 848 -0.4612 -0.1284 66.0955
1168 848 -0.1902 -0.3412 160.4810
 16 880  0.0019 -0.0357 25.3460
 48 880  0.0261 -0.0413 16.0170
 80 880  0.1001 -0.0096 223.2078
112 880  0.0480 -0.0277 118.7576
144 880  0.0785 -0.1821 162.4806
176 880  0.0878 -0.0578 341.2014
208 880  0.2051 -0.3247 309.5724
240 880  0.2837 -0.3962 147.2016
272 880  0.1636 -0.2016 37.2538
304 880  0.0952 -0.1029 79.5524
336 880  0.1014 -0.1516 120.0649
368 880  0.0879 -0.1940 190.2638
400 880  0.0392 -0.2307 79.4097
432 880  0.0050 -0.1367 65.0786
464 880  0.7819  0.1539 27.4469
496 880  0.1325  0.1169  5.8161
528 880 -0.0052  0.0162 10.6612
560 880 -0.0015  0.0845 33.2004
592 880  0.0128  0.1674 45.4546
624 880 -0.0098  0.1442 81.7872
656 880 -0.0554  0.1214 58.9794
688 880 -0.0174  0.1077 15.1249
720 880  0.0386  0.0363 16.1809
752 880 -0.4051  0.1697  5.2450
784 880 -0.0436 -0.0282  7.9948
816 880  0.0392  0.1668  8.2661
848 880  0.2956  0.4020  6.1413
880 880 -0.1280 -0.2073  5.7473
912 880 -0.0447 -0.0723  9.8916
944 880 -0.0678 -0.0458 44.4859
976 880 -0.0114 -0.0593 34.4903
1008 880 -0.0100 -0.1245 50.0227
1040 880 -0.1344 -0.0861 122.7692
1072 880 -0.1645 -0.1045 96.3327
1104 880 -0.1126 -0.0985 135.0508
1136 880 -0.0556 -0.0927 116.2180
1168 880 -0.1658 -0.0632 85.9344
 16 912  0.0241 -0.0468 325.1900
 48 912  0.0324 -0.0070 17.1040
 80 912  0.1770 -0.0429 118.1245
112 912  0.0704 -0.1032 303.7671
144 912  0.3377 -0.1244 141.2113
176 912  0.1687 -0.1663 295.1080
208 912  0.1513 -0.0829 46.4016
240 912  0.2027 -0.1848 43.5196
272 912  0.1908 -0.0920 75.7414
304 912  0.4058  0.1257 12.6590
336 912  0.8602 -0.4214 42.8343
368 912  0.8422  0.0656 80.0381
400 912  0.1653  0.0236 16.3435
432 912  0.0396  0.0507 20.7066
464 912  0.0981  0.0772  9.7532
496 912  0.0250  0.0164  4.0434
528 912 -0.0278  0.0227  4.8966
560 912 -0.0908  0.0768 13.3017
592 912  0.0057  0.0450 22.9042
624 912 -0.0057  0.0703 51.8630
656 912 -0.0854  0.1156 44.0812
688 912 -0.0411  0.1579 54.6734
720 912  0.0765  0.0365 10.2884
752 912 -0.3696 -0.0252  5.4723
784 912 -0.0010  0.0180  9.5834
816 912  0.3817 -0.1725  5.6932
880 912 -0.1324  0.0049  8.3226
912 912  0.0302 -0.0498  9.6289
944 912 -0.0270 -0.0219  8.2072
976 912 -0.0820 -0.0432 12.0563
1008 912 -0.0527 -0.0526 53.8003
1040 912 -0.0603 -0.0255 88.1938
1072 912 -0.0401 -0.0344 49.3050
1104 912 -0.1234 -0.0448 64.9696
1136 912 -0.2268 -0.1979 175.7220
1168 912 -0.3524 -0.0905 117.2024
 16 944  0.0040 -0.0239 26.9630
 48 944  0.1984 -0.0328 20.0153
 80 944  0.0230 -0.0991 263.9606
112 944  0.0855 -0.0642 199.3000
144 944  0.3245 -0.1070 196.2017
176 944  0.2170 -0.2282 282.6556
208 944  0.3119 -0.2662 58.1070
240 944  0.6138 -0.5398 167.6661
272 944  0.2621 -0.4276 21.1470
304 944  0.3322 -0.2762 84.9510
336 944  0.3945 -0.2683 59.7948
368 944  0.3233 -0.0394 59.6036
400 944 -0.0032  0.1481 13.4245
432 944 -0.0024 -0.0165 14.0724
464 944  0.2220 -0.0160  6.2371
496 944  0.0032 -0.0552  7.9843
528 944  0.0078 -0.0079  4.6524
592 944 -0.1162  0.1200  5.8168
624 944 -0.0030  0.0419  9.4280
656 944  0.0216 -0.0310 17.5852
688 944 -0.0246  0.0707 50.7985
720 944  0.1143  0.0397  6.5626
752 944 -0.1443  0.0225  5.1612
784 944 -0.1097  0.4572  5.8933
816 944  0.0165  0.2152  6.6439
848 944  0.0234 -0.1011  8.6402
880 944 -0.1175 -0.0805  9.3797
912 944 -0.0068  0.0062  9.7118
944 944  0.0844 -0.0500 11.7839
976 944  0.0527 -0.1595  6.1648
1008 944 -0.0452 -0.0448  6.2649
1040 944 -0.0273 -0.0358 71.5526
1072 944 -0.1047 -0.0907 113.8120
1104 944 -0.0799 -0.0774 99.0892
1136 944 -0.1366 -0.0376 51.8963
1168 944 -0.2059 -0.1893 64.3453
 16 976  0.0764 -0.0382 21.0047
 48 976  0.0769  0.0057 17.5904
 80 976  0.1233 -0.0103 306.2507
112 976  0.4866 -0.0839 277.8504
144 976  0.5330 -0.3116 108.8843
176 976  0.2335 -0.1173 75.7636
208 976  0.1541 -0.4225 101.2940
240 976  0.1376 -0.4114 68.1680
272 976  0.1783 -0.5045 45.6684
304 976  0.1334 -0.2719 63.3923
336 976 -0.0613 -0.0818 125.9545
368 976 -0.0078 -0.0266 26.1520
400 976  0.0377 -0.0138 13.1065
432 976 -0.0193  0.0541  8.3497
464 976 -0.0080 -0.0117 22.2268
496 976 -0.0494 -0.0507 26.7335
528 976  0.0273 -0.0362 38.2975
560 976  0.0538 -0.0288  5.6521
656 976  0.1081  0.1662  5.7637
688 976  0.0001  0.0210  7.8419
720 976  0.0860  0.0714  4.5554
784 976 -0.0154 -0.0071  4.3667
816 976 -0.0464 -0.0264 14.7836
848 976  0.0032  0.0071 18.3565
880 976  0.0521 -0.0119  8.7977
912 976 -0.0084  0.0100 10.4849
944 976 -0.0274  0.0035  7.8409
976 976 -0.0099 -0.0173 11.8395
1008 976  0.0590 -0.0630  9.5051
1040 976 -0.0088 -0.0436 19.3577
1072 976 -0.1432  0.0099 59.1238
1104 976 -0.1298 -0.1526 222.2312
1136 976 -0.1233 -0.0803 58.4425
1168 976 -0.1363 -0.1449 141.2802
 16 1008  0.0871 -0.0052 144.6420
 48 1008  0.0662 -0.0907 49.0069
 80 1008  0.0519 -0.0155 53.3162
112 1008  0.1258 -0.0992 80.4748
144 1008  0.0692 -0.0557 89.0614
176 1008  0.1447 -0.2234 149.7687
208 1008  0.0595 -0.0377 133.1756
240 1008  0.1898 -0.3946 35.9499
272 1008  0.0892 -0.5376 38.3662
304 1008  0.0790 -0.3335 83.6060
336 1008 -0.0178  0.0029 23.8504
368 1008 -0.0180 -0.0190 10.6591
400 1008  0.0532 -0.0556  9.6144
432 1008 -0.0288 -0.0441 18.3105
464 1008  0.0124 -0.0120 39.1834
496 1008 -0.0043 -0.0294 34.3717
528 1008 -0.0470 -0.1322 16.9910
560 1008  0.0037 -0.0206 11.7876
752 1008 -0.0250 -0.0164  4.0878
784 1008  0.0137 -0.0093  6.4850
816 1008 -0.0472 -0.0283 26.6133
848 1008 -0.0339  0.0150 35.2491
880 1008  0.0183  0.0107 13.8837
912 1008 -0.0404 -0.0231 10.5852
944 1008  0.0174  0.0142 15.4887
976 1008  0.0298 -0.0296  8.1675
1008 1008 -0.0271  0.0002 12.3720
1040 1008 -0.0245  0.0020 46.5134
1072 1008 -0.0987  0.0136 105.5001
1104 1008 -0.1252 -0.0755 161.1833
1136 1008 -0.1250 -0.0766 93.1651
1168 1008 -0.1112 -0.1080 75.2610
 16 1040  0.0631  0.0037 31.3691
 48 1040  0.1603 -0.0312 135.5700
 80 1040  0.1750 -0.0704 111.7778
112 1040  0.0509 -0.0390 224.9582
144 1040  0.0647 -0.1028 62.7618
176 1040  0.0385 -0.0706 222.0383
208 1040  0.1105 -0.1452 169.1843
240 1040  0.0221 -0.1220 27.0561
272 1040  0.0267 -0.3455 175.0275
304 1040 -0.0489 -0.2310 182.2998
336 1040 -0.0143  0.0604 27.3474
368 1040  0.0597  0.0643 12.1190
400 1040  0.0261  0.0091 49.5416
432 1040 -0.0240 -0.0143 30.4722
464 1040  0.0485 -0.0371 142.0185
496 1040  0.0097 -0.1678 66.5343
528 1040 -0.0345  0.0517 27.7809
560 1040  0.0223  0.0419  8.7125
592 1040  0.1578 -0.3095  7.6699
624 1040  0.0256  0.1426  4.7713
656 1040 -0.0020 -0.3987  5.2429
688 1040  0.1052 -0.0725  4.2010
752 1040 -0.0349 -0.0159  5.6896
784 1040  0.0033 -0.0422 16.9821
816 1040 -0.0368 -0.0178 25.5465
848 1040 -0.0792  0.0197 33.6048
880 1040 -0.0468  0.0025 12.8044
912 1040 -0.0316  0.0050 16.9279
944 1040 -0.0701  0.0164 23.3059
976 1040 -0.0813  0.0187 50.6028
1008 1040  0.0809 -0.0164 13.9115
1040 1040 -0.0469 -0.0086 43.6942
1072 1040 -0.0580 -0.0160 78.2556
1104 1040 -0.0421 -0.0336 65.1705
1136 1040 -0.0641 -0.0840 52.5463
1168 1040 -0.1034 -0.1775 81.6871
 16 1072  0.0576  0.0008 33.7484
 48 1072  0.0476  0.0036 112.2747
 80 1072  0.0150 -0.0004 46.7141
112 1072  0.0709 -0.0112 216.7768
144 1072  0.0495 -0.0113 197.0593
176 1072  0.0446 -0.2553 100.0698
208 1072  0.0484 -0.0659 26.8783
240 1072  0.0618 -0.2180 45.8574
272 1072  0.0001 -0.1513 119.8475
304 1072 -0.0311 -0.1434 49.6288
336 1072 -0.0531 -0.1297 256.3539
368 1072 -0.0657 -0.0704 158.1009
400 1072 -0.0006 -0.0002 45.2332
432 1072  0.0147 -0.0137 323.6754
464 1072  0.0333 -0.0434 47.5331
496 1072  0.0589 -0.0118 17.8164
528 1072  0.0464 -0.0936 38.0480
560 1072 -0.0074  0.0147 14.9918
592 1072  0.0335 -0.0079 17.1950
624 1072  0.0117  0.0106 15.5468
656 1072 -0.0537  0.0040 13.4978
688 1072  0.3608 -0.0172  4.6089
752 1072 -0.0567  0.0595  4.2446
784 1072 -0.0318  0.0791  7.4690
816 1072 -0.0569  0.0893 12.5564
848 1072 -0.0404  0.0528 40.3748
880 1072 -0.0219  0.0055 19.1975
912 1072 -0.0396  0.0187 26.1990
944 1072 -0.0060  0.0089 65.2526
976 1072 -0.0429  0.0116 36.7050
1008 1072 -0.0796  0.0079 38.5846
1040 1072 -0.0529 -0.0031 167.8432
1072 1072 -0.0003 -0.0253 26.3021
1104 1072 -0.1465 -0.0493 223.7645
1136 1072 -0.0803 -0.0240 39.4572
1168 1072 -0.0427 -0.0990 62.0118
 16 1104  0.0909 -0.0272 26.9080
 48 1104 -0.0045  0.0052 26.3038
 80 1104  0.0888 -0.0184 101.2884
112 1104  0.1091 -0.0176 103.5344
144 1104  0.0585 -0.0614 47.2182
176 1104  0.0217 -0.1551 240.5010
208 1104  0.0313 -0.0376 163.2764
240 1104  0.0700 -0.2022 302.7989
272 1104  0.0027 -0.0908 83.6716
304 1104 -0.0041 -0.1551 114.0302
336 1104  0.0092 -0.0553 214.4481
368 1104 -0.0096 -0.0899 141.6009
400 1104  0.0049 -0.1039 69.9548
432 1104  0.0042 -0.0480 186.7782
464 1104  0.0362 -0.0293 49.7633
496 1104  0.0310  0.0236 14.9721
528 1104 -0.0014 -0.0101 16.8638
560 1104 -0.0048  0.0143 22.1835
592 1104 -0.0041  0.0071 10.6281
624 1104  0.0006 -0.0137  9.8389
656 1104  0.0710  0.0249 12.7937
688 1104  0.1647 -0.1746  7.4266
720 1104  0.0345 -0.2257  4.4843
848 1104 -0.0074  0.0905  5.5069
880 1104 -0.1243  0.1601  8.3237
912 1104  0.0102  0.0776 12.3873
944 1104 -0.0087  0.0539 15.7634
976 1104 -0.0137  0.0839  9.7130
1008 1104  0.0232  0.0145 21.3471
1040 1104 -0.0220  0.0383 28.5952
1072 1104 -0.0175 -0.0041 16.8848
1104 1104 -0.0119 -0.0152 21.5751
1136 1104 -0.0646 -0.0033 15.8206
1168 1104 -0.0225 -0.0569 23.4108
 16 1136  0.0145  0.0162 18.0282
 48 1136  0.0292  0.0035 23.0074
 80 1136  0.0335 -0.0371 179.4426
112 1136  0.0986 -0.0352 39.9942
144 1136  0.0696 -0.0887 89.8258
176 1136  0.0277 -0.1446 131.3035
208 1136  0.0072 -0.0673 110.5535
240 1136  0.0314 -0.0822 362.3922
272 1136  0.0306 -0.1175 86.5037
304 1136  0.0291 -0.1162 169.0128
336 1136  0.0067 -0.1606 96.6331
368 1136  0.1102 -0.0548 214.2410
400 1136  0.0277 -0.0709 80.6941
432 1136  0.0073 -0.1418 40.6192
464 1136  0.0033 -0.0450 18.1847
496 1136  0.0393  0.0034 46.0146
528 1136 -0.0112 -0.0066 13.1992
560 1136  0.0146 -0.0089 17.0574
592 1136  0.0014 -0.0415 11.7984
624 1136 -0.0568 -0.0080 23.0557
656 1136 -0.0219  0.0413 33.9032
688 1136  0.0072 -0.0235 15.3493
720 1136  0.0409 -0.0289 12.4261
752 1136  0.1353 -0.1621  7.5409
784 1136 -0.0965 -0.1948  6.6367
816 1136 -0.0212 -0.2053  9.3435
848 1136  0.1629 -0.3261  7.5013
880 1136  0.0939 -0.2295  4.2667
944 1136 -0.0430  0.0159  4.1332
976 1136 -0.0012  0.0519  4.3307
1008 1136  0.0455  0.0596  5.1069
1040 1136 -0.0460  0.0457  4.7787
1072 1136  0.0120  0.1354  5.4134
1104 1136 -0.0729  0.0305  8.0749
1136 1136 -0.0035  0.0031  9.7345
1168 1136 -0.0259  0.0265 18.5255
 16 1168 -0.0053  0.0104 14.4716
 48 1168  0.0275  0.0112 22.7485
 80 1168  0.0298 -0.0308 48.5759
112 1168  0.0138 -0.0349 96.3785
144 1168  0.0145 -0.0449 162.7004
176 1168  0.0445 -0.1036 88.5708
208 1168  0.0030 -0.1040 285.1104
240 1168  0.0260 -0.0683 98.0762
272 1168  0.0025 -0.0869 81.2620
304 1168 -0.0061 -0.0366 107.4712
336 1168  0.0178 -0.0908 221.2754
368 1168  0.0217 -0.0931 125.5126
400 1168  0.0235 -0.1675 147.3456
432 1168  0.0306 -0.0462 26.4942
464 1168  0.0330 -0.1904 152.3272
496 1168 -0.0046 -0.0229 17.9362
528 1168  0.0170 -0.0477 13.1754
560 1168 -0.0112  0.0064 14.0592
592 1168  0.0104 -0.0063 14.4380
624 1168  0.0131  0.0377 11.7249
656 1168 -0.0022  0.0028 11.3532
688 1168 -0.0088 -0.0277 18.8443
720 1168  0.0080  0.0221 12.1018
752 1168 -0.0348 -0.0012 16.8194
784 1168 -0.0456 -0.0388 12.8353
816 1168 -0.0242  0.0079 13.2041
848 1168 -0.0118  0.0125 13.9019
880 1168  0.0248 -0.0570 13.3487
912 1168  0.1650 -0.1968  9.8175
944 1168  0.0588 -0.4090  5.1456
1104 1168 -0.0146  0.1619  4.1542
1136 1168 -0.0795  0.1060  4.5745
1168 1168  0.0045  0.0402  4.6575
 16 1200  0.0462 -0.0202 44.7034
 48 1200  0.0323 -0.0206 18.8606
 80 1200  0.0000 -0.0162 16.5958
112 1200 -0.0026 -0.0056 26.8713
144 1200  0.0209 -0.0559 99.8367
176 1200  0.0859 -0.0073 195.3307
208 1200  0.0476 -0.0684 88.9132
240 1200  0.0327 -0.0861 317.6165
272 1200 -0.0032 -0.0905 83.9499
304 1200  0.0317 -0.0400 136.3538
336 1200  0.0484 -0.0674 149.7657
368 1200  0.0398 -0.1676 156.7168
400 1200  0.0839 -0.0360 291.0367
432 1200  0.0109 -0.0085 15.1336
464 1200  0.0539 -0.0047 75.9060
496 1200  0.0246 -0.0195 14.8482
528 1200  0.0080  0.0100 17.7930
560 1200 -0.0435 -0.0021 13.3667
592 1200 -0.0145 -0.0111 17.0487
624 1200  0.0169  0.0639 45.3348
656 1200 -0.0038  0.0665 42.5859
688 1200 -0.0204 -0.0199 11.7065
720 1200  0.0138  0.0142 17.2533
752 1200 -0.0148  0.0254 16.1487
784 1200 -0.0298  0.0242 10.7875
816 1200 -0.0187 -0.0348 11.0357
848 1200 -0.0364 -0.0270 10.9830
880 1200 -0.0195  0.0247 12.2961
912 1200 -0.0468 -0.0108 13.4145
944 1200 -0.0193  0.0149 13.7382
976 1200  0.0439 -0.0598 13.5631
1008 1200  0.0740 -0.1614 10.3181
1040 1200  0.0860 -0.3029  6.7950
1072 1200  0.0426 -0.2957  5.6386
1104 1200  0.0221 -0.3002  4.8462
1136 1200  0.0351 -0.3824  4.3252
1168 1200  0.0130 -0.3332  4.2227
 16 1232 -0.0004 -0.0651 15.3285
 48 1232  0.0140 -0.0241 40.1127
 80 1232  0.0074 -0.0393 184.2519
112 1232  0.0304 -0.0323 167.4458
144 1232  0.0066 -0.0484 56.6132
176 1232  0.0650 -0.0456 251.0087
208 1232  0.0083 -0.0334 34.5091
240 1232  0.0342 -0.0429 21.7905
272 1232  0.0116 -0.0354 97.5645
304 1232  0.0334 -0.0520 70.6907
336 1232  0.0168 -0.0616 194.0060
368 1232  0.0406 -0.0792 134.9752
400 1232  0.0204 -0.0765 147.2229
432 1232  0.0222 -0.0446 106.5225
464 1232 -0.0100 -0.0122 35.0506
496 1232  0.0020  0.0007 15.9054
528 1232 -0.0812 -0.0234 16.2142
560 1232 -0.0026  0.0184 16.6129
592 1232  0.0056 -0.0109 16.7240
624 1232 -0.0397 -0.0123 13.3361
656 1232 -0.0196  0.0156 13.7094
688 1232 -0.0534  0.0022 10.6105
720 1232  0.0127  0.0222 12.8211
752 1232 -0.0041  0.0178 17.8712
784 1232 -0.0500 -0.0195 13.8731
816 1232  0.0299  0.0528 22.5980
848 1232  0.0425 -0.0791 11.5350
880 1232  0.0573 -0.0019 16.4615
912 1232 -0.0362 -0.0217 13.2165
944 1232 -0.0007  0.0033 13.2403
976 1232 -0.0315 -0.0197 12.5731
1008 1232  0.0054 -0.0279 13.9554
1040 1232 -0.0090  0.0191 13.3804
1072 1232  0.0280 -0.0172 11.8296
1104 1232 -0.0013 -0.0043 12.5598
1136 1232  0.0419  0.0091 11.4817
1168 1232  0.0114  0.0064 12.5411
 16 1264 -0.0051 -0.0221 16.2371
 48 1264 -0.0149 -0.0178 27.9494
 80 1264  0.0116 -0.0218 118.2580
112 1264  0.0298 -0.0198 108.8792
144 1264  0.0451 -0.0574 200.6799
176 1264 -0.0140 -0.0453 217.7589
208 1264  0.0221 -0.0853 87.8323
240 1264  0.0331 -0.0823 18.9035
272 1264  0.0101 -0.0624 92.7321
304 1264  0.0201 -0.1821 158.2339
336 1264 -0.0269 -0.1341 291.9188
368 1264  0.0200 -0.0819 219.0845
400 1264  0.0135 -0.0952 212.9790
432 1264 -0.0110 -0.0275 260.0214
464 1264  0.0202 -0.0627 47.4117
496 1264 -0.0107 -0.0279 15.6177
528 1264 -0.0340 -0.0245 17.6827
560 1264 -0.0063  0.0336 12.1241
592 1264 -0.0057  0.0007 11.0060
624 1264  0.0079  0.0036 17.2049
656 1264  0.0068 -0.0055 19.1572
688 1264 -0.0387  0.0175 10.6070
720 1264  0.0005  0.0252 14.4725
752 1264  0.0042  0.0197 22.9875
784 1264 -0.0038 -0.0026 11.2349
816 1264 -0.0170 -0.0006 12.5041
848 1264 -0.0290 -0.0139  9.2976
880 1264  0.1075  0.0816  8.9208
912 1264 -0.0363  0.0221  9.6199
944 1264  0.0049 -0.0518 12.5574
976 1264  0.0960 -0.0042 10.2066
1008 1264  0.0000 -0.0035 10.4269
1040 1264  0.0135 -0.0579 11.1841
1072 1264  0.0420  0.0044 10.7370
1104 1264 -0.0560 -0.0248  9.7106
1136 1264  0.0686  0.0527 10.2589
1168 1264 -0.0628 -0.0308 12.7958
 16 1296 -0.0132 -0.0420 16.7821
 48 1296  0.0046  0.0061 12.6961
 80 1296  0.0398  0.0211 26.9228
112 1296  0.0397 -0.0314 24.5843
144 1296  0.0103 -0.0608 43.8466
176 1296  0.0223 -0.0757 55.6342
208 1296  0.0348 -0.0444 176.4435
240 1296  0.0118 -0.0237 65.8964
272 1296 -0.0035 -0.0397 27.0612
304 1296  0.0138 -0.0749 106.1083
336 1296  0.0061 -0.0373 102.7002
368 1296  0.0137 -0.0477 308.5517
400 1296  0.0049 -0.0366 206.3753
432 1296  0.0228  0.0008 42.9441
464 1296 -0.0103 -0.0276 73.1908
496 1296  0.0006 -0.0189 14.9624
528 1296 -0.0005 -0.0021 16.1708
560 1296  0.0141 -0.0092 19.0537
592 1296 -0.0255 -0.0065 15.8222
624 1296 -0.0114  0.0060 12.8654
656 1296 -0.0117  0.0237 15.2432
688 1296  0.0007  0.0000 12.2104
720 1296 -0.0283 -0.0300 12.7205
752 1296  0.0357 -0.0029 16.7081
784 1296 -0.0151 -0.0002 11.4105
816 1296  0.0420 -0.0122 10.0222
848 1296 -0.0362 -0.0036 12.5819
880 1296  0.0431  0.0292 11.3451
912 1296  0.0081  0.0147 12.5229
944 1296  0.0213  0.0364 11.2607
976 1296 -0.0777  0.0558 10.4489
1008 1296 -0.0533 -0.0138 10.1324
1040 1296  0.0490 -0.0101  8.3340
1072 1296 -0.0083  0.0269  9.6190
1104 1296  0.0198  0.0118 10.6146
1136 1296  0.1179  0.0119 10.4115
1168 1296  0.0275 -0.0209  9.1493
  0   0  0.0232  0.0006  0.0000
  0   0 -0.0153 -0.0001  0.0000
  0   0  0.0219  0.0291  0.0000
  0   0 -0.0352 -0.0131  0.0000
  0   0 -0.0212 -0.0221  0.0000
  0   0  0.0018  0.0031  0.0000
  0   0  0.0318  0.0103  0.0000
  0   0  0.0541 -0.0218  0.0000
  0   0  0.0419 -0.1242  0.0000
  0   0  0.0430 -0.1122  0.0000
  0   0  0.0372 -0.0775  0.0000
  0   0  0.0137 -0.0484  0.0000
  0   0 -0.0022 -0.0408  0.0000
  0   0  0.0036 -0.0419  0.0000
  0   0 -0.0006 -0.0082  0.0000
  0   0  0.0015  0.0100  0.0000
  0   0  0.0010  0.0377  0.0000
  0   0  0.0075  0.0755  0.0000
  0   0 -0.0056  0.0695  0.0000
  0   0 -0.0061  0.0670  0.0000
  0   0 -0.0059  0.0669  0.0000
  0   0 -0.0021  0.0519  0.0000
  0   0 -0.0213  0.0434  0.0000
  0   0 -0.0144  0.0378  0.0000
  0   0 -0.0080  0.0301  0.0000
  0   0 -0.0010 -0.0003  0.0000
  0   0 -0.0054 -0.0250  0.0000
  0   0  0.0248 -0.0185  0.0000
  0   0  0.0136 -0.0161  0.0000
  0   0  0.0350 -0.0192  0.0000
  0   0  0.0033 -0.0069  0.0000
  0   0  0.0287  0.0194  0.0000
  0   0  0.0101  0.0275  0.0000
  0   0 -0.0068  0.0438  0.0000
  0   0 -0.0655  0.0469  0.0000
  0   0 -0.0589  0.0054  0.0000
  0   0  0.0059  0.0072  0.0000
  0   0  0.0024  0.0326  0.0000
  0   0  0.0304  0.0287  0.0000
  0   0  0.0880  0.0236  0.0000
  0   0  0.0512  0.0081  0.0000
  0   0  0.0304  0.0114  0.0000
  0   0  0.0066  0.0130  0.0000
  0   0  0.0048  0.0197  0.0000
  0   0 -0.0205  0.0026  0.0000
  0   0 -0.0189 -0.0026  0.0000
  0   0 -0.0023  0.0078  0.0000
  0   0  0.0227  0.0116  0.0000
  0   0  0.0508 -0.0012  0.0000
  0   0  0.0779 -0.1920  0.0000
  0   0  0.0621 -0.1554  0.0000
  0   0  0.0424 -0.1113  0.0000
  0   0  0.0176 -0.0704  0.0000
  0   0 -0.0005 -0.0391  0.0000
  0   0 -0.0058 -0.0101  0.0000
  0   0 -0.0095  0.0320  0.0000
  0   0 -0.0090  0.0721  0.0000
  0   0 -0.0073  0.1133  0.0000
  0   0 -0.0048  0.1495  0.0000
  0   0 -0.0093  0.1589  0.0000
  0   0 -0.0116  0.1552  0.0000
  0   0 -0.0130  0.1427  0.0000
  0   0 -0.0140  0.1191  0.0000
  0   0 -0.0203  0.0939  0.0000
  0   0 -0.0159  0.0675  0.0000
  0   0 -0.0075  0.0383  0.0000
  0   0  0.0021  0.0027  0.0000
  0   0  0.0106 -0.0247  0.0000
  0   0  0.0283 -0.0329  0.0000
  0   0  0.0327 -0.0332  0.0000
  0   0  0.0391 -0.0279  0.0000
  0   0  0.0256 -0.0113  0.0000
  0   0  0.0218  0.0131  0.0000
  0   0  0.0005  0.0311  0.0000
  0   0 -0.0268  0.0449  0.0000
  0   0 -0.0605  0.0458  0.0000
  0   0 -0.0582  0.0292  0.0000
  0   0 -0.0214  0.0290  0.0000
  0   0  0.0027  0.0403  0.0000
  0   0  0.0357  0.0412  0.0000
  0   0  0.0699  0.0371  0.0000
  0   0  0.0614  0.0286  0.0000
  0   0  0.0428  0.0252  0.0000
  0   0  0.0199  0.0230  0.0000
  0   0  0.0026  0.0216  0.0000
  0   0 -0.0161  0.0142  0.0000
  0   0 -0.0202  0.0121  0.0000
  0   0 -0.0103  0.0173  0.0000
  0   0  0.0096  0.0217  0.0000
  0   0  0.0352  0.0208  0.0000
  0   0  0.1145 -0.2604  0.0000
  0   0  0.0821 -0.2024  0.0000
  0   0  0.0491 -0.1439  0.0000
  0   0  0.0179 -0.0881  0.0000
  0   0 -0.0054 -0.0358  0.0000
  0   0 -0.0176  0.0173  0.0000
  0   0 -0.0219  0.0762  0.0000
  0   0 -0.0206  0.1374  0.0000
  0   0 -0.0170  0.1948  0.0000
  0   0 -0.0142  0.2384  0.0000
  0   0 -0.0150  0.2572  0.0000
  0   0 -0.0177  0.2522  0.0000
  0   0 -0.0209  0.2284  0.0000
  0   0 -0.0238  0.1910  0.0000
  0   0 -0.0249  0.1465  0.0000
  0   0 -0.0197  0.0981  0.0000
  0   0 -0.0087  0.0480  0.0000
  0   0  0.0061  0.0002  0.0000
  0   0  0.0230 -0.0359  0.0000
  0   0  0.0407 -0.0543  0.0000
  0   0  0.0521 -0.0561  0.0000
  0   0  0.0547 -0.0440  0.0000
  0   0  0.0439 -0.0199  0.0000
  0   0  0.0232  0.0098  0.0000
  0   0 -0.0092  0.0355  0.0000
  0   0 -0.0460  0.0512  0.0000
  0   0 -0.0737  0.0540  0.0000
  0   0 -0.0733  0.0487  0.0000
  0   0 -0.0436  0.0481  0.0000
  0   0 -0.0019  0.0529  0.0000
  0   0  0.0415  0.0552  0.0000
  0   0  0.0731  0.0526  0.0000
  0   0  0.0771  0.0460  0.0000
  0   0  0.0596  0.0389  0.0000
  0   0  0.0311  0.0323  0.0000
  0   0  0.0019  0.0268  0.0000
  0   0 -0.0211  0.0226  0.0000
  0   0 -0.0308  0.0226  0.0000
  0   0 -0.0257  0.0275  0.0000
  0   0 -0.0090  0.0349  0.0000
  0   0  0.0137  0.0426  0.0000
