VARIABLES= "X pix", "Y pix", "U pix/dt", "V pix/dt", "CHC", ZONE I=37, J=41
304  16 -0.1212 -0.0790 59.5809
336  16 -0.0955 -0.0663 18.9118
368  16 -0.0497 -0.0926 24.6753
400  16 -0.0458 -0.1077 88.5845
496  16 -0.0608 -0.0790 89.0435
528  16 -0.0604 -0.0739 39.0095
560  16 -0.0546 -0.0636 40.9600
592  16 -0.0149 -0.0292 50.5679
624  16  0.0199 -0.0065 54.6133
656  16  0.0292  0.0118 46.5454
688  16  0.0021  0.0673 273.0666
304  48 -0.0362  0.1247 52.5128
336  48 -0.0435  0.1182 29.4676
368  48 -0.0583  0.1330 110.7027
496  48 -0.1227  0.1319 71.8596
528  48 -0.1412  0.0650 27.3067
560  48 -0.0064  0.0063 37.5748
592  48  0.3879  0.0678 369.0088
688  48  0.1996  0.1015 227.5554
720  48 -0.0871  0.1338 29.2571
752  48 -0.2517  0.1477 35.0085
784  48  0.0000  0.0118 33.2872
816  48  1.1372 -0.5000 148.4057
304  80  0.8683 -0.3836 49.3494
336  80  0.3922 -0.1788 30.7970
368  80  0.0855 -0.0655 50.5679
400  80 -0.0372 -0.0234 47.0804
432  80 -0.0392  0.0044 43.5745
464  80 -0.0097  0.0077 4095.9939
496  80  0.0057  0.0245 71.8596
528  80  0.0113  0.0190 28.4444
560  80  0.0000  0.0072 39.6859
592  80  0.0101 -0.0093 53.1668
688  80  0.0230  0.0783 341.3332
720  80  0.0437 -0.0078 80.3137
752  80  0.0182 -0.0479 75.8518
784  80  0.0185  0.0000 83.9525
816  80 -0.1697  0.0041 147.3381
 16 144 -0.1368 -0.0284 35.9810
 48 144 -0.0404 -0.0067 31.3959
 80 144 -0.0792 -0.0830 148.2852
112 144 -0.0934 -0.0638 173.2594
144 144 -0.0856 -0.0329 99.3535
176 144 -0.0273 -0.0489 138.5987
208 144 -0.0310 -0.0584 51.1084
240 144 -0.0493 -0.0117 205.4411
272 144 -0.0378 -0.0082 22.8725
304 144 -0.0454 -0.0110 185.7078
336 144 -0.0178  0.0177 116.4804
368 144 -0.0107  0.0425 115.3467
400 144  0.0047  0.0361 51.7023
432 144 -0.0031  0.0600 152.7920
464 144 -0.0309  0.1094 173.9602
496 144 -0.0244  0.0642 97.4550
528 144 -0.0086  0.0882 205.9910
560 144 -0.0537  0.1101 112.6211
592 144 -0.0659  0.0717 214.7145
624 144 -0.0414  0.0459 76.9213
656 144 -0.0567  0.0384 116.4553
688 144 -0.0364  0.0315 106.2036
720 144 -0.0244  0.0257 120.3497
752 144 -0.0292  0.0235 75.1678
784 144 -0.0011  0.0084 130.1841
816 144 -0.0467  0.0176 185.0200
848 144 -0.0156  0.0164 149.0157
880 144 -0.0076  0.0219 169.6105
912 144 -0.0204  0.0141 154.8923
944 144 -0.0333  0.0048 123.0601
976 144 -0.0035  0.0308 68.8568
1008 144 -0.0096  0.0171 122.7495
1040 144 -0.0125  0.0362 28.3414
1072 144 -0.0104  0.0106 137.5073
1104 144 -0.0394  0.0439 24.6632
1136 144 -0.0736  0.0516 72.5208
1168 144 -0.0622  0.1173 94.1831
 16 176 -0.0168 -0.0749 52.2185
 48 176 -0.1077 -0.1029 105.1510
 80 176 -0.0808 -0.0544 143.1758
112 176 -0.2325 -0.0169 324.3485
144 176 -0.0613 -0.0617 221.8430
176 176 -0.0481 -0.0367 153.0907
208 176 -0.0460 -0.0073 168.3144
240 176 -0.0860 -0.0097 222.7648
272 176 -0.0436 -0.0418 225.8259
304 176 -0.0287  0.0058 197.8990
336 176 -0.0123  0.0347 289.0429
368 176 -0.0238  0.0027 105.0234
400 176 -0.0343  0.0736 125.9417
432 176 -0.0040  0.0650 141.7448
464 176 -0.0184  0.0253 90.7824
496 176 -0.0596  0.0885 196.7632
528 176 -0.0327  0.1070 228.2446
560 176 -0.0051  0.0576 172.9268
592 176  0.0207  0.0375 110.9038
624 176 -0.0109  0.0635 259.6751
656 176 -0.0358  0.0585 157.4845
688 176 -0.0296  0.0242 80.2215
720 176 -0.0256  0.0282 147.6848
752 176  0.0302  0.0701 301.5101
784 176 -0.0578  0.0060 92.1321
816 176 -0.0008  0.0041 257.1607
848 176 -0.0187  0.0281 336.9838
880 176 -0.0142  0.0072 117.1329
912 176 -0.0249 -0.0128 144.8046
944 176  0.0150 -0.0197 96.6796
976 176 -0.0541  0.0493 118.4730
1008 176 -0.0248  0.0361 132.1331
1040 176 -0.0482  0.0586 100.9017
1072 176 -0.0462  0.0642 119.5562
1104 176  0.0241  0.0495 95.5429
1136 176 -0.0620  0.0672 86.0859
1168 176 -0.0246  0.0404 149.0211
 16 208 -0.0462 -0.0419 223.0442
 48 208 -0.3277 -0.0493 135.4932
 80 208 -0.1165 -0.1369 116.9775
112 208 -0.1223 -0.0830 65.6394
144 208 -0.0670 -0.1287 322.8939
176 208 -0.0654 -0.0608 151.2792
208 208 -0.0706 -0.0769 125.0265
240 208 -0.0514 -0.0392 128.6284
272 208 -0.0522 -0.0406 187.5534
304 208 -0.0279 -0.0059 176.4958
336 208 -0.0208  0.0405 172.5695
368 208 -0.0406  0.0751 46.0286
400 208 -0.0865  0.0247 197.9737
432 208 -0.0297  0.0515 161.3234
464 208  0.0226  0.0722 173.6904
496 208 -0.0106  0.0474 201.7435
528 208 -0.0575  0.0791 201.5925
560 208 -0.0263  0.0501 125.6369
592 208 -0.0444  0.0288 27.3800
624 208 -0.0020  0.0601 104.2140
656 208 -0.0082  0.0352 109.4150
688 208 -0.0485  0.0262 96.8186
720 208 -0.0228  0.0078 82.3259
752 208 -0.0030  0.0096 111.2704
784 208 -0.0129  0.0000 130.2869
816 208 -0.0056  0.0037 144.3389
848 208 -0.0175  0.0010 178.9717
880 208  0.0059 -0.0140 264.1967
912 208 -0.0191  0.0113 85.8173
944 208 -0.0052 -0.0055 148.8754
976 208  0.0102 -0.0082 118.5467
1008 208 -0.0237  0.0501 182.4412
1040 208 -0.0213  0.0357 77.3018
1072 208 -0.0426  0.0380 182.9723
1104 208 -0.0717  0.0781 108.4693
1136 208 -0.0358  0.0670 149.8665
1168 208 -0.0355  0.0153 111.4124
 16 240 -0.3060 -0.1141 50.8335
 48 240 -0.0870 -0.0242 14.7601
 80 240 -0.1759 -0.1587 277.1652
112 240 -0.1120 -0.1144 316.5086
144 240 -0.1142 -0.0438 229.7230
176 240 -0.0920 -0.0606 288.4862
208 240 -0.0758 -0.1079 37.2001
240 240 -0.0713 -0.0189 512.3464
272 240 -0.0877 -0.0370 206.1726
304 240 -0.0271 -0.0064 91.6400
336 240 -0.0281 -0.0173 134.1929
368 240 -0.0257  0.0146 153.4497
400 240 -0.0322  0.0302 251.6876
432 240 -0.0084  0.0281 145.3789
464 240 -0.0173  0.0507 225.6848
496 240 -0.0146  0.0813 250.5025
528 240 -0.0497  0.0586 142.6089
560 240 -0.0035  0.0339 136.2337
592 240 -0.0421  0.0715 184.1493
624 240 -0.0676  0.0349 154.0255
656 240 -0.0143  0.0230 185.5484
688 240 -0.0147  0.0274 188.8881
720 240  0.1676  0.0042 103.2801
752 240 -0.0151 -0.0049 163.9886
784 240 -0.0043  0.0045 113.7829
816 240  0.0116 -0.0284 175.0793
848 240 -0.0051 -0.0004 165.4238
880 240  0.0020  0.0036 95.3409
912 240  0.0394 -0.0164 120.0525
944 240 -0.0022 -0.0108 82.3446
976 240 -0.0253  0.0461 143.0760
1008 240  0.0007  0.0347 132.9070
1040 240  0.0064  0.0190 165.7131
1072 240  0.0056  0.0442 202.5582
1104 240 -0.0444  0.0715 91.0091
1136 240 -0.0049  0.0961 170.1553
1168 240 -0.0211  0.0557 50.2343
 16 272 -0.0863 -0.1190 260.3007
 48 272 -0.1237 -0.1337 143.2887
 80 272 -0.0425 -0.1001 206.4376
112 272 -0.1014 -0.1628 224.5409
144 272 -0.0532 -0.0732 76.3764
176 272 -0.0473 -0.1147 129.0521
208 272 -0.0827 -0.1144 274.0307
240 272 -0.1021 -0.0779 216.3959
272 272 -0.0009  0.0470 154.6272
304 272 -0.0493 -0.0449 181.9934
336 272 -0.0327  0.0025 71.7157
368 272 -0.0256  0.0179 186.5150
400 272 -0.0181  0.0233 154.6596
432 272 -0.0252  0.0281 168.4944
464 272 -0.0205  0.0412 136.4636
496 272 -0.0242  0.0645 109.2285
528 272 -0.0275  0.0610 114.3782
560 272  0.0465  0.0503 98.1698
592 272 -0.0249  0.0264 152.8138
624 272 -0.0040  0.0691 132.5863
656 272  0.0044  0.0056 164.3795
688 272 -0.0219  0.0185 113.0045
720 272 -0.0050  0.0422 94.4372
752 272 -0.0134 -0.0063 120.5016
784 272  0.0150  0.0248 161.9207
816 272 -0.0058 -0.1079 162.8999
848 272  0.0006 -0.0350 97.7121
880 272 -0.0056 -0.0188 84.0918
912 272  0.0096  0.0231 60.7302
944 272 -0.0040 -0.0139 175.4962
976 272  0.0041  0.0159 175.6747
1008 272 -0.0187  0.0084 153.6568
1040 272 -0.0293  0.0359 101.1223
1072 272 -0.0304  0.0159 185.1825
1104 272  0.0278  0.0008 366.5831
1136 272 -0.0469  0.0392 55.4565
1168 272 -0.0193  0.0589 83.6219
 16 304 -0.1729 -0.2162 176.8248
 48 304 -0.0597 -0.1356 197.8354
 80 304 -0.2814 -0.1603 180.2899
112 304 -0.2961 -0.2600 199.7281
144 304 -0.1621 -0.1760 229.5819
176 304 -0.1387 -0.0789 247.8325
208 304 -0.1384 -0.1474 132.2634
240 304 -0.0999 -0.0544 304.4100
272 304 -0.0331 -0.0424 39.7873
304 304 -0.0426 -0.0166 302.4119
336 304 -0.0425 -0.0145 167.0815
368 304 -0.0483 -0.0114 341.9778
400 304 -0.0214 -0.0144 59.2465
432 304 -0.0227  0.0322 165.6746
464 304 -0.0207  0.0679 271.8157
496 304 -0.0111  0.0675 154.2933
528 304 -0.0063  0.0656 104.4273
560 304 -0.0365  0.0454 223.5814
592 304 -0.0403  0.0527 128.6042
624 304 -0.0174  0.0485 122.0312
656 304  0.0074  0.0457 84.9594
688 304 -0.0125  0.0188 84.1015
720 304 -0.0521  0.0115 184.3797
752 304 -0.0144 -0.0064 84.9842
784 304 -0.0008 -0.0203 170.2022
816 304  0.0038 -0.0167 158.4355
848 304  0.0135 -0.0402 93.1487
880 304  0.0963 -0.0272 175.7831
912 304  0.0449 -0.0000 122.3850
944 304  0.0016 -0.0079 89.6209
976 304  0.0226 -0.0352 117.7175
1008 304 -0.0195  0.0158 75.0642
1040 304 -0.0212  0.0472 56.6285
1072 304 -0.0248  0.0388 132.4186
1104 304  0.0110  0.0167 174.6919
1136 304 -0.0160  0.0837 104.3121
1168 304 -0.0421  0.0761 46.4032
 16 336 -0.3107 -0.2997 256.7491
 48 336 -0.3130 -0.1625 117.0818
 80 336 -0.3018 -0.1170 63.6783
112 336 -0.2118 -0.3474 304.7448
144 336 -0.1331 -0.1718 110.4693
176 336 -0.1604 -0.2330 71.7170
208 336 -0.1671 -0.2296 232.3079
240 336 -0.0605 -0.0726 198.6558
272 336 -0.0263 -0.0595 30.1196
304 336 -0.1203 -0.0473 77.5872
336 336 -0.0490 -0.0653 157.0233
368 336 -0.0210 -0.0168 148.2888
400 336 -0.0211 -0.0072 93.9352
432 336 -0.0149  0.0076 160.5661
464 336 -0.0112  0.0374 220.7738
496 336 -0.0001  0.0311 217.7536
528 336 -0.0127  0.0311 137.6697
560 336 -0.0059  0.0376 114.5098
592 336  0.0104  0.0206 128.1042
624 336 -0.0301  0.0010 96.5698
656 336 -0.0079  0.0206 74.8378
688 336  0.0007  0.0239 136.0999
720 336 -0.0069 -0.0058 133.2939
752 336 -0.0125 -0.0151 87.5693
784 336  0.0103 -0.0261 93.3289
816 336 -0.0001 -0.0406 92.2212
848 336  0.0086 -0.0445 109.0417
880 336  0.0242 -0.0283 96.0609
912 336  0.0209 -0.0545 154.1597
944 336  0.0359 -0.0128 195.4761
976 336  0.0011 -0.0001 111.7580
1008 336 -0.0173  0.0255 75.2156
1040 336 -0.0197  0.0660 73.1003
1072 336 -0.0257  0.0548 99.9054
1104 336 -0.0396  0.0413 129.0982
1136 336 -0.0352  0.0904 186.1038
1168 336 -0.0369  0.0973 97.3701
 16 368 -0.2503 -0.3617 83.7026
 48 368 -0.3065 -0.1403 96.1691
 80 368 -0.2287 -0.1400 125.7088
112 368 -0.1272 -0.1270 30.0235
144 368 -0.2696 -0.1782 240.0028
176 368 -0.1632 -0.1681 160.2277
208 368 -0.2099 -0.1063 161.9561
240 368 -0.0798 -0.0694 148.3307
272 368 -0.1128 -0.0521 145.1304
304 368 -0.0558 -0.1648 271.8841
336 368 -0.0609 -0.0467 61.8126
368 368 -0.0178 -0.0497 294.3188
400 368 -0.0206 -0.0067 78.5806
432 368 -0.0306 -0.0042 137.3241
464 368 -0.0104  0.0276 92.6527
496 368 -0.0047  0.0443 93.9703
528 368  0.0075  0.0510 156.9536
560 368 -0.0102  0.0236 243.0253
592 368 -0.0221  0.0504 155.0774
624 368 -0.0095  0.0357 156.2414
656 368 -0.0374  0.0159 45.3273
688 368  0.0043  0.0238 75.9018
720 368  0.0006 -0.0083 109.0659
752 368  0.0067 -0.0363 135.4408
784 368 -0.0119 -0.0324 258.7776
816 368  0.0202 -0.0388 219.2583
848 368  0.0114 -0.0429 67.0248
880 368  0.0113 -0.0563 209.9344
912 368  0.0118 -0.0666 156.7929
944 368  0.0071  0.0047 215.4688
976 368  0.0460 -0.0652 57.9949
1008 368  0.0334  0.0096 239.9178
1040 368 -0.0190  0.0277 148.2067
1072 368 -0.0405  0.0563 94.4225
1104 368 -0.0333  0.0812 92.8180
1136 368 -0.0181  0.0660 99.0288
1168 368 -0.0782  0.1312 159.4733
 16 400 -0.2095 -0.0411 17.9953
 48 400 -0.5060 -0.2646 60.0238
 80 400 -0.4389 -0.3606 143.5704
112 400 -0.2949 -0.2120 16.9707
144 400 -0.4897 -0.2538 154.7633
176 400 -0.1040 -0.2545 26.9860
208 400 -0.2658 -0.3336 81.1429
240 400 -0.1309 -0.1695 113.9439
272 400 -0.1368 -0.1167 32.1953
304 400 -0.1147 -0.1125 144.9919
336 400 -0.0518 -0.0605 68.4633
368 400 -0.0331 -0.0700 137.7400
400 400 -0.0211 -0.0413 106.5405
432 400 -0.0144  0.0193 160.5301
464 400 -0.0137  0.0398 196.2350
496 400 -0.0132  0.0406 137.1232
528 400  0.0126  0.0271 177.1206
560 400  0.0004  0.0252 204.8647
592 400  0.0116  0.0704 173.4213
624 400 -0.0110  0.0283 124.9910
656 400  0.0026  0.0068 190.4001
688 400  0.0049  0.0255 274.6339
720 400 -0.0071 -0.0200 192.8701
752 400 -0.0037 -0.0091 81.2485
784 400 -0.0026 -0.0226 159.3813
816 400 -0.0029 -0.0446 134.2890
848 400  0.0120 -0.0356 132.2182
880 400 -0.0072  0.0098 57.1987
912 400  0.0448 -0.0231 131.3043
944 400  0.0193 -0.0416 124.0331
976 400 -0.0026  0.0051 100.8039
1008 400 -0.0140  0.0138 95.0038
1040 400 -0.0106  0.0535 225.8496
1072 400 -0.0431  0.0164 154.4879
1104 400 -0.0541  0.0815 172.1859
1136 400 -0.0568  0.1008 122.1215
1168 400 -0.0510  0.0746 23.2017
 16 432 -0.1640 -0.1656 42.1421
 48 432 -0.2332 -0.1534 33.0408
 80 432 -0.3828 -0.2204 28.7346
112 432 -0.2383 -0.4566 111.4947
144 432 -0.1812 -0.4462 70.5835
176 432 -0.2338 -0.1244 223.6310
208 432 -0.1293 -0.1829 179.6926
240 432 -0.1716 -0.3517 119.0351
272 432 -0.3041 -0.1374 236.9317
304 432 -0.1470 -0.1646 186.6935
336 432 -0.0801 -0.1455 159.8992
368 432 -0.0578 -0.0846 169.3140
400 432 -0.0363 -0.0391 34.3641
432 432 -0.0315 -0.0450 199.6467
464 432  0.0065  0.0050 125.6565
496 432 -0.0037  0.0397 35.1778
528 432  0.0059  0.0462 111.6387
560 432 -0.0167  0.0706 130.6247
592 432 -0.0078  0.0363 164.1594
624 432 -0.0222  0.0321 113.4566
656 432 -0.0406  0.0149 72.8459
688 432  0.0031  0.0821 269.1534
720 432  0.0044 -0.0105 145.5363
752 432 -0.0090 -0.0923 159.1281
784 432 -0.0040 -0.0512 159.4483
816 432 -0.0212 -0.0700 109.2669
848 432  0.0110 -0.0616 202.3992
880 432  0.0152 -0.0681 108.3557
912 432  0.0473 -0.0504 82.0669
944 432 -0.0002 -0.0480 87.8825
976 432 -0.0198  0.0084 76.9752
1008 432 -0.0087  0.0309 87.8032
1040 432 -0.0268  0.0849 157.0803
1072 432 -0.0402  0.0111 40.4484
1104 432 -0.0346  0.0186 118.2607
1136 432 -0.1044  0.0260 104.7012
1168 432  0.0013  0.0823 114.9254
 16 464 -0.3148 -0.1957 28.5654
 48 464 -0.4341 -0.5924 53.2954
 80 464 -0.5066 -0.2001 102.4340
112 464 -1.0953 -0.5200 232.8066
144 464 -0.4433 -0.2455 60.9444
176 464 -0.2797 -0.2435 223.2541
208 464 -0.3803 -0.3174 82.3374
240 464 -0.3754 -0.4243 133.1565
272 464 -0.1956 -0.1940 321.9422
304 464 -0.2668 -0.2012 191.5108
336 464 -0.0548 -0.0880 347.9352
368 464 -0.0998 -0.1859 163.3324
400 464 -0.0358 -0.1018 107.9243
432 464 -0.0719 -0.0098 188.3197
464 464  0.0153 -0.0285 205.4314
496 464  0.0109  0.0117 142.1089
528 464 -0.0072  0.0415 157.1530
560 464  0.0105  0.1020 232.8503
592 464 -0.0146  0.0447 128.5954
624 464  0.0036  0.0271 126.6151
656 464 -0.0287  0.0246 232.0600
688 464 -0.0259  0.0119 114.8246
720 464 -0.0147 -0.0403 130.2695
752 464 -0.0143 -0.0561 105.0428
784 464 -0.0009 -0.0662 68.7408
816 464  0.0026 -0.1245 117.0250
848 464 -0.0190 -0.1026 31.4695
880 464  0.0287 -0.0325 70.3966
912 464  0.0304 -0.0557 215.9155
944 464  0.0307  0.0048 47.0737
976 464 -0.0058 -0.0020 187.9364
1008 464 -0.0065  0.0004 38.7714
1040 464 -0.0304  0.0971 199.3296
1072 464 -0.0378  0.0959 132.5696
1104 464 -0.0474  0.0031 157.3769
1136 464 -0.0480  0.0599 64.9241
1168 464 -0.0803  0.1245 70.8136
 16 496 -0.3762 -0.1101 80.0078
 48 496 -0.6393 -0.2196 80.9048
 80 496 -0.7611 -0.3587 164.7888
112 496 -0.6543 -0.2735 205.4651
144 496 -0.4614 -0.4248 131.3278
176 496 -0.7047 -0.1608 263.3290
208 496 -0.6044 -0.2563 64.8207
240 496 -0.4372 -0.2467 168.9288
272 496 -0.1951 -0.4495 23.8362
304 496 -0.1613 -0.0545 147.1465
336 496 -0.0944 -0.2246 167.8084
368 496 -0.1570 -0.2016 157.4987
400 496 -0.1279 -0.1290 21.8167
432 496 -0.0417 -0.0557 201.8180
464 496  0.0045 -0.0174 125.0784
496 496 -0.0012  0.0076 155.7499
528 496  0.0478  0.0838 244.4650
560 496 -0.0087  0.0545 63.5160
592 496  0.0010  0.0516 48.4091
624 496  0.0135  0.0748 87.2639
656 496 -0.0103  0.0399 134.6149
688 496 -0.0299  0.0616 108.9728
720 496  0.0192  0.0872 177.8192
752 496  0.0545 -0.0853 185.6142
784 496 -0.0822 -0.1736 127.2245
816 496 -0.0298 -0.1072 74.6623
848 496  0.0334 -0.0535 80.9993
880 496 -0.0030 -0.0878 118.0354
912 496  0.0362 -0.0698 28.6539
944 496  0.0262 -0.0294 255.5011
976 496 -0.0217 -0.0031 57.4893
1008 496 -0.0411  0.0414 103.0680
1040 496 -0.0171  0.0068 170.3974
1072 496 -0.0708  0.1087 72.5032
1104 496 -0.0934  0.0974 81.3022
1136 496 -0.0696  0.1384 78.7619
1168 496 -0.0512  0.0503 54.7545
 16 528 -0.0543 -0.0469 19.0084
 48 528 -0.7575 -0.4509 63.5694
 80 528 -0.9023 -0.5229 158.8499
112 528 -0.7619 -0.5574 93.9069
144 528 -0.5520 -0.5014 257.2951
176 528 -0.5662 -0.7549 19.8451
208 528 -0.7002 -0.3221 101.7443
240 528 -0.5774 -0.6051 76.7568
272 528 -0.7051 -0.7135 83.7724
304 528 -0.3964 -0.2943 168.0962
336 528 -0.4247 -0.4334 230.6662
368 528 -0.2772 -0.4071 189.5921
400 528 -0.0794 -0.2140 44.2523
432 528  0.0011 -0.1368 154.0712
464 528 -0.0042 -0.0885 195.9626
496 528  0.0191 -0.0996 231.2801
528 528  0.0368  0.0403 31.6222
560 528  0.0075  0.1105 181.7099
592 528 -0.0855  0.1345 178.0104
624 528  0.0445  0.0701 191.0040
656 528  0.0007  0.0642 101.6543
688 528 -0.0460  0.0239 52.6742
720 528 -0.0287  0.0158 109.3903
752 528 -0.0768 -0.0197 29.5584
784 528 -0.0227 -0.1080 262.1434
816 528 -0.0199 -0.1608 115.3213
848 528 -0.0111 -0.0854 62.6560
880 528 -0.0003 -0.0449 129.9832
912 528 -0.0061 -0.0895 96.3590
944 528 -0.0111 -0.0052 116.0367
976 528 -0.0483  0.0530 160.9437
1008 528 -0.0658  0.0564 104.3035
1040 528 -0.0538  0.0684 114.6677
1072 528 -0.0355  0.0759 146.8280
1104 528 -0.1742 -0.0329 154.0930
1136 528 -0.2555 -0.0085 79.0317
1168 528 -0.0822  0.1486 46.3392
 16 560 -0.3048 -0.1567 55.6933
 48 560 -1.3714 -0.2132 80.2383
 80 560 -0.8062 -0.8868 77.0757
112 560 -1.1910 -0.9306 130.0363
144 560 -0.8751 -0.9317 20.7913
176 560 -0.3887 -0.3061 198.7732
208 560 -1.0877 -0.7267 154.2608
240 560 -0.4379 -0.7384 107.0104
272 560 -0.8053 -0.3623 173.3799
304 560 -0.5936 -0.9002 85.4338
336 560 -0.1095 -0.4110 122.1069
368 560 -0.4505 -0.5571 131.9150
400 560 -0.1072 -0.3856 103.8789
432 560  0.0538 -0.2073 247.4724
464 560  0.0910 -0.1137 143.8062
496 560  0.0594  0.0332 282.8144
528 560  0.0343  0.0098 194.2132
560 560  0.0532  0.0988 54.7662
592 560  0.0972  0.1866 133.1805
624 560  0.0868  0.0289 38.4354
656 560  0.0100  0.0769 77.2299
688 560 -0.0273  0.0666 34.3042
720 560 -0.0482  0.0448 76.5428
752 560 -0.0781  0.0200 127.9381
784 560 -0.0397 -0.0169 98.3990
816 560 -0.0200 -0.0516 139.1283
848 560  0.0310 -0.1368 93.3695
880 560 -0.0135 -0.0114 73.8612
912 560 -0.0269 -0.0262 244.6741
944 560 -0.0494  0.0722 56.6317
976 560 -0.0383  0.0535 25.9356
1008 560 -0.1212  0.1374 164.4727
1040 560 -0.1804  0.1050 193.5487
1072 560 -0.0974  0.1119 115.2217
1104 560 -0.1501  0.1369 107.5618
1136 560 -0.1318  0.0791 154.3939
1168 560 -0.0869  0.1301 47.3247
 16 592 -0.3646 -0.2079 57.2592
 48 592 -0.5560 -0.4445 107.4172
 80 592 -1.0236 -0.6221 68.0272
112 592 -1.4930 -0.6642 29.8851
144 592 -0.8829 -0.8121 82.8937
176 592 -0.8923 -0.4862 94.5308
208 592 -0.6573 -0.8138 318.5242
240 592 -0.8498 -1.2415 200.6718
272 592 -1.1271 -0.5342 285.1931
304 592 -0.3318 -0.2631 15.6210
336 592 -0.2567 -0.8980 61.8561
368 592 -0.1894 -0.8368 137.3021
400 592 -0.0348 -0.6114 65.5057
432 592  0.1184 -0.2552 25.3859
464 592  0.2102 -0.1293 193.4870
496 592  0.0097 -0.0623 62.2855
528 592  0.1803  0.0351 153.2808
560 592  0.1256  0.1073 150.0872
592 592  0.0764  0.1132 89.3114
624 592 -0.0103  0.2242 169.9498
656 592 -0.0088  0.1604 211.3783
688 592 -0.1316  0.3032 74.3003
720 592 -0.0435  0.0922 51.4123
752 592 -0.0669  0.0601 144.5969
784 592 -0.0312  0.0601 87.8712
816 592 -0.0275  0.0235 81.2293
848 592 -0.0852  0.0242 122.5984
880 592 -0.0891  0.0277 148.1534
912 592 -0.0982  0.0364 130.9319
944 592 -0.1118  0.0467 85.8736
976 592 -0.1416  0.1329 89.8848
1008 592 -0.1957  0.1002 84.7595
1040 592 -0.0463  0.0935 36.6902
1072 592 -0.0616  0.0742 122.4837
1104 592 -0.1259  0.1530 43.1571
1136 592 -0.2269  0.1462 172.7474
1168 592 -0.1157  0.1732 49.3361
 16 624 -0.0493  0.0105 14.9714
 48 624 -0.3703 -0.2078 41.7453
 80 624 -0.6897 -0.2637 32.6503
112 624 -1.0746 -0.8161 119.1573
144 624 -0.2052 -0.0944 23.1002
176 624 -0.5055 -0.8612 223.9553
208 624 -0.9712 -1.2280 217.9190
240 624 -1.0890 -0.9302 89.1476
272 624 -0.8000 -0.8909 28.9042
304 624 -0.7887 -1.1118 213.8842
336 624 -0.4104 -1.0539 121.9696
368 624 -0.0260 -0.9613 195.6256
400 624  0.1122 -1.0545 64.1517
432 624  0.3551 -0.4906 38.9381
464 624  0.4482 -0.2244 132.4520
496 624  0.4643 -0.0907 129.4937
528 624  0.5110  0.1415 56.4979
560 624  0.4642  0.0893 100.2306
592 624  0.2173  0.1547 42.8275
624 624  0.0599  0.3151 144.5116
656 624 -0.0361  0.4772 184.6850
688 624 -0.0699  0.2683 34.0766
720 624  0.0030  0.1538 33.6378
752 624 -0.1378  0.1909 207.5024
784 624 -0.0577  0.1267 71.5568
816 624 -0.0906  0.2740 172.1426
848 624 -0.1610  0.1318 162.0808
880 624 -0.1661  0.2304 89.5253
912 624 -0.1315  0.1353 55.4707
944 624 -0.1783  0.0861 156.9688
976 624 -0.2729  0.1830 88.3288
1008 624 -0.1812  0.1055 94.9805
1040 624 -0.1786  0.1478 138.3559
1072 624 -0.2259  0.1452 140.1330
1104 624 -0.1140  0.1275 74.8567
1136 624 -0.1891  0.1783 170.2288
1168 624 -0.2152  0.1531 88.4486
 16 656 -0.2153 -0.2327 46.5421
 48 656 -0.5952 -0.0613 51.1018
 80 656 -0.4198 -0.4240 91.1645
112 656 -0.3652 -0.2406 186.2714
144 656 -1.3798 -0.7837 172.7300
176 656 -0.9677 -0.9599 181.7090
208 656 -1.0316 -0.7927 215.5797
240 656 -0.9317 -0.3870 46.9827
272 656 -1.2464 -1.6187 206.8802
304 656 -0.8865 -1.8568 192.9252
336 656 -0.7434 -1.9886 190.7437
368 656 -0.1565 -1.8176 26.6437
400 656  0.2674 -1.0603 20.8424
432 656  0.2625 -1.0274 73.2703
464 656  0.8691 -0.4822 157.7722
496 656  1.0072 -0.0294 120.2963
528 656  0.6496  0.1952 81.8824
560 656  0.4546  0.3410 97.0269
592 656  0.3501  0.3629 114.5606
624 656  0.1366  0.3666 147.7902
656 656  0.1161  0.6636 168.1571
688 656 -0.0399  0.2219 173.1420
720 656 -0.0005  0.1723 87.3023
752 656 -0.0370  0.1609 117.6425
784 656 -0.1121  0.0406 184.5201
816 656 -0.1104  0.1562 155.5776
848 656 -0.0575  0.0724 219.0360
880 656 -0.1908  0.1598 125.6551
912 656 -0.2793  0.2758 58.9725
944 656 -0.2431  0.2270 60.1112
976 656 -0.2818  0.3031 101.9688
1008 656 -0.2066  0.2026 80.7159
1040 656 -0.2835  0.2743 45.1586
1072 656 -0.1970  0.1277 65.0799
1104 656 -0.3044  0.0992 177.5795
1136 656 -0.1413  0.1910 85.3946
1168 656 -0.0916  0.1154 20.0975
 16 688 -0.1231 -0.3359 165.6191
 48 688 -0.1533 -0.0262 27.8876
 80 688 -0.7527 -0.4562 186.6365
112 688 -0.6136 -0.4170 80.0998
144 688 -0.2635 -0.2540 245.4043
176 688 -0.9580 -0.6965 87.2499
208 688 -1.2923 -1.0446 128.9998
240 688 -0.8362 -0.3926 94.5943
272 688 -0.1139 -0.0907 12.6259
304 688 -0.9295 -1.0931 31.5725
336 688 -0.8408 -2.3795 22.1805
368 688 -0.1850 -0.1748 11.0822
400 688 -1.0456 -0.7741 101.5505
432 688 -1.7470 -1.1113 15.9711
464 688 -0.0238 -0.0968  9.6747
496 688  0.0169 -0.1608 54.9779
528 688  0.6073  0.2023 85.0221
560 688  0.5651  0.1966 25.2240
592 688  0.4171  0.4291 40.0253
624 688  0.1971  0.6125 93.0816
656 688  0.1357  0.7894 84.4662
688 688  0.0089  0.6027 60.4882
720 688  0.1443  0.0036 115.1020
752 688  0.0715 -0.0476 17.8018
784 688 -0.2011 -0.0384 24.8648
816 688 -0.3591  0.2099 172.8779
848 688 -0.2538  0.3052 174.5918
880 688 -0.3554  0.2886 91.1135
912 688 -0.3469  0.1508 88.0722
944 688 -0.4259  0.2035 24.5422
976 688 -0.3818  0.3210 86.2562
1008 688 -0.4022  0.2847 70.4044
1040 688 -0.4564  0.2360 53.9710
1072 688 -0.2901  0.1558 24.5875
1104 688 -0.2404  0.0775 136.8570
1136 688 -0.2586  0.2628 146.6506
1168 688 -0.2184  0.2337 124.5524
 16 720 -0.0998 -0.0145 60.3308
 48 720 -0.2762 -0.0740 76.8994
 80 720 -0.5577 -0.1269 102.5478
112 720 -0.6527 -0.1126 85.1913
144 720 -1.2251 -0.7143 49.2315
176 720 -0.9077 -0.6410 27.6530
208 720 -1.0851 -0.7163 59.3370
240 720 -1.1770 -1.0559 262.2253
272 720 -1.2712 -1.7116 172.6437
304 720 -1.8628 -1.9333 44.4239
336 720 -0.0540 -0.1034  8.4771
368 720 -0.1726 -0.1655 12.3026
400 720 -3.2155 -0.7613 100.6888
432 720 -1.6729 -0.1250 21.9812
464 720 -2.1867 -1.0043 96.7143
496 720 -1.0879 -0.7912 178.2439
528 720 -0.2737 -0.0896 135.8359
560 720  0.0215  0.0957 119.7766
592 720  0.2400  0.6157 49.5719
624 720  0.1720  0.6048 55.2859
656 720  0.0978  0.6138 124.8617
688 720  0.3292  0.2181 87.5622
720 720  0.2151 -0.3279 113.1029
752 720  0.0266 -0.0276  9.4079
784 720 -0.0524 -0.1310 12.6543
816 720 -0.2234 -0.0808 13.2860
848 720 -0.4766  0.0444 76.0862
880 720 -0.4826  0.3209 84.2900
912 720 -0.3184  0.0693 35.1776
944 720 -0.5017  0.0526 19.5820
976 720 -0.5219  0.2305 128.4383
1008 720 -0.6959  0.1167 104.8600
1040 720 -0.4005  0.2501 147.0856
1072 720 -0.1605  0.1738 32.8798
1104 720 -0.4062  0.1423 154.3868
1136 720 -0.2652  0.1167 77.8946
1168 720 -0.1582  0.2973 199.2816
 16 752 -0.1831 -0.0202 80.6571
 48 752 -0.1338 -0.0160 28.5895
 80 752 -0.1566 -0.1275 90.5533
112 752 -0.1434 -0.1137 201.2455
144 752 -0.4001 -0.3155 200.1543
176 752 -0.7680 -0.4415 134.4484
208 752 -1.0625 -0.3223 47.9783
240 752 -1.3214 -1.0838 42.0757
272 752 -1.3560 -1.0474 109.6222
304 752 -2.8456 -1.9834 29.4215
336 752 -0.0055 -0.0198 18.1049
368 752 -0.0597  0.2676 50.8232
400 752 -0.8805 -0.8148 10.8536
432 752 -1.2017 -0.9662 58.1444
464 752 -0.8008 -0.5069 96.6094
496 752 -1.7838 -1.1413 91.8432
528 752 -1.6799 -1.4437 140.3879
560 752 -0.7579 -0.1138 43.5877
592 752 -0.2065  0.2713 162.8384
624 752  0.0989  0.7850 24.7548
656 752  0.1329 -0.0240 213.1542
688 752  0.3477  0.0871 80.3540
720 752  0.0816  0.0319 11.4209
752 752  0.3003 -0.7853 20.0975
784 752 -0.0436 -0.4384 27.6545
816 752 -0.2759 -0.2066 26.2815
848 752 -0.2762 -0.4295 95.9188
880 752 -0.0816 -0.0277 11.8175
912 752 -0.1468  0.2128 17.9232
944 752 -0.5271  0.1970 29.1645
976 752 -0.7306  0.2123 91.4957
1008 752 -0.7054  0.1726 98.7287
1040 752 -0.3650  0.6772 103.0510
1072 752 -0.2812 -0.0560 86.2728
1104 752 -0.3485  0.1081 62.7686
1136 752 -0.2909  0.1165 142.4216
1168 752 -0.2263  0.0814 160.9151
 16 784 -0.0394 -0.0325 135.1620
 48 784 -0.0722 -0.0221 160.5242
 80 784 -0.0610 -0.0492 238.6591
112 784 -0.4800 -0.1934 120.6328
144 784 -0.3807 -0.1130 53.2926
176 784 -0.7508 -0.5260 249.2573
208 784 -1.2538 -0.6661 16.3823
240 784 -2.5896 -0.8234 37.4039
272 784 -2.7344 -0.9811 33.8903
304 784 -3.0094 -1.9989 137.8222
336 784 -3.1727 -2.7405 10.8495
368 784 -0.2821  0.3580  9.7828
432 784 -0.3505  0.4411  4.9226
464 784 -0.3936  0.3394 14.5391
496 784 -0.0600 -0.1149 23.3579
528 784 -1.4638 -0.9670 38.9024
560 784 -1.0267 -0.7268 35.4409
592 784 -0.4049  0.0156 191.9085
624 784 -0.0257  0.1253 56.7880
656 784  0.0878  0.4399 43.8379
688 784  0.1588 -0.0332 23.0843
720 784  0.3443 -0.1418 11.0760
752 784  0.1603 -0.6179 16.2793
784 784  0.0612 -0.1839 23.4652
816 784 -0.1089 -0.9947 28.2418
848 784 -0.1509 -0.4571 16.3478
880 784 -0.1776 -0.1385 10.7959
912 784 -0.0046 -0.0663 10.9187
944 784 -0.8460  0.1066 28.0524
976 784 -0.2569  0.1709 17.9778
1008 784 -0.5804  0.1623 125.4233
1040 784 -0.7229  0.1249 72.6974
1072 784 -0.4920  0.1129 61.2836
1104 784 -0.6005  0.1434 94.1018
1136 784 -0.2965  0.2265 226.7486
1168 784 -0.2291  0.1074 87.4380
 16 816 -0.0412  0.0146 40.4529
 48 816 -0.0822  0.0173 44.6292
 80 816 -0.0470  0.0221 12.6481
112 816 -0.1909  0.0253 167.3067
144 816 -0.5194 -0.1255 92.3376
176 816 -0.1239 -0.1081 13.8291
208 816 -0.9754 -0.1841 29.3168
240 816 -1.6325 -0.1065 144.4794
272 816 -2.5534 -0.9120 26.9735
304 816 -1.0516 -1.3796 15.8627
336 816  0.0102 -0.0092 37.6947
368 816 -0.1526  0.0420  6.5029
496 816 -0.1975  0.2281  7.7028
528 816 -1.4264 -1.1560 65.9097
560 816 -0.9830 -0.8880 40.5537
592 816 -0.3708 -0.2380 111.5872
624 816 -0.1387 -0.1246 49.2824
656 816  0.0726 -0.0601 54.9515
688 816  0.3114 -0.3743 44.2862
720 816  0.1705 -0.1121  9.4677
752 816  0.1481 -0.0357 12.3197
784 816  0.0231 -0.1393 13.7331
816 816 -0.0020 -0.1878 12.2638
848 816  0.0537  0.0430 10.3091
880 816  0.0448  0.0421 12.9284
912 816  0.0773  0.0468 12.4289
944 816 -0.1532  0.0390  9.7365
976 816 -0.0311  0.0296 10.3349
1008 816 -0.0201  0.0292 13.5610
1040 816 -0.7253  0.1951 80.3325
1072 816 -0.5223  0.3509 91.3769
1104 816 -0.3785  0.1271 87.3575
1136 816 -0.5321  0.0552 57.8642
1168 816 -0.3399  0.0268 93.5059
 16 848  0.0072  0.0125 133.1033
 48 848 -0.0243 -0.0058 96.2412
 80 848 -0.0327 -0.0015 135.9513
112 848 -0.0730  0.0110 203.0835
144 848 -0.0850  0.0080 68.4862
176 848 -0.2006 -0.0258 223.2735
208 848 -0.7001  0.0006 142.3300
240 848 -0.7452  0.0658 89.1671
272 848 -1.3198 -0.5933 19.9311
304 848 -0.8289 -2.3562 10.0233
336 848  0.1055 -0.3026 21.0295
368 848  0.0078  0.0076  4.0434
496 848 -0.0477  0.0294  4.0736
528 848 -0.0546  0.1167 47.9779
560 848 -0.4329 -0.7202 40.6349
592 848  0.0361 -0.0225 46.8732
624 848 -0.1041 -0.2279 81.0801
656 848 -0.0043 -0.0361 35.9602
688 848  0.0585 -0.0159 11.2819
720 848  0.0075 -0.0217 11.5280
752 848 -0.0182 -0.1407  9.2317
784 848  0.0129 -0.3796 11.4451
816 848  0.0630 -0.5363 14.7235
848 848  0.0196  0.0096 11.1326
880 848 -0.0143  0.0644  8.9961
912 848 -0.0387 -0.0023 10.2065
944 848  0.0311 -0.0110 14.7926
976 848  0.0511  0.0346  7.3910
1008 848 -0.2136  0.0320 20.5195
1040 848 -0.5393  0.0645 24.2488
1072 848 -0.2525  0.0754 54.6601
1104 848 -0.5592  0.0914 140.0512
1136 848 -0.4242  0.0844 100.2157
1168 848 -0.2007  0.0538 149.3178
 16 880  0.0258 -0.0142 28.6798
 48 880  0.0068  0.0428 71.8109
 80 880 -0.0262  0.0105 233.7607
112 880 -0.0112  0.0249 286.5231
144 880 -0.0695  0.0361 82.9088
176 880 -0.1163  0.0900 68.8387
208 880 -0.2234  0.1059 47.1678
240 880 -1.1616 -0.0231 184.1272
272 880 -1.1995 -0.6206 150.7030
304 880 -0.4130 -0.4084 38.2760
336 880  0.0084 -0.3885 35.5210
368 880  0.1088 -0.1034  6.0278
528 880 -0.0282  0.0336 14.3328
560 880  0.0392 -0.0399 17.4374
592 880  0.0846 -0.0440  6.7805
624 880  0.0569 -0.0086 25.2281
656 880  0.0099 -0.0058 12.7796
688 880  0.0713 -0.0147 10.6828
720 880 -0.0020 -0.0228 19.8830
752 880  0.0349 -0.0423 13.5692
784 880 -0.0277 -0.0361 13.9245
816 880  0.0130 -0.1133 10.3476
848 880 -0.0087  0.0031 14.9979
880 880 -0.0050 -0.0009 15.1637
912 880  0.0275 -0.0079 13.1141
944 880  0.0614  0.0907  8.7795
976 880 -0.2729 -0.0522 16.4473
1008 880 -0.6648  0.0257 69.8681
1040 880 -0.5313  0.1179 143.0531
1072 880 -0.4913  0.0929 77.3101
1104 880 -0.6126  0.1602 97.9542
1136 880 -0.2254  0.0825 175.5022
1168 880 -0.1287  0.0884 33.9148
 16 912  0.1516  0.0035 62.9024
 48 912  0.0635  0.0138 58.8520
 80 912  0.0209  0.0315 105.4354
112 912  0.0045  0.0368 203.3853
144 912 -0.0459  0.0578 37.1567
176 912 -0.0409  0.1978 97.7089
208 912 -0.1156  0.1223 38.5422
240 912 -0.1838  0.1792 177.2284
272 912 -0.6880 -0.0504 34.0954
304 912 -0.0720 -0.3264 11.0973
336 912 -0.0950 -0.0329 16.4549
368 912  0.0774 -0.1303 93.0621
400 912  0.0287 -0.0560  5.5591
528 912 -0.0224  0.0138  4.3990
560 912 -0.0068  0.0034  5.9143
592 912  0.0000  0.0000  4.1001
624 912  0.0289 -0.0175  7.3800
656 912 -0.0277 -0.0133  6.4859
688 912  0.0891 -0.0015  5.9388
720 912 -0.0059  0.0022 10.4059
752 912  0.0447 -0.0310  6.7280
784 912 -0.0016 -0.0002 17.4393
816 912  0.0037 -0.0018  5.1057
848 912  0.0216 -0.0311  7.8537
880 912  0.0106 -0.0085 12.1200
912 912  0.0042  0.0078 14.7179
944 912 -0.1307 -0.1062 10.8321
976 912 -0.4160 -0.2165 101.3162
1008 912 -0.6797 -0.0677 159.1551
1040 912 -0.4742 -0.0128 44.4756
1072 912 -0.5726  0.0016 49.2828
1104 912 -0.5566  0.0388 129.5464
1136 912 -0.2401  0.0446 166.5529
1168 912 -0.4512  0.0130 148.7875
 16 944  0.0057  0.0015 29.1005
 48 944  0.0044  0.0000 58.2197
 80 944  0.0248  0.0324 301.1739
112 944  0.1862  0.0088 241.4551
144 944  0.0274  0.0380 199.1159
176 944  0.0246  0.1441 405.7003
208 944  0.0556  0.1305 143.8660
240 944 -0.0062  0.3442 107.4131
272 944 -0.0265  0.1631 68.5539
304 944 -0.2908 -1.0888 131.2175
336 944 -0.9638 -2.2028 136.4848
368 944 -0.0204 -0.0269 15.5292
400 944 -0.0070  0.0194 37.2026
432 944 -0.0132  0.0152  9.6305
464 944  0.0155  0.0188  8.3441
496 944 -0.0112 -0.0122  7.5553
528 944 -0.0130  0.0075  4.2534
624 944  0.0221 -0.0166  4.6600
656 944  0.0042 -0.0103  4.5948
688 944  0.0164 -0.0136  5.4755
720 944 -0.0252 -0.0164  5.8062
752 944  0.0084 -0.0503  4.6612
784 944 -0.0083 -0.0083  4.3252
816 944  0.0058 -0.0162  4.6569
848 944 -0.0182  0.0066 13.7045
880 944  0.0154  0.0114 13.1972
912 944 -0.0659 -0.0132 21.3698
944 944 -0.3876 -0.3167 85.9154
976 944 -0.4544 -0.3176 45.1496
1008 944 -0.3801 -0.1467 35.2245
1040 944 -0.7174 -0.0648 29.5062
1072 944 -0.5616  0.1101 25.0667
1104 944 -0.2708  0.0015 144.9272
1136 944 -0.4221 -0.0965 46.0994
1168 944 -0.2004 -0.1238 98.8568
 16 976  0.0483  0.0086 17.4618
 48 976  0.0390  0.0555 64.6429
 80 976  0.0763  0.0363 25.2035
112 976  0.0655  0.0399 266.3672
144 976  0.0380  0.0155 355.4232
176 976  0.0432  0.0586 340.5704
208 976  0.0683  0.0807 102.4908
240 976  0.1123  0.1011 74.4797
272 976  0.5684  0.2285 49.7074
304 976  0.1198 -0.2987 118.7453
336 976 -0.0894 -1.3102 68.4069
368 976 -0.0762 -0.9326 28.2264
400 976  0.0047 -0.0482 11.8777
432 976 -0.0918 -0.0833 15.7366
464 976 -0.0072 -0.0495 38.0481
496 976 -0.0293 -0.0247  8.8278
528 976 -0.0182 -0.0629  4.9686
688 976 -0.0072 -0.0164  4.1249
784 976 -0.0051  0.0000  4.3618
816 976 -0.0061 -0.0001 13.7097
848 976 -0.1487 -0.3644 43.8920
880 976 -0.2659 -0.2817 61.2627
912 976 -0.2708 -0.3534 82.6657
944 976 -0.3093 -0.4359 86.1845
976 976 -0.4201 -0.3881 62.2052
1008 976 -0.5140 -0.2199 37.3967
1040 976 -0.5571 -0.0371 14.0323
1072 976 -0.7413  0.0320 80.5601
1104 976 -0.2196 -0.0905 107.0360
1136 976 -0.2758 -0.1557 110.8425
1168 976 -0.5407  0.0513 95.6144
 16 1008  0.0117  0.0519 16.3106
 48 1008  0.0517  0.0396 73.2591
 80 1008  0.1073  0.1485 48.5685
112 1008  0.0775  0.0920 106.9429
144 1008  0.2051  0.0273 137.6427
176 1008  0.0764  0.0231 240.4308
208 1008  0.2085  0.0029 225.5508
240 1008  0.4951  0.1010 25.7586
272 1008  0.5758  0.2216 205.4822
304 1008  0.7157 -0.2632 32.4876
336 1008  0.2003 -1.0104 118.3771
368 1008  0.0883 -0.7236 25.3952
400 1008 -0.0124  0.0009 13.0398
432 1008 -0.1142 -0.4284 15.3468
464 1008 -0.0597 -0.1160 13.7926
496 1008  0.0109 -0.0067 23.8050
528 1008 -0.0669 -0.0526 11.9185
560 1008 -0.0255  0.0118  6.6647
784 1008 -0.0144  0.0030  6.2992
816 1008 -0.0151 -0.0197 24.9570
848 1008  0.0007 -0.1170 14.0143
880 1008 -0.1388 -0.1472 59.9223
912 1008 -0.4053 -0.1284 18.9115
944 1008 -0.4540 -0.1054 26.2873
976 1008 -0.5515 -0.0952 38.0665
1008 1008 -0.5706 -0.0836 31.3599
1040 1008 -0.4219 -0.1115 31.2382
1072 1008 -0.6494  0.0542 85.2100
1104 1008 -0.2841 -0.0305 45.3999
1136 1008 -0.4680 -0.1402 75.5347
1168 1008 -0.2629 -0.1114 115.0986
 16 1040  0.0514  0.0112 146.8767
 48 1040  0.1317  0.0389 22.0854
 80 1040  0.1901  0.0276 188.9183
112 1040  0.0741  0.0170 107.2142
144 1040  0.1397  0.0643 157.1757
176 1040  0.1927  0.0095 288.9462
208 1040  0.1010 -0.0009 26.3922
240 1040  0.1786 -0.0419 79.3869
272 1040  0.4822 -0.0972 49.0653
304 1040  0.0921 -0.0398 14.3596
336 1040  0.3770 -0.5847 49.7102
368 1040  0.2401 -0.7410 62.1612
400 1040 -0.0213 -0.0402 13.9480
432 1040 -0.0127 -0.0118 11.8536
464 1040 -0.0375 -0.2335 62.4591
496 1040  0.0007 -0.0071 17.3144
528 1040  0.0005 -0.0102 11.4981
560 1040 -0.0077 -0.0161 12.6784
592 1040 -0.0302 -0.0859  5.7718
752 1040  0.0091 -0.0035  5.5021
784 1040 -0.0358  0.0019 14.7382
816 1040 -0.0033  0.0003 28.8860
848 1040 -0.0490 -0.0454 58.0311
880 1040 -0.0299 -0.0099 16.8377
912 1040 -0.2926 -0.1035 16.1358
944 1040 -0.2513 -0.2482 79.4614
976 1040 -0.7321 -0.1566 142.6416
1008 1040 -0.3869 -0.1790 45.9349
1040 1040 -0.1903 -0.0834 156.7143
1072 1040 -0.2710 -0.1316 62.9974
1104 1040 -0.2860 -0.0960 22.2043
1136 1040 -0.1916 -0.1240 39.9041
1168 1040 -0.4096 -0.0880 147.3017
 16 1072  0.0924  0.0360 136.2055
 48 1072  0.2171  0.0252 114.8992
 80 1072  0.2040  0.0211 320.2714
112 1072  0.1022  0.0279 105.0284
144 1072  0.0595 -0.0105 17.6892
176 1072  0.0998 -0.0044 38.4469
208 1072  0.4264 -0.0196 32.8731
240 1072  0.1396 -0.0708 122.0413
272 1072  0.2630 -0.0971 93.2174
304 1072  0.1930 -0.1629 214.7584
336 1072  0.2387 -0.2513 124.1184
368 1072  0.1195 -0.1076 55.4659
400 1072  0.0022 -0.0134 10.7450
432 1072 -0.0037 -0.0044 25.5634
464 1072 -0.0120 -0.0069  9.4579
496 1072 -0.0101  0.0305 13.3664
528 1072  0.0081 -0.0572 11.3530
560 1072 -0.0174  0.0019  8.3946
592 1072  0.0085  0.0136 10.0127
624 1072 -0.0801 -0.0161  5.4320
656 1072 -0.0422  0.0503  4.6038
752 1072  0.0122 -0.0122  4.2032
784 1072 -0.0022  0.0054  7.1768
816 1072 -0.0032 -0.0100 12.5284
848 1072 -0.0193 -0.0104 27.4697
880 1072 -0.0422 -0.0198 19.8047
912 1072 -0.0668  0.0193 43.3119
944 1072 -0.0606  0.0013 54.8920
976 1072 -0.2857 -0.0649 32.9722
1008 1072 -0.3341 -0.0832 35.3321
1040 1072 -0.1784 -0.0558 141.8300
1072 1072 -0.1344 -0.0843 25.7925
1104 1072 -0.2572 -0.0444 32.7765
1136 1072 -0.3535  0.0071 16.7711
1168 1072 -0.2673 -0.1595 65.1203
 16 1104  0.0572  0.0019 23.5605
 48 1104  0.0939  0.0097 114.2375
 80 1104  0.0173  0.0287 111.1701
112 1104  0.0834  0.0097 89.4364
144 1104  0.1250  0.0051 111.7879
176 1104  0.1135 -0.0009 54.6534
208 1104  0.0554 -0.0575 83.1220
240 1104  0.2167 -0.1047 81.3744
272 1104  0.4422 -0.0586 73.1615
304 1104  0.1262 -0.1504 191.4543
336 1104  0.0793 -0.1626 244.5366
368 1104  0.3055 -0.2736 48.7085
400 1104  0.0174 -0.0306 26.7874
432 1104 -0.0051  0.0015 23.9084
464 1104  0.0187 -0.0555 18.6371
496 1104 -0.0020  0.0044 14.2313
528 1104  0.0225 -0.0331 10.9194
560 1104  0.0381 -0.0737 13.2508
592 1104 -0.0233 -0.0117 10.4328
624 1104  0.0170  0.0157 11.1239
656 1104 -0.0544  0.0393  8.7669
688 1104 -0.0271  0.0594  5.4765
848 1104 -0.0207 -0.0235  5.0504
880 1104  0.0178 -0.0119  6.3800
912 1104 -0.0172 -0.0156 12.2834
944 1104 -0.0034 -0.0154 14.2880
976 1104  0.0130 -0.0244  9.1412
1008 1104 -0.0019 -0.0120 20.4015
1040 1104 -0.0611 -0.0091 29.8829
1072 1104 -0.1163  0.0073 16.0146
1104 1104 -0.0539 -0.0198 19.9690
1136 1104 -0.1156  0.0084 14.3902
1168 1104 -0.1216 -0.1353 31.4375
 16 1136 -0.0090 -0.0024 13.8719
 48 1136  0.0485  0.0106 43.9735
 80 1136  0.0907  0.0122 108.8045
112 1136  0.1037 -0.0067 47.2697
144 1136  0.0941  0.0031 95.7618
176 1136  0.2544 -0.0897 127.9304
208 1136  0.0707 -0.0567 33.6692
240 1136  0.1094 -0.1398 91.7751
272 1136  0.1830 -0.1156 82.4087
304 1136  0.0742 -0.1372 27.8967
336 1136  0.1802 -0.2542 132.1766
368 1136  0.0782 -0.3109 177.2205
400 1136 -0.0030 -0.0094 18.2607
432 1136  0.0054 -0.0019 13.0043
464 1136  0.0092 -0.0726 31.9663
496 1136 -0.0069 -0.0535 13.0578
528 1136  0.0130 -0.0150 15.3178
560 1136  0.0179  0.0012 10.5799
592 1136 -0.0423  0.0083 12.5145
624 1136 -0.0201  0.0036 13.5821
656 1136 -0.0190 -0.0126 17.4787
688 1136 -0.0134  0.0612 12.3185
720 1136  0.0002  0.0480  5.8478
752 1136 -0.0076  0.0122  5.5311
784 1136  0.0332  0.0096  5.6257
816 1136  0.0068  0.0418  9.8148
848 1136 -0.0088  0.0449 10.5448
880 1136 -0.0044  0.0295  4.3225
976 1136 -0.0024 -0.0112  4.3161
1008 1136 -0.0074 -0.0126  5.1528
1040 1136 -0.0130 -0.0278  4.8295
1072 1136 -0.0136 -0.0320  5.5261
1104 1136 -0.0135 -0.0486  8.5565
1136 1136 -0.0220 -0.0174  9.9469
1168 1136  0.0021 -0.0054 19.3528
 16 1168  0.0356 -0.0227 21.6507
 48 1168  0.0313 -0.0132 16.3827
 80 1168  0.0479 -0.0028 253.6673
112 1168  0.0600 -0.0087 170.4611
144 1168  0.1592  0.0068 120.0347
176 1168  0.0518 -0.0482 215.4576
208 1168  0.0422 -0.0560 360.5403
240 1168  0.1265 -0.0349 95.2951
272 1168  0.1635 -0.0986 125.8129
304 1168  0.1199 -0.2344 94.6871
336 1168  0.1542 -0.2187 118.2449
368 1168  0.0746 -0.1199 205.1351
400 1168 -0.0067 -0.0175 13.2141
432 1168  0.0146 -0.0017 17.8334
464 1168  0.0435 -0.1165 16.5327
496 1168 -0.0176  0.0055 14.1263
528 1168 -0.0130 -0.0005 18.2403
560 1168  0.0162  0.0184 12.7706
592 1168 -0.0545 -0.0060 10.6094
624 1168  0.0006  0.0224 15.4515
656 1168  0.0058 -0.0359 12.5476
688 1168 -0.0444 -0.0141 12.5775
720 1168 -0.0314  0.0477 12.2077
752 1168 -0.0118  0.0158 11.2198
784 1168  0.0305  0.0271  8.9394
816 1168 -0.0630  0.0104 13.6461
848 1168  0.0201 -0.0084 14.7930
880 1168 -0.0280  0.0157 13.9601
912 1168 -0.0075  0.0133 11.9715
944 1168 -0.0128  0.0675  6.0457
976 1168 -0.0277  0.0475  4.7980
1104 1168 -0.0142 -0.0339  4.2888
1136 1168  0.0391 -0.0517  4.6507
1168 1168 -0.0110 -0.0267  4.7133
 16 1200  0.0058  0.0233 15.0672
 48 1200  0.0215  0.0441 17.8342
 80 1200 -0.0199 -0.0044 12.9014
112 1200  0.0847 -0.0111 76.3745
144 1200  0.0301 -0.0340 33.5204
176 1200  0.0718 -0.0345 130.1033
208 1200  0.0710 -0.0288 65.9880
240 1200  0.0872 -0.0987 106.1521
272 1200  0.0494 -0.0617 121.1688
304 1200  0.0552 -0.1181 60.4955
336 1200  0.1154 -0.1689 110.1735
368 1200  0.2875 -0.2119 68.7415
400 1200 -0.0341  0.0069 13.9365
432 1200  0.0063  0.0168 16.7266
464 1200  0.0154  0.0130 14.2244
496 1200  0.0064 -0.0261 22.7682
528 1200 -0.0258  0.0147 19.8478
560 1200  0.0079 -0.0024 14.7178
592 1200 -0.0101 -0.0269 13.6953
624 1200  0.0205 -0.1826 26.9587
656 1200  0.0361  0.0255 17.4365
688 1200  0.0056  0.0106 14.1964
720 1200 -0.0019  0.0344 17.8016
752 1200 -0.0320  0.0012 16.4166
784 1200 -0.0540 -0.0193 10.8990
816 1200  0.0172  0.0580 11.9362
848 1200  0.0151  0.0020 10.5198
880 1200 -0.0006  0.0073 16.0042
912 1200  0.0307 -0.0013 18.5590
944 1200 -0.0024  0.0027 15.9152
976 1200  0.0031 -0.0104 14.8760
1008 1200 -0.0220  0.0297 12.0859
1040 1200 -0.0197  0.0273  8.7542
1072 1200 -0.0196  0.0786  6.5267
1104 1200  0.0072  0.0378  5.2315
1136 1200 -0.0420  0.0415  4.6763
1168 1200  0.0188  0.1274  4.4271
 16 1232  0.0188  0.0167 11.4520
 48 1232  0.0482 -0.0286 54.3696
 80 1232  0.0623  0.0210 103.6928
112 1232  0.0568 -0.0547 34.8156
144 1232  0.1642 -0.1351 203.9356
176 1232  0.0597 -0.0394 102.1286
208 1232  0.3303 -0.0641 159.8688
240 1232  0.0589 -0.1204 28.9812
272 1232  0.0664 -0.0187 78.7854
304 1232  0.0282 -0.2152 131.9108
336 1232  0.0603 -0.0786 245.3171
368 1232  0.0237 -0.3014 125.3649
400 1232 -0.0337 -0.0004 63.5944
432 1232 -0.0013  0.0108 14.7657
464 1232  0.0008  0.0141 29.1397
496 1232  0.0064  0.0162 13.2532
528 1232 -0.0046  0.0149 11.8091
560 1232  0.0281 -0.0141 22.1083
592 1232 -0.0043 -0.0047 18.8071
624 1232  0.0305 -0.0052 15.4374
656 1232 -0.0184 -0.0025 13.2492
688 1232 -0.0406 -0.0132 10.9166
720 1232 -0.0342  0.0283 13.0079
752 1232  0.0219 -0.0001 19.8688
784 1232 -0.1407 -0.0194 13.8946
816 1232  0.0146  0.0070 20.3945
848 1232 -0.0187  0.0049 12.3065
880 1232  0.0866  0.0574  8.4548
912 1232  0.0426  0.0199  8.9821
944 1232  0.0171 -0.0012 15.5911
976 1232 -0.0522  0.0193 14.7615
1008 1232  0.0009  0.0065 16.8616
1040 1232 -0.0036 -0.0039 13.2618
1072 1232 -0.0028  0.0268 12.0059
1104 1232  0.0203  0.0071 12.5339
1136 1232  0.0166  0.0070 11.7067
1168 1232  0.0367 -0.0036 12.6794
 16 1264  0.1045 -0.0113 29.5386
 48 1264  0.0292 -0.0291 32.3780
 80 1264  0.0253  0.0488 242.3448
112 1264  0.0678 -0.0122 53.8270
144 1264  0.0376 -0.0193 119.2701
176 1264  0.1733 -0.0356 93.1121
208 1264  0.1239 -0.0488 52.7961
240 1264  0.0420 -0.0619 107.7516
272 1264  0.1244 -0.1060 24.4120
304 1264  0.0665 -0.0650 88.3213
336 1264  0.0664 -0.0593 108.3480
368 1264  0.0189 -0.0455 25.2571
400 1264  0.0358  0.0085 15.5757
432 1264 -0.0026 -0.0487 21.2384
464 1264  0.0181 -0.0044 12.0304
496 1264  0.0121  0.0032 12.7277
528 1264 -0.0243 -0.0081 13.7246
560 1264 -0.0005 -0.0097 13.1396
592 1264 -0.0026  0.0147 12.5157
624 1264  0.0086 -0.0122 18.3104
656 1264  0.0069 -0.0004 13.3174
688 1264  0.0164 -0.0031 10.8647
720 1264  0.0144  0.0033 12.9728
752 1264  0.0099 -0.0214 23.7423
784 1264  0.0239 -0.0075 11.3744
816 1264 -0.0119 -0.0211 15.1873
848 1264 -0.0266 -0.0267  9.9142
880 1264 -0.0052 -0.0203 10.7403
912 1264  0.0141  0.0017 12.0303
944 1264 -0.0054 -0.0347  9.9147
976 1264 -0.0451  0.0437  8.4294
1008 1264  0.0092 -0.0154 10.5403
1040 1264 -0.0383  0.0561 11.4229
1072 1264  0.0012 -0.0337 10.1469
1104 1264  0.0019  0.0242  9.9589
1136 1264 -0.0862 -0.0048  9.7056
1168 1264  0.0245  0.0176 13.7144
 16 1296  0.0216  0.0150 18.4548
 48 1296  0.0331 -0.0091 19.1374
 80 1296  0.0320 -0.0068 40.5549
112 1296  0.0367 -0.0335 58.6744
144 1296  0.0218 -0.0097 46.9569
176 1296  0.0283 -0.0491 117.9413
208 1296  0.0203 -0.0084 135.8863
240 1296  0.0167 -0.0932 70.9720
272 1296  0.0563 -0.1711 29.7734
304 1296  0.0247 -0.1045 30.5920
336 1296  0.0701 -0.1735 237.3215
368 1296  0.0543 -0.1957 119.2425
400 1296 -0.0023 -0.0026 31.6811
432 1296 -0.0053 -0.0117 22.1375
464 1296  0.0068 -0.0269 22.0207
496 1296 -0.0365  0.0123 20.4156
528 1296 -0.0198 -0.0102 10.6443
560 1296 -0.0007  0.0220 20.8385
592 1296 -0.0267  0.0033 13.7951
624 1296  0.0085  0.0354 16.3590
656 1296  0.0091 -0.0004 18.8427
688 1296 -0.0183  0.0245 13.2713
720 1296 -0.0441  0.0282 13.1620
752 1296 -0.0201 -0.0123 15.9184
784 1296 -0.0253  0.0304 11.2641
816 1296 -0.0277 -0.0543  9.3175
848 1296  0.0117  0.0299 11.5282
880 1296 -0.0209 -0.0088 11.9607
912 1296  0.0138 -0.0013 11.8342
944 1296 -0.0480  0.0151 11.9013
976 1296  0.0505 -0.0289 11.0713
1008 1296 -0.0319  0.0233  9.6926
1040 1296  0.0106  0.0468  8.0429
1072 1296 -0.0106 -0.0116  9.5642
1104 1296 -0.0102  0.0450 11.4747
1136 1296 -0.0312 -0.0398 10.6651
1168 1296 -0.0593 -0.0026  9.4741
  0   0 -0.0352 -0.0269  0.0000
  0   0 -0.0285 -0.0024  0.0000
  0   0 -0.0580 -0.0062  0.0000
  0   0 -0.0003  0.0041  0.0000
  0   0  0.0182 -0.0015  0.0000
  0   0  0.0284 -0.0194  0.0000
  0   0  0.0279 -0.0306  0.0000
  0   0  0.0220 -0.0513  0.0000
  0   0  0.0063 -0.0561  0.0000
  0   0  0.0058 -0.0869  0.0000
  0   0 -0.0018 -0.1015  0.0000
  0   0 -0.0084 -0.1670  0.0000
  0   0  0.0015 -0.2224  0.0000
  0   0 -0.0195 -0.2048  0.0000
  0   0 -0.0037 -0.2228  0.0000
  0   0 -0.0149 -0.1934  0.0000
  0   0 -0.0551 -0.0591  0.0000
  0   0 -0.0636 -0.0166  0.0000
  0   0 -0.0603 -0.0004  0.0000
  0   0 -0.0730  0.0274  0.0000
  0   0 -0.0593  0.0281  0.0000
  0   0 -0.0401  0.0488  0.0000
  0   0 -0.0403  0.0458  0.0000
  0   0 -0.0176  0.0573  0.0000
  0   0 -0.0133  0.0437  0.0000
  0   0 -0.0336  0.0515  0.0000
  0   0 -0.0536  0.0478  0.0000
  0   0 -0.0504  0.0265  0.0000
  0   0 -0.0567  0.0273  0.0000
  0   0 -0.0660 -0.0335  0.0000
  0   0 -0.0215  0.0273  0.0000
  0   0 -0.0315  0.0084  0.0000
  0   0 -0.0146  0.0130  0.0000
  0   0 -0.0247  0.0232  0.0000
  0   0  0.0201  0.0121  0.0000
  0   0 -0.0097  0.0393  0.0000
  0   0 -0.0003  0.0490  0.0000
  0   0 -0.0116  0.0199  0.0000
  0   0 -0.0209  0.0217  0.0000
  0   0 -0.0449 -0.0238  0.0000
  0   0 -0.0643 -0.0235  0.0000
  0   0 -0.0575 -0.0296  0.0000
  0   0 -0.0502 -0.0195  0.0000
  0   0 -0.0487 -0.0159  0.0000
  0   0 -0.0164 -0.0118  0.0000
  0   0  0.0056 -0.0180  0.0000
  0   0  0.0173 -0.0341  0.0000
  0   0  0.0181 -0.0539  0.0000
  0   0  0.0105 -0.0802  0.0000
  0   0 -0.0035 -0.1068  0.0000
  0   0 -0.0136 -0.1454  0.0000
  0   0 -0.0263 -0.1850  0.0000
  0   0 -0.0392 -0.2389  0.0000
  0   0 -0.0479 -0.2782  0.0000
  0   0 -0.0652 -0.2766  0.0000
  0   0 -0.0706 -0.2624  0.0000
  0   0 -0.0850 -0.2091  0.0000
  0   0 -0.1093 -0.1094  0.0000
  0   0 -0.1186 -0.0403  0.0000
  0   0 -0.1172  0.0058  0.0000
  0   0 -0.1141  0.0430  0.0000
  0   0 -0.0981  0.0639  0.0000
  0   0 -0.0776  0.0831  0.0000
  0   0 -0.0633  0.0896  0.0000
  0   0 -0.0457  0.0945  0.0000
  0   0 -0.0402  0.0892  0.0000
  0   0 -0.0509  0.0876  0.0000
  0   0 -0.0654  0.0799  0.0000
  0   0 -0.0735  0.0640  0.0000
  0   0 -0.0848  0.0483  0.0000
  0   0 -0.0993  0.0079  0.0000
  0   0 -0.0606  0.0166  0.0000
  0   0 -0.0497  0.0171  0.0000
  0   0 -0.0307  0.0266  0.0000
  0   0 -0.0180  0.0383  0.0000
  0   0  0.0048  0.0434  0.0000
  0   0 -0.0003  0.0560  0.0000
  0   0 -0.0029  0.0559  0.0000
  0   0 -0.0157  0.0354  0.0000
  0   0 -0.0331  0.0158  0.0000
  0   0 -0.0565 -0.0161  0.0000
  0   0 -0.0738 -0.0301  0.0000
  0   0 -0.0750 -0.0360  0.0000
  0   0 -0.0674 -0.0318  0.0000
  0   0 -0.0539 -0.0268  0.0000
  0   0 -0.0283 -0.0242  0.0000
  0   0 -0.0057 -0.0305  0.0000
  0   0  0.0080 -0.0478  0.0000
  0   0  0.0106 -0.0749  0.0000
  0   0  0.0030 -0.1120  0.0000
  0   0 -0.0121 -0.1570  0.0000
  0   0 -0.0298 -0.2104  0.0000
  0   0 -0.0504 -0.2656  0.0000
  0   0 -0.0722 -0.3180  0.0000
  0   0 -0.0934 -0.3504  0.0000
  0   0 -0.1160 -0.3481  0.0000
  0   0 -0.1341 -0.3151  0.0000
  0   0 -0.1526 -0.2467  0.0000
  0   0 -0.1702 -0.1512  0.0000
  0   0 -0.1773 -0.0629  0.0000
  0   0 -0.1732  0.0088  0.0000
  0   0 -0.1606  0.0642  0.0000
  0   0 -0.1387  0.1018  0.0000
  0   0 -0.1128  0.1267  0.0000
  0   0 -0.0895  0.1384  0.0000
  0   0 -0.0703  0.1419  0.0000
  0   0 -0.0620  0.1378  0.0000
  0   0 -0.0665  0.1311  0.0000
  0   0 -0.0784  0.1201  0.0000
  0   0 -0.0923  0.1042  0.0000
  0   0 -0.1093  0.0849  0.0000
  0   0 -0.1288  0.0562  0.0000
  0   0 -0.1003  0.0040  0.0000
  0   0 -0.0712  0.0209  0.0000
  0   0 -0.0415  0.0398  0.0000
  0   0 -0.0152  0.0583  0.0000
  0   0  0.0048  0.0725  0.0000
  0   0  0.0093  0.0800  0.0000
  0   0  0.0017  0.0732  0.0000
  0   0 -0.0170  0.0498  0.0000
  0   0 -0.0434  0.0173  0.0000
  0   0 -0.0718 -0.0166  0.0000
  0   0 -0.0924 -0.0393  0.0000
  0   0 -0.0981 -0.0478  0.0000
  0   0 -0.0886 -0.0443  0.0000
  0   0 -0.0672 -0.0359  0.0000
  0   0 -0.0386 -0.0304  0.0000
  0   0 -0.0117 -0.0347  0.0000
  0   0  0.0060 -0.0533  0.0000
  0   0  0.0106 -0.0879  0.0000
  0   0  0.0021 -0.1386  0.0000
  0   0 -0.0170 -0.2032  0.0000
  0   0 -0.0429 -0.2773  0.0000
  0   0 -0.0731 -0.3518  0.0000
  0   0 -0.1055 -0.4140  0.0000
  0   0 -0.1384 -0.4483  0.0000
  0   0 -0.1703 -0.4423  0.0000
  0   0 -0.1988 -0.3928  0.0000
  0   0 -0.2228 -0.3042  0.0000
  0   0 -0.2394 -0.1917  0.0000
  0   0 -0.2443 -0.0775  0.0000
  0   0 -0.2355  0.0220  0.0000
  0   0 -0.2138  0.0988  0.0000
  0   0 -0.1822  0.1513  0.0000
  0   0 -0.1463  0.1824  0.0000
  0   0 -0.1129  0.1962  0.0000
  0   0 -0.0875  0.1976  0.0000
  0   0 -0.0748  0.1910  0.0000
  0   0 -0.0760  0.1797  0.0000
  0   0 -0.0882  0.1653  0.0000
  0   0 -0.1074  0.1481  0.0000
  0   0 -0.1309  0.1286  0.0000
  0   0 -0.1564  0.1068  0.0000
