VARIABLES= "X pix", "Y pix", "U pix/dt", "V pix/dt", "CHC", ZONE I=37, J=41
304  16 -0.0193 -0.0977 59.5809
336  16 -0.0871 -0.0783 18.9118
368  16 -0.1305 -0.0707 24.6753
400  16 -0.1143 -0.0856 88.5845
496  16 -0.0795 -0.1036 89.0435
528  16 -0.0555 -0.0935 39.0095
560  16 -0.0395 -0.0674 40.9600
592  16 -0.0383 -0.0449 50.5679
624  16 -0.0433 -0.0428 54.6133
656  16 -0.0237 -0.0214 46.5454
688  16  0.0025  0.0666 273.0666
304  48 -0.0025  0.1190 52.5128
336  48 -0.0529  0.1394 29.4676
368  48 -0.0973  0.0996 110.7027
496  48 -0.1119  0.0506 71.8596
528  48 -0.0711  0.0628 27.3067
560  48 -0.0356  0.0430 42.6667
592  48  0.0000 -0.0459 90.2202
688  48  0.0074 -0.0133 227.5554
720  48  0.0257  0.0127 29.2571
752  48  0.0405  0.0328 36.2478
784  48 -0.0193  0.0428 31.1595
816  48  0.0000  0.2877 254.2344
304  80  0.0045  0.2001 49.3494
336  80 -0.0028  0.0645 30.7970
368  80 -0.0176 -0.0151 50.5679
400  80 -0.0051 -0.0323 47.0804
432  80  0.0104 -0.0059 43.5745
464  80  0.0704  0.0315 4095.9939
496  80  0.0594  0.0784 71.8596
528  80 -0.0029  0.1381 28.4444
560  80  0.0030  0.0741 51.2000
592  80  0.0288 -0.0189 38.6317
688  80 -0.0099  0.0473 341.3332
720  80 -0.0997 -0.0573 80.3137
752  80 -0.2276 -0.1661 87.1489
784  80 -0.0888 -0.2221 44.0430
816  80  0.5000 -0.2211 87.1489
 16 144 -0.0261 -0.0686 71.9788
 48 144 -0.1026 -0.0829 102.1506
 80 144 -0.0310 -0.0696 104.9256
112 144 -0.0208 -0.0532 67.0299
144 144 -0.0501 -0.0525 97.8838
176 144 -0.0841 -0.0303 148.3496
208 144 -0.0652 -0.0316 107.9330
240 144 -0.0372 -0.0351 179.4251
272 144 -0.0304 -0.0217 24.3689
304 144 -0.0267  0.0088 104.3082
336 144 -0.0204  0.0289 59.1163
368 144 -0.0226  0.0216 166.0078
400 144 -0.0175 -0.0054 116.0771
432 144 -0.0095  0.0706 153.5879
464 144  0.0111  0.0972 111.3573
496 144 -0.0321  0.1113 147.8239
528 144 -0.0467  0.0661 233.5800
560 144 -0.0776  0.0149 117.7916
592 144 -0.0282  0.0736 114.8851
624 144 -0.0224  0.0992 74.7947
656 144 -0.0161  0.0370 205.0504
688 144 -0.0187  0.0510 108.4987
720 144  0.0026  0.0345 170.6331
752 144  0.0668  0.0864 155.3148
784 144  0.0165  0.0137 84.4447
816 144 -0.0379  0.0735 104.3430
848 144 -0.0241  0.0373 196.8552
880 144 -0.0100  0.0175 61.8677
912 144 -0.0313  0.0225 158.2997
944 144  0.0014  0.0239 146.3454
976 144 -0.0241  0.0379 105.8031
1008 144  0.0436  0.0388 56.0532
1040 144  0.0193  0.0444 113.9937
1072 144 -0.0715  0.0927 111.6460
1104 144 -0.0522  0.0534 58.3639
1136 144 -0.0520  0.0724 50.5163
1168 144 -0.0730  0.1008 59.1537
 16 176 -0.0363 -0.0617 88.4527
 48 176 -0.1289 -0.1045 150.3403
 80 176 -0.0641 -0.0707 241.9961
112 176 -0.0551 -0.0445 161.3721
144 176 -0.0411 -0.0346 287.6924
176 176 -0.0625 -0.0404 210.2831
208 176 -0.0365 -0.0224 144.4976
240 176 -0.0467  0.0031 131.5666
272 176 -0.0192 -0.0496 150.1392
304 176 -0.0145  0.0038 176.7926
336 176 -0.0368  0.0124 206.3469
368 176 -0.0058  0.0602 228.5361
400 176  0.0072  0.0402 246.2264
432 176 -0.0314  0.0927 148.7155
464 176 -0.0165  0.0739 173.9344
496 176  0.0399  0.0979 176.5692
528 176  0.0057  0.0570 61.5058
560 176 -0.0582  0.0184 249.9495
592 176  0.0235  0.1195 87.0771
624 176 -0.0126  0.0634 292.3252
656 176  0.0185  0.0192 246.9838
688 176 -0.0372  0.0326 104.3016
720 176 -0.0077  0.0616 82.5485
752 176  0.0239  0.0154 259.7362
784 176 -0.0077  0.0344 92.6668
816 176 -0.0149  0.0171 123.0808
848 176 -0.0069 -0.0072 193.3690
880 176 -0.0169  0.0158 45.6761
912 176 -0.0043  0.0278 132.7047
944 176 -0.0389  0.1273 168.4533
976 176 -0.0544  0.0387 115.2475
1008 176 -0.0123  0.0433 130.2682
1040 176 -0.0395  0.0888 105.1914
1072 176 -0.0002  0.0818 136.5202
1104 176  0.0056  0.0634 124.9140
1136 176 -0.0265  0.0369 155.7236
1168 176 -0.0540  0.1073 221.6820
 16 208 -0.0825 -0.0966 36.9212
 48 208 -0.0520 -0.1187 215.3717
 80 208  0.0086 -0.0730 320.9904
112 208 -0.1933 -0.1510 199.7771
144 208 -0.1354 -0.0764 65.5394
176 208 -0.0661 -0.0667 201.1451
208 208 -0.0828 -0.0327 342.8807
240 208 -0.0526 -0.0305 190.1026
272 208 -0.0912  0.0001 167.2338
304 208  0.0003  0.0158 185.8286
336 208 -0.0325  0.0293 229.3986
368 208 -0.0063  0.0514 437.5122
400 208 -0.0129  0.0130 123.2408
432 208  0.0091  0.0434 145.7869
464 208 -0.0301  0.0708 201.1503
496 208 -0.0119  0.0705 133.8554
528 208 -0.0058  0.0778 156.3235
560 208  0.0060  0.0260 159.9061
592 208 -0.0209  0.0568 68.8274
624 208 -0.0566  0.0006 145.9365
656 208  0.0108  0.0654 102.5371
688 208 -0.0074  0.0389 117.7146
720 208  0.0036  0.0274 168.2649
752 208 -0.0126  0.0259 161.6862
784 208 -0.0171  0.0035 232.8217
816 208  0.0209  0.0178 166.4020
848 208  0.0008  0.0188 159.9173
880 208 -0.0226  0.0177 259.8703
912 208 -0.0138  0.0065 50.8516
944 208 -0.0175  0.0334 91.5793
976 208 -0.0224  0.0268 157.5269
1008 208 -0.0503  0.0875 175.4573
1040 208 -0.0368  0.0658 142.2677
1072 208 -0.0287  0.0815 150.1305
1104 208 -0.0139  0.0719 136.2824
1136 208 -0.0301  0.1257 94.7506
1168 208 -0.0489  0.1146 167.4870
 16 240 -0.1005 -0.0755 75.4631
 48 240 -0.0139 -0.0409 17.6703
 80 240 -0.1067 -0.1369 104.9653
112 240 -0.0531 -0.0646 130.4729
144 240 -0.0655 -0.0800 205.9083
176 240 -0.0647 -0.0480 205.8315
208 240 -0.0396 -0.0579 36.0561
240 240 -0.0634 -0.0307 244.3161
272 240 -0.0369 -0.0221 58.5641
304 240 -0.0601 -0.0134 195.6314
336 240 -0.0187  0.0315 164.5701
368 240 -0.0338  0.0107 68.6999
400 240  0.0459  0.0129 369.8466
432 240 -0.0526  0.0347 144.5925
464 240 -0.0165  0.0683 145.9919
496 240  0.0072  0.0842 294.0082
528 240 -0.0457  0.0676 105.5137
560 240  0.0248  0.0499 132.3571
592 240 -0.0431  0.0255 161.7260
624 240 -0.0372  0.0402 138.2334
656 240  0.0151  0.0787 188.2736
688 240  0.0040  0.0086 95.7967
720 240  0.0767  0.0256 90.3092
752 240 -0.0125  0.0219 253.1272
784 240 -0.0265  0.0260 101.6862
816 240  0.0211  0.0353 173.3855
848 240  0.0059  0.0383 150.1542
880 240 -0.0023  0.0101 108.4522
912 240 -0.0394  0.0394 55.7989
944 240 -0.0178  0.0014 79.6219
976 240 -0.0262  0.0462 133.7975
1008 240 -0.0049  0.1028 86.1112
1040 240 -0.0238  0.0601 104.4939
1072 240 -0.0862  0.1266 146.9014
1104 240 -0.0419  0.0862 112.7071
1136 240  0.0007  0.0592 137.5768
1168 240 -0.0381  0.0919 208.8620
 16 272 -0.0848 -0.0695 35.8231
 48 272 -0.0256 -0.1358 260.0323
 80 272 -0.1200 -0.2463 142.2750
112 272 -0.0941 -0.1446 323.5341
144 272 -0.0419 -0.1474 285.5495
176 272 -0.1138 -0.1468 166.5099
208 272 -0.0919 -0.1624 72.1759
240 272 -0.0839 -0.0688 67.6744
272 272 -0.0968 -0.0799 124.3516
304 272 -0.0484  0.0243 123.6965
336 272 -0.0307  0.0060 161.4268
368 272 -0.0492  0.0193 144.3946
400 272 -0.0523  0.0814 228.8572
432 272 -0.0312  0.0487 123.1910
464 272  0.0007  0.0205 58.7086
496 272  0.0059  0.0480 301.5286
528 272 -0.0079  0.0993 159.0395
560 272 -0.0053  0.0557 17.4092
592 272 -0.0232  0.0150 255.6268
624 272  0.0457  0.0961 149.6472
656 272 -0.0022  0.0218 172.1778
688 272  0.0040  0.0130 106.2026
720 272 -0.0017  0.0335 134.8429
752 272  0.0025  0.0098 133.8450
784 272  0.0044  0.0266 119.3142
816 272 -0.0134 -0.0185 226.8393
848 272  0.0092 -0.0034 86.3921
880 272 -0.0203  0.0096 79.7811
912 272 -0.0029  0.0234 79.6465
944 272 -0.0175  0.0125 160.8057
976 272 -0.0030  0.0208 213.6078
1008 272 -0.0341  0.0695 111.6073
1040 272 -0.0280  0.1252 103.7563
1072 272 -0.0186  0.0652 53.9824
1104 272 -0.0139  0.0891 132.3775
1136 272 -0.0219  0.0781 51.5176
1168 272 -0.0490  0.0645 29.6137
 16 304 -0.3269 -0.2429 98.8742
 48 304 -0.3659 -0.4637 102.1404
 80 304 -0.2843 -0.2128 123.0091
112 304 -0.1226 -0.2486 244.2909
144 304 -0.2205 -0.1086 204.2224
176 304 -0.0779 -0.1116 221.0457
208 304 -0.0957 -0.2144 226.5901
240 304 -0.1072 -0.0896 86.2643
272 304 -0.0643 -0.0812 90.8518
304 304 -0.0305 -0.0389 114.8934
336 304 -0.0212 -0.0214 116.7227
368 304 -0.0272 -0.0056 117.5965
400 304  0.0145 -0.0277 39.3805
432 304 -0.0408  0.0241 45.1779
464 304  0.0444  0.0758 161.5657
496 304  0.0047  0.0718 209.6657
528 304  0.0435  0.1279 105.4665
560 304 -0.0153  0.0845 201.0248
592 304 -0.0151  0.0525 172.2263
624 304 -0.0115  0.0659 228.5257
656 304  0.0192  0.0136 105.6279
688 304 -0.0001  0.0328 79.8621
720 304  0.0038  0.0205 126.5709
752 304  0.0181  0.0148 85.2367
784 304 -0.0025 -0.0064 163.6151
816 304  0.0107 -0.0081 131.7596
848 304 -0.0048 -0.0061 98.2711
880 304 -0.0080 -0.0330 115.6361
912 304 -0.0042  0.0262 77.0393
944 304  0.0092  0.0108 116.8788
976 304 -0.0146  0.0272 213.3049
1008 304  0.0053  0.0275 57.1357
1040 304 -0.0642  0.0612 51.0519
1072 304 -0.0414  0.0722 130.3694
1104 304 -0.1125  0.1051 208.4267
1136 304 -0.1034  0.1187 81.9641
1168 304 -0.0919  0.1491 67.4008
 16 336 -0.3970 -0.0734 54.2881
 48 336 -0.2058 -0.2039 49.2826
 80 336 -0.2588 -0.2022 180.7623
112 336 -0.2647 -0.2093 146.9387
144 336 -0.1246 -0.2164 231.7200
176 336 -0.1148 -0.2603 304.3707
208 336 -0.0107 -0.1091 86.6486
240 336 -0.1640 -0.1207 140.6793
272 336 -0.0450 -0.0406 21.6124
304 336 -0.0525 -0.0765 260.4408
336 336 -0.0155 -0.0159 339.2133
368 336 -0.0475 -0.0105 149.5532
400 336 -0.0363 -0.0061 53.2717
432 336 -0.0169  0.0592 142.4636
464 336  0.0029  0.0510 134.6704
496 336 -0.0275  0.0263 63.4298
528 336 -0.0022  0.1543 184.0340
560 336  0.0040  0.0507 104.3086
592 336 -0.0038  0.0373 277.6622
624 336 -0.0087  0.0554 123.4376
656 336 -0.0113  0.0449 132.0392
688 336 -0.0175  0.0440 112.6590
720 336  0.0068  0.0263 142.9665
752 336 -0.0046  0.0190 158.9711
784 336  0.0172 -0.0023 170.3906
816 336  0.0222 -0.0151 106.4227
848 336  0.0146 -0.0038 131.2272
880 336  0.0201 -0.0023 134.9206
912 336  0.0072 -0.0347 97.6524
944 336 -0.0075  0.0679 188.8601
976 336 -0.0104  0.0272 97.1117
1008 336 -0.0136  0.0496 119.7185
1040 336  0.0095  0.0656 140.3857
1072 336 -0.0435  0.0762 99.5058
1104 336 -0.0143  0.1103 196.1805
1136 336 -0.0409  0.0652 110.2137
1168 336 -0.0526  0.0751 70.6503
 16 368 -0.3230 -0.1466 42.1675
 48 368 -0.2376 -0.1378 50.0377
 80 368 -0.3478 -0.3139 163.9318
112 368 -0.0802 -0.1464 64.9751
144 368 -0.1977 -0.1743 49.0283
176 368 -0.1619 -0.3661 103.6164
208 368 -0.1700 -0.3403 75.3280
240 368 -0.2703 -0.1292 69.3981
272 368 -0.0625 -0.0562 101.0901
304 368 -0.1063 -0.0555 293.7142
336 368 -0.1269 -0.0575 200.6647
368 368 -0.0555 -0.0352 252.3810
400 368 -0.0439 -0.0141 423.7839
432 368 -0.0063  0.0053 224.2091
464 368 -0.0010  0.0737 107.2747
496 368  0.0185  0.0688 355.8986
528 368 -0.0131  0.0877 111.0649
560 368  0.0023  0.0503 113.6404
592 368 -0.0048  0.0826 160.4501
624 368 -0.0177  0.0615 123.4909
656 368 -0.0317 -0.0175 153.3042
688 368  0.0025  0.0536 74.6424
720 368  0.0159 -0.0058 174.8880
752 368  0.0299 -0.0220 117.6383
784 368  0.0569 -0.0318 126.4225
816 368  0.0254 -0.0058 218.0254
848 368  0.0345 -0.0089 75.9494
880 368  0.0470 -0.0298 122.3472
912 368  0.0132 -0.0104 104.1286
944 368  0.0025  0.0200 206.1031
976 368  0.0051  0.0330 39.6297
1008 368 -0.1023  0.0601 365.0173
1040 368 -0.0728  0.0510 249.7169
1072 368 -0.0716  0.0668 109.5642
1104 368 -0.0445  0.0523 122.2047
1136 368 -0.0461  0.0430 112.2987
1168 368 -0.1351  0.1513 112.2525
 16 400 -0.3975 -0.3353 83.3124
 48 400 -0.9109 -0.2992 230.3532
 80 400 -0.2036 -0.3603 238.8272
112 400 -0.1629 -0.4505 58.3699
144 400 -0.1923 -0.1364 25.7024
176 400 -0.3274 -0.2799 174.5470
208 400 -0.1173 -0.2937 171.3426
240 400 -0.2161 -0.2722 301.8230
272 400 -0.1761 -0.2016 118.6551
304 400 -0.0879 -0.2731 194.4651
336 400 -0.0994 -0.1027 120.1972
368 400 -0.0193  0.0181 88.8291
400 400 -0.0094  0.0433 26.0328
432 400 -0.0358  0.0099 252.7948
464 400 -0.0115  0.0541 209.1929
496 400 -0.0085  0.0258 47.2190
528 400  0.0044  0.0335 174.4423
560 400  0.0113  0.0533 183.8959
592 400 -0.0179  0.0350 222.1402
624 400  0.0176  0.0872 145.6437
656 400  0.0660  0.1053 131.5661
688 400 -0.0090  0.0153 177.5810
720 400  0.0054  0.0379 111.6211
752 400  0.0089 -0.0131 91.5618
784 400  0.0294 -0.0446 132.5179
816 400  0.0066 -0.0037 138.1089
848 400  0.0155 -0.0597 155.9213
880 400  0.0409 -0.0321 95.0728
912 400  0.0334  0.0398 112.9674
944 400  0.0550 -0.0092 127.6651
976 400 -0.0410  0.0329 71.1878
1008 400 -0.0426  0.1163 85.7562
1040 400 -0.0407  0.0945 307.9642
1072 400 -0.0392  0.0390 127.5800
1104 400 -0.0240  0.1285 130.7062
1136 400 -0.0589  0.1985 83.5477
1168 400 -0.0838  0.1040 175.3327
 16 432 -0.9654 -0.2003 102.2865
 48 432 -1.0619 -0.2857 198.0720
 80 432 -0.1664 -0.1666 12.8848
112 432 -0.2255 -0.7089 53.7559
144 432 -0.2792 -0.4717 203.3408
176 432 -0.2658 -0.2558 212.9675
208 432 -0.3393 -0.3755 90.4033
240 432 -0.3740 -0.4998 239.9530
272 432 -0.2206 -0.2976 188.4466
304 432 -0.1854 -0.1041 64.0563
336 432 -0.1832 -0.1472 145.2853
368 432 -0.0870 -0.1026 196.7631
400 432 -0.0604 -0.0153 162.5971
432 432  0.0259  0.0171 121.8249
464 432 -0.1052  0.1085 109.8001
496 432 -0.0300  0.0402 123.4471
528 432 -0.0087  0.0459 187.4974
560 432 -0.0048  0.0316 135.9602
592 432 -0.0026  0.0367 81.2209
624 432  0.0142  0.0415 145.0764
656 432  0.0019  0.0105 91.4858
688 432  0.0293 -0.0009 94.8602
720 432 -0.0233  0.0490 87.7282
752 432  0.0305 -0.0160 117.9288
784 432  0.0301 -0.0292 151.7009
816 432  0.0270 -0.0259 104.9959
848 432  0.0426  0.0003 182.6262
880 432  0.0246 -0.0057 115.6014
912 432  0.0161  0.0186 97.3403
944 432  0.0020  0.0153 70.8103
976 432 -0.0365  0.0371 94.5040
1008 432 -0.0581  0.0901 112.9961
1040 432 -0.0862  0.0854 111.0853
1072 432 -0.0739  0.0244 111.3771
1104 432 -0.0619  0.1372 199.1719
1136 432 -0.0538  0.1300 158.4535
1168 432 -0.1228  0.0465 195.3274
 16 464 -0.3257 -0.2209 124.8660
 48 464 -0.7856 -0.4349 120.4302
 80 464  0.0859  0.1334 159.3645
112 464  0.0482 -0.0435 121.6192
144 464 -0.1847 -0.2948 202.1508
176 464 -0.5108 -0.3747 133.8063
208 464 -0.3592 -0.3900 179.4393
240 464 -0.1774 -0.4159 203.7229
272 464 -0.0415 -0.3007 379.0893
304 464 -0.1498 -0.1538 131.8495
336 464 -0.0451 -0.1112 172.8400
368 464 -0.0704 -0.1128 247.9473
400 464 -0.0927 -0.0516 69.2085
432 464 -0.0998 -0.0076 35.3496
464 464 -0.0372  0.0109 134.0819
496 464  0.0170 -0.0024 13.6831
528 464  0.0132  0.0159 93.9974
560 464  0.0106  0.0618 124.6819
592 464  0.0140  0.0333 116.8933
624 464  0.0271  0.0158 150.9761
656 464  0.0237  0.0116 259.6109
688 464  0.0233 -0.0025 126.3686
720 464  0.0456  0.0063 79.1927
752 464  0.0005 -0.0056 36.5228
784 464  0.0429 -0.0565 88.4762
816 464  0.0213 -0.0522 92.1742
848 464  0.0319 -0.0425 100.1268
880 464 -0.0009 -0.0014 103.0522
912 464 -0.0119  0.0345 170.4018
944 464 -0.0151  0.0268 57.5378
976 464 -0.0213  0.0634 91.3736
1008 464  0.0021  0.0620 57.1153
1040 464 -0.0647  0.0685 217.0103
1072 464 -0.0297  0.0981 113.0438
1104 464 -0.1005  0.1852 163.4278
1136 464 -0.0781  0.0465 75.1985
1168 464 -0.1395  0.2194 121.2990
 16 496 -0.8481 -0.6520 65.8138
 48 496 -0.1429 -0.0316 18.7175
 80 496 -0.4372 -0.5037 143.6982
112 496 -0.3840 -0.4411 101.1432
144 496 -0.8302 -1.0249 53.8936
176 496 -0.7202 -0.6852 47.0860
208 496  0.0457  0.0082 37.1918
240 496 -0.0208 -0.0969 40.8124
272 496 -0.1416 -0.1563 41.9696
304 496 -0.1156 -0.1300 59.0936
336 496 -0.1241 -0.1428 243.7310
368 496 -0.0575 -0.1016 43.2150
400 496 -0.0631 -0.0166 35.5309
432 496 -0.0372 -0.0119 177.0231
464 496 -0.0711  0.0001 242.5065
496 496 -0.0268  0.0300 225.2741
528 496  0.0012  0.0234 190.0398
560 496  0.0089  0.0177 162.6506
592 496  0.0157  0.0199 30.1123
624 496  0.0279  0.0045 95.0697
656 496  0.0410  0.0225 133.6646
688 496  0.0372  0.0402 112.7977
720 496 -0.0114 -0.0403 54.0008
752 496  0.0360 -0.0131 74.0051
784 496  0.0461 -0.0010 118.2120
816 496 -0.0235 -0.0932 92.8968
848 496  0.0356 -0.0069 42.5316
880 496  0.0059 -0.0162 139.5900
912 496 -0.0114 -0.0042 97.8449
944 496 -0.0083  0.0202 213.3523
976 496 -0.0177  0.0624 54.9786
1008 496 -0.0373  0.0560 209.4531
1040 496 -0.0422  0.1148 27.2172
1072 496 -0.0787  0.1255 82.5929
1104 496 -0.1351  0.2015 91.4439
1136 496 -0.1033  0.2147 60.3101
1168 496 -0.1467  0.2124 92.8036
 16 528 -0.1796 -0.1432 87.0551
 48 528 -0.2682 -0.3223 39.1024
 80 528 -0.8543 -0.3801 76.7327
112 528 -0.1228 -0.1793 14.5656
144 528 -0.7737 -0.6122 186.9215
176 528 -0.5925 -0.5915 162.1049
208 528 -0.3114 -0.6334 173.8466
240 528 -0.3265 -0.5489 64.6644
272 528 -0.2684 -0.4891 134.6372
304 528 -0.1787 -0.3078 446.2352
336 528 -0.0698 -0.0533 61.1005
368 528 -0.0763 -0.1112 263.1039
400 528 -0.0772 -0.0299 282.5349
432 528 -0.0503 -0.0209 107.4951
464 528 -0.0531 -0.0056 165.8582
496 528 -0.0181  0.0276 44.3992
528 528 -0.0344  0.0379 208.8774
560 528  0.0504 -0.0136 158.0043
592 528  0.0331 -0.0239 122.1271
624 528  0.0229  0.0050 47.0751
656 528  0.0629  0.0149 138.6831
688 528  0.0553 -0.0278 121.4027
720 528  0.0740 -0.0462 138.6589
752 528  0.0065 -0.1234 185.3413
784 528  0.0596 -0.0950 121.3056
816 528  0.0478 -0.0970 83.5332
848 528  0.0201 -0.0727 122.9791
880 528 -0.0247 -0.0361 135.7435
912 528 -0.0097 -0.0057 157.3216
944 528 -0.0561  0.0297 71.4356
976 528 -0.0902  0.1061 183.4553
1008 528 -0.0553  0.0891 80.9406
1040 528 -0.1325  0.1711 81.6572
1072 528 -0.1579  0.1984 60.5021
1104 528 -0.1216  0.1930 52.9701
1136 528 -0.1021  0.0937 54.7236
1168 528 -0.1359  0.0807 114.3665
 16 560 -0.7696 -0.2511 78.6104
 48 560 -0.7371 -0.5936 28.8608
 80 560 -0.8048 -0.3727 126.2587
112 560 -0.4582 -0.5695 40.9460
144 560 -0.9091 -0.9057 98.6840
176 560 -0.1920 -0.2236 17.2390
208 560 -0.6479 -0.8937 164.8088
240 560 -0.7449 -0.6509 80.8832
272 560 -0.2962 -0.5923 67.8023
304 560 -0.3679 -0.3320 135.3498
336 560 -0.2529 -0.2764 285.3171
368 560 -0.1395 -0.1622 77.6151
400 560 -0.0735 -0.0586 17.8020
432 560 -0.1751 -0.0254 35.9361
464 560 -0.1101 -0.0123 214.3589
496 560 -0.0720 -0.0185 64.0277
528 560 -0.0875 -0.0407 195.5499
560 560 -0.0116 -0.0213 166.0826
592 560  0.0465 -0.0608 130.4304
624 560  0.0919 -0.0345 158.7583
656 560  0.0861 -0.0739 58.4843
688 560  0.0639 -0.0479 59.0116
720 560  0.0719 -0.0859 71.0582
752 560  0.0884 -0.3015 170.2686
784 560  0.0500 -0.1194 96.1256
816 560  0.0822 -0.1042 98.2031
848 560  0.0281 -0.0964 132.5289
880 560 -0.0176 -0.1092 94.6747
912 560 -0.0404  0.0132 81.4547
944 560 -0.0531  0.0510 92.4095
976 560 -0.0690  0.0837 88.6751
1008 560 -0.1317  0.1833 160.0086
1040 560 -0.1027  0.1855 76.5984
1072 560 -0.1266  0.1787 170.9075
1104 560 -0.0910  0.1242 86.5774
1136 560 -0.1145  0.2936 91.9197
1168 560 -0.1151  0.1774 92.2287
 16 592 -0.7970 -0.6784 20.8862
 48 592 -0.7222 -0.2139 26.3801
 80 592 -1.4420 -0.9644 191.5958
112 592 -1.3194 -0.4690 207.3163
144 592 -0.8260 -0.8144 122.8780
176 592 -0.9812 -0.8198 123.4291
208 592 -0.3719 -0.1192 71.9834
240 592 -0.5970 -0.9228 110.0828
272 592 -0.4128 -0.3681 78.5072
304 592 -0.1241 -0.1576 18.4987
336 592 -0.3601 -0.3522 77.6203
368 592 -0.3995 -0.2670 113.8026
400 592 -0.3339 -0.0783 165.2216
432 592 -0.2327 -0.1067 178.0792
464 592 -0.1809 -0.1040 192.0844
496 592 -0.2227 -0.0110 127.3718
528 592 -0.0423 -0.0302 145.8766
560 592 -0.0065 -0.0533 238.9151
592 592  0.0096 -0.0763 71.7889
624 592  0.1047 -0.0489 88.5652
656 592  0.0752 -0.0743 216.6590
688 592  0.1217 -0.1197 60.6424
720 592  0.1503 -0.1323 29.6411
752 592  0.0639 -0.1718 181.3594
784 592 -0.0000 -0.3618 111.0370
816 592  0.0410 -0.1625 167.6311
848 592  0.0234 -0.1680 62.0756
880 592  0.0009 -0.1251 136.4445
912 592 -0.0261 -0.0380 50.7347
944 592 -0.1109  0.1262 110.9957
976 592 -0.1700  0.1581 81.8386
1008 592 -0.1363  0.1384 88.2515
1040 592 -0.0835  0.1054 35.0145
1072 592 -0.1427  0.1299 99.9921
1104 592 -0.1427  0.0768 125.0165
1136 592 -0.1716  0.1526 116.1609
1168 592 -0.1225  0.1669 67.7307
 16 624 -0.4840 -0.2289 56.1710
 48 624 -0.2176 -0.0591 33.6771
 80 624 -0.1986 -0.1279 31.9896
112 624 -0.6911 -0.3373 156.6855
144 624 -0.9361 -0.9294 182.8223
176 624 -0.8895 -1.0916 126.7346
208 624 -0.7144 -0.9868 54.5180
240 624 -1.2766 -0.8345 20.4610
272 624 -1.1292 -0.8259 58.0647
304 624 -0.7294 -0.4140 152.3041
336 624 -0.5585 -0.5480 142.4505
368 624 -0.7835 -0.3985 110.4806
400 624 -0.5992 -0.0980 198.5925
432 624 -0.5157 -0.0889 224.2054
464 624 -0.4343 -0.0071 83.7475
496 624 -0.5166 -0.0370 146.1669
528 624 -0.3483 -0.2130 108.7079
560 624 -0.0230 -0.1866 83.4541
592 624  0.0299 -0.2564 99.9426
624 624  0.1406 -0.1950 48.2640
656 624  0.0898 -0.0839 18.9854
688 624  0.1080 -0.3126 171.9727
720 624  0.1607 -0.2583 45.8422
752 624 -0.0157 -0.5242 104.0397
784 624 -0.0075 -0.6940 136.7545
816 624 -0.1239 -0.6450 120.5398
848 624  0.0034 -0.4511 75.4803
880 624  0.0561 -0.4574 113.2845
912 624 -0.0472 -0.1656 128.3456
944 624 -0.0679 -0.0334 126.6524
976 624 -0.1562  0.0837 52.4999
1008 624 -0.2769  0.1742 142.9054
1040 624 -0.2725  0.1539 164.8624
1072 624 -0.2830  0.1395 176.7525
1104 624 -0.3522  0.1528 112.3526
1136 624 -0.1177  0.1295 79.5651
1168 624 -0.2012  0.0808 87.9737
 16 656 -0.0175 -0.0263 15.4279
 48 656 -0.5732 -0.2173 130.6343
 80 656 -0.4415 -0.3750 97.1014
112 656 -0.2356 -0.1784 22.2923
144 656 -0.9930 -0.8426 36.0635
176 656 -1.0628 -0.9573 126.6982
208 656 -1.1468 -0.8936 112.4366
240 656 -0.8163 -0.9137 191.4297
272 656 -0.8799 -0.7891 54.3809
304 656 -1.0387 -0.6974 39.3860
336 656 -1.0118 -0.4067 24.1361
368 656 -1.1443 -0.3458 264.3676
400 656 -0.9381 -0.2127 115.6165
432 656 -1.0120  0.0017 184.5808
464 656 -0.8066 -0.0456 64.6482
496 656 -0.9465 -0.2540 94.6182
528 656 -0.6079 -0.1239 283.4671
560 656 -0.2226 -0.2260 60.6861
592 656 -0.0428 -0.3513 58.0811
624 656  0.0957 -0.3603 71.6074
656 656  0.1195 -0.5329 134.3913
688 656  0.1224 -0.4490 31.7545
720 656  0.1318 -0.3698 59.4634
752 656 -0.1587 -0.6493 71.2880
784 656 -0.0282 -0.8639 86.5815
816 656 -0.0220 -1.0278 54.8715
848 656 -0.0127 -0.9233 63.7279
880 656 -0.0345 -0.6243 84.6841
912 656  0.0465 -0.3678 77.2397
944 656 -0.0333 -0.1607 55.0161
976 656 -0.3369  0.0065 148.1207
1008 656 -0.1477  0.1311 89.2619
1040 656 -0.2018  0.1499 116.6508
1072 656 -0.1529  0.1549 69.7130
1104 656 -0.0666  0.1675 143.0702
1136 656 -0.1987  0.2388 179.5079
1168 656 -0.2025  0.0849 130.7162
 16 688 -0.0886 -0.0326 25.0042
 48 688 -0.2518 -0.0902 189.1813
 80 688 -0.1975 -0.2899 210.4582
112 688 -0.1326 -0.0566 154.8693
144 688 -0.8964 -0.6799 53.1286
176 688 -0.9924 -0.7398 128.0477
208 688 -0.9207 -0.8302 317.0170
240 688 -1.0661 -1.4970 136.2712
272 688 -1.1291 -1.2512 115.5979
304 688 -0.8547 -0.3562 27.4054
336 688 -0.8320 -0.3149 27.7505
368 688 -0.9600 -0.2238 75.8012
400 688 -0.5714 -0.2073 163.9088
432 688 -0.8732 -0.3215 119.4290
464 688 -1.3822  0.0754 76.8406
496 688 -0.9868 -0.0596 50.5824
528 688 -0.6854 -0.2168 101.1655
560 688 -0.2571 -0.8274 143.3067
592 688 -0.0323 -0.5331 156.1403
624 688  0.0002 -0.3467 57.6008
656 688  0.0116 -0.6316 20.5779
688 688  0.0518 -0.9045 79.4409
720 688 -0.4675  0.2412 56.1604
752 688 -0.6095 -0.1141 17.9065
784 688 -0.1148 -1.0732 102.9556
816 688  0.2377 -1.1572 79.8318
848 688 -0.1363 -0.4720 28.2299
880 688 -0.1544 -0.8330 54.6208
912 688  0.1948 -0.7653 81.0389
944 688 -0.0105 -0.2493 102.4635
976 688 -0.0393 -0.1180 82.6596
1008 688 -0.2116  0.0458 116.6792
1040 688 -0.3330  0.1718 126.2127
1072 688 -0.3113  0.0264 147.0606
1104 688 -0.1812  0.0576 133.4734
1136 688 -0.2796  0.1493 136.3919
1168 688  0.0095  0.1327 108.6376
 16 720 -0.0768 -0.0211 38.0108
 48 720 -0.0881 -0.0544 29.1916
 80 720 -0.1755 -0.1053 315.6454
112 720 -0.2155 -0.2966 98.9054
144 720 -0.8025 -0.5334 217.5752
176 720 -0.5754 -0.9673 84.7810
208 720 -0.9265 -0.8889 207.3000
240 720 -1.0513 -0.9401 94.7864
272 720 -1.1780 -0.8393 44.6559
304 720 -1.8562 -0.7777 227.4236
336 720 -0.7950 -0.1301 63.5025
368 720 -0.8052  0.2091 49.4971
400 720 -0.2580  0.4080 168.9100
432 720 -0.7416  0.4487 25.5699
464 720 -0.7598 -0.2819 145.7958
496 720  0.2830 -1.4998 16.5327
528 720  0.4803 -0.2732  9.2444
560 720  0.0210 -0.6269 38.9858
592 720 -0.1038 -0.6800 69.0537
624 720 -1.5312  0.1222 14.5051
656 720 -0.2119  0.0976 31.0231
688 720 -0.0780  0.2591 15.1721
720 720 -0.2057  0.1860  6.1149
752 720 -0.4462  0.1113  9.7380
784 720 -0.1566  0.0768 13.8943
816 720  0.1086  0.2420 19.1268
848 720 -0.0233  0.0736  4.6497
880 720 -0.4809 -0.4190 11.1088
912 720  0.5815 -1.2023 63.3581
944 720  0.0154 -0.1623 63.9680
976 720 -0.0889 -0.0391 52.3227
1008 720 -0.0959  0.0218 58.2804
1040 720 -0.4723  0.0448 186.4941
1072 720 -0.4336  0.0359 99.6737
1104 720 -0.3196  0.1246 100.8039
1136 720 -0.3345  0.1579 74.3072
1168 720 -0.2263  0.0449 18.1905
 16 752 -0.0057 -0.0203 18.6651
 48 752 -0.0491 -0.1050 120.4968
 80 752 -0.1313 -0.0490 207.2194
112 752 -0.1596 -0.1372 180.7073
144 752 -0.1899 -0.1177 75.0406
176 752 -0.1222 -0.2496 133.8107
208 752 -0.4130 -0.3537 43.7410
240 752 -1.0057 -0.8243 112.4010
272 752 -0.8636 -0.9636 118.1812
304 752 -0.7211 -0.3567 37.3903
336 752 -0.6562 -0.1236 138.8961
368 752  0.0759  0.9182 112.5359
400 752  0.2043  0.8976 158.4387
432 752  1.4163  0.5839 84.6823
464 752  1.3217  0.0819 134.2215
496 752  0.2982 -0.2700 16.7368
528 752  2.0345  0.1642 11.1125
560 752  0.1113 -0.7644 29.1635
592 752 -0.0159 -0.6787 52.4833
624 752 -0.2197  0.1679 13.4400
656 752 -0.1823 -0.0704 11.2999
688 752 -0.4389  0.4528 11.5967
752 752 -0.0347  0.1588  5.3473
784 752 -0.1714 -0.0009  9.8668
816 752 -0.0812  0.1104  6.2548
848 752 -0.1648  0.0883  4.0595
880 752 -0.4372 -0.2882  9.2242
912 752  0.3869 -0.4141 27.3233
944 752  0.0099 -0.1389 53.8387
976 752 -0.2285 -0.0758 80.1510
1008 752 -0.2794 -0.0769 117.3605
1040 752 -0.3326 -0.0057 61.2424
1072 752 -0.3053  0.0107 51.1390
1104 752 -0.2728 -0.0245 107.4452
1136 752 -0.4159  0.0120 52.1307
1168 752 -0.4072  0.1709 51.8364
 16 784 -0.0027  0.0210 19.3769
 48 784  0.0069 -0.0159 167.0823
 80 784 -0.0155 -0.0808 112.8761
112 784 -0.0335 -0.0846 175.8929
144 784 -0.0645 -0.1542 32.5173
176 784 -0.5607 -0.8290 62.9372
208 784 -0.3138 -0.5037 221.9248
240 784 -0.8638 -0.7911 165.4311
272 784 -0.7557 -0.8366 197.1288
304 784 -0.0849 -0.2819 108.3979
336 784 -0.1862 -0.0479 152.8282
368 784  0.6264  0.5780 115.4276
400 784  1.5275  1.4269 63.1471
432 784  0.6276  0.3690 33.0812
464 784  0.5494  0.0592 27.4756
496 784  0.3088 -0.4572 11.1787
528 784  1.0888 -0.0663 15.3251
560 784  0.2049 -0.0613 32.8930
592 784 -0.0351  0.0514 15.7606
624 784 -0.0517 -0.0433 13.2467
656 784 -0.1776  0.2541  9.6285
688 784 -0.0976  0.1076 11.0753
720 784 -0.3003  0.2468  7.4237
752 784  0.1714  0.1278  8.8377
784 784 -0.3650  0.0901  8.1001
816 784 -0.1872  0.1477  5.7496
848 784 -0.0645  0.1965  4.8236
880 784 -0.2723 -0.1840 10.1193
912 784 -0.0207 -0.0502 18.7790
944 784 -0.4467 -0.0053  8.4316
976 784 -0.1751  0.0169 37.7501
1008 784 -0.4176 -0.1365 88.5733
1040 784 -0.2920 -0.0946 59.2224
1072 784 -0.4163 -0.0177 111.0694
1104 784 -0.3184 -0.0175 70.7798
1136 784 -0.2359 -0.0349 89.7864
1168 784 -0.4129 -0.0450 87.7211
 16 816  0.0261 -0.0269 31.4700
 48 816  0.0045 -0.0172 207.7528
 80 816  0.0518 -0.0478 66.4818
112 816  0.0384 -0.0660 128.5211
144 816  0.0154 -0.0478 143.7675
176 816 -0.0220 -0.1215 103.1521
208 816  0.0304 -0.2856 165.5573
240 816 -0.1106 -0.3960 75.4265
272 816 -0.0191 -0.6881 60.2140
304 816 -0.0692 -0.6828 125.7276
336 816  0.0138 -0.5202 102.1220
368 816 -0.4141 -0.5369 77.8490
400 816 -0.2944 -0.4261 144.0640
432 816  0.0039 -0.0867 15.3974
464 816  0.0686  0.0465 11.5717
496 816  0.0532 -0.0138 13.2986
528 816  0.6507 -0.0606  8.5254
560 816  0.1059  0.0220 83.6247
592 816  0.0158 -0.0713 161.7332
624 816 -0.0260  0.0314 19.7074
656 816 -0.0553  0.0377 10.8574
688 816 -0.1117  0.1809 10.1352
720 816 -0.1020  0.1496 16.3338
752 816 -0.0360  0.1701  9.0613
784 816 -0.0824  0.0515  8.3214
816 816 -0.0233  0.1653  8.8067
848 816 -0.2692  0.0534  6.6455
880 816 -0.1650 -0.0871  8.8320
912 816 -0.1239 -0.0287  4.3874
944 816 -0.0757  0.0658  4.2920
976 816 -0.0800  0.0224 13.4557
1008 816 -0.1624 -0.1970 45.9228
1040 816 -0.2198 -0.1971 26.5969
1072 816 -0.2261 -0.0476 79.6307
1104 816 -0.2699 -0.0222 92.8198
1136 816 -0.1899 -0.0238 54.6602
1168 816 -0.3397 -0.0737 79.8707
 16 848  0.0295 -0.0099 24.5698
 48 848  0.0884  0.1378 49.0285
 80 848  0.0794 -0.0150 78.4789
112 848  0.1152 -0.0281 46.3956
144 848  0.1413 -0.1108 142.1566
176 848  0.2442 -0.1086 46.7488
208 848  0.3394 -0.1711 53.2159
240 848  0.1450 -0.6967 193.1205
272 848  0.5958 -1.2795 35.3713
304 848  0.1892 -0.1949 16.2639
336 848  0.7324 -0.1494 22.3558
368 848  2.7372  0.1714 42.0029
400 848  3.1902  0.9700 15.7372
432 848 -0.0383  0.0233 11.3189
464 848  0.4075 -0.1076 10.4916
496 848 -0.0440 -0.0340 16.7152
528 848  0.1621  0.1008  6.7902
560 848  0.0446  0.2043 81.7332
592 848  0.0101  0.0960 137.4734
624 848 -0.0562  0.1333 55.6830
656 848 -0.0248  0.0458 36.2709
688 848 -0.0101  0.0140 13.9300
720 848 -0.0243  0.0349  9.5037
752 848 -0.1833  0.0809  8.8458
784 848  0.0225 -0.0269  9.9081
816 848 -0.1241  0.0665 11.9886
848 848 -0.2207  0.0082 11.4253
880 848 -0.1887  0.0110  8.5485
912 848 -0.0508  0.0242  4.1881
944 848 -0.0294  0.0314  4.5030
976 848 -0.0753 -0.0319 24.5064
1008 848  0.0125 -0.3928 69.6640
1040 848 -0.1103 -0.2915 35.5047
1072 848 -0.2706 -0.1356 190.6301
1104 848 -0.1905 -0.0146 113.7738
1136 848 -0.2722 -0.1925 236.1839
1168 848 -0.1699  0.0560 151.2523
 16 880  0.0185  0.0039 15.8827
 48 880  0.1180 -0.0142 27.8782
 80 880  0.0859 -0.0152 196.2528
112 880  0.0702  0.0019 71.1502
144 880  0.1705 -0.1770 185.6725
176 880  0.2543 -0.2145 351.0612
208 880  0.4688 -0.2411 194.2529
240 880  0.2424 -0.5207 60.9480
272 880  0.3729 -0.4610 174.7383
304 880  1.2905 -0.9360 68.2892
336 880  2.1317 -0.6597 36.4147
368 880  2.9336  0.0555 69.1349
400 880  3.6392  0.7382 31.8172
432 880  0.3455  0.0930 13.5318
464 880  0.0253  0.1067 21.4003
496 880 -0.1394 -0.1480  5.9525
528 880  0.0206  0.0277 14.7428
560 880  0.0054  0.1086 22.7152
592 880 -0.0170  0.2366 40.1161
624 880 -0.0290  0.0787 119.2020
656 880 -0.1686  0.0648 172.4642
688 880 -0.1169  0.1188 17.3851
720 880 -0.0230 -0.0093 17.2954
752 880  0.1019 -0.1183  9.3123
784 880 -0.0299  0.0355  8.4908
816 880 -0.0184  0.0108  7.3573
848 880 -0.1824 -0.2452  7.4341
880 880  0.0228  0.0783  6.1378
912 880 -0.0571  0.0714 11.3881
944 880 -0.0218  0.0003 36.7290
976 880  0.0585 -0.0777 22.9396
1008 880  0.1398 -0.4227 133.6760
1040 880 -0.0533 -0.2707 74.1151
1072 880  0.0176 -0.1285 72.8822
1104 880 -0.1427 -0.1984 126.7265
1136 880 -0.2161 -0.1178 148.1297
1168 880 -0.1678 -0.1038 100.5577
 16 912  0.4228  0.0022 61.6676
 48 912  0.0675 -0.0040 13.4694
 80 912  0.3289 -0.1235 98.7216
112 912  0.1943 -0.1245 168.6586
144 912  0.4478 -0.0940 44.6551
176 912  0.1568 -0.1225 213.2216
208 912  0.3077 -0.1519 51.1478
240 912  0.7645 -0.6469 64.9283
272 912  1.0504 -1.0088 28.5772
304 912  1.3361 -1.0480 80.3686
336 912  1.4723 -0.5267 38.4395
368 912  1.9941 -0.2213 16.1857
400 912  0.7468  0.4029 17.0903
432 912  0.0467  0.0474 17.8043
464 912 -0.0340 -0.0247  8.4474
528 912  0.0257 -0.0253  4.9228
560 912  0.0388 -0.0325 13.0139
592 912 -0.0310  0.0509 22.7029
624 912 -0.0572  0.0940 39.0642
656 912 -0.0553  0.2330 92.3033
688 912 -0.1210  0.1839 74.1582
720 912 -0.0745 -0.0346 10.9433
752 912  0.3015 -0.0079  6.5365
784 912 -0.0818 -0.0161  9.6164
816 912 -0.2962 -0.1246  6.5378
880 912  0.0992 -0.0341  7.4313
912 912 -0.0286 -0.0117  8.6210
944 912 -0.0682 -0.0403  8.5842
976 912 -0.0409  0.0269 10.7928
1008 912  0.0533  0.1695 36.2423
1040 912 -0.0626 -0.0137 76.2678
1072 912 -0.1012 -0.1835 189.2464
1104 912 -0.2111 -0.1871 170.8262
1136 912 -0.2638 -0.2033 85.8006
1168 912 -0.3162 -0.1037 87.8426
 16 944  0.0296 -0.0036 22.1837
 48 944  0.0483  0.0839 28.4941
 80 944  0.0805 -0.0408 257.6079
112 944  0.3055 -0.0675 165.4301
144 944  0.1991 -0.1056 218.0020
176 944  0.3629 -0.1668 203.8042
208 944  0.3210 -0.5226 209.3822
240 944  1.1845 -0.9249 80.1281
272 944  0.6621 -1.1132 44.6068
304 944  0.4443 -1.1570 154.9937
336 944  0.3456 -1.2113 25.4773
368 944  0.1207 -0.0071 23.9955
400 944  0.0406  0.1642 10.7202
432 944  0.0107 -0.0321 16.1126
464 944 -0.0783  0.0531  5.5417
496 944 -0.0167  0.0283  7.8111
528 944  0.2442 -0.0701  4.5919
592 944  0.0232 -0.0161  6.1879
624 944  0.0518 -0.0470 21.5981
656 944 -0.0583  0.0688 32.3798
688 944 -0.1664  0.2394 77.7332
720 944 -0.1094 -0.0515  6.7152
752 944  0.0894 -0.0483  5.3584
784 944 -0.0038 -0.1166  4.6370
816 944  0.0382 -0.2548  5.5314
848 944 -0.0254  0.0818  8.2005
880 944  0.0967  0.0338  8.1186
912 944 -0.0129  0.0004  9.3801
944 944 -0.0775  0.0521 11.1004
976 944 -0.0964  0.1258  6.0711
1008 944 -0.0062  0.2854  5.7586
1040 944 -0.1369  0.3838 24.4791
1072 944  0.0187 -0.0807 65.6391
1104 944 -0.0419 -0.1600 45.2611
1136 944 -0.2283 -0.2025 56.4397
1168 944 -0.1130 -0.0707 181.1709
 16 976  0.0064  0.0031 20.2673
 48 976  0.1304 -0.0559 43.2520
 80 976  0.1654 -0.0703 72.6464
112 976  0.1498 -0.0972 295.6437
144 976  0.1485 -0.0658 270.8297
176 976  0.0898 -0.3237 137.1852
208 976  0.4203 -0.2429 57.8903
240 976  0.1167 -0.3750 23.4326
272 976  0.2844 -0.6667 47.8663
304 976  0.1759 -0.6827 20.3308
336 976 -0.0708 -0.1394 49.7477
368 976 -0.0710  0.1306 18.8443
400 976  0.0329  0.1019 11.7302
432 976  0.0787  0.2372  5.6380
464 976  0.0243  0.0247 21.9486
496 976  0.0659 -0.0736 27.2011
528 976 -0.0324  0.0181 32.2912
560 976 -0.0589  0.0508  6.9744
592 976 -0.0688 -0.1010  8.0941
624 976  0.0663 -0.0603  7.4635
656 976  0.0349 -0.1162  8.4136
688 976  0.0160 -0.0427 10.6680
720 976 -0.0436 -0.0345  4.5578
784 976 -0.0066 -0.0061  4.3258
816 976  0.0058  0.0033 13.3247
848 976  0.0038  0.0049 20.0420
880 976 -0.0202  0.0679  8.2703
912 976 -0.0158  0.0270 10.3595
944 976 -0.0193  0.0288  7.9135
976 976 -0.1607  0.1309 11.8031
1008 976 -0.3043  0.2933 12.5190
1040 976 -0.2368  0.7354 13.3845
1072 976  0.0238 -0.0368 57.8364
1104 976 -0.0527 -0.1139 254.7517
1136 976 -0.0701 -0.1073 125.5791
1168 976 -0.1769 -0.1615 84.7305
 16 1008  0.2066 -0.0241 84.5653
 48 1008  0.2289 -0.0588 38.1905
 80 1008  0.1532 -0.0745 37.4011
112 1008  0.0695 -0.0438 116.0860
144 1008  0.1558 -0.1811 229.9525
176 1008  0.1862 -0.3482 143.8524
208 1008  0.1820 -0.1953 143.2058
240 1008  0.1516 -0.3973 52.2383
272 1008  0.0987 -1.0888 50.3707
304 1008 -0.0324 -0.8992 40.9204
336 1008  0.0279  0.2431 13.0959
368 1008  0.1468  1.1861 10.3259
400 1008  0.2359  0.3355  7.3636
432 1008  0.1017  0.1032 30.2680
464 1008  0.1590  0.0219 35.2113
496 1008  0.0296  0.0022 25.9893
528 1008  0.0344 -0.0283 15.6576
560 1008 -0.0063  0.0159  7.5581
592 1008 -0.1220  0.1034  8.8105
624 1008 -0.0221  0.1678  5.2338
752 1008 -0.0014  0.0939  4.0797
784 1008 -0.0063  0.0056  6.2718
816 1008  0.0174  0.0291 24.8760
848 1008 -0.1460 -0.0031 65.7437
880 1008  0.0034  0.0018 14.5985
912 1008 -0.0501  0.0282 10.5007
944 1008 -0.0108  0.0193 14.4139
976 1008 -0.0496  0.1298  8.1732
1008 1008 -0.0297  0.0364 12.2935
1040 1008  0.0043  0.0151 38.7176
1072 1008  0.0057  0.0152 68.8830
1104 1008 -0.0405 -0.0443 174.7742
1136 1008 -0.0953 -0.1353 29.8462
1168 1008 -0.0847 -0.0835 82.3852
 16 1040 -0.0015  0.0114 56.9356
 48 1040  0.0362 -0.0186 232.7131
 80 1040  0.2338 -0.0359 216.3679
112 1040  0.1525 -0.0814 133.8234
144 1040  0.0588 -0.1127 79.4590
176 1040  0.1518 -0.1479 176.4555
208 1040  0.0128 -0.2232 123.4504
240 1040  0.0606 -0.3075 22.2480
272 1040  0.0198 -0.2929 146.5232
304 1040 -0.4895 -1.1085 87.1235
336 1040  0.0391  0.1774 46.1127
368 1040  0.2965  0.2010 40.6471
400 1040 -0.0215  0.0610 39.3454
432 1040  0.0484  0.0528 33.5952
464 1040  0.2422 -0.0047 64.6377
496 1040  0.0804 -0.0372 78.5013
528 1040  0.0366 -0.0675 18.6277
560 1040 -0.0466  0.0204 10.0738
592 1040  0.0120  0.0178 18.4157
624 1040 -0.0229  0.0284 14.8190
656 1040 -0.1991  0.1335  8.2382
752 1040  0.0242  0.0011  5.6138
784 1040  0.0133  0.0350 16.2965
816 1040  0.0000  0.0287 28.6392
848 1040 -0.0399  0.0030 20.9612
880 1040 -0.0203 -0.0131 12.4709
912 1040 -0.0415  0.0088 19.1933
944 1040 -0.0388  0.0161 21.4904
976 1040 -0.0143  0.0229 54.9221
1008 1040 -0.0799  0.0387 13.9791
1040 1040 -0.0199  0.0107 45.8000
1072 1040 -0.0299 -0.0241 68.0452
1104 1040 -0.0686 -0.0128 54.2383
1136 1040 -0.0594 -0.0715 30.1136
1168 1040 -0.1437 -0.1015 64.0728
 16 1072  0.1076 -0.0333 65.2079
 48 1072  0.1189 -0.0044 87.2974
 80 1072  0.1668 -0.0315 241.8138
112 1072  0.0819 -0.0426 44.1030
144 1072  0.1358 -0.0718 184.0926
176 1072  0.0519 -0.2751 73.5681
208 1072  0.0437 -0.0729 22.1329
240 1072  0.0458 -0.0459 56.8256
272 1072  0.0446 -0.2926 66.3424
304 1072 -0.0337 -0.1144 66.9014
336 1072 -0.0744 -0.1860 171.8971
368 1072 -0.1392 -0.0735 157.9248
400 1072  0.0172  0.0033 65.5610
432 1072  0.0451  0.0482 242.8917
464 1072  0.1061 -0.0179 45.0290
496 1072  0.0180 -0.0284 34.2491
528 1072  0.1186 -0.1716 40.4470
560 1072 -0.0250 -0.0010 14.6032
592 1072 -0.0486 -0.0226  8.4925
624 1072 -0.0604  0.0636 11.6861
656 1072 -0.0333  0.0304 25.1241
688 1072 -0.0181  0.0198  4.2693
752 1072 -0.0040  0.0081  4.2446
784 1072  0.0259 -0.0368  7.2574
816 1072  0.0140 -0.0501 12.3553
848 1072  0.0002 -0.0150 34.4683
880 1072 -0.0139  0.0157 20.5032
912 1072 -0.0561  0.0143 16.9798
944 1072  0.0037  0.0052 77.5536
976 1072  0.0437  0.0744 50.6190
1008 1072  0.0039  0.0241 36.7214
1040 1072  0.0061  0.0013 156.6407
1072 1072  0.0041 -0.0103 17.4601
1104 1072 -0.0954 -0.0202 199.8658
1136 1072 -0.0296  0.0062 24.0174
1168 1072 -0.0734 -0.1019 58.6624
 16 1104  0.0808 -0.0440 35.6402
 48 1104  0.0145  0.0123 50.6549
 80 1104  0.0226 -0.0689 41.5791
112 1104  0.2632 -0.0979 43.9397
144 1104  0.0273 -0.0585 127.5003
176 1104  0.0216 -0.1625 68.5424
208 1104  0.0487 -0.0777 85.1623
240 1104  0.0314 -0.2395 225.5801
272 1104  0.0263 -0.2255 77.9207
304 1104 -0.0099 -0.1906 106.6285
336 1104  0.0241 -0.0870 262.7540
368 1104  0.0022 -0.0585 126.1184
400 1104  0.0746 -0.0269 131.0270
432 1104  0.0825 -0.0164 71.5338
464 1104  0.0553 -0.0666 51.6851
496 1104  0.0173 -0.0565 16.7217
528 1104 -0.0297 -0.0120 19.2577
560 1104  0.0096 -0.0120 13.1269
592 1104 -0.0147 -0.0061 17.7695
624 1104  0.0415 -0.0117 14.1298
656 1104  0.0457  0.0276 21.6288
688 1104 -0.0986  0.1104  6.9798
720 1104 -0.0183  0.1014  4.2688
848 1104 -0.0015 -0.0132  5.4237
880 1104  0.0248 -0.0347  8.0585
912 1104  0.0123 -0.0574 12.5275
944 1104  0.0120 -0.0286 15.6796
976 1104 -0.0180 -0.0502  9.6757
1008 1104 -0.0233 -0.0149 20.9629
1040 1104  0.0040 -0.0354 28.0485
1072 1104  0.0024  0.0166 17.2920
1104 1104 -0.0232 -0.0061 19.7191
1136 1104 -0.0515 -0.0132 18.9837
1168 1104 -0.0515  0.0003 30.1347
 16 1136  0.0211  0.0207 16.8251
 48 1136  0.0198 -0.0462 125.6961
 80 1136  0.0927 -0.0514 43.5039
112 1136  0.0345 -0.0574 58.1713
144 1136  0.1150 -0.0628 57.0889
176 1136  0.1475 -0.1164 169.7634
208 1136  0.0381 -0.1862 93.3482
240 1136  0.0324 -0.0993 357.7912
272 1136  0.0391 -0.1560 76.5290
304 1136  0.0145 -0.0925 236.8647
336 1136  0.0019 -0.1076 93.7771
368 1136  0.0135 -0.0923 148.2408
400 1136  0.0201 -0.0379 129.0619
432 1136  0.0898 -0.0495 49.0581
464 1136  0.0483 -0.0472 19.6744
496 1136  0.0910 -0.0385 32.0520
528 1136  0.0181  0.0016 15.8672
560 1136  0.0135 -0.0113 16.8704
592 1136  0.0208  0.0184 11.5669
624 1136 -0.0142 -0.0032 28.8133
656 1136  0.0901 -0.0276 36.0338
688 1136 -0.0115  0.0124 15.1924
720 1136 -0.0005  0.0558 12.1443
752 1136 -0.0641  0.0905  7.4731
784 1136  0.0819  0.1132  6.5573
816 1136  0.0297  0.1594 10.2655
848 1136 -0.1298  0.1710  9.0091
880 1136 -0.0831  0.2407  4.3161
944 1136  0.0438  0.0038  4.1625
976 1136  0.0178 -0.0424  4.3454
1008 1136 -0.0376 -0.0390  5.1131
1040 1136  0.0117 -0.0410  4.7587
1072 1136 -0.0098 -0.1072  5.3766
1104 1136  0.0543 -0.0255  8.0355
1136 1136 -0.0081 -0.0173  9.5834
1168 1136 -0.0111  0.0176 18.2213
 16 1168  0.0243  0.0006 16.9324
 48 1168  0.0129 -0.0205 23.8142
 80 1168  0.0311 -0.0376 105.9950
112 1168  0.0417 -0.0482 118.0487
144 1168  0.0465 -0.0468 131.9095
176 1168  0.0397 -0.0944 149.9925
208 1168  0.0262 -0.2187 314.0567
240 1168  0.0785 -0.1142 57.7955
272 1168  0.0138 -0.0665 184.8229
304 1168  0.0032 -0.0769 52.8546
336 1168  0.0719 -0.1007 102.6905
368 1168  0.0303 -0.0949 138.0395
400 1168  0.1330 -0.0380 134.3035
432 1168  0.1659 -0.0448 42.4080
464 1168  0.1003 -0.1201 227.1411
496 1168  0.0191 -0.0084 18.8512
528 1168  0.0342 -0.0228 15.4805
560 1168 -0.0056 -0.0359 15.3357
592 1168  0.0174 -0.0001 14.5553
624 1168  0.0029  0.0190 12.1991
656 1168 -0.0055  0.0128 13.9482
688 1168  0.0111  0.0064 18.7300
720 1168  0.0015  0.0087 12.3799
752 1168 -0.0038  0.0075 15.5055
784 1168  0.0059  0.0139 12.3599
816 1168  0.0431  0.0007 13.0179
848 1168 -0.0083 -0.0239 13.8777
880 1168 -0.0508  0.0307 13.2822
912 1168 -0.1231  0.1336 10.1174
944 1168 -0.0702  0.3060  5.3517
976 1168 -0.0525  0.3331  4.1839
1104 1168  0.0138 -0.0164  4.1668
1136 1168  0.0487 -0.0713  4.5366
1168 1168 -0.0159 -0.0140  4.6540
 16 1200 -0.0020 -0.0602 31.8226
 48 1200  0.0161 -0.0024 20.1602
 80 1200  0.0140 -0.0272 13.8160
112 1200  0.0216 -0.0181 32.0557
144 1200  0.0917 -0.1074 131.5551
176 1200  0.0523 -0.0750 40.4092
208 1200 -0.0037 -0.0682 70.6249
240 1200  0.0160 -0.1560 269.9158
272 1200  0.0155 -0.1562 66.2532
304 1200  0.0208 -0.0227 86.0649
336 1200  0.0767 -0.0761 139.1268
368 1200  0.0505 -0.1598 150.9132
400 1200  0.0662 -0.0911 257.6250
432 1200  0.1018 -0.0481 29.9981
464 1200  0.0552 -0.1724 72.1793
496 1200 -0.0016 -0.0323 20.7662
528 1200 -0.0079  0.0135 18.1160
560 1200 -0.0009  0.0250 13.2941
592 1200  0.0306 -0.0421 17.2338
624 1200  0.0080  0.0102 47.1722
656 1200 -0.0013  0.0232 42.6134
688 1200  0.0005 -0.0102 10.6999
720 1200  0.0207 -0.0241 17.2577
752 1200  0.0076  0.0097 15.9098
784 1200 -0.0438 -0.0367 10.8265
816 1200  0.0061  0.0200 12.0152
848 1200 -0.0315  0.0224 11.5946
880 1200  0.0133  0.0098 12.2626
912 1200 -0.0031  0.0338 13.6875
944 1200 -0.0078  0.0113 14.0982
976 1200 -0.0102  0.0313 14.5206
1008 1200 -0.0620  0.0939 10.9442
1040 1200 -0.0621  0.2078  7.1989
1072 1200 -0.0490  0.2487  5.7501
1104 1200 -0.0328  0.2756  4.7786
1136 1200 -0.0462  0.3073  4.2884
1168 1200  0.0000  0.2969  4.2400
 16 1232  0.0164 -0.0161 18.0560
 48 1232  0.0080 -0.0184 37.5027
 80 1232  0.0541 -0.0359 190.6740
112 1232  0.0015 -0.0276 157.5112
144 1232  0.0416 -0.0486 61.7050
176 1232  0.1303 -0.0678 185.4504
208 1232  0.0345 -0.0556 36.5953
240 1232  0.0185 -0.0413 45.6879
272 1232  0.0277 -0.0310 152.2289
304 1232  0.1002 -0.0707 41.9678
336 1232  0.0632 -0.0421 223.4207
368 1232  0.1783 -0.0606 184.5137
400 1232  0.0278 -0.0623 146.3927
432 1232  0.0103 -0.0391 251.5526
464 1232  0.0058 -0.0604 22.8683
496 1232  0.0037 -0.0076 23.5701
528 1232  0.0233  0.0335 10.4455
560 1232  0.0292  0.0050 15.8640
592 1232 -0.0019 -0.0162 17.6759
624 1232  0.0064  0.0267 13.2304
656 1232  0.0316 -0.0125 14.0392
688 1232 -0.0131  0.0407 10.0225
720 1232 -0.0234 -0.0196 12.0658
752 1232 -0.0356 -0.0115 18.5244
784 1232 -0.0525 -0.0292 13.6156
816 1232 -0.0164  0.0112 22.6115
848 1232 -0.0034 -0.0293 10.9243
880 1232 -0.0120  0.0291 14.0362
912 1232  0.0312  0.0064 13.3830
944 1232  0.0140  0.0073 12.9838
976 1232  0.0222  0.0251 11.4535
1008 1232 -0.0073  0.0012 13.6159
1040 1232 -0.0315 -0.0321 13.6279
1072 1232 -0.0083  0.0139 11.8739
1104 1232 -0.0002 -0.0038 12.7325
1136 1232 -0.0403  0.0062 11.4525
1168 1232  0.0555 -0.0090 12.7510
 16 1264 -0.0063 -0.0023 19.9270
 48 1264  0.0319  0.0444 81.4509
 80 1264  0.0148 -0.0217 212.9753
112 1264  0.0767 -0.0198 157.2255
144 1264  0.0319 -0.1020 262.0581
176 1264  0.0163 -0.0429 68.3146
208 1264  0.0490 -0.0553 64.6796
240 1264  0.0161 -0.0463 109.0026
272 1264  0.0113 -0.1095 89.0362
304 1264  0.0227 -0.0629 56.8585
336 1264  0.0782 -0.1461 196.8569
368 1264  0.0257 -0.0557 268.0285
400 1264  0.0827 -0.0591 101.2902
432 1264  0.2508 -0.0453 276.3452
464 1264  0.0071 -0.0176 21.4389
496 1264  0.0244  0.0024 11.8350
528 1264 -0.0385  0.0053 15.5916
560 1264 -0.0131 -0.0045 10.9206
592 1264 -0.0054  0.0011 13.5052
624 1264 -0.0147  0.0140 18.4449
656 1264 -0.0013  0.0179 17.3812
688 1264 -0.0215  0.0197 12.1458
720 1264  0.0543  0.0279 13.1885
752 1264  0.0211 -0.0285 25.4026
784 1264 -0.0207 -0.0205 11.2697
816 1264  0.0233 -0.0493 16.0067
848 1264  0.0208  0.0241 10.6402
880 1264  0.0262 -0.0119  8.8272
912 1264  0.0087  0.0232 10.9401
944 1264 -0.0372  0.0232 13.3484
976 1264 -0.0243 -0.0535 10.8743
1008 1264  0.0578 -0.0104 10.4281
1040 1264  0.0154 -0.0137 10.9593
1072 1264  0.0026 -0.0091 10.4872
1104 1264 -0.0229  0.0320 10.6152
1136 1264  0.0031 -0.0542  9.6750
1168 1264 -0.0274  0.0297 12.6846
 16 1296  0.0134 -0.0310 24.5271
 48 1296  0.0078 -0.0079 37.8142
 80 1296 -0.0197 -0.0318 35.8125
112 1296  0.0195 -0.0253 17.5626
144 1296  0.0190 -0.0571 24.9732
176 1296  0.1057 -0.0319 59.7054
208 1296  0.0695 -0.1114 209.5426
240 1296  0.0070 -0.0885 59.3742
272 1296 -0.0254 -0.1249 22.1076
304 1296  0.0308 -0.0660 77.8814
336 1296  0.0237 -0.0664 83.8186
368 1296  0.1604 -0.0507 70.3998
400 1296  0.0309 -0.0305 177.0539
432 1296  0.0907 -0.0213 50.7488
464 1296  0.0121 -0.0223 41.4016
496 1296  0.0171 -0.0199 20.9907
528 1296 -0.0044  0.0045 10.9407
560 1296  0.0214 -0.0115 19.9046
592 1296  0.0185 -0.0427 16.2834
624 1296  0.0035  0.0024 11.0123
656 1296 -0.0173  0.0000 13.7923
688 1296 -0.0206  0.0071 13.3218
720 1296 -0.0150  0.0147 12.7209
752 1296  0.0036  0.0166 16.3994
784 1296 -0.0174 -0.0083 11.0039
816 1296 -0.0226 -0.0377  8.5117
848 1296  0.0602 -0.0067 11.7895
880 1296 -0.0118 -0.0115 11.5968
912 1296 -0.0139 -0.0156 12.1524
944 1296 -0.0242 -0.0353 11.7959
976 1296  0.0490 -0.0350 11.0736
1008 1296  0.0337  0.0216  9.8370
1040 1296 -0.0757 -0.0282  8.4174
1072 1296  0.0031 -0.0382  9.7307
1104 1296  0.0414 -0.0076 10.5396
1136 1296 -0.0106  0.0057 10.0236
1168 1296 -0.0119 -0.0057 10.2164
  0   0 -0.0206 -0.0022  0.0000
  0   0 -0.0331  0.0128  0.0000
  0   0 -0.0217 -0.0158  0.0000
  0   0 -0.0265  0.0183  0.0000
  0   0 -0.0002 -0.0110  0.0000
  0   0 -0.0079 -0.0285  0.0000
  0   0 -0.0074 -0.0608  0.0000
  0   0  0.0193 -0.0782  0.0000
  0   0  0.0444 -0.1078  0.0000
  0   0  0.0911 -0.1185  0.0000
  0   0  0.0710 -0.1578  0.0000
  0   0  0.0230 -0.1504  0.0000
  0   0  0.0051 -0.1450  0.0000
  0   0  0.0403 -0.0997  0.0000
  0   0  0.0659 -0.0692  0.0000
  0   0  0.1336 -0.0332  0.0000
  0   0  0.0799  0.0052  0.0000
  0   0  0.0725  0.0281  0.0000
  0   0  0.0093  0.0402  0.0000
  0   0 -0.0203  0.0396  0.0000
  0   0 -0.0520  0.0423  0.0000
  0   0 -0.0540  0.0214  0.0000
  0   0 -0.0383 -0.0049  0.0000
  0   0 -0.0345  0.0060  0.0000
  0   0 -0.0343  0.0053  0.0000
  0   0 -0.0306  0.0074  0.0000
  0   0 -0.0210  0.0073  0.0000
  0   0 -0.0081 -0.0012  0.0000
  0   0 -0.0144 -0.0246  0.0000
  0   0 -0.0098 -0.0445  0.0000
  0   0  0.0220 -0.0320  0.0000
  0   0 -0.0081 -0.0273  0.0000
  0   0 -0.0152 -0.0299  0.0000
  0   0 -0.0156 -0.0401  0.0000
  0   0  0.0195 -0.0407  0.0000
  0   0  0.0077 -0.0158  0.0000
  0   0 -0.0414 -0.0374  0.0000
  0   0 -0.0046 -0.0392  0.0000
  0   0  0.0146 -0.0125  0.0000
  0   0 -0.0181  0.0021  0.0000
  0   0 -0.0302  0.0025  0.0000
  0   0 -0.0399  0.0071  0.0000
  0   0 -0.0477  0.0151  0.0000
  0   0 -0.0450  0.0122  0.0000
  0   0 -0.0427  0.0265  0.0000
  0   0 -0.0276  0.0205  0.0000
  0   0 -0.0263 -0.0560  0.0000
  0   0 -0.0040 -0.0991  0.0000
  0   0  0.0261 -0.1355  0.0000
  0   0  0.0555 -0.1710  0.0000
  0   0  0.0809 -0.1957  0.0000
  0   0  0.0731 -0.2160  0.0000
  0   0  0.0497 -0.2076  0.0000
  0   0  0.0439 -0.1805  0.0000
  0   0  0.0669 -0.1288  0.0000
  0   0  0.0947 -0.0730  0.0000
  0   0  0.1231 -0.0145  0.0000
  0   0  0.0970  0.0397  0.0000
  0   0  0.0610  0.0776  0.0000
  0   0 -0.0005  0.0973  0.0000
  0   0 -0.0526  0.0980  0.0000
  0   0 -0.0932  0.0871  0.0000
  0   0 -0.1070  0.0614  0.0000
  0   0 -0.0968  0.0337  0.0000
  0   0 -0.0813  0.0216  0.0000
  0   0 -0.0647  0.0117  0.0000
  0   0 -0.0477  0.0043  0.0000
  0   0 -0.0309 -0.0045  0.0000
  0   0 -0.0169 -0.0187  0.0000
  0   0 -0.0124 -0.0383  0.0000
  0   0 -0.0066 -0.0527  0.0000
  0   0  0.0030 -0.0513  0.0000
  0   0 -0.0082 -0.0483  0.0000
  0   0 -0.0141 -0.0488  0.0000
  0   0 -0.0130 -0.0525  0.0000
  0   0 -0.0007 -0.0519  0.0000
  0   0 -0.0063 -0.0430  0.0000
  0   0 -0.0232 -0.0464  0.0000
  0   0 -0.0127 -0.0402  0.0000
  0   0 -0.0092 -0.0201  0.0000
  0   0 -0.0283 -0.0033  0.0000
  0   0 -0.0445  0.0068  0.0000
  0   0 -0.0576  0.0162  0.0000
  0   0 -0.0666  0.0262  0.0000
  0   0 -0.0693  0.0342  0.0000
  0   0 -0.0683  0.0465  0.0000
  0   0 -0.0615  0.0536  0.0000
  0   0 -0.0437 -0.0868  0.0000
  0   0 -0.0035 -0.1439  0.0000
  0   0  0.0358 -0.1976  0.0000
  0   0  0.0681 -0.2452  0.0000
  0   0  0.0857 -0.2796  0.0000
  0   0  0.0829 -0.2939  0.0000
  0   0  0.0722 -0.2785  0.0000
  0   0  0.0742 -0.2332  0.0000
  0   0  0.0963 -0.1626  0.0000
  0   0  0.1251 -0.0785  0.0000
  0   0  0.1398  0.0080  0.0000
  0   0  0.1175  0.0847  0.0000
  0   0  0.0623  0.1397  0.0000
  0   0 -0.0150  0.1668  0.0000
  0   0 -0.0911  0.1657  0.0000
  0   0 -0.1474  0.1426  0.0000
  0   0 -0.1708  0.1057  0.0000
  0   0 -0.1617  0.0674  0.0000
  0   0 -0.1337  0.0380  0.0000
  0   0 -0.0994  0.0169  0.0000
  0   0 -0.0666  0.0006  0.0000
  0   0 -0.0394 -0.0159  0.0000
  0   0 -0.0201 -0.0351  0.0000
  0   0 -0.0095 -0.0546  0.0000
  0   0 -0.0045 -0.0680  0.0000
  0   0 -0.0041 -0.0715  0.0000
  0   0 -0.0100 -0.0699  0.0000
  0   0 -0.0150 -0.0684  0.0000
  0   0 -0.0153 -0.0687  0.0000
  0   0 -0.0123 -0.0682  0.0000
  0   0 -0.0134 -0.0648  0.0000
  0   0 -0.0172 -0.0599  0.0000
  0   0 -0.0174 -0.0476  0.0000
  0   0 -0.0231 -0.0275  0.0000
  0   0 -0.0396 -0.0067  0.0000
  0   0 -0.0595  0.0106  0.0000
  0   0 -0.0772  0.0254  0.0000
  0   0 -0.0898  0.0395  0.0000
  0   0 -0.0966  0.0542  0.0000
  0   0 -0.0988  0.0704  0.0000
  0   0 -0.0982  0.0866  0.0000
