VARIABLES= "X pix", "Y pix", "U pix/dt", "V pix/dt", "CHC", ZONE I=37, J=41
304  16 -0.1327 -0.0707 59.5809
336  16 -0.1503 -0.0946 18.9118
368  16 -0.0722 -0.0964 24.6753
400  16 -0.0706 -0.1141 88.5845
496  16 -0.0626 -0.0919 89.0435
528  16 -0.0328 -0.0770 39.0095
560  16 -0.0152 -0.0473 40.9600
592  16 -0.0070 -0.0256 50.5679
624  16  0.0037 -0.0061 54.6133
656  16  0.0245 -0.0062 46.5454
688  16  0.0426  0.0136 273.0666
304  48  0.0197  0.0260 52.5128
336  48 -0.0187  0.0374 29.4676
368  48 -0.0763  0.0395 110.7027
496  48 -0.0979  0.0507 71.8596
528  48 -0.1244  0.0336 27.3067
560  48 -0.0064  0.0061 36.2449
592  48  0.3879  0.0678 369.0088
688  48  0.2226  0.1014 227.5554
720  48 -0.0563  0.1308 29.2571
752  48 -0.2269  0.1219 35.0085
784  48  0.0123 -0.0263 31.5536
816  48  1.1372 -0.5000 148.4057
304  80  0.8572 -0.3881 49.3494
336  80  0.3963 -0.1787 30.7970
368  80  0.1110 -0.0582 50.5679
400  80  0.0082 -0.0255 47.0804
432  80 -0.0103 -0.0042 43.5745
464  80 -0.0214  0.0257 4095.9939
496  80  0.0260  0.0515 71.8596
528  80  0.0477  0.0663 28.4444
560  80  0.0000  0.0075 41.2821
592  80  0.0101 -0.0093 53.1668
688  80  0.0168 -0.0235 341.3332
720  80 -0.0179 -0.1470 80.3137
752  80 -0.0227 -0.1093 75.8518
784  80  0.0000 -0.0215 70.1670
816  80 -0.0023 -0.0527 147.3381
 16 144 -0.0453 -0.0946 48.7623
 48 144 -0.0383 -0.0557 29.9775
 80 144 -0.0221 -0.0907 73.6831
112 144 -0.0583 -0.0546 58.7542
144 144 -0.1290 -0.0669 213.7098
176 144 -0.0094 -0.0417 112.5236
208 144 -0.0518 -0.0690 132.7912
240 144 -0.0477 -0.0260 193.5135
272 144 -0.0104 -0.0268 78.6090
304 144 -0.0063 -0.0054 189.3073
336 144 -0.0062 -0.0012 104.4295
368 144 -0.0017  0.0228 129.0121
400 144  0.0061  0.0097 258.5940
432 144  0.0273  0.0267 154.3770
464 144  0.0052  0.0264 184.0894
496 144  0.0066  0.0267 101.2310
528 144 -0.0245  0.0096 227.8574
560 144  0.0112  0.0402 84.2827
592 144 -0.0245  0.0480 216.7709
624 144  0.0264  0.0410 155.4875
656 144 -0.0215  0.0154 84.0702
688 144 -0.0025  0.0054 106.2448
720 144  0.0086  0.0059 124.5223
752 144  0.0016 -0.0055 119.9959
784 144  0.0154 -0.0260 91.7243
816 144 -0.0097  0.0166 183.6541
848 144  0.0049 -0.0198 149.0133
880 144  0.0157 -0.0033 177.1188
912 144  0.0127 -0.0106 144.1589
944 144  0.0162 -0.0236 142.6819
976 144  0.0214 -0.0068 76.6510
1008 144 -0.0305  0.0156 58.9773
1040 144  0.0127  0.0099 24.9806
1072 144  0.0128  0.0068 82.3548
1104 144 -0.0734  0.0597 41.2737
1136 144 -0.0090  0.0294 101.2327
1168 144  0.0006  0.0374 81.1325
 16 176 -0.0555 -0.1712 135.6535
 48 176 -0.0847 -0.1249 83.8475
 80 176 -0.0977 -0.0900 62.4334
112 176 -0.0530 -0.0612 287.9835
144 176 -0.1810 -0.0372 311.7061
176 176 -0.0223 -0.0612 202.3436
208 176 -0.0825 -0.0766 146.5755
240 176 -0.0796 -0.0605 333.3267
272 176 -0.0300 -0.0168 188.9139
304 176 -0.0398 -0.0283 178.0383
336 176 -0.0118  0.0088 238.8193
368 176 -0.0168  0.0147 174.2231
400 176  0.0085  0.0456 191.1613
432 176 -0.0028  0.0254 129.2579
464 176 -0.0054  0.0264 92.4305
496 176  0.0104  0.0318 206.4635
528 176 -0.0005  0.0624 180.0560
560 176 -0.0084  0.0234 156.5054
592 176 -0.0036  0.0409 101.1105
624 176  0.0056  0.0069 241.0819
656 176  0.0566 -0.0123 102.2267
688 176  0.0014 -0.0029 70.0755
720 176  0.0067 -0.0046 211.7779
752 176  0.0038 -0.1000 248.2671
784 176  0.0692  0.0109 70.8997
816 176  0.0039 -0.0428 207.6927
848 176  0.0124 -0.0405 285.7253
880 176  0.0349 -0.0385 121.4759
912 176  0.0302 -0.0219 146.8940
944 176  0.0220  0.0280 82.9840
976 176  0.0242 -0.0058 129.2325
1008 176 -0.0017  0.0081 180.6809
1040 176  0.0131 -0.0328 85.0246
1072 176  0.0014  0.0050 174.5746
1104 176 -0.0180  0.0178 149.2195
1136 176  0.0009  0.0278 81.9792
1168 176  0.0022  0.0214 267.6045
 16 208 -0.1069 -0.2870 181.7144
 48 208 -0.0333 -0.2612 30.4008
 80 208 -0.1151 -0.1756 224.8362
112 208 -0.0591 -0.0677 123.3810
144 208 -0.0466 -0.0685 368.8349
176 208 -0.1124 -0.0711 152.4999
208 208 -0.0559 -0.0582 279.7474
240 208 -0.0376 -0.0482 155.3876
272 208 -0.0182 -0.0303 207.4398
304 208 -0.0228  0.0025 128.7139
336 208 -0.0099  0.0024 242.3491
368 208  0.0129  0.0096 114.8620
400 208 -0.0453  0.0249 140.9029
432 208 -0.0185  0.0158 150.8598
464 208  0.0098  0.0631 152.8956
496 208 -0.0142  0.0760 171.9181
528 208  0.0017  0.0223 238.3320
560 208  0.0099  0.0148 91.9298
592 208 -0.0003  0.0076 221.1990
624 208 -0.0139  0.0146 116.3897
656 208 -0.0028  0.0184 58.0944
688 208  0.0079  0.0237 101.1043
720 208  0.0074 -0.0015 145.0779
752 208  0.0022 -0.0132 201.2587
784 208  0.0264 -0.0364 120.7483
816 208  0.0190 -0.0212 138.3741
848 208  0.0143 -0.0431 177.8486
880 208  0.0458 -0.0265 238.7285
912 208  0.0152 -0.0235 152.7151
944 208 -0.0010 -0.0210 98.6326
976 208  0.0399 -0.0312 154.2429
1008 208  0.0132 -0.0072 112.8391
1040 208  0.0034 -0.0050 127.1279
1072 208  0.0190  0.0058 275.1130
1104 208 -0.0038  0.0126 111.2812
1136 208  0.0016  0.0155 150.9563
1168 208 -0.0196  0.0132 34.0350
 16 240 -0.1513 -0.1003 112.8512
 48 240 -0.0413 -0.1473 40.0900
 80 240 -0.1043 -0.3430 190.7895
112 240 -0.1298 -0.2172 185.4453
144 240 -0.0903 -0.1397 260.6717
176 240 -0.0824 -0.0456 205.8440
208 240 -0.1074 -0.0419 96.0319
240 240 -0.0081 -0.0092 50.4141
272 240 -0.0780 -0.0843 103.9168
304 240 -0.0872 -0.0484 205.3142
336 240 -0.0243 -0.0210 94.3964
368 240 -0.0058  0.0200 142.8996
400 240 -0.0155  0.0146 215.8122
432 240 -0.0148  0.0178 118.6474
464 240 -0.0102  0.0601 173.1729
496 240 -0.0080  0.0268 253.3234
528 240  0.0322  0.0523 174.2189
560 240  0.0198  0.0273 160.3862
592 240 -0.0002  0.0061 146.8212
624 240 -0.0242  0.0044 113.9564
656 240  0.0099 -0.0074 160.5848
688 240  0.0018 -0.0098 207.0429
720 240 -0.0319  0.0408 120.6489
752 240  0.0107 -0.0233 172.5701
784 240 -0.0027 -0.0257 93.6934
816 240  0.0325 -0.0280 194.7166
848 240  0.0365 -0.0181 124.7111
880 240  0.0244 -0.0534 87.0468
912 240  0.0203 -0.0179 95.2922
944 240  0.0364 -0.0067 87.5871
976 240 -0.0306  0.0859 93.0194
1008 240  0.0457 -0.0054 109.6416
1040 240  0.0168 -0.0131 119.7703
1072 240 -0.0147  0.0317 213.1071
1104 240  0.0236  0.0255 101.7729
1136 240  0.0052  0.0471 147.4248
1168 240 -0.0188  0.0342 60.7760
 16 272 -0.1353 -0.1837 244.1552
 48 272 -0.1924 -0.1898 144.6856
 80 272 -0.2885 -0.1127 233.0163
112 272 -0.1280 -0.1345 293.2506
144 272 -0.2510 -0.0739 202.9685
176 272 -0.1380 -0.1020 148.9474
208 272 -0.1139 -0.1252 216.6867
240 272 -0.0730 -0.0612 287.0265
272 272 -0.0545 -0.0595 240.4230
304 272 -0.0407 -0.0316 189.8403
336 272 -0.0609 -0.0172 150.4220
368 272 -0.0178 -0.0040 101.5194
400 272 -0.0058  0.0228 57.9061
432 272 -0.0213 -0.0039 120.7092
464 272 -0.0059  0.0372 168.7813
496 272 -0.0261  0.0480 153.4121
528 272 -0.0138  0.0299 201.6210
560 272 -0.0097  0.0148 24.2593
592 272 -0.0033  0.0359 113.6010
624 272 -0.0137  0.0173 96.2911
656 272  0.0102 -0.0018 163.4074
688 272  0.0107  0.0001 117.3331
720 272  0.0240 -0.0132 99.3011
752 272  0.0107 -0.0267 116.4815
784 272  0.0365 -0.0359 133.9884
816 272  0.0426 -0.0398 224.1068
848 272  0.0278 -0.0428 92.1645
880 272  0.0301 -0.0500 66.3499
912 272  0.0513 -0.0388 67.2255
944 272  0.0200 -0.0137 183.4649
976 272  0.0419 -0.0300 142.9214
1008 272  0.0099 -0.0059 123.9316
1040 272  0.0408  0.0183 110.5531
1072 272  0.0031  0.0252 131.8435
1104 272  0.0028  0.0365 186.9398
1136 272  0.0235  0.0057 373.8299
1168 272 -0.0076  0.0676 92.8780
 16 304 -0.2099 -0.2729 306.4188
 48 304 -0.7125 -0.0504 166.7141
 80 304 -0.1541 -0.1612 231.0878
112 304 -0.2257 -0.1838 188.4270
144 304 -0.0502 -0.1661 309.6753
176 304 -0.0760 -0.2059 112.9494
208 304  0.0035 -0.0158 14.8396
240 304 -0.1177 -0.1063 143.2055
272 304 -0.0244 -0.0883 353.8545
304 304 -0.0288 -0.0381 227.1454
336 304 -0.0444 -0.0478 87.6675
368 304 -0.0248 -0.0123 169.5925
400 304 -0.0267 -0.0088 78.6135
432 304 -0.0212  0.0017 122.8666
464 304 -0.0373  0.0256 361.3847
496 304 -0.0002  0.0248 147.5752
528 304 -0.0236  0.0052 60.7910
560 304 -0.0344  0.0466 238.5379
592 304 -0.0270  0.0025 117.9519
624 304  0.0047  0.0110 143.0504
656 304  0.0117 -0.0157 114.0431
688 304  0.0142  0.0276 99.1120
720 304 -0.0210 -0.0394 112.9697
752 304  0.0601 -0.0395 90.7451
784 304  0.0172 -0.0057 222.0090
816 304  0.0193 -0.0748 140.1904
848 304  0.0061 -0.0677 85.5764
880 304  0.0372 -0.0529 51.9510
912 304  0.0235 -0.1147 65.3422
944 304  0.0588 -0.0296 227.1890
976 304  0.0356 -0.0120 130.3642
1008 304  0.0387 -0.0122 97.5783
1040 304 -0.0371  0.0045 80.5239
1072 304  0.0088  0.0071 131.9174
1104 304 -0.0673  0.0385 85.7724
1136 304  0.0035  0.0201 114.1190
1168 304 -0.0201  0.0440 67.7815
 16 336 -0.0699 -0.2290 38.9404
 48 336 -0.0603 -0.5861 43.8128
 80 336 -0.3940 -0.1589 236.7298
112 336 -0.1565 -0.2153 67.6029
144 336 -0.1162 -0.1895 24.8737
176 336 -0.3642 -0.0747 58.9671
208 336 -0.1861 -0.2191 312.8705
240 336 -0.0748 -0.1146 134.4702
272 336 -0.0710 -0.1614 201.4319
304 336 -0.0474 -0.0642 283.5684
336 336 -0.0468 -0.0346 162.2454
368 336 -0.0488 -0.0191 105.4825
400 336 -0.0830 -0.0014 84.7391
432 336 -0.0131 -0.0407 220.4971
464 336  0.0071  0.0318 172.3236
496 336  0.0026 -0.0017 145.5677
528 336  0.0064  0.0064 229.8714
560 336  0.0110  0.0243 227.7443
592 336  0.0018 -0.0226 57.4626
624 336 -0.0022  0.0038 107.9668
656 336  0.0159 -0.0164 83.1312
688 336  0.0177 -0.0091 156.5950
720 336  0.0267 -0.0626 185.7698
752 336  0.0005 -0.0159 78.2573
784 336  0.0347 -0.0547 161.0879
816 336  0.0359 -0.0636 103.6993
848 336  0.0713 -0.0525 103.6833
880 336  0.0518 -0.0811 109.0388
912 336  0.0121 -0.0182 121.5878
944 336  0.0546 -0.0629 185.7161
976 336  0.0485 -0.0298 99.8853
1008 336  0.0648 -0.0488 144.8364
1040 336  0.0184 -0.0956 77.4284
1072 336 -0.0013  0.0156 114.2702
1104 336 -0.0017  0.0280 134.9081
1136 336 -0.0081  0.0185 146.1919
1168 336 -0.0162  0.0542 139.9165
 16 368 -0.1328 -0.1871 67.9415
 48 368 -0.3942 -0.1472 189.8946
 80 368 -0.7103 -0.7680 124.6364
112 368 -0.4022 -0.3392 84.3585
144 368 -0.1773 -0.4482 66.0063
176 368 -0.1681 -0.3721 155.5868
208 368 -0.0746 -0.1014 124.6611
240 368 -0.1926 -0.1168 201.6657
272 368 -0.0548 -0.0773 49.4253
304 368 -0.0646 -0.1103 145.6523
336 368 -0.0740 -0.0952 294.6331
368 368 -0.0605 -0.0537 113.4668
400 368 -0.0393 -0.0109 84.2764
432 368 -0.0213 -0.0257 50.2417
464 368 -0.0228  0.0129 206.8139
496 368 -0.0965  0.0042 172.4615
528 368 -0.0262  0.0386 205.3664
560 368 -0.0076  0.0100 155.2401
592 368  0.0031  0.0090 169.4865
624 368  0.0121 -0.0034 123.1375
656 368 -0.0206  0.0111 67.6271
688 368  0.0188 -0.0055 99.5332
720 368  0.0107 -0.0391 118.2550
752 368  0.0307 -0.0981 123.6324
784 368 -0.0007 -0.0882 358.2182
816 368  0.0344 -0.0664 159.2484
848 368  0.0243 -0.0320 108.1559
880 368  0.0647 -0.1202 152.7696
912 368  0.0859 -0.0694 155.1768
944 368  0.0183 -0.0808 165.8349
976 368 -0.0256  0.0028 23.8188
1008 368  0.0633 -0.0422 281.3781
1040 368  0.0124 -0.0135 189.1671
1072 368  0.0035  0.0169 123.2765
1104 368 -0.0127  0.0421 80.5246
1136 368  0.0091  0.1005 84.4021
1168 368 -0.0125  0.0686 162.4244
 16 400  0.0145 -0.0832 25.5154
 48 400 -0.0612 -0.3474 116.4537
 80 400 -0.1931 -0.3811 303.1536
112 400 -0.3328 -0.3036 303.7246
144 400 -0.1619 -0.1767 310.7908
176 400 -0.1257 -0.1594 165.5817
208 400 -0.3531 -0.2064 46.2422
240 400 -0.0670 -0.1277 183.1420
272 400 -0.0960 -0.1761 70.2338
304 400 -0.0641 -0.0688 122.1285
336 400 -0.0852 -0.0662 117.1987
368 400 -0.1374 -0.0363 194.5160
400 400 -0.0533 -0.0061 122.9681
432 400 -0.0035 -0.0033 207.3683
464 400 -0.0200  0.0103 143.4438
496 400 -0.0230  0.0100 148.9853
528 400 -0.0194 -0.0028 196.7361
560 400 -0.0059  0.0165 96.2702
592 400  0.0117 -0.0021 172.4857
624 400  0.0052  0.0003 151.9611
656 400  0.0037 -0.0573 133.3173
688 400  0.0202 -0.0439 216.5404
720 400  0.0041 -0.0574 179.6030
752 400  0.0329 -0.0579 85.6282
784 400  0.0465 -0.0874 141.1949
816 400  0.0190 -0.1646 163.6714
848 400  0.0324 -0.0782 97.9703
880 400 -0.0059 -0.0477 49.8982
912 400  0.0641 -0.0604 128.4975
944 400  0.0451 -0.0432 112.6041
976 400  0.0497 -0.0371 94.9593
1008 400  0.0319  0.0090 84.6816
1040 400 -0.0022  0.0211 242.3782
1072 400 -0.0304  0.0559 193.6736
1104 400 -0.0143  0.0238 126.5724
1136 400 -0.0347  0.0769 197.5502
1168 400 -0.0017  0.0419 69.5553
 16 432 -0.3724 -0.2738 112.8816
 48 432 -1.1293 -0.6590 112.4766
 80 432 -0.3270 -0.2603 126.2812
112 432 -0.1784 -0.1829 131.1375
144 432 -0.1646 -0.3464 238.5470
176 432 -0.1021 -0.3885 210.5573
208 432 -0.1811 -0.5612 96.0074
240 432 -0.2882 -0.1173 259.1043
272 432 -0.1345 -0.1002 81.3054
304 432 -0.1195 -0.1247 105.8148
336 432 -0.0600  0.0116 236.2087
368 432 -0.0800 -0.0719 118.1059
400 432 -0.0408 -0.0072 273.0574
432 432 -0.0401 -0.0454 165.2527
464 432 -0.0204 -0.0017 71.8914
496 432 -0.0214  0.0231 21.4185
528 432 -0.0495  0.0450 203.6211
560 432 -0.0126  0.0183 103.4199
592 432  0.0008  0.0033 110.6947
624 432  0.0238 -0.0048 101.9256
656 432 -0.0079 -0.0227 82.7367
688 432 -0.0284 -0.0256 176.3189
720 432  0.0379 -0.1184 111.1547
752 432  0.0141 -0.0796 111.1562
784 432  0.0444 -0.1076 136.4208
816 432  0.0327 -0.1279 145.0341
848 432  0.0695 -0.1068 214.1559
880 432  0.0215 -0.1095 108.3961
912 432  0.0434 -0.1098 101.5068
944 432  0.0273 -0.0777 69.4076
976 432 -0.0205 -0.0045 93.3716
1008 432  0.0318 -0.0184 95.5424
1040 432  0.0244 -0.0098 161.3743
1072 432  0.0351  0.0063 24.2969
1104 432 -0.0169  0.0362 153.3650
1136 432 -0.0562  0.0431 93.0206
1168 432 -0.0937  0.0486 106.4895
 16 464 -0.8735 -0.4124 101.9574
 48 464 -0.8729 -0.8038 55.6922
 80 464 -1.2717 -0.6152 173.8701
112 464 -0.3443 -0.4930 78.3235
144 464 -0.5852 -0.4433 115.3480
176 464 -0.7763 -0.1898 191.6390
208 464 -0.2909 -0.3992 153.3923
240 464 -0.2637 -0.3628 169.7136
272 464 -0.1623 -0.3147 194.0089
304 464 -0.1206 -0.1351 94.0112
336 464 -0.1333 -0.0900 187.4728
368 464 -0.0767 -0.0498 176.4032
400 464 -0.0835 -0.0501 111.1934
432 464 -0.0789 -0.0280 72.7116
464 464 -0.0210 -0.0187 139.7768
496 464 -0.0561 -0.0208 98.3452
528 464 -0.0055  0.0062 123.4662
560 464 -0.0250 -0.0092 147.1376
592 464  0.0013 -0.0305 198.9704
624 464 -0.0133 -0.0338 112.6138
656 464  0.0276 -0.0647 200.2864
688 464  0.0043 -0.0701 107.5117
720 464  0.0161 -0.0421 87.4101
752 464 -0.0355 -0.1567 112.4744
784 464  0.0582 -0.2080 63.4073
816 464  0.0491 -0.2002 124.4478
848 464  0.0779 -0.1500 49.7124
880 464  0.0445 -0.1419 148.2884
912 464  0.0451 -0.0831 143.8683
944 464  0.0726 -0.0707 42.0423
976 464  0.0527 -0.0535 130.0137
1008 464 -0.0171 -0.0462 68.9212
1040 464  0.0028 -0.0197 183.2717
1072 464  0.0077 -0.0163 115.2052
1104 464 -0.0811 -0.0140 66.9658
1136 464 -0.0017  0.0432 89.1260
1168 464 -0.0527  0.0506 91.4500
 16 496 -0.2533 -0.1331 21.2753
 48 496 -0.1396 -0.3939 98.9570
 80 496 -0.1652 -0.5818 39.6573
112 496 -0.6320 -0.8524 231.5997
144 496 -0.3859 -0.2793 177.2063
176 496 -0.2048 -0.6488 147.2510
208 496 -0.3839 -0.3952 31.5476
240 496 -0.2545 -0.1988 34.0222
272 496 -0.3546 -0.1983 119.6704
304 496 -0.3091 -0.2788 112.9441
336 496 -0.0389 -0.1128 35.7516
368 496 -0.0901 -0.0977 163.9836
400 496 -0.1644 -0.0348 149.1181
432 496 -0.0559 -0.0375 162.5649
464 496 -0.1034 -0.0213 114.1109
496 496 -0.0868 -0.0342 156.9277
528 496 -0.0203  0.0137 95.3036
560 496 -0.0206 -0.0325 104.3775
592 496  0.0005 -0.0389 136.9123
624 496 -0.0038 -0.0429 87.9816
656 496  0.0359 -0.0541 119.0391
688 496  0.0140 -0.0656 98.4553
720 496  0.2095 -0.1207 59.0341
752 496 -0.0305 -0.1470 165.7735
784 496  0.0367 -0.2040 55.3548
816 496  0.0034 -0.2919 66.2823
848 496  0.0727 -0.1916 70.5589
880 496  0.0547 -0.2168 170.0380
912 496  0.0292 -0.1212 27.1810
944 496  0.0878 -0.1807 231.4602
976 496  0.0314 -0.0917 65.0484
1008 496  0.0267 -0.0580 125.2413
1040 496 -0.0058  0.0225 185.7361
1072 496 -0.0261  0.0213 75.6241
1104 496 -0.0351  0.0448 106.0272
1136 496 -0.0335  0.1222 84.8929
1168 496 -0.0583  0.0940 68.2481
 16 528 -0.7819 -0.6366 35.3595
 48 528 -1.3139 -0.4051 96.8566
 80 528 -0.8990 -0.7438 177.6726
112 528 -0.5338 -0.4141 198.6364
144 528 -1.0611 -1.0978 117.8393
176 528 -0.6745 -0.5130 183.7257
208 528 -0.0749 -0.4939 80.1528
240 528 -0.6962 -0.2767 101.3053
272 528 -0.2848 -0.3256 192.6449
304 528 -0.4105 -0.2448 208.7415
336 528 -0.2691 -0.1808 72.3758
368 528 -0.2118 -0.1503 84.6299
400 528 -0.3938 -0.0608 119.2188
432 528 -0.1693 -0.0762 104.9503
464 528 -0.1253 -0.0509 149.8799
496 528 -0.0611 -0.0399 119.6881
528 528 -0.0607 -0.0120 67.3403
560 528 -0.0130 -0.0241 55.3128
592 528 -0.0048 -0.0107 135.9853
624 528  0.0177 -0.1086 111.4035
656 528  0.0177 -0.0670 121.2393
688 528  0.0254 -0.0922 60.7922
720 528  0.0374 -0.1529 73.2872
752 528  0.0472 -0.2052 181.6682
784 528  0.0091 -0.2031 153.8148
816 528  0.0592 -0.2087 73.2968
848 528  0.0643 -0.2119 39.7123
880 528  0.0746 -0.2980 104.4528
912 528  0.0170 -0.1813 83.8952
944 528  0.0840 -0.1055 259.1111
976 528  0.0272 -0.0653 137.1598
1008 528  0.0062 -0.0560 122.4045
1040 528  0.0009 -0.0046 89.3330
1072 528 -0.0381  0.0517 113.1021
1104 528 -0.0487  0.0781 110.1833
1136 528 -0.0644  0.0578 137.5971
1168 528 -0.0941  0.0691 66.5010
 16 560 -0.5870 -0.2720 39.8443
 48 560 -0.7085 -0.4100 123.8266
 80 560 -0.9420 -0.6539 225.8930
112 560 -0.6326 -0.6234 188.9352
144 560 -0.7775 -0.9004 23.5224
176 560 -0.8284 -0.9550 24.0639
208 560 -1.3178 -0.4613 82.5531
240 560 -0.7210 -0.4062 151.2448
272 560 -0.3061 -0.5094 93.1346
304 560 -0.7742 -0.2476 117.7113
336 560 -0.3483 -0.1265 33.4113
368 560 -0.2665 -0.2426 190.4335
400 560 -0.1961 -0.1856 155.9860
432 560 -0.1275 -0.0696 161.4248
464 560 -0.2285 -0.0391 83.6569
496 560 -0.0645 -0.0888 111.7610
528 560 -0.0567 -0.0725 248.9184
560 560 -0.0776 -0.0407 161.6107
592 560  0.0174 -0.0861 110.7216
624 560 -0.0018 -0.0908 62.0269
656 560  0.0354 -0.0735 137.5952
688 560  0.0576 -0.0988 65.6678
720 560  0.0263 -0.1626 122.5741
752 560  0.0409 -0.2972 179.3131
784 560  0.0488 -0.2938 116.8391
816 560  0.0444 -0.4174 115.9001
848 560  0.0132 -0.3381 89.1060
880 560  0.0520 -0.3772 77.3570
912 560  0.0829 -0.1688 402.6753
944 560  0.0290 -0.1210 67.3192
976 560  0.0186 -0.0670 54.5085
1008 560 -0.0475 -0.0342 175.3561
1040 560 -0.0426  0.0003 246.0307
1072 560 -0.0289  0.0777 58.9742
1104 560 -0.0205  0.0840 76.9892
1136 560 -0.0781  0.0986 135.0926
1168 560 -0.1305  0.2774 185.4456
 16 592 -0.2597 -0.1173 170.7780
 48 592 -0.5646 -0.4300 48.7407
 80 592 -0.3514 -0.3003 104.6352
112 592 -0.7322 -0.5386 47.6100
144 592 -0.4555 -0.2018 64.3348
176 592 -0.9551 -0.6127 136.5677
208 592 -0.9091 -0.8548 55.1235
240 592 -0.8368 -0.4968 181.6268
272 592 -0.6863 -0.4831 91.0353
304 592 -0.3712 -0.3344 71.7377
336 592 -0.4738 -0.2572 45.7568
368 592 -0.3086 -0.1685 56.1073
400 592 -0.3459 -0.1620 221.3092
432 592 -0.3340 -0.1396 141.4904
464 592 -0.1968 -0.0633 174.5294
496 592 -0.2789 -0.1043 244.7845
528 592 -0.1873 -0.1197 288.0296
560 592 -0.0073 -0.0974 153.7455
592 592 -0.0083 -0.1548 144.6952
624 592 -0.0005 -0.1449 58.0669
656 592  0.0456 -0.1965 184.3069
688 592  0.0212 -0.2139 181.9081
720 592 -0.0027 -0.1138 36.5000
752 592  0.0662 -0.3349 82.2869
784 592  0.0374 -0.3414 104.5854
816 592  0.0333 -0.4247 106.1605
848 592  0.0004 -0.3719 92.7862
880 592 -0.0203 -0.3665 119.5647
912 592  0.0985 -0.1438 197.7646
944 592  0.0038 -0.1342 41.6102
976 592  0.0325 -0.0708 126.1846
1008 592  0.0124 -0.0421 75.1474
1040 592 -0.0210 -0.0431 192.7170
1072 592 -0.0381 -0.0201 163.7175
1104 592 -0.1049  0.0831 72.2366
1136 592 -0.0540  0.0711 134.3228
1168 592 -0.0962  0.0787 72.3802
 16 624 -0.1873 -0.3088 40.3536
 48 624 -0.7893 -0.2849 228.2633
 80 624 -0.5459 -0.2624 21.2232
112 624 -0.6407 -0.3201 102.9843
144 624 -1.1965 -0.8058 148.9643
176 624 -1.0405 -0.7398 191.5645
208 624 -1.3687 -0.6992 99.6130
240 624 -0.6647 -0.2347 65.4330
272 624 -0.7514 -0.7793 177.2948
304 624 -0.4977 -0.2113 42.6473
336 624 -0.4620 -0.2146 116.7649
368 624 -0.4327 -0.2574 66.4408
400 624 -0.3374 -0.2377 169.4200
432 624  0.0052 -0.2230 253.4087
464 624 -0.2244 -0.0775 72.5339
496 624 -0.1093 -0.2372 147.4897
528 624 -0.1516 -0.3168 91.7202
560 624 -0.0129 -0.3258 170.1324
592 624  0.0113 -0.1705 143.1204
624 624  0.0025 -0.2109 155.6716
656 624  0.0167 -0.1998 63.4383
688 624 -0.0093 -0.1841 181.9261
720 624  0.0336 -0.2450 109.9167
752 624 -0.0125 -0.3910 59.3449
784 624 -0.0865 -0.5394 271.3199
816 624 -0.0336 -0.4652 82.6202
848 624 -0.0993 -0.6192 136.9540
880 624 -0.0196 -0.4873 136.0907
912 624  0.0654 -0.4567 45.7371
944 624  0.0050 -0.2263 54.2677
976 624  0.0173 -0.1751 98.9180
1008 624 -0.0094 -0.0477 158.3253
1040 624 -0.0251 -0.0179 86.7457
1072 624 -0.0762  0.0255 98.4563
1104 624 -0.0476  0.0388 73.5187
1136 624 -0.1221  0.0556 119.8442
1168 624 -0.0998  0.1498 82.2481
 16 656 -0.2002 -0.0599 149.8351
 48 656 -0.1725 -0.0947 150.8333
 80 656 -0.5005 -0.3251 87.7585
112 656 -0.8476 -0.5109 168.4063
144 656 -1.0485 -0.8299 131.6098
176 656 -0.7001 -0.4612 117.7451
208 656 -1.1529 -1.0015 36.9769
240 656 -0.3764 -0.2229 77.5757
272 656 -1.0875 -0.7712 48.6002
304 656 -0.5355 -0.6333 136.2297
336 656 -0.4656 -0.3653 172.5475
368 656 -0.1669 -0.2717 45.2203
400 656 -0.1857 -0.2348 158.2603
432 656 -0.2158 -0.1352 160.9083
464 656 -0.0155 -0.2796 117.6640
496 656  0.0254 -0.3160 184.0741
528 656  0.0222 -0.2798 183.7669
560 656  0.1004 -0.3364 60.3127
592 656  0.0596 -0.2179 59.5513
624 656  0.0174 -0.2849 116.0496
656 656 -0.0078 -0.1448 83.0040
688 656 -0.0520 -0.0945 129.0054
720 656 -0.1789 -0.3160 129.1734
752 656 -0.0009 -0.2594 33.8222
784 656 -0.0408 -0.2407 120.9972
816 656 -0.0942 -0.4134 127.0597
848 656 -0.1784 -0.1636 38.9956
880 656  0.0585 -0.4546 85.2031
912 656 -0.0172 -0.4040 89.3236
944 656  0.0163 -0.3023 64.1273
976 656  0.0091 -0.2204 123.4849
1008 656 -0.0053 -0.1090 122.1358
1040 656 -0.0325 -0.0197 47.8371
1072 656 -0.0443  0.0139 31.5385
1104 656 -0.0685  0.0869 184.2479
1136 656 -0.1660  0.0499 38.0720
1168 656 -0.1522  0.0629 115.1637
 16 688 -0.1927 -0.0274 24.5383
 48 688 -0.2022 -0.0552 187.1143
 80 688 -0.2010 -0.1058 120.2849
112 688 -0.2419 -0.3197 35.4992
144 688 -0.1974 -0.1887 132.6470
176 688 -0.3257 -0.3215 64.4451
208 688 -0.8034 -0.6648 231.5528
240 688 -1.1732 -0.7211 208.6805
272 688 -1.2189 -0.7706 38.4055
304 688 -0.5442 -0.4532 76.4043
336 688 -0.0747 -0.2190 288.2772
368 688 -0.2239 -0.2616 158.5223
400 688 -0.1331 -0.1862 93.8662
432 688 -0.1324 -0.0827 88.5313
464 688  0.2215 -0.2823 148.0442
496 688  0.1599 -0.2981 154.9549
528 688  0.3988 -0.5538 78.2957
560 688  0.4736 -0.1857 53.7809
592 688  0.4309 -0.1303 73.5899
624 688  0.0911  0.0133 64.7490
656 688 -0.1243  0.1448 108.6125
688 688 -0.4944 -0.1058 92.7990
720 688 -0.0983 -0.0777 41.3576
752 688 -0.0154 -0.0906 42.9063
784 688  0.0417 -0.0662 153.8661
816 688 -0.3574  0.1486 72.6425
848 688 -0.0341 -0.2071 79.0126
880 688 -0.0603 -0.0959 57.3274
912 688 -0.1248 -0.2378 100.0347
944 688 -0.0073 -0.2647 110.9034
976 688 -0.0356 -0.1071 146.7869
1008 688 -0.0438 -0.1027 41.8928
1040 688 -0.0553 -0.0011 62.1284
1072 688 -0.0635 -0.0270 109.6018
1104 688 -0.0851  0.0354 138.8036
1136 688 -0.1425  0.0422 190.5478
1168 688 -0.0503  0.2298 197.5013
 16 720 -0.0799 -0.0766 38.2523
 48 720 -0.0420 -0.1660 82.3187
 80 720 -0.0481  0.0168 13.5431
112 720 -0.4256 -0.5389 197.3649
144 720 -0.3427 -0.3830 70.6324
176 720 -0.4102 -0.3238 108.3521
208 720 -0.5765 -0.4777 82.1290
240 720 -0.7965 -0.7715 95.3961
272 720 -0.3856 -0.5260 68.1286
304 720 -0.2506 -0.3125 124.1475
336 720 -0.3142 -0.4068 254.7145
368 720 -0.1537 -0.2604 43.4163
400 720  0.0749 -0.3253 174.2503
432 720  0.4160 -0.2809 300.6789
464 720  0.8124 -0.4354 40.9403
496 720  0.9703 -0.6437 96.2442
528 720  1.1010 -0.7437 32.2402
560 720  0.8606 -0.0168 86.0126
592 720  0.7914  0.1472 22.5005
624 720  0.0590  0.9111 47.4610
656 720 -0.4427  0.3631 58.3439
688 720 -0.5018  0.2151 28.0856
720 720  1.4093 -0.3717 17.4947
752 720  0.0753 -0.0955 11.4275
784 720  0.1389 -0.0018 14.0963
816 720 -0.3053 -0.9973 13.2645
848 720  0.4252 -0.2649  5.7986
880 720  0.4977  0.3930 14.5514
912 720 -0.8550  0.6372 66.9651
944 720 -0.1313 -0.4617 87.5584
976 720 -0.0090 -0.2122 134.6096
1008 720 -0.0222 -0.1622 60.7733
1040 720 -0.0601  0.0044 118.5499
1072 720 -0.0768  0.0156 229.5323
1104 720 -0.1691  0.0354 79.5740
1136 720 -0.1248  0.0613 139.5549
1168 720 -0.0211  0.0342 167.1361
 16 752  0.0034 -0.0294 40.3854
 48 752 -0.0191 -0.1044 29.1297
 80 752 -0.0403 -0.1454 232.9194
112 752 -0.0414 -0.1370 233.8588
144 752 -0.1082 -0.1730 110.3871
176 752 -0.1213 -0.1015 178.3417
208 752 -1.0124 -0.6282 70.1624
240 752 -0.5948 -0.5210 158.9066
272 752 -0.1524 -0.3761 57.8051
304 752 -0.1717 -0.3551 107.5038
336 752 -0.1665 -0.4313 90.7674
368 752 -0.0126 -0.1844 124.7520
400 752  0.2049 -0.3993 143.8038
432 752  0.2331 -0.2162 17.0850
464 752  0.7599 -0.5569 43.2649
496 752  1.0866 -0.8075 73.7247
528 752  0.2933 -0.4947 49.0516
560 752 -0.3051 -0.2230 12.0243
592 752  0.0396  0.1088 11.4157
624 752  0.2250 -2.7413 10.0279
656 752  0.4578 -1.9478  9.2141
688 752  0.3420 -1.9986 10.6395
720 752  0.1654 -1.2496  4.5134
752 752  0.1391 -0.7881  4.8405
784 752  1.6129 -1.6921  7.2737
816 752 -0.1695 -1.2766  8.9600
848 752  0.0913 -0.5970  8.0312
880 752  1.9640 -0.0019  6.8199
912 752  0.6756 -0.0160 40.2955
944 752  0.8999 -0.3978 51.4701
976 752  0.3404 -0.5983 30.1478
1008 752  0.0349 -0.0582 91.8491
1040 752 -0.0031 -0.0127 207.5111
1072 752 -0.2222  0.0179 66.0424
1104 752 -0.1261 -0.0075 45.9308
1136 752 -0.1211  0.1195 78.1618
1168 752 -0.1113  0.0287 121.6833
 16 784  0.1192 -0.0617 244.0363
 48 784  0.0851 -0.0498 48.9287
 80 784 -0.0390 -0.0605 100.9148
112 784 -0.0080 -0.0732 360.5785
144 784 -0.0427 -0.3259 312.2430
176 784 -0.0529 -0.2949 141.4588
208 784 -0.1241 -0.2341 128.8288
240 784 -0.0247 -0.6179 249.1624
272 784 -0.0571 -0.6199 188.6204
304 784 -0.0446 -0.5990 117.5489
336 784  0.0141 -0.4769 192.8557
368 784  0.2095 -0.5104 267.9375
400 784  0.3492 -0.2986 75.8440
432 784  0.5547 -0.5385 57.8777
464 784  1.0435 -0.8236 23.5624
496 784  0.9038 -0.8814 122.4562
528 784 -0.0329 -0.0905 14.9621
560 784 -0.1442 -0.1079  7.9644
592 784 -0.2334 -0.3879  9.1897
624 784  0.0551  0.1477 32.3470
656 784  0.2841 -0.2446 26.5216
688 784  1.4695 -0.4414  9.6061
720 784  0.1699 -0.7548 11.1704
752 784  0.0365 -0.8636  6.3245
784 784  0.1128  0.0146 10.7353
816 784  0.4305 -0.0708  7.7758
848 784 -0.0610  0.0508 11.5671
880 784  1.5937 -0.0845 10.4436
912 784  0.2584 -1.4670  8.9979
944 784  0.4005 -0.2894  4.5630
976 784  0.3839 -0.5200 17.0158
1008 784  0.2316  0.0956 60.5519
1040 784 -0.2022  0.2192 131.5488
1072 784 -0.0880  0.1153 98.4514
1104 784 -0.1919  0.0756 80.0363
1136 784 -0.0852  0.0610 161.9314
1168 784 -0.1234  0.0556 122.9774
 16 816  0.0750  0.0012 20.0335
 48 816  0.0248 -0.0389 114.7394
 80 816  0.0287 -0.0595 40.2485
112 816  0.0097 -0.0821 211.9904
144 816  0.0045 -0.2295 131.0259
176 816 -0.0116 -0.2075 383.8789
208 816 -0.0055 -0.4523 70.0456
240 816  0.0263 -0.2830 70.5258
272 816  0.0363 -0.4307 31.4731
304 816  0.0165 -0.1097 12.5319
336 816 -0.0026 -0.3445 27.5021
368 816  0.4658 -0.6116 83.2136
400 816  0.6430 -0.6564 204.7303
432 816  1.1547 -0.5396 86.9279
464 816  0.0728 -0.2570 20.3469
496 816  0.0946 -0.4919 14.1933
528 816 -1.5167 -0.0287  5.3928
560 816 -0.2824 -1.6918  8.6505
592 816  0.0724  0.0589 26.4148
624 816  0.1565  0.0556 21.2676
656 816  0.1072 -0.1437 16.6405
688 816  0.1412 -0.1461 11.6807
720 816  0.4235 -0.6129  9.1203
752 816  0.0501 -0.1480  9.8134
784 816  0.1035 -0.0209  9.4249
816 816  0.2801  0.0349  8.2897
848 816  0.1343  0.1111  8.0393
880 816  0.0705 -0.0118 13.8723
912 816  0.4224 -0.2793  8.9395
944 816  0.4096 -1.1963  5.7202
976 816  0.1428 -0.4563  8.6555
1008 816 -0.3969  0.6991 75.4414
1040 816 -0.1205  0.1777 142.5238
1072 816 -0.1690  0.1826 118.1835
1104 816 -0.2193  0.0634 93.2537
1136 816 -0.1871  0.0423 91.6664
1168 816 -0.1984 -0.0412 117.3111
 16 848  0.0622 -0.0687 53.7793
 48 848  0.1325 -0.0545 81.4162
 80 848  0.2660 -0.0693 106.6667
112 848 -0.0009 -0.0861 388.6485
144 848  0.0819 -0.1107 188.4338
176 848  0.0729 -0.3121 90.3006
208 848  0.0898 -0.3573 89.3757
240 848  0.0231 -0.3608 48.2853
272 848  0.0728 -0.7276 56.6236
304 848  0.0708 -0.4394 118.8706
336 848  0.1701 -0.3433 107.6362
368 848  0.2496 -0.5719 102.1870
400 848  0.7897 -0.5117 49.5444
432 848  0.3672 -0.4457 47.9380
464 848  0.0831 -0.6008 29.6172
496 848 -0.2285 -0.2980 14.7153
528 848 -0.3664 -0.3121  6.0711
560 848 -0.0172  0.0069 11.6864
592 848 -0.0062 -0.0456 48.6162
624 848  0.2532  0.0214 122.2740
656 848  0.2949 -0.0992 15.4805
688 848  0.1337 -0.0822 20.8260
720 848  0.0473 -0.0494 10.3385
752 848 -0.1034 -0.2621  5.3517
784 848  0.1945 -0.6546 11.2399
816 848  0.0480 -0.0953 14.2616
848 848  0.0405  0.0470 10.4091
880 848  0.0351  0.0247 13.5641
912 848  0.0129 -0.1542 10.0220
944 848  0.1481 -0.5294  9.3908
976 848 -0.1136 -0.5188 25.1838
1008 848 -0.9570  0.6692 84.6244
1040 848 -0.2564  0.2588 70.6751
1072 848 -0.2758 -0.0011 102.7164
1104 848 -0.1385  0.0602 36.4026
1136 848 -0.2279  0.0009 140.3694
1168 848 -0.0932  0.0378 30.3656
 16 880  0.0871 -0.0284 32.0234
 48 880  0.1765 -0.0250 40.8599
 80 880  0.1565 -0.1127 126.3645
112 880  0.1206 -0.2639 146.3535
144 880  0.0680 -0.1035 111.7471
176 880  0.0872 -0.1704 147.8257
208 880  0.0775 -0.1638 68.8158
240 880  0.1061 -0.5788 89.8312
272 880  0.0746 -1.0843 142.1255
304 880  0.1530 -0.3943 33.1081
336 880  0.1420 -0.2432 68.7663
368 880  0.1532 -0.1249 21.2094
400 880  0.3425 -0.5370 65.9475
432 880 -0.0551 -0.0948 13.2513
464 880  0.0332 -0.2605 15.9458
496 880 -0.2058 -0.1424  5.1304
528 880 -0.0655 -0.1500  7.7832
560 880  0.0325 -0.0721  7.4486
592 880  0.1683 -0.0664  9.2337
624 880  0.0574 -0.0629 31.5554
656 880  0.0861 -0.0879  9.4902
688 880  0.0761 -0.0692 12.1242
720 880 -0.0073 -0.0043 21.6906
752 880  0.0586  0.0269  5.3941
784 880  0.0340 -0.0443 11.3774
816 880  0.0879  0.0109  7.8134
848 880 -0.0587 -0.0296  7.5175
880 880  0.0139  0.0180  8.3396
912 880  0.1005 -0.0947 14.0314
944 880 -0.1441 -0.1394 14.8537
976 880 -0.2492 -0.2748 10.5465
1008 880 -0.8328  0.0601  6.8171
1040 880  0.1251 -1.3627 27.5899
1072 880 -0.3487  0.1218 114.7868
1104 880 -0.1979  0.0922 66.0101
1136 880 -0.1604  0.0296 86.5601
1168 880 -0.1515 -0.0017 151.6440
 16 912 -0.0049  0.0043 18.5158
 48 912  0.0712 -0.0407 138.3275
 80 912  0.1588 -0.1844 120.7359
112 912  0.0953 -0.0836 204.0461
144 912  0.2408 -0.1465 349.6814
176 912  0.1356 -0.0665 35.4170
208 912  0.0120 -0.1015 20.7363
240 912  0.0211 -0.1878 70.2708
272 912  0.1228 -0.4309 197.1763
304 912  0.1010 -0.6921 157.3266
336 912  0.1199 -0.5507 188.0551
368 912  0.1185 -0.1840 30.0371
400 912 -0.0457 -0.4124 12.0756
432 912 -0.0052 -0.2381 16.9646
464 912 -0.2156 -0.2093  7.2691
528 912 -0.0276  0.0146  5.1171
560 912  0.0606  0.0092  4.8448
624 912  0.0799 -0.0861  9.8639
656 912 -0.0658 -0.0985  4.9760
688 912  0.1205 -0.0492  7.7222
720 912 -0.0136 -0.0090 10.5507
752 912  0.0634  0.0111  5.5978
784 912  0.0176  0.0119 15.6327
816 912  0.2360 -0.1959  9.9569
848 912  0.0447 -0.1556  6.0342
880 912  0.0834 -0.0006  7.9061
912 912  0.0155 -0.1902 11.7803
944 912 -0.0635 -0.1551  9.4007
976 912 -0.0571 -0.4063 11.7789
1008 912  0.2314 -1.1078  9.4144
1040 912  0.4214 -2.3619 11.1517
1072 912 -0.4937  0.1758 39.6673
1104 912 -0.2041  0.0557 64.7579
1136 912 -0.2487  0.0432 93.2061
1168 912 -0.2055  0.0418 121.9744
 16 944  0.0620 -0.0384 45.8486
 48 944  0.0441 -0.0160 18.0638
 80 944  0.0671 -0.0626 242.9322
112 944  0.0987 -0.1239 347.1477
144 944  0.0359 -0.0925 40.2902
176 944  0.0407 -0.2845 257.4892
208 944  0.1351 -0.1684 124.5063
240 944  0.1021 -0.2927 133.6128
272 944  0.0412 -0.3580 121.1555
304 944 -0.0359 -0.1757 18.7906
336 944 -0.1045 -0.3272 76.4693
368 944 -0.3526 -0.3328 91.9421
400 944 -0.3546 -0.3713 19.6231
432 944 -0.3420 -0.9341  9.1120
464 944 -0.4002 -0.1070  5.2038
496 944 -0.0747 -0.0375  5.1810
624 944  0.0809 -0.0255  5.0720
656 944 -0.0512 -0.0235  4.2666
688 944  0.1516 -0.0345  6.5872
720 944 -0.0289 -0.0242  5.7380
752 944  0.0518 -0.0399  5.0055
784 944 -0.0459 -0.0449  4.3963
816 944  0.0579  0.0070  4.6666
848 944  0.0117 -0.0031 10.7055
880 944  0.1672 -0.1209  7.3617
912 944  0.1039 -0.2848 12.6802
944 944  0.0562 -1.4555  8.4084
976 944  0.0843 -0.5854  8.6537
1008 944  0.0525 -0.0896  9.3311
1040 944 -0.1440  0.0193 15.2567
1072 944 -0.7080  0.3350 18.9660
1104 944 -0.2368  0.0792 56.4692
1136 944 -0.2363  0.0657 156.2093
1168 944 -0.2185 -0.0263 90.2655
 16 976  0.0563 -0.0331 176.5456
 48 976  0.0584 -0.0583 20.7473
 80 976  0.1521 -0.0368 70.6437
112 976  0.0891 -0.0431 172.3400
144 976  0.0118 -0.0087 12.5886
176 976  0.0912 -0.1781 116.4103
208 976  0.0878 -0.1387 64.5239
240 976  0.0690 -0.2599 79.5083
272 976  0.0332 -0.3289 71.1679
304 976  0.0132 -0.0830 226.2737
336 976 -0.5004 -0.0545 27.3129
368 976 -0.1254 -0.8854 17.3829
400 976 -0.2629 -1.5528  6.1171
432 976 -0.2768 -0.9128  8.5176
464 976 -0.2135 -0.0975 23.5141
496 976 -0.1718  0.1377  6.2142
528 976 -0.0156 -0.0039  4.1796
688 976  0.0344 -0.0530  4.2183
784 976  0.0024 -0.0077  4.3846
816 976  0.0017  0.0092 13.8867
848 976  0.0321 -0.4494 30.6798
880 976 -0.0023 -0.3269 24.9072
912 976  0.3053 -0.3123  9.3565
944 976  0.2550 -0.1747  9.0712
976 976  0.2352 -0.2139 15.6459
1008 976  0.0558 -0.0604  8.2259
1040 976 -0.3448  0.0660 22.9166
1072 976 -0.8044  0.1296 42.4239
1104 976 -0.2083  0.0413 19.0285
1136 976 -0.2440 -0.0238 82.0487
1168 976 -0.1231 -0.0356 48.5653
 16 1008  0.0362 -0.0160 32.4724
 48 1008  0.1859 -0.0402 63.1976
 80 1008  0.0695 -0.0615 61.7429
112 1008  0.0809 -0.0493 200.2802
144 1008  0.0879 -0.1608 168.0849
176 1008  0.0742 -0.1787 193.8087
208 1008 -0.0204 -0.1110 81.8934
240 1008  0.0865 -0.0727 108.3353
272 1008  0.1080 -0.2386 261.3182
304 1008  0.0073  0.1032 28.7007
336 1008 -0.0631  0.1509 19.4646
368 1008 -0.4867 -0.0193 11.2573
400 1008 -1.1585 -0.3008 10.5429
432 1008 -0.0773 -0.0555 22.3194
464 1008 -0.1679 -0.1846 134.1364
496 1008  0.0030  0.0186 18.2806
528 1008 -0.0440  0.0835  7.8783
560 1008 -0.0998  0.1591  4.8644
752 1008 -0.0836 -0.0895  4.0919
784 1008 -0.0101 -0.0143  6.4561
816 1008 -0.0038 -0.0140 23.9627
848 1008  0.0217 -0.2431 55.3315
880 1008 -0.1219 -0.3538 56.3500
912 1008 -0.1443 -0.3686 50.7126
944 1008 -0.1235 -0.1448 13.4646
976 1008 -0.3018 -0.2161 54.3421
1008 1008 -0.4583 -0.2683 24.0404
1040 1008 -0.3522 -0.2162 36.9738
1072 1008 -0.4885 -0.0442 39.6046
1104 1008 -0.2321  0.0033 37.6515
1136 1008 -0.1758 -0.0543 138.6048
1168 1008 -0.2723  0.0051 39.1508
 16 1040  0.1112 -0.0328 153.1356
 48 1040  0.0677 -0.0467 36.4194
 80 1040  0.0919 -0.0659 225.7626
112 1040  0.0989 -0.0863 28.7827
144 1040  0.0650 -0.0775 240.1834
176 1040  0.1291 -0.2151 263.8134
208 1040  0.0486 -0.1658 152.6949
240 1040  0.0990 -0.1693 58.0233
272 1040  0.1301 -0.0971 111.0584
304 1040  0.0369  0.0286 163.9812
336 1040 -0.0452 -0.0708 27.9970
368 1040 -0.2674 -0.1619 12.8599
400 1040  0.0222 -0.1830 43.0635
432 1040 -0.0021 -0.6577 51.0452
464 1040 -0.0474 -0.0204 40.8182
496 1040  0.0000  0.0263 13.7287
528 1040 -0.0444  0.0262 11.6966
560 1040 -0.0304 -0.0232 10.2905
592 1040 -0.1229 -0.0310  5.1606
752 1040  0.0048 -0.0160  5.6734
784 1040  0.0047 -0.0165 15.0191
816 1040  0.0192 -0.0468 28.2261
848 1040  0.0227 -0.1397 26.5422
880 1040 -0.0191 -0.1635 32.2430
912 1040 -0.0946 -0.2507 19.2978
944 1040 -0.2721 -0.1410 51.9711
976 1040 -0.1847 -0.1559 17.3185
1008 1040 -0.2841 -0.1872 119.1715
1040 1040 -0.4504 -0.1213 111.1494
1072 1040 -0.5234  0.0733 52.1628
1104 1040 -0.4234 -0.1701 43.5269
1136 1040 -0.2588 -0.0176 28.6533
1168 1040 -0.1995 -0.1585 97.7527
 16 1072  0.1998 -0.0404 165.3339
 48 1072  0.2335 -0.0344 171.3415
 80 1072  0.1192 -0.0178 312.0036
112 1072  0.0847 -0.0274 123.5537
144 1072  0.0528 -0.0844 109.5610
176 1072  0.0635 -0.0227 41.1442
208 1072  0.0236 -0.0475 118.7861
240 1072  0.0562 -0.1127 113.2690
272 1072  0.0880 -0.2330 132.7433
304 1072  0.0847 -0.0354 40.4312
336 1072  0.1402 -0.0294 29.4064
368 1072  0.4532 -0.1012 185.7836
400 1072  0.3114 -0.4182 60.8905
432 1072 -0.1446 -0.2129 33.9102
464 1072 -0.0580 -0.0050 12.1310
496 1072 -0.0010  0.2846 15.9426
528 1072 -0.0194  0.1915 11.2418
560 1072 -0.0336  0.1000  7.0340
592 1072  0.0127  0.0544  8.2170
624 1072  0.0082  0.0312  4.8311
656 1072  0.0025  0.1325  4.8494
688 1072 -0.0623  0.0525  4.1499
752 1072  0.0092 -0.0092  4.2402
784 1072  0.0137 -0.0264  7.1759
816 1072  0.0126 -0.0301 11.9270
848 1072  0.0091 -0.0123 28.8795
880 1072 -0.0331 -0.0239 18.9027
912 1072 -0.1510 -0.1769 46.1673
944 1072 -0.1605 -0.0849 53.3897
976 1072 -0.3366 -0.1246 48.0082
1008 1072 -0.2923 -0.0937 31.6545
1040 1072 -0.3663 -0.0412 20.5569
1072 1072 -0.3567 -0.1102 106.7576
1104 1072 -0.3912 -0.0467 27.7990
1136 1072 -0.0669 -0.0457 41.4492
1168 1072 -0.1054  0.0061 21.1682
 16 1104  0.0342  0.0091 21.7920
 48 1104  0.0475 -0.0983 78.0517
 80 1104  0.0446 -0.0215 90.1572
112 1104  0.0749 -0.0402 119.4825
144 1104  0.1311 -0.0742 36.4019
176 1104  0.0977 -0.0338 44.2653
208 1104  0.0860 -0.0792 160.2509
240 1104  0.0566 -0.0892 103.9271
272 1104  0.1068 -0.0640 108.9486
304 1104  0.1180 -0.0777 84.0297
336 1104  0.2651 -0.1900 113.4458
368 1104  0.1029 -0.1524 149.4495
400 1104  0.1789 -0.2418 141.1410
432 1104  0.0883 -0.3969 56.1521
464 1104 -0.0027 -0.0449 26.4430
496 1104 -0.0312  0.0047 15.0562
528 1104 -0.0029 -0.0331 11.8221
560 1104  0.0069 -0.0008 13.0660
592 1104 -0.0549  0.0027 10.0782
624 1104  0.0673  0.0762  9.1987
656 1104 -0.0172  0.0634  9.7836
688 1104 -0.1768  0.1924  7.1054
848 1104  0.0025 -0.1215  5.1527
880 1104  0.1688 -0.2102  6.7989
912 1104 -0.0144 -0.0522 12.0535
944 1104 -0.0185 -0.0539 13.9077
976 1104 -0.0281 -0.0714  9.0372
1008 1104 -0.0600 -0.0254 19.2718
1040 1104  0.0189 -0.0285 26.5021
1072 1104 -0.0921 -0.0134 15.5028
1104 1104 -0.1387 -0.0203 21.7989
1136 1104 -0.0721 -0.0235 15.3738
1168 1104 -0.0859 -0.0321 25.9654
 16 1136  0.0195  0.0047 14.7161
 48 1136  0.0215  0.0021 247.5621
 80 1136  0.0931 -0.0034 36.6481
112 1136  0.2035 -0.0541 53.5803
144 1136  0.0885 -0.0721 188.7741
176 1136  0.0579 -0.0238 61.9858
208 1136  0.1460 -0.0378 309.4918
240 1136  0.0215 -0.2076 68.3348
272 1136  0.0594 -0.0543 143.1535
304 1136  0.1210 -0.1129 252.1148
336 1136  0.0830 -0.1253 145.5928
368 1136  0.1163 -0.1473 50.3261
400 1136  0.1110 -0.3129 152.4279
432 1136  0.0256 -0.1803 44.7625
464 1136  0.0609 -0.0984 174.0458
496 1136 -0.0009 -0.1514 17.2907
528 1136  0.0591 -0.2905 43.5079
560 1136  0.0028  0.0693 12.7356
592 1136  0.0214  0.0037 13.7084
624 1136 -0.0088  0.0142 14.1533
656 1136 -0.0149  0.0123 18.3305
688 1136  0.0189  0.0084 13.1731
720 1136 -0.0077  0.0832 12.2273
752 1136 -0.1113  0.1441  7.3329
784 1136  0.0616  0.1334  6.2810
816 1136 -0.0045  0.0530  9.8999
848 1136 -0.0749  0.0959  7.9676
880 1136 -0.0725  0.1417  4.1753
976 1136  0.0037  0.0037  4.2856
1008 1136 -0.0085 -0.0177  5.0824
1040 1136  0.0275 -0.0158  4.7158
1072 1136 -0.0462 -0.0651  5.2796
1104 1136  0.0114 -0.0341  7.6345
1136 1136 -0.0250 -0.0085  9.1260
1168 1136 -0.0215  0.0086 18.3462
 16 1168  0.0255 -0.0167 22.1006
 48 1168  0.0189 -0.0282 22.2530
 80 1168  0.1044 -0.0423 105.5995
112 1168  0.0246 -0.0338 87.8915
144 1168  0.0215 -0.0873 136.9627
176 1168  0.0555 -0.0496 162.5033
208 1168  0.0571 -0.1026 63.9842
240 1168  0.0307 -0.1782 72.9112
272 1168  0.0213 -0.1249 185.4124
304 1168  0.0448 -0.1090 185.4146
336 1168  0.0739 -0.1464 162.7907
368 1168  0.1120 -0.2002 102.7290
400 1168  0.0494 -0.0714 24.1731
432 1168  0.0567 -0.0696 26.1077
464 1168  0.0509 -0.1639 22.5719
496 1168  0.0046 -0.0162 15.2380
528 1168 -0.0006  0.0372 19.6568
560 1168  0.0260  0.0294 11.4289
592 1168  0.0089  0.0191 12.7232
624 1168  0.0026  0.0181 12.6307
656 1168  0.0212  0.0073 11.2289
688 1168 -0.0263 -0.0089 12.5338
720 1168 -0.0081 -0.0072 11.5938
752 1168 -0.0037 -0.0182 15.1532
784 1168 -0.0747  0.0403 12.2096
816 1168 -0.0904  0.0051 12.9225
848 1168  0.0388  0.0102 13.8318
880 1168 -0.0480  0.0363 13.2086
912 1168 -0.0462  0.1140  9.3798
944 1168 -0.0612  0.2452  5.1056
976 1168 -0.0290  0.2898  4.4811
1104 1168  0.0145 -0.0602  4.1290
1136 1168  0.0303 -0.0360  4.5010
1168 1168 -0.0083 -0.0105  4.6469
 16 1200  0.0924 -0.0306 23.7483
 48 1200  0.0468 -0.0296 20.6196
 80 1200 -0.0033  0.0165 16.0042
112 1200  0.0605 -0.0533 69.5054
144 1200  0.0468 -0.0379 32.1739
176 1200  0.0452 -0.0890 120.5467
208 1200  0.1694 -0.1166 77.2117
240 1200  0.0431 -0.0835 58.8300
272 1200  0.0776 -0.0965 81.3691
304 1200  0.0710 -0.0644 254.4602
336 1200  0.0680 -0.1069 140.6850
368 1200  0.1400 -0.2001 63.4741
400 1200  0.0825 -0.0904 53.4032
432 1200  0.0242 -0.1856 94.7861
464 1200  0.1079 -0.2291 221.6861
496 1200  0.0089 -0.0076 17.5103
528 1200 -0.0031  0.0231 18.0936
560 1200 -0.0022  0.0358 15.1989
592 1200  0.0127 -0.0062 16.5330
624 1200 -0.0131 -0.0614 26.3010
656 1200  0.0222 -0.0227 12.5910
688 1200 -0.0079  0.0112 13.3170
720 1200 -0.0234 -0.0110 15.9406
752 1200 -0.0247 -0.0086 16.4279
784 1200 -0.1149 -0.0461 10.9457
816 1200 -0.0085  0.0159 11.6913
848 1200 -0.0108  0.0177 11.4481
880 1200  0.0031 -0.0382 11.5054
912 1200  0.0034 -0.0028 15.7088
944 1200  0.0076  0.0116 14.5745
976 1200 -0.0160 -0.0093 13.1162
1008 1200 -0.0264  0.0485 10.0472
1040 1200 -0.0224  0.0859  6.8507
1072 1200  0.0093  0.1159  5.3653
1104 1200 -0.0718  0.0829  4.5672
 16 1232 -0.0016  0.0099 11.5274
 48 1232  0.0493 -0.0650 92.9692
 80 1232  0.0417 -0.0276 117.6325
112 1232  0.0801 -0.0287 34.1166
144 1232  0.1672 -0.1458 229.1654
176 1232  0.0574 -0.0924 170.5508
208 1232  0.0283 -0.1463 155.1739
240 1232  0.0460 -0.0718 27.9598
272 1232  0.0531 -0.0369 122.3931
304 1232  0.0475 -0.0630 183.5982
336 1232  0.0668 -0.0989 145.4890
368 1232  0.1231 -0.1886 187.4976
400 1232  0.0651 -0.0952 132.9831
432 1232  0.0682 -0.0641 39.3185
464 1232  0.0081 -0.0459 26.0054
496 1232 -0.0040  0.0028 14.4675
528 1232  0.0153  0.0154 13.1640
560 1232  0.0234 -0.0210 17.9139
592 1232  0.0013 -0.0151 15.7507
624 1232  0.0288 -0.0569 14.4084
656 1232 -0.0164 -0.0345 12.6570
688 1232  0.0368  0.0326  9.1921
720 1232  0.0489 -0.0121 11.9459
752 1232 -0.0190 -0.0013 17.8865
784 1232 -0.0683 -0.0094 13.8379
816 1232 -0.0145  0.0231 22.7442
848 1232  0.0467 -0.0208 11.4079
880 1232 -0.0074  0.0336 13.5902
912 1232 -0.0286 -0.0037 12.4770
944 1232 -0.0014 -0.0180 13.4319
976 1232 -0.0121 -0.0253 11.7716
1008 1232  0.0250 -0.0174 15.7287
1040 1232 -0.0149  0.0031 13.8628
1072 1232 -0.0191  0.0035 11.5690
1104 1232 -0.0037  0.0012 12.5424
1136 1232 -0.0022 -0.0001 11.3632
1168 1232 -0.0324 -0.0008 12.7019
 16 1264  0.0426 -0.0286 66.3286
 48 1264  0.0362 -0.0844 34.4167
 80 1264  0.0241 -0.0052 177.2813
112 1264 -0.0088 -0.0420 64.9075
144 1264  0.1035 -0.0413 37.3235
176 1264  0.0261 -0.1757 122.1983
208 1264  0.0180 -0.0794 31.1006
240 1264  0.0503 -0.1054 69.3988
272 1264  0.0800 -0.0947 43.8320
304 1264  0.0351 -0.0942 102.5787
336 1264  0.0970 -0.0653 70.4142
368 1264  0.0657 -0.1066 192.2737
400 1264  0.0281 -0.1037 252.1982
432 1264  0.0374 -0.1119 75.3243
464 1264  0.0191  0.0072 12.2175
496 1264  0.0281  0.0097 18.4265
528 1264  0.0248 -0.0090 15.6587
560 1264  0.0004  0.0005 17.7904
592 1264 -0.0248  0.0156 12.2098
624 1264 -0.0086 -0.0057 15.6805
656 1264 -0.0402 -0.0080 12.9226
688 1264  0.0151 -0.0273 11.2911
720 1264 -0.0057 -0.0264 13.4157
752 1264 -0.0124 -0.0026 22.9861
784 1264 -0.0303 -0.0046 11.0943
816 1264  0.0489  0.0096 16.8671
848 1264  0.0225 -0.0193 11.3975
880 1264  0.0849  0.0479  8.6184
912 1264  0.0056 -0.0326  9.8816
944 1264  0.0110  0.0813 11.6555
976 1264  0.0113 -0.0403 10.8097
1008 1264  0.0231  0.0557 10.7750
1040 1264  0.0267 -0.0189 11.3565
1072 1264 -0.0190  0.0240 10.7419
1104 1264 -0.0393 -0.0232 10.2103
1136 1264 -0.0844 -0.0094  8.9447
1168 1264 -0.0067  0.0543 13.0586
 16 1296  0.0284  0.0015 27.9034
 48 1296  0.0072 -0.0554 31.8363
 80 1296  0.0133 -0.0065 21.8148
112 1296  0.0405 -0.0445 61.6465
144 1296  0.0439 -0.1160 57.4303
176 1296  0.0385 -0.0775 162.5659
208 1296  0.0330 -0.0292 135.1863
240 1296  0.0138 -0.0544 41.6700
272 1296  0.0322 -0.1058 24.3040
304 1296 -0.0001 -0.0263 14.0408
336 1296  0.0607 -0.1684 208.6800
368 1296  0.1242 -0.1634 48.9936
400 1296  0.0538 -0.0988 95.0905
432 1296  0.0333 -0.0246 38.0345
464 1296 -0.0055 -0.0309 19.6894
496 1296 -0.0021 -0.0242 24.3243
528 1296 -0.0007 -0.0175 10.6483
560 1296  0.0142  0.0053 16.6900
592 1296  0.0205  0.0010 15.6098
624 1296 -0.0189 -0.0303 13.0946
656 1296 -0.0513 -0.0513 34.8637
688 1296  0.0073  0.0100 12.5834
720 1296 -0.0134 -0.0077 13.3104
752 1296 -0.0143 -0.0150 17.2935
784 1296  0.0012  0.0225 11.4199
816 1296 -0.0245  0.0894  9.3206
848 1296  0.0024  0.0572 13.3381
880 1296  0.0387  0.0178 11.2965
912 1296 -0.0018 -0.0181 11.4942
944 1296 -0.0049 -0.0563 10.9536
976 1296  0.0038 -0.0265 11.2940
1008 1296  0.0326 -0.0661  9.2125
1040 1296  0.0348  0.0286  8.1999
1072 1296 -0.0286 -0.0063  9.7996
1104 1296  0.0251  0.0200 10.7364
1136 1296 -0.0126  0.0020 10.6692
1168 1296 -0.0471 -0.0011 10.1664
  0   0 -0.0673  0.0176  0.0000
  0   0 -0.0801  0.0007  0.0000
  0   0 -0.0895  0.0084  0.0000
  0   0 -0.0322  0.0309  0.0000
  0   0  0.0099 -0.0060  0.0000
  0   0  0.0174 -0.0491  0.0000
  0   0  0.0317 -0.0469  0.0000
  0   0  0.0534 -0.0795  0.0000
  0   0  0.0555 -0.1201  0.0000
  0   0  0.0505 -0.1010  0.0000
  0   0  0.0433 -0.0766  0.0000
  0   0  0.0311 -0.0860  0.0000
  0   0  0.0305 -0.1051  0.0000
  0   0  0.0291 -0.0782  0.0000
  0   0  0.0712 -0.1492  0.0000
  0   0  0.1017 -0.1472  0.0000
  0   0  0.0575 -0.0889  0.0000
  0   0  0.0166 -0.0177  0.0000
  0   0 -0.0459  0.0192  0.0000
  0   0 -0.0518  0.0715  0.0000
  0   0 -0.0368  0.0585  0.0000
  0   0 -0.0225  0.0474  0.0000
  0   0 -0.0195  0.0147  0.0000
  0   0 -0.0423 -0.0230  0.0000
  0   0 -0.0546 -0.0383  0.0000
  0   0 -0.0212 -0.0082  0.0000
  0   0 -0.0167 -0.0024  0.0000
  0   0 -0.0109  0.0135  0.0000
  0   0 -0.0000  0.0560  0.0000
  0   0 -0.0074  0.1019  0.0000
  0   0  0.0118  0.0832  0.0000
  0   0  0.0311  0.0366  0.0000
  0   0  0.0100 -0.0139  0.0000
  0   0 -0.0042 -0.0558  0.0000
  0   0 -0.0028 -0.0582  0.0000
  0   0  0.0076 -0.0709  0.0000
  0   0  0.0055 -0.0203  0.0000
  0   0 -0.0281 -0.0219  0.0000
  0   0 -0.0207 -0.0001  0.0000
  0   0 -0.0523 -0.0027  0.0000
  0   0 -0.0867  0.0045  0.0000
  0   0 -0.1056  0.0165  0.0000
  0   0 -0.1107  0.0145  0.0000
  0   0 -0.0998  0.0158  0.0000
  0   0 -0.0559  0.0145  0.0000
  0   0 -0.0126 -0.0146  0.0000
  0   0  0.0151 -0.0506  0.0000
  0   0  0.0392 -0.0728  0.0000
  0   0  0.0599 -0.1032  0.0000
  0   0  0.0671 -0.1299  0.0000
  0   0  0.0659 -0.1286  0.0000
  0   0  0.0605 -0.1203  0.0000
  0   0  0.0533 -0.1229  0.0000
  0   0  0.0517 -0.1282  0.0000
  0   0  0.0571 -0.1222  0.0000
  0   0  0.0779 -0.1430  0.0000
  0   0  0.0862 -0.1296  0.0000
  0   0  0.0562 -0.0780  0.0000
  0   0  0.0118 -0.0105  0.0000
  0   0 -0.0503  0.0524  0.0000
  0   0 -0.0915  0.1699  0.0000
  0   0 -0.0744  0.1257  0.0000
  0   0 -0.0613  0.0810  0.0000
  0   0 -0.0569  0.0307  0.0000
  0   0 -0.0628 -0.0119  0.0000
  0   0 -0.0613 -0.0294  0.0000
  0   0 -0.0404 -0.0147  0.0000
  0   0 -0.0250  0.0072  0.0000
  0   0 -0.0111  0.0404  0.0000
  0   0  0.0019  0.0825  0.0000
  0   0  0.0081  0.1122  0.0000
  0   0  0.0205  0.0983  0.0000
  0   0  0.0282  0.0525  0.0000
  0   0  0.0167 -0.0045  0.0000
  0   0  0.0030 -0.0538  0.0000
  0   0 -0.0043 -0.0777  0.0000
  0   0 -0.0083 -0.0855  0.0000
  0   0 -0.0197 -0.0616  0.0000
  0   0 -0.0447 -0.0451  0.0000
  0   0 -0.0630 -0.0218  0.0000
  0   0 -0.0951 -0.0067  0.0000
  0   0 -0.1269  0.0090  0.0000
  0   0 -0.1446  0.0223  0.0000
  0   0 -0.1441  0.0260  0.0000
  0   0 -0.1231  0.0227  0.0000
  0   0 -0.0805  0.0094  0.0000
  0   0 -0.0324 -0.0203  0.0000
  0   0  0.0096 -0.0575  0.0000
  0   0  0.0442 -0.0919  0.0000
  0   0  0.0694 -0.1252  0.0000
  0   0  0.0822 -0.1508  0.0000
  0   0  0.0851 -0.1609  0.0000
  0   0  0.0826 -0.1627  0.0000
  0   0  0.0788 -0.1643  0.0000
  0   0  0.0783 -0.1644  0.0000
  0   0  0.0825 -0.1590  0.0000
  0   0  0.0900 -0.1539  0.0000
  0   0  0.0865 -0.1273  0.0000
  0   0  0.0608 -0.0745  0.0000
  0   0  0.0193 -0.0053  0.0000
  0   0 -0.0350  0.0697  0.0000
  0   0 -0.1271  0.2678  0.0000
  0   0 -0.1099  0.1894  0.0000
  0   0 -0.0967  0.1114  0.0000
  0   0 -0.0898  0.0385  0.0000
  0   0 -0.0860 -0.0162  0.0000
  0   0 -0.0764 -0.0394  0.0000
  0   0 -0.0566 -0.0271  0.0000
  0   0 -0.0335  0.0113  0.0000
  0   0 -0.0111  0.0646  0.0000
  0   0  0.0082  0.1166  0.0000
  0   0  0.0225  0.1441  0.0000
  0   0  0.0329  0.1291  0.0000
  0   0  0.0350  0.0753  0.0000
  0   0  0.0255  0.0028  0.0000
  0   0  0.0103 -0.0639  0.0000
  0   0 -0.0042 -0.1061  0.0000
  0   0 -0.0184 -0.1186  0.0000
  0   0 -0.0378 -0.1031  0.0000
  0   0 -0.0661 -0.0748  0.0000
  0   0 -0.1006 -0.0411  0.0000
  0   0 -0.1406 -0.0100  0.0000
  0   0 -0.1765  0.0168  0.0000
  0   0 -0.1960  0.0360  0.0000
  0   0 -0.1915  0.0436  0.0000
  0   0 -0.1612  0.0373  0.0000
  0   0 -0.1102  0.0157  0.0000
  0   0 -0.0499 -0.0206  0.0000
  0   0  0.0077 -0.0655  0.0000
  0   0  0.0550 -0.1113  0.0000
  0   0  0.0876 -0.1519  0.0000
  0   0  0.1047 -0.1823  0.0000
  0   0  0.1096 -0.2001  0.0000
  0   0  0.1078 -0.2081  0.0000
  0   0  0.1050 -0.2104  0.0000
  0   0  0.1052 -0.2083  0.0000
  0   0  0.1085 -0.1999  0.0000
  0   0  0.1102 -0.1810  0.0000
  0   0  0.1016 -0.1432  0.0000
  0   0  0.0767 -0.0834  0.0000
  0   0  0.0371 -0.0064  0.0000
  0   0 -0.0112  0.0788  0.0000
