VARIABLES= "X pix", "Y pix", "U pix/dt", "V pix/dt", "CHC", ZONE I=37, J=41
304  16  0.0579 -0.1606 59.5809
336  16 -0.0083 -0.0878 18.9118
368  16 -0.0494 -0.0522 24.6753
400  16 -0.0510 -0.0899 88.5845
496  16 -0.0435 -0.1122 89.0435
528  16 -0.0424 -0.0871 39.0095
560  16 -0.0480 -0.0452 40.9600
592  16 -0.0515 -0.0127 50.5679
624  16 -0.0484  0.0260 54.6133
656  16 -0.0167  0.0302 46.5454
688  16  0.0309  0.0503 273.0666
304  48  0.0625  0.0817 52.5128
336  48  0.0480  0.0927 29.4676
368  48 -0.0072  0.0463 110.7027
496  48 -0.0803 -0.0616 71.8596
528  48 -0.0133 -0.0278 27.3067
560  48 -0.0075 -0.0340 40.1569
592  48 -0.0423 -0.0423 204.2624
688  48 -0.0090  0.0093 227.5554
720  48  0.0142  0.0537 29.2571
752  48  0.0172  0.0678 36.2478
784  48 -0.0060  0.0255 34.1034
816  48  0.0473  0.0138 107.7894
304  80  0.0628  0.0079 49.3494
336  80  0.0675 -0.0319 30.7970
368  80  0.0491 -0.0478 50.5679
400  80  0.0242 -0.0271 47.0804
432  80  0.0048  0.0173 43.5745
464  80 -0.0389  0.0576 4095.9939
496  80 -0.0208  0.0730 71.8596
528  80 -0.0030  0.0669 28.4444
560  80  0.0170  0.0165 48.7619
592  80 -0.0090 -0.0180 38.9524
688  80  0.0438  0.2259 341.3332
720  80  0.1296  0.4435 80.3137
752  80  0.1851  0.4935 87.1489
784  80 -0.0306 -0.2708 48.0469
816  80 -0.8755 -3.6474 85.5880
 16 144 -0.0289 -0.0694 65.6799
 48 144 -0.0692 -0.0512 174.4640
 80 144 -0.0246 -0.0786 96.1003
112 144 -0.0083 -0.1059 135.9535
144 144 -0.0127 -0.0599 137.7489
176 144 -0.0308 -0.0150 207.2508
208 144 -0.0130 -0.0502 80.4992
240 144 -0.0052 -0.0654 171.4613
272 144 -0.0042 -0.0331 29.9807
304 144  0.0047  0.0002 76.4260
336 144  0.0176  0.0029 66.8789
368 144  0.0003  0.0493 150.7430
400 144  0.0093  0.0364 231.0748
432 144  0.0235  0.0480 170.1340
464 144  0.0448  0.0714 106.0711
496 144  0.0382  0.0780 188.9360
528 144  0.0295  0.0726 202.2637
560 144 -0.0845 -0.0794 118.0770
592 144  0.0415  0.0383 138.1488
624 144  0.0272  0.0263 98.6464
656 144  0.0098  0.0378 177.8711
688 144  0.0275  0.0289 92.5104
720 144  0.0327  0.0296 149.6231
752 144  0.0444  0.0522 135.9443
784 144 -0.0012  0.0042 72.2806
816 144  0.0627  0.0067 136.1365
848 144  0.0432  0.0243 173.9920
880 144  0.0452 -0.0108 70.3704
912 144  0.0255 -0.0038 156.2707
944 144  0.0081  0.0040 113.6277
976 144  0.0251  0.0259 66.1676
1008 144 -0.0370  0.0468 43.6226
1040 144  0.0008  0.0434 72.9827
1072 144 -0.0148  0.0450 128.7654
1104 144  0.0192  0.0422 51.3534
1136 144  0.0034  0.0110 42.9537
1168 144 -0.0281  0.0596 60.6679
 16 176 -0.0599 -0.0872 36.1329
 48 176 -0.0326 -0.2202 75.5099
 80 176 -0.0624 -0.0512 275.5542
112 176 -0.0085 -0.1006 222.2814
144 176 -0.0383 -0.0612 268.2984
176 176 -0.0049 -0.0667 161.4206
208 176 -0.0064 -0.0501 106.2441
240 176 -0.0996 -0.0140 255.4740
272 176  0.0074 -0.0320 96.7399
304 176 -0.0030 -0.0225 153.7346
336 176  0.0197  0.0263 166.0348
368 176  0.0249 -0.0036 237.2270
400 176  0.0168  0.0153 188.2440
432 176  0.0580  0.0347 148.2529
464 176  0.0992  0.0309 216.8905
496 176  0.0574  0.0406 198.3246
528 176  0.0495  0.0735 61.4093
560 176  0.0068  0.0610 215.7690
592 176  0.0197  0.0829 86.9096
624 176  0.0130  0.0422 211.3281
656 176  0.0365  0.0384 214.3875
688 176  0.0306  0.0179 120.7769
720 176  0.0145  0.0147 107.4998
752 176 -0.0232  0.0390 233.4350
784 176  0.0191 -0.0077 81.7277
816 176  0.0081 -0.0046 81.1922
848 176  0.0409 -0.0138 198.9503
880 176  0.0201 -0.0054 89.1583
912 176  0.0329 -0.0289 137.9017
944 176  0.0207 -0.0003 149.2808
976 176  0.0411 -0.0041 104.1563
1008 176  0.0158  0.0130 138.5023
1040 176  0.0042  0.0653 40.9173
1072 176 -0.0008  0.0354 158.0242
1104 176  0.0087  0.0287 87.1076
1136 176  0.0131  0.0363 143.9492
1168 176  0.0113  0.0345 221.6769
 16 208 -0.0255 -0.0552 56.8907
 48 208 -0.1017 -0.1059 160.5784
 80 208  0.0123 -0.0176 393.0040
112 208 -0.0825 -0.0746 198.9988
144 208 -0.1305 -0.1264 66.5448
176 208 -0.0763 -0.0842 262.6045
208 208 -0.0259 -0.0649 262.4889
240 208 -0.0299 -0.0319 170.8846
272 208 -0.0071 -0.0071 275.7180
304 208  0.0024  0.0110 162.1954
336 208  0.0214  0.0097 281.5913
368 208  0.0799  0.0041 388.7479
400 208  0.0342  0.0229 119.8255
432 208  0.0457  0.0757 106.4475
464 208  0.0361  0.0504 191.4556
496 208  0.0426  0.0730 132.9941
528 208  0.0172  0.0855 174.0060
560 208  0.0221  0.0396 158.4243
592 208  0.0170  0.0352 127.6217
624 208  0.0490  0.0110 190.0237
656 208  0.0027  0.0235 99.7847
688 208  0.0253  0.0272 107.5596
720 208  0.1863  0.0186 136.7467
752 208  0.0394  0.0094 155.1552
784 208  0.0445 -0.0031 202.5142
816 208  0.0237 -0.0252 147.5046
848 208  0.0210 -0.0066 170.3538
880 208  0.0557 -0.0099 245.5270
912 208  0.0079  0.0031 45.3747
944 208  0.0319 -0.0178 79.1049
976 208  0.0265  0.0081 130.9216
1008 208  0.0358  0.0233 126.1629
1040 208 -0.0092  0.0189 183.5349
1072 208  0.0056  0.0361 177.4660
1104 208  0.0192  0.0249 76.4788
1136 208  0.0041  0.0207 95.1799
1168 208  0.0021  0.0606 158.4719
 16 240 -0.0463 -0.1613 72.2055
 48 240 -0.0022 -0.0572 25.6614
 80 240 -0.0776 -0.0637 256.1679
112 240 -0.0626 -0.1463 91.7068
144 240 -0.0840 -0.1073 137.1844
176 240 -0.0968 -0.1448 222.8785
208 240 -0.0434 -0.0469 23.2082
240 240 -0.0489 -0.0384 214.5189
272 240 -0.0057 -0.0229 113.5318
304 240  0.0250 -0.0396 155.3054
336 240  0.0161 -0.0041 162.0961
368 240  0.0166  0.0135 121.9261
400 240  0.0279  0.0246 281.9485
432 240  0.0465  0.0153 77.7762
464 240  0.0547  0.0538 181.2996
496 240  0.0376  0.0498 287.2863
528 240  0.0407  0.0660 82.6476
560 240  0.0091  0.0534 135.0508
592 240  0.0259  0.0529 162.0968
624 240  0.0249  0.0128 109.2516
656 240  0.0378  0.0173 184.0728
688 240  0.0251  0.0170 154.1383
720 240  0.0740  0.0095 79.4156
752 240  0.0374  0.0044 222.1254
784 240  0.0454 -0.0012 106.8699
816 240  0.0196  0.0007 129.8498
848 240  0.0194 -0.0316 166.8027
880 240  0.0313  0.0128 95.7699
912 240  0.0416  0.0253 91.1986
944 240  0.0309  0.0132 75.2539
976 240 -0.0051  0.0125 176.6660
1008 240 -0.0744  0.0506 99.5100
1040 240  0.0146  0.0191 176.6275
1072 240  0.0071  0.0433 142.7168
1104 240 -0.0213  0.0665 114.7698
1136 240  0.0317  0.0734 123.8548
1168 240  0.0132  0.0345 165.3348
 16 272 -0.1120 -0.1579 81.2226
 48 272 -0.0175 -0.0184 23.4811
 80 272 -0.0841 -0.0778 154.2646
112 272 -0.1247 -0.1609 248.4910
144 272 -0.2151 -0.1076 101.1197
176 272 -0.0887 -0.0525 219.3672
208 272 -0.1972 -0.0088 273.5522
240 272 -0.0342 -0.0662 58.3890
272 272 -0.0210 -0.0419 80.8743
304 272  0.0031 -0.0250 124.5280
336 272  0.0230 -0.0065 166.6413
368 272  0.0211 -0.0041 134.2371
400 272  0.0268  0.0194 249.3280
432 272  0.0755  0.0426 163.8610
464 272  0.0327  0.0442 43.9825
496 272  0.0451  0.0729 323.6196
528 272  0.0142  0.0515 268.2332
560 272  0.0324  0.0898 30.3494
592 272  0.0459  0.0318 250.4901
624 272  0.0307  0.0159 151.5397
656 272  0.0312 -0.0019 180.1810
688 272  0.0093  0.0078 101.8155
720 272  0.0229  0.0065 91.8208
752 272  0.0484 -0.0035 110.8592
784 272  0.0354 -0.0203 114.2069
816 272  0.0254 -0.0160 238.2811
848 272  0.0861 -0.0174 98.1582
880 272  0.0304 -0.0176 79.5533
912 272  0.0405  0.0201 66.1275
944 272  0.0600  0.0102 154.3487
976 272  0.0415 -0.0046 207.4636
1008 272  0.0070  0.0036 107.9868
1040 272  0.0101  0.0286 96.7076
1072 272 -0.0001  0.0206 53.5455
1104 272 -0.0133  0.0165 90.7036
1136 272 -0.0119  0.0780 81.3141
1168 272 -0.0182  0.0485 51.9909
 16 304 -0.2163 -0.1918 47.7791
 48 304 -0.0758 -0.1147 57.1453
 80 304 -0.0768 -0.1924 210.1215
112 304 -0.3084 -0.2530 304.3077
144 304 -0.0459 -0.1130 236.7964
176 304 -0.1059 -0.0866 249.8393
208 304 -0.0491 -0.0627 287.7827
240 304 -0.0707 -0.0682 127.4669
272 304  0.0181 -0.0677 132.6782
304 304 -0.0080 -0.0592 274.1138
336 304 -0.0109 -0.0104 263.4744
368 304  0.0183 -0.0130 115.1917
400 304 -0.0010  0.0098 31.7118
432 304  0.0433  0.0264 60.8328
464 304  0.1061  0.0708 183.7015
496 304  0.0569  0.0585 168.1083
528 304  0.0797  0.0652 93.7308
560 304  0.0296  0.0163 163.1655
592 304  0.0800  0.0179 164.1157
624 304  0.0108  0.0457 159.0506
656 304  0.0192  0.0263 148.0484
688 304  0.0447 -0.0114 76.8091
720 304  0.0489 -0.0087 147.1467
752 304  0.0802 -0.0066 78.8951
784 304  0.0309 -0.0273 139.8768
816 304  0.0510 -0.0405 120.2000
848 304  0.0374 -0.0080 102.4742
880 304  0.0549 -0.1144 135.1088
912 304  0.0410 -0.0145 85.4897
944 304  0.0259 -0.0063 114.7130
976 304  0.0142  0.0031 153.5441
1008 304 -0.0019  0.0114 63.8442
1040 304 -0.0436  0.0412 54.7165
1072 304 -0.0118  0.0708 119.7507
1104 304  0.0010  0.0571 202.1057
1136 304 -0.0261  0.0723 89.0903
1168 304 -0.0226  0.0574 63.4649
 16 336 -0.2160 -0.2198 162.0227
 48 336 -0.1031 -0.0828 31.9581
 80 336 -0.1395 -0.2173 210.3349
112 336 -0.1645 -0.1406 214.1250
144 336 -0.2521 -0.1722 216.5063
176 336 -0.0374 -0.1582 220.3353
208 336 -0.2077 -0.2898 432.9232
240 336 -0.0621 -0.0839 167.0029
272 336 -0.0119 -0.0488 16.1817
304 336 -0.0192 -0.1537 219.7138
336 336 -0.0183 -0.0624 297.8794
368 336 -0.0023 -0.0272 141.1822
400 336  0.0152 -0.0033 65.0847
432 336  0.0380  0.0138 153.2145
464 336  0.0169  0.0559 109.4431
496 336 -0.0963 -0.0114 39.4381
528 336 -0.0014  0.0421 135.2260
560 336  0.0376  0.0524 74.1518
592 336  0.0873  0.0213 241.6152
624 336  0.0419  0.0792 103.2720
656 336  0.0266  0.0324 119.1419
688 336  0.0488 -0.0047 118.5641
720 336  0.0503  0.0074 125.5510
752 336  0.0354 -0.0185 84.1026
784 336  0.0524 -0.0314 140.4727
816 336  0.0628 -0.0356 101.7313
848 336  0.0819 -0.0195 117.9313
880 336  0.0591 -0.0265 97.8854
912 336  0.0325  0.0262 102.7499
944 336  0.0336 -0.0247 196.5061
976 336  0.0493 -0.0318 99.4569
1008 336 -0.0010  0.0442 91.8601
1040 336 -0.0054  0.0357 92.0710
1072 336  0.0061  0.0468 96.4422
1104 336  0.0002  0.0531 192.1764
1136 336 -0.0119  0.0455 129.2397
1168 336 -0.0238  0.0549 81.3129
 16 368 -0.1770 -0.0891 20.0594
 48 368 -0.2643 -0.2278 32.3969
 80 368 -0.1482 -0.3985 109.0927
112 368 -0.1162 -0.3377 41.8207
144 368 -0.1962 -0.2203 42.5825
176 368 -0.1139 -0.2203 17.0837
208 368 -0.1134 -0.1399 135.7030
240 368 -0.1132 -0.1451 53.0611
272 368 -0.0432 -0.2071 76.6221
304 368 -0.0493 -0.0745 188.4886
336 368 -0.0291 -0.0945 294.3658
368 368  0.0105 -0.0340 275.8101
400 368  0.0235  0.0145 309.4478
432 368  0.0138  0.0248 184.1798
464 368  0.0385  0.0085 102.2174
496 368  0.0532  0.0286 313.4947
528 368  0.0440  0.0371 154.4621
560 368  0.0883  0.0607 63.5128
592 368  0.0307  0.0662 170.9521
624 368  0.0555  0.0322 217.7095
656 368  0.0790  0.0325 160.0356
688 368  0.0415 -0.0015 129.1576
720 368  0.0463 -0.0108 164.2852
752 368  0.0599 -0.0201 90.0213
784 368  0.0682 -0.0327 132.1198
816 368  0.0122 -0.0243 240.6662
848 368  0.0596 -0.0298 66.8420
880 368  0.0807 -0.0304 120.8082
912 368  0.0425 -0.0164 120.1251
944 368  0.0038  0.0071 220.8456
976 368  0.0404 -0.0018 35.2223
1008 368  0.0806  0.0863 363.2730
1040 368  0.0139  0.0227 182.1527
1072 368  0.0109 -0.0029 88.3208
1104 368 -0.0480  0.0611 124.1103
1136 368 -0.0472  0.1090 128.5267
1168 368 -0.0321  0.1168 118.9580
 16 400 -0.1480 -0.6989 229.2963
 48 400 -0.1040 -0.1567 55.8745
 80 400 -0.2448 -0.4316 194.8167
112 400 -0.1101 -0.2542 173.1885
144 400 -0.0594 -0.2082 18.3538
176 400 -0.2427 -0.3361 178.5087
208 400 -0.1210 -0.3946 75.3837
240 400 -0.0819 -0.1621 56.0774
272 400 -0.0534 -0.2577 249.3204
304 400 -0.0143 -0.1221 185.4414
336 400 -0.0552 -0.0842 176.4321
368 400 -0.0131 -0.0282 119.0183
400 400  0.0280 -0.0699 49.3824
432 400  0.0342  0.0038 244.6620
464 400  0.0226  0.0251 175.6975
496 400  0.0259  0.0216 34.2911
528 400  0.0370  0.0467 135.9681
560 400  0.0443  0.0426 197.2257
592 400  0.0621  0.0139 182.7088
624 400  0.0686  0.0368 148.4389
656 400  0.0789  0.0447 111.2569
688 400  0.0355 -0.0010 157.9111
720 400  0.0419 -0.0037 177.6049
752 400  0.0649 -0.0358 94.2769
784 400  0.0464 -0.0312 148.5259
816 400  0.0861 -0.0474 125.6116
848 400  0.0853 -0.0329 154.8495
880 400  0.0412 -0.0287 158.8652
912 400  0.0351 -0.0065 141.9863
944 400  0.0394 -0.0108 120.7675
976 400  0.0221  0.0104 74.0269
1008 400 -0.0014  0.0376 57.5062
1040 400 -0.0548 -0.0981 144.5210
1072 400 -0.0110  0.0787 110.8924
1104 400 -0.0351  0.0890 145.9144
1136 400 -0.0440  0.0994 60.1833
1168 400 -0.0715  0.0778 180.1046
 16 432 -0.3326 -0.1334 163.1158
 48 432 -0.1088 -0.5483 160.9130
 80 432 -0.7061 -0.3587 238.6295
112 432 -0.4473 -0.3292 54.3040
144 432 -0.2293 -0.5949 224.8163
176 432 -0.2286 -0.3041 178.4790
208 432 -0.2629 -0.3296 31.9542
240 432 -0.1308 -0.2827 315.5544
272 432 -0.1208 -0.1528 157.7154
304 432 -0.0612 -0.4217 109.8172
336 432 -0.0885 -0.1192 214.5439
368 432  0.0195 -0.1010 205.4272
400 432  0.0020 -0.0440 146.9096
432 432  0.0387 -0.0094 79.4075
464 432  0.0303  0.0321 116.2150
496 432  0.0566  0.0261 159.9012
528 432  0.0609  0.0141 71.6761
560 432  0.0804  0.0511 123.7416
592 432  0.0566  0.0202 88.2194
624 432  0.0665  0.0298 128.5996
656 432  0.0586  0.0003 87.7965
688 432  0.1079  0.0186 69.9135
720 432  0.0341 -0.0023 162.0656
752 432  0.1008 -0.0447 117.3063
784 432  0.1098 -0.0679 101.4415
816 432  0.0574 -0.0455 106.6207
848 432  0.0944 -0.0797 181.5410
880 432  0.0491 -0.0235 179.2043
912 432  0.0268 -0.0084 97.4170
944 432  0.0398  0.0062 83.5808
976 432 -0.0008  0.0258 81.7286
1008 432 -0.0125  0.0274 100.3254
1040 432 -0.0143  0.0516 166.7670
1072 432 -0.0170  0.0458 26.3027
1104 432 -0.0073  0.0653 188.7432
1136 432 -0.0202  0.1346 79.3649
1168 432 -0.0073  0.1311 202.3218
 16 464 -0.0254 -0.0839 27.5736
 48 464 -0.2038 -0.4194 145.3579
 80 464 -0.3401 -0.4264 138.9130
112 464 -0.2787 -0.2731 159.4959
144 464 -0.3535 -0.2886 157.3458
176 464 -0.3180 -0.3592 129.0090
208 464 -0.2195 -0.3330 136.3111
240 464 -0.3759 -0.4333 152.5817
272 464 -0.3077 -0.4185 224.7119
304 464 -0.0564 -0.1376 168.8717
336 464 -0.1035 -0.1385 192.4158
368 464 -0.0252 -0.1008 250.0561
400 464  0.0058 -0.0696 78.4185
432 464 -0.0278 -0.0122 61.1637
464 464  0.0233 -0.0062 133.2569
496 464  0.0167 -0.0159 14.3909
528 464  0.0327  0.0001 157.8460
560 464  0.0137 -0.0165 119.9014
592 464  0.0753  0.0265 101.4504
624 464  0.0398  0.0157 87.3205
656 464  0.0301 -0.0140 312.8540
688 464  0.0451 -0.0096 148.8483
720 464  0.0718  0.0088 81.5537
752 464  0.0635 -0.0264 46.9588
784 464  0.0736 -0.0585 81.5698
816 464  0.0794 -0.1000 108.8579
848 464  0.0231 -0.1008 82.3572
880 464  0.0867 -0.0218 71.9864
912 464  0.0339  0.0028 251.7887
944 464  0.0183  0.0014 53.0064
976 464  0.0023  0.0468 151.9029
1008 464 -0.0063  0.0300 47.6469
1040 464 -0.1136 -0.0140 173.5981
1072 464 -0.2144 -0.0575 155.4036
1104 464 -0.2657 -0.0364 179.4306
1136 464 -0.0148  0.0444 94.7478
1168 464 -0.0657  0.0990 109.1161
 16 496 -0.3680 -0.1356 114.8126
 48 496 -0.2815 -0.2206 27.2518
 80 496 -0.3465 -0.2731 25.2198
112 496 -0.4465 -0.1389 197.3354
144 496 -1.1723 -0.1913 95.2054
176 496 -0.2450 -0.2386 137.3790
208 496 -0.4012 -0.2908 17.7213
240 496 -0.2915 -0.3684 65.4390
272 496 -0.1707 -0.1099 20.4760
304 496 -0.1343 -0.2205 126.1567
336 496 -0.0878 -0.2420 186.6080
368 496 -0.0135 -0.0767 47.5950
400 496  0.0144 -0.0907 61.8950
432 496  0.0054 -0.0163 191.7376
464 496  0.0183 -0.0244 278.9807
496 496  0.0464 -0.0032 212.0606
528 496  0.0482  0.0352 151.2337
560 496  0.0895  0.0103 113.8878
592 496  0.0171  0.0096 38.6474
624 496  0.0770  0.0047 115.2902
656 496  0.0882  0.0279 111.9005
688 496  0.0869  0.0038 98.5352
720 496  0.1187  0.0225 83.0178
752 496  0.1024 -0.0349 130.7685
784 496  0.0718 -0.0970 106.8875
816 496  0.0759 -0.0658 118.8367
848 496  0.0720 -0.0540 65.0963
880 496  0.0531 -0.0316 137.5460
912 496  0.0154 -0.0040 91.2662
944 496  0.0549 -0.0010 292.5036
976 496  0.0076  0.0620 79.1014
1008 496 -0.0765  0.0682 195.9905
1040 496  0.0136  0.0827 44.7719
1072 496 -0.0588  0.0868 70.0424
1104 496 -0.0841  0.1463 100.6810
1136 496 -0.0955  0.1534 66.7266
1168 496 -0.3162 -0.1006 95.0417
 16 528 -0.5079 -0.2636 59.7237
 48 528 -0.7639 -0.2798 46.0638
 80 528 -0.5313 -0.2052 20.7627
112 528 -0.2878 -0.3269 128.6463
144 528 -0.2978 -0.6243 208.7892
176 528 -0.5565 -0.6088 131.1284
208 528 -0.4305 -0.4566 145.4043
240 528 -0.2052 -0.3507 27.1706
272 528 -0.1800 -0.5141 128.6446
304 528 -0.1301 -0.5562 32.5869
336 528 -0.1075 -0.2339 288.2531
368 528 -0.0420 -0.1366 283.1574
400 528 -0.0293 -0.1415 200.0823
432 528  0.0157 -0.0344 124.6370
464 528 -0.0261 -0.0449 215.3020
496 528  0.0049 -0.0122 47.1849
528 528  0.0688  0.0075 159.4091
560 528  0.0559  0.0135 162.5635
592 528  0.0715 -0.0046 118.4524
624 528  0.0495 -0.0053 39.1328
656 528  0.0744  0.0151 129.3507
688 528  0.0883 -0.0324 75.2753
720 528  0.1139 -0.0680 113.9845
752 528  0.0350 -0.0711 172.5793
784 528  0.0652 -0.1323 75.1878
816 528  0.0925 -0.1203 97.4064
848 528  0.0790 -0.0447 139.3123
880 528  0.0487  0.0054 180.8533
912 528  0.0099  0.0290 126.3182
944 528 -0.0602  0.0060 132.3429
976 528 -0.0295  0.0483 196.0606
1008 528 -0.0803  0.1317 88.8558
1040 528 -0.0462  0.0629 92.6116
1072 528 -0.1017  0.1708 63.0237
1104 528 -0.0701  0.1817 112.7555
1136 528 -0.1392  0.1392 108.4861
1168 528 -0.1034  0.1188 109.6438
 16 560 -0.2913 -0.2442 27.1584
 48 560 -0.8359 -0.5249 60.2569
 80 560 -0.4866 -0.5263 121.7818
112 560 -0.5628 -0.5373 123.0600
144 560 -0.4477 -0.6116 75.0202
176 560 -0.5196 -0.5916 74.7843
208 560 -0.4151 -0.8454 124.7166
240 560 -0.3458 -0.9780 122.8628
272 560 -0.3218 -0.4041 21.4376
304 560 -0.4474 -0.3196 131.9912
336 560 -0.0662 -0.3151 327.6395
368 560 -0.0933 -0.3102 290.1368
400 560 -0.0093 -0.0147 12.0993
432 560 -0.0463 -0.1057 73.2606
464 560  0.0107  0.0008 224.6647
496 560  0.0298 -0.0308 46.3201
528 560  0.0941  0.0417 184.1794
560 560  0.0454 -0.0103 97.0526
592 560  0.0835 -0.0226 148.0600
624 560  0.1081 -0.0372 116.5589
656 560  0.1077 -0.0256 48.9837
688 560  0.1053 -0.0376 49.5993
720 560  0.0954 -0.0799 113.4470
752 560  0.1147 -0.1988 64.0397
784 560  0.0673 -0.1259 136.1370
816 560  0.0147 -0.1080 94.4342
848 560  0.0921 -0.0912 119.7358
880 560  0.0406 -0.0433 94.0876
912 560  0.0290 -0.0194 63.3878
944 560 -0.0494  0.0226 101.1126
976 560 -0.0275  0.0325 138.3367
1008 560 -0.0693  0.0920 134.1988
1040 560 -0.0205  0.0642 102.1479
1072 560 -0.1038  0.1282 126.0780
1104 560 -0.1720  0.1361 98.2145
1136 560 -0.1860  0.1832 109.1690
1168 560 -0.0586  0.1575 57.5583
 16 592 -0.3356 -0.2451 69.3061
 48 592 -0.2891 -0.0370 11.0471
 80 592 -0.3917 -0.3057 115.0579
112 592 -1.4558 -0.8210 223.5899
144 592 -1.3989 -0.8291 180.3895
176 592 -0.7876 -1.2626 134.6618
208 592 -0.4773 -1.1454 127.2232
240 592 -0.7849 -0.8065 292.4135
272 592 -0.2682 -0.7209 76.7225
304 592 -0.2866 -0.3422 25.4672
336 592 -0.4007 -0.3731 68.5191
368 592 -0.3360 -0.3125 140.8203
400 592 -0.2083 -0.2014 144.4738
432 592 -0.1988 -0.0221 286.1636
464 592 -0.1128 -0.1723 231.3167
496 592 -0.0274 -0.0544 104.3166
528 592  0.0446 -0.0433 156.7034
560 592  0.0686 -0.0052 197.4971
592 592  0.0906 -0.0512 55.1887
624 592  0.1389 -0.0814 107.1371
656 592  0.1023 -0.1082 225.9218
688 592  0.1465 -0.1306 78.8144
720 592  0.2324 -0.1322 208.0616
752 592  0.0839 -0.2342 108.5017
784 592  0.0306 -0.2486 89.5828
816 592  0.0757 -0.1812 122.4622
848 592  0.0083 -0.2739 128.3581
880 592  0.0311 -0.1641 96.8393
912 592 -0.0012 -0.0389 79.9629
944 592 -0.0322  0.0433 114.1770
976 592 -0.0708  0.0923 82.5297
1008 592 -0.1000  0.1143 101.1668
1040 592 -0.0170  0.0595 175.5094
1072 592 -0.0996  0.1067 58.8854
1104 592 -0.1521  0.1460 169.7568
1136 592 -0.1419  0.1684 89.4820
1168 592 -0.0995  0.1436 51.8329
 16 624 -0.3591 -0.0332 31.6445
 48 624 -0.2340 -0.0811 69.2160
 80 624 -0.3138 -0.2318 45.1917
112 624 -0.8512 -0.6451 219.3009
144 624 -0.9008 -0.6431 200.0597
176 624 -0.9011 -0.8946 128.2717
208 624 -1.0045 -0.9133 151.8015
240 624 -0.7965 -1.1351 15.7480
272 624 -0.0793 -0.1026 37.2906
304 624 -1.0169 -1.1637 120.4650
336 624 -0.9630 -0.4361 119.0317
368 624 -0.8587 -0.5303 191.4884
400 624 -0.4954 -0.1880 125.7438
432 624 -0.3253 -0.1231 193.2592
464 624 -0.3579 -0.1577 115.0249
496 624 -0.2383 -0.1859 114.6814
528 624 -0.0716 -0.0988 83.7038
560 624  0.0692 -0.0822 115.9061
592 624  0.0876 -0.0374 108.6770
624 624  0.1143 -0.1014 39.2685
656 624  0.1785 -0.2076 53.6589
688 624  0.1711 -0.2942 151.9614
720 624  0.2173 -0.2948 101.3156
752 624  0.0959 -0.5460 123.6202
784 624  0.1280 -0.2859 137.3031
816 624  0.0732 -0.3913 164.0068
848 624 -0.0573 -0.2446 130.6202
880 624  0.0459 -0.3402 57.8396
912 624 -0.0134 -0.1279 131.3550
944 624 -0.0414 -0.0445 107.2944
976 624 -0.0793  0.0631 64.2267
1008 624 -0.1537  0.1706 166.5513
1040 624 -0.2055  0.1895 155.4389
1072 624 -0.1396  0.1680 221.5276
1104 624 -0.1218  0.1223 114.5822
1136 624  0.0058  0.2977 147.0829
1168 624 -0.1577  0.1750 91.7106
 16 656 -0.9015 -0.3354 45.6613
 48 656 -0.6237 -0.2586 197.1558
 80 656 -0.4139 -0.3400 126.2420
112 656 -0.3881 -0.2530 28.1297
144 656 -0.3673 -0.0524 14.5166
176 656 -0.6305 -0.9271 83.7609
208 656 -1.1328 -1.1857 119.4168
240 656 -0.8894 -1.2009 89.6535
272 656 -0.8552 -0.2863 270.2826
304 656 -1.3815 -0.6557 18.9922
336 656 -0.2453 -0.1598 12.2882
368 656 -0.9248 -0.3676 81.2325
400 656 -1.1408 -0.2056 178.8937
432 656 -1.2737 -0.0779 138.1171
464 656 -0.7694 -0.2356 61.5602
496 656 -0.2865 -0.3888 101.1466
528 656 -0.1739 -0.2697 20.7670
560 656  0.0979 -0.0685 82.7225
592 656  0.0494 -0.0957 210.0382
624 656  0.0748 -0.0923 92.9768
656 656  0.1160 -0.2455 205.3814
688 656  0.1909 -0.7111 50.1726
720 656  0.2016 -1.0152 136.6835
752 656  0.3004 -0.3130 54.5849
784 656  0.0938 -0.9755 76.2605
816 656 -0.0773 -0.8422 102.6725
848 656 -0.0210 -0.7094 33.8748
880 656 -0.0073 -0.6154 114.6334
912 656  0.0558 -0.5781 95.8982
944 656 -0.0409 -0.0657 70.2477
976 656 -0.0786 -0.0673 95.8949
1008 656 -0.0935  0.0529 88.1051
1040 656 -0.1693  0.1199 121.4471
1072 656 -0.0943  0.1833 92.5037
1104 656 -0.2515  0.1263 86.9454
1136 656 -0.1502  0.1562 125.6317
1168 656 -0.1252  0.1062 142.5931
 16 688 -0.0389 -0.0056 23.4153
 48 688 -0.1291 -0.1073 226.5434
 80 688 -0.5685 -0.1558 151.3485
112 688 -0.1618 -0.1793 104.7323
144 688 -0.4414 -0.3058 64.9025
176 688 -0.8311 -0.7242 193.4921
208 688 -0.6475 -0.8639 158.3754
240 688 -0.9127 -1.1446 19.8542
272 688 -1.0234 -0.3086  1.0000
304 688 -1.0873 -0.9987 161.0584
336 688 -1.0205 -0.3484 29.6116
368 688 -1.2151 -0.0898 166.1544
400 688 -1.1188  0.0229 107.0586
432 688 -1.6672 -0.0005 109.6854
464 688 -1.0575 -0.8400 84.2088
496 688 -1.0826 -0.7888 90.5332
528 688 -0.2076 -0.4752 140.4104
560 688 -0.1152 -0.2670 37.4706
592 688 -0.0232 -0.2113 153.0330
624 688  0.0394 -0.2128 243.9390
656 688 -0.0282 -0.1557 56.0695
688 688 -0.2997 -0.7447 42.9254
720 688 -0.5230 -0.1082  8.5056
752 688 -0.0109 -0.2885 35.0008
784 688 -0.0673 -1.1886 14.4880
816 688 -0.1420 -1.5946 71.1931
848 688  0.3843 -0.1658 29.9362
880 688 -0.2745 -0.2872 37.5595
912 688  0.1271 -0.7399 73.1168
944 688  0.0331 -0.3319 118.8832
976 688 -0.0356 -0.0549 90.5799
1008 688 -0.1985  0.0043 114.1018
1040 688 -0.2252  0.0352 146.4392
1072 688 -0.2176  0.0421 106.8478
1104 688 -0.3021  0.0422 162.7657
1136 688 -0.1704  0.2461 144.9876
1168 688 -0.2321  0.2427 217.1412
 16 720 -0.0288 -0.0673 51.1114
 48 720 -0.0798 -0.0891 83.8499
 80 720 -0.3447 -0.1201 242.1066
112 720 -0.1388 -0.1449 128.6246
144 720 -0.1752 -0.1906 179.9112
176 720 -0.8475 -0.7106 78.9045
208 720 -1.0924 -0.8545 85.3178
240 720 -0.9711 -1.3977 156.0842
272 720 -1.4308 -0.2620 26.0878
304 720 -0.8846 -0.6629 20.4946
336 720 -1.1868 -0.3281 202.6037
368 720 -0.8885  0.4562 122.9322
400 720 -1.1118  0.9929 77.3539
432 720 -0.8552 -0.1427 50.0742
464 720 -0.3886  0.0383 14.9272
496 720 -0.1372 -0.0304 31.1541
528 720 -0.6637 -1.4125 48.7221
560 720 -0.0068 -0.4659 217.8854
592 720 -0.0102 -0.2427 157.8929
624 720 -0.0397 -0.4257 36.2997
656 720 -2.0737  0.1123 10.4224
688 720 -0.1976  1.7425 26.3069
720 720 -1.6748  0.2452  5.6819
752 720  0.0715  0.3115  9.9446
784 720  0.2392 -0.2137  9.4775
816 720  0.1354  0.1226 14.6609
848 720  1.0028  0.4533 10.4021
880 720 -1.6861 -0.0383  9.6629
912 720  0.1203 -1.0671 43.9116
944 720  0.0199 -0.2066 92.2586
976 720 -0.0018 -0.1540 144.5518
1008 720 -0.0715 -0.0488 60.0652
1040 720 -0.2416  0.0171 149.8455
1072 720 -0.0742  0.0676 101.6012
1104 720 -0.1957  0.0260 119.0357
1136 720 -0.2158  0.0790 85.9722
1168 720 -0.2143  0.0909 26.5610
 16 752 -0.0006 -0.0063 40.5764
 48 752 -0.0152 -0.0344 204.4193
 80 752 -0.0606 -0.1124 139.9931
112 752 -0.5378 -0.3597 121.5564
144 752 -0.2421 -0.1431 249.0391
176 752 -0.1144 -0.0105 103.8740
208 752 -0.3041 -0.1541 32.0192
240 752 -0.8400 -1.1821 46.0888
272 752 -0.3988 -0.1169 17.8830
304 752 -1.2504 -0.8455 44.5412
336 752 -0.5618  0.1081 156.0768
368 752 -0.1050  0.4968 60.7472
400 752 -0.1335  1.4957 38.2479
432 752 -0.2448 -0.0334 63.4621
464 752  0.1379 -0.0799 11.7225
496 752  0.0711 -0.0105  8.5053
528 752  0.1861 -0.4717 59.7373
560 752 -0.2459 -0.7385 86.4200
592 752 -0.0117 -0.0632 199.6805
624 752 -0.0815 -0.1229 45.3759
656 752 -0.7907  0.0733 11.0868
688 752 -0.3158 -0.0508 17.0366
720 752 -0.4094  0.4361  7.7917
752 752  0.2864  0.3089 11.6423
784 752 -0.5501  0.0127  7.5906
816 752 -0.0421  0.3519 11.5853
848 752  0.0240  0.6136 13.3914
880 752 -0.4028 -0.1832 11.1377
912 752  0.1281 -1.0939 54.8895
944 752 -0.0022 -0.1379 24.6725
976 752 -0.0042 -0.2187 32.4767
1008 752 -0.0177 -0.2048 93.3716
1040 752 -0.1765 -0.0245 127.0206
1072 752 -0.1353 -0.0123 61.4106
1104 752 -0.1860  0.0403 59.0762
1136 752 -0.1689  0.0952 59.8448
1168 752 -0.2136  0.1327 46.4933
 16 784  0.0858 -0.0163 21.4917
 48 784  0.0161 -0.0194 156.2230
 80 784 -0.0033 -0.0567 54.2802
112 784  0.0103 -0.0802 258.6642
144 784 -0.1106 -0.0813 45.0638
176 784 -0.1349 -0.2642 134.0051
208 784 -0.3103 -0.4837 147.5836
240 784 -0.5705 -0.9077 191.0659
272 784 -0.3695 -1.0510 133.2332
304 784 -0.0530 -0.1160 205.8270
336 784 -0.0876  0.0828 159.5997
368 784  0.1808  0.4347 132.4126
400 784  0.1152  0.1171 14.0635
432 784  0.1421 -0.0119 20.9179
464 784  0.2722 -0.2130 11.4214
496 784  0.3757 -0.3901 11.4423
528 784  0.4973 -0.2927  8.8868
560 784  0.0043 -0.1750 55.4202
592 784 -0.0301 -0.2458 63.1100
624 784 -0.0696 -0.0111 20.3598
656 784 -0.0791  0.0922 15.1466
688 784 -0.1693  0.0900 10.6080
720 784 -0.2565  0.0621 11.9914
752 784  0.1615  0.1477 11.8165
784 784 -0.0807  0.0031  8.0919
816 784  0.1759  0.2900 11.9459
848 784 -0.1349  0.1245  9.9630
880 784 -0.2026 -0.1063 10.9003
912 784  0.0250 -0.0235 14.9882
944 784 -0.0625  0.0030  6.1104
976 784 -0.5001  0.4694  5.0882
1008 784 -0.1553  0.1949 27.0267
1040 784 -0.1530 -0.1205 26.0850
1072 784 -0.1808 -0.0861 117.3624
1104 784 -0.2575  0.0270 160.2469
1136 784 -0.2337  0.0633 82.1018
1168 784 -0.2243  0.0217 83.1151
 16 816 -0.0004 -0.0169 24.4872
 48 816  0.0342 -0.0887 252.7661
 80 816  0.0530 -0.0517 90.4411
112 816  0.0248 -0.0138 244.9725
144 816  0.0027 -0.1242 179.5433
176 816  0.0025 -0.2973 64.5322
208 816  0.0706 -0.4471 205.7558
240 816 -0.1061 -0.5974 291.8742
272 816 -0.1662 -0.6805 21.8165
304 816 -0.0175 -0.2173 163.6265
336 816  0.9958  0.0722 43.9379
368 816  2.0585  0.8991 206.0820
400 816 -0.0123  0.0686 10.0223
432 816  0.1465 -0.0805  9.9338
464 816  0.6573 -0.0387 13.1710
496 816  0.2939 -0.3547 12.1997
528 816  0.4947  0.0293  7.1791
560 816 -0.0182 -0.2057 107.2786
592 816 -0.0136 -0.1650 76.1779
624 816 -0.0399 -0.0061 60.7741
656 816 -0.1045 -0.0138 13.9633
688 816 -0.0498  0.0750 12.6722
720 816 -0.0562  0.0675 10.9270
752 816 -0.2746  0.2534 12.3060
784 816 -0.0972  0.0284 11.9129
816 816 -0.1102 -0.0243 10.9351
848 816 -0.1753 -0.0227 10.1736
880 816  0.0131  0.3238 12.6333
912 816 -0.1240  0.2828  5.8741
944 816 -0.0946  0.0000  4.2004
976 816 -0.1390  0.0944  4.5296
1008 816  0.0746  0.1525 15.8426
1040 816 -0.1151 -0.2127 153.4927
1072 816 -0.1507 -0.0878 86.3153
1104 816 -0.1520 -0.0883 77.2137
1136 816 -0.4371 -0.0106 120.4117
1168 816 -0.1740 -0.0158 113.5948
 16 848  0.1452 -0.0294 47.7156
 48 848  0.0346 -0.0002 63.1619
 80 848  0.0575 -0.0272 106.8142
112 848  0.0159 -0.0124 79.9039
144 848  0.0524 -0.0423 145.8763
176 848  0.0999 -0.0930 44.8987
208 848  0.1336 -0.4271 61.3150
240 848  0.3174 -0.5611 167.7546
272 848  0.2844 -0.6487 51.0518
304 848  0.9442 -0.5313 62.6161
336 848  0.8691 -0.0388 19.7308
368 848  1.4484  0.4239 29.7299
400 848  2.7197  1.1721 39.5690
432 848  0.0337 -0.0039 17.9154
464 848  0.0590  0.1644  9.3814
496 848  0.1636  0.1031 11.5563
528 848  0.0602  0.0329  8.3091
560 848  0.0289  0.0279 41.4047
592 848  0.0074  0.0060 116.0744
624 848 -0.0310  0.1104 44.7975
656 848 -0.1022  0.0312 133.9328
688 848 -0.0116  0.0173 17.3739
720 848  0.0347 -0.0177 10.6921
752 848 -0.0417  0.0328  6.3368
784 848 -0.1036  0.0987 10.7518
816 848 -0.0490  0.0441 12.7182
848 848 -0.0600  0.0035 11.4137
880 848 -0.0385  0.0017 21.6394
912 848 -0.0395  0.1090  5.3696
944 848 -0.1214  0.1885  4.9949
976 848 -0.0074  0.1031 19.3713
1008 848  0.1343 -0.2681 45.6068
1040 848 -0.0316 -0.2493 55.0119
1072 848 -0.1158 -0.2193 179.0473
1104 848 -0.1674 -0.1018 125.6593
1136 848 -0.2263 -0.1624 225.4627
1168 848 -0.2082  0.0192 109.1366
 16 880  0.0677 -0.0098 18.5065
 48 880  0.0672 -0.0070 30.8351
 80 880  0.1259 -0.0106 251.2037
112 880  0.0621 -0.1727 449.1462
144 880  0.1918 -0.0891 100.9254
176 880  0.8855 -0.1686 356.6862
208 880  0.2042 -0.3194 124.4165
240 880  0.8656 -0.8648 25.0663
272 880  1.3096 -0.9118 177.8851
304 880  0.2840 -0.1389 12.4386
336 880  0.1566 -0.1723 47.5945
368 880  0.1470 -0.2284 25.4052
400 880  0.0626  0.0373 17.3684
432 880  0.0295 -0.0082 12.6973
464 880  0.0391  0.0103 13.0986
496 880  0.2314  0.1877  4.9257
528 880 -0.0226  0.0018 14.2932
560 880 -0.0039  0.1653 20.3691
592 880 -0.0206  0.0690 70.6512
624 880 -0.0272  0.0846 71.1275
656 880 -0.0400  0.0270 100.3135
688 880 -0.0597  0.1334 41.4506
720 880  0.0045  0.0170 16.2525
752 880 -0.1932  0.0587  9.5747
784 880  0.0018 -0.0043  9.2998
816 880  0.0088 -0.0147  8.3827
848 880  0.0767  0.2007  8.0432
880 880 -0.0961 -0.0459  8.2722
912 880 -0.0303  0.0447 13.3372
944 880  0.0441  0.0318 36.5837
976 880  0.7920 -0.2158 43.5982
1008 880  0.2832 -0.6225 85.5172
1040 880  0.0013 -0.1531 34.2526
1072 880 -0.0402 -0.2558 32.4031
1104 880 -0.2058 -0.3149 142.4116
1136 880 -0.2335 -0.0941 123.3711
1168 880 -0.1991 -0.1270 165.7433
 16 912  0.1041 -0.0198 94.8870
 48 912  0.0415 -0.0170 18.7579
 80 912  0.2606 -0.0743 107.1112
112 912  0.2911 -0.0332 150.2708
144 912  0.1094 -0.0814 53.4556
176 912  0.3658 -0.2888 204.3837
208 912  0.2201 -0.0898 24.8684
240 912  0.8370 -0.7568 139.6180
272 912  1.2236 -1.2904 120.2812
304 912  1.8826 -1.0636 34.6382
336 912  2.3451 -1.5812 191.7958
368 912  0.0565  0.3066 13.4439
400 912  2.5339  0.8149 10.0989
432 912 -0.0523  0.3461 12.1792
464 912  0.0752  0.1947  6.2890
528 912 -0.0252  0.0245  4.7536
560 912 -0.0513  0.0459 11.7049
592 912 -0.0004  0.0387 24.0797
624 912 -0.0219  0.1804 37.9337
656 912 -0.0855  0.1571 91.0028
688 912 -0.1770  0.1279 95.8006
720 912  0.0459  0.0229 11.3201
752 912 -0.3091  0.0400  5.6979
784 912 -0.0351  0.0215 13.1660
816 912 -0.0932  0.1460  7.6203
880 912 -0.1273  0.0011  5.8847
912 912 -0.0169  0.0352  7.8278
944 912 -0.0455  0.0758  8.9743
976 912  0.2498  0.2896  8.9368
1008 912 -0.1024  0.9022 10.9704
1040 912  0.2276  1.3505 38.3406
1072 912  0.0211 -0.1399 51.9158
1104 912 -0.0024 -0.1621 169.7136
1136 912 -0.1478 -0.1273 120.9828
1168 912 -0.1521 -0.0857 104.9795
 16 944  0.0467 -0.0320 25.3071
 48 944  0.3039 -0.0284 43.8904
 80 944  0.0467 -0.0212 424.8776
112 944  0.5493 -0.1056 136.6022
144 944  0.3422 -0.0600 217.7035
176 944  0.4264 -0.1299 237.9935
208 944  0.5616 -0.3679 197.8407
240 944  0.7654 -0.9425 34.2256
272 944  1.2547 -1.5724 50.6495
304 944  1.2801 -1.8989 48.3514
336 944  0.1804 -0.0662 14.3226
368 944 -0.0402  0.0439 18.4059
400 944 -0.0108  0.1704  9.7141
432 944  0.2366  0.2557  9.3937
464 944  0.0323  0.0216  4.4046
496 944 -0.0019  0.0191  8.3099
528 944 -0.0156  0.0205  4.7001
592 944 -0.0332  0.0307  5.8496
624 944 -0.0400  0.0293 23.1804
656 944 -0.0509  0.0321 29.2329
688 944 -0.1180  0.1407 76.3110
720 944  0.0881  0.0374  6.7864
752 944 -0.1091  0.0205  5.0932
784 944 -0.0036 -0.0009  4.5931
816 944 -0.0945  0.0896  4.4126
848 944  0.0387 -0.1118  7.1649
880 944 -0.2524  0.0728  5.4827
912 944 -0.0965  0.0322  7.7728
944 944 -0.0129  0.0667 11.5738
976 944 -0.0804  0.1629  7.8110
1008 944 -0.3145  1.0934  6.3477
1040 944 -0.5424  1.9168  6.1722
1072 944  0.1554 -0.0811 35.6198
1104 944  0.0321 -0.2422 67.1680
1136 944 -0.0542 -0.1501 51.6123
1168 944 -0.0648 -0.2145 136.8641
 16 976  0.2686 -0.0138 23.9839
 48 976  0.0562 -0.0342 73.3142
 80 976  0.1303 -0.0421 21.1471
112 976  0.0625 -0.1200 273.4026
144 976  0.1975 -0.0779 140.2553
176 976  0.1659 -0.0799 23.2070
208 976  0.3548 -0.2626 105.0037
240 976  0.0888 -0.0789 15.3228
272 976  0.6356 -0.9333 27.9976
304 976  0.3987 -1.3984 32.7544
336 976 -0.0484  1.0346 11.2350
368 976 -0.0266  0.4021  8.2997
400 976  0.1456  0.6514  5.5508
432 976  0.2334  0.4047  5.3177
464 976  0.0859  0.0869 32.4310
496 976  0.1976 -0.2108 24.8226
528 976  0.0045 -0.0112 31.5315
560 976  0.0226 -0.0417  6.7054
592 976 -0.0886  0.0018  6.8277
624 976 -0.0362  0.0388  7.0404
656 976 -0.0115  0.0694  7.4330
688 976 -0.0727  0.0832  9.9489
720 976  0.0594  0.0469  4.5886
784 976 -0.0345 -0.0315  4.2428
816 976 -0.0180 -0.0179 11.9041
848 976 -0.0148  0.0130 25.2462
880 976 -0.0656 -0.0243  6.0227
912 976 -0.0505  0.0610 10.8817
944 976 -0.0713  0.3036  7.9373
976 976 -0.1030  0.1195 11.6077
1008 976 -0.0302  0.3486 12.7833
1040 976 -0.0420  0.3162 53.4571
1072 976  0.0618  0.0238 132.4518
1104 976 -0.0225 -0.0295 204.7199
1136 976 -0.0273 -0.0869 187.7126
1168 976 -0.0836 -0.0966 79.4985
 16 1008  0.0669 -0.0330 39.5931
 48 1008  0.1406 -0.0288 46.9584
 80 1008  0.1791 -0.0444 60.2276
112 1008  0.1155 -0.0487 65.7420
144 1008  0.1161 -0.2538 240.4513
176 1008  0.2521 -0.2750 195.3658
208 1008  0.2366 -0.2195 113.0196
240 1008  0.1514 -0.2565 62.9378
272 1008  0.0782 -0.5271 79.9822
304 1008 -0.0630 -0.2620 23.4013
336 1008 -0.2329  0.2370 45.9455
368 1008 -0.0734  0.2812 17.5036
400 1008  0.2479  0.2375 22.9816
432 1008  0.1402  0.1426 44.8506
464 1008  0.2575 -0.0555 28.3731
496 1008  0.0022 -0.0097 21.4135
528 1008  0.0225 -0.0113 17.6235
560 1008 -0.0075 -0.0083  8.7137
592 1008  0.2435 -0.2312  5.5038
624 1008 -0.2298 -0.0302  7.2329
656 1008  0.1523 -0.0876  7.5035
784 1008  0.0130 -0.0249  5.9738
816 1008 -0.0035  0.0108 22.2364
848 1008 -0.1195  0.0250 70.2074
880 1008 -0.0240  0.0209 19.2255
912 1008 -0.1866  0.1236  8.3510
944 1008 -0.0511  0.0935 10.3870
976 1008 -0.0969  0.1277  9.3833
1008 1008 -0.0416  1.9367  9.7539
1040 1008 -0.0182  1.6658 18.2243
1072 1008  0.0293  0.0270 60.0337
1104 1008 -0.0061  0.0025 195.0638
1136 1008 -0.1426 -0.1400 38.9375
1168 1008 -0.0422 -0.0831 80.0757
 16 1040  0.0845 -0.0033 27.8478
 48 1040  0.1272 -0.0570 169.4223
 80 1040  0.1323 -0.0878 203.5406
112 1040  0.1150 -0.1708 162.1859
144 1040  0.1361 -0.0401 169.1349
176 1040  0.1980 -0.0756 161.9733
208 1040  0.0673 -0.1602 339.3196
240 1040  0.1356 -0.5413 52.8722
272 1040  0.0774 -0.4374 97.9725
304 1040 -0.0861 -0.3886 60.8317
336 1040 -0.2474 -0.1850 79.0205
368 1040 -0.8523 -0.0388 101.9503
400 1040  0.0160  0.1140 99.4990
432 1040  0.0637  0.0503 172.6123
464 1040  0.0484  0.0317 36.1573
496 1040  0.2856 -0.0612 26.3537
528 1040  0.0580 -0.0838 16.9629
560 1040  0.0030 -0.0149 13.1461
592 1040 -0.0114 -0.0200 22.3425
624 1040  0.0251 -0.0259 14.1916
656 1040  0.1209 -0.0406  9.7247
752 1040 -0.0344 -0.0204  5.4367
784 1040  0.0233 -0.0089 14.3538
816 1040 -0.0174  0.0109 27.7666
848 1040 -0.0616  0.0465 41.5008
880 1040 -0.0132  0.0227 13.7811
912 1040 -0.0984  0.0574 50.6893
944 1040 -0.0589  0.0510 25.0553
976 1040  0.0303  0.0336 11.1250
1008 1040 -0.0230  0.0694 38.4846
1040 1040 -0.0048  0.0313 74.8517
1072 1040  0.0019  0.0029 61.9499
1104 1040 -0.0349 -0.0228 78.7152
1136 1040 -0.0156 -0.0269 48.5580
1168 1040 -0.0589 -0.0008 82.4652
 16 1072  0.0643 -0.0017 192.7014
 48 1072  0.1927 -0.0516 200.4461
 80 1072  0.1375 -0.0387 147.5871
112 1072  0.3673 -0.1549 43.2961
144 1072  0.0528 -0.0272 44.5711
176 1072  0.1046 -0.4233 45.6283
208 1072  0.0110 -0.1091 20.4032
240 1072  0.0500 -0.0739 35.7793
272 1072  0.0200 -0.7880 103.7419
304 1072  0.0238 -0.1108 17.5964
336 1072 -0.0221 -0.1294 200.7460
368 1072 -0.0706 -0.0439 164.0584
400 1072  0.0672 -0.0232 34.9893
432 1072  0.0854 -0.0452 89.1240
464 1072  0.1093 -0.0311 16.2423
496 1072  0.0391 -0.0495 27.9008
528 1072  0.1593 -0.1495 52.2657
560 1072  0.0102 -0.0936 15.0060
592 1072  0.0432  0.0723  9.1607
624 1072 -0.0047  0.0204 12.9397
656 1072  0.0548 -0.0410 21.5568
688 1072  0.0273 -0.0221  4.2375
752 1072 -0.0316  0.0361  4.2107
784 1072 -0.0235  0.0502  6.9986
816 1072 -0.0074  0.0434 11.9117
848 1072 -0.0287  0.0113 25.4957
880 1072 -0.0382  0.0002 20.5693
912 1072 -0.0181 -0.0064 24.5189
944 1072  0.0867 -0.0224 51.2282
976 1072  0.0065  0.0018 13.9118
1008 1072  0.0040  0.0320 33.3536
1040 1072  0.0001  0.0170 127.6992
1072 1072  0.0005  0.0059 23.0078
1104 1072 -0.0256 -0.0483 177.5818
1136 1072 -0.0230 -0.0118 16.4881
1168 1072 -0.0442 -0.0354 53.2079
 16 1104  0.0740 -0.0423 54.8986
 48 1104  0.3095 -0.0366 103.1667
 80 1104  0.0691 -0.0452 22.5247
112 1104  0.1319 -0.0499 153.2095
144 1104  0.0873 -0.0896 65.7777
176 1104  0.1214 -0.1355 67.9332
208 1104  0.0146 -0.0659 79.0209
240 1104  0.0702 -0.0832 296.8948
272 1104  0.0263 -0.1465 182.5270
304 1104  0.0522 -0.1522 60.5916
336 1104  0.0392 -0.1192 296.9097
368 1104  0.0535 -0.0644 138.3862
400 1104  0.1874 -0.0134 70.7648
432 1104  0.1429 -0.0734 62.0371
464 1104  0.2353 -0.0903 130.6743
496 1104  0.0602 -0.0294 16.1384
528 1104  0.0177 -0.0318 13.4623
560 1104 -0.0020 -0.0192 12.2473
592 1104  0.0022 -0.1247 19.0125
624 1104  0.0269  0.0078 19.9580
656 1104 -0.0192 -0.0047 18.5612
688 1104  0.1153 -0.1065  6.1493
848 1104 -0.0321  0.0669  4.9939
880 1104 -0.1055  0.1199  6.1474
912 1104 -0.0107  0.0388 12.1353
944 1104  0.0295  0.0404 14.6412
976 1104  0.0138  0.0336  9.3784
1008 1104 -0.0088  0.0223 20.9659
1040 1104  0.0187  0.0123 27.7039
1072 1104  0.0664  0.0215 17.8515
1104 1104  0.0103 -0.0047 19.5299
1136 1104 -0.0093 -0.0337 16.6116
1168 1104 -0.0001 -0.0291 21.9227
 16 1136 -0.0047  0.0412 16.2716
 48 1136  0.0771 -0.0234 184.3219
 80 1136  0.1713 -0.1177 108.9845
112 1136  0.0505 -0.0218 59.7462
144 1136  0.0135 -0.0161 328.0121
176 1136  0.0683 -0.0956 208.0238
208 1136  0.0600 -0.1818 91.3632
240 1136  0.0552 -0.1350 250.6931
272 1136  0.0376 -0.1089 125.3339
304 1136  0.0819 -0.2200 85.4696
336 1136  0.0420 -0.0624 201.5871
368 1136  0.0831 -0.0964 196.4722
400 1136  0.0839 -0.0532 126.1682
432 1136  0.0626 -0.3129 150.1633
464 1136  0.0396 -0.0452 24.6472
496 1136  0.0824 -0.2020 62.1171
528 1136  0.0502 -0.0205 13.5255
560 1136 -0.0363  0.0061 16.0206
592 1136  0.0134 -0.0091 11.8016
624 1136 -0.0054 -0.0047 29.9420
656 1136  0.1536  0.0533 31.2178
688 1136  0.0348 -0.0351 14.7510
720 1136  0.0542 -0.2763  5.7869
752 1136  0.0623 -0.1211  5.6056
784 1136 -0.0532 -0.0704  5.5971
816 1136 -0.0231 -0.1258 10.4725
848 1136  0.0756 -0.0997  9.7089
880 1136  0.0698 -0.1305  4.3228
976 1136  0.0253  0.0225  4.3151
1008 1136  0.0088  0.0010  5.1622
1040 1136 -0.0162  0.0031  4.7410
1072 1136 -0.0080  0.0397  5.3324
1104 1136 -0.0203  0.0099  7.7349
1136 1136  0.0335  0.0049  9.4956
1168 1136 -0.0033  0.0105 17.6592
 16 1168  0.0429 -0.0244 25.4177
 48 1168  0.0124 -0.0268 18.4132
 80 1168  0.2186 -0.0152 31.8184
112 1168  0.0309 -0.0544 69.1837
144 1168  0.0809 -0.0411 125.2787
176 1168  0.1082 -0.0525 81.4842
208 1168  0.2065 -0.1536 113.5435
240 1168  0.0523 -0.0835 39.5327
272 1168  0.0412 -0.0843 181.0247
304 1168  0.0291 -0.1209 90.1304
336 1168  0.1582 -0.0776 161.4602
368 1168  0.1358 -0.0923 146.8566
400 1168  0.0811 -0.1918 169.1920
432 1168  0.0516 -0.0701 49.7706
464 1168  0.1786 -0.2408 95.3877
496 1168 -0.0031 -0.0032 18.3330
528 1168  0.0208 -0.0276 13.1944
560 1168  0.0345 -0.0244 11.1233
592 1168 -0.0076  0.0194 14.4874
624 1168  0.0090 -0.0076 15.6936
656 1168  0.0076 -0.0121 16.3562
688 1168 -0.0102  0.0001 19.0349
720 1168  0.0070  0.0034 12.8087
752 1168 -0.0099 -0.0197 11.2861
784 1168 -0.0406 -0.0088  8.6578
816 1168  0.0666 -0.0053 13.0855
848 1168 -0.0129 -0.0257 14.6364
880 1168  0.0284 -0.0197 12.9441
912 1168  0.0396 -0.0406 11.5435
944 1168  0.0519 -0.1470  5.7889
976 1168  0.0075 -0.0828  4.8085
1104 1168  0.0228  0.0543  4.1123
1136 1168 -0.0384  0.0446  4.5201
1168 1168  0.0126  0.0180  4.6068
 16 1200  0.0939 -0.0370 37.8668
 48 1200  0.0855  0.0075 30.3782
 80 1200  0.0060 -0.0429 18.2056
112 1200  0.0093 -0.0039 31.5556
144 1200  0.0535 -0.0140 125.3680
176 1200 -0.0546 -0.0388 58.1540
208 1200  0.1070 -0.0488 84.8185
240 1200  0.0353 -0.0540 156.2686
272 1200  0.0111 -0.0321 256.3032
304 1200  0.0244 -0.0706 23.8857
336 1200  0.0634 -0.0627 193.2980
368 1200  0.0294 -0.0738 193.5090
400 1200  0.1050 -0.1510 250.2495
432 1200  0.0937 -0.0526 17.2907
464 1200  0.0550 -0.0350 43.5813
496 1200 -0.0204 -0.0185 25.7055
528 1200  0.0190 -0.0222 19.9483
560 1200 -0.0285 -0.0119 12.0050
592 1200  0.0038  0.0037 15.8187
624 1200  0.0208  0.0706 46.9279
656 1200 -0.0031 -0.0239 45.0790
688 1200 -0.0055 -0.0463 11.9951
720 1200 -0.0183 -0.0031 18.5938
752 1200  0.0308 -0.0075 16.3984
784 1200 -0.0072  0.0054 10.8886
816 1200 -0.0126  0.0202 12.3534
848 1200  0.0343  0.0237 11.9563
880 1200 -0.0000 -0.0087 12.8236
912 1200 -0.0119  0.0124 14.4927
944 1200  0.0071 -0.0001 14.9298
976 1200  0.0145 -0.0014 14.9867
1008 1200  0.0045 -0.0074 12.6161
1040 1200  0.0156 -0.0766  7.6863
1072 1200  0.0268 -0.1368  5.7697
1104 1200  0.0234 -0.1816  4.7764
1136 1200 -0.0277 -0.2388  4.2653
1168 1200  0.0154 -0.1319  4.1581
 16 1232 -0.0119 -0.0370 57.8426
 48 1232  0.0734 -0.0171 18.6630
 80 1232  0.0909 -0.0058 128.6764
112 1232  0.0281 -0.0225 98.0083
144 1232  0.0459 -0.0259 49.0995
176 1232  0.0839 -0.1018 172.2964
208 1232  0.0161 -0.1299 163.7980
240 1232  0.0243 -0.1064 46.0488
272 1232  0.0314 -0.0553 64.4321
304 1232  0.1251 -0.0661 25.3644
336 1232  0.0702 -0.1062 144.6405
368 1232  0.1352 -0.1267 115.0229
400 1232  0.1003 -0.1224 162.9144
432 1232  0.1629 -0.1762 47.6881
464 1232  0.0427 -0.0310 31.3905
496 1232  0.0422 -0.0138 21.1754
528 1232  0.0473  0.0208 15.1128
560 1232  0.0115 -0.0112 15.7277
592 1232 -0.0206 -0.0202 17.8972
624 1232  0.0187  0.0186 12.9996
656 1232  0.0087 -0.0014 12.8126
688 1232  0.0048  0.0167  9.5391
720 1232 -0.0140 -0.0249 12.6049
752 1232  0.0397 -0.0118 18.9550
784 1232  0.0432  0.0058 14.1554
816 1232 -0.0118 -0.0674 19.2873
848 1232  0.0558  0.0905  9.9321
880 1232  0.0389 -0.0348 11.9097
912 1232 -0.0038  0.0018 14.0619
944 1232  0.0211 -0.0082 12.7497
976 1232  0.0540 -0.0425  9.7373
1008 1232  0.0548 -0.0122 14.0097
1040 1232 -0.0172 -0.0137 15.5426
1072 1232  0.0061  0.0013 11.8761
1104 1232  0.0066  0.0034 12.5988
1136 1232  0.0232  0.0094 11.1785
1168 1232  0.0292 -0.0180 12.7730
 16 1264  0.0328 -0.0049 33.6616
 48 1264  0.0738 -0.0576 26.8860
 80 1264  0.0992 -0.0186 337.4524
112 1264  0.0905 -0.0406 107.1755
144 1264  0.0804 -0.0570 122.0288
176 1264  0.0462 -0.0329 151.8539
208 1264  0.0716 -0.0561 78.3833
240 1264  0.0603 -0.1169 70.6944
272 1264  0.0218 -0.0920 101.3103
304 1264  0.0989 -0.0893 36.1283
336 1264  0.0958 -0.1012 226.3503
368 1264  0.0402 -0.0873 218.1357
400 1264  0.1108 -0.0273 319.3005
432 1264  0.1076 -0.1018 291.0774
464 1264  0.0312 -0.0252 76.1428
496 1264 -0.0188 -0.0196 17.3991
528 1264  0.0206 -0.0150 18.7785
560 1264  0.0323 -0.0172 15.6965
592 1264 -0.0164 -0.0004 11.7854
624 1264  0.0235 -0.0014 20.6521
656 1264  0.0008 -0.0274 13.7913
688 1264 -0.0067 -0.0235 10.9137
720 1264  0.0107 -0.0091 12.4918
752 1264 -0.0247  0.0199 24.0785
784 1264 -0.0372 -0.0143 11.0118
816 1264 -0.0277  0.0346 17.4150
848 1264  0.0224 -0.0051 11.3260
880 1264  0.0008 -0.0713  8.5876
912 1264 -0.0248 -0.0298 10.8126
944 1264 -0.0423 -0.0169 13.1718
976 1264  0.0247  0.0246 10.1337
1008 1264 -0.0328 -0.0623  9.8037
1040 1264  0.0522 -0.0707 10.8964
1072 1264 -0.0789  0.0519 10.3241
1104 1264  0.0381 -0.0060 10.8207
1136 1264 -0.0408  0.0222  8.9074
1168 1264  0.0130 -0.0234 13.5787
 16 1296  0.0153 -0.0392 24.5060
 48 1296  0.0215 -0.0134 13.9312
 80 1296  0.0515  0.0233 35.6538
112 1296  0.0583 -0.0247 21.8661
144 1296  0.0162 -0.0267 34.4396
176 1296  0.1904 -0.1546 59.6103
208 1296  0.0290 -0.0771 232.3167
240 1296  0.0261 -0.0311 78.8201
272 1296 -0.0177 -0.0546 58.0534
304 1296  0.0423 -0.0284 63.3699
336 1296  0.0446 -0.0819 73.1529
368 1296  0.1697 -0.0534 151.1184
400 1296  0.0576 -0.0438 135.7629
432 1296  0.0524 -0.0234 23.0341
464 1296  0.0295 -0.0205 68.3826
496 1296 -0.0076 -0.0176 18.3773
528 1296 -0.0155 -0.0084 13.8286
560 1296 -0.0040 -0.0029 20.0263
592 1296 -0.0155 -0.0028 13.9566
624 1296  0.0214  0.0208 14.3004
656 1296  0.0252  0.0238 12.0076
688 1296  0.0022 -0.0318 11.5410
720 1296  0.0161 -0.0054 12.9630
752 1296 -0.0150  0.0093 15.1654
784 1296 -0.0004 -0.0303 11.0554
816 1296  0.0476  0.1000 10.8085
848 1296 -0.0087 -0.0461 11.3988
880 1296 -0.0857  0.0687 10.7887
912 1296  0.0058 -0.0053 11.5949
944 1296 -0.0136 -0.0106 11.1671
976 1296  0.0496 -0.0002 11.3516
1008 1296 -0.0136  0.0260  9.4748
1040 1296  0.0171  0.0305  8.2918
1072 1296  0.0308 -0.0009  8.9880
1104 1296 -0.0772 -0.0154 10.3044
1136 1296 -0.0443 -0.0688 10.0655
1168 1296  0.0521 -0.0067  9.9161
  0   0 -0.0164  0.0511  0.0000
  0   0  0.0066  0.0298  0.0000
  0   0 -0.0235  0.0222  0.0000
  0   0  0.0052 -0.0169  0.0000
  0   0  0.0182 -0.0441  0.0000
  0   0  0.0309 -0.0492  0.0000
  0   0  0.0871  0.0009  0.0000
  0   0  0.0802 -0.0531  0.0000
  0   0  0.0661 -0.0882  0.0000
  0   0  0.1229 -0.1533  0.0000
  0   0  0.0369 -0.1182  0.0000
  0   0  0.0036 -0.0756  0.0000
  0   0 -0.0168 -0.0644  0.0000
  0   0  0.0226 -0.0441  0.0000
  0   0  0.0536 -0.0501  0.0000
  0   0  0.1159 -0.0195  0.0000
  0   0  0.0624  0.0053  0.0000
  0   0  0.0239  0.0298  0.0000
  0   0 -0.0159  0.0419  0.0000
  0   0 -0.0545  0.0463  0.0000
  0   0 -0.0742  0.0487  0.0000
  0   0 -0.0675  0.0518  0.0000
  0   0 -0.0513  0.0458  0.0000
  0   0 -0.0139  0.0487  0.0000
  0   0  0.0004  0.0377  0.0000
  0   0 -0.0027  0.0038  0.0000
  0   0  0.0056  0.0088  0.0000
  0   0 -0.0058  0.0182  0.0000
  0   0  0.0060  0.0177  0.0000
  0   0  0.0258  0.0725  0.0000
  0   0 -0.0090  0.0184  0.0000
  0   0 -0.0446  0.0535  0.0000
  0   0 -0.0011  0.0221  0.0000
  0   0  0.0082  0.0122  0.0000
  0   0  0.0356  0.0254  0.0000
  0   0  0.0134  0.0481  0.0000
  0   0  0.0226  0.0472  0.0000
  0   0  0.0145  0.0211  0.0000
  0   0 -0.0467 -0.0016  0.0000
  0   0 -0.0320 -0.0203  0.0000
  0   0  0.0151  0.0169  0.0000
  0   0 -0.0012  0.0486  0.0000
  0   0 -0.0011  0.0422  0.0000
  0   0 -0.0097  0.0238  0.0000
  0   0  0.0044 -0.0120  0.0000
  0   0  0.0186 -0.0478  0.0000
  0   0  0.0339 -0.0779  0.0000
  0   0  0.1253 -0.0453  0.0000
  0   0  0.1059 -0.0998  0.0000
  0   0  0.0867 -0.1413  0.0000
  0   0  0.0817 -0.1741  0.0000
  0   0  0.0310 -0.1569  0.0000
  0   0 -0.0022 -0.1203  0.0000
  0   0 -0.0119 -0.0875  0.0000
  0   0  0.0133 -0.0531  0.0000
  0   0  0.0440 -0.0246  0.0000
  0   0  0.0705  0.0156  0.0000
  0   0  0.0413  0.0532  0.0000
  0   0 -0.0045  0.0847  0.0000
  0   0 -0.0554  0.1040  0.0000
  0   0 -0.0997  0.1117  0.0000
  0   0 -0.1237  0.1115  0.0000
  0   0 -0.1199  0.1060  0.0000
  0   0 -0.0956  0.0930  0.0000
  0   0 -0.0579  0.0791  0.0000
  0   0 -0.0298  0.0590  0.0000
  0   0 -0.0137  0.0349  0.0000
  0   0 -0.0012  0.0296  0.0000
  0   0  0.0015  0.0347  0.0000
  0   0  0.0086  0.0437  0.0000
  0   0  0.0134  0.0655  0.0000
  0   0 -0.0024  0.0527  0.0000
  0   0 -0.0144  0.0590  0.0000
  0   0  0.0048  0.0471  0.0000
  0   0  0.0195  0.0424  0.0000
  0   0  0.0338  0.0507  0.0000
  0   0  0.0282  0.0624  0.0000
  0   0  0.0245  0.0599  0.0000
  0   0  0.0088  0.0432  0.0000
  0   0 -0.0223  0.0272  0.0000
  0   0 -0.0221  0.0218  0.0000
  0   0 -0.0046  0.0406  0.0000
  0   0 -0.0049  0.0570  0.0000
  0   0 -0.0047  0.0527  0.0000
  0   0 -0.0046  0.0310  0.0000
  0   0  0.0049 -0.0063  0.0000
  0   0  0.0178 -0.0507  0.0000
  0   0  0.0327 -0.0972  0.0000
  0   0  0.1648 -0.1034  0.0000
  0   0  0.1315 -0.1593  0.0000
  0   0  0.0969 -0.2034  0.0000
  0   0  0.0597 -0.2240  0.0000
  0   0  0.0145 -0.2094  0.0000
  0   0 -0.0173 -0.1685  0.0000
  0   0 -0.0212 -0.1164  0.0000
  0   0  0.0032 -0.0604  0.0000
  0   0  0.0355 -0.0041  0.0000
  0   0  0.0503  0.0533  0.0000
  0   0  0.0258  0.1059  0.0000
  0   0 -0.0299  0.1478  0.0000
  0   0 -0.0976  0.1743  0.0000
  0   0 -0.1559  0.1845  0.0000
  0   0 -0.1873  0.1806  0.0000
  0   0 -0.1835  0.1656  0.0000
  0   0 -0.1500  0.1415  0.0000
  0   0 -0.1016  0.1124  0.0000
  0   0 -0.0563  0.0818  0.0000
  0   0 -0.0228  0.0565  0.0000
  0   0 -0.0015  0.0457  0.0000
  0   0  0.0090  0.0491  0.0000
  0   0  0.0131  0.0610  0.0000
  0   0  0.0111  0.0738  0.0000
  0   0  0.0037  0.0759  0.0000
  0   0  0.0021  0.0747  0.0000
  0   0  0.0142  0.0699  0.0000
  0   0  0.0305  0.0692  0.0000
  0   0  0.0424  0.0751  0.0000
  0   0  0.0421  0.0809  0.0000
  0   0  0.0313  0.0773  0.0000
  0   0  0.0108  0.0650  0.0000
  0   0 -0.0116  0.0541  0.0000
  0   0 -0.0201  0.0544  0.0000
  0   0 -0.0166  0.0667  0.0000
  0   0 -0.0125  0.0777  0.0000
  0   0 -0.0094  0.0736  0.0000
  0   0 -0.0052  0.0491  0.0000
  0   0  0.0031  0.0058  0.0000
  0   0  0.0153 -0.0499  0.0000
  0   0  0.0294 -0.1110  0.0000
