VARIABLES= "X pix", "Y pix", "U pix/dt", "V pix/dt", "CHC", ZONE I=37, J=41
304  16 -0.1351 -0.0835 59.5809
336  16 -0.1424 -0.0563 18.9118
368  16 -0.1014 -0.0670 24.6753
400  16 -0.0744 -0.1017 88.5845
496  16 -0.0525 -0.1078 89.0435
528  16 -0.0411 -0.1146 39.0095
560  16 -0.0654 -0.0997 40.9600
592  16 -0.0532 -0.0579 50.5679
624  16 -0.0245 -0.0175 54.6133
656  16 -0.0004 -0.0198 46.5454
688  16  0.0172  0.0100 273.0666
304  48  0.0201  0.0659 52.5128
336  48  0.0117  0.0885 29.4676
368  48  0.0059  0.1024 110.7027
496  48 -0.0066  0.0857 71.8596
528  48  0.0042  0.0569 27.3067
560  48  0.0231  0.0136 41.3737
592  48  0.0581  0.0000 113.3280
688  48  0.0370  0.0176 227.5554
720  48  0.0167  0.0123 29.2571
752  48  0.0033 -0.0570 35.0085
784  48 -0.0006 -0.2116 33.5738
816  48  0.0000 -0.3782 220.2150
304  80 -0.0041 -0.2356 49.3494
336  80 -0.0079 -0.0915 30.7970
368  80  0.0053 -0.0288 50.5679
400  80 -0.0041 -0.0095 47.0804
432  80 -0.0117  0.0127 43.5745
464  80 -0.0680  0.1084 4095.9939
496  80 -0.1028  0.1025 71.8596
528  80 -0.0783  0.1510 28.4444
560  80  0.0323  0.0891 49.3494
592  80  0.0000 -0.0091 39.8637
688  80 -0.0166 -0.0011 341.3332
720  80 -0.0638  0.0924 80.3137
752  80 -0.0304  0.5456 75.8518
784  80 -0.0122  1.3376 80.3137
816  80  0.0000  1.8040 117.0285
 16 144 -0.0951 -0.0683 45.8624
 48 144 -0.0475 -0.0353 26.7045
 80 144 -0.0907 -0.0538 169.6390
112 144 -0.0699 -0.0724 168.6738
144 144 -0.0980 -0.0354 95.6237
176 144 -0.0480 -0.0297 179.2364
208 144 -0.0464 -0.0502 41.4257
240 144 -0.0310 -0.0228 182.7362
272 144 -0.0071 -0.0217 29.5321
304 144 -0.0493 -0.0214 171.2245
336 144 -0.0203  0.0043 96.5602
368 144 -0.0123  0.0585 109.8868
400 144 -0.0074  0.0233 90.4966
432 144 -0.0119  0.0298 149.8914
464 144 -0.0184  0.0781 181.3493
496 144 -0.0081  0.0645 93.6132
528 144  0.0019  0.0707 218.3166
560 144 -0.0223  0.0533 115.3611
592 144 -0.0082  0.0580 208.1702
624 144 -0.0265  0.0406 80.4376
656 144 -0.0725  0.0419 138.9725
688 144 -0.0250  0.0219 111.8082
720 144 -0.0062  0.0158 124.0104
752 144 -0.0145  0.0165 62.3180
784 144 -0.0127  0.0176 147.0514
816 144 -0.0055  0.0186 186.9049
848 144 -0.0070  0.0134 149.7857
880 144 -0.0175  0.0214 168.2408
912 144 -0.0015  0.0153 149.9292
944 144 -0.0259  0.0182 117.8034
976 144 -0.0002  0.0064 64.0162
1008 144 -0.0434  0.1275 59.2868
1040 144 -0.0643  0.0011 29.8302
1072 144 -0.0965  0.0789 131.3622
1104 144  0.0346  0.0208 28.5202
1136 144 -0.0625  0.0559 52.3478
1168 144 -0.0325  0.0541 116.9412
 16 176 -0.1026 -0.0756 47.6168
 48 176 -0.0380 -0.0726 149.8660
 80 176 -0.0692 -0.0481 121.0404
112 176 -0.0722 -0.0632 273.9254
144 176  0.0344 -0.0596 216.5183
176 176 -0.0639 -0.0827 146.1302
208 176 -0.0209 -0.0162 177.6790
240 176 -0.0530 -0.0236 241.3273
272 176 -0.0210 -0.0347 210.9454
304 176 -0.0176 -0.0048 195.0681
336 176 -0.0181  0.0350 338.3524
368 176  0.0023  0.0366 145.5235
400 176 -0.0048  0.0896 200.4715
432 176 -0.0120  0.0647 141.4735
464 176  0.0344  0.0510 82.7214
496 176 -0.0160  0.1081 160.6621
528 176  0.0012  0.1052 230.4171
560 176 -0.0505  0.0613 173.8980
592 176 -0.0843  0.0684 134.9703
624 176 -0.0044  0.0671 274.4583
656 176 -0.0069  0.0220 124.9718
688 176 -0.0313  0.0198 79.6553
720 176 -0.0113  0.0344 149.1103
752 176  0.0318  0.0918 180.3533
784 176 -0.1232  0.0067 88.1758
816 176 -0.0076 -0.0003 258.6920
848 176  0.0016 -0.0074 376.6167
880 176 -0.0349 -0.0049 106.3563
912 176 -0.0257 -0.0013 147.5776
944 176  0.0264 -0.0107 130.3266
976 176 -0.0123  0.0245 112.2920
1008 176  0.0024  0.0273 115.6183
1040 176 -0.0317  0.0420 109.3210
1072 176 -0.0230  0.0366 118.5864
1104 176 -0.0405  0.1127 131.8217
1136 176 -0.0087  0.0632 83.8844
1168 176 -0.0035  0.0162 121.5475
 16 208 -0.0225 -0.0958 183.1548
 48 208 -0.1222 -0.2096 76.1844
 80 208 -0.1146 -0.0981 91.6346
112 208 -0.1061 -0.0576 80.9184
144 208 -0.0689 -0.0811 326.5237
176 208 -0.0549 -0.0688 134.0799
208 208 -0.0440 -0.0457 163.0578
240 208 -0.0879 -0.0210 123.1512
272 208 -0.0209 -0.0470 123.1553
304 208 -0.0375  0.0065 176.4369
336 208 -0.0404  0.0020 173.2727
368 208 -0.0120  0.0254 36.1209
400 208  0.0221  0.0215 227.8629
432 208 -0.0036  0.0596 144.5013
464 208  0.0075  0.0902 186.0481
496 208 -0.0024  0.0825 205.4719
528 208  0.0167  0.0172 227.8292
560 208 -0.0084  0.0504 107.7007
592 208 -0.0283  0.0375 29.7707
624 208 -0.0127  0.0573 103.5137
656 208 -0.0008  0.0265 114.2708
688 208 -0.0456  0.0304 97.2783
720 208 -0.0035  0.0287 87.2107
752 208 -0.0088  0.0168 189.5467
784 208 -0.0445  0.0106 131.8441
816 208  0.0069 -0.0113 141.8000
848 208  0.0048 -0.0061 177.6518
880 208 -0.0009 -0.0029 268.7192
912 208 -0.0112  0.0053 74.3953
944 208 -0.0141  0.0059 125.5767
976 208 -0.0242  0.0471 114.3592
1008 208 -0.0008  0.0095 187.2133
1040 208 -0.0264  0.0391 80.6541
1072 208 -0.0179  0.0260 197.7084
1104 208 -0.0461  0.0604 93.0995
1136 208 -0.0379  0.0670 151.4917
1168 208 -0.0150  0.0279 92.7189
 16 240 -0.0595 -0.0969 151.1953
 48 240 -0.0309 -0.0553 14.4248
 80 240 -0.0508 -0.1209 330.8613
112 240 -0.1784 -0.0705 354.9023
144 240 -0.0829 -0.0264 322.8958
176 240 -0.0571 -0.1069 270.0135
208 240 -0.0879 -0.0471 51.5992
240 240 -0.0454 -0.0844 470.0689
272 240 -0.0657 -0.0222 212.2018
304 240 -0.0519 -0.0093 72.0990
336 240 -0.0463 -0.0065 139.3289
368 240 -0.0276  0.0011 102.7687
400 240 -0.0050  0.0262 236.5384
432 240 -0.0056  0.0483 143.8130
464 240 -0.0094  0.0672 218.9063
496 240 -0.0193  0.0572 283.7438
528 240 -0.0048  0.0484 117.5813
560 240  0.0202  0.0455 136.2768
592 240 -0.0108  0.0450 191.8306
624 240 -0.0298  0.0134 162.6669
656 240 -0.0055  0.0281 180.8233
688 240 -0.0420  0.0299 191.9918
720 240 -0.0612 -0.0027 124.3927
752 240 -0.0068 -0.0015 164.6676
784 240  0.0109 -0.0031 117.0339
816 240 -0.0011 -0.0009 171.7105
848 240  0.0026 -0.0122 163.3156
880 240  0.0008 -0.0071 97.5436
912 240  0.0035 -0.0016 121.7265
944 240 -0.0075 -0.0083 79.3373
976 240  0.0357  0.0372 92.7145
1008 240  0.0083  0.0496 128.5714
1040 240 -0.0094  0.0210 142.0657
1072 240 -0.0200  0.0598 222.6023
1104 240 -0.0495  0.0897 88.0328
1136 240 -0.0437  0.1183 119.8335
1168 240 -0.0179  0.0517 48.2134
 16 272 -0.4000 -0.1926 168.7880
 48 272 -0.0475 -0.0733 261.7023
 80 272 -0.1564 -0.1743 114.8368
112 272 -0.0414 -0.1131 305.8507
144 272 -0.2448 -0.0709 49.8156
176 272 -0.0907 -0.0856 129.9324
208 272 -0.1641 -0.1635 279.3583
240 272 -0.0817 -0.0900 217.4660
272 272 -0.1348 -0.0686 166.2630
304 272 -0.0383 -0.0324 187.6323
336 272 -0.0250  0.0152 69.5285
368 272 -0.0335 -0.0165 203.4619
400 272 -0.0111  0.0226 164.2696
432 272 -0.0068  0.0338 154.9609
464 272 -0.0100  0.0536 151.3526
496 272 -0.0223  0.0796 90.2226
528 272 -0.0144  0.0444 129.8715
560 272  0.0037  0.0294 80.1676
592 272 -0.0107  0.0324 155.3807
624 272 -0.0119  0.0801 131.2357
656 272 -0.0154  0.0163 165.3742
688 272  0.0001  0.0281 117.5241
720 272 -0.0120  0.0144 135.3900
752 272 -0.0109 -0.0103 120.5518
784 272 -0.0194 -0.0243 159.5793
816 272  0.0564  0.0684 166.7352
848 272  0.0136 -0.0185 105.7479
880 272  0.0186 -0.0257 81.9854
912 272  0.0065 -0.0402 67.9450
944 272  0.0102  0.0065 181.8652
976 272  0.0129 -0.0054 172.4262
1008 272 -0.0125  0.0233 140.0129
1040 272 -0.0121  0.0120 94.3845
1072 272 -0.0201  0.0479 177.8682
1104 272 -0.0200  0.0215 354.4281
1136 272 -0.0271  0.0788 38.3417
1168 272 -0.0247  0.1018 83.3041
 16 304 -0.2924 -0.2013 202.2232
 48 304 -0.2211 -0.1976 116.6329
 80 304 -0.1227 -0.2473 184.8003
112 304 -0.1751 -0.1128 316.4258
144 304 -0.1803 -0.3214 202.0622
176 304 -0.1585 -0.1077 289.2145
208 304 -0.2136 -0.1087 241.3007
240 304 -0.0786 -0.0778 286.6383
272 304 -0.0402 -0.0348 21.9159
304 304 -0.0502 -0.0455 258.1289
336 304 -0.0418 -0.0227 193.9706
368 304 -0.0332 -0.0276 350.6341
400 304 -0.0297  0.0367 68.3036
432 304 -0.0415  0.0112 154.1705
464 304 -0.0381  0.0930 209.5777
496 304 -0.0140  0.0690 150.3908
528 304 -0.0053  0.0807 91.5646
560 304 -0.0053  0.0430 246.5547
592 304  0.0211  0.0455 140.3451
624 304 -0.0037  0.0564 115.5604
656 304  0.0128  0.0372 81.9221
688 304  0.0073 -0.0389 79.5298
720 304  0.0056 -0.0532 182.2698
752 304  0.0127 -0.0064 81.9782
784 304 -0.0011 -0.0287 178.9470
816 304  0.0143 -0.0339 152.2902
848 304 -0.0228  0.0150 87.5119
880 304 -0.0346  0.0373 163.9802
912 304 -0.0044 -0.0247 121.1643
944 304 -0.0058 -0.0041 86.7360
976 304  0.0517 -0.0775 117.4159
1008 304  0.0140 -0.0046 76.8150
1040 304 -0.0188  0.0281 83.8089
1072 304 -0.0144  0.0277 126.4631
1104 304  0.0078  0.0062 169.5273
1136 304 -0.0472  0.0797 101.1129
1168 304 -0.0174  0.0516 49.2064
 16 336 -0.2652 -0.2263 249.6735
 48 336 -0.0629 -0.6014 76.2107
 80 336 -0.1267 -0.4647 103.1556
112 336 -0.3101 -0.1501 320.9370
144 336 -0.1180 -0.2171 73.4784
176 336 -0.0859 -0.1826 91.3618
208 336 -0.1645 -0.0750 274.4050
240 336 -0.1294 -0.1281 184.8109
272 336 -0.0468 -0.0400 27.3168
304 336 -0.0925 -0.0690 83.5582
336 336 -0.0438 -0.0652 147.8673
368 336 -0.0321 -0.0159 145.2812
400 336 -0.0524  0.0052 66.5980
432 336 -0.0585  0.0326 140.7851
464 336 -0.0168  0.0508 200.6322
496 336 -0.0072  0.0237 221.8373
528 336  0.0347  0.0600 180.3568
560 336  0.0004  0.0479 183.8687
592 336 -0.0068  0.0462 89.3954
624 336 -0.0174  0.0208 105.9343
656 336 -0.0059  0.0228 76.1938
688 336 -0.0310  0.0026 139.9239
720 336 -0.0232 -0.0094 156.6124
752 336 -0.0125 -0.0053 87.2531
784 336  0.0154 -0.0296 102.1690
816 336  0.0177 -0.0490 92.1581
848 336  0.0024 -0.0491 97.8850
880 336  0.0052 -0.0401 97.6439
912 336  0.0219 -0.0154 158.3151
944 336  0.0114 -0.0222 201.9939
976 336 -0.0009 -0.0123 107.0190
1008 336 -0.0169  0.0373 71.2373
1040 336 -0.0066  0.0427 70.7606
1072 336 -0.0428  0.0556 115.0947
1104 336 -0.0280  0.0497 127.2479
1136 336 -0.0330  0.0467 215.3354
1168 336 -0.0196  0.1197 95.4196
 16 368 -0.1812 -0.3627 71.9595
 48 368 -0.4601 -0.1169 35.5596
 80 368 -0.2360 -0.2993 185.0964
112 368 -0.0919 -0.1506 16.6044
144 368 -0.2308 -0.2031 281.9100
176 368 -0.0996 -0.2768 114.0569
208 368 -0.1825 -0.3688 103.2300
240 368 -0.0572 -0.3019 157.1612
272 368 -0.1664 -0.0953 86.1297
304 368 -0.1047 -0.1297 274.5471
336 368 -0.0501 -0.0477 60.8174
368 368 -0.0543 -0.0438 280.3360
400 368 -0.0192 -0.0135 95.7608
432 368  0.0007  0.0036 104.8728
464 368 -0.0088  0.0361 90.7838
496 368 -0.0151  0.0450 91.1770
528 368 -0.0090  0.0422 157.3486
560 368  0.0199  0.0639 258.7406
592 368 -0.0171  0.0382 182.6620
624 368 -0.0060  0.0298 131.4955
656 368 -0.0070  0.0324 38.2010
688 368  0.0086 -0.0084 80.8786
720 368 -0.0148 -0.0130 104.2791
752 368  0.0051 -0.0287 141.4054
784 368 -0.0096 -0.0554 233.9578
816 368  0.0214 -0.0615 211.2958
848 368  0.0122 -0.0249 75.3473
880 368  0.0363 -0.0544 203.6499
912 368  0.0201 -0.0817 150.4249
944 368  0.0377 -0.0644 201.7990
976 368 -0.0002 -0.0095 43.9419
1008 368  0.0347  0.0132 230.3063
1040 368 -0.0270  0.0429 201.1118
1072 368 -0.0429  0.0362 99.3163
1104 368 -0.0396  0.0594 98.7873
1136 368 -0.0566  0.1276 107.2144
1168 368 -0.0429  0.0650 166.6440
 16 400 -0.0522 -0.0272 15.3237
 48 400 -0.6212 -0.1226 94.0739
 80 400 -0.4087 -0.4040 128.6975
112 400 -0.1345 -0.2077 37.9894
144 400 -0.1663 -0.3294 183.5699
176 400 -0.1339 -0.1673 30.3905
208 400 -0.1783 -0.1359 299.5440
240 400 -0.1520 -0.2209 83.2286
272 400 -0.0710 -0.0917 63.3992
304 400 -0.1252 -0.1620 129.3926
336 400 -0.0693 -0.0978 40.6446
368 400 -0.1204 -0.0952 174.0366
400 400 -0.0422 -0.0511 94.1002
432 400 -0.0438  0.0616 154.5634
464 400 -0.0059 -0.0045 203.3976
496 400  0.0044  0.0441 118.8988
528 400  0.0103  0.0292 182.4526
560 400 -0.0080  0.0202 195.9250
592 400 -0.0162  0.0598 168.8551
624 400  0.0061  0.0266 124.6491
656 400  0.0008  0.0383 184.4529
688 400 -0.0127 -0.0186 230.0237
720 400 -0.0054 -0.0195 158.4939
752 400  0.0297 -0.0098 81.6500
784 400  0.0007 -0.0243 161.1881
816 400  0.0053 -0.0525 127.8525
848 400 -0.0090 -0.0176 141.9217
880 400  0.0205 -0.0360 68.9417
912 400 -0.0239 -0.0509 131.3734
944 400  0.0293 -0.0423 122.4477
976 400  0.0181  0.0076 90.4294
1008 400 -0.0240  0.0497 80.7622
1040 400  0.0144 -0.0216 204.2712
1072 400 -0.0459  0.2118 128.7017
1104 400 -0.0541  0.0664 161.8982
1136 400 -0.0720  0.0547 126.1432
1168 400  0.0007  0.0431 26.3344
 16 432 -0.5856 -0.1391 31.7321
 48 432 -0.2856 -0.5206 60.7273
 80 432 -0.3384 -0.1888 24.5787
112 432 -0.5429 -0.1531 94.4399
144 432 -0.8152 -0.2753 47.0195
176 432 -0.5184 -0.2110 109.6282
208 432 -0.2681 -0.3804 112.7123
240 432 -0.4053 -0.2230 127.3654
272 432 -0.1445 -0.4878 312.9349
304 432 -0.1090 -0.1712 193.6323
336 432 -0.0905 -0.0630 308.7556
368 432 -0.0385 -0.1265 161.2949
400 432 -0.0342 -0.0295 47.0381
432 432 -0.0149 -0.0435 196.6573
464 432 -0.0116  0.0263 128.4401
496 432  0.0135  0.0126 38.4259
528 432 -0.0002  0.0410 133.3023
560 432  0.0036  0.0532 143.4780
592 432 -0.0018  0.0552 129.4154
624 432  0.0034  0.0326 117.1524
656 432 -0.0267  0.0310 120.2301
688 432 -0.0062  0.0334 297.8439
720 432 -0.0166 -0.0129 136.9495
752 432 -0.0312 -0.0452 162.0418
784 432 -0.0031 -0.0654 149.4312
816 432  0.0684 -0.0312 133.6488
848 432  0.0390 -0.0531 240.4066
880 432  0.0232 -0.0813 103.2418
912 432  0.0275 -0.0213 85.6402
944 432 -0.0003 -0.0112 52.9361
976 432 -0.0035 -0.0158 71.4257
1008 432 -0.0032  0.0056 77.5503
1040 432 -0.0232  0.0410 134.3951
1072 432 -0.0183  0.0305 36.0492
1104 432 -0.0484  0.0249 122.4345
1136 432 -0.0338  0.1070 97.1921
1168 432 -0.0505  0.0528 172.1934
 16 464 -0.2553 -0.2301 24.6459
 48 464 -0.4967 -0.4230 38.3071
 80 464 -0.2633 -0.4711 120.7851
112 464 -0.3745 -0.2820 81.5502
144 464 -0.6992 -0.4492 64.0479
176 464 -0.3951 -0.3833 218.0332
208 464 -0.2658 -0.3533 163.7491
240 464 -0.5081 -0.3581 58.8291
272 464 -0.1967 -0.3325 245.7260
304 464 -0.2114 -0.2599 170.1185
336 464 -0.0985 -0.0790 275.0916
368 464 -0.0786 -0.1798 159.7366
400 464 -0.0470 -0.1141 95.1698
432 464 -0.0377 -0.0294 250.0080
464 464 -0.0114 -0.0239 188.1018
496 464  0.0143  0.0309 148.1219
528 464  0.0406  0.0479 144.6387
560 464  0.0306  0.0900 228.0314
592 464  0.0221  0.0401 125.6651
624 464  0.0018  0.0414 123.7283
656 464 -0.0110  0.0166 235.2429
688 464 -0.0306  0.0128 125.7235
720 464 -0.0174 -0.0291 145.3832
752 464 -0.1021 -0.0627 115.8059
784 464 -0.0181 -0.0303 75.7628
816 464  0.0215 -0.0860 131.7680
848 464  0.0181 -0.0836 47.4325
880 464  0.0377 -0.0787 66.4009
912 464 -0.0069 -0.0329 219.0478
944 464  0.0062 -0.0221 42.0614
976 464 -0.0052  0.0005 197.8903
1008 464  0.0105  0.0009 39.2536
1040 464 -0.0176  0.0907 186.3855
1072 464 -0.0220  0.2044 121.9917
1104 464 -0.0344  0.1637 142.5859
1136 464 -0.1013  0.1354 56.9720
1168 464 -0.0673  0.1260 70.7469
 16 496 -0.9351 -0.3957 62.8313
 48 496 -0.1508 -0.1541 130.6368
 80 496 -0.5945 -0.3342 169.9642
112 496 -0.9799 -0.4534 199.3984
144 496 -0.6267 -0.4409 86.9976
176 496 -0.5803 -0.1856 99.8123
208 496 -0.6903 -0.3066 93.2645
240 496 -0.4242 -0.3240 162.3153
272 496 -0.2205 -0.5656 37.7513
304 496 -0.2451 -0.8121 124.1106
336 496 -0.1617 -0.1972 121.2442
368 496 -0.1039 -0.2285 164.4592
400 496 -0.0388 -0.1298 47.1830
432 496 -0.0144 -0.0475 197.5916
464 496 -0.0071 -0.0261 96.1929
496 496  0.0480  0.0056 163.8271
528 496  0.1043  0.0951 232.4745
560 496  0.0103  0.0209 52.9193
592 496  0.0433  0.0479 67.7065
624 496 -0.0008  0.0665 90.5172
656 496 -0.0106  0.0305 127.3187
688 496 -0.0132  0.0090 107.2773
720 496 -0.0239  0.0622 216.6737
752 496  0.0079 -0.1111 156.9767
784 496 -0.0679 -0.1482 157.4327
816 496  0.0616 -0.0796 103.6858
848 496  0.0027 -0.1345 70.6790
880 496 -0.0130 -0.0794 123.1603
912 496  0.0088 -0.0284 26.9820
944 496 -0.0014 -0.0304 245.0095
976 496 -0.0316  0.0066 55.8391
1008 496 -0.0224  0.0163 103.9236
1040 496 -0.1034  0.1070 192.9368
1072 496 -0.0545  0.0954 70.1533
1104 496 -0.1053  0.1296 75.1275
1136 496 -0.0682  0.1464 64.1848
1168 496 -0.0727  0.0543 56.3638
 16 528 -0.1292 -0.1737 17.3469
 48 528 -0.4651 -0.3860 72.0034
 80 528 -0.8249 -0.6184 165.0709
112 528 -0.7998 -0.5998 111.3988
144 528 -0.5894 -0.5866 271.2858
176 528 -1.0173 -1.0627 25.0621
208 528 -0.7191 -0.8902 69.5744
240 528 -0.6800 -0.6942 88.5588
272 528 -0.8513 -0.7002 82.6125
304 528 -0.3553 -0.6937 240.7820
336 528 -0.1425 -0.4837 219.2083
368 528 -0.1226 -0.3659 212.4695
400 528 -0.0434 -0.1367 126.5005
432 528 -0.0431 -0.1218 142.5054
464 528  0.0070 -0.1018 193.7364
496 528  0.1019  0.1100 238.6524
528 528  0.0910  0.0616 36.3318
560 528  0.0744  0.1099 174.2995
592 528 -0.0034  0.0594 174.1488
624 528 -0.0156  0.0932 168.7078
656 528 -0.0409  0.0119 137.0711
688 528 -0.0373  0.0752 59.8897
720 528 -0.0233 -0.0081 78.8484
752 528 -0.0073 -0.0221 21.1588
784 528 -0.0210 -0.1267 226.7629
816 528  0.0159 -0.1307 108.1878
848 528  0.0010 -0.1321 55.4620
880 528 -0.0090 -0.1073 111.5377
912 528 -0.0084 -0.0407 117.7622
944 528 -0.0345 -0.0103 124.3908
976 528 -0.0327  0.0470 165.6604
1008 528 -0.0762  0.1100 113.0995
1040 528 -0.0779  0.0720 134.1691
1072 528 -0.0920  0.0697 161.6465
1104 528 -0.1437  0.0941 122.7392
1136 528 -0.0917  0.0685 60.5406
1168 528 -0.1021  0.1227 39.6747
 16 560 -0.2450 -0.2242 35.7441
 48 560 -1.0194 -0.3736 40.0778
 80 560 -0.7277 -0.3743 80.8747
112 560 -0.7404 -0.8322 112.8188
144 560 -0.5875 -0.8674 23.2419
176 560 -0.6799 -0.8234 253.5710
208 560 -0.5249 -0.7184 164.3509
240 560 -0.3728 -0.5981 135.3182
272 560 -0.2596 -0.9128 210.1682
304 560 -0.5341 -0.6478 116.5747
336 560 -0.1452 -0.4263 74.5836
368 560 -0.1313 -0.5938 184.5567
400 560 -0.0813 -0.1674 105.8228
432 560 -0.0009 -0.3202 211.2099
464 560  0.0998 -0.1214 161.3304
496 560  0.0434 -0.0201 295.9827
528 560  0.0473 -0.0067 207.1152
560 560  0.1427  0.1307 62.6660
592 560  0.0627  0.0675 161.9003
624 560  0.1306  0.0679 33.8527
656 560  0.0108  0.1562 70.5062
688 560 -0.0703  0.0754 26.0950
720 560 -0.0297  0.0615 88.9203
752 560 -0.0652  0.0057 116.9152
784 560 -0.0268 -0.0795 90.6556
816 560  0.0176 -0.0523 73.2116
848 560  0.0057 -0.0959 90.4666
880 560 -0.0198 -0.0207 67.2972
912 560 -0.0488  0.0171 217.4905
944 560 -0.0709  0.0192 58.8833
976 560 -0.0571  0.0801 32.8192
1008 560 -0.0720  0.0812 161.5413
1040 560 -0.1019  0.0815 246.4112
1072 560 -0.0922  0.1009 117.3185
1104 560 -0.1064  0.1462 121.3266
1136 560 -0.1273  0.1788 148.7314
1168 560 -0.0974  0.2428 43.0325
 16 592 -0.2765 -0.2848 35.6628
 48 592 -0.2767 -0.2163 163.5453
 80 592 -0.3525 -0.2479 47.3527
112 592 -0.9028 -0.7999 69.8776
144 592 -1.2954 -0.7027 78.3948
176 592 -1.4820 -0.9124 110.0776
208 592 -0.8595 -0.6545 349.4166
240 592 -0.7318 -0.7926 241.3091
272 592 -0.5276 -1.0683 100.7148
304 592 -0.6968 -0.8405 13.3792
336 592 -0.3381 -0.3752 34.1288
368 592 -0.2539 -0.9600 117.5281
400 592 -0.0331 -0.5914 51.0426
432 592  0.1257 -0.2471 69.5771
464 592  0.2321 -0.3456 184.9341
496 592  0.0137 -0.1577 106.7224
528 592  0.1843  0.0916 166.9781
560 592  0.1754  0.1836 137.2689
592 592  0.1194  0.1558 63.5217
624 592  0.0320  0.1705 161.6940
656 592  0.0033  0.2032 198.5621
688 592 -0.0978  0.2177 131.3918
720 592 -0.0656  0.2620 54.5089
752 592 -0.0690  0.0975 150.6332
784 592  0.0035  0.1146 78.5117
816 592 -0.0457  0.0131 75.4524
848 592 -0.0751  0.0320 116.5464
880 592 -0.0778 -0.0061 129.3969
912 592 -0.0931 -0.0013 124.2956
944 592 -0.0713  0.0345 83.3636
976 592 -0.1059  0.1559 122.0571
1008 592 -0.1567  0.1871 88.5407
1040 592 -0.0849  0.0776 33.1498
1072 592 -0.1546  0.2606 91.3967
1104 592 -0.1352  0.1793 54.1725
1136 592 -0.0843  0.0978 175.4923
1168 592 -0.1116  0.0481 33.3162
 16 624 -0.0535  0.0003 17.3091
 48 624 -0.9948 -0.1785 57.0728
 80 624 -0.4063 -0.3786 65.0032
112 624 -1.1761 -0.8247 242.9059
144 624 -0.0979 -0.0897 21.4394
176 624 -1.4100 -0.8186 154.0288
208 624 -0.8904 -1.3311 215.5880
240 624 -1.4578 -1.3813 77.7864
272 624 -1.2505 -1.1301 56.3677
304 624 -1.2651 -1.5480 178.2489
336 624 -0.3886 -1.2339 91.0429
368 624 -0.0290 -1.0006 148.6367
400 624  0.3413 -1.0161 45.1093
432 624  0.1899 -0.2926 53.9869
464 624  0.6072 -0.3414 125.7665
496 624  0.3525 -0.1134 127.6463
528 624  0.5591  0.2051 47.4776
560 624  0.4242  0.1103 90.7248
592 624  0.2366  0.1286 36.2392
624 624  0.0757  0.2027 180.1019
656 624 -0.0483  0.2992 218.8081
688 624 -0.0409  0.2548 29.0838
720 624 -0.0566  0.1518 31.9482
752 624 -0.0771  0.2823 185.3475
784 624 -0.0589  0.1245 73.0120
816 624 -0.1208  0.1755 229.0750
848 624 -0.2011  0.2602 118.4019
880 624 -0.2464  0.2948 71.5560
912 624 -0.1648  0.1293 65.0690
944 624 -0.2306  0.1693 144.6564
976 624 -0.2132  0.1725 97.7578
1008 624 -0.2627  0.1689 88.3953
1040 624 -0.1875  0.1636 133.3750
1072 624 -0.1482  0.1176 146.7398
1104 624 -0.2054  0.1481 65.4842
1136 624 -0.2006  0.1524 190.5706
1168 624 -0.1716  0.1447 118.3296
 16 656 -0.1353 -0.0503 60.3983
 48 656 -0.4218 -0.0021 16.3190
 80 656 -0.7040 -0.4102 182.8496
112 656 -0.9126 -0.5703 216.2616
144 656 -0.9656 -0.6570 171.4868
176 656 -0.9304 -0.8148 117.1948
208 656 -1.0743 -0.9314 260.0766
240 656 -1.0301 -1.2632 165.4564
272 656 -1.5028 -1.2607 285.2042
304 656 -0.2927 -1.1500 124.4486
336 656 -0.7238 -1.7796 87.0725
368 656 -0.0732 -2.4009 20.9885
400 656  0.2495 -1.0573 23.0824
432 656  0.2357 -1.2439 74.2629
464 656  0.4378 -0.6643 172.7475
496 656  0.9840 -0.0793 146.1391
528 656  0.9996  0.3343 90.3036
560 656  0.5803  0.2622 117.4052
592 656  0.4342  0.3261 96.2015
624 656  0.1379  0.3663 164.3399
656 656  0.1805  0.5352 188.6718
688 656  0.0325  0.3184 168.8582
720 656  0.0476  0.0966 81.8417
752 656 -0.1050  0.0664 137.4443
784 656 -0.0583 -0.0341 187.2830
816 656 -0.0964  0.3426 142.5665
848 656 -0.0101  0.1301 129.6674
880 656 -0.1498  0.4451 248.1659
912 656 -0.2981  0.2555 57.9311
944 656 -0.3986  0.2678 61.5261
976 656 -0.3176  0.2681 94.4154
1008 656 -0.2251  0.0953 77.8963
1040 656 -0.1977  0.3303 54.8051
1072 656 -0.3491  0.0225 79.1905
1104 656 -0.2231  0.1543 147.6419
1136 656 -0.1706  0.1939 88.4725
1168 656 -0.1160  0.0982 13.9344
 16 688 -0.1388 -0.0360 293.1322
 48 688 -0.1007 -0.0216 29.4028
 80 688 -0.7537 -0.2592 196.8569
112 688 -0.9644 -0.5863 74.0904
144 688 -0.8111 -0.2661 219.5413
176 688 -1.1660 -1.0202 96.4481
208 688 -0.5520 -0.4440 162.7430
240 688 -0.4707 -0.1663 73.8833
272 688 -0.3897  0.0233 18.3135
304 688 -0.2050 -0.0590 11.6772
336 688 -0.7762 -2.9157 21.8449
368 688 -1.2808 -2.5406 33.9833
400 688 -1.1304 -1.3025 111.9780
432 688  5.6819  0.9830 17.5516
464 688 -0.1130 -0.1681 13.0545
496 688 -0.3634 -0.2305 76.4244
528 688  0.3901  0.0411 45.9004
560 688  0.5904  0.1970 43.8639
592 688  0.5392  0.6032 34.3441
624 688  0.1639  0.4245 74.2551
656 688  0.2364  0.7216 97.7307
688 688  0.2779  0.3276 43.8615
720 688  0.2021  0.0255 132.6013
752 688  0.0390  0.0079 20.3975
784 688 -0.1624 -0.0648 20.1582
816 688 -0.2353  0.0516 138.2444
848 688 -0.3322  0.2442 108.5708
880 688 -0.3448  0.2444 80.3160
912 688 -0.4412  0.2662 74.8700
944 688 -0.4073  0.2244 34.2219
976 688 -0.3368  0.0534 89.5125
1008 688 -0.4059  0.2884 68.4245
1040 688 -0.3955  0.2780 61.7233
1072 688 -0.2648  0.0826 56.2700
1104 688 -0.2923  0.1025 125.5916
1136 688 -0.3066  0.1571 138.5750
1168 688 -0.2139  0.1523 99.3945
 16 720 -0.1188 -0.0409 78.7941
 48 720 -0.0542 -0.0757 183.4687
 80 720 -0.7792 -0.6183 68.8348
112 720 -0.4016 -0.1586 73.2541
144 720 -1.2259 -1.1715 66.2478
176 720 -1.2791 -0.8145 30.0847
208 720 -1.1293 -0.9160 61.7487
240 720 -1.6786 -1.6407 211.6496
272 720 -1.2770 -1.6954 123.0556
304 720 -1.4053 -1.7689 30.4081
336 720 -0.0137 -0.0654  8.5709
368 720  0.0075  0.2541 27.4554
400 720 -0.0967  0.2263 66.8548
432 720 -0.3235 -0.0913  8.6168
464 720 -2.3465 -1.3637 83.6065
496 720 -1.1743 -0.8820 161.1546
528 720 -0.3011 -0.2346 123.5868
560 720  0.0031  0.0845 150.3649
592 720  0.2254  0.6526 60.5282
624 720  0.2046  0.7292 40.1010
656 720  0.2440  0.5271 107.9514
688 720  0.2127  0.2606 79.4314
720 720  0.2741 -0.4881 96.1020
752 720  0.0296 -0.0662 10.0809
784 720 -0.0255 -0.0812 13.1869
816 720 -0.1887 -0.1069 14.9741
848 720 -0.3617  0.0219 78.7962
880 720 -0.3730  0.3275 72.4675
912 720 -0.3737  0.1584 107.9020
944 720 -0.1025  0.0840 19.4147
976 720 -0.5019  0.1846 99.3848
1008 720 -0.6543  0.0198 54.1624
1040 720 -0.5303  0.1799 143.1523
1072 720 -0.1810  0.0761 23.1787
1104 720 -0.3325  0.0999 166.9886
1136 720 -0.1539  0.1234 128.8080
1168 720 -0.3253  0.0505 192.5762
 16 752 -0.0803 -0.0531 72.4809
 48 752 -0.1175  0.0141 31.4549
 80 752 -0.0633 -0.0789 235.2327
112 752 -0.1290 -0.1397 237.8311
144 752 -0.3821 -0.2045 225.0648
176 752 -0.6243 -0.3558 124.4984
208 752 -0.7736 -0.4434 44.7542
240 752 -1.5596 -1.0469 33.0504
272 752 -1.9079 -1.1903 70.0074
304 752 -0.1265 -0.0223  8.2839
336 752 -0.0193  0.0130 15.2340
368 752  0.1182  0.2106 56.5880
400 752 -2.4335  0.4050 18.0612
432 752 -3.1721 -0.8309 81.3682
464 752 -1.0459 -0.0978 108.0294
496 752 -0.3181  0.2751 95.9167
528 752 -0.4109  0.0893 81.4138
560 752 -0.8934 -0.1575 32.0896
592 752 -0.2990  0.0250 218.7751
624 752  0.0322  0.3295 25.4925
656 752  0.0364  0.3713 110.2503
688 752  0.3338  0.1046 74.3219
720 752  0.0979  0.0335 12.1172
752 752  0.3074 -0.7714 22.1014
784 752 -0.1061 -0.5400 29.9679
816 752 -0.1886 -0.2025 29.2812
848 752 -0.2650 -0.3730 97.5967
880 752 -0.0932 -0.0464 13.8719
912 752 -0.3955  0.1870 14.6703
944 752 -0.6360  0.2113 30.5230
976 752 -0.8612  0.1056 104.2477
1008 752 -0.6763  0.1757 91.5588
1040 752 -0.7564  0.0883 106.5478
1072 752 -0.3775  0.0715 45.2651
1104 752 -0.2599  0.2116 41.5225
1136 752 -0.3966  0.2025 118.1796
1168 752 -0.3614  0.1011 150.3989
 16 784 -0.1805 -0.0385 50.1622
 48 784 -0.0855 -0.0583 111.2981
 80 784 -0.1378 -0.0396 149.9360
112 784 -0.1428 -0.1552 290.6543
144 784 -0.1459 -0.2700 235.0592
176 784 -0.1185 -0.2663 122.5927
208 784 -0.9783 -0.4950 33.3251
240 784 -1.1308 -0.3961 45.1832
272 784 -2.3575 -1.0146 75.5374
304 784 -3.1266 -2.6376 124.2228
336 784 -1.6598 -0.9566  9.7001
368 784 -0.2477  0.2198  8.9546
432 784 -0.4231  1.0621  5.7589
464 784 -0.4079  0.2970 20.0251
496 784 -1.9388 -1.2973 18.0486
528 784 -2.0322 -1.2767 79.9415
560 784 -1.3850 -0.6792 40.9404
592 784 -0.4210 -0.0402 188.3797
624 784  0.0385  0.0830 70.3821
656 784  0.0952  0.3644 41.3718
688 784  0.1016 -0.0211 24.9816
720 784  0.3720 -0.1341 10.6842
752 784  0.2800 -0.6224 17.0252
784 784 -0.0174 -0.7380 25.5625
816 784 -0.0973 -0.6969 29.7339
848 784 -0.2133 -0.4298 17.0957
880 784 -0.1334 -0.4348 13.7824
912 784  0.0419 -0.0372  9.3028
944 784 -0.6919 -0.0423 13.4562
976 784 -0.6537  0.1776 25.1547
1008 784 -0.7172  0.1524 151.8011
1040 784 -0.6713  0.2231 80.6213
1072 784 -0.4269  0.2239 74.0755
1104 784 -0.6439  0.1116 126.6290
1136 784 -0.3414  0.1575 236.3514
1168 784 -0.3414  0.0779 94.5199
 16 816 -0.0004  0.0091 39.1754
 48 816 -0.1184 -0.0514 28.9240
 80 816 -0.0319 -0.0586 19.3268
112 816 -0.1695 -0.0955 173.4704
144 816 -0.5182 -0.2404 74.1097
176 816 -0.1258 -0.0355 15.7700
208 816 -1.0030 -0.1327 46.8892
240 816 -1.3535 -0.1228 81.2590
272 816 -2.1987 -0.9515 31.6206
304 816  0.0005 -0.0251  8.7849
336 816 -0.0384 -0.0011 32.7340
368 816 -0.1417  0.1053  6.1056
496 816 -0.2633  0.2787  8.4527
528 816 -1.2599 -1.1091 52.6310
560 816 -1.3130 -1.1093 31.7687
592 816 -0.4571 -0.3288 83.3579
624 816 -0.2055 -0.1454 46.5637
656 816  0.0899 -0.0935 39.6276
688 816  0.2967 -0.3379 55.5968
720 816  0.1216 -0.1040  9.3976
752 816  0.0887 -0.1076 12.8822
784 816  0.0988  0.0081 13.4416
816 816  0.0260 -0.1788 12.9319
848 816  0.0395 -0.0176 10.4788
880 816  0.0051  0.0863 12.4576
912 816 -0.0018  0.0603 11.1633
944 816 -0.2131  0.0060 15.1365
976 816 -0.0084  0.0152 10.6984
1008 816 -0.0957  0.0095 13.1955
1040 816 -0.7147  0.1961 76.7626
1072 816 -0.5232  0.3166 109.5644
1104 816 -0.3738  0.1199 89.0089
1136 816 -0.5811  0.0753 54.8009
1168 816 -0.2644  0.0046 121.5978
 16 848  0.0006 -0.0021 189.8338
 48 848 -0.0238 -0.0085 53.2921
 80 848 -0.0271 -0.0026 67.2135
112 848 -0.2136  0.0021 145.7210
144 848 -0.0633 -0.0649 78.1977
176 848 -0.2060  0.0279 60.2651
208 848 -0.6357  0.0368 116.4096
240 848 -1.0743  0.0135 71.7788
272 848 -1.5077 -1.1063 19.1090
304 848 -1.1765 -2.6471 14.2027
336 848  0.0627 -0.1150 22.6625
368 848 -0.0701  0.0149  4.0474
496 848 -0.0525  0.0430  4.1166
528 848 -0.0822  0.0645 53.8540
560 848 -0.6384 -0.6907 21.7936
592 848  0.0224 -0.0286 47.1683
624 848 -0.1063 -0.2789 84.5200
656 848  0.0177 -0.0414 35.9290
688 848  0.0722  0.0025 11.2054
720 848  0.0020 -0.0353 11.5593
752 848  0.0776 -0.1046  9.3236
784 848 -0.0332 -0.2393 11.3645
816 848 -0.0454 -0.2561 16.8625
848 848  0.0164  0.0222 11.1257
880 848 -0.0212  0.0048  9.2493
912 848  0.0037  0.0114  9.8738
944 848 -0.0176  0.0136 14.6720
976 848 -0.0087  0.0307  7.5935
1008 848 -0.2958  0.0057 20.5149
1040 848 -0.7857  0.1457 35.5208
1072 848 -0.4076  0.1445 65.9373
1104 848 -0.5495  0.0389 109.2045
1136 848 -0.5246  0.0733 79.7926
1168 848 -0.2345  0.0711 87.6321
 16 880  0.0300 -0.0068 27.4264
 48 880  0.0274  0.0149 61.4734
 80 880 -0.0328  0.0079 172.2621
112 880 -0.0135  0.0177 180.8175
144 880 -0.1854  0.0100 62.2933
176 880 -0.1362  0.0676 66.2472
208 880 -0.1514  0.0693 117.7260
240 880 -1.5353 -0.1948 182.7081
272 880 -1.1384 -1.3642 166.6477
304 880 -1.1311 -2.4574 26.0472
336 880  0.0111 -0.1243 38.5183
368 880  0.0703 -0.0567  6.2437
528 880 -0.0426  0.0568 14.8167
560 880  0.0419 -0.0121 17.7163
592 880  0.0519  0.0069  6.6752
624 880 -0.0061  0.0024 24.9720
656 880  0.0080  0.0173 12.7925
688 880  0.0055  0.0355 10.6871
720 880  0.0068  0.0125 19.8500
752 880 -0.0330  0.0114 13.2251
784 880 -0.0151 -0.0415 13.7069
816 880  0.0047 -0.0652 10.5116
848 880  0.0067 -0.0054 14.7404
880 880 -0.0261  0.0078 14.6468
912 880  0.0325  0.0059 13.7519
944 880  0.0762  0.0189  9.0273
976 880 -0.1719 -0.0046 15.2868
1008 880 -0.8078 -0.0130 94.4923
1040 880 -0.7362  0.0967 146.1595
1072 880 -0.6504  0.0597 92.3189
1104 880 -0.5934  0.1359 103.4505
1136 880 -0.3146  0.0650 167.4933
1168 880 -0.4491 -0.0162 41.9374
 16 912  0.1638  0.0398 99.3537
 48 912  0.0199  0.0264 47.2554
 80 912  0.0257  0.0760 104.5488
112 912 -0.0025  0.0383 174.5575
144 912 -0.0093  0.1174 28.8899
176 912 -0.0292  0.0815 122.1579
208 912 -0.0462  0.2964 43.5373
240 912 -0.1002  0.1738 222.7987
272 912 -0.5352 -0.0495 21.3725
304 912 -0.9474 -1.4407 11.1832
336 912 -1.0508 -2.5573 15.6086
368 912  0.0398 -0.0191 90.7243
400 912  0.0404 -0.0469  5.6250
528 912 -0.0140  0.0277  4.4228
560 912  0.0040  0.0249  5.9434
592 912  0.0228  0.0164  4.1001
624 912 -0.0623  0.0454  7.3647
656 912  0.0455  0.0047  6.4593
688 912 -0.0844  0.0350  5.9435
720 912  0.0393  0.0075 10.3751
752 912 -0.1114  0.0151  6.6718
784 912  0.0215  0.0149 17.3368
816 912  0.0389  0.0659  5.1076
848 912 -0.0736  0.0965  7.8103
880 912  0.0104  0.0015 12.1747
912 912  0.0635 -0.0187 14.2200
944 912 -0.4420 -0.1638 10.4764
976 912 -0.6493 -0.2019 76.4099
1008 912 -0.7393 -0.0236 187.3093
1040 912 -0.7495  0.0672 70.3871
1072 912 -0.6469 -0.0001 36.6037
1104 912 -0.6710  0.0178 127.2936
1136 912 -0.2861  0.0057 145.3971
1168 912 -0.3479  0.0045 146.4909
 16 944  0.0425  0.0119 27.8375
 48 944  0.0028  0.0127 169.0632
 80 944  0.0282  0.0324 321.6782
112 944  0.0537  0.0112 304.4445
144 944  0.0098  0.1660 186.2600
176 944  0.0364  0.0442 389.3479
208 944  0.0332  0.1489 113.5080
240 944 -0.0080  0.2062 278.4549
272 944  0.0117  0.0352 115.0773
304 944 -0.7347 -1.6958 106.8906
336 944 -1.0352 -1.9577 109.2413
368 944 -0.0285 -0.0730 16.7104
400 944 -0.0045  0.0264 36.1885
432 944 -0.0152  0.0337  9.5733
464 944  0.0032  0.0236  8.1267
496 944 -0.0168 -0.0023  7.2752
528 944 -0.0063  0.0072  4.2402
624 944 -0.0517  0.0299  4.6592
656 944  0.0098  0.0064  4.5912
688 944 -0.0795 -0.0064  5.4698
720 944  0.0384  0.0196  5.7634
752 944 -0.0455  0.0801  4.5901
784 944  0.0258  0.0130  4.3070
816 944 -0.0101  0.0227  4.6375
848 944 -0.0286 -0.0202 13.4242
880 944 -0.0122 -0.0017 12.9642
912 944 -0.0538 -0.0302 21.8883
944 944 -0.5734 -0.4658 50.2454
976 944 -0.5167 -0.2014 53.8090
1008 944 -0.6777 -0.1714 41.1746
1040 944 -0.5740 -0.0309 28.3132
1072 944 -0.5712  0.0799 33.1959
1104 944 -0.3660 -0.0843 74.3113
1136 944 -0.2483 -0.0898 60.5317
1168 944 -0.5146  0.1443 55.8111
 16 976  0.0605 -0.0045 18.1874
 48 976  0.0766  0.0156 31.5248
 80 976  0.0441  0.0338 29.0843
112 976  0.0674  0.0862 227.3021
144 976  0.1625  0.0106 76.9967
176 976  0.2800  0.0932 110.6238
208 976  0.0859  0.0831 77.6484
240 976  0.6685  0.1400 101.3947
272 976  0.2799  0.0160 85.0006
304 976  0.3766 -0.4201 60.7139
336 976 -0.1149 -1.1760 157.8906
368 976 -0.2605 -1.2148 23.5678
400 976  0.0014 -0.0607 12.6190
432 976 -0.0610 -0.0671 14.4104
464 976 -0.0360 -0.0446 37.9747
496 976 -0.0115 -0.0708  8.6381
528 976 -0.0101 -0.0664  4.9251
688 976  0.0072  0.0338  4.1166
784 976 -0.0119 -0.0055  4.3574
816 976 -0.0147 -0.0185 13.6240
848 976 -0.2306 -0.3118 45.4062
880 976 -0.3784 -0.4641 50.6748
912 976 -0.3796 -0.4296 68.8522
944 976 -0.4769 -0.2229 85.2702
976 976 -0.3930 -0.2747 93.6888
1008 976 -0.6795 -0.1403 40.7369
1040 976 -0.1079 -0.1034 19.7599
1072 976 -0.4153 -0.0999 116.9231
1104 976 -0.2366 -0.0524 114.3839
1136 976 -0.3035 -0.2808 101.7851
1168 976 -0.2536 -0.0383 116.4737
 16 1008 -0.0275 -0.0147 15.7277
 48 1008  0.0975  0.0251 105.6543
 80 1008  0.1308  0.0090 24.5348
112 1008  0.0962  0.0249 109.4689
144 1008  0.0815 -0.0055 205.0181
176 1008  0.1658  0.0195 164.8705
208 1008  0.0882  0.0365 255.3043
240 1008  0.1707  0.0012 34.2741
272 1008  0.6567  0.2430 211.6382
304 1008  0.6175 -0.4586 21.9429
336 1008  0.0942 -0.9773 101.7964
368 1008  0.0318 -1.0161 42.8860
400 1008  0.0004 -0.1402 13.5003
432 1008 -0.0592 -0.3865 16.2339
464 1008 -0.0557 -0.1098 15.9759
496 1008  0.0227 -0.0527 24.1587
528 1008 -0.0867 -0.1190 11.8129
560 1008 -0.0301 -0.0718  6.6442
784 1008 -0.0121 -0.0182  6.2763
816 1008 -0.0057 -0.0193 24.5791
848 1008 -0.0353 -0.0455 14.1014
880 1008 -0.2978 -0.2630 53.4105
912 1008 -0.2268 -0.2073 24.0678
944 1008 -0.4093 -0.1841 17.9201
976 1008 -0.4914 -0.2456 44.0477
1008 1008 -0.5994 -0.1312 26.5331
1040 1008 -0.4272 -0.1544 34.6477
1072 1008 -0.6648  0.0020 70.7632
1104 1008 -0.3394 -0.0278 45.4514
1136 1008 -0.4714 -0.1290 75.5906
1168 1008 -0.1528 -0.1212 128.0517
 16 1040  0.3027  0.0083 121.1355
 48 1040  0.0587  0.0140 39.7294
 80 1040  0.0976 -0.0112 254.7230
112 1040  0.1231  0.0183 81.4881
144 1040  0.0740  0.0447 213.6321
176 1040  0.1693  0.0001 318.1298
208 1040  0.1752  0.0048 29.0697
240 1040  0.3488 -0.0492 54.1368
272 1040  0.4097 -0.1980 54.2713
304 1040  0.1123 -0.0528 17.3897
336 1040  0.3821 -0.4900 51.8303
368 1040  0.7269 -0.8166 64.2032
400 1040  0.0252 -0.0522 12.7581
432 1040 -0.0116 -0.1016 12.1529
464 1040 -0.0104 -0.1438 39.5832
496 1040 -0.0134 -0.0200 16.8446
528 1040 -0.0363  0.0073 11.2272
560 1040  0.0126 -0.0037 12.6079
592 1040  0.0660 -0.0006  5.6941
752 1040 -0.0104 -0.0035  5.5111
784 1040 -0.0085 -0.0150 14.6015
816 1040 -0.0113 -0.0235 29.3832
848 1040 -0.1066 -0.0364 49.0674
880 1040 -0.0465 -0.0425 16.5051
912 1040 -0.2893 -0.1433 19.7264
944 1040 -0.2692 -0.3007 63.9448
976 1040 -0.5744 -0.0649 142.0845
1008 1040 -0.1597 -0.1323 123.5372
1040 1040 -0.1109 -0.1067 82.0712
1072 1040 -0.3328 -0.1329 58.8390
1104 1040 -0.1928 -0.1171 21.6144
1136 1040 -0.2172 -0.1425 40.6885
1168 1040 -0.3635  0.1234 147.1763
 16 1072  0.1829  0.0390 113.2713
 48 1072  0.0406  0.0273 102.0963
 80 1072  0.1602  0.0377 273.7839
112 1072  0.0812  0.0043 97.7504
144 1072  0.1153 -0.0375 27.6871
176 1072  0.1587  0.0067 37.9339
208 1072  0.0704 -0.0183 131.3969
240 1072  0.1504 -0.0979 74.4714
272 1072  0.1148 -0.1217 83.9527
304 1072  0.1795 -0.4142 180.5017
336 1072  0.1504 -0.7782 108.7529
368 1072  0.2411 -0.5636 52.6906
400 1072  0.0240 -0.0164 13.7362
432 1072 -0.0149  0.0032 23.8362
464 1072 -0.0061 -0.0091  9.2834
496 1072  0.0191 -0.0587 12.9905
528 1072 -0.0058 -0.0864 11.1022
560 1072 -0.0106 -0.0978  8.2844
592 1072 -0.0065 -0.0268 10.0042
624 1072 -0.0004 -0.0336  5.3760
656 1072  0.0106 -0.0308  4.6007
752 1072 -0.0083  0.0169  4.1881
784 1072 -0.0315  0.0263  7.1859
816 1072 -0.0151  0.0062 12.3649
848 1072 -0.0097  0.0044 26.3157
880 1072 -0.0127 -0.0158 19.5906
912 1072 -0.0554 -0.0033 43.0321
944 1072 -0.0065 -0.0111 54.7776
976 1072 -0.2636 -0.1029 39.1065
1008 1072 -0.1988 -0.1102 34.1677
1040 1072 -0.2666 -0.1589 130.1001
1072 1072 -0.2468 -0.1061 23.0950
1104 1072 -0.3337 -0.1335 46.6959
1136 1072 -0.1500 -0.0573 23.4329
1168 1072 -0.1624 -0.0510 67.7252
 16 1104  0.1141 -0.0140 29.3194
 48 1104  0.0327  0.0176 106.1797
 80 1104  0.3859 -0.0324 36.2034
112 1104  0.2164 -0.0281 63.6033
144 1104  0.0711  0.0065 110.4543
176 1104  0.0626 -0.0094 80.0139
208 1104  0.2868 -0.0621 40.6023
240 1104  0.2287 -0.1721 68.9381
272 1104  0.1577 -0.2443 143.5421
304 1104  0.5205 -0.2365 109.5102
336 1104  0.4496 -0.3116 79.8911
368 1104  0.0608 -0.2398 80.3989
400 1104  0.0326 -0.0486 20.3952
432 1104  0.0254 -0.0249 19.8603
464 1104 -0.0008  0.0086 18.8036
496 1104 -0.0044 -0.0142 14.2572
528 1104 -0.0218 -0.0206 10.9040
560 1104 -0.0664 -0.0486 13.5717
592 1104  0.0121 -0.0011 10.3907
624 1104 -0.0246 -0.0359 11.1020
656 1104  0.0359 -0.0380  8.5999
688 1104  0.0264 -0.0829  5.3543
848 1104  0.0031  0.0212  5.0551
880 1104 -0.0767  0.0596  6.3499
912 1104 -0.0154  0.0235 12.3865
944 1104  0.0071  0.0227 14.2262
976 1104 -0.0169  0.0379  9.1380
1008 1104 -0.0087  0.0019 20.4240
1040 1104 -0.0287  0.0141 29.8119
1072 1104 -0.0860 -0.0315 16.7116
1104 1104 -0.1302 -0.0187 18.5983
1136 1104 -0.0878 -0.0350 17.2043
1168 1104 -0.1364 -0.0513 22.8912
 16 1136  0.0095  0.0014 13.0305
 48 1136  0.0419  0.0007 54.2728
 80 1136  0.1231 -0.0103 95.9530
112 1136  0.0617  0.0340 55.1481
144 1136  0.0785  0.0005 114.8892
176 1136  0.0746 -0.0407 220.4785
208 1136  0.0556 -0.0685 83.5198
240 1136  0.0769 -0.0821 149.8606
272 1136  0.1564 -0.2328 57.2438
304 1136  0.0934 -0.1071 48.7056
336 1136  0.2521 -0.2278 111.9833
368 1136  0.3043 -0.2560 170.0311
400 1136 -0.0101 -0.0127 16.4357
432 1136  0.0023 -0.0100 11.7795
464 1136  0.0266 -0.0534 22.7173
496 1136 -0.0207 -0.0226 15.5775
528 1136 -0.0214 -0.0082 14.4231
560 1136 -0.0175  0.0128 10.5819
592 1136  0.0291 -0.0298 13.1696
624 1136 -0.0100 -0.0339 13.8629
656 1136 -0.0003 -0.0316 17.5614
688 1136 -0.0098 -0.0367 12.0950
720 1136  0.0289 -0.0692  5.7719
752 1136  0.0454 -0.0821  5.4632
784 1136  0.0044 -0.0628  5.5080
816 1136 -0.0567 -0.0423  9.6335
848 1136  0.0245 -0.0482 10.4492
880 1136  0.0574 -0.1004  4.3024
976 1136 -0.0297  0.0125  4.2789
1008 1136  0.0075  0.0017  5.1392
1040 1136 -0.0251  0.0047  4.8024
1072 1136  0.0069  0.0632  5.5204
1104 1136 -0.0380 -0.0204  8.4310
1136 1136 -0.0093  0.0155  9.6319
1168 1136 -0.0005  0.0003 19.3066
 16 1168  0.0684 -0.0306 16.9735
 48 1168  0.0234 -0.0112 16.3695
 80 1168  0.0252 -0.0114 217.9586
112 1168  0.0504 -0.0030 195.6327
144 1168  0.0975 -0.0120 132.6721
176 1168  0.2375 -0.0843 63.1152
208 1168  0.0333 -0.0410 275.3083
240 1168  0.0660 -0.0507 103.4650
272 1168  0.0674 -0.0847 170.5809
304 1168  0.0387 -0.0620 207.0135
336 1168  0.1175 -0.1362 135.1543
368 1168  0.1426 -0.0719 227.0344
400 1168  0.0030 -0.0049 11.8114
432 1168  0.0094 -0.0511 12.7964
464 1168  0.0440 -0.0273 25.7309
496 1168 -0.0053 -0.0104 12.0274
528 1168 -0.0162  0.0056 18.4160
560 1168  0.0141 -0.0170 13.0869
592 1168 -0.0033 -0.0079 10.6185
624 1168 -0.0015  0.0086 15.1854
656 1168  0.0026  0.0081 13.2517
688 1168  0.0079 -0.0030 12.5552
720 1168 -0.0145 -0.0076 12.3179
752 1168 -0.0046  0.0224 11.0245
784 1168 -0.0429 -0.0446  8.9661
816 1168 -0.0076  0.0116 13.4164
848 1168  0.0343  0.0060 15.0634
880 1168 -0.0005 -0.0163 13.7463
912 1168  0.0069 -0.0177 11.9750
944 1168  0.0066 -0.0468  6.0106
976 1168  0.0483 -0.1134  4.7129
1104 1168  0.0000  0.0289  4.2599
1136 1168 -0.0387  0.0129  4.6277
1168 1168 -0.0046  0.0110  4.7043
 16 1200  0.0012  0.0076 13.4558
 48 1200  0.0730  0.0011 19.8998
 80 1200  0.0059 -0.0354 14.6405
112 1200  0.1885 -0.0135 46.9380
144 1200  0.0757 -0.0175 26.7531
176 1200  0.1526 -0.0553 121.6573
208 1200  0.1014 -0.0538 26.1240
240 1200  0.0215 -0.0335 194.7891
272 1200  0.0478 -0.0445 196.9124
304 1200  0.1285 -0.0660 28.8004
336 1200  0.1103 -0.2686 162.8433
368 1200  0.0973 -0.1148 112.7733
400 1200  0.0151 -0.0162 12.5882
432 1200 -0.0083  0.0044 15.2645
464 1200  0.0401  0.0048 12.5926
496 1200 -0.0063 -0.0306 20.2527
528 1200 -0.0121  0.0299 22.3067
560 1200  0.0240  0.0181 14.3585
592 1200 -0.0411  0.0004 13.7622
624 1200  0.0203 -0.1374 27.0253
656 1200  0.0084 -0.0158 18.5231
688 1200  0.0309 -0.0094 14.3841
720 1200 -0.0361 -0.0130 17.2896
752 1200  0.0031 -0.0040 16.0844
784 1200 -0.0236  0.0413 10.7917
816 1200 -0.0183 -0.0097 11.3797
848 1200  0.0039  0.0216 10.5208
880 1200 -0.0045 -0.0105 16.2169
912 1200 -0.0071  0.0010 18.3346
944 1200  0.0269  0.0119 15.3700
976 1200 -0.0009  0.0000 14.7199
1008 1200  0.0357 -0.0322 12.0357
1040 1200  0.0038 -0.0597  8.5940
1072 1200  0.0347 -0.0774  6.5608
1104 1200  0.0049 -0.0090  5.1266
1136 1200 -0.0292 -0.1654  4.5664
1168 1200  0.0050 -0.0189  4.4463
 16 1232  0.0433 -0.0092 11.6970
 48 1232  0.0104  0.0182 39.5096
 80 1232  0.0663 -0.0014 128.3629
112 1232  0.0114 -0.0147 69.2200
144 1232  0.0830 -0.0411 249.4355
176 1232  0.1316 -0.0202 72.0532
208 1232  0.1065 -0.0954 155.9955
240 1232  0.0347 -0.0879 43.0675
272 1232  0.0710 -0.1031 102.3815
304 1232  0.0309 -0.0976 398.7292
336 1232  0.0336 -0.0590 236.9767
368 1232  0.0628 -0.0911 396.0457
400 1232  0.0197 -0.0012 49.2917
432 1232  0.0098 -0.0089 13.3169
464 1232 -0.0064  0.0015 25.4351
496 1232 -0.0055 -0.0050 17.7394
528 1232 -0.0298 -0.0122 13.3737
560 1232 -0.0128  0.0066 22.2310
592 1232 -0.0232 -0.0057 16.3282
624 1232  0.0311 -0.0244 13.4367
656 1232  0.0279  0.0238 12.7043
688 1232 -0.0040 -0.0172 12.2257
720 1232  0.0018  0.0105 13.2756
752 1232 -0.0596 -0.0028 19.7852
784 1232 -0.0592 -0.0209 13.7155
816 1232 -0.0298  0.0281 19.6794
848 1232  0.0392  0.0704 10.9527
880 1232  0.0422 -0.0042  8.7062
912 1232  0.0042 -0.0133  8.7982
944 1232 -0.0273 -0.0509 14.6340
976 1232  0.0028  0.0573 15.0573
1008 1232 -0.0490 -0.0107 17.2855
1040 1232 -0.0069  0.0005 12.9044
1072 1232  0.0369 -0.0040 12.1864
1104 1232 -0.0286 -0.0053 12.7028
1136 1232  0.0003 -0.0084 11.6571
1168 1232  0.0739  0.0115 12.5624
 16 1264  0.0882 -0.0104 37.8983
 48 1264 -0.1173 -0.0825 34.6613
 80 1264  0.1085 -0.0181 184.6749
112 1264  0.0090 -0.0696 44.7627
144 1264  0.0340 -0.0250 88.9611
176 1264  0.1207 -0.0446 132.3069
208 1264  0.0671 -0.0524 96.5980
240 1264  0.1714 -0.0662 59.9198
272 1264  0.0353 -0.0659 66.4325
304 1264  0.0459 -0.1453 48.7151
336 1264  0.2825 -0.1104 66.8676
368 1264  0.0707  0.0182 18.4748
400 1264 -0.0027 -0.0050 14.0146
432 1264  0.0000 -0.0085 15.3762
464 1264  0.0082 -0.0346 13.6805
496 1264  0.0128  0.0081 10.9115
528 1264 -0.0010 -0.0074 11.8457
560 1264  0.0301 -0.0283 14.1491
592 1264 -0.0353 -0.0240 11.2238
624 1264  0.0150  0.0100 21.4323
656 1264  0.0223 -0.0398 14.1998
688 1264  0.0333 -0.0162 11.4606
720 1264 -0.0057  0.0166 12.1403
752 1264  0.0418  0.0070 26.0120
784 1264  0.0197  0.0042 11.5394
816 1264 -0.0076 -0.0025 14.7849
848 1264  0.0059 -0.0140 10.1246
880 1264  0.0140 -0.0209  7.7273
912 1264 -0.0043 -0.0355 12.0523
944 1264  0.0033 -0.0485  9.5786
976 1264 -0.0073  0.0152  7.8539
1008 1264 -0.0061 -0.0792 10.5466
1040 1264  0.0300 -0.0458 11.0098
1072 1264 -0.0436  0.0064 10.2686
1104 1264 -0.0082 -0.0538  9.5360
1136 1264  0.0312  0.0613 10.5012
1168 1264 -0.0533  0.0390 13.0126
 16 1296  0.0340 -0.0137 24.3201
 48 1296  0.0279  0.0041 21.5867
 80 1296  0.0337  0.0089 26.1556
112 1296  0.0304  0.0128 32.5935
144 1296  0.0387 -0.0425 81.7297
176 1296  0.0595 -0.0302 99.0412
208 1296  0.0763 -0.0791 117.1106
240 1296  0.0038 -0.0200 109.9839
272 1296  0.0204 -0.0738 71.9243
304 1296  0.0162 -0.0498 27.5681
336 1296  0.0679 -0.1371 230.9666
368 1296  0.0611 -0.0795 235.5683
400 1296  0.0156  0.0053 28.9899
432 1296 -0.0080  0.0039 18.2984
464 1296  0.0205  0.0040 18.1314
496 1296 -0.0275 -0.0050 27.2448
528 1296  0.0050 -0.0083 10.2820
560 1296  0.0293 -0.0044 18.8935
592 1296  0.0086  0.0041 11.5392
624 1296  0.0051 -0.0574 13.0936
656 1296  0.0023  0.0056 13.1719
688 1296  0.0083 -0.0050 12.2942
720 1296 -0.0232 -0.0033 12.8703
752 1296  0.0062 -0.0154 15.2424
784 1296 -0.0182  0.0006 11.4640
816 1296  0.1410  0.0099 10.2864
848 1296 -0.0481  0.0339 11.2779
880 1296 -0.0119 -0.0324 11.0403
912 1296  0.0823 -0.0437 11.8893
944 1296  0.0115  0.0384 10.4058
976 1296 -0.0296  0.0207 10.4907
1008 1296  0.0208 -0.0242  9.1203
1040 1296  0.0038 -0.0496  8.1071
1072 1296 -0.0152 -0.0232  9.7339
1104 1296 -0.0026 -0.0253 10.9504
1136 1296 -0.1114  0.0308 10.4574
1168 1296 -0.0135  0.0474  8.6287
  0   0 -0.0277  0.0505  0.0000
  0   0 -0.0077  0.0189  0.0000
  0   0  0.0156  0.0681  0.0000
  0   0 -0.0121  0.0576  0.0000
  0   0  0.0301  0.0230  0.0000
  0   0  0.0449  0.0186  0.0000
  0   0  0.0496  0.0136  0.0000
  0   0  0.0464  0.0009  0.0000
  0   0  0.0557 -0.0342  0.0000
  0   0  0.0755 -0.0421  0.0000
  0   0  0.0615 -0.0694  0.0000
  0   0  0.0134 -0.0510  0.0000
  0   0 -0.0023 -0.0766  0.0000
  0   0 -0.0156 -0.0764  0.0000
  0   0  0.0001 -0.1049  0.0000
  0   0 -0.0166 -0.0556  0.0000
  0   0 -0.0484  0.0178  0.0000
  0   0 -0.0755  0.0458  0.0000
  0   0 -0.0813  0.0456  0.0000
  0   0 -0.0813  0.0264  0.0000
  0   0 -0.0421  0.0150  0.0000
  0   0 -0.0118  0.0102  0.0000
  0   0 -0.0117  0.0038  0.0000
  0   0 -0.0125 -0.0276  0.0000
  0   0 -0.0139 -0.0019  0.0000
  0   0 -0.0166  0.0011  0.0000
  0   0 -0.0296  0.0018  0.0000
  0   0 -0.0194 -0.0016  0.0000
  0   0 -0.0051  0.0137  0.0000
  0   0  0.1102  0.0289  0.0000
  0   0 -0.0593 -0.0134  0.0000
  0   0 -0.0064 -0.0508  0.0000
  0   0  0.0521 -0.0460  0.0000
  0   0  0.0244  0.0052  0.0000
  0   0 -0.0043  0.0085  0.0000
  0   0  0.0070 -0.0133  0.0000
  0   0 -0.0078 -0.0228  0.0000
  0   0 -0.0306 -0.0017  0.0000
  0   0 -0.0476  0.0190  0.0000
  0   0 -0.1007  0.0715  0.0000
  0   0 -0.0595  0.0972  0.0000
  0   0 -0.0425  0.1002  0.0000
  0   0 -0.0189  0.0878  0.0000
  0   0  0.0038  0.0974  0.0000
  0   0  0.0110  0.0845  0.0000
  0   0  0.0391  0.0573  0.0000
  0   0  0.0589  0.0379  0.0000
  0   0  0.0687  0.0189  0.0000
  0   0  0.0711 -0.0045  0.0000
  0   0  0.0751 -0.0343  0.0000
  0   0  0.0762 -0.0539  0.0000
  0   0  0.0534 -0.0730  0.0000
  0   0  0.0122 -0.0743  0.0000
  0   0 -0.0210 -0.0835  0.0000
  0   0 -0.0485 -0.0810  0.0000
  0   0 -0.0641 -0.0741  0.0000
  0   0 -0.0896 -0.0299  0.0000
  0   0 -0.1191  0.0280  0.0000
  0   0 -0.1419  0.0627  0.0000
  0   0 -0.1471  0.0704  0.0000
  0   0 -0.1330  0.0587  0.0000
  0   0 -0.0971  0.0443  0.0000
  0   0 -0.0640  0.0310  0.0000
  0   0 -0.0478  0.0163  0.0000
  0   0 -0.0402 -0.0023  0.0000
  0   0 -0.0387  0.0016  0.0000
  0   0 -0.0422  0.0038  0.0000
  0   0 -0.0495  0.0057  0.0000
  0   0 -0.0464  0.0091  0.0000
  0   0 -0.0280  0.0222  0.0000
  0   0  0.0354  0.0391  0.0000
  0   0 -0.0420 -0.0810  0.0000
  0   0  0.0059 -0.0819  0.0000
  0   0  0.0417 -0.0625  0.0000
  0   0  0.0353 -0.0262  0.0000
  0   0  0.0157 -0.0088  0.0000
  0   0  0.0024 -0.0055  0.0000
  0   0 -0.0221  0.0037  0.0000
  0   0 -0.0524  0.0299  0.0000
  0   0 -0.0803  0.0651  0.0000
  0   0 -0.1071  0.1118  0.0000
  0   0 -0.0912  0.1433  0.0000
  0   0 -0.0670  0.1544  0.0000
  0   0 -0.0362  0.1499  0.0000
  0   0 -0.0042  0.1425  0.0000
  0   0  0.0232  0.1217  0.0000
  0   0  0.0539  0.0909  0.0000
  0   0  0.0787  0.0590  0.0000
  0   0  0.0939  0.0264  0.0000
  0   0  0.0995 -0.0076  0.0000
  0   0  0.0975 -0.0414  0.0000
  0   0  0.0845 -0.0684  0.0000
  0   0  0.0529 -0.0883  0.0000
  0   0  0.0070 -0.0956  0.0000
  0   0 -0.0410 -0.0956  0.0000
  0   0 -0.0862 -0.0824  0.0000
  0   0 -0.1254 -0.0555  0.0000
  0   0 -0.1628 -0.0086  0.0000
  0   0 -0.1945  0.0443  0.0000
  0   0 -0.2135  0.0822  0.0000
  0   0 -0.2130  0.0972  0.0000
  0   0 -0.1915  0.0921  0.0000
  0   0 -0.1537  0.0763  0.0000
  0   0 -0.1150  0.0559  0.0000
  0   0 -0.0867  0.0344  0.0000
  0   0 -0.0701  0.0153  0.0000
  0   0 -0.0644  0.0077  0.0000
  0   0 -0.0679  0.0056  0.0000
  0   0 -0.0762  0.0075  0.0000
  0   0 -0.0813  0.0140  0.0000
  0   0 -0.0765  0.0268  0.0000
  0   0 -0.0538  0.0434  0.0000
  0   0 -0.0110 -0.1542  0.0000
  0   0  0.0290 -0.1241  0.0000
  0   0  0.0554 -0.0884  0.0000
  0   0  0.0560 -0.0508  0.0000
  0   0  0.0364 -0.0222  0.0000
  0   0  0.0055 -0.0014  0.0000
  0   0 -0.0344  0.0229  0.0000
  0   0 -0.0779  0.0596  0.0000
  0   0 -0.1156  0.1080  0.0000
  0   0 -0.1367  0.1604  0.0000
  0   0 -0.1289  0.2005  0.0000
  0   0 -0.0992  0.2194  0.0000
  0   0 -0.0572  0.2174  0.0000
  0   0 -0.0110  0.1994  0.0000
  0   0  0.0336  0.1681  0.0000
  0   0  0.0741  0.1272  0.0000
  0   0  0.1068  0.0816  0.0000
  0   0  0.1283  0.0345  0.0000
  0   0  0.1366 -0.0119  0.0000
  0   0  0.1300 -0.0548  0.0000
  0   0  0.1059 -0.0901  0.0000
  0   0  0.0628 -0.1146  0.0000
  0   0  0.0043 -0.1247  0.0000
  0   0 -0.0618 -0.1184  0.0000
  0   0 -0.1284 -0.0930  0.0000
  0   0 -0.1899 -0.0488  0.0000
  0   0 -0.2426  0.0097  0.0000
  0   0 -0.2812  0.0697  0.0000
  0   0 -0.2993  0.1154  0.0000
  0   0 -0.2923  0.1371  0.0000
  0   0 -0.2607  0.1342  0.0000
  0   0 -0.2126  0.1135  0.0000
  0   0 -0.1613  0.0835  0.0000
  0   0 -0.1192  0.0522  0.0000
  0   0 -0.0930  0.0261  0.0000
  0   0 -0.0840  0.0098  0.0000
  0   0 -0.0898  0.0032  0.0000
  0   0 -0.1048  0.0049  0.0000
  0   0 -0.1222  0.0137  0.0000
  0   0 -0.1369  0.0278  0.0000
  0   0 -0.1473  0.0449  0.0000
