VARIABLES= "X pix", "Y pix", "U pix/dt", "V pix/dt", "CHC", ZONE I=37, J=41
304  16 -0.0387 -0.0382 59.5809
336  16 -0.0475 -0.0415 18.9118
368  16 -0.0100 -0.0351 24.6753
400  16  0.0100 -0.0559 88.5845
496  16  0.0044 -0.0715 89.0435
528  16 -0.0158 -0.0430 39.0095
560  16  0.0015 -0.0228 40.9600
592  16  0.0189 -0.0175 50.5679
624  16  0.0415  0.0116 54.6133
656  16  0.0576  0.0317 46.5454
688  16  0.0486  0.0562 273.0666
304  48  0.0577  0.0757 52.5128
336  48  0.0548  0.0750 29.4676
368  48  0.0248  0.0618 110.7027
496  48  0.0094  0.0236 71.8596
528  48  0.0027 -0.0044 27.3067
560  48 -0.0062 -0.0229 41.3737
592  48 -0.0399 -0.0339 185.7796
688  48 -0.0108  0.0215 227.5554
720  48  0.0016  0.0323 29.2571
752  48 -0.0074  0.0382 36.2478
784  48  0.0059  0.0249 32.7139
816  48  0.0849  0.0244 107.7894
304  80  0.0970 -0.0077 49.3494
336  80  0.0837 -0.0194 30.7970
368  80  0.0516 -0.0287 50.5679
400  80  0.0413 -0.0311 47.0804
432  80  0.0718 -0.0218 43.5745
464  80  0.1119 -0.0289 4095.9939
496  80  0.1004 -0.0114 71.8596
528  80  0.0944  0.0322 28.4444
560  80  0.0515  0.0359 46.0225
592  80 -0.0090 -0.0178 38.9524
688  80  0.0167  0.0340 341.3332
720  80  0.0209  0.0181 80.3137
752  80 -0.0085 -0.0286 87.1489
784  80 -0.0425 -0.0675 85.3333
816  80 -0.0239 -0.0702 85.5880
 16 144 -0.0157 -0.0813 153.1108
 48 144 -0.0206 -0.0577 143.2024
 80 144 -0.0304 -0.0491 101.3923
112 144  0.0050 -0.0283 20.8754
144 144 -0.0222 -0.0286 101.0146
176 144  0.0198 -0.0020 49.2347
208 144  0.0227 -0.0173 157.7320
240 144  0.0273 -0.0427 179.8159
272 144  0.0213 -0.0044 159.1154
304 144  0.0328  0.0126 87.9269
336 144  0.0339  0.0040 33.1613
368 144  0.0465  0.0299 153.2600
400 144  0.0651  0.0326 240.9022
432 144  0.0465  0.0345 215.0082
464 144  0.0567  0.0447 204.2451
496 144  0.0748  0.0382 199.5693
528 144  0.0345  0.0456 69.1082
560 144  0.0221  0.0126 57.7418
592 144  0.0326  0.0072 115.1358
624 144  0.0711  0.0221 76.3656
656 144  0.0195  0.0239 145.2534
688 144  0.0445  0.0478 116.0487
720 144  0.0537  0.0025 94.3037
752 144  0.0529  0.0077 96.8886
784 144  0.0842 -0.0123 48.2191
816 144  0.1110  0.0184 140.7868
848 144  0.0617 -0.0166 187.0594
880 144  0.0645 -0.0020 51.6090
912 144  0.0444 -0.0069 164.6613
944 144  0.0279 -0.0159 133.5956
976 144  0.0349  0.0070 83.9590
1008 144  0.0762 -0.0043 61.6369
1040 144  0.0274  0.0061 70.2660
1072 144  0.0321  0.0007 130.0858
1104 144  0.0382  0.0223 157.1709
1136 144  0.0056  0.0303 163.8932
1168 144  0.0088  0.0452 136.5111
 16 176  0.0136 -0.0101 12.6334
 48 176 -0.0052 -0.0476 280.0244
 80 176 -0.0323 -0.0626 71.2258
112 176  0.0268 -0.0289 19.5859
144 176  0.0550 -0.0499 89.1487
176 176  0.0150 -0.0930 90.8257
208 176  0.0327 -0.0229 273.9973
240 176  0.0023 -0.0282 325.0287
272 176  0.0440  0.0041 234.0379
304 176  0.0332  0.0037 232.4659
336 176  0.0144  0.0249 302.3324
368 176  0.0197  0.0137 267.4842
400 176  0.1308  0.0096 161.6642
432 176  0.0318  0.0286 222.3263
464 176  0.0541  0.0621 89.9190
496 176  0.0529  0.0257 169.0025
528 176  0.0473  0.0566 68.7859
560 176  0.0891  0.0107 96.7826
592 176  0.0329  0.0070 142.6192
624 176  0.0963  0.0085 109.4242
656 176  0.0636  0.0215 258.9659
688 176  0.0175  0.0101 132.9355
720 176  0.0458 -0.0001 102.2263
752 176  0.1284  0.0192 200.1074
784 176  0.0378 -0.0199 123.9494
816 176  0.0405 -0.0070 187.2907
848 176  0.0679 -0.0240 185.6572
880 176  0.0809 -0.0438 69.4568
912 176  0.0560 -0.0301 141.6865
944 176  0.0387 -0.0184 118.0432
976 176  0.0091 -0.0049 76.2924
1008 176  0.0342  0.0123 103.6286
1040 176  0.0554  0.0184 48.5347
1072 176  0.0411  0.0008 147.0323
1104 176 -0.0064  0.0005 19.4490
1136 176  0.0127  0.0382 158.7511
1168 176 -0.0003  0.1068 116.8778
 16 208 -0.0929 -0.1061 45.7393
 48 208 -0.0209 -0.1586 27.3320
 80 208 -0.0433 -0.0691 230.9038
112 208 -0.0964 -0.0836 179.0524
144 208 -0.0114 -0.0578 259.3528
176 208 -0.0217 -0.0792 230.2449
208 208  0.0120 -0.0332 324.2413
240 208  0.0479 -0.0209 236.1972
272 208  0.0308 -0.0076 215.3579
304 208  0.0133 -0.0052 184.3291
336 208  0.0499  0.0393 208.7305
368 208  0.0449 -0.0916 198.9840
400 208  0.0846  0.0116 194.9499
432 208  0.0479  0.0445 126.2681
464 208  0.0401  0.0458 373.7510
496 208  0.0345  0.0667 109.3665
528 208  0.0552  0.0892 164.8424
560 208  0.0732  0.0166 115.3143
592 208  0.0742  0.0322 156.6536
624 208  0.0506  0.0223 73.5823
656 208  0.1019  0.0116 126.9957
688 208  0.0417  0.0142 110.0055
720 208  0.0245  0.0068 162.1317
752 208  0.0642 -0.0144 232.7301
784 208  0.0459 -0.0155 263.0032
816 208  0.0833 -0.0331 195.8412
848 208  0.0716 -0.0198 155.9398
880 208  0.0656 -0.0328 299.8283
912 208  0.0389 -0.0109 45.6420
944 208  0.0789 -0.0472 80.7919
976 208  0.0701 -0.0304 180.8530
1008 208  0.0301  0.0674 134.4031
1040 208  0.0688  0.0064 110.2711
1072 208  0.0191  0.0052 135.7665
1104 208  0.0095  0.0544 64.0384
1136 208  0.0091  0.0218 90.2810
1168 208  0.0155  0.0123 20.7877
 16 240 -0.1621 -0.0593 104.6676
 48 240 -0.0107 -0.0328 158.5445
 80 240 -0.0085 -0.1302 151.2436
112 240 -0.0592 -0.0637 194.8824
144 240 -0.0454 -0.0733 317.0909
176 240 -0.0304 -0.0703 217.4487
208 240 -0.0431 -0.0511 92.6051
240 240 -0.0047 -0.0359 236.4404
272 240  0.0312 -0.0435 150.8515
304 240  0.0044 -0.0073 330.3368
336 240 -0.0032  0.0134 71.1853
368 240  0.1004 -0.0011 364.2180
400 240 -0.0154  0.0178 108.8933
432 240  0.0493  0.0227 241.9518
464 240  0.0534  0.0717 263.9117
496 240  0.0132  0.0351 131.5572
528 240  0.0316  0.0567 122.1152
560 240  0.0370  0.0335 168.9383
592 240  0.0514  0.0516 190.9775
624 240  0.0307  0.0279 90.4284
656 240  0.0784  0.0072 65.4280
688 240  0.1003 -0.0263 82.1029
720 240  0.0057  0.0858 118.6406
752 240  0.0813 -0.0100 226.6045
784 240  0.0247 -0.0028 95.5359
816 240  0.0506  0.0102 168.8008
848 240  0.0859 -0.0364 111.1391
880 240  0.0667 -0.0559 114.2921
912 240  0.0793 -0.0092 62.8292
944 240  0.0816 -0.0252 72.0180
976 240  0.0804 -0.0004 85.4127
1008 240  0.0029 -0.0496 87.7575
1040 240  0.0400 -0.0085 126.5287
1072 240  0.0706  0.0305 143.9522
1104 240  0.0192 -0.0055 158.7235
1136 240 -0.0172  0.0275 53.9092
1168 240  0.0150  0.0030 92.6348
 16 272 -0.0782 -0.1547 62.4265
 48 272 -0.1258 -0.1328 242.2644
 80 272 -0.0545 -0.1588 270.1040
112 272 -0.0378 -0.1720 141.0526
144 272 -0.0205 -0.0692 58.4326
176 272 -0.0107 -0.1123 35.4055
208 272 -0.0176 -0.0666 325.3144
240 272  0.0391 -0.0179 44.5299
272 272  0.0023 -0.0330 112.4760
304 272  0.0182 -0.0268 200.4524
336 272  0.0204 -0.0132 134.8741
368 272  0.0072  0.0127 127.6055
400 272  0.0528  0.0259 340.3496
432 272  0.0472  0.0407 231.1984
464 272  0.0599  0.0410 95.6453
496 272  0.0483  0.0575 220.6483
528 272  0.0222  0.0431 78.9272
560 272  0.0479  0.0375 41.8410
592 272  0.0460 -0.0036 147.2764
624 272  0.0643  0.0412 197.5823
656 272  0.0955  0.0164 175.6435
688 272  0.0398  0.0065 93.3366
720 272  0.0384  0.0034 96.8656
752 272  0.0649 -0.0061 114.8372
784 272  0.0640 -0.0375 132.1923
816 272  0.0606 -0.0378 213.0741
848 272  0.0482 -0.0042 61.7377
880 272  0.0425 -0.0132 88.6205
912 272  0.0222 -0.0255 144.3871
944 272  0.1373 -0.0236 158.5949
976 272  0.0915  0.0494 216.9058
1008 272  0.0325 -0.0052 156.6896
1040 272  0.0272  0.0260 130.4655
1072 272  0.0305  0.0235 55.3043
1104 272  0.0120  0.1048 142.4051
1136 272  0.0216  0.0317 52.7362
1168 272  0.0084  0.0245 12.3160
 16 304 -0.0766 -0.2337 139.3492
 48 304 -0.0746 -0.0886 151.5148
 80 304 -0.1125 -0.1612 228.8250
112 304 -0.0558 -0.1379 277.0281
144 304 -0.0316 -0.1691 86.8267
176 304 -0.1048 -0.1156 62.9092
208 304 -0.0386 -0.0537 279.7208
240 304 -0.0367 -0.1166 119.0994
272 304  0.0123  0.0217 43.7206
304 304  0.0303 -0.0416 258.3112
336 304  0.0152  0.0163 76.6114
368 304  0.0798 -0.0097 70.7797
400 304 -0.0071  0.0096 191.2260
432 304  0.0485  0.0411 316.3104
464 304  0.0380  0.0166 283.3013
496 304  0.1094  0.0706 79.2024
528 304  0.0484  0.0494 143.8258
560 304  0.1334  0.0189 215.4754
592 304  0.0226  0.0090 127.2311
624 304  0.0359  0.0425 361.1449
656 304  0.0516 -0.0231 64.4120
688 304  0.0697 -0.0025 98.0550
720 304  0.0649 -0.0114 154.9225
752 304  0.0875 -0.0377 105.4706
784 304  0.0429 -0.0500 128.4512
816 304  0.0692 -0.0800 138.0181
848 304  0.0739 -0.0252 43.7848
880 304  0.0516 -0.0374 165.8922
912 304  0.0812 -0.0295 91.3646
944 304  0.0570 -0.0292 126.2566
976 304  0.0440 -0.0141 192.0797
1008 304  0.0926 -0.0180 52.0576
1040 304  0.0680 -0.0320 117.1117
1072 304  0.0316  0.0119 198.7415
1104 304  0.0400  0.0258 229.4815
1136 304  0.0499  0.0514 135.0942
1168 304  0.0243 -0.0095 34.8106
 16 336 -0.0640 -0.0919 26.7939
 48 336 -0.2504 -0.2493 71.5924
 80 336 -0.1011 -0.1557 283.2047
112 336 -0.2234 -0.1470 161.1824
144 336 -0.0790 -0.3838 160.1296
176 336 -0.1585 -0.1972 57.8141
208 336 -0.0639 -0.1926 72.3709
240 336 -0.0480 -0.1327 218.7220
272 336 -0.0013 -0.0506 213.9431
304 336  0.0007 -0.0246 86.0318
336 336 -0.0285 -0.0265 188.3204
368 336  0.0396  0.0265 224.6004
400 336  0.0407  0.0229 192.8224
432 336  0.0265  0.0302 158.8217
464 336  0.0295  0.0365 104.0263
496 336  0.0571 -0.0146 88.6461
528 336  0.0362  0.0212 104.1755
560 336  0.0698  0.0404 186.3594
592 336  0.0370  0.0124 186.9884
624 336  0.0580  0.0008 172.1251
656 336  0.0544  0.0109 143.7790
688 336  0.0377 -0.0237 127.1202
720 336  0.0567 -0.0198 164.1156
752 336  0.0562 -0.0384 250.9673
784 336  0.0970 -0.0281 126.6805
816 336  0.1094 -0.0514 133.6803
848 336  0.1350 -0.0464 157.7189
880 336  0.0635 -0.0135 128.9174
912 336  0.0876 -0.0350 68.9623
944 336  0.2104 -0.1600 202.0885
976 336  0.1281 -0.0183 104.3432
1008 336  0.0582 -0.0222 89.1177
1040 336  0.0322  0.0650 44.1646
1072 336  0.0512  0.0157 131.3788
1104 336  0.0545  0.0085 215.8504
1136 336  0.0139  0.0499 127.5444
1168 336  0.0292 -0.0423 77.6654
 16 368 -0.1034 -0.1022 32.8871
 48 368 -0.3449 -0.2325 164.1234
 80 368 -0.2804 -0.1889 104.4024
112 368 -0.1007 -0.4600 208.6285
144 368 -0.0770 -0.1523 54.2505
176 368 -0.2930 -0.2678 78.0216
208 368 -0.1064 -0.1253 292.0614
240 368 -0.0856 -0.1293 117.1633
272 368 -0.0504 -0.0961 87.7255
304 368  0.0011 -0.0392 369.7303
336 368  0.0184 -0.0317 257.4852
368 368 -0.0092 -0.0103 235.2775
400 368  0.0175  0.0162 176.1191
432 368  0.0307  0.0255 199.4036
464 368  0.0578  0.0396 103.5967
496 368  0.0200  0.0407 189.0034
528 368  0.0376  0.0229 152.5221
560 368  0.0361  0.0093 63.3720
592 368  0.0367  0.0131 282.8235
624 368  0.0363  0.0185 160.0185
656 368  0.0984  0.0005 95.9791
688 368  0.0419 -0.0002 97.8201
720 368  0.0796 -0.0450 193.9795
752 368  0.0783 -0.0420 147.8638
784 368  0.0776 -0.0333 156.4534
816 368  0.0370 -0.0595 259.6054
848 368  0.1111 -0.0692 72.7627
880 368  0.1093 -0.0813 115.2074
912 368  0.0812 -0.0439 101.4136
944 368  0.0673 -0.0406 182.2237
976 368  0.0777 -0.0180 52.2034
1008 368  0.0468  0.0159 235.7325
1040 368  0.0605 -0.0004 214.5554
1072 368  0.0191  0.0020 118.4944
1104 368 -0.0171 -0.0681 162.7195
1136 368 -0.0405 -0.0993 61.8816
1168 368 -0.0746 -0.0817 90.2867
 16 400 -0.1574 -0.1015 29.9476
 48 400 -0.2278 -0.2225 67.2353
 80 400 -0.2611 -0.2034 279.9555
112 400 -0.1056 -0.3391 97.5166
144 400 -0.1186 -0.1796 222.7021
176 400 -0.1638 -0.2002 185.4054
208 400 -0.3633 -0.1349 187.7559
240 400 -0.0801 -0.3042 118.7026
272 400 -0.0253 -0.0701 54.9019
304 400 -0.0087 -0.0457 313.2617
336 400  0.0176 -0.0229 68.0604
368 400 -0.0323 -0.0348 93.8782
400 400  0.0517 -0.0105 224.5962
432 400  0.0005  0.0235 130.3608
464 400  0.0183 -0.0001 108.3126
496 400  0.0175  0.0356 56.1823
528 400  0.0357  0.0214 165.4139
560 400  0.0405  0.0219 113.5745
592 400  0.0705 -0.0069 218.3037
624 400  0.0789 -0.0196 148.3711
656 400  0.0737  0.0200 163.2701
688 400  0.0640  0.0031 213.1653
720 400  0.0712 -0.0407 120.3251
752 400  0.1124 -0.0744 97.1043
784 400  0.0783 -0.0568 117.7898
816 400  0.0969 -0.0807 99.4143
848 400  0.0158 -0.1679 138.8985
880 400  0.0322 -0.1588 217.9597
912 400  0.0877 -0.0718 90.5065
944 400  0.0739 -0.0229 127.1354
976 400  0.0250 -0.0072 77.8117
1008 400  0.0563 -0.0071 65.0027
1040 400  0.0518  0.0574 117.3838
1072 400  0.0216  0.0216 109.6257
1104 400  0.0367  0.0484 143.9152
1136 400 -0.0057  0.0320 101.0362
1168 400 -0.0111  0.0632 106.2699
 16 432 -0.2252 -0.4655 51.2405
 48 432 -0.2066 -0.3282 147.0441
 80 432 -0.1314 -0.2700 120.4927
112 432 -0.0793 -0.3257 58.5626
144 432 -0.0940 -0.5200 178.0732
176 432 -0.3630 -0.3601 281.5745
208 432 -0.1106 -0.2337 336.2106
240 432 -0.1935 -0.2772 211.1032
272 432 -0.0043 -0.4566 183.5004
304 432 -0.0400 -0.1094 172.6635
336 432 -0.0148 -0.0376 61.5136
368 432 -0.0047 -0.0402 242.5971
400 432 -0.0164 -0.0193 222.9298
432 432  0.0413 -0.0027 183.2865
464 432 -0.0165  0.0625 151.0601
496 432  0.0093  0.0087 117.4785
528 432  0.0372  0.0161 90.5779
560 432  0.0384  0.0083 147.6740
592 432  0.0586 -0.0790 82.5301
624 432  0.0244 -0.0146 241.1773
656 432  0.0662 -0.1453 109.0384
688 432  0.0687 -0.0302 71.6457
720 432  0.0559 -0.0537 56.8219
752 432  0.0752 -0.0599 116.9049
784 432  0.1216 -0.0602 164.7534
816 432  0.0836 -0.1095 44.9553
848 432  0.1159 -0.0789 101.4434
880 432  0.1195 -0.0686 57.3976
912 432  0.1268 -0.0806 91.6903
944 432  0.0825 -0.0316 91.2346
976 432  0.0760  0.0000 101.9344
1008 432  0.0335  0.0075 91.6365
1040 432  0.0181  0.0174 89.9710
1072 432  0.0388  0.0340 171.1840
1104 432 -0.0135  0.0823 59.3106
1136 432 -0.0535  0.0707 149.6422
1168 432  0.0188  0.0811 141.4738
 16 464 -0.1389 -0.0945 85.2493
 48 464 -0.3191 -0.2739 50.7116
 80 464 -0.4925 -0.2454 78.3792
112 464 -0.5930 -0.3706 211.7034
144 464 -0.5598 -0.4107 111.3381
176 464 -0.3408 -0.2457 314.1453
208 464 -0.1715 -0.1988 74.7456
240 464 -0.0719 -0.1453 354.2580
272 464 -0.0221 -0.0582 23.3779
304 464 -0.1112 -0.1721 288.7348
336 464 -0.0688 -0.0637 235.8696
368 464 -0.0638 -0.0518 178.9965
400 464  0.0070 -0.0175 45.8983
432 464 -0.0026 -0.0119 49.1366
464 464  0.0013  0.0027 162.8582
496 464  0.0370 -0.0355 223.3899
528 464  0.0313 -0.0002 149.4653
560 464  0.0353 -0.0385 182.4165
592 464  0.0416 -0.0268 81.6232
624 464  0.0492 -0.0650 142.8560
656 464  0.0682 -0.0209 273.1865
688 464  0.1019 -0.0987 108.7506
720 464  0.0442 -0.0785 78.3648
752 464  0.0741 -0.1324 142.7350
784 464  0.1425 -0.1012 100.9427
816 464  0.0826 -0.0897 52.1319
848 464  0.1048 -0.0274 30.6175
880 464  0.0954 -0.0760 97.4491
912 464  0.0981 -0.0724 152.9610
944 464  0.0446 -0.0468 45.6607
976 464  0.0473  0.0049 124.2636
1008 464  0.0725  0.0125 64.8694
1040 464  0.0201  0.0133 143.7209
1072 464  0.0077  0.0110 60.7047
1104 464  0.0182  0.0262 172.0988
1136 464 -0.0124  0.0042 18.1120
1168 464  0.0169  0.1202 88.7641
 16 496 -0.2309 -0.2743 29.1937
 48 496 -0.2322 -0.1939 33.8514
 80 496 -0.7453 -0.7389 54.8295
112 496 -0.3415 -0.1636 114.0225
144 496 -0.1828 -0.4115 118.3107
176 496 -0.2497 -0.4967 180.2248
208 496 -0.1341 -0.5253 81.8205
240 496 -0.1499 -0.1545 63.0264
272 496 -0.0158 -0.6714 62.6514
304 496 -0.1174 -0.1358 84.1469
336 496 -0.0853 -0.1262 209.1588
368 496 -0.0688 -0.0833 61.6554
400 496 -0.0468 -0.0493 86.1298
432 496 -0.0429 -0.0089 86.4339
464 496 -0.0248 -0.0483 100.9049
496 496  0.0271  0.0208 75.4384
528 496  0.0095 -0.0081 41.2995
560 496  0.0079 -0.0145 104.5862
592 496  0.0212 -0.0014 22.5230
624 496  0.0583 -0.0989 192.4288
656 496  0.1206 -0.0332 113.7429
688 496  0.0927 -0.1347 93.2813
720 496  0.1315 -0.0724 104.9950
752 496  0.1394 -0.2672 126.3028
784 496  0.1162 -0.1408 36.0685
816 496  0.1387 -0.1355 29.1756
848 496  0.1009 -0.0409 43.0799
880 496  0.0543 -0.0840 165.9458
912 496  0.0369 -0.1413 140.7224
944 496  0.0808 -0.0482 223.3168
976 496  0.0216 -0.0182 291.8762
1008 496  0.0258  0.0445 266.8279
1040 496  0.0622 -0.0084 106.0969
1072 496 -0.0018  0.0636 121.6078
1104 496 -0.0533  0.0703 49.3339
1136 496 -0.0490  0.1175 87.1022
1168 496 -0.0408  0.0532 96.0237
 16 528 -0.5598 -1.0724 48.3592
 48 528 -0.9272 -0.5881 54.8984
 80 528 -0.7391 -0.6463 206.2370
112 528 -0.1615 -0.3255 19.0366
144 528 -0.3342 -0.1992 29.4378
176 528 -0.6931 -0.5480 179.3065
208 528 -0.1821 -0.5350 145.5581
240 528 -0.2373 -0.2545 53.3561
272 528 -0.1075 -0.1621 19.3335
304 528 -0.3009 -0.1839 333.4200
336 528 -0.1223 -0.1099 211.1668
368 528 -0.1096 -0.0710 44.1911
400 528 -0.0415  0.0292 124.1732
432 528 -0.0275 -0.0243 138.0059
464 528 -0.0397 -0.0077 131.8340
496 528 -0.0528  0.0087 150.1946
528 528 -0.0501 -0.0139 226.9422
560 528  0.0169 -0.0602 151.2283
592 528  0.0354 -0.0765 42.1856
624 528  0.0645 -0.0960 275.7776
656 528  0.0533 -0.1312 247.8906
688 528  0.0840 -0.1593 169.9863
720 528  0.1531 -0.2062 178.4038
752 528  0.2553 -0.2220 162.4808
784 528  0.1274 -0.2570 107.4905
816 528  0.0854 -0.2009 129.2946
848 528  0.0226 -0.2020 96.0977
880 528  0.1487 -0.1669 79.1768
912 528  0.0423 -0.1269 137.9385
944 528  0.1036 -0.0750 179.6911
976 528  0.0387  0.0118 59.3182
1008 528 -0.0006  0.0318 48.1438
1040 528 -0.0097  0.0555 38.2155
1072 528 -0.0152  0.0107 81.2657
1104 528 -0.0368  0.0883 122.5436
1136 528 -0.0410  0.0858 87.7761
1168 528 -0.0054  0.0896 204.0960
 16 560 -0.1348 -0.0522 16.1192
 48 560 -0.7120 -0.3127 136.5308
 80 560 -0.2449 -0.3418 178.6140
112 560 -0.3030 -0.5434 115.6572
144 560 -0.8350 -0.8841 358.8311
176 560 -0.7119 -0.6159 36.0041
208 560 -0.3514 -0.3713 56.0872
240 560 -0.2124 -0.3852 55.3268
272 560 -1.0544 -0.7118 224.7375
304 560 -0.3610 -0.1468 66.6589
336 560 -0.2664 -0.1641 98.5552
368 560 -0.4693 -0.1802 126.6539
400 560 -0.1302 -0.0257 174.0499
432 560 -0.2002 -0.0139 136.9030
464 560 -0.1653 -0.0496 67.3263
496 560 -0.0868 -0.0501 94.0904
528 560 -0.0592  0.0051 115.7274
560 560  0.0062 -0.0612 245.0266
592 560  0.0268 -0.1553 57.7054
624 560  0.0351 -0.1349 90.3009
656 560  0.1438 -0.2106 142.2972
688 560  0.1034 -0.2336 152.7671
720 560  0.2529 -0.3464 214.4634
752 560  0.0644 -0.1796 139.9272
784 560  0.1191 -0.2225 88.0709
816 560  0.1051 -0.2940 71.3175
848 560  0.0907 -0.3096 165.3625
880 560  0.1009 -0.2694 93.3516
912 560  0.0791 -0.1503 169.2038
944 560  0.0583 -0.0257 123.3554
976 560  0.0135  0.0171 147.4147
1008 560  0.0018  0.0173 249.1453
1040 560 -0.0266  0.0732 40.0880
1072 560 -0.0472  0.0458 216.7260
1104 560 -0.0595  0.1245 153.6492
1136 560 -0.1265  0.1170 75.6902
1168 560 -0.0624  0.0949 50.5096
 16 592 -0.0293 -0.0660 18.2955
 48 592 -0.1027 -0.2643 225.8984
 80 592 -0.2689 -0.2856 293.3630
112 592 -0.1048 -0.6724 44.0217
144 592 -0.3538 -0.6606 181.1222
176 592 -0.5901 -0.4796 131.9907
208 592 -0.1942 -0.4895 109.3211
240 592 -0.4477 -0.3705 144.2421
272 592 -0.2653 -0.2155 61.4844
304 592 -0.3989 -0.3420 88.0333
336 592 -0.2471 -0.1195 84.1557
368 592 -0.3438 -0.1998 188.5350
400 592 -0.2137 -0.0959 77.3070
432 592 -0.1873 -0.0199 109.0342
464 592 -0.2139 -0.0079 98.7558
496 592 -0.1004 -0.0001 87.1831
528 592 -0.0950 -0.0595 218.0035
560 592 -0.0629 -0.1233 103.5214
592 592 -0.0343 -0.2832 143.1874
624 592  0.0508 -0.2855 23.0308
656 592  0.2054 -0.2437 233.2363
688 592  0.1201 -0.4621 48.2376
720 592  0.1554 -0.4003 215.3015
752 592  0.1684 -0.4519 191.1613
784 592  0.1329 -0.4944 217.1292
816 592  0.1705 -0.4636 94.3973
848 592  0.0880 -0.3506 180.2053
880 592  0.0606 -0.3556 60.4674
912 592  0.0817 -0.1377 126.0001
944 592  0.0857 -0.0316 111.8369
976 592 -0.0018  0.0035 92.2784
1008 592 -0.0534  0.0362 135.7666
1040 592 -0.0412  0.0302 133.0789
1072 592 -0.0559  0.0287 64.5538
1104 592 -0.1137  0.1131 51.5628
1136 592 -0.0744  0.0892 123.4585
1168 592 -0.0718  0.0959 135.4320
 16 624 -0.1167 -0.0744 25.6053
 48 624 -0.1475 -0.2367 172.3630
 80 624 -1.0826 -0.9548 135.5431
112 624 -0.6321 -0.3651 52.7194
144 624 -0.9590 -0.6059 66.0527
176 624 -0.6116 -0.6686 173.6184
208 624 -0.3196 -0.2878 62.7388
240 624 -0.7262 -0.7146 210.1176
272 624 -0.6018 -0.9048 134.3307
304 624 -0.4356 -0.5083 109.3472
336 624 -0.3271 -0.1903 104.7689
368 624 -0.4685 -0.2182 224.0382
400 624 -0.3369  0.0111 219.3837
432 624 -0.3408 -0.0245 102.5539
464 624 -0.2485 -0.0035 49.7213
496 624 -0.2455 -0.0875 44.9399
528 624 -0.1415 -0.0691 44.9873
560 624 -0.1079 -0.2313 92.6468
592 624 -0.0262 -0.3477 147.3972
624 624  0.0042 -0.3052 44.1022
656 624  0.0999 -0.4696 108.6274
688 624  0.0322 -0.4782 44.8872
720 624  0.0120 -0.5329 67.8061
752 624  0.0599 -0.3375 76.6465
784 624  0.0531 -0.5277 53.0813
816 624  0.0475 -0.5181 41.0274
848 624  0.0341 -0.3507 28.7566
880 624  0.0993 -0.3171 145.6718
912 624 -0.0006 -0.1147 107.8593
944 624  0.0178 -0.0988 61.1079
976 624 -0.0171  0.0026 117.4182
1008 624 -0.0735  0.0154 178.0899
1040 624 -0.0642  0.0290 41.5781
1072 624 -0.1327  0.0931 52.8552
1104 624 -0.0695  0.0809 135.8504
1136 624 -0.0737  0.0990 83.6226
1168 624 -0.0776  0.0410 138.4447
 16 656 -0.0685 -0.0228 92.0851
 48 656 -0.1474 -0.3922 296.0779
 80 656 -0.1670 -0.1281 215.1967
112 656 -0.3107 -0.2889 129.6205
144 656 -0.8576 -0.5564 78.9609
176 656 -0.7276 -0.5708 87.4290
208 656 -0.6797 -1.1563 340.8886
240 656 -0.7696 -0.6769 205.3303
272 656 -0.3927 -0.3519 168.0091
304 656 -0.7499 -0.5895 102.4758
336 656 -0.3599 -0.2635 68.8388
368 656 -0.4242 -0.1481 305.9728
400 656 -0.1546 -0.0573 187.7960
432 656 -0.1376  0.0700 292.5374
464 656 -0.1972  0.0052 133.5950
496 656 -0.1437 -0.0829 224.9221
528 656 -0.0149 -0.2422 90.9812
560 656  0.0393 -0.3461 192.0375
592 656 -0.0271 -0.3911 97.1730
624 656  0.0490 -0.4518 80.2095
656 656 -0.0092 -0.3682 59.6489
688 656 -0.1451 -0.4304 65.6471
720 656 -0.0297 -0.6920 32.0709
752 656  0.0559 -0.5221 61.0272
784 656  0.0937 -0.6416 51.6181
816 656  0.0190 -0.5009 136.5594
848 656 -0.0050 -0.3807 151.7298
880 656 -0.0203 -0.4264 122.1149
912 656  0.0499 -0.2484 80.6051
944 656  0.0233 -0.2268 59.5809
976 656  0.0050 -0.0541 210.9445
1008 656 -0.0605  0.0389 142.9873
1040 656 -0.0372  0.0759 92.3682
1072 656 -0.0811  0.0200 103.6353
1104 656 -0.1156  0.0937 150.2524
1136 656 -0.1147  0.1829 41.5222
1168 656 -0.0863  0.0981 58.9358
 16 688 -0.0149 -0.0028 18.5916
 48 688 -0.0570 -0.2637 199.4131
 80 688 -0.1104 -0.1378 115.3869
112 688 -0.3787 -0.3184 100.1702
144 688 -0.6767 -0.3480 260.2675
176 688 -0.3018 -0.4877 169.5950
208 688 -0.8517 -0.5559 86.8722
240 688 -0.9498 -0.7200 136.7534
272 688 -0.3007 -0.2192 30.4850
304 688 -0.6492 -0.7607 238.6650
336 688 -0.1383 -0.1596 59.3252
368 688 -0.1746 -0.1959 64.7069
400 688 -0.1317 -0.0535 79.1525
432 688 -0.0216  0.0203 83.0420
464 688  0.0269 -0.0508 107.3986
496 688  0.1388 -0.4458 86.1988
528 688  0.0662 -0.3364 68.7612
560 688  0.0733 -0.3338 53.6933
592 688 -0.0063 -0.2886 44.6628
624 688 -0.0368 -0.1624 166.3290
656 688 -0.1256 -0.1603 44.6973
688 688 -0.6287 -0.7171 144.1201
720 688 -0.2313 -0.8444 29.6111
752 688  0.1260 -0.8875 126.3247
784 688  0.0887 -0.6521 114.2952
816 688  0.0901 -0.4241 103.8301
848 688 -0.1501 -0.1298 56.7652
880 688  0.0108 -0.3687 120.3131
912 688  0.0167 -0.2386 67.0812
944 688  0.0756 -0.2354 96.9792
976 688 -0.0507 -0.0656 85.3289
1008 688 -0.0887  0.0012 96.4287
1040 688 -0.1326 -0.0017 77.3946
1072 688 -0.1229  0.0773 190.4799
1104 688 -0.1464  0.0142 87.3085
1136 688 -0.0711  0.1210 188.3358
1168 688 -0.0723  0.0360 37.1451
 16 720 -0.0008 -0.0126 17.1094
 48 720 -0.0017 -0.0323 394.8502
 80 720 -0.0554 -0.2210 63.3908
112 720 -0.1346 -0.3352 167.2026
144 720 -0.3510 -0.2380 200.3499
176 720 -0.6720 -0.7581 37.8431
208 720 -0.2618 -0.1276 77.1105
240 720 -0.2966 -0.5594 133.8946
272 720 -0.3017 -0.3632 128.4898
304 720 -0.2347 -0.1992 231.0947
336 720 -0.1063 -0.1894 43.5740
368 720 -0.0372 -0.0796 72.8978
400 720  0.1506 -0.0057 269.6556
432 720  0.3173  0.0342 133.8332
464 720  0.4165 -0.0474 77.9877
496 720  0.2311 -0.1739 75.9222
528 720  0.7282 -0.6558 48.2732
560 720  0.3557 -0.1606 26.2417
592 720  0.2075  0.0451 18.4305
624 720 -0.0645  0.0069 44.2064
656 720 -0.1921  0.2271 56.0466
688 720 -0.1286 -0.2145 23.3501
720 720  0.0071 -0.2435 10.1707
752 720  0.3196 -0.3193 21.1313
784 720  0.5092 -0.0017 59.4133
816 720 -0.0445 -0.0175 18.5726
848 720 -0.0244 -0.0998  6.0349
880 720  0.0686 -0.2219 68.7405
912 720  0.0742 -0.2960 66.7938
944 720 -0.0007 -0.2377 60.7352
976 720 -0.0415 -0.1479 48.7603
1008 720 -0.1362 -0.0468 216.2515
1040 720 -0.1529  0.0286 194.1454
1072 720 -0.0636 -0.0087 66.6068
1104 720 -0.0674 -0.0716 148.9160
1136 720 -0.1238  0.0644 124.2727
1168 720 -0.0536  0.0510 21.8818
 16 752  0.0435  0.0096 24.5915
 48 752  0.0243 -0.0851 37.5676
 80 752  0.0107 -0.2336 161.7305
112 752 -0.0039 -0.3084 261.2385
144 752 -0.2088 -0.3842 124.4520
176 752 -0.2646 -0.4362 43.7660
208 752 -0.0354 -0.4521 109.3126
240 752 -0.6004 -0.7544 200.4717
272 752 -0.2162 -0.2942 26.4004
304 752 -0.3342 -0.2900 115.2770
336 752 -0.0656 -0.1584 68.7893
368 752  0.0957 -0.1154 34.8047
400 752  0.2860 -0.0150 156.8582
432 752  0.6986  0.0111 136.6414
464 752  0.9573 -0.1532 140.0674
496 752  1.0015 -0.2899 37.8327
528 752  0.6504 -0.3900 64.4797
560 752  0.0499 -0.0270 10.7877
592 752  0.1399  0.1569 12.4671
624 752  0.3747 -0.4539 10.5336
656 752  0.3233 -0.1119 17.2566
688 752  0.4942 -0.4631 16.0491
720 752  0.2284 -0.3482  5.4445
752 752 -0.0987 -0.1665  6.9850
784 752 -0.1255 -0.1541 20.3402
816 752 -0.0647 -0.2029  5.2674
880 752  0.0458 -0.0003 20.6045
912 752  0.0054 -0.0835 14.2604
944 752 -0.0004 -0.2621 84.4133
976 752 -0.0614 -0.0855 135.2428
1008 752 -0.1188 -0.1216 114.6976
1040 752 -0.1018 -0.0681 148.9276
1072 752 -0.1487 -0.0064 67.5819
1104 752 -0.2364  0.0477 201.2642
1136 752 -0.1066 -0.0034 52.6492
1168 752 -0.0954 -0.0184 139.9734
 16 784  0.0483 -0.0291 82.4142
 48 784  0.0250 -0.1007 73.7908
 80 784  0.0899 -0.1209 289.2284
112 784  0.0337 -0.1041 244.9287
144 784 -0.0050 -0.0899 241.7756
176 784  0.0276 -0.1623 17.6619
208 784 -0.0690 -0.2546 102.5964
240 784 -0.0700 -0.2914 215.2992
272 784 -0.0339 -0.3048 41.4219
304 784  0.0809 -0.3227 171.4376
336 784  0.1137 -0.3144 126.7375
368 784  0.2359 -0.2266 110.8515
400 784  0.8021 -0.0063 225.3443
432 784  0.7793  0.0120 44.9529
464 784  1.1105 -0.1370 76.8433
496 784  0.9181 -0.2795 126.0693
528 784  0.1073 -0.0430 20.7982
560 784  0.1427  0.1260 10.2215
592 784  0.1227  0.1389  9.8997
624 784  0.2506 -0.2221 25.9725
656 784  0.4040 -0.2299  8.9606
688 784  0.2589 -0.2194 12.1349
720 784  0.1094 -0.3024 15.9457
752 784  0.1096 -0.2325  9.2616
784 784  0.3017 -0.3976  7.2576
816 784  0.2415 -0.4468  4.4998
848 784  0.0977 -0.0101  4.4034
880 784  0.2879  0.2846 16.9825
912 784 -0.0565 -0.0491 25.9601
944 784 -0.0133 -0.0173 28.3764
976 784 -0.0818 -0.0363 74.9495
1008 784 -0.0432 -0.0071 114.7660
1040 784 -0.1339 -0.0308 54.8394
1072 784 -0.1348 -0.0156 220.6402
1104 784 -0.1235  0.0042 160.7222
1136 784 -0.1813  0.0251 91.5716
1168 784 -0.0448  0.0254 112.2839
 16 816  0.0364 -0.0116 26.9717
 48 816  0.0618  0.0132 13.6866
 80 816  0.1992 -0.1959 121.3664
112 816  0.0563 -0.0978 190.7124
144 816  0.0239 -0.2013 182.7459
176 816  0.0895 -0.1905 231.2548
208 816  0.0277 -0.1940 108.7233
240 816  0.0662 -0.4450 126.1835
272 816  0.0338 -0.4980 78.9033
304 816  0.2711 -0.4076 70.0362
336 816  0.4358 -0.4069 106.4381
368 816  0.3783 -0.0808 78.2639
400 816  0.7727 -0.0351 110.2165
432 816  1.1028 -0.1139 120.7092
464 816  1.0822 -0.1203 150.0549
496 816  1.0089 -0.3058 18.3760
528 816 -0.0224 -0.0129  8.2810
560 816  0.0760  0.0856  6.5216
592 816  0.0861 -0.0169 15.0025
624 816  0.1380 -0.1371 11.8416
656 816  0.2158 -0.2699 13.2322
688 816  0.2485 -0.2706 12.8402
720 816  0.0931 -0.1302  9.3170
752 816  0.1218 -0.1244  9.4653
784 816  0.0006 -0.1178 10.4001
816 816  0.1558 -0.2770  8.9262
848 816  0.6895 -0.0940  5.5851
880 816  0.1140 -0.0611  7.8641
912 816  0.0332 -0.0961  4.1668
944 816  0.1421 -0.1036  6.0174
976 816 -0.0310  0.1224 33.1761
1008 816 -0.0484 -0.0582 61.3317
1040 816 -0.0532 -0.0543 31.2614
1072 816 -0.1327  0.0616 197.5260
1104 816 -0.1020 -0.0182 75.2028
1136 816 -0.1884 -0.0018 98.0357
1168 816 -0.0726  0.0077 134.2518
 16 848  0.0273  0.0035 21.6503
 48 848  0.1579 -0.0672 158.9842
 80 848  0.0094 -0.0394 13.7181
112 848  0.1280 -0.0717 108.0425
144 848  0.1032 -0.1055 111.9029
176 848  0.0391 -0.1490 161.8913
208 848  0.1155 -0.1298 308.2727
240 848  0.0549 -0.8820 90.6315
272 848  0.0187 -0.0305 13.5158
304 848  0.7689 -1.4082 42.5509
336 848  0.4881 -0.3148 100.8097
368 848  0.2059 -0.1910 36.1098
400 848  0.8419 -0.0754 43.8994
432 848  0.8111 -0.0524 52.6379
464 848  1.0344 -0.0688 49.3312
496 848  0.0105 -0.0448 22.5051
528 848  0.2695  0.1719  6.0382
560 848  0.0386  0.0000 13.8919
592 848  0.0651 -0.0119 46.0492
624 848  0.3578 -0.0272 108.3170
656 848  0.0991 -0.0265 12.1685
688 848  0.1614 -0.1521 11.0151
720 848  0.0196 -0.0050 10.2812
752 848  0.0017 -0.1679 11.9645
784 848  0.0089 -0.0768 11.0343
816 848  0.2200 -0.0966 12.5651
848 848  0.1192 -0.0435 11.0847
880 848  0.1964 -0.1708  7.3946
944 848  0.0471 -0.0632  6.0685
976 848 -0.0233  0.0685 29.8857
1008 848 -0.0094 -0.0457 84.2248
1040 848 -0.0174 -0.0944 78.8776
1072 848 -0.0605 -0.0531 90.5117
1104 848 -0.1407 -0.0158 96.9368
1136 848 -0.0913 -0.1007 110.1678
1168 848 -0.1011 -0.0012 96.6959
 16 880  0.2066 -0.0275 63.3864
 48 880  0.0717 -0.0268 62.7768
 80 880  0.3069 -0.1104 153.1350
112 880  0.1402 -0.1117 239.3124
144 880  0.1502 -0.2577 315.6680
176 880  0.1267 -0.4748 159.3061
208 880  0.2225 -0.1026 61.5977
240 880  0.1345 -0.1879 75.1843
272 880  0.1645 -0.1824 13.2147
304 880  0.5049 -0.4459 82.7901
336 880  0.7621 -0.2914 83.6317
368 880  0.4853 -0.1422 16.8196
400 880  0.7858 -0.0701 66.2000
432 880  0.7090 -0.0149 24.7056
464 880  0.2696 -0.0215 28.9324
496 880 -0.0408 -0.0367  6.1773
528 880  0.0621  0.0062  9.2135
560 880  0.0372 -0.0417 10.0777
592 880  0.1657 -0.0683  9.8656
624 880  0.0635 -0.0340 29.4138
656 880  0.0339 -0.0386 10.8162
688 880  0.0442 -0.0400 14.3342
720 880 -0.0159 -0.0247 14.9443
752 880  0.2155 -0.2593  7.3828
784 880  0.0087 -0.0472  7.9707
816 880  0.0254 -0.0242  8.2405
848 880 -0.0418 -0.1006 10.7302
880 880 -0.0060  0.0433  7.0348
912 880  0.0088 -0.1550 12.5808
944 880 -0.2429 -0.0393 44.6432
976 880 -0.2687  0.1366 24.1935
1008 880 -0.0252 -0.0193 167.5896
1040 880 -0.0243 -0.0511 85.3428
1072 880 -0.0283  0.0135 242.6387
1104 880 -0.0748 -0.0568 81.7019
1136 880 -0.0320 -0.0968 87.7592
1168 880 -0.1060 -0.0498 144.8281
 16 912  0.0677 -0.0263 48.9219
 48 912  0.2120 -0.0281 146.7779
 80 912  0.9699 -0.0782 121.9266
112 912  0.1781 -0.0420 221.0352
144 912  0.1561 -0.1773 115.1676
176 912  0.3067 -0.1687 58.6693
208 912  0.1862 -0.1252 43.1525
240 912  0.4860 -0.2930 86.6067
272 912  0.0731 -0.1178 16.3837
304 912  0.7102 -0.5251 82.7252
336 912  0.5099 -0.4771 90.8031
368 912  0.9755 -0.0598 162.1524
400 912  0.2502 -0.0296 22.6593
432 912  0.0153 -0.0021 14.7728
464 912 -0.0442 -0.0312 11.1394
496 912  0.0000 -0.0000  4.0797
528 912 -0.0178  0.0178  4.8139
560 912  0.0293 -0.0157  5.3916
592 912  0.1127 -0.0242  4.2622
624 912  0.0627 -0.0385 10.2641
656 912 -0.0815 -0.0502  8.4578
688 912  0.1102 -0.0515  8.1936
720 912 -0.0470 -0.0261 10.7083
752 912  0.1418  0.0127  6.4524
784 912  0.0072 -0.0045 12.6067
816 912 -0.0858  0.0213  7.7509
848 912  0.2501  0.2557  7.6838
880 912  0.0171 -0.0145 10.4172
912 912  0.1269 -0.4302 10.4776
944 912 -0.0057 -0.4605  8.4628
976 912 -0.0973 -0.2365 11.1967
1008 912 -0.0023 -0.0333 58.8161
1040 912 -0.1099  0.0370 101.9147
1072 912 -0.0709 -0.0217 90.9243
1104 912 -0.0641 -0.0237 128.4338
1136 912 -0.0435 -0.0649 76.7893
1168 912 -0.1466 -0.0687 134.6210
 16 944  0.0652 -0.0141 33.7491
 48 944  0.0461 -0.0156 83.5339
 80 944  0.0896 -0.0279 244.8650
112 944  0.1379 -0.0539 48.8056
144 944  0.0939 -0.0622 247.1363
176 944  0.1365 -0.1694 253.0365
208 944  0.1608 -0.1757 236.4291
240 944  0.2982 -0.3131 119.9340
272 944  0.2718 -0.2212 54.1064
304 944  0.2266 -0.3974 43.3994
336 944  0.2983 -0.1826 45.6736
368 944  0.2104 -0.2197 151.6627
400 944  0.0741 -0.0076 15.0915
432 944 -0.0144 -0.0011 15.7546
464 944  0.0000  0.0281  6.2824
496 944 -0.0083  0.0634  7.4953
528 944 -0.0131  0.0154  4.2227
624 944  0.1509 -0.0595  5.2565
656 944 -0.0750 -0.0527  5.0786
688 944  0.1663 -0.0236  6.4717
720 944 -0.0733 -0.0421  6.0941
752 944  0.1064 -0.0512  6.6575
784 944  0.0656 -0.1182  9.3310
816 944 -0.0077 -0.1072 11.2605
848 944  0.0150  0.0017  9.6481
880 944  0.0986 -0.0468 10.1898
912 944  0.1382 -0.2690  7.9731
944 944  0.1439 -0.2915 15.0822
976 944  0.0745 -0.4994  7.5811
1008 944 -0.0710 -0.0170  5.9535
1040 944 -0.0971  0.2822 76.0911
1072 944 -0.0854  0.0081 142.9391
1104 944 -0.1150 -0.0385 120.2265
1136 944 -0.0726 -0.0624 272.3221
1168 944 -0.0549 -0.0867 272.3370
 16 976  0.1254 -0.0304 54.8089
 48 976  0.2120 -0.0314 27.2481
 80 976  0.3367 -0.0287 70.4734
112 976  0.0587  0.0084 23.8393
144 976  0.1510 -0.1033 157.4364
176 976  0.1246 -0.1448 79.5403
208 976  0.1020 -0.2311 87.9495
240 976  0.0840 -0.2134 96.4209
272 976  0.1920 -0.3914 27.6264
304 976  0.1857 -0.3693 167.6981
336 976  0.0679 -0.2041 121.6808
368 976  0.0347 -0.0090 24.5641
400 976 -0.0182  0.0405 13.4547
432 976  0.0676  0.0615  8.4376
464 976  0.0020  0.0001 19.0457
496 976 -0.0863  0.1138  9.3394
528 976 -0.0363  0.0482  4.7192
688 976  0.0439 -0.0624  4.3086
784 976  0.0081  0.0078  4.3728
816 976  0.0241 -0.0030 15.5153
848 976  0.0070 -0.0070 19.1225
880 976  0.3285 -0.0978  8.3079
912 976  0.0898 -0.1327 11.6970
944 976  0.1020 -0.6097  7.5651
976 976  0.3469 -0.4293 12.1699
1008 976 -0.0749  0.0626  9.8851
1040 976 -0.0733  0.6320 23.1823
1072 976 -0.0666 -0.0195 42.8246
1104 976 -0.0275 -0.1072 160.0525
1136 976 -0.0529 -0.0582 113.2880
1168 976 -0.0365 -0.1157 176.7691
 16 1008  0.0600 -0.0109 23.9879
 48 1008  0.1496 -0.0382 145.2312
 80 1008  0.0472  0.0058 32.5704
112 1008  0.0795 -0.0565 184.2506
144 1008  0.2594 -0.0260 312.1290
176 1008  0.2704 -0.1534 149.2168
208 1008  0.1718 -0.1459 54.5739
240 1008  0.0757 -0.3122 94.4602
272 1008  0.0395 -0.3588 106.5480
304 1008  0.1013 -0.2616 71.8141
336 1008  0.0039 -0.0462 21.6121
368 1008  0.0030  0.0419 11.9960
400 1008 -0.0011  0.0434 12.4476
432 1008 -0.0062  0.0167 17.2778
464 1008  0.0217  0.0090 136.7075
496 1008 -0.0038  0.0227 21.0430
528 1008 -0.0031  0.0596 11.4691
560 1008 -0.0485  0.1254  6.3851
592 1008 -0.0164  0.0164  4.0675
752 1008 -0.0296 -0.0775  4.0878
784 1008 -0.0085 -0.0194  6.5974
816 1008  0.0196  0.0047 29.3718
848 1008  0.0140 -0.0001 22.3585
880 1008  0.0213  0.0048 13.8883
912 1008  0.0265 -0.0434 10.8849
944 1008  0.0313 -0.0366 15.2315
976 1008  0.1016 -0.2302  8.2270
1008 1008  0.0037 -0.0010 12.5441
1040 1008 -0.0190  0.0290 39.7722
1072 1008 -0.0209 -0.0311 69.6668
1104 1008 -0.0459 -0.0410 160.7169
1136 1008 -0.0552 -0.0448 100.0353
1168 1008 -0.0319 -0.0726 84.1275
 16 1040  0.0476 -0.0231 38.5538
 48 1040  0.1459 -0.0385 61.5836
 80 1040  0.1055 -0.0705 191.7735
112 1040  0.1219 -0.0511 65.4093
144 1040  0.0781 -0.0397 199.3659
176 1040  0.0454 -0.0781 179.3321
208 1040  0.0312 -0.2226 33.6597
240 1040  0.0764 -0.0887 21.5169
272 1040  0.1411 -0.3258 96.2684
304 1040 -0.0140 -0.0555 89.6986
336 1040 -0.0080 -0.0895 78.3313
368 1040  0.0619  0.0535 13.1863
400 1040  0.0052  0.0222 32.4667
432 1040 -0.0128 -0.0085 15.8764
464 1040  0.0086 -0.0029 70.0419
496 1040  0.0084  0.0344 14.4270
528 1040 -0.0108  0.0282 11.6448
560 1040 -0.0222  0.0047 12.6789
592 1040 -0.1015  0.0392  6.9554
752 1040  0.0097 -0.0041  5.6627
784 1040  0.0105  0.0195 18.3324
816 1040  0.0213  0.0025 29.4156
848 1040  0.0301 -0.0085 18.5011
880 1040  0.0001 -0.0398 13.6670
912 1040  0.0337 -0.0214 16.0040
944 1040 -0.0207 -0.0206 19.6722
976 1040 -0.0055 -0.0142 51.7926
1008 1040 -0.1595  0.0319 13.4823
1040 1040 -0.0031  0.0126 48.3526
1072 1040 -0.0111 -0.0137 93.1015
1104 1040 -0.0197 -0.0276 108.3663
1136 1040 -0.0081 -0.0856 177.4789
1168 1040  0.0124 -0.0582 18.1771
 16 1072  0.1487 -0.0134 34.2104
 48 1072  0.1749 -0.0103 109.2378
 80 1072  0.0571 -0.0181 262.3513
112 1072  0.0343 -0.0265 30.6969
144 1072  0.0418 -0.0476 39.8960
176 1072  0.0822 -0.0464 278.1681
208 1072  0.0558 -0.1773 28.8233
240 1072  0.0316 -0.1428 131.3485
272 1072  0.0544 -0.0454 19.7505
304 1072  0.0319 -0.2673 196.7302
336 1072 -0.0345 -0.0198 259.1782
368 1072 -0.0127 -0.0528 67.5055
400 1072  0.0109 -0.0337 139.6649
432 1072  0.0516  0.0038 69.7866
464 1072 -0.0185  0.0333 11.7677
496 1072 -0.0051  0.3199 15.1560
528 1072  0.0040  0.2235 11.4298
560 1072 -0.0293  0.1016  9.8707
592 1072  0.0196  0.0752 10.2810
624 1072 -0.0454  0.1629  6.4130
656 1072  0.0323  0.1760  6.0251
688 1072 -0.0493  0.0557  4.2314
752 1072  0.0140 -0.0140  4.2667
784 1072  0.0329 -0.0658  7.5587
816 1072  0.0609 -0.0644 13.4099
848 1072  0.0632 -0.0608 48.5459
880 1072 -0.0343  0.0192 19.1065
912 1072  0.0327 -0.0143 18.6647
944 1072  0.0497 -0.0122 50.9326
976 1072  0.0021  0.0099 24.9061
1008 1072 -0.0025  0.0136 44.0149
1040 1072 -0.0056 -0.0191 188.5196
1072 1072 -0.0027  0.0225 16.9349
1104 1072 -0.0265  0.0182 194.5087
1136 1072  0.0071 -0.0085 30.2757
1168 1072 -0.0086 -0.0559 38.9172
 16 1104  0.0254  0.0207 17.3913
 48 1104  0.0287 -0.0328 39.4042
 80 1104  0.0981 -0.0127 215.7437
112 1104  0.0580 -0.0445 172.1267
144 1104  0.0638 -0.0467 58.4925
176 1104  0.0879 -0.0938 231.4374
208 1104 -0.0292 -0.2959 128.4481
240 1104  0.0233 -0.1078 291.1439
272 1104  0.0709 -0.0642 59.9899
304 1104  0.0592 -0.1135 66.4592
336 1104  0.0473 -0.1505 94.9247
368 1104  0.0301 -0.0923 110.7853
400 1104  0.0273 -0.0641 93.4753
432 1104  0.0182 -0.0496 69.9677
464 1104  0.0125 -0.0131 28.4428
496 1104 -0.0337 -0.0083 14.5151
528 1104 -0.0098 -0.0106 11.7698
560 1104  0.0061  0.0144 12.5809
592 1104 -0.0019  0.0417 11.0515
624 1104  0.0198 -0.0121 11.2897
656 1104 -0.0275  0.0140 10.4092
688 1104 -0.1590  0.1783  8.5164
720 1104  0.0109  0.2104  4.7609
848 1104  0.0182 -0.0846  5.7046
880 1104  0.0665 -0.0779  9.1265
912 1104 -0.0054 -0.0410 13.0836
944 1104 -0.0027 -0.0320 16.6934
976 1104  0.0289 -0.0257 10.0137
1008 1104  0.0030 -0.0044 20.9916
1040 1104 -0.0021 -0.0208 31.1330
1072 1104  0.0192  0.0275 19.1921
1104 1104  0.0152 -0.0081 21.1106
1136 1104 -0.0055  0.0003 17.8545
1168 1104  0.0090 -0.0034 30.2762
 16 1136  0.1458 -0.0114 37.9980
 48 1136  0.0287  0.0092 14.2988
 80 1136  0.1144 -0.0146 315.7726
112 1136  0.0609 -0.0112 94.1239
144 1136  0.0339 -0.0303 15.4288
176 1136  0.0574 -0.0484 241.0700
208 1136  0.0547 -0.0885 148.5555
240 1136  0.0207 -0.0429 51.8826
272 1136  0.0985 -0.1275 38.6476
304 1136  0.0516 -0.0666 96.7424
336 1136  0.0437 -0.1180 161.5517
368 1136  0.0293 -0.0928 138.6941
400 1136  0.0000 -0.0592 160.1741
432 1136  0.0177 -0.0207 52.5621
464 1136  0.0119 -0.0086 32.4165
496 1136  0.0102 -0.0501 32.6505
528 1136  0.0163  0.0013 16.4830
560 1136 -0.0150  0.0324 12.3921
592 1136  0.0556 -0.0026 13.6183
624 1136 -0.0022  0.0105 14.2027
656 1136  0.0132  0.0129 18.4701
688 1136  0.0152 -0.0042 13.0365
720 1136 -0.0142  0.0206 13.0949
752 1136 -0.0765  0.0987  8.0877
784 1136  0.0580  0.1160  6.9281
816 1136  0.0168  0.0945 10.8121
848 1136 -0.0862  0.1339  9.8258
880 1136 -0.0798  0.2289  4.5272
944 1136  0.0264 -0.0285  4.2687
976 1136 -0.0164 -0.0074  4.4329
1008 1136 -0.0029 -0.0135  5.1990
1040 1136  0.0359 -0.0258  4.8654
1072 1136 -0.0090 -0.1164  5.6286
1104 1136  0.0531  0.0081  9.0550
1136 1136 -0.0009 -0.0190 10.5790
1168 1136  0.0046 -0.0025 19.7093
 16 1168  0.0391  0.0057 14.3830
 48 1168  0.0281 -0.0087 17.7834
 80 1168  0.0826 -0.0013 39.7904
112 1168  0.1693 -0.0209 40.7701
144 1168  0.0317 -0.0468 130.7385
176 1168  0.0969 -0.0371 56.2342
208 1168  0.0408 -0.1231 221.9452
240 1168  0.1900 -0.0307 139.8262
272 1168  0.0116 -0.1915 43.9786
304 1168  0.0138 -0.0882 61.2584
336 1168  0.0485 -0.1555 149.5083
368 1168  0.0546 -0.0748 178.2075
400 1168  0.0961 -0.1109 264.0597
432 1168  0.0372 -0.0188 30.2151
464 1168  0.0658 -0.0368 221.5649
496 1168  0.0131 -0.0260 19.4978
528 1168  0.0176  0.0295 18.5342
560 1168 -0.0131  0.0648 11.6067
592 1168  0.0720  0.0095 12.3155
624 1168 -0.0023 -0.0100 13.0090
656 1168  0.0041  0.0097 11.4908
688 1168  0.0122  0.0029 12.7823
720 1168  0.0037 -0.0054 11.9286
752 1168  0.0549 -0.0033 16.7562
784 1168  0.0224 -0.0140 13.5670
816 1168 -0.0091 -0.0120 13.2873
848 1168  0.0080  0.0027 13.9360
880 1168 -0.0017 -0.0002 13.7974
912 1168 -0.0473  0.0659 12.1662
944 1168 -0.0546  0.1790  5.9006
976 1168 -0.0533  0.2823  4.4405
1104 1168 -0.0174 -0.0403  4.3175
1136 1168  0.0611 -0.0416  4.7570
1168 1168 -0.0167 -0.0099  4.7784
 16 1200  0.0487 -0.0026 15.4331
 48 1200  0.0263 -0.0203 15.9574
 80 1200  0.2564 -0.0364 126.4574
112 1200  0.0199 -0.0837 60.1953
144 1200  0.1909 -0.0482 75.9212
176 1200  0.1466 -0.0840 183.4679
208 1200  0.0396 -0.0214 117.4559
240 1200  0.0461 -0.0740 238.9839
272 1200  0.0996 -0.0411 28.2846
304 1200  0.0453 -0.1347 37.1253
336 1200  0.0590 -0.0951 301.0068
368 1200  0.0282 -0.1026 213.3920
400 1200  0.0663 -0.0624 191.0306
432 1200  0.0462 -0.0369 72.1237
464 1200  0.0426 -0.0271 14.4628
496 1200 -0.0006 -0.0066 16.9219
528 1200 -0.0080 -0.0019 16.4251
560 1200  0.0414  0.0549 14.2177
592 1200  0.0061  0.0208 16.4743
624 1200  0.0189  0.0284 41.6031
656 1200  0.0418 -0.0067 30.5307
688 1200 -0.0108  0.0242 11.7723
720 1200  0.0018 -0.0077 17.5062
752 1200  0.0398 -0.0022 16.5786
784 1200  0.0422 -0.0259 10.7468
816 1200  0.0039  0.0368 11.5380
848 1200 -0.0275  0.0107 11.9035
880 1200 -0.0426  0.0045 12.2462
912 1200 -0.0124  0.0209 13.8777
944 1200  0.0146 -0.0037 13.9829
976 1200  0.0147  0.0005 13.9566
1008 1200 -0.0509  0.0658 12.6067
1040 1200 -0.0393  0.1048  8.1551
1072 1200 -0.0583  0.1870  6.4394
1104 1200 -0.0145  0.0669  5.2408
1136 1200 -0.0051  0.1804  4.8450
1168 1200  0.0016  0.1197  4.6805
 16 1232  0.0424 -0.0074 17.7374
 48 1232  0.0381 -0.0409 24.3566
 80 1232  0.0556 -0.0135 184.0489
112 1232  0.0902 -0.0377 90.5590
144 1232  0.0154 -0.0187 182.9598
176 1232  0.0703 -0.0805 119.4440
208 1232  0.0759 -0.0388 92.9161
240 1232  0.0060 -0.0679 43.5230
272 1232  0.0426 -0.0846 167.5432
304 1232  0.0415 -0.0162 108.1829
336 1232  0.0403 -0.0428 262.7950
368 1232  0.0825 -0.0181 110.9768
400 1232  0.0439 -0.0521 89.5465
432 1232  0.0426 -0.0046 18.0428
464 1232  0.0157 -0.0374 28.8256
496 1232 -0.0092 -0.0290 31.2365
528 1232  0.0196 -0.0146 12.3905
560 1232 -0.0171  0.0024 15.2627
592 1232  0.0256 -0.0249 15.1617
624 1232 -0.0097 -0.0558 12.2225
656 1232  0.0041  0.0390 12.8484
688 1232 -0.0139 -0.0500  9.7310
720 1232  0.0063  0.0185 12.5317
752 1232  0.0380  0.0063 19.3650
784 1232  0.1635 -0.0069 14.1082
816 1232 -0.0155 -0.0146 24.3056
848 1232 -0.0055 -0.0407 11.2003
880 1232 -0.0072 -0.0410 14.9152
912 1232 -0.0239 -0.0190 13.4090
944 1232  0.0189 -0.0009 13.6186
976 1232  0.0405  0.0412 12.5330
1008 1232 -0.0259 -0.0165 13.6378
1040 1232 -0.0091 -0.0099 12.7973
1072 1232  0.0315  0.0093 11.5778
1104 1232 -0.0672  0.0022 12.7152
1136 1232  0.0237 -0.0185 11.3853
1168 1232 -0.0065  0.0039 12.7488
 16 1264  0.0263 -0.0009 14.2718
 48 1264 -0.0093 -0.0081 12.1619
 80 1264  0.1208 -0.0870 106.8534
112 1264  0.0358 -0.0244 167.2011
144 1264  0.0756 -0.1250 233.0061
176 1264  0.0051 -0.1052 261.5861
208 1264  0.0456 -0.0876 160.3282
240 1264  0.0493 -0.0496 27.4068
272 1264  0.0751 -0.1051 104.0863
304 1264  0.0588 -0.0552 133.0129
336 1264  0.0979 -0.0822 263.3448
368 1264  0.0536 -0.1111 223.9817
400 1264  0.0653 -0.0316 293.4792
432 1264  0.0279 -0.0308 278.8111
464 1264  0.0362 -0.0021 167.5639
496 1264 -0.0168  0.0197 13.1837
528 1264 -0.0032  0.0036 15.5629
560 1264 -0.0005 -0.0011 11.6019
592 1264  0.0130  0.0140 10.7555
624 1264  0.0064 -0.0037 18.1420
656 1264  0.0153 -0.0259 13.5882
688 1264 -0.0085 -0.0065 11.3543
720 1264 -0.0143  0.0113 12.5491
752 1264 -0.0105  0.0267 23.6394
784 1264  0.0242  0.0001 11.2802
816 1264 -0.0556 -0.0087 11.3633
848 1264 -0.0112  0.0024  9.4175
880 1264 -0.0126 -0.0216  8.4338
912 1264 -0.0081  0.0123 13.0136
944 1264  0.0394  0.0346 12.0601
976 1264  0.0507 -0.0732 11.0708
1008 1264  0.0052  0.0168  9.9073
1040 1264  0.0156 -0.0221 10.8691
1072 1264 -0.0359  0.0122 10.4086
1104 1264 -0.0585 -0.0300 10.3012
1136 1264  0.0396  0.0454 10.1482
1168 1264 -0.0088 -0.0468 12.7804
 16 1296  0.0587 -0.0211 18.1849
 48 1296  0.0084 -0.0063 13.4753
 80 1296  0.1114 -0.0142 117.4039
112 1296  0.0568 -0.0090 36.1420
144 1296  0.0264 -0.0282 14.4322
176 1296  0.0353 -0.0488 133.5658
208 1296  0.1178 -0.0416 239.6051
240 1296  0.0354 -0.0239 46.7165
272 1296  0.0740 -0.0698 26.1704
304 1296  0.0388 -0.0783 39.9583
336 1296  0.0422 -0.0314 83.1306
368 1296  0.0606 -0.0489 232.1818
400 1296  0.0498 -0.0115 183.2047
432 1296  0.0451 -0.0082 59.7641
464 1296  0.0133  0.0016 35.6382
496 1296  0.0115  0.0344 25.9571
528 1296 -0.0084  0.0195 15.4469
560 1296  0.0256  0.0021 16.5899
592 1296  0.0137  0.0072 12.1441
624 1296  0.0229 -0.0121 14.3313
656 1296  0.0376  0.0084 12.4161
688 1296  0.0033  0.0242 13.2082
720 1296 -0.0023  0.0037 14.9098
752 1296  0.0072 -0.0091 13.1678
784 1296  0.0284 -0.0163 11.5106
816 1296  0.0315  0.0612  9.7446
848 1296 -0.0530 -0.0630 12.3443
880 1296  0.0229  0.0330 11.3251
912 1296 -0.0023 -0.0035 12.8468
944 1296 -0.0046 -0.0189 10.2556
976 1296  0.0329  0.0112 10.7166
1008 1296 -0.0143 -0.0209  9.8733
1040 1296  0.0905  0.0706  8.6506
1072 1296  0.0269 -0.0602  9.3467
1104 1296 -0.0113 -0.0272 10.2319
1136 1296 -0.0251  0.0009 10.2574
1168 1296  0.0232  0.0047  9.3407
  0   0 -0.0136  0.0082  0.0000
  0   0 -0.0248 -0.0127  0.0000
  0   0  0.0310  0.0110  0.0000
  0   0  0.0346 -0.0327  0.0000
  0   0  0.0749 -0.0313  0.0000
  0   0  0.0800 -0.0234  0.0000
  0   0  0.1262 -0.0245  0.0000
  0   0  0.1021 -0.0254  0.0000
  0   0  0.0749 -0.0353  0.0000
  0   0  0.0745 -0.0399  0.0000
  0   0  0.0947 -0.0233  0.0000
  0   0  0.0534 -0.0064  0.0000
  0   0  0.0499 -0.0104  0.0000
  0   0  0.0672 -0.0275  0.0000
  0   0  0.0541  0.0102  0.0000
  0   0  0.0477  0.0198  0.0000
  0   0  0.0275  0.0516  0.0000
  0   0  0.0073  0.0661  0.0000
  0   0 -0.0220  0.0817  0.0000
  0   0 -0.0298  0.0972  0.0000
  0   0 -0.0329  0.0765  0.0000
  0   0 -0.0063  0.0491  0.0000
  0   0  0.0050  0.0304  0.0000
  0   0  0.0235  0.0098  0.0000
  0   0  0.0341  0.0142  0.0000
  0   0  0.0176  0.0188  0.0000
  0   0  0.0111  0.0054  0.0000
  0   0  0.0176 -0.0033  0.0000
  0   0  0.0294 -0.0011  0.0000
  0   0  0.0259  0.0246  0.0000
  0   0 -0.0108 -0.0275  0.0000
  0   0  0.0190  0.0051  0.0000
  0   0  0.0164 -0.0049  0.0000
  0   0  0.0256 -0.0106  0.0000
  0   0  0.0438  0.0031  0.0000
  0   0  0.0329 -0.0008  0.0000
  0   0  0.0709  0.0283  0.0000
  0   0  0.0300 -0.0303  0.0000
  0   0 -0.0084 -0.0180  0.0000
  0   0 -0.0186 -0.0015  0.0000
  0   0  0.0039  0.0060  0.0000
  0   0 -0.0017  0.0048  0.0000
  0   0  0.0049 -0.0064  0.0000
  0   0  0.0413 -0.0079  0.0000
  0   0  0.0680 -0.0300  0.0000
  0   0  0.1032 -0.0376  0.0000
  0   0  0.1263 -0.0379  0.0000
  0   0  0.1503 -0.0384  0.0000
  0   0  0.1414 -0.0379  0.0000
  0   0  0.1214 -0.0370  0.0000
  0   0  0.1074 -0.0282  0.0000
  0   0  0.0951 -0.0061  0.0000
  0   0  0.0604  0.0193  0.0000
  0   0  0.0315  0.0408  0.0000
  0   0  0.0946  0.0299  0.0000
  0   0  0.0633  0.0663  0.0000
  0   0  0.0341  0.0931  0.0000
  0   0  0.0010  0.1236  0.0000
  0   0 -0.0302  0.1445  0.0000
  0   0 -0.0572  0.1575  0.0000
  0   0 -0.0664  0.1577  0.0000
  0   0 -0.0602  0.1331  0.0000
  0   0 -0.0350  0.0974  0.0000
  0   0 -0.0097  0.0634  0.0000
  0   0  0.0151  0.0351  0.0000
  0   0  0.0300  0.0222  0.0000
  0   0  0.0289  0.0151  0.0000
  0   0  0.0269  0.0052  0.0000
  0   0  0.0292 -0.0008  0.0000
  0   0  0.0326 -0.0002  0.0000
  0   0  0.0290  0.0045  0.0000
  0   0  0.0176 -0.0131  0.0000
  0   0  0.0295 -0.0061  0.0000
  0   0  0.0374 -0.0074  0.0000
  0   0  0.0492 -0.0070  0.0000
  0   0  0.0603 -0.0001  0.0000
  0   0  0.0588  0.0026  0.0000
  0   0  0.0610  0.0090  0.0000
  0   0  0.0312 -0.0110  0.0000
  0   0 -0.0009 -0.0083  0.0000
  0   0 -0.0147  0.0004  0.0000
  0   0 -0.0074  0.0054  0.0000
  0   0  0.0015  0.0030  0.0000
  0   0  0.0220 -0.0065  0.0000
  0   0  0.0588 -0.0173  0.0000
  0   0  0.0979 -0.0345  0.0000
  0   0  0.1378 -0.0466  0.0000
  0   0  0.1688 -0.0528  0.0000
  0   0  0.1883 -0.0545  0.0000
  0   0  0.1855 -0.0510  0.0000
  0   0  0.1673 -0.0412  0.0000
  0   0  0.1420 -0.0215  0.0000
  0   0  0.1099  0.0091  0.0000
  0   0  0.0664  0.0458  0.0000
  0   0  0.0204  0.0846  0.0000
  0   0  0.1215  0.0895  0.0000
  0   0  0.0705  0.1304  0.0000
  0   0  0.0199  0.1689  0.0000
  0   0 -0.0295  0.2046  0.0000
  0   0 -0.0731  0.2311  0.0000
  0   0 -0.1035  0.2421  0.0000
  0   0 -0.1125  0.2313  0.0000
  0   0 -0.0985  0.1965  0.0000
  0   0 -0.0655  0.1469  0.0000
  0   0 -0.0259  0.0958  0.0000
  0   0  0.0100  0.0537  0.0000
  0   0  0.0332  0.0264  0.0000
  0   0  0.0420  0.0106  0.0000
  0   0  0.0427  0.0014  0.0000
  0   0  0.0413 -0.0029  0.0000
  0   0  0.0391 -0.0040  0.0000
  0   0  0.0357 -0.0057  0.0000
  0   0  0.0346 -0.0114  0.0000
  0   0  0.0434 -0.0121  0.0000
  0   0  0.0577 -0.0107  0.0000
  0   0  0.0735 -0.0069  0.0000
  0   0  0.0840 -0.0012  0.0000
  0   0  0.0820  0.0026  0.0000
  0   0  0.0659  0.0031  0.0000
  0   0  0.0331 -0.0016  0.0000
  0   0 -0.0018 -0.0004  0.0000
  0   0 -0.0224  0.0049  0.0000
  0   0 -0.0226  0.0083  0.0000
  0   0 -0.0055  0.0050  0.0000
  0   0  0.0277 -0.0060  0.0000
  0   0  0.0747 -0.0228  0.0000
  0   0  0.1280 -0.0425  0.0000
  0   0  0.1795 -0.0601  0.0000
  0   0  0.2200 -0.0718  0.0000
  0   0  0.2424 -0.0758  0.0000
  0   0  0.2422 -0.0701  0.0000
  0   0  0.2211 -0.0530  0.0000
  0   0  0.1839 -0.0230  0.0000
  0   0  0.1344  0.0191  0.0000
  0   0  0.0760  0.0697  0.0000
  0   0  0.0134  0.1244  0.0000
