VARIABLES= "X pix", "Y pix", "U pix/dt", "V pix/dt", "CHC", ZONE I=37, J=41
304  16  0.0360 -0.0595 59.5809
336  16 -0.0505 -0.0200 18.9118
368  16 -0.1069 -0.0378 24.6753
400  16 -0.1010 -0.0844 88.5845
496  16 -0.1108 -0.1133 89.0435
528  16 -0.0770 -0.1090 39.0095
560  16 -0.0586 -0.1025 40.9600
592  16 -0.0509 -0.0714 50.5679
624  16 -0.0173 -0.0366 54.6133
656  16  0.0145  0.0133 46.5454
688  16  0.0209  0.0974 273.0666
304  48 -0.0212  0.1292 52.5128
336  48 -0.0302  0.1002 29.4676
368  48 -0.0627  0.0547 110.7027
496  48 -0.0061  0.0426 71.8596
528  48  0.0312  0.0053 27.3067
560  48 -0.0068 -0.0133 37.1767
592  48 -0.0695  0.0205 409.5998
688  48 -0.0631  0.0335 227.5554
720  48 -0.0499  0.0268 29.2571
752  48 -0.0038  0.0029 35.0085
784  48  0.0000 -0.0063 30.5364
816  48 -0.0693  0.0000 204.7999
304  80 -0.0656  0.0092 49.3494
336  80 -0.0377  0.0179 30.7970
368  80 -0.0177 -0.0120 50.5679
400  80  0.0111 -0.0284 47.0804
432  80  0.0384 -0.0579 43.5745
464  80  0.0804 -0.0798 4095.9939
496  80  0.0504 -0.0395 71.8596
528  80  0.0040 -0.0018 28.4444
560  80  0.0000  0.0076 39.1587
592  80 -0.0049  0.1166 57.6901
688  80 -0.0446  0.1341 341.3332
720  80 -0.0725  0.0269 80.3137
752  80 -0.0444 -0.0418 75.8518
784  80  0.0607 -0.0436 58.8605
816  80  0.0000 -0.2158 156.6775
 16 144 -0.0461 -0.1109 29.9840
 48 144 -0.0170  0.0021 32.2770
 80 144 -0.0684 -0.0745 132.3691
112 144 -0.0276 -0.0669 180.4588
144 144 -0.0490 -0.0131 255.3824
176 144 -0.0898 -0.0266 175.6320
208 144 -0.0554 -0.0530 57.4273
240 144 -0.0912 -0.0524 233.5480
272 144 -0.0458 -0.0231 29.5029
304 144 -0.0483 -0.0242 185.9201
336 144 -0.0667  0.0024 99.7187
368 144 -0.0347  0.0197 122.6984
400 144 -0.0204  0.0127 316.9284
432 144 -0.0138  0.0502 153.8052
464 144 -0.0516  0.0682 171.2961
496 144 -0.0181  0.0500 87.1924
528 144 -0.0899  0.0140 222.8201
560 144 -0.0207  0.0482 73.1186
592 144  0.0038  0.0193 205.3208
624 144 -0.0431  0.0247 182.8093
656 144 -0.0781  0.0319 106.8808
688 144 -0.0293  0.0155 108.6912
720 144 -0.0558  0.0131 125.2690
752 144 -0.0177  0.0002 64.9822
784 144 -0.0531 -0.0004 52.4833
816 144 -0.0336  0.0075 183.7998
848 144 -0.0364  0.0043 165.1342
880 144 -0.0278  0.0369 167.4525
912 144 -0.0437 -0.0065 158.6816
944 144 -0.0162  0.0114 222.3414
976 144 -0.0262 -0.0000 79.7397
1008 144  0.0270 -0.0320 59.8988
1040 144 -0.0127  0.0107 25.5768
1072 144 -0.0610 -0.0044 99.3027
1104 144 -0.0024  0.0217 28.9243
1136 144 -0.0490  0.0878 97.9947
1168 144 -0.0601  0.0844 79.7989
 16 176 -0.1008 -0.0572 130.4213
 48 176 -0.1605 -0.1168 53.5137
 80 176 -0.0850 -0.0446 44.8743
112 176 -0.0739 -0.0875 299.1900
144 176 -0.1088 -0.0896 227.5445
176 176 -0.0613 -0.1239 145.4334
208 176 -0.0645 -0.0180 48.8503
240 176 -0.1212 -0.0171 244.8417
272 176 -0.0303 -0.0243 185.6266
304 176 -0.0376 -0.0212 196.2195
336 176 -0.0768 -0.0170 239.5472
368 176 -0.0348  0.0258 139.0321
400 176 -0.0302  0.0402 178.9106
432 176 -0.0540  0.0696 135.8387
464 176 -0.0685  0.0534 104.1491
496 176 -0.0387  0.0925 128.1423
528 176 -0.0483  0.0733 241.8141
560 176 -0.1086 -0.0556 183.3192
592 176 -0.0150 -0.0093 127.0783
624 176 -0.0700  0.0119 292.3868
656 176 -0.0373  0.0119 114.3136
688 176 -0.0424  0.0140 77.6688
720 176 -0.0593  0.0092 192.5773
752 176  0.0051 -0.0048 373.2370
784 176 -0.0143 -0.0079 80.0382
816 176 -0.0090 -0.0171 276.8820
848 176 -0.0248 -0.0201 306.1397
880 176 -0.0022  0.0166 113.9887
912 176 -0.0176  0.0036 136.6556
944 176 -0.0092 -0.0131 97.6406
976 176 -0.0356 -0.0012 107.4004
1008 176 -0.0423  0.0414 121.6040
1040 176 -0.0860  0.0167 42.3657
1072 176 -0.0325  0.0329 168.6652
1104 176 -0.0511  0.0448 113.7130
1136 176 -0.0757  0.0601 85.3059
1168 176 -0.0704  0.0800 203.7217
 16 208 -0.1307 -0.2017 238.0469
 48 208 -0.1246 -0.0853 22.2334
 80 208 -0.2089 -0.0291 172.0472
112 208 -0.0439 -0.0239 65.5078
144 208 -0.0866 -0.0882 266.2130
176 208 -0.1481 -0.0581 139.0204
208 208 -0.1340 -0.0780 68.3568
240 208 -0.0681 -0.0534 121.0246
272 208 -0.1093 -0.0427 62.2555
304 208 -0.0744 -0.0213 155.6486
336 208 -0.0713 -0.0059 138.9803
368 208 -0.0850  0.0227 120.4760
400 208 -0.1388  0.0061 196.3495
432 208 -0.0335  0.0554 124.5975
464 208 -0.0178  0.0601 192.5882
496 208 -0.0539  0.0538 243.9442
528 208 -0.0347  0.0247 256.9255
560 208 -0.0348  0.0256 102.2608
592 208 -0.0127  0.0132 39.4675
624 208 -0.0150  0.0023 134.9735
656 208 -0.0419  0.0213 88.2337
688 208 -0.0373 -0.0142 104.3526
720 208 -0.0000 -0.0189 167.4718
752 208 -0.0020 -0.0051 140.7175
784 208 -0.0150  0.0061 131.9493
816 208 -0.0120 -0.0192 142.4194
848 208 -0.0122 -0.0048 177.1447
880 208  0.0035 -0.0236 257.8972
912 208 -0.0375  0.0018 104.6793
944 208 -0.0242  0.0123 80.0240
976 208 -0.0214  0.0279 127.5250
1008 208 -0.0561  0.0334 108.2747
1040 208 -0.0504  0.0343 100.4343
1072 208 -0.0420  0.0551 154.9055
1104 208 -0.0415  0.0526 128.3950
1136 208 -0.0538  0.0435 154.0222
1168 208 -0.0341  0.0377 58.9484
 16 240 -0.1683 -0.1380 62.1801
 48 240 -0.1407 -0.1603 41.9688
 80 240 -0.2298 -0.1420 100.4740
112 240 -0.0488 -0.1134 283.1367
144 240 -0.0727 -0.1883 252.0990
176 240 -0.0933 -0.1106 128.7564
208 240 -0.0953 -0.0753 117.7393
240 240 -0.0719 -0.0055 208.4784
272 240 -0.1749 -0.0551 196.5777
304 240 -0.0500 -0.0244 199.6078
336 240 -0.0549 -0.0340 116.0624
368 240 -0.0782  0.0023 107.7553
400 240 -0.0923  0.0218 253.8421
432 240 -0.0513  0.0177 100.1278
464 240 -0.0281  0.0453 159.5551
496 240  0.0009  0.0637 236.2433
528 240 -0.0138  0.0367 171.6902
560 240 -0.0086  0.0292 137.0042
592 240 -0.0440  0.0218 167.9615
624 240 -0.0402  0.0134 110.1026
656 240 -0.0772  0.0083 175.3924
688 240 -0.0513  0.0131 189.4096
720 240 -0.0631  0.0284 130.5054
752 240 -0.0401  0.0014 150.4888
784 240 -0.0076 -0.0117 101.3490
816 240 -0.0017 -0.0328 182.5315
848 240  0.0001 -0.0375 163.9200
880 240  0.0029 -0.0044 100.3328
912 240  0.0100 -0.0282 113.7814
944 240 -0.0060  0.0076 86.4886
976 240 -0.0293  0.0524 104.2702
1008 240  0.0017  0.0229 123.1286
1040 240 -0.0286  0.0654 91.5560
1072 240  0.0008  0.0621 195.6707
1104 240 -0.0459  0.0226 93.4542
1136 240 -0.0399  0.0256 250.5074
1168 240 -0.0612  0.0667 42.3820
 16 272 -0.0600 -0.0813 308.2564
 48 272 -0.2062 -0.1200 190.9734
 80 272 -0.0515 -0.1527 152.3477
112 272 -0.0769 -0.1322 271.5002
144 272 -0.1834 -0.3041 60.3712
176 272 -0.2143 -0.1255 154.0013
208 272 -0.1089 -0.1346 242.4913
240 272 -0.0807 -0.0771 203.4705
272 272 -0.1080 -0.0951 96.3737
304 272 -0.0930 -0.0569 161.2117
336 272 -0.0537 -0.0301 167.1385
368 272 -0.0385 -0.0000 187.1826
400 272 -0.0589  0.0141 112.3403
432 272 -0.0348  0.0331 120.1581
464 272 -0.0695  0.0492 206.9500
496 272 -0.0402  0.0447 164.9670
528 272 -0.0333  0.0108 183.0869
560 272 -0.0281  0.0073 58.3578
592 272 -0.0725 -0.0008 108.6079
624 272 -0.0480  0.0263 107.1142
656 272 -0.0514 -0.0016 185.9670
688 272 -0.0195  0.0023 119.7028
720 272 -0.0322 -0.0120 154.7862
752 272 -0.0049 -0.0036 118.7526
784 272 -0.0405 -0.0322 154.7484
816 272  0.0081 -0.0392 185.7065
848 272 -0.0193 -0.0064 105.7218
880 272  0.0040 -0.0413 81.8623
912 272 -0.0085 -0.0286 63.5933
944 272 -0.0221 -0.0131 176.5757
976 272 -0.0318  0.0180 147.3003
1008 272 -0.0167  0.0024 135.1620
1040 272 -0.0022  0.0134 113.7476
1072 272 -0.0258  0.0178 217.5627
1104 272  0.0804  0.0232 273.4214
1136 272 -0.0526  0.0370 67.8635
1168 272 -0.0530  0.0460 66.4716
 16 304 -0.2158 -0.4996 193.2515
 48 304 -0.3097 -0.2828 195.7086
 80 304 -0.3526 -0.1974 129.6110
112 304 -0.2439 -0.1671 220.8382
144 304 -0.1408 -0.1131 78.8278
176 304 -0.1317 -0.1127 123.8029
208 304 -0.0840 -0.0497 26.3273
240 304 -0.0609 -0.0161 271.9553
272 304 -0.0609 -0.0969 321.4050
304 304 -0.0985 -0.0918 310.8561
336 304 -0.0830 -0.0768 173.8188
368 304 -0.0413 -0.0097 242.8441
400 304 -0.0583  0.0013 52.6699
432 304 -0.0419  0.0051 112.3523
464 304 -0.0890  0.0342 375.9766
496 304 -0.0628  0.0360 132.4867
528 304 -0.0247  0.0491 66.5187
560 304 -0.0526  0.0302 231.1344
592 304 -0.0349  0.0008 118.1839
624 304 -0.0308  0.0337 139.4928
656 304 -0.0195  0.0102 97.9398
688 304 -0.0333  0.0039 110.3698
720 304 -0.0058 -0.0208 124.5831
752 304 -0.0479 -0.0032 94.5586
784 304 -0.0016 -0.0267 189.5923
816 304 -0.0183 -0.0729 153.9112
848 304  0.0222 -0.0730 95.0840
880 304  0.0259 -0.0218 205.6798
912 304  0.0013 -0.0224 67.3114
944 304 -0.0018 -0.0096 177.8252
976 304 -0.0204  0.0077 155.5493
1008 304 -0.0231  0.0029 65.1763
1040 304 -0.0238  0.0193 83.4688
1072 304 -0.0257  0.0384 141.4594
1104 304 -0.0129  0.0654 93.8412
1136 304 -0.0347  0.0584 127.0800
1168 304 -0.0356  0.0684 46.4650
 16 336 -0.3091 -0.1009 275.1100
 48 336 -0.0610 -0.6042 221.0608
 80 336 -0.9730 -0.2195 52.7135
112 336 -0.3025 -0.2069 118.2209
144 336 -0.3744 -0.0920 78.3357
176 336 -0.1349 -0.1489 136.7603
208 336 -0.2352 -0.2591 320.4010
240 336 -0.1489 -0.1033 214.8395
272 336 -0.1080 -0.0572 97.7999
304 336 -0.1789 -0.0641 179.1748
336 336 -0.1054 -0.0393 162.8575
368 336 -0.0660 -0.0304 130.3376
400 336 -0.1305 -0.0282 101.0549
432 336 -0.0093  0.0340 184.4151
464 336 -0.0278  0.0059 226.2220
496 336 -0.0275  0.0379 168.4983
528 336 -0.0256 -0.0288 64.5825
560 336 -0.0324  0.0239 177.6345
592 336 -0.0412  0.0211 48.2455
624 336 -0.0287  0.0228 110.4449
656 336 -0.0263  0.0018 110.2917
688 336 -0.0470 -0.0261 145.4226
720 336 -0.0361 -0.0092 225.2613
752 336 -0.0230 -0.0261 152.5558
784 336 -0.0179 -0.0200 243.3671
816 336 -0.0027 -0.0638 100.0944
848 336 -0.0134 -0.0584 122.4287
880 336  0.0152 -0.0340 113.9897
912 336  0.0245 -0.0397 120.6605
944 336  0.0051 -0.0417 208.9413
976 336 -0.0140 -0.0186 105.3482
1008 336 -0.0303  0.0229 115.1455
1040 336 -0.0624  0.0203 60.1376
1072 336 -0.0349  0.0263 109.6638
1104 336 -0.0351  0.0058 136.5670
1136 336 -0.0560  0.0730 216.0810
1168 336 -0.0559  0.0704 105.7442
 16 368 -0.1716  0.0018 248.4594
 48 368 -0.2253 -0.0508 135.3199
 80 368 -0.0776 -0.2070 30.8909
112 368 -0.2264 -0.1476 103.1517
144 368 -0.3510 -0.2534 135.2065
176 368 -0.6243 -0.0691 155.8250
208 368 -0.2319 -0.1548 108.5887
240 368 -0.1707 -0.1248 178.2416
272 368 -0.0771 -0.0654 50.2793
304 368 -0.0719 -0.1317 297.8403
336 368 -0.0908 -0.1279 270.4677
368 368 -0.1233 -0.0611 106.2691
400 368 -0.0588 -0.0218 95.1103
432 368 -0.0528  0.0100 49.3008
464 368 -0.0776  0.0042 124.4429
496 368  0.0007  0.0098 123.1987
528 368 -0.0575  0.0187 172.2247
560 368 -0.0378  0.0273 195.4129
592 368 -0.0044  0.0098 219.5352
624 368 -0.0296  0.0160 129.0868
656 368 -0.0356  0.0092 30.8795
688 368 -0.0066 -0.0353 61.8105
720 368 -0.0285 -0.0343 118.5700
752 368 -0.0228 -0.0507 139.6816
784 368 -0.0035 -0.0460 339.9942
816 368  0.0120 -0.0847 179.3436
848 368 -0.0001  0.0221 96.6705
880 368  0.0269 -0.0608 156.4532
912 368  0.0167 -0.0833 168.8953
944 368  0.0198 -0.0313 171.6813
976 368 -0.0193  0.0209 47.3321
1008 368 -0.0767  0.0116 266.6547
1040 368 -0.0265  0.0245 139.7743
1072 368 -0.0404  0.0945 118.6111
1104 368 -0.0200  0.0325 98.6560
1136 368 -0.0913  0.1424 79.0424
1168 368 -0.0532  0.0778 172.2699
 16 400 -0.3769 -0.1560 209.0765
 48 400 -0.1986 -0.1642 104.8291
 80 400 -0.3143 -0.4243 183.5258
112 400 -0.6367 -0.1863 192.1371
144 400 -0.6206 -0.4723 159.0734
176 400 -0.1136 -0.2402 116.2728
208 400  0.0002 -0.1613 76.1096
240 400 -0.0935 -0.1477 265.8614
272 400 -0.0588 -0.0942 51.5061
304 400 -0.1040 -0.1501 110.9548
336 400 -0.0029 -0.1451 143.6317
368 400 -0.0984 -0.0766 223.3016
400 400 -0.0818 -0.0420 117.5548
432 400 -0.0593 -0.0402 224.0274
464 400 -0.0479 -0.0068 187.4294
496 400 -0.0490  0.0128 168.8017
528 400 -0.0204  0.0403 193.8026
560 400 -0.0145  0.0147 123.9118
592 400 -0.0276  0.0038 141.7669
624 400 -0.0001  0.0301 121.9717
656 400 -0.0278 -0.0041 168.0999
688 400 -0.0432 -0.0330 252.5411
720 400 -0.0188 -0.0723 136.6962
752 400 -0.0054 -0.0806 62.6878
784 400  0.0147 -0.0401 149.4035
816 400  0.0007 -0.0653 150.9510
848 400 -0.0122 -0.0354 117.3441
880 400  0.0066 -0.0925 77.3879
912 400  0.0340 -0.0713 143.6664
944 400 -0.0135 -0.0566 113.9653
976 400 -0.0221 -0.0142 113.7547
1008 400 -0.0248  0.0113 114.7349
1040 400 -0.0502  0.0125 205.8408
1072 400 -0.0527  0.0313 232.1856
1104 400 -0.0459  0.0659 140.7864
1136 400 -0.0831  0.0540 228.3114
1168 400 -0.0348  0.0558 24.8886
 16 432 -0.4951 -0.0415 73.4284
 48 432 -0.6547 -0.4859 46.7600
 80 432 -0.1460 -0.1455 62.1514
112 432 -0.6718 -0.3939 79.4271
144 432 -0.2615 -0.2974 275.9093
176 432 -0.1504 -0.2907 189.3835
208 432 -0.5326 -0.1210 145.8492
240 432 -0.2254 -0.3118 144.0771
272 432 -0.4168 -0.2851 162.7588
304 432 -0.1688 -0.1837 157.2159
336 432 -0.1103 -0.1533 251.4946
368 432 -0.0940 -0.1054 157.8262
400 432 -0.0329 -0.0445 26.1449
432 432 -0.0486 -0.0409 194.0365
464 432 -0.0582 -0.0131 77.3134
496 432 -0.0285 -0.0238 24.4470
528 432 -0.0097 -0.0065 124.5771
560 432 -0.0454  0.0163 154.8985
592 432 -0.0325  0.0298 113.2498
624 432 -0.0205  0.0089 84.8491
656 432 -0.0141  0.0392 86.6630
688 432 -0.0112 -0.0516 253.6455
720 432 -0.0100 -0.0149 123.8670
752 432 -0.0413 -0.0908 126.6749
784 432 -0.0050 -0.0810 136.6184
816 432 -0.0006 -0.0721 113.1525
848 432  0.0279 -0.0983 249.1961
880 432 -0.0090 -0.0721 66.9640
912 432  0.0048 -0.1072 82.3985
944 432  0.0115 -0.0368 45.7505
976 432 -0.0315 -0.0340 82.7516
1008 432 -0.0119  0.0215 105.6727
1040 432 -0.0406  0.0461 177.3112
1072 432 -0.0262 -0.0113 49.0680
1104 432 -0.0256  0.0231 165.9795
1136 432 -0.1217  0.1152 106.6874
1168 432 -0.1463  0.0256 74.9470
 16 464 -0.9063 -0.5108 28.8388
 48 464 -0.3148 -0.1291 63.3990
 80 464 -0.1537 -0.6261 146.3107
112 464 -0.6557 -0.2621 95.7704
144 464 -0.5874 -0.3797 91.0004
176 464 -0.3756 -0.3623 188.2554
208 464 -0.3438 -0.4513 256.5787
240 464 -0.4718 -0.4447 68.3469
272 464 -0.2894 -0.1848 19.6126
304 464 -0.1466 -0.2096 222.5438
336 464 -0.1770 -0.1976 185.8896
368 464 -0.0885 -0.1127 168.9617
400 464 -0.1166 -0.1403 122.2931
432 464 -0.0495 -0.0727 97.3106
464 464 -0.2062 -0.1409 183.5694
496 464 -0.0380 -0.0282 60.7191
528 464 -0.0182 -0.0622 171.3117
560 464 -0.0239 -0.0104 158.6256
592 464 -0.0563  0.0469 234.3003
624 464 -0.0151 -0.0182 117.4947
656 464 -0.0312 -0.0004 195.9072
688 464 -0.0134 -0.0317 99.6363
720 464  0.0067 -0.0911 57.1279
752 464 -0.0811 -0.0446 170.0872
784 464 -0.0551 -0.1106 71.6401
816 464  0.0185 -0.1112 89.2231
848 464  0.0452 -0.1117 35.2216
880 464  0.0044 -0.0752 168.5183
912 464  0.0091 -0.0910 208.4839
944 464 -0.0265 -0.0512 61.6976
976 464  0.0123 -0.0368 194.0454
1008 464 -0.0056 -0.0580 58.0233
1040 464 -0.0557  0.0155 182.3029
1072 464 -0.0648  0.0949 144.8037
1104 464 -0.0642  0.0408 92.4850
1136 464 -0.0619  0.0817 103.5655
1168 464 -0.1291  0.1291 89.7698
 16 496 -0.2349 -0.1838 171.1739
 48 496 -0.7126 -1.2753 37.6036
 80 496 -0.6669 -0.3595 239.1992
112 496 -0.6451 -0.7571 347.0258
144 496 -0.4123 -0.4738 95.7615
176 496 -0.2630 -0.4986 69.6784
208 496 -0.3942 -0.3446 52.1145
240 496 -0.1156 -0.4175 145.4041
272 496 -0.3531 -0.3769 133.1707
304 496 -0.2599 -0.2728 89.6880
336 496 -0.0616 -0.1254 12.5890
368 496 -0.1290 -0.2064 164.0007
400 496 -0.1370 -0.1795 142.9691
432 496 -0.0518 -0.1582 145.1917
464 496 -0.0172 -0.0434 135.7919
496 496 -0.0371 -0.0841 138.8430
528 496  0.0486  0.0169 250.6793
560 496 -0.0201 -0.0029 80.2454
592 496 -0.0094  0.0211 90.5173
624 496 -0.0000  0.0338 93.7800
656 496 -0.0479 -0.0054 145.7154
688 496 -0.0186  0.0069 144.9989
720 496 -0.0533 -0.0819 314.3695
752 496  0.0013 -0.1563 148.1292
784 496 -0.0421 -0.1034 76.5634
816 496 -0.0493 -0.2039 47.9912
848 496 -0.0034 -0.0747 77.1977
880 496  0.0065 -0.0958 101.5173
912 496  0.0263 -0.0926 54.1844
944 496 -0.0061 -0.1361 225.4772
976 496 -0.0015 -0.0402 60.0192
1008 496 -0.0311  0.0028 110.6638
1040 496 -0.0905  0.0323 146.4702
1072 496 -0.1166  0.1354 85.3780
1104 496 -0.1221  0.0832 95.5180
1136 496 -0.0900  0.0974 91.5849
1168 496 -0.0990  0.0733 17.6825
 16 528 -0.1641 -0.3159 35.7311
 48 528 -0.4957 -0.1632 38.8849
 80 528 -0.8192 -0.2195 227.4171
112 528 -1.2495 -0.6897 157.1819
144 528 -0.5863  0.0143 155.8002
176 528 -0.9112 -0.6968 43.4135
208 528 -0.7117 -0.7088 96.2747
240 528 -0.4429 -0.2955 56.0646
272 528 -0.4269 -0.3760 27.5358
304 528 -0.3166 -0.3226 319.1664
336 528 -0.2444 -0.2113 160.7452
368 528 -0.2852 -0.2706 180.5637
400 528 -0.1276 -0.1719 45.0799
432 528 -0.0544 -0.1872 120.4044
464 528 -0.0577 -0.1142 153.6902
496 528 -0.0279 -0.0447 204.7525
528 528  0.0087 -0.0358 69.5204
560 528 -0.0154  0.0032 247.6560
592 528 -0.0259 -0.0274 170.7811
624 528 -0.0087  0.0297 154.2769
656 528 -0.0140 -0.0621 83.2367
688 528 -0.0342 -0.0150 77.6681
720 528 -0.0704 -0.0676 69.6061
752 528 -0.0115 -0.0923 73.9564
784 528  0.0016 -0.1046 324.3853
816 528 -0.0285 -0.2458 113.6357
848 528  0.0211 -0.1055 54.7503
880 528  0.0345 -0.0419 110.8261
912 528 -0.0040 -0.0550 148.1785
944 528 -0.0057 -0.0399 172.8341
976 528 -0.0245  0.0250 136.4258
1008 528  0.0163  0.0157 124.0575
1040 528 -0.0064  0.0362 68.0481
1072 528 -0.0695  0.0959 57.2720
1104 528 -0.1105  0.1219 105.0025
1136 528 -0.1354  0.0742 171.7129
1168 528 -0.1229  0.1367 52.5699
 16 560 -0.6647 -0.4049 52.1008
 48 560 -0.7723 -0.3084 129.4199
 80 560 -0.8793 -0.2830 191.6363
112 560 -0.8378 -0.3979 67.0533
144 560 -0.8249 -0.5966 64.1442
176 560 -0.9835 -0.8461 135.1943
208 560 -0.9324 -0.5301 17.3109
240 560 -0.9305 -1.0072 27.4925
272 560 -0.7484 -0.5821 149.2332
304 560 -0.6017 -0.5848 153.2223
336 560 -0.0281 -0.0770 16.5508
368 560 -0.3699 -0.5309 58.2778
400 560 -0.0518 -0.0493 15.5402
432 560 -0.1151 -0.3387 268.4209
464 560 -0.0853 -0.1752 67.9090
496 560  0.0020 -0.0745 213.2548
528 560  0.0243 -0.0937 153.4891
560 560  0.0320  0.0656 68.5871
592 560  0.0124  0.0610 135.5376
624 560 -0.0061  0.0400 74.9011
656 560 -0.0473  0.0959 120.3973
688 560 -0.0665  0.0267 32.3161
720 560 -0.0814 -0.0753 65.5724
752 560 -0.0316 -0.0802 158.2500
784 560 -0.0179 -0.1485 140.7682
816 560  0.0239 -0.1361 201.0365
848 560  0.0115 -0.1448 90.5748
880 560  0.0125 -0.1759 83.6852
912 560 -0.0521 -0.0668 263.8930
944 560 -0.0280 -0.0401 67.3597
976 560 -0.0334 -0.0197 38.1602
1008 560 -0.0856  0.1445 144.5484
1040 560 -0.0900  0.0753 196.3534
1072 560 -0.0984  0.0971 112.1022
1104 560 -0.0402  0.0671 90.1043
1136 560 -0.1396  0.1148 98.5129
1168 560 -0.1415  0.2206 195.3264
 16 592 -0.4859 -0.0979 84.2666
 48 592 -0.5443 -0.2704 62.1111
 80 592 -0.7783 -0.8184 106.0543
112 592 -0.3696 -0.1731 13.8893
144 592 -1.0596 -0.9818 48.0760
176 592 -0.9643 -1.0553 205.5321
208 592 -1.0041 -1.2965 115.5318
240 592 -1.2975 -0.7922 106.3867
272 592 -1.2147 -0.9325 61.7988
304 592 -0.2049 -0.1743 14.3151
336 592 -0.4443 -0.7886 101.6159
368 592 -0.4324 -0.4768 178.3567
400 592 -0.1942 -0.4605 182.8515
432 592 -0.1590 -0.2818 58.7907
464 592  0.0650 -0.2494 47.0175
496 592  0.0537 -0.1709 27.8781
528 592  0.0890 -0.1275 227.7860
560 592  0.1094 -0.0149 175.6771
592 592  0.1471  0.1111 76.7297
624 592 -0.0395  0.0802 87.3262
656 592 -0.0111  0.1566 180.9763
688 592 -0.1009  0.0586 92.0948
720 592 -0.0420  0.0292 38.4997
752 592 -0.0753 -0.0479 172.8730
784 592  0.0134 -0.1361 100.0859
816 592 -0.0119 -0.1497 163.4173
848 592 -0.0144 -0.0694 106.0372
880 592 -0.0039 -0.1164 158.2216
912 592 -0.0261 -0.0539 205.1141
944 592 -0.0391  0.0224 40.9469
976 592 -0.0822  0.0692 116.6676
1008 592 -0.1745  0.0572 70.7880
1040 592 -0.1180  0.1046 175.9570
1072 592 -0.1351  0.1656 230.5129
1104 592 -0.1529  0.0838 67.2493
1136 592 -0.0746  0.0952 151.4920
1168 592 -0.1370  0.2040 38.5595
 16 624 -0.1042 -0.0390 179.1739
 48 624 -0.7316 -0.5769 28.8895
 80 624 -0.3593 -0.1684 58.7360
112 624 -0.5580 -0.3629 200.1030
144 624 -1.0738 -0.7074 179.9951
176 624 -0.6896 -0.4456 156.0769
208 624 -0.2865 -0.3137 26.1642
240 624 -0.9043 -0.4328 184.8078
272 624 -1.0838 -1.0127 26.9512
304 624 -1.1168 -0.8885 142.7132
336 624 -0.3131 -0.0452 21.2569
368 624 -0.4969 -0.7315 94.5943
400 624 -0.2801 -0.7553 55.5882
432 624  0.0962 -0.5210 222.6771
464 624  0.3055 -0.4944 108.2889
496 624  0.0545 -0.1244 225.9065
528 624  0.4647 -0.1767 134.8906
560 624  0.4117  0.0453 61.9491
592 624  0.2462  0.0624 92.7299
624 624  0.0323  0.3034 87.0081
656 624 -0.0588  0.2547 76.2441
688 624 -0.1511  0.3113 66.9760
720 624 -0.1330  0.1768 64.0959
752 624 -0.0743  0.2856 109.8908
784 624 -0.0054  0.0242 109.2900
816 624 -0.0570  0.2003 145.5367
848 624 -0.1037  0.1115 89.1039
880 624 -0.1215  0.0706 130.7918
912 624 -0.1466  0.0486 59.0077
944 624 -0.1718  0.1140 90.5286
976 624 -0.2005  0.1216 85.9525
1008 624 -0.1146  0.1087 132.8235
1040 624 -0.1649  0.1322 150.1527
1072 624 -0.1566  0.1713 114.8260
1104 624 -0.1632  0.1756 65.0509
1136 624 -0.1360  0.1381 145.1768
1168 624 -0.1308  0.1292 97.9221
 16 656 -0.3570 -0.1124 44.3537
 48 656 -0.3875 -0.0645 47.4245
 80 656 -0.2922 -0.1196 34.5545
112 656 -0.9177 -0.7728 254.2832
144 656 -0.8763 -0.8183 51.4405
176 656 -0.8600 -0.8519 313.4396
208 656 -1.2345 -0.6525 255.6367
240 656 -1.1861 -0.9783 97.8638
272 656 -1.2608 -1.1919 37.3082
304 656 -0.7173 -0.9855 332.9347
336 656 -0.5583 -1.0559 91.4872
368 656 -0.6033 -1.3560 89.4017
400 656 -0.0803 -1.2484 51.7498
432 656  0.0784 -1.0917 57.6003
464 656  1.3011 -1.1925 130.1474
496 656  1.3953 -0.4720 70.3469
528 656  0.9729 -0.1807 84.2928
560 656  0.6158  0.2175 205.5119
592 656  0.3304  0.2853 77.3240
624 656  0.2357  0.7334 245.1124
656 656  0.0112  0.7465 155.3715
688 656 -0.1632  0.6339 101.9508
720 656 -0.0244  0.3093 45.1540
752 656  0.2500  0.1081 18.2139
784 656 -0.0915  0.1880 29.9966
816 656 -0.1112  1.0361 135.5242
848 656 -0.2413  0.4470 40.5833
880 656 -0.1307  0.0898 105.2872
912 656 -0.2068  0.2183 75.6886
944 656 -0.1332  0.1861 79.7263
976 656 -0.3149  0.2594 104.3012
1008 656 -0.2655  0.2094 95.9492
1040 656 -0.2624  0.2527 46.6165
1072 656 -0.1258  0.1233 53.8018
1104 656 -0.3849  0.3261 221.1518
1136 656 -0.1157  0.1490 75.9619
1168 656 -0.0798  0.2107 49.2361
 16 688 -0.2801 -0.0406 69.9101
 48 688 -0.3333 -0.0597 235.5484
 80 688 -0.1742 -0.1666 86.1723
112 688 -0.5795 -0.3215 75.2043
144 688 -0.9000 -0.9510 17.6417
176 688 -1.0549 -1.1459 171.4648
208 688 -1.2409 -0.5989 107.0203
240 688 -0.9367 -1.0026 215.6082
272 688 -1.0104 -0.9165 90.8129
304 688 -0.9982 -1.0634 50.0452
336 688 -1.3039 -1.1053 133.6143
368 688 -0.9675 -1.9646 36.0788
400 688 -0.1832 -2.0807 83.3449
432 688  0.5560 -2.3015 135.6521
464 688  1.2361 -1.3208 19.8737
496 688  1.9839 -0.6030 27.5372
528 688  1.3700 -0.0427 89.4667
560 688  0.2029  0.0714 22.0687
592 688  0.3008  0.0396 11.9207
624 688  0.1761  0.9852 79.8130
656 688  0.0240  1.1432 56.3600
688 688  0.2235  0.8602 98.7186
720 688  0.2528 -0.3056 14.9812
752 688  0.0278 -0.8073 20.7597
784 688 -0.0932  0.5747 35.5809
816 688 -0.0870  1.2866 44.0738
848 688 -0.4986  0.7052 69.6486
880 688 -0.2023  0.2769 94.7244
912 688 -0.1578  0.5421 71.1834
944 688 -0.4380  0.5685 93.7924
976 688 -0.5543  0.2720 62.7946
1008 688 -0.3674  0.3054 73.4411
1040 688 -0.4131  0.3271 101.5639
1072 688 -0.1335  0.1048 66.8161
1104 688 -0.2127  0.1233 138.1882
1136 688 -0.3648  0.1337 163.1977
1168 688 -0.2709  0.1145 190.6981
 16 720 -0.1870 -0.0151 29.2407
 48 720 -0.4609 -0.0877 49.9469
 80 720 -0.1429 -0.0490 44.7992
112 720 -0.2600 -0.1863 196.5894
144 720 -0.7672 -0.5286 152.1288
176 720 -0.4634 -0.0749 93.3653
208 720 -1.0068 -0.7816 39.5867
240 720 -0.0203 -0.0008 14.5191
272 720 -1.0207 -0.9383 269.0663
304 720 -0.9411 -0.3279 133.9936
336 720 -1.0326 -1.3447 30.2591
368 720 -0.9104 -1.7510 60.2989
400 720 -0.6001 -3.1182 21.3448
432 720 -0.2692 -0.0478 19.6683
464 720 -0.7812  0.0208 11.5416
496 720  1.4020 -1.0969 59.7956
528 720  1.2766 -0.0072 172.8795
560 720  0.7694  0.2594 54.8840
592 720  0.5890  1.0005 51.9744
624 720  0.3772  0.8221 47.8595
656 720  0.2618  1.0315 73.9451
688 720  0.5117  0.7754 93.3703
720 720  0.7366 -0.0796 11.6873
752 720  0.2721 -1.2041 50.9876
784 720 -0.1812 -0.0523 28.9350
816 720 -0.4319  0.2857 15.0856
848 720 -0.1033  0.0723 11.9738
880 720 -0.1265  0.4663  8.6188
912 720 -0.1982  0.6498 40.4955
944 720 -0.1573  0.2302 30.7970
976 720 -0.6633  0.2989 100.5448
1008 720 -0.5589  0.1694 80.1714
1040 720 -0.3926  0.1298 49.3679
1072 720 -0.5205  0.0447 178.3097
1104 720 -0.0476  0.1409 253.2330
1136 720 -0.1090  0.2038 152.0315
1168 720 -0.3877  0.2290 124.2914
 16 752 -0.0903 -0.0211 89.1600
 48 752 -0.1409 -0.1882 55.4715
 80 752 -0.0760 -0.0506 167.2360
112 752 -0.3133 -0.2584 284.5730
144 752 -0.9038 -0.1186 175.3885
176 752 -0.5974 -0.5174 185.6713
208 752 -1.1792 -1.2954 83.8818
240 752 -0.8811 -0.8580 31.0761
272 752 -1.4195 -0.9763 66.7274
304 752 -1.0905 -0.5067 131.7662
336 752 -1.1149 -1.1572 75.0368
368 752 -1.1902 -1.7691 18.1082
400 752 -1.5874  0.0041 23.3843
432 752 -0.3946 -0.0060 10.4924
464 752 -0.2820  0.0555  5.4348
496 752 -0.3962 -0.6584 27.8095
528 752 -0.2860 -1.3308 57.2890
560 752  0.1197 -0.1055 47.2352
592 752  0.4676  1.1854 139.2018
624 752  0.2769  0.8974 15.2386
656 752  0.3998  0.8725 93.6612
688 752  0.3204 -0.0463 32.4804
720 752  0.6889 -0.0345 11.0916
752 752  0.0922 -1.0473 20.2767
784 752 -0.1435 -0.2377 37.0337
816 752 -0.1748  0.2161 15.1226
848 752 -0.2525 -0.0633 39.2426
880 752  0.0830  0.2179  9.5555
912 752  1.4494  0.1558  9.1689
944 752 -0.1994  0.6654 16.9545
976 752 -1.1223  0.2953 19.2329
1008 752 -0.8701  0.4493 130.1470
1040 752 -0.2749 -0.0380 34.1006
1072 752 -0.1769  0.2199 61.6292
1104 752 -0.1282  0.2878 83.3290
1136 752 -0.2311  0.1008 131.1887
1168 752 -0.2305  0.1731 147.3091
 16 784 -0.1498 -0.0247 46.6908
 48 784 -0.0486 -0.0206 172.1587
 80 784 -0.1291 -0.0503 112.2539
112 784 -0.1494 -0.1863 233.7421
144 784 -0.2156 -0.1333 143.0789
176 784 -0.1977 -0.3565 97.5826
208 784 -0.6523 -0.4361 23.5109
240 784 -1.2458 -0.7426 303.1169
272 784 -1.2693 -0.5789 44.4790
304 784 -1.5127 -1.4446 91.8144
336 784 -2.0568 -1.9987 11.1776
368 784 -0.0828  0.0759 23.0273
400 784 -0.3113  0.2422 12.5066
432 784 -0.2335  0.4335 11.9657
464 784 -0.2806  0.1806  4.1661
496 784 -0.4453  0.4732 11.9376
528 784 -1.1559 -2.0288 61.3997
560 784 -1.1003 -1.0207 161.7340
592 784 -0.1073  0.8446 181.5043
624 784 -0.0292  0.3673 68.1510
656 784  0.3022  0.1208 78.7293
688 784  0.0618  0.0069 17.6626
720 784  0.4761 -0.4150 21.9327
752 784  0.1334 -0.7760 17.7448
784 784 -0.0509 -0.5053 18.2904
816 784 -0.0111 -0.5722 34.9572
848 784 -0.2701 -0.1595 51.9003
880 784  0.0387  0.0368 11.1073
912 784  0.0355  0.2340 14.7840
944 784 -0.1363  0.0529 16.0625
976 784 -0.7400  0.1879 19.6240
1008 784 -0.9858  0.3779 91.2399
1040 784 -1.0446  0.2504 91.0378
1072 784 -0.5615  0.4409 134.3816
1104 784 -0.5363  0.0610 73.1221
1136 784 -0.1599  0.1403 138.1073
1168 784 -0.2436  0.1031 91.8500
 16 816 -0.0125 -0.0232 43.7218
 48 816 -0.1804 -0.0508 77.2574
 80 816 -0.0695  0.0122 14.3128
112 816 -0.1332 -0.0754 179.7589
144 816 -0.2012 -0.1836 241.0655
176 816 -0.2143 -0.0266 16.9487
208 816 -0.3568 -0.0666 16.2240
240 816 -1.0975 -0.6039 44.2659
272 816 -1.6663 -1.1948 29.8857
304 816 -1.8890 -1.4608 37.0203
336 816 -2.7966 -2.0075 28.9155
368 816 -1.3578 -0.8624 17.6315
400 816 -0.0862  0.1218 10.5751
432 816 -0.2832  0.1542 13.6422
464 816 -0.2992  0.2367  7.9731
496 816 -0.1302  0.0855  4.6659
528 816 -0.0405  0.0637 127.6023
560 816 -1.1098 -0.9115 69.8828
592 816 -0.2381  0.0046 217.3843
624 816 -0.2860 -0.0354 118.9355
656 816  0.2185  0.2839 107.8828
688 816  0.1020 -0.1023 24.4897
720 816  0.1433 -0.2095 10.7125
752 816 -0.0500  0.0051 12.0271
784 816  0.0132 -0.2420 13.4138
816 816  0.0351 -0.1722 12.0512
848 816  0.0205  0.0265 12.0707
880 816  0.1320  0.0552  8.4963
912 816 -0.0426 -0.0900 10.5270
944 816 -0.1426  0.0581 12.4231
976 816 -0.2819  0.0196  8.8645
1008 816 -1.1136 -0.0069 10.5441
1040 816 -0.6807  0.2305 34.6161
1072 816 -0.6018  0.2986 56.6515
1104 816 -0.5023  0.1766 81.9215
1136 816 -0.2339  0.2171 72.2147
1168 816 -0.3137  0.0896 139.1106
 16 848 -0.0109 -0.0006 99.9989
 48 848 -0.0157 -0.0124 223.5718
 80 848 -0.0933 -0.0044 89.1918
112 848 -0.0778 -0.0604 296.2915
144 848 -0.5931 -0.0425 84.5779
176 848 -0.1559 -0.0966 189.8663
208 848 -0.6266 -0.0973 97.5548
240 848 -0.9819 -0.1388 99.2062
272 848 -1.3213 -0.2818 84.4166
304 848 -0.0253  0.0263 10.1206
336 848  0.0464 -2.6160 37.0438
368 848  0.1952 -1.5240  9.8792
400 848  0.2889 -0.2961 12.4981
432 848 -0.0898 -0.0140 13.1145
464 848 -0.1837 -0.0677  8.4708
496 848 -0.1050  0.0082  4.8573
528 848 -0.0196  0.0079 28.5202
560 848 -0.0749 -0.3577 49.7488
592 848 -0.0019 -0.0563 46.0693
624 848 -0.0917 -0.3106 69.6388
656 848  0.0571 -0.0823 27.5641
688 848  0.1176  0.0119 11.7565
720 848 -0.0116 -0.0026 11.2260
752 848  0.0057  0.0425  9.6743
784 848 -0.0512 -0.4466 11.2900
816 848 -0.0353 -0.4986 18.9396
848 848  0.0216 -0.0144 14.0316
880 848  0.0009 -0.0059 10.2370
912 848  0.0672 -0.0579  9.5508
944 848 -0.0086 -0.0536 16.6573
976 848 -1.3618 -0.1894  9.4896
1008 848 -0.1134 -0.2359  9.1728
1040 848 -0.7598  0.3500 29.1909
1072 848 -1.0740  0.2482 39.0522
1104 848 -0.4801  0.1380 84.7450
1136 848 -0.3763  0.0819 66.9615
1168 848 -0.1497  0.1428 111.3783
 16 880  0.0237  0.0173 25.9797
 48 880  0.0074  0.0104 96.6147
 80 880 -0.0279 -0.0208 132.7385
112 880 -0.0533 -0.0004 84.2292
144 880 -0.0543 -0.0116 56.8692
176 880 -0.0728 -0.0015 455.0135
208 880 -0.3849  0.0654 147.5457
240 880 -1.1582  0.0320 32.6506
272 880 -1.5212  0.1941 18.1189
304 880  0.2038 -3.8755 55.4374
336 880  0.0562 -0.9952  5.9353
368 880  0.1712 -0.4473  8.1095
400 880  0.2583 -0.3824  8.7806
432 880  0.1305 -0.1039  8.5582
464 880 -0.0156 -0.1081  8.4579
528 880  0.0486 -0.0457 16.4706
560 880  0.0799 -0.0616 13.1297
592 880  0.1091  0.0032  7.2001
624 880  0.0387 -0.0084 31.6423
656 880  0.0235  0.0018 12.4213
688 880  0.0367  0.0272 10.6149
720 880  0.0012 -0.0050 20.1354
752 880  0.0029 -0.1018 16.6617
784 880 -0.0134 -0.0068 15.3919
816 880  0.0286  0.0008 10.5191
848 880  0.0025  0.0135 17.1057
880 880 -0.0540 -0.0094 18.7998
912 880 -0.0329 -0.0361 12.9157
944 880 -0.1926 -0.1157  9.2947
976 880 -0.4262 -0.1162  9.7041
1008 880 -0.8086  0.0896 33.4072
1040 880 -0.7296  0.1190 93.0699
1072 880 -0.6582  0.2629 132.1109
1104 880 -0.8659  0.1799 64.1371
1136 880 -0.4100  0.1987 139.0897
1168 880 -0.6295  0.2477 49.8843
 16 912 -0.0051 -0.0092 21.5586
 48 912  0.0185  0.0602 76.8244
 80 912 -0.0246 -0.0014 134.6024
112 912 -0.0278  0.0295 231.3055
144 912 -0.0774  0.0032 125.7713
176 912 -0.1545  0.0616 32.3741
208 912 -0.0538  0.2270 78.5950
240 912 -0.8232  0.4834 39.9589
272 912 -1.1242  0.8201 121.0270
304 912  0.0032 -0.1159 15.1083
336 912  0.3617 -2.6007 10.5580
368 912  0.2176 -0.5000  5.5220
528 912  0.0458 -0.0365  4.5905
560 912  0.0592 -0.0129  5.7795
592 912  0.0176  0.0188  4.1207
624 912 -0.0026  0.0041  8.2415
656 912  0.0417  0.0202  6.3993
688 912 -0.0523  0.0181  6.5120
720 912  0.0116 -0.0058 10.1598
752 912 -0.0508 -0.0075  7.4385
784 912  0.0063  0.0077 17.0182
816 912  0.0134  0.0090  5.0486
848 912 -0.0535  0.0546  8.1342
880 912 -0.0025  0.0117 12.2724
912 912 -0.0328 -0.0661 15.9422
944 912 -0.2593 -0.0257 11.0356
976 912 -0.9234 -0.1008 70.1923
1008 912 -0.4009 -0.1498 29.2687
1040 912 -0.8984  0.0627 67.7172
1072 912 -0.9146  0.0751 58.3733
1104 912 -0.7200  0.1298 51.3666
1136 912 -0.6183  0.2409 99.4398
1168 912 -0.4491  0.0314 104.6108
 16 944  0.0255  0.0240 81.2062
 48 944 -0.0049 -0.0033 16.2271
 80 944  0.0085  0.0580 207.7819
112 944  0.0502  0.0507 354.0451
144 944  0.0504  0.0220 31.4849
176 944 -0.0183  0.1627 323.3771
208 944 -0.0292  0.1215 73.9248
240 944 -0.1239  0.2718 270.5155
272 944 -0.1249  0.6198 61.3071
304 944 -0.4687 -0.1080 24.1043
336 944  0.1298 -0.2571 16.7266
368 944 -0.1889  0.1220 12.7583
400 944  0.3962 -0.4649  7.9761
432 944 -0.0199 -0.4083  5.6279
464 944 -0.1006 -0.3168  6.6582
496 944  0.0093 -0.0662  7.3671
528 944  0.0331 -0.0299  4.1839
624 944 -0.0289  0.0127  4.9435
656 944  0.0913  0.0265  4.5441
688 944 -0.0487 -0.0020  5.7730
720 944  0.0067  0.0001  5.7373
752 944 -0.0176  0.0372  4.6893
784 944  0.0207  0.0207  4.2823
816 944 -0.0146  0.0088  4.8631
848 944 -0.0187 -0.0349 15.5662
880 944 -0.1071 -0.0337 13.4725
912 944 -0.1219 -0.0505 20.2298
944 944 -0.3420 -0.2084 84.1035
976 944 -0.2215 -0.2750 182.6221
1008 944 -0.8744 -0.2789 97.2395
1040 944 -0.6515 -0.0801 32.4122
1072 944 -0.8408  0.1209 48.9908
1104 944 -0.6692  0.0651 153.9968
1136 944 -0.4808  0.0101 57.8928
1168 944 -0.7857  0.0836 43.5069
 16 976  0.0805 -0.0019 60.0567
 48 976 -0.0069 -0.0046 14.3582
 80 976  0.0396  0.0271 82.2404
112 976  0.0198  0.0449 139.9595
144 976  0.0570  0.0422 18.0169
176 976  0.1189  0.0921 74.7159
208 976  0.0241  0.0794 161.9032
240 976  0.0546  0.4141 73.1006
272 976  0.1893  0.4030 72.7987
304 976  0.1451 -0.0310 65.8672
336 976 -0.1300 -1.1612 45.7021
368 976 -0.9692 -1.8490 56.5223
400 976 -0.1087 -0.2281 15.7659
432 976 -1.3460 -0.8966 23.2763
464 976 -0.0036  0.0022 35.1972
496 976  0.0584 -0.0303  9.0901
528 976  0.0438 -0.0206  4.7892
688 976  0.0036  0.0085  4.1860
784 976  0.0063  0.0042  4.4415
816 976 -0.0052  0.0051 14.9770
848 976 -0.3498 -0.4626 93.7949
880 976 -0.3382 -0.4410 62.7003
912 976 -0.3593 -0.3434 141.8244
944 976 -0.6143 -0.3724 34.8163
976 976 -0.6280 -0.3180 106.9055
1008 976 -0.6284 -0.2487 65.6306
1040 976 -0.8252 -0.1159 54.3444
1072 976 -0.6623  0.0571 22.9989
1104 976 -0.5540  0.1014 55.4636
1136 976 -0.5958  0.0664 108.0540
1168 976 -0.1483  0.0221 85.6570
 16 1008  0.0283 -0.0223 22.1768
 48 1008  0.0408  0.0732 120.7370
 80 1008  0.0412  0.1274 44.9729
112 1008  0.1273  0.0487 144.1619
144 1008  0.0519  0.0600 184.5568
176 1008  0.0809  0.0635 196.9908
208 1008  0.0110 -0.0010 27.0741
240 1008  0.4693  0.1468 46.4403
272 1008  0.3732  0.1392 270.4292
304 1008  0.4580  0.1615 66.4979
336 1008  0.2130 -0.7671 23.1828
368 1008  0.1067 -1.5085 170.2704
400 1008 -0.7009 -1.9508 38.0921
432 1008 -0.5118 -1.0206 18.0019
464 1008 -0.6823 -1.1914 16.9443
496 1008  0.0039 -0.0025 20.3925
528 1008  0.0313 -0.0052 11.5889
560 1008  0.0283 -0.0781  6.2449
752 1008 -0.0321  0.0890  4.0756
784 1008 -0.0077  0.0085  6.4883
816 1008 -0.0087  0.0100 25.2527
848 1008 -0.1947 -0.2873 17.7814
880 1008 -0.2159 -0.1820 69.4652
912 1008 -0.4007 -0.2943 28.4436
944 1008 -0.6527 -0.4025 23.3442
976 1008 -0.3782 -0.3330 42.8843
1008 1008 -0.6550 -0.2427 44.5525
1040 1008 -0.7938 -0.0936 48.0455
1072 1008 -0.6293 -0.0106 74.4607
1104 1008 -0.4432 -0.0207 24.7421
1136 1008 -0.8556  0.0885 147.5002
1168 1008 -0.2759 -0.0769 82.4999
 16 1040  0.0808  0.0274 115.9763
 48 1040  0.0291 -0.0110 22.4514
 80 1040  0.1207  0.0242 155.1471
112 1040  0.0330 -0.0053 25.8003
144 1040  0.0634  0.0488 177.6841
176 1040  0.1157  0.0736 190.7127
208 1040  0.0740  0.0502 46.5960
240 1040  0.0714 -0.0169 162.5035
272 1040  0.2175 -0.0370 89.6311
304 1040  0.6903 -0.2411 81.2078
336 1040  0.6210 -0.5596 47.9511
368 1040  0.3697 -0.8676 42.5492
400 1040  0.0653 -0.3158 12.9435
432 1040 -0.2870 -1.0780 45.6564
464 1040 -0.0130 -0.0226 25.0933
496 1040 -0.0038  0.0084 17.3777
528 1040 -0.0009  0.0063 11.5499
560 1040  0.0074  0.0074 12.5093
592 1040  0.0478 -0.0296  5.8057
752 1040 -0.0033 -0.0084  5.5592
784 1040  0.0077 -0.0144 15.5818
816 1040 -0.0083 -0.0315 31.3753
848 1040 -0.1196 -0.1467 38.1244
880 1040 -0.3330 -0.1974 21.0325
912 1040 -0.5173 -0.0243 22.8832
944 1040 -0.5580 -0.0870 49.8259
976 1040 -0.6189 -0.2460 122.5677
1008 1040 -0.5451 -0.0726 26.5733
1040 1040 -0.6247 -0.0339 51.3742
1072 1040 -0.4362 -0.1526 43.1076
1104 1040 -0.1708 -0.1499 30.0805
1136 1040 -0.2480 -0.2153 46.6292
1168 1040 -0.3429 -0.1546 55.8736
 16 1072  0.0533 -0.0033 190.8005
 48 1072  0.0790  0.0133 124.9393
 80 1072  0.0405  0.0388 244.5125
112 1072  0.1415  0.0147 120.1809
144 1072  0.1477  0.0144 70.2099
176 1072  0.1645 -0.0035 32.0518
208 1072  0.1569  0.0081 57.3889
240 1072  0.4544 -0.0051 170.8235
272 1072  0.4305 -0.1389 57.0451
304 1072  0.4446 -0.2003 60.5743
336 1072  0.3821 -0.1656 25.5826
368 1072  0.1462 -0.1426 33.5462
400 1072  0.0033 -0.2865 15.2004
432 1072  0.0042 -0.7452 33.5664
464 1072 -0.0028  0.0193  9.0323
496 1072 -0.0017 -0.0086 13.6452
528 1072  0.0005  0.0332 11.3120
560 1072  0.0004 -0.0877  8.1628
592 1072 -0.0224 -0.0464  9.5683
624 1072 -0.0583 -0.0628  5.3128
656 1072 -0.0263 -0.0810  4.7257
752 1072 -0.0078  0.0078  4.2279
784 1072 -0.0279  0.0213  7.3136
816 1072 -0.0163  0.0173 12.9577
848 1072 -0.0159 -0.0047 27.5332
880 1072 -0.0594 -0.0315 19.6621
912 1072 -0.1932 -0.1119 21.8587
944 1072 -0.0820 -0.0407 57.9200
976 1072 -0.3351 -0.0622 28.8905
1008 1072 -0.4569 -0.1131 26.3861
1040 1072 -0.3115 -0.1772 36.0923
1072 1072 -0.3786  0.0065 125.3684
1104 1072 -0.2970 -0.0150 16.5198
1136 1072 -0.1925 -0.0551 27.1125
1168 1072 -0.1778 -0.1657 53.3014
 16 1104  0.0177  0.0381 19.9857
 48 1104  0.1687  0.0090 98.6955
 80 1104  0.0296  0.0641 45.9231
112 1104  0.0365  0.0258 146.3733
144 1104  0.0318  0.0122 88.6035
176 1104  0.0659 -0.0054 107.5600
208 1104  0.1800 -0.0162 107.6606
240 1104  0.1907 -0.0650 135.9653
272 1104  0.1440 -0.1193 84.1721
304 1104  0.3574 -0.2328 87.3757
336 1104  0.5200 -0.2084 138.7548
368 1104  0.0289 -0.0047 18.1330
400 1104  0.0192 -0.0738 16.2141
432 1104  0.0374 -0.4329 29.7219
464 1104 -0.0138  0.0081 19.0708
496 1104 -0.0116  0.0016 14.4061
528 1104 -0.0125 -0.0512 11.2287
560 1104 -0.0323 -0.0461 13.2460
592 1104  0.0128  0.0012 10.3508
624 1104 -0.0181 -0.0431 10.9778
656 1104 -0.0442 -0.0190  8.6957
688 1104  0.0918 -0.0653  6.0306
848 1104 -0.0023 -0.0054  5.1194
880 1104 -0.0405  0.0188  6.3176
912 1104 -0.0166  0.0279 12.5336
944 1104  0.0081  0.0256 14.1424
976 1104 -0.0508  0.0291  9.1081
1008 1104 -0.0417  0.0088 19.7304
1040 1104 -0.0373  0.0089 30.1462
1072 1104 -0.1295 -0.0426 19.5352
1104 1104 -0.1863 -0.0142 19.0612
1136 1104 -0.1125 -0.0771 14.7019
1168 1104 -0.2033 -0.0961 36.0886
 16 1136 -0.0156 -0.0189 15.1942
 48 1136  0.0411  0.0346 47.1987
 80 1136  0.1155  0.0123 80.3495
112 1136  0.0580  0.0095 74.9515
144 1136  0.0703 -0.0070 106.3200
176 1136  0.2414 -0.0473 123.6669
208 1136  0.0777 -0.0323 150.3439
240 1136  0.0616 -0.0403 141.4562
272 1136  0.2002 -0.1571 56.9606
304 1136  0.1157 -0.2161 415.3311
336 1136  0.5171 -0.2077 82.5252
368 1136  0.0829 -0.2703 42.7160
400 1136  0.0921 -0.2105 32.3059
432 1136  0.0432 -0.0425 13.9043
464 1136  0.0640 -0.1330 21.2085
496 1136 -0.0145 -0.0111 13.4634
528 1136 -0.0183 -0.0118 16.1060
560 1136 -0.0039  0.0085 10.7078
592 1136 -0.0196 -0.0380 13.4493
624 1136 -0.0069 -0.0093 14.0018
656 1136 -0.0078 -0.0194 17.4930
688 1136  0.0248  0.0168 12.9172
720 1136 -0.0134 -0.0734  6.7206
752 1136  0.0375 -0.0536  5.7417
784 1136 -0.0266 -0.0786  5.6774
816 1136 -0.0227 -0.0264 10.2906
848 1136  0.0231 -0.0121 10.7423
880 1136  0.0438 -0.0593  4.3256
976 1136 -0.0356  0.0000  4.3134
1008 1136 -0.0107 -0.0152  5.1582
1040 1136 -0.0374  0.0072  4.8327
1072 1136 -0.0081  0.0321  5.5843
1104 1136 -0.0397  0.0260  8.7516
1136 1136  0.0039  0.0082  9.9431
1168 1136 -0.0449  0.0354 20.2281
 16 1168  0.0543  0.0079 17.9141
 48 1168  0.0191 -0.0081 23.7484
 80 1168  0.0670  0.0028 33.9348
112 1168  0.1753 -0.0294 40.2442
144 1168  0.0591 -0.0071 131.0600
176 1168  0.1013 -0.0089 105.7184
208 1168  0.1066 -0.0204 30.1555
240 1168  0.0961 -0.0491 86.6913
272 1168  0.0892 -0.0999 114.1695
304 1168  0.0676 -0.1632 189.7142
336 1168  0.0401 -0.1407 140.0460
368 1168  0.0216 -0.1412 35.8005
400 1168  0.0690 -0.0698 29.1785
432 1168  0.0157 -0.1650 53.5474
464 1168  0.0158 -0.2185 19.2002
496 1168 -0.0310  0.0235 12.3693
528 1168 -0.0164 -0.0009 19.2699
560 1168 -0.0118  0.0022 12.8266
592 1168 -0.0392  0.0229 10.8639
624 1168  0.0254 -0.0173 15.4630
656 1168  0.0224  0.0081 13.2999
688 1168  0.0038  0.0065 11.5710
720 1168 -0.0128 -0.0042 12.4061
752 1168 -0.0115  0.0322 11.5703
784 1168 -0.0663 -0.0476  9.0472
816 1168  0.0275  0.0107 13.8128
848 1168  0.0424 -0.0030 15.2284
880 1168 -0.0239 -0.0045 13.9572
912 1168  0.0178 -0.0208 12.0184
944 1168  0.0310 -0.0624  6.0883
976 1168 -0.0150 -0.0549  4.8973
1104 1168 -0.0092  0.0339  4.3115
1136 1168 -0.0063 -0.0116  4.6870
1168 1168 -0.0072  0.0082  4.7103
 16 1200  0.0279  0.0064 25.9798
 48 1200  0.0272  0.0415 20.6223
 80 1200 -0.0023  0.0057 15.3358
112 1200  0.0334  0.0091 87.8587
144 1200  0.0330  0.0263 33.5021
176 1200  0.1181 -0.0206 187.8777
208 1200  0.0702 -0.0519 300.9015
240 1200  0.0989 -0.0178 61.6663
272 1200  0.0864 -0.0555 110.9426
304 1200  0.0945 -0.1962 244.1063
336 1200  0.0707 -0.2229 92.1393
368 1200  0.2464 -0.1643 251.9706
400 1200  0.0210 -0.0288 15.2640
432 1200  0.0502 -0.1931 45.5443
464 1200  0.0202 -0.0704 12.6243
496 1200 -0.0017 -0.0319 20.5208
528 1200 -0.0140  0.0152 21.9962
560 1200  0.0330  0.0129 14.4697
592 1200 -0.0106  0.0267 14.4141
624 1200 -0.0200 -0.1222 27.0021
656 1200  0.0064 -0.0324 16.6534
688 1200  0.0615 -0.0310 14.5014
720 1200 -0.0196 -0.0021 17.6742
752 1200 -0.0275  0.0112 16.3962
784 1200 -0.0495  0.0618 10.9525
816 1200  0.0024  0.0247 11.8930
848 1200 -0.0133 -0.0015 10.6460
880 1200 -0.0237  0.0129 14.4119
912 1200 -0.0185 -0.0028 17.7954
944 1200  0.0026 -0.0161 15.3245
976 1200 -0.0235 -0.0071 14.9993
1008 1200 -0.0169 -0.0173 12.0992
1040 1200  0.0097 -0.0260  8.9365
1072 1200  0.0206 -0.1117  6.7692
1104 1200  0.0229 -0.1189  5.2723
1136 1200 -0.0275 -0.0659  4.7472
1168 1200  0.0013 -0.1185  4.5259
 16 1232 -0.0246  0.0023 11.3326
 48 1232  0.0798 -0.0018 44.6621
 80 1232  0.0490 -0.0215 106.2197
112 1232  0.0176 -0.0131 25.0080
144 1232  0.0458 -0.0609 208.5720
176 1232  0.0390 -0.0083 168.8882
208 1232  0.0468 -0.0523 128.8616
240 1232  0.0329 -0.0196 38.9804
272 1232  0.0368 -0.1188 76.6254
304 1232  0.0535 -0.1120 215.4339
336 1232  0.0526 -0.2618 156.0558
368 1232  0.0094 -0.0871 52.3688
400 1232  0.0563 -0.1524 80.3679
432 1232  0.0181 -0.0270 22.6725
464 1232 -0.0003 -0.0167 22.7915
496 1232  0.0006  0.0155 18.0961
528 1232  0.0095 -0.0165 11.4125
560 1232  0.0151  0.0140 21.2808
592 1232 -0.0215 -0.0031 20.2554
624 1232 -0.0050 -0.0404 14.6758
656 1232 -0.0258  0.0110 12.0305
688 1232  0.0045 -0.0247 11.9467
720 1232 -0.0056  0.0079 13.5028
752 1232  0.0235 -0.0037 18.6476
784 1232 -0.0666  0.0148 14.1951
816 1232 -0.0057  0.0113 20.7581
848 1232 -0.0267  0.0258 12.4490
880 1232  0.0118 -0.0274 12.1252
912 1232 -0.0449  0.0270 12.9293
944 1232  0.0295 -0.0142 14.1293
976 1232 -0.0269  0.0595 14.7686
1008 1232  0.0369 -0.0109 15.5049
1040 1232 -0.0161  0.0046 14.0810
1072 1232 -0.0076 -0.0271 12.0486
1104 1232 -0.0582 -0.0044 12.7273
1136 1232 -0.0047 -0.0041 11.5692
1168 1232 -0.0250  0.0050 12.6317
 16 1264  0.0758  0.0321 81.2655
 48 1264 -0.0326 -0.0305 119.4842
 80 1264  0.0690 -0.0174 212.8497
112 1264  0.0553 -0.0012 75.7371
144 1264  0.0017 -0.0140 141.9493
176 1264  0.0681 -0.0435 81.8216
208 1264  0.1034 -0.0618 39.0874
240 1264  0.0227 -0.0350 117.9814
272 1264  0.0405 -0.0355 45.7414
304 1264  0.0508 -0.0563 225.5092
336 1264  0.0647 -0.0847 73.0225
368 1264  0.0505 -0.0404 114.9892
400 1264  0.1062 -0.0861 75.7840
432 1264  0.0349 -0.1465 23.3785
464 1264 -0.0308  0.0281 10.5217
496 1264  0.0179  0.0011 10.6911
528 1264 -0.0138  0.0092 11.5109
560 1264  0.0085  0.0141 16.1022
592 1264 -0.0126  0.0252 11.6440
624 1264 -0.0155  0.0147 18.7281
656 1264 -0.0068  0.0396 14.6715
688 1264  0.0040  0.0034 11.8757
720 1264 -0.0207 -0.0042 12.7742
752 1264 -0.0126 -0.0146 22.5319
784 1264  0.0662 -0.0156 11.2470
816 1264  0.0061 -0.0300 17.7630
848 1264 -0.0225  0.0014 13.1116
880 1264  0.0063  0.0908 10.5756
912 1264 -0.0034 -0.0060 10.4813
944 1264 -0.0528  0.0405 11.8564
976 1264 -0.0010 -0.0380  9.1884
1008 1264  0.0009  0.0405 11.2143
1040 1264  0.0112 -0.0415 11.6420
1072 1264 -0.0201 -0.0199 10.3618
1104 1264 -0.0005 -0.0074  9.7034
1136 1264  0.0531  0.0206  9.8134
1168 1264  0.1221 -0.0049 13.7260
 16 1296 -0.0026 -0.0054 19.6259
 48 1296  0.0202  0.0138 22.1858
 80 1296  0.0053 -0.0192 32.1019
112 1296  0.0080 -0.0143 59.6351
144 1296  0.0042 -0.0150 60.4970
176 1296  0.0402 -0.0147 120.6848
208 1296  0.0590 -0.0593 117.7995
240 1296  0.0150 -0.1647 32.2424
272 1296  0.0322 -0.0816 51.9230
304 1296  0.0315 -0.0490 18.3551
336 1296  0.0933 -0.1014 245.9030
368 1296  0.0250 -0.0272 37.0454
400 1296 -0.0112 -0.0295 49.2456
432 1296  0.0028 -0.0189 23.5151
464 1296  0.0248 -0.0524 33.0351
496 1296  0.0269  0.0013 21.7689
528 1296  0.0166  0.0169 12.7397
560 1296  0.0325  0.0043 22.9508
592 1296 -0.0194 -0.0020 14.4965
624 1296 -0.0113 -0.0097 14.9645
656 1296 -0.0324 -0.0851 20.6334
688 1296 -0.0073  0.0227 11.8484
720 1296  0.0017 -0.0008 14.0653
752 1296  0.0398 -0.0227 15.7716
784 1296 -0.0082  0.0037 10.9347
816 1296  0.0075 -0.0243  9.8408
848 1296  0.0083 -0.0337 10.9123
880 1296 -0.0059 -0.0063 11.5925
912 1296 -0.0347 -0.0282 11.5003
944 1296  0.0181 -0.0272 12.7781
976 1296  0.0397 -0.0712 11.1097
1008 1296 -0.0131  0.0319  9.0900
1040 1296 -0.0103 -0.0339  8.3984
1072 1296 -0.0606 -0.0365  9.5531
1104 1296  0.0628  0.0480 11.4238
1136 1296  0.0293  0.0078  9.4620
1168 1296 -0.0185 -0.0213  9.3782
  0   0 -0.0195 -0.0176  0.0000
  0   0  0.0164 -0.0091  0.0000
  0   0  0.0687  0.0099  0.0000
  0   0  0.1112  0.0015  0.0000
  0   0  0.0571 -0.0001  0.0000
  0   0  0.0523 -0.0002  0.0000
  0   0  0.0364 -0.0248  0.0000
  0   0  0.0291 -0.0373  0.0000
  0   0  0.0233 -0.0508  0.0000
  0   0  0.0445 -0.0679  0.0000
  0   0  0.0465 -0.1171  0.0000
  0   0  0.0231 -0.1791  0.0000
  0   0  0.0266 -0.1409  0.0000
  0   0  0.0259 -0.1075  0.0000
  0   0  0.0439 -0.1071  0.0000
  0   0  0.0061 -0.0583  0.0000
  0   0 -0.0269 -0.0362  0.0000
  0   0 -0.0289 -0.0176  0.0000
  0   0 -0.0186 -0.0150  0.0000
  0   0 -0.0110  0.0226  0.0000
  0   0 -0.0253  0.1190  0.0000
  0   0 -0.0076  0.0707  0.0000
  0   0 -0.0238  0.0195  0.0000
  0   0 -0.0248 -0.0224  0.0000
  0   0 -0.0274 -0.0705  0.0000
  0   0 -0.0080 -0.0323  0.0000
  0   0  0.0115 -0.0390  0.0000
  0   0  0.0332 -0.0495  0.0000
  0   0  0.0132 -0.0411  0.0000
  0   0  0.0132 -0.0505  0.0000
  0   0  0.0086 -0.0522  0.0000
  0   0 -0.0079 -0.0395  0.0000
  0   0 -0.0248 -0.0499  0.0000
  0   0  0.0067 -0.0580  0.0000
  0   0  0.0230 -0.0765  0.0000
  0   0 -0.0027 -0.0359  0.0000
  0   0 -0.0088 -0.0496  0.0000
  0   0 -0.0176 -0.0381  0.0000
  0   0  0.0403  0.0145  0.0000
  0   0  0.0304  0.0039  0.0000
  0   0  0.0030 -0.0078  0.0000
  0   0  0.0061 -0.0071  0.0000
  0   0  0.0370 -0.0009  0.0000
  0   0  0.0780  0.0082  0.0000
  0   0  0.1058  0.0052  0.0000
  0   0  0.0913 -0.0011  0.0000
  0   0  0.0816 -0.0131  0.0000
  0   0  0.0675 -0.0380  0.0000
  0   0  0.0558 -0.0632  0.0000
  0   0  0.0476 -0.0906  0.0000
  0   0  0.0498 -0.1223  0.0000
  0   0  0.0436 -0.1651  0.0000
  0   0  0.0279 -0.2005  0.0000
  0   0  0.0205 -0.1867  0.0000
  0   0  0.0132 -0.1589  0.0000
  0   0  0.0075 -0.1335  0.0000
  0   0 -0.0195 -0.0903  0.0000
  0   0 -0.0468 -0.0535  0.0000
  0   0 -0.0592 -0.0211  0.0000
  0   0 -0.0614  0.0062  0.0000
  0   0 -0.0603  0.0441  0.0000
  0   0 -0.0553  0.2072  0.0000
  0   0 -0.0404  0.1220  0.0000
  0   0 -0.0380  0.0414  0.0000
  0   0 -0.0324 -0.0249  0.0000
  0   0 -0.0231 -0.0727  0.0000
  0   0 -0.0038 -0.0776  0.0000
  0   0  0.0166 -0.0834  0.0000
  0   0  0.0313 -0.0865  0.0000
  0   0  0.0259 -0.0817  0.0000
  0   0  0.0199 -0.0808  0.0000
  0   0  0.0098 -0.0784  0.0000
  0   0 -0.0047 -0.0740  0.0000
  0   0 -0.0138 -0.0798  0.0000
  0   0 -0.0014 -0.0877  0.0000
  0   0  0.0076 -0.0940  0.0000
  0   0  0.0008 -0.0774  0.0000
  0   0 -0.0008 -0.0686  0.0000
  0   0  0.0034 -0.0473  0.0000
  0   0  0.0279 -0.0126  0.0000
  0   0  0.0295 -0.0020  0.0000
  0   0  0.0229  0.0013  0.0000
  0   0  0.0318  0.0059  0.0000
  0   0  0.0583  0.0114  0.0000
  0   0  0.0913  0.0152  0.0000
  0   0  0.1151  0.0112  0.0000
  0   0  0.1176 -0.0004  0.0000
  0   0  0.1116 -0.0213  0.0000
  0   0  0.0990 -0.0529  0.0000
  0   0  0.0844 -0.0905  0.0000
  0   0  0.0707 -0.1317  0.0000
  0   0  0.0602 -0.1745  0.0000
  0   0  0.0467 -0.2154  0.0000
  0   0  0.0298 -0.2414  0.0000
  0   0  0.0144 -0.2364  0.0000
  0   0 -0.0016 -0.2106  0.0000
  0   0 -0.0198 -0.1734  0.0000
  0   0 -0.0461 -0.1247  0.0000
  0   0 -0.0729 -0.0747  0.0000
  0   0 -0.0929 -0.0266  0.0000
  0   0 -0.1062  0.0194  0.0000
  0   0 -0.1158  0.0677  0.0000
  0   0 -0.0827  0.2867  0.0000
  0   0 -0.0674  0.1650  0.0000
  0   0 -0.0548  0.0521  0.0000
  0   0 -0.0409 -0.0395  0.0000
  0   0 -0.0223 -0.1004  0.0000
  0   0  0.0016 -0.1273  0.0000
  0   0  0.0249 -0.1344  0.0000
  0   0  0.0394 -0.1308  0.0000
  0   0  0.0394 -0.1217  0.0000
  0   0  0.0292 -0.1128  0.0000
  0   0  0.0132 -0.1065  0.0000
  0   0 -0.0031 -0.1050  0.0000
  0   0 -0.0117 -0.1109  0.0000
  0   0 -0.0086 -0.1196  0.0000
  0   0 -0.0025 -0.1233  0.0000
  0   0  0.0005 -0.1137  0.0000
  0   0  0.0047 -0.0936  0.0000
  0   0  0.0129 -0.0632  0.0000
  0   0  0.0246 -0.0290  0.0000
  0   0  0.0305 -0.0043  0.0000
  0   0  0.0353  0.0111  0.0000
  0   0  0.0501  0.0210  0.0000
  0   0  0.0776  0.0276  0.0000
  0   0  0.1105  0.0297  0.0000
  0   0  0.1371  0.0240  0.0000
  0   0  0.1490  0.0076  0.0000
  0   0  0.1466 -0.0216  0.0000
  0   0  0.1333 -0.0637  0.0000
  0   0  0.1141 -0.1159  0.0000
  0   0  0.0935 -0.1737  0.0000
  0   0  0.0733 -0.2305  0.0000
  0   0  0.0527 -0.2775  0.0000
  0   0  0.0313 -0.3039  0.0000
  0   0  0.0090 -0.3019  0.0000
  0   0 -0.0151 -0.2731  0.0000
  0   0 -0.0422 -0.2244  0.0000
  0   0 -0.0727 -0.1633  0.0000
  0   0 -0.1034 -0.0976  0.0000
  0   0 -0.1307 -0.0325  0.0000
  0   0 -0.1537  0.0304  0.0000
  0   0 -0.1741  0.0923  0.0000
