VARIABLES= "X pix", "Y pix", "U pix/dt", "V pix/dt", "CHC", ZONE I=37, J=41
304  16 -0.2117 -0.1180 59.5809
336  16 -0.1413 -0.0971 18.9118
368  16 -0.1232 -0.0925 24.6753
400  16 -0.1264 -0.0673 88.5845
496  16 -0.1067 -0.0956 89.0435
528  16 -0.1120 -0.0883 39.0095
560  16 -0.0863 -0.0778 40.9600
592  16 -0.0673 -0.0596 50.5679
624  16 -0.0566 -0.0469 54.6133
656  16 -0.0511  0.0217 46.5454
688  16 -0.0570  0.0694 273.0666
304  48 -0.0779  0.0982 52.5128
336  48 -0.0658  0.0549 29.4676
368  48 -0.0009  0.0313 110.7027
496  48  0.0497  0.0064 71.8596
528  48  0.0824 -0.0082 27.3067
560  48  0.0131  0.0127 37.2269
592  48 -0.4282  0.1083 387.4592
688  48 -0.3723  0.0953 227.5554
720  48 -0.2090  0.0385 29.2571
752  48 -0.0948 -0.0844 35.0085
784  48 -0.0399 -0.2421 33.3008
816  48  0.0000 -0.3782 220.2150
304  80  0.0145 -0.2356 49.3494
336  80  0.0179 -0.0992 30.7970
368  80 -0.0072 -0.0558 50.5679
400  80 -0.0001 -0.0372 47.0804
432  80  0.0153 -0.0295 43.5745
464  80  0.0021  0.0026 4095.9939
496  80  0.0367  0.0635 71.8596
528  80  0.0771  0.1732 28.4444
560  80  0.1170  0.1585 48.7619
592  80  0.0926  0.1016 55.3513
688  80 -0.0185  0.0716 341.3332
720  80 -0.1456  0.1234 80.3137
752  80 -0.0555  0.5248 75.8518
784  80  0.0260  1.3286 81.9200
816  80  0.0000  1.8040 117.0285
 16 144 -0.0937 -0.0706 29.4634
 48 144 -0.0379 -0.0382 30.7296
 80 144 -0.1432 -0.0646 51.2394
112 144 -0.2004 -0.1246 161.3631
144 144 -0.1008 -0.0770 255.3222
176 144 -0.0997 -0.0817 178.6237
208 144 -0.1126 -0.0209 89.4932
240 144 -0.0734 -0.0711 160.0275
272 144 -0.0980 -0.0371 28.4933
304 144 -0.0618 -0.0349 176.6873
336 144 -0.0516 -0.0123 89.4493
368 144 -0.0464 -0.0249 117.1563
400 144 -0.0564  0.0269 297.9786
432 144 -0.0487  0.0106 146.4230
464 144 -0.0528  0.0645 151.4576
496 144 -0.0587  0.0092 124.5249
528 144 -0.0143  0.0283 237.2338
560 144 -0.0306  0.0126 123.5609
592 144 -0.0554  0.0030 188.7876
624 144 -0.0506  0.0025 105.0613
656 144 -0.0185 -0.0005 104.1509
688 144 -0.0492 -0.0107 96.4589
720 144 -0.0366 -0.0018 117.5960
752 144 -0.0350 -0.0255 95.6063
784 144 -0.0399 -0.0246 73.4180
816 144 -0.0267 -0.0154 158.8954
848 144 -0.0245 -0.0043 158.8747
880 144  0.0022  0.0089 163.7408
912 144 -0.0360 -0.0179 134.9637
944 144 -0.0201 -0.0034 147.2273
976 144  0.0022 -0.0011 83.7873
1008 144 -0.0490  0.0096 76.4512
1040 144 -0.0149 -0.0093 51.3666
1072 144 -0.0441  0.0554 86.8975
1104 144 -0.0075  0.0264 27.2264
1136 144 -0.0291  0.0345 138.6843
1168 144 -0.0351  0.0421 113.4812
 16 176 -0.2147 -0.0816 88.7274
 48 176 -0.0842 -0.1213 49.1936
 80 176 -0.1031 -0.0898 69.0519
112 176 -0.3248 -0.1557 142.7216
144 176 -0.1308 -0.0851 183.6331
176 176 -0.1204 -0.1032 142.9412
208 176 -0.0485 -0.0205 89.5886
240 176 -0.1366 -0.1149 284.7815
272 176 -0.0453 -0.0576 179.5213
304 176 -0.0751 -0.0255 180.5417
336 176 -0.0588 -0.0266 272.2378
368 176 -0.0804 -0.0091 114.8657
400 176 -0.0510  0.0085 203.7640
432 176 -0.0474  0.0053 118.4402
464 176 -0.0360 -0.0041 191.7757
496 176 -0.0112  0.0706 181.3402
528 176 -0.0825  0.0218 220.0328
560 176 -0.0802 -0.0633 151.0032
592 176  0.0026 -0.0051 90.6667
624 176 -0.0152  0.0023 268.8295
656 176 -0.0306  0.0271 150.5950
688 176 -0.0218 -0.0007 79.1312
720 176 -0.0367 -0.0087 201.8836
752 176 -0.0132 -0.0419 296.3476
784 176  0.0265 -0.0305 81.3255
816 176 -0.0024 -0.0488 218.4807
848 176  0.0005 -0.0628 259.8214
880 176 -0.0237 -0.0165 92.9123
912 176 -0.0029 -0.0164 138.4937
944 176 -0.0050  0.0140 86.4822
976 176 -0.0559  0.0268 127.6455
1008 176 -0.0272  0.0021 152.0644
1040 176 -0.0338  0.0326 36.7344
1072 176 -0.0338  0.0217 157.0587
1104 176 -0.0508  0.0496 129.2291
1136 176 -0.0664  0.0303 83.1424
1168 176 -0.0394  0.0275 314.9690
 16 208 -0.1735 -0.2237 211.9318
 48 208 -0.1153 -0.1298 18.1465
 80 208 -0.2594 -0.0180 217.7737
112 208 -0.0409 -0.0686 41.2312
144 208 -0.1348 -0.1557 367.4082
176 208 -0.0901 -0.0550 180.4410
208 208 -0.1687 -0.1201 121.5441
240 208 -0.1539 -0.0931 128.9579
272 208 -0.0167 -0.0483 172.1476
304 208 -0.0646 -0.0604 162.7452
336 208 -0.0638 -0.0549 250.1150
368 208 -0.0595 -0.0057 177.7879
400 208 -0.0859 -0.0162 179.2418
432 208 -0.0342  0.0154 133.9879
464 208 -0.0542  0.0363 189.9479
496 208 -0.0605 -0.0010 197.8931
528 208 -0.0401  0.0474 213.9837
560 208 -0.0349 -0.0088 81.6864
592 208 -0.0430  0.0354 55.0586
624 208 -0.0440 -0.0016 107.6240
656 208 -0.0357 -0.0068 105.4184
688 208 -0.0458 -0.0081 97.1528
720 208 -0.0254 -0.0156 147.5529
752 208 -0.0257 -0.0300 171.6166
784 208  0.0010 -0.0103 123.2280
816 208 -0.0068 -0.0442 141.8334
848 208 -0.0059 -0.0350 178.6143
880 208 -0.0057 -0.0039 258.9947
912 208  0.0153 -0.0140 212.8765
944 208  0.0024 -0.0134 92.4617
976 208 -0.0067  0.0262 148.2960
1008 208 -0.0298  0.0588 124.8215
1040 208 -0.0251  0.0235 104.9878
1072 208 -0.0647  0.0335 205.2754
1104 208 -0.0643  0.0384 104.8972
1136 208 -0.0372  0.0353 141.8658
1168 208 -0.0385  0.0238 33.6688
 16 240 -0.1404 -0.0891 47.0033
 48 240 -0.1588 -0.1294 23.2546
 80 240 -0.1587 -0.1536 103.1433
112 240 -0.1994 -0.1827 261.8435
144 240 -0.1339 -0.1454 244.4853
176 240 -0.1282 -0.1210 192.3677
208 240 -0.0492 -0.1198 26.8688
240 240 -0.0637 -0.0099 14.7808
272 240 -0.0809 -0.0990 262.9559
304 240 -0.1323 -0.0620 169.1777
336 240 -0.0763 -0.0389 102.7988
368 240 -0.0730 -0.0103 133.9913
400 240 -0.0457 -0.0317 217.3325
432 240 -0.0458  0.0094 76.1620
464 240 -0.0514  0.0063 218.9502
496 240 -0.0569  0.0176 199.0485
528 240 -0.0529 -0.0006 166.3947
560 240 -0.0573  0.0119 146.8034
592 240 -0.0180  0.0180 162.3132
624 240 -0.0117 -0.0113 117.9623
656 240 -0.0572 -0.0047 165.4303
688 240 -0.0440 -0.0127 177.8991
720 240 -0.0379  0.0133 178.7556
752 240 -0.0165 -0.0061 181.8570
784 240 -0.0178 -0.0149 104.3996
816 240  0.0039 -0.0540 168.6189
848 240 -0.0036 -0.0692 166.5232
880 240 -0.0042 -0.0529 87.0487
912 240 -0.0529  0.0122 100.3744
944 240 -0.0094 -0.0116 90.4099
976 240 -0.0179 -0.0029 119.7941
1008 240 -0.0256 -0.0128 126.9705
1040 240 -0.0370  0.0418 127.6133
1072 240 -0.0094  0.0245 182.3403
1104 240 -0.0270  0.0118 99.7686
1136 240 -0.0681  0.0572 246.7096
1168 240 -0.0521  0.0309 62.0340
 16 272 -0.4226 -0.1999 167.5756
 48 272 -0.1086 -0.1812 142.5453
 80 272 -0.6651 -0.1448 186.1189
112 272 -0.1905 -0.3724 266.5588
144 272 -0.4937 -0.1741 122.3245
176 272 -0.1835 -0.1532 145.6833
208 272 -0.2131 -0.1359 229.9306
240 272 -0.1264 -0.1133 184.3467
272 272 -0.0540 -0.0656 143.9232
304 272 -0.1048 -0.0734 156.3489
336 272 -0.0949 -0.0603 275.1049
368 272 -0.0787 -0.0186 123.8464
400 272 -0.0862 -0.0275 79.7384
432 272 -0.0567 -0.0018 113.5368
464 272 -0.0522  0.0103 194.1481
496 272 -0.0479  0.0217 176.9543
528 272 -0.0340  0.0258 141.0887
560 272 -0.0167  0.0331 73.9111
592 272 -0.0308  0.0063 113.3280
624 272 -0.0235 -0.0086 102.2023
656 272 -0.0912 -0.0001 143.9992
688 272 -0.0323 -0.0235 101.7379
720 272 -0.0029 -0.0196 140.4024
752 272 -0.0147 -0.0219 119.0992
784 272 -0.0146 -0.0401 139.8534
816 272 -0.0379 -0.1261 196.2349
848 272 -0.0070 -0.0200 93.6963
880 272 -0.0091 -0.0508 68.7693
912 272  0.0113 -0.0403 74.5990
944 272 -0.0154 -0.0195 210.2289
976 272 -0.0350 -0.0398 145.5684
1008 272 -0.0303  0.0055 127.1926
1040 272 -0.0251  0.0229 89.4939
1072 272 -0.0074  0.0199 144.3022
1104 272  0.0019  0.0144 230.9571
1136 272 -0.0367  0.0261 65.3356
1168 272 -0.0158 -0.0262 88.0430
 16 304 -0.1880 -0.2397 340.0052
 48 304 -0.4305 -0.2508 178.5032
 80 304 -0.1478 -0.2704 127.8655
112 304 -0.4515 -0.3561 188.1554
144 304 -0.1146 -0.2632 255.6551
176 304 -0.2176 -0.1572 106.1418
208 304 -0.0971 -0.0607 29.7284
240 304 -0.0441 -0.0358 144.9319
272 304 -0.0892 -0.1288 153.1600
304 304 -0.0846 -0.1036 241.6565
336 304 -0.0953 -0.0722 173.7619
368 304 -0.0836 -0.0196 226.0419
400 304 -0.0442 -0.0259 64.8349
432 304 -0.0566 -0.0273 111.2935
464 304 -0.0653  0.0363 416.4586
496 304 -0.0451  0.0204 136.1538
528 304 -0.0572  0.0181 64.2916
560 304 -0.0212  0.0121 283.9615
592 304 -0.0393 -0.0024 118.2535
624 304 -0.0378 -0.0010 143.8551
656 304 -0.0125 -0.0047 105.2732
688 304 -0.0135 -0.0360 75.0568
720 304  0.0125 -0.0642 165.6904
752 304 -0.0163 -0.0663 88.9773
784 304 -0.0206 -0.0506 194.7263
816 304 -0.0060 -0.0401 153.5418
848 304  0.0209 -0.0674 93.7046
880 304  0.0781 -0.0123 236.5445
912 304  0.0409 -0.1048 80.3085
944 304 -0.0027 -0.0176 216.0810
976 304  0.0139 -0.0556 168.2178
1008 304 -0.0150 -0.0113 67.9241
1040 304 -0.0080 -0.0449 77.2787
1072 304 -0.0012  0.0074 147.3042
1104 304 -0.0143  0.0077 99.9877
1136 304 -0.0474  0.0666 117.4728
1168 304 -0.0537  0.0751 59.9893
 16 336 -0.1277 -0.1736 48.8881
 48 336 -0.0925 -0.3537 123.7952
 80 336 -0.5650 -0.1653 37.1833
112 336 -0.3561 -0.2998 110.4234
144 336 -0.0439 -0.5677 60.9437
176 336 -0.2152 -0.2021 50.8716
208 336 -0.1336 -0.1743 255.0123
240 336 -0.1241 -0.1569 210.1798
272 336 -0.0863 -0.0950 141.9461
304 336 -0.1152 -0.0895 123.0332
336 336 -0.0870 -0.0930 161.4281
368 336 -0.1035 -0.0434 124.3340
400 336 -0.0660 -0.0433 83.9530
432 336 -0.0955 -0.0258 135.3459
464 336 -0.0707 -0.0085 168.4348
496 336 -0.0314 -0.0043 154.3279
528 336 -0.0294  0.0123 88.0802
560 336 -0.0492  0.0150 219.6976
592 336 -0.0014 -0.0262 74.4472
624 336 -0.0315 -0.0093 108.0566
656 336 -0.0165 -0.0190 63.0782
688 336 -0.0212 -0.0414 170.1914
720 336  0.0119 -0.0898 217.5981
752 336  0.0272 -0.0794 112.6417
784 336 -0.0099 -0.0982 102.5079
816 336 -0.0131 -0.0832 95.0462
848 336 -0.0051 -0.1078 101.0391
880 336  0.0098 -0.0818 128.3931
912 336  0.0199 -0.0686 114.5211
944 336  0.0444 -0.0484 189.3468
976 336  0.0047 -0.0474 109.6907
1008 336  0.0116 -0.0599 113.7592
1040 336  0.0000  0.0107 66.9815
1072 336 -0.0321  0.0439 127.0825
1104 336 -0.0189  0.0286 138.5894
1136 336 -0.0251  0.0381 174.4999
1168 336 -0.0383  0.0598 110.5745
 16 368 -0.1995 -0.2044 37.9896
 48 368 -0.2109 -0.3586 325.7484
 80 368 -0.6663 -0.1659 38.7299
112 368 -0.3267 -0.1358 128.9814
144 368 -0.2300 -0.1679 290.4863
176 368 -0.2474 -0.4246 95.4341
208 368 -0.1762 -0.2579 31.4034
240 368 -0.1712 -0.1168 163.3274
272 368 -0.0849 -0.0782 63.8070
304 368 -0.1378 -0.1317 320.6761
336 368 -0.1202 -0.1663 198.1951
368 368 -0.0865 -0.0843 129.5493
400 368 -0.0690 -0.0654 81.2589
432 368 -0.0817 -0.0364 54.4441
464 368 -0.0681 -0.0295 105.8483
496 368 -0.1086  0.0267 147.9995
528 368 -0.0532 -0.0167 250.4038
560 368 -0.0191  0.0232 165.4262
592 368 -0.0410  0.0410 184.7196
624 368 -0.0406  0.0074 125.0711
656 368 -0.0632 -0.0157 36.8721
688 368 -0.0304 -0.1196 117.6425
720 368 -0.0278 -0.0533 123.2015
752 368 -0.0086 -0.0513 145.6284
784 368 -0.0019 -0.0963 236.6490
816 368  0.0183 -0.0738 165.5338
848 368  0.0288 -0.1223 98.9992
880 368 -0.0162 -0.0581 170.0922
912 368  0.0128 -0.0862 190.9819
944 368  0.0497 -0.0365 130.8318
976 368  0.0369 -0.0509 40.0358
1008 368 -0.0109 -0.0081 280.7908
1040 368 -0.0228 -0.0106 166.6203
1072 368 -0.0206  0.0028 102.7563
1104 368 -0.0568  0.0640 90.6116
1136 368 -0.0142  0.1195 85.5109
1168 368 -0.0592  0.0668 167.1597
 16 400 -0.4606 -0.2514 99.7361
 48 400 -0.7772 -0.1907 63.1934
 80 400 -0.5683 -0.3174 268.6301
112 400 -0.4362 -0.3660 163.7480
144 400 -0.2628 -0.6117 149.2993
176 400 -0.4186 -0.2538 102.6363
208 400 -0.2060 -0.1680 17.9423
240 400 -0.4224 -0.3234 128.3239
272 400 -0.1458 -0.0739 31.1705
304 400 -0.1320 -0.2154 166.0778
336 400 -0.0480 -0.1439 231.7449
368 400 -0.1631 -0.0888 269.2792
400 400 -0.1084 -0.0583 101.7300
432 400 -0.0324 -0.0426 170.7950
464 400 -0.0455 -0.0207 158.9566
496 400 -0.0433 -0.0512 131.5281
528 400 -0.0484 -0.0233 195.7014
560 400 -0.0427 -0.0044 101.8303
592 400 -0.0174 -0.0233 122.8829
624 400 -0.0370 -0.0374 122.5743
656 400 -0.0260 -0.0262 164.4347
688 400 -0.0569 -0.0302 136.6682
720 400 -0.0159 -0.0471 219.8298
752 400 -0.0012 -0.0862 77.0348
784 400  0.0053 -0.0844 150.5415
816 400  0.0179 -0.0606 159.0965
848 400 -0.0140 -0.0494 129.9667
880 400  0.0066 -0.1370 93.5063
912 400 -0.0155 -0.0961 133.3256
944 400 -0.0179 -0.0766 108.8237
976 400  0.0478 -0.0405 119.3715
1008 400 -0.0118  0.0168 118.2199
1040 400 -0.0278 -0.0001 204.3588
1072 400 -0.0485  0.0769 205.7975
1104 400 -0.0276  0.0352 107.8109
1136 400 -0.0907  0.0960 252.0671
1168 400 -0.0404  0.0775 43.2145
 16 432 -0.3564 -0.2405 166.0760
 48 432 -0.4075 -0.4254 67.4310
 80 432 -0.2243 -0.6503 74.8243
112 432 -0.3237 -0.4896 63.4595
144 432 -0.1215 -0.6007 153.2304
176 432 -0.8710 -0.5616 97.4125
208 432 -0.4030 -0.2069 187.8638
240 432 -0.4569 -0.3437 220.6400
272 432 -0.2378 -0.4497 167.7809
304 432 -0.2202 -0.1438 135.0037
336 432 -0.1804 -0.1659 290.5270
368 432 -0.1177 -0.1024 128.4811
400 432 -0.0523 -0.1541 120.1442
432 432 -0.1127 -0.1037 167.6526
464 432 -0.0995 -0.0433 82.6441
496 432 -0.0639 -0.0207 24.5701
528 432 -0.0709  0.0041 234.8586
560 432 -0.0342 -0.0146 140.3506
592 432 -0.0360 -0.0192 115.7839
624 432 -0.0375 -0.0312 100.0390
656 432  0.0087 -0.0277 86.2251
688 432 -0.0119 -0.0448 239.7854
720 432 -0.0190 -0.0899 158.8063
752 432 -0.0204 -0.1176 123.1335
784 432  0.0428 -0.1237 132.9082
816 432  0.0190 -0.0831 88.8592
848 432  0.0625 -0.1739 172.7224
880 432  0.0364 -0.1575 67.7053
912 432  0.0421 -0.1143 103.4747
944 432  0.0128 -0.0388 36.6509
976 432  0.0080 -0.0919 90.9693
1008 432 -0.0008 -0.0238 98.5404
1040 432 -0.0147 -0.0009 207.1134
1072 432 -0.0394  0.0316 25.1064
1104 432 -0.0586  0.0302 150.8389
1136 432 -0.0604  0.0995 122.1517
1168 432 -0.0898  0.0737 72.1886
 16 464 -0.2627 -0.1392 36.8666
 48 464 -0.4681 -0.7764 38.5368
 80 464 -0.6419 -0.2215 146.3869
112 464 -0.4392 -0.4869 184.3900
144 464 -0.4243 -0.2924 137.5710
176 464 -0.3339 -0.5415 211.8169
208 464 -0.5439 -0.2816 200.0384
240 464 -0.6087 -0.5447 92.0493
272 464 -0.4002 -0.1284 36.2193
304 464 -0.2646 -0.2700 181.8345
336 464 -0.2023 -0.1459 166.1575
368 464 -0.1244 -0.1668 140.6856
400 464 -0.1292 -0.1482 133.1418
432 464 -0.0732 -0.0490 110.8657
464 464 -0.1097 -0.0642 259.5271
496 464 -0.0473 -0.0466 113.9640
528 464 -0.0604  0.0847 148.9795
560 464 -0.0467 -0.0166 158.8542
592 464 -0.0345 -0.0268 252.1460
624 464 -0.0431 -0.0202 98.8746
656 464 -0.0470 -0.0738 178.3876
688 464 -0.0127 -0.0539 120.9717
720 464 -0.0178 -0.0720 106.9829
752 464 -0.0278 -0.1511 146.6978
784 464 -0.0121 -0.2066 66.3405
816 464  0.0125 -0.1448 94.4383
848 464  0.0424 -0.1927 66.5172
880 464  0.0194 -0.1372 126.1150
912 464  0.0354 -0.0855 183.4689
944 464  0.0192 -0.1006 38.1306
976 464 -0.0035 -0.0922 152.7630
1008 464 -0.0391 -0.0070 56.7465
1040 464 -0.0380  0.0039 166.8253
1072 464 -0.0299  0.0152 114.7244
1104 464 -0.1040  0.0247 69.9050
1136 464 -0.0846  0.1085 75.7466
1168 464 -0.0909  0.0751 83.3869
 16 496 -0.8849 -0.7089 110.7671
 48 496 -0.5519 -0.6593 51.2180
 80 496 -1.0108 -0.5928 93.5260
112 496 -0.6525 -0.6310 138.8870
144 496 -0.7885 -0.4820 85.5095
176 496 -0.4358 -0.4291 52.6940
208 496 -0.5387 -0.4972 37.4064
240 496 -0.4999 -0.1964 102.9696
272 496 -0.4148 -0.3782 136.7797
304 496 -0.3485 -0.2563 129.2672
336 496 -0.1662 -0.1548 22.2076
368 496 -0.2526 -0.2364 148.5866
400 496 -0.1484 -0.1135 91.8067
432 496 -0.0862 -0.1225 128.4857
464 496 -0.0494 -0.0761 115.5172
496 496 -0.0272 -0.0606 137.4125
528 496  0.0061 -0.0529 237.7597
560 496 -0.0370 -0.0187 103.5750
592 496 -0.0405 -0.0365 107.1789
624 496 -0.0207 -0.0236 105.8817
656 496 -0.0781 -0.0433 121.8111
688 496 -0.0122 -0.0673 88.2034
720 496 -0.0632 -0.1973 103.2319
752 496 -0.0526 -0.1568 160.7254
784 496 -0.0507 -0.2368 72.4506
816 496 -0.0087 -0.1740 60.7615
848 496 -0.0272 -0.1435 77.9103
880 496  0.0303 -0.1589 128.5178
912 496  0.0235 -0.1367 78.1560
944 496 -0.0003 -0.0788 233.6681
976 496  0.0162 -0.0672 89.3054
1008 496 -0.0203 -0.0355 138.8438
1040 496 -0.0653  0.0644 147.9450
1072 496 -0.1942  0.0184 72.0489
1104 496 -0.2564  0.0263 124.5080
1136 496 -0.1933  0.0891 121.8512
1168 496 -0.0543  0.0312 37.4965
 16 528 -0.7991 -0.5202 40.3645
 48 528 -1.1728 -0.3466 117.0476
 80 528 -0.6614 -0.7192 173.2287
112 528 -0.8180 -0.3492 67.4648
144 528 -0.6660 -0.6903 126.7445
176 528 -0.6008 -0.9354 78.7750
208 528 -0.7841 -0.8647 134.3619
240 528 -0.4330 -0.7501 81.2305
272 528 -0.2641 -0.4228 89.8957
304 528 -0.3534 -0.5273 279.4977
336 528 -0.3781 -0.1950 222.0234
368 528 -0.3563 -0.1455 134.6505
400 528 -0.1945 -0.1743 63.9943
432 528 -0.1638 -0.1412 84.6240
464 528 -0.0662 -0.1537 125.0828
496 528 -0.0442 -0.1546 141.7569
528 528 -0.0287 -0.0676 71.5561
560 528 -0.0183 -0.0532 200.1956
592 528  0.0129 -0.0103 174.1340
624 528 -0.0140 -0.0256 122.4706
656 528 -0.0400 -0.0671 111.0839
688 528 -0.0312 -0.0849 47.3662
720 528 -0.0351 -0.1086 57.1141
752 528 -0.0289 -0.1863 146.8573
784 528  0.0144 -0.1940 243.0122
816 528  0.0847 -0.2047 156.9890
848 528  0.0456 -0.1136 40.7421
880 528  0.0650 -0.1730 101.0764
912 528  0.0323 -0.1627 102.3467
944 528 -0.0046 -0.1489 143.4939
976 528 -0.0225 -0.0252 126.7121
1008 528 -0.0412 -0.0061 106.8217
1040 528 -0.0788  0.0745 70.3238
1072 528 -0.0342  0.0734 74.0903
1104 528 -0.0932  0.0846 103.0232
1136 528 -0.1045  0.1230 167.9252
1168 528 -0.3408  0.0565 65.7360
 16 560 -0.6002 -0.0268 56.3146
 48 560 -0.7518 -0.0369 103.8913
 80 560 -0.7916 -0.0247 189.3426
112 560 -0.8173 -0.1824 169.1392
144 560 -0.8748 -0.6460 61.2256
176 560 -1.0283 -0.8577 347.4894
208 560 -1.0093 -0.7234 23.2901
240 560 -1.0405 -0.8827 88.1741
272 560 -0.6830 -0.2738 108.1757
304 560 -0.2133 -0.3678 110.0056
336 560 -0.4833 -0.4828 91.9279
368 560 -0.2975 -0.1150 209.1623
400 560 -0.1292 -0.2428 25.8291
432 560 -0.0703 -0.3229 239.5846
464 560 -0.2129 -0.1734 169.9211
496 560  0.0412 -0.1803 210.1460
528 560 -0.0137 -0.2873 214.2695
560 560  0.0144 -0.0772 141.2589
592 560  0.0291 -0.0346 168.5647
624 560 -0.0265  0.0265 62.6865
656 560 -0.0415 -0.0467 228.2229
688 560 -0.0259 -0.0437 36.5272
720 560 -0.0547 -0.0833 137.9771
752 560 -0.0340 -0.2197 126.2541
784 560 -0.0126 -0.2108 125.4011
816 560  0.0288 -0.3975 171.7799
848 560  0.0178 -0.2816 77.9672
880 560  0.0164 -0.1923 86.8175
912 560 -0.0517 -0.1328 293.7464
944 560  0.0033 -0.0459 77.2869
976 560 -0.0139 -0.0263 55.8697
1008 560 -0.0602  0.0293 120.4487
1040 560 -0.0646  0.0239 210.7566
1072 560 -0.0762  0.0956 109.4904
1104 560 -0.0764  0.0513 64.2035
1136 560 -0.0949  0.0762 109.3107
1168 560 -0.1420  0.1834 169.4317
 16 592 -1.2999 -0.1735 91.8034
 48 592 -1.3864 -0.7813 75.5761
 80 592 -0.6452 -0.3924 97.2164
112 592 -0.7821 -0.2852 34.7059
144 592 -1.0212 -0.3153 53.3008
176 592 -1.1332 -0.3018 70.4987
208 592 -1.0886 -0.3015 39.6079
240 592 -0.8439 -0.6282  1.0000
272 592 -0.5572 -0.6079 136.7188
304 592 -0.3401 -0.2489 45.1292
336 592 -0.3343 -0.3882 79.2732
368 592 -0.0997 -0.3494 331.8145
400 592 -0.1058 -0.4141 163.0744
432 592 -0.1708 -0.3287 126.4024
464 592 -0.1200 -0.2340 90.3067
496 592 -0.0060 -0.3724 242.4632
528 592  0.0201 -0.3213 195.2620
560 592  0.0411 -0.0967 144.6362
592 592  0.1390  0.0002 126.6698
624 592  0.0287  0.0222 69.3781
656 592 -0.0360  0.0315 175.1411
688 592 -0.0990 -0.0169 127.7008
720 592 -0.0708  0.0359 58.9748
752 592 -0.0485 -0.1867 112.5805
784 592  0.0135 -0.3524 186.2455
816 592 -0.0206 -0.1816 145.3166
848 592 -0.0025 -0.1112 139.1691
880 592 -0.0246 -0.1239 150.5335
912 592 -0.0081 -0.1329 181.0914
944 592 -0.0307  0.0068 42.1833
976 592 -0.0780  0.0276 132.1266
1008 592 -0.0988  0.0374 85.7864
1040 592 -0.1204  0.0908 198.4990
1072 592 -0.1492  0.0685 222.9673
1104 592 -0.1424  0.1130 76.3490
1136 592 -0.0914  0.1438 140.8293
1168 592 -0.1311  0.1231 47.3033
 16 624 -0.5350 -0.0862 23.7961
 48 624 -0.7598 -0.6279 145.1460
 80 624 -0.9729 -0.3799 156.1017
112 624 -1.3570 -0.3044 183.5590
144 624 -0.8356 -0.9677 141.4950
176 624 -0.9967 -0.8631 179.3947
208 624 -0.9781 -0.8029 47.9154
240 624 -1.0296 -0.6384 99.6633
272 624 -1.1097 -0.6875 42.4295
304 624 -1.0590 -0.6416 143.3936
336 624 -0.8852 -0.5345 34.9286
368 624 -0.4565 -1.0952 83.9872
400 624 -0.3336 -0.5245 159.7767
432 624 -0.1397 -0.4313 241.0099
464 624 -0.0174 -0.2830 121.5116
496 624  0.2421 -0.3589 142.9871
528 624  0.3333 -0.3839 154.7518
560 624  0.2835 -0.0265 140.0091
592 624  0.1840  0.0770 99.8316
624 624 -0.0135  0.1539 136.7918
656 624 -0.0760  0.2121 63.2487
688 624 -0.1951  0.1538 38.4144
720 624 -0.2025  0.0649 67.0007
752 624 -0.0680 -0.0615 92.2408
784 624  0.0017  0.0138 91.1659
816 624  0.0445  0.1560 159.0039
848 624 -0.0188  0.0350 113.4226
880 624 -0.0992  0.0273 124.3619
912 624 -0.1898  0.0456 86.8850
944 624 -0.1194  0.0946 93.9668
976 624 -0.1658  0.0636 82.4307
1008 624 -0.1476  0.0650 125.8636
1040 624 -0.1285  0.0473 95.3517
1072 624 -0.1576  0.1493 119.2415
1104 624 -0.1142  0.1826 83.5972
1136 624 -0.1693  0.1138 152.6516
1168 624 -0.1546  0.1852 69.7294
 16 656 -0.3481 -0.1038 70.9553
 48 656 -0.1482 -0.1050 154.5002
 80 656 -1.0356 -0.2513 49.4882
112 656 -0.9031 -0.9737 138.1467
144 656 -0.6577 -0.4749 47.0093
176 656 -0.9017 -0.8121 211.5087
208 656 -1.6098 -0.8767 238.7271
240 656 -1.0061 -0.8573 65.9212
272 656 -0.1206 -0.6481 15.8761
304 656 -0.7400 -1.0798 239.7492
336 656 -0.6252 -1.0976 136.8665
368 656 -0.4814 -0.8058 115.9694
400 656 -0.2871 -0.9088 82.2084
432 656 -0.0455 -0.8919 198.7446
464 656  0.4816 -1.1377 100.8608
496 656  0.8195 -0.9530 74.2426
528 656  0.9509 -0.3281 113.6992
560 656  0.6977 -0.0133 121.3608
592 656  0.5096  0.3233 64.4864
624 656  0.1168  0.5908 196.3525
656 656 -0.0551  0.7305 121.1273
688 656 -0.3928  0.7101 109.2474
720 656 -0.0332  0.2548 62.1582
752 656  0.3953 -0.1430 24.6539
784 656  0.0366  0.7138 162.1402
816 656 -0.0043  0.2480 74.0864
848 656 -0.1027  0.0621 75.4637
880 656 -0.1870  0.3470 24.1717
912 656 -0.2617  0.1195 82.3865
944 656 -0.2168  0.1471 72.7469
976 656 -0.2165  0.1069 105.6881
1008 656 -0.2169  0.1419 104.0105
1040 656 -0.1801  0.1178 56.7331
1072 656 -0.1349  0.0762 38.6506
1104 656 -0.2738  0.2890 189.8977
1136 656 -0.1077  0.2241 71.1686
1168 656 -0.1320  0.2595 76.6302
 16 688 -0.1150 -0.0541 23.5304
 48 688 -0.1186 -0.0747 298.4400
 80 688 -0.2133 -0.0920 211.6238
112 688 -0.7490 -0.3575 48.7529
144 688 -0.4527 -0.2411 31.5830
176 688 -1.0796 -0.6887 205.2345
208 688 -1.0718 -1.1584 84.4636
240 688 -1.2124 -0.9806 149.8150
272 688 -1.0472 -1.0979 44.3735
304 688 -0.9144 -1.3663 203.1395
336 688 -0.6780 -0.7988 88.0690
368 688 -0.5167 -1.1783 48.5837
400 688 -0.2586 -1.2377 96.8670
432 688  0.0172 -1.6439 39.3867
464 688  0.8702 -1.2128 51.0462
496 688  1.3352 -1.0065 125.9428
528 688  2.3678 -0.3488 88.6821
560 688  1.8585  0.6025 31.0781
592 688  1.0994  0.7408 56.4754
624 688  0.2242  1.0018 50.2441
656 688 -0.0097  0.9040 65.2937
688 688  0.4807  0.5033 14.6676
720 688  0.2344 -0.9940 10.3000
752 688  1.1631 -0.6786 12.0452
784 688  0.0087  0.9308 20.1907
816 688 -0.1124  0.8273 14.3423
848 688 -0.1659  0.5440 18.6313
880 688 -0.8106  0.7757 102.1924
912 688 -0.5644  0.5077 76.6482
944 688 -0.4847  0.4924 90.4166
976 688 -0.4305  0.2401 70.0907
1008 688 -0.2057  0.1832 73.0079
1040 688 -0.1907  0.1302 133.2561
1072 688 -0.4653  0.1161 39.6759
1104 688 -0.2206  0.1348 133.0458
1136 688 -0.1696  0.1155 193.5654
1168 688 -0.3222  0.0705 159.8916
 16 720 -0.1037 -0.0507 35.4914
 48 720 -0.2149 -0.1071 94.9091
 80 720 -0.2793 -0.2848 39.1398
112 720 -0.3745 -0.2232 193.3426
144 720 -0.8324 -0.8708 162.1396
176 720 -0.5383 -0.4207 52.9959
208 720 -1.1433 -0.6115 14.4092
240 720 -1.0474 -1.0667 39.6455
272 720 -1.1169 -0.8783 70.6613
304 720 -1.0379 -1.0947 52.3378
336 720 -0.9035 -0.8893 94.2321
368 720 -0.7447 -1.2356 85.0286
400 720 -0.4558 -1.5728 64.1672
432 720 -0.0350 -1.7213 46.1565
464 720  0.2885 -0.1778 27.6725
496 720  0.2360  0.2777 11.0770
528 720  0.7428  0.6177 16.1298
560 720  1.5180  0.8507 16.1522
592 720  0.7453  1.2494 52.2391
624 720  0.1720  1.4139 22.6668
656 720  0.1154  1.2996 93.4826
688 720  0.4006  0.3268 15.8398
720 720  0.5491 -0.2206 25.5924
752 720  0.3125 -0.9886 13.8664
784 720 -0.1920  0.3044 13.1046
816 720 -0.1446  0.9480 15.7681
848 720  0.0939  0.0123 13.0842
880 720 -0.0007  0.3567 16.2212
912 720 -0.8855  1.0953 15.0803
944 720 -0.4025  0.6783 37.5563
976 720 -0.7161  0.4164 104.9651
1008 720 -0.3457  0.3327 96.8200
1040 720 -0.2873  0.1024 30.1584
1072 720 -0.2815  0.2244 137.1005
1104 720 -0.1876  0.2354 52.5875
1136 720 -0.2338  0.1902 155.0914
1168 720 -0.2250  0.1391 145.0450
 16 752 -0.0507 -0.1391 58.1766
 48 752 -0.0777 -0.0444 76.5132
 80 752 -0.1107 -0.2889 161.7719
112 752 -0.3572 -0.1625 186.4861
144 752 -0.2102 -0.1938 79.5987
176 752 -0.3725 -0.3780 224.1297
208 752 -0.7337 -0.6965 23.7705
240 752 -1.3822 -0.8743 166.4130
272 752 -0.9526 -0.7746 242.1851
304 752 -0.9317 -1.2799 139.8087
336 752 -0.8009 -1.3957 27.9889
368 752 -1.0922 -1.7681 41.8065
400 752 -0.0661 -0.0684 18.7508
432 752 -0.4844 -0.9223 19.1275
464 752 -0.2713 -1.3799  9.6430
496 752 -1.8870 -0.1167  6.7099
528 752  0.4089 -0.8569 24.3017
560 752  1.0462 -0.0184 34.2186
592 752  0.5574  1.4346 140.0840
624 752  0.1656  1.2604 17.1437
656 752  0.4241  1.2352 77.4090
688 752  0.1034 -0.0509 18.5810
720 752  0.2912 -0.0812 11.2457
752 752 -0.0169 -0.2676 13.2220
784 752 -0.1612  0.2200 23.2363
816 752 -0.0429  0.0914 14.2477
848 752 -0.0359  0.0103 37.8156
880 752 -0.2059  0.5793  8.4169
912 752  0.4599  0.4946 11.1102
944 752 -0.0947  0.4400 10.3076
976 752 -0.8696  0.4247 12.3029
1008 752 -0.8260  0.3933 93.6030
1040 752 -0.5504  0.2109 99.8440
1072 752 -0.2164  0.1280 33.1697
1104 752 -0.6162  0.1291 107.0083
1136 752 -0.1616  0.1689 116.8082
1168 752 -0.3289  0.1055 109.0352
 16 784 -0.0357 -0.1387 108.4618
 48 784  0.0014 -0.1783 98.5304
 80 784 -0.1444 -0.0665 67.9565
112 784 -0.0786 -0.0536 311.6466
144 784 -0.2703 -0.2684 176.3136
176 784 -0.9599 -0.9206 81.9606
208 784 -0.7283 -0.3682 65.4040
240 784 -1.1201 -1.0201 218.2791
272 784 -1.2547 -1.0411 88.8225
304 784 -1.1464 -1.0420 152.4276
336 784 -0.6521 -1.2961 38.9820
368 784 -0.9912 -1.8336 29.8412
400 784 -0.7356 -1.9982 14.4583
432 784 -0.7253  0.0645  9.8813
464 784 -2.0000  0.9207  8.0527
496 784 -1.9068  0.0843  5.6785
528 784 -0.2960 -1.8363 79.6966
560 784 -0.9127 -0.7435 137.8592
592 784 -0.0266  0.9884 93.9991
624 784  0.2617  0.7615 47.4897
656 784  0.3624  0.0970 51.1521
688 784  0.1073 -0.0564 15.4901
720 784  0.4672 -0.2884 11.5702
752 784  0.1547 -0.9170 14.3400
784 784  0.0471 -0.5449 16.2969
816 784  0.0206 -0.2964  9.7126
848 784 -0.2327  0.0132 19.3228
880 784  0.4078  0.1571 10.7703
912 784  0.0500  0.4401 11.5498
944 784 -0.1223  0.0229 14.6040
976 784 -0.8424  0.1107 16.6490
1008 784 -1.1852  0.1247 47.5770
1040 784 -1.0643  0.2427 114.6004
1072 784 -0.4363  0.1138 129.1595
1104 784 -0.3778  0.2315 88.3621
1136 784 -0.3396  0.1371 99.2122
1168 784 -0.3321  0.1487 73.3802
 16 816 -0.0134 -0.0462 25.8608
 48 816 -0.0332 -0.0909 61.4994
 80 816 -0.0830 -0.0267 13.2085
112 816 -0.0796 -0.1099 275.7180
144 816 -0.1896 -0.1289 176.9784
176 816 -0.3878 -0.1012 46.5897
208 816 -0.3831 -0.2575 29.8193
240 816 -0.2587 -0.2307 37.0868
272 816 -0.9881 -0.8464 39.4116
304 816 -1.3427 -1.2545 54.3459
336 816 -1.1111 -1.4118 93.1990
368 816 -1.0164 -2.2847 63.0707
400 816 -0.1684  0.0734 12.6782
432 816 -0.1118 -0.0631 14.8830
464 816 -0.2178 -0.1348  7.2583
496 816 -1.3393  0.1249  4.7945
528 816 -0.1506  0.1437 62.2194
560 816 -1.2640 -0.9935 45.3854
592 816 -0.8342 -0.1425 61.1515
624 816 -0.3136  0.0887 74.6397
656 816  0.2093  0.3267 173.6793
688 816  0.1292 -0.0416 22.7892
720 816  0.0505 -0.0388 10.2247
752 816 -0.1111  0.0217 11.0942
784 816 -0.1060 -0.1788 13.2475
816 816 -0.0110 -0.0384 12.6820
848 816  0.0035  0.1163  9.7858
880 816  0.1525  0.1455  9.8918
912 816 -0.1262 -0.0435 11.4987
944 816 -0.1271 -0.1155 11.1781
976 816 -1.2314  0.0532 16.5538
1008 816 -0.9669 -0.0209  9.5491
1040 816 -0.3186 -0.0805 24.7220
1072 816 -0.4963  0.2566 44.7892
1104 816 -0.6325  0.1460 104.9659
1136 816 -0.2787  0.1221 77.4653
1168 816 -0.2213  0.0419 116.4633
 16 848 -0.0348 -0.0169 108.1890
 48 848 -0.0218 -0.0132 189.4237
 80 848 -0.0013 -0.0942 104.2376
112 848 -0.0190 -0.0891 441.0125
144 848 -0.0787 -0.0155 316.9227
176 848 -0.1511 -0.4157 205.3245
208 848 -0.3264 -0.2420 85.3747
240 848 -0.6454 -0.3879 76.1563
272 848 -1.1253 -0.6655 103.1487
304 848 -1.4023 -0.9229 32.6689
336 848 -0.0623 -2.5507 20.0417
368 848  0.3999 -1.2387 11.7569
400 848  0.2656 -0.1626  9.4949
432 848 -0.2183 -0.0312 10.0999
464 848 -0.4798  0.1970  9.5284
496 848 -0.1738  0.0086  5.8849
528 848 -0.0508  0.0325 25.1091
560 848 -0.2660 -0.2735 54.5518
592 848  0.0313 -0.0372 43.2196
624 848 -0.1390 -0.1846 162.3930
656 848  0.0716 -0.0786 23.2922
688 848  0.1604  0.0208 12.2019
720 848  0.0148 -0.0176 11.4714
752 848  0.0218 -0.0157  6.4320
784 848 -0.0520 -0.3195  8.4866
816 848  0.0017 -0.6284 16.8226
848 848  0.0228 -0.1320 18.3596
880 848  0.3692 -1.7329  9.7842
912 848  0.0384 -0.1280  9.5419
944 848 -0.1865 -0.0491 10.5194
976 848 -0.3070 -0.1935  9.5424
1008 848 -0.2847 -2.4056  9.2861
1040 848 -0.1145 -1.2438 13.2676
1072 848 -1.0722  0.3930 50.1061
1104 848 -0.5742  0.1789 164.1443
1136 848 -0.6217  0.1469 55.6812
1168 848 -0.2402 -0.0558 41.0933
 16 880  0.0099 -0.0055 24.2098
 48 880  0.0103 -0.0120 151.6292
 80 880 -0.0323 -0.0455 160.9515
112 880 -0.0232 -0.0181 283.2479
144 880 -0.0772 -0.0395 98.2409
176 880 -0.0979 -0.0548 270.6909
208 880 -0.2055 -0.0024 109.7506
240 880 -1.2924 -0.1044 78.4369
272 880 -1.5686 -0.1105 35.8900
304 880 -2.1660 -0.5028 26.2428
336 880  0.0480 -2.8309 22.2121
368 880 -0.0015 -1.5792  9.3319
400 880  0.0732 -0.3534 10.5090
432 880  0.1256 -0.1653 10.9111
464 880 -0.0661 -0.1737  5.9746
528 880  0.0367 -0.0355 19.2858
560 880  0.1147 -0.0521 10.5025
592 880  0.1238  0.0062  6.8667
624 880  0.0275 -0.0162 32.7754
656 880  0.0251 -0.0032 11.0520
688 880  0.0863  0.0325  8.8803
720 880 -0.0034  0.0032 20.2868
752 880 -0.0006 -0.0577 13.4074
784 880 -0.0112 -0.0229 14.1527
816 880  0.0217  0.0046 10.1828
848 880  0.0102 -0.0129 18.6616
880 880  0.0559 -0.1613  9.8093
912 880  0.1354 -0.0157 10.2101
944 880 -0.2512 -0.1029 11.5779
976 880 -0.1060 -0.2841  9.8379
1008 880 -0.1985 -0.0894 11.2380
1040 880 -0.4568 -0.2968 25.3832
1072 880 -0.8456  0.2753 124.8169
1104 880 -0.8169  0.1355 82.2075
1136 880 -0.4265  0.1484 134.1940
1168 880 -0.3905  0.0075 101.6072
 16 912  0.0164 -0.0043 17.8558
 48 912  0.0037 -0.0008 83.4582
 80 912  0.0017 -0.0143 125.8767
112 912 -0.0168 -0.0166 270.5809
144 912 -0.0608 -0.0480 236.9694
176 912 -0.1915  0.0192 31.6911
208 912 -0.2402  0.0365 65.0769
240 912 -0.8586  0.0872 71.7781
272 912 -1.5500  0.3463 143.9008
304 912 -0.0252 -1.7148 24.3513
336 912  0.0856 -0.4227  7.5823
368 912  0.1534 -0.5398  7.1133
400 912 -0.0299 -0.4655  6.1963
528 912  0.0793 -0.0710  4.7904
560 912  0.0632 -0.0116  5.5627
592 912  0.0145  0.0250  4.0635
624 912  0.0084 -0.0080  8.2492
656 912  0.0637  0.0049  5.7702
688 912 -0.0188  0.0096  6.0954
720 912 -0.0139 -0.0173 10.4644
752 912 -0.0419  0.0156  6.5860
784 912 -0.0040 -0.0094 16.6505
816 912 -0.0026  0.0171  4.7872
848 912 -0.0706  0.0757  6.9188
880 912 -0.0322  0.0238 10.7180
912 912 -0.0787 -0.0541 10.9958
944 912 -0.1112 -0.3975  8.2733
976 912 -0.9951 -0.0330 21.0541
1008 912 -1.0332  0.0175 71.8771
1040 912 -1.1278  0.0776 45.3130
1072 912 -0.9320  0.1889 59.3898
1104 912 -0.7699  0.1748 55.3202
1136 912 -0.6677  0.1304 95.4536
1168 912 -0.5204  0.1055 98.8457
 16 944  0.0218  0.0203 83.6269
 48 944  0.0165  0.0225 15.8486
 80 944  0.0188 -0.0018 184.8886
112 944  0.0221  0.0044 286.0139
144 944 -0.0161  0.0480 39.2520
176 944 -0.0714  0.0478 405.5724
208 944 -0.0428  0.0683 239.0406
240 944 -0.1591  0.1157 126.3909
272 944  0.0829 -0.0619 26.6108
304 944  0.0036 -0.4139 37.1097
336 944  0.0653 -1.5726 15.9132
368 944  0.2939 -0.5000 10.4269
400 944  0.1420 -0.3906  4.6447
432 944 -0.0431 -0.3666  4.3390
464 944 -0.1008 -0.2363  5.3717
496 944  0.0131 -0.0220  5.4013
624 944  0.0021 -0.0067  4.7846
656 944  0.0256  0.0089  4.3925
688 944 -0.0038  0.0010  5.5923
720 944  0.0049 -0.0149  5.6553
752 944 -0.0228  0.0478  4.3644
784 944  0.0164  0.0250  4.1668
816 944 -0.0047 -0.0084  4.7238
848 944 -0.0182 -0.0372 13.8575
880 944 -0.0934 -0.0842 10.9801
912 944 -0.0503 -0.0456 16.7428
944 944 -0.2413 -0.4677 31.9280
976 944 -0.5574 -0.3054 109.6945
1008 944 -1.0308 -0.1205 83.7387
1040 944 -1.1790 -0.1222 48.9536
1072 944 -0.8034  0.0075 29.0023
1104 944 -0.1784  0.0717 137.6294
1136 944 -0.2162  0.0073 108.3683
1168 944 -0.4500 -0.0483 49.1008
 16 976  0.0755  0.0141 112.7873
 48 976  0.0995  0.0144 21.8283
 80 976  0.0808  0.0177 74.4132
112 976  0.0269  0.0427 80.7438
144 976  0.0402  0.0248 83.4060
176 976  0.0101  0.0457 249.0235
208 976 -0.0189  0.0879 222.9054
240 976 -0.0321  0.2798 79.7944
272 976  0.0060  0.8166 108.1542
304 976  0.0754  1.0631 69.5856
336 976 -0.0594  0.2841 45.1648
368 976 -1.5116 -2.0686 31.6461
400 976  0.0293 -0.0452 22.8537
432 976 -0.2162  0.0017 19.1361
464 976 -0.0391 -0.0867 28.7765
496 976  0.1253 -0.0477  6.2890
528 976  0.0756  0.0062  4.3974
688 976  0.0072  0.0338  4.1249
784 976 -0.0173 -0.0207  4.3921
816 976 -0.0139  0.0030 14.0876
848 976 -0.0743 -0.4349 72.4259
880 976 -0.2066 -0.5474 77.2006
912 976 -0.2570 -0.1744 128.5141
944 976 -0.7142 -0.5946 41.3821
976 976 -0.9103 -0.3733 112.0476
1008 976 -0.9104 -0.3007 116.1176
1040 976 -1.1024 -0.1154 65.0557
1072 976 -0.4872 -0.0583 14.8716
1104 976 -0.4826 -0.0358 65.0715
1136 976 -0.6584  0.0838 113.1480
1168 976 -0.4339 -0.0110 24.5356
 16 1008  0.0380  0.0022 21.5895
 48 1008  0.0767  0.0264 82.2964
 80 1008  0.1815  0.0417 42.7572
112 1008  0.0582  0.0316 197.8187
144 1008  0.0584  0.0215 224.5860
176 1008  0.0571  0.1014 192.7184
208 1008  0.0000 -0.0202 23.1685
240 1008  0.1942  0.1284 74.2826
272 1008  0.2252  0.3564 253.4553
304 1008  0.9123  1.0010 125.0881
336 1008  1.3516  0.0141 39.2902
368 1008 -0.2596 -1.5211 72.3082
400 1008 -0.2805 -1.5079 30.5461
432 1008 -0.8151 -0.9209 13.6855
464 1008 -0.6704 -0.9316 35.5252
496 1008  0.0097 -0.0093 19.8111
528 1008  0.0714 -0.0210  8.8459
560 1008  0.0770 -0.1849  5.1929
784 1008 -0.0031  0.0045  6.2065
816 1008 -0.0066 -0.0051 21.8348
848 1008 -0.0754 -0.3148 29.1477
880 1008 -0.3203 -0.2463 47.9407
912 1008 -0.4032 -0.0749 45.8127
944 1008 -0.5508 -0.2843 37.3003
976 1008 -0.7770 -0.2063 59.2484
1008 1008 -0.9306 -0.2263 75.6538
1040 1008 -0.6775 -0.0959 47.6412
1072 1008 -0.6989 -0.0086 53.8014
1104 1008 -0.5910 -0.0354 47.0949
1136 1008 -0.7019  0.0614 156.0266
1168 1008 -0.2583 -0.1076 50.9340
 16 1040  0.0463  0.0275 139.1010
 48 1040  0.0345  0.0044 21.3638
 80 1040  0.1227  0.0075 215.1584
112 1040  0.0733  0.0391 74.3115
144 1040  0.0682  0.0303 225.9708
176 1040  0.0842 -0.0024 228.5866
208 1040  0.1090  0.0734 175.8566
240 1040  0.1439 -0.0058 239.3549
272 1040  0.1388  0.0024 161.9862
304 1040  0.7032 -0.0618 79.3350
336 1040  0.9130 -0.4417 126.4136
368 1040  0.4035 -1.2794 120.7475
400 1040  0.1419 -0.7268 16.1112
432 1040 -0.1538 -1.0921 52.1092
464 1040 -0.0204 -0.0604 33.8897
496 1040 -0.0025  0.0020 17.4603
528 1040  0.0123  0.0036 11.2986
560 1040  0.0190 -0.0017 10.6189
592 1040  0.0568  0.0064  5.0721
752 1040 -0.0070 -0.0008  5.5013
784 1040  0.0041 -0.0266 13.8373
816 1040 -0.0284 -0.0421 28.0347
848 1040 -0.1436 -0.1154 37.9426
880 1040 -0.1522 -0.2575 28.3281
912 1040 -0.1640 -0.1445 14.0714
944 1040 -0.3386 -0.2406 54.2244
976 1040 -0.7361 -0.2242 132.3520
1008 1040 -0.5156 -0.1211 131.0733
1040 1040 -0.7497 -0.0452 58.4120
1072 1040 -0.7071 -0.0436 43.5094
1104 1040 -0.1564 -0.0942 21.7976
1136 1040 -0.3325 -0.1154 52.3405
1168 1040 -0.3629 -0.0893 91.9409
 16 1072  0.2983  0.0029 132.6464
 48 1072  0.1448  0.0209 156.1650
 80 1072  0.2345  0.0021 193.9526
112 1072  0.1813  0.0119 216.2124
144 1072  0.2038  0.0071 56.0172
176 1072  0.1791 -0.0214 75.4825
208 1072  0.0797  0.0460 58.6648
240 1072  0.1544 -0.0175 170.8564
272 1072  0.2803 -0.1165 128.4499
304 1072  0.7498 -0.2022 112.1668
336 1072  0.2297 -0.2748 55.7195
368 1072  0.4006 -0.4245 189.0817
400 1072  0.0607 -0.3713 13.8981
432 1072  0.0187 -0.6130 18.8010
464 1072 -0.0067  0.0733  8.8872
496 1072 -0.0063  0.0541 13.8070
528 1072  0.0246 -0.0508 10.4610
560 1072 -0.0123 -0.1013  6.7657
592 1072  0.0020 -0.0380  8.3132
624 1072 -0.0518 -0.0541  4.7750
656 1072  0.0272 -0.0118  4.4031
752 1072 -0.0060  0.0060  4.2064
784 1072 -0.0304  0.0176  7.0698
816 1072  0.0009  0.0265 12.0761
848 1072 -0.0299 -0.0127 24.6203
880 1072 -0.1259 -0.0301 19.1546
912 1072 -0.4035 -0.2340 26.3793
944 1072 -0.1918  0.0182 45.5797
976 1072 -0.4668 -0.1654 35.4990
1008 1072 -0.6236 -0.0663 32.9265
1040 1072 -0.7215 -0.0863 25.1299
1072 1072 -0.4700 -0.1363 95.1398
1104 1072 -0.4345 -0.0090 30.6076
1136 1072 -0.3781 -0.0352 26.0074
1168 1072 -0.3639 -0.1142 32.5636
 16 1104  0.0049  0.0085 17.7421
 48 1104  0.0345 -0.0091 166.6863
 80 1104  0.0115 -0.0657 60.8590
112 1104  0.0221 -0.0043 213.5979
144 1104  0.0510  0.0032 101.0769
176 1104  0.0549  0.0044 167.0231
208 1104  0.2423 -0.0219 90.0317
240 1104  0.2164 -0.0227 82.4037
272 1104  0.0576 -0.1074 196.1550
304 1104  0.1430 -0.1408 111.0878
336 1104  0.5408 -0.3577 99.6937
368 1104  0.2934 -0.1950 49.3216
400 1104  0.0855 -0.1808 19.7664
432 1104  0.0238 -0.5503 18.7958
464 1104 -0.0179 -0.0268 21.5679
496 1104  0.0033  0.0074 14.5082
528 1104 -0.0061 -0.0576 11.6938
560 1104 -0.0324 -0.0437 13.7140
592 1104  0.0454  0.0035  9.3298
624 1104 -0.0416 -0.0552  9.1028
656 1104  0.0744 -0.0532  7.8004
688 1104 -0.0341  0.0338  4.4350
848 1104  0.0241  0.0027  5.0024
880 1104 -0.0003  0.0261  5.8749
912 1104 -0.0677  0.0207 11.2114
944 1104  0.0197  0.0297 13.3081
976 1104 -0.0213  0.0218  8.7217
1008 1104 -0.0779 -0.0048 18.9191
1040 1104 -0.0939 -0.0061 28.0669
1072 1104 -0.4056 -0.1135 16.4566
1104 1104 -0.1303 -0.0526 19.5219
1136 1104 -0.3823 -0.0765 13.6878
1168 1104 -0.2369 -0.0648 23.5755
 16 1136  0.0094 -0.0151 14.6065
 48 1136  0.0216  0.0140 46.2166
 80 1136  0.0464 -0.0111 85.9293
112 1136  0.0949 -0.0134 54.4761
144 1136  0.0620 -0.0127 263.5059
176 1136  0.0415 -0.0191 139.7065
208 1136  0.5225 -0.0573 59.4044
240 1136  0.0897 -0.0053 29.5538
272 1136  0.1705 -0.1844 56.1444
304 1136  0.1790 -0.3688 192.3656
336 1136  0.2985 -0.2552 95.9613
368 1136  0.0943 -0.4653 58.6931
400 1136  0.0555 -0.3872 269.6866
432 1136  0.0396 -0.1662 27.5371
464 1136  0.0201 -0.5161 36.5667
496 1136  0.0183 -0.1901 23.9792
528 1136 -0.0029  0.0076 18.7016
560 1136 -0.0057  0.0026 10.8217
592 1136  0.1168  0.0096 13.0858
624 1136  0.0046  0.0036 14.1833
656 1136  0.0042 -0.0303 17.3448
688 1136  0.0459 -0.0463 10.5750
720 1136  0.0443 -0.1502  4.9526
752 1136  0.0059 -0.0491  4.9758
784 1136 -0.0476 -0.0211  5.2267
816 1136 -0.0016 -0.0436  9.0686
848 1136  0.0368 -0.0561  8.8480
880 1136  0.0086  0.0000  4.1710
976 1136 -0.0023  0.0175  4.2534
1008 1136  0.0123  0.0123  5.0742
1040 1136 -0.0334  0.0027  4.6860
1072 1136  0.0071  0.0179  5.3888
1104 1136 -0.0074  0.0055  7.7642
1136 1136  0.0129  0.0000  9.2102
1168 1136 -0.0291  0.0311 18.3511
 16 1168  0.0235 -0.0054 23.4023
 48 1168  0.0077  0.0273 33.9095
 80 1168  0.0718 -0.0045 44.8811
112 1168  0.0348 -0.1462 88.4489
144 1168  0.0664 -0.0100 215.6491
176 1168  0.1348 -0.0204 160.1954
208 1168  0.0514 -0.0293 40.9908
240 1168  0.0396 -0.0366 283.8527
272 1168  0.0855 -0.0791 171.6873
304 1168  0.1439 -0.1689 170.2484
336 1168  0.1850 -0.1890 118.6369
368 1168  0.2159 -0.1783 73.4691
400 1168  0.0756 -0.0911 18.6276
432 1168  0.0535 -0.1496 49.9810
464 1168  0.0140 -0.1973 120.0689
496 1168  0.0004 -0.0090 22.4364
528 1168 -0.0153 -0.0155 20.1824
560 1168 -0.0027  0.0100 12.4777
592 1168  0.0177 -0.0317 11.2052
624 1168  0.0062  0.0300 15.3470
656 1168 -0.0250  0.0366 12.8774
688 1168  0.0367  0.0018 11.5411
720 1168  0.0235 -0.0118 11.8842
752 1168 -0.0137 -0.0148 10.0027
784 1168 -0.0448 -0.0156  8.1270
816 1168 -0.0262 -0.0013 13.5871
848 1168  0.0223 -0.0025 15.1131
880 1168  0.0025 -0.0095 13.2542
912 1168  0.0148 -0.0321 10.7643
944 1168  0.0043 -0.0176  5.5639
976 1168  0.0046  0.0150  4.6331
1104 1168 -0.0268  0.0164  4.1668
1136 1168 -0.0222  0.0346  4.4932
1168 1168 -0.0338  0.0421  4.6190
 16 1200  0.0207 -0.0106 15.0727
 48 1200  0.0460  0.0107 25.3249
 80 1200 -0.0053 -0.0089 14.9925
112 1200  0.0454 -0.0361 77.9155
144 1200  0.0484 -0.0206 21.1999
176 1200  0.1307 -0.0939 115.4900
208 1200  0.0824 -0.2947 89.4977
240 1200  0.1257 -0.0462 86.9278
272 1200  0.2336 -0.1266 100.2142
304 1200  0.0837 -0.1637 241.5962
336 1200  0.2384 -0.1005 129.8992
368 1200  0.2810 -0.3289 151.0702
400 1200  0.0443 -0.1240 26.7337
432 1200  0.1449 -0.1094 44.5989
464 1200 -0.0048 -0.2801 40.6203
496 1200 -0.0022 -0.0082 20.4149
528 1200 -0.0054 -0.0066 22.8875
560 1200  0.0194  0.0081 14.4571
592 1200 -0.0184 -0.0157 14.3210
624 1200 -0.0257 -0.2009 27.5653
656 1200 -0.0115 -0.0204 15.7807
688 1200  0.0273  0.0058 14.4192
720 1200  0.0118  0.0038 18.2920
752 1200 -0.0323  0.0005 15.8482
784 1200 -0.0349 -0.0013 10.6263
816 1200 -0.0017  0.0100 11.8130
848 1200  0.0205  0.0095 10.9592
880 1200  0.0110 -0.0188 13.9503
912 1200  0.0017 -0.0048 16.9024
944 1200 -0.0129 -0.0155 15.3861
976 1200 -0.0238 -0.0039 15.0956
1008 1200 -0.0123  0.0135 13.0198
1040 1200  0.0218 -0.0054  7.9422
1072 1200  0.0130 -0.1025  5.9641
1104 1200  0.0244 -0.1759  4.8462
1136 1200  0.0000 -0.0660  4.2304
 16 1232  0.0183 -0.0028 14.2994
 48 1232  0.0332 -0.0570 68.3138
 80 1232  0.0472 -0.0022 148.0340
112 1232  0.0229 -0.0145 22.2309
144 1232  0.1560 -0.0794 220.1737
176 1232  0.0820 -0.1066 109.4306
208 1232  0.0708 -0.0385 80.7114
240 1232  0.0242 -0.0360 41.1707
272 1232  0.0536 -0.1207 74.0244
304 1232  0.0622 -0.1390 238.4288
336 1232  0.0745 -0.1395 191.4521
368 1232  0.0491 -0.1840 106.8764
400 1232  0.0516 -0.1072 68.9902
432 1232  0.0055 -0.1041 14.8879
464 1232 -0.0110  0.0264 42.9261
496 1232 -0.0036  0.0124 18.2196
528 1232 -0.0221  0.0167 10.9918
560 1232 -0.0073 -0.0139 22.8918
592 1232  0.0074 -0.0172 15.8383
624 1232  0.0389 -0.0020 12.7579
656 1232  0.0082 -0.0165 14.5815
688 1232  0.0613 -0.0046 11.0022
720 1232 -0.0336 -0.0002 12.7515
752 1232 -0.0012 -0.0016 17.9892
784 1232 -0.0465  0.0150 14.2254
816 1232 -0.0229 -0.0039 20.0554
848 1232  0.0562 -0.0575 13.1369
880 1232  0.0159  0.0257  9.9121
912 1232 -0.0156  0.0132 12.8519
944 1232 -0.0013 -0.0002 14.5323
976 1232 -0.0099  0.0453 14.9821
1008 1232  0.0353 -0.0267 15.2163
1040 1232 -0.0329 -0.0157 13.6423
1072 1232 -0.0420  0.0113 11.9365
1104 1232  0.0043 -0.0081 12.6128
1136 1232  0.0061 -0.0103 11.6729
1168 1232 -0.0078 -0.0106 12.4936
 16 1264  0.0122 -0.0058 65.4463
 48 1264  0.0351 -0.0173 59.5218
 80 1264  0.0552 -0.0611 269.6787
112 1264  0.0455 -0.0640 51.3816
144 1264  0.0244 -0.0470 32.9920
176 1264  0.0453 -0.0511 109.3164
208 1264  0.0503 -0.0350 40.2203
240 1264  0.0401 -0.0789 47.0150
272 1264  0.0875 -0.1467 25.9734
304 1264  0.0815 -0.1868 157.0543
336 1264  0.0496 -0.0530 78.0656
368 1264  0.1502 -0.1675 27.7560
400 1264  0.0316 -0.0882 29.1236
432 1264  0.0717 -0.3047 205.1081
464 1264  0.0158 -0.0489 10.4578
496 1264 -0.0112 -0.0224 17.2322
528 1264  0.0007 -0.0180 14.3180
560 1264 -0.0220 -0.0283 14.1458
592 1264 -0.0251 -0.0115 11.6426
624 1264 -0.0080  0.0004 18.1287
656 1264 -0.0118 -0.0060 13.8259
688 1264  0.0144  0.0023 11.6311
720 1264  0.0075  0.0237 12.2346
752 1264 -0.0159 -0.0121 25.6650
784 1264 -0.0014  0.0105 10.9857
816 1264 -0.0077 -0.0192 18.4038
848 1264  0.0475 -0.0081 11.7158
880 1264  0.0258  0.0337  9.6837
912 1264 -0.0258  0.0315 12.5206
944 1264  0.0402  0.0110  9.0053
976 1264  0.0871 -0.0031  9.6212
1008 1264  0.0380 -0.0509 11.9062
1040 1264  0.0235  0.0170 11.9161
1072 1264  0.0509  0.0465 10.3444
1104 1264  0.0355  0.0246 10.0896
1136 1264  0.0577  0.0176  9.6552
1168 1264 -0.0072 -0.0134 12.9356
 16 1296  0.0399 -0.0091 22.4789
 48 1296  0.0037 -0.0219 28.5047
 80 1296  0.0319 -0.0122 27.0035
112 1296  0.0313 -0.0241 79.2432
144 1296  0.0735 -0.1040 24.1753
176 1296  0.0438 -0.0631 146.0798
208 1296  0.0829 -0.0899 141.2117
240 1296  0.0065 -0.1588 47.6155
272 1296  0.0688 -0.1004 30.6045
304 1296  0.1026 -0.1558 25.0586
336 1296  0.0506 -0.1956 225.2104
368 1296  0.1966 -0.0569 69.5404
400 1296  0.0413 -0.0155 56.3820
432 1296  0.0202 -0.0648 77.5142
464 1296  0.0373 -0.0059 17.7126
496 1296  0.0092 -0.0182 21.8890
528 1296  0.0070  0.0074 12.1131
560 1296  0.0055  0.0069 20.3315
592 1296  0.0019  0.0032 12.7825
624 1296 -0.0107 -0.0345 11.2233
656 1296 -0.0320 -0.0860 105.1526
688 1296 -0.0232 -0.0040 11.4554
720 1296  0.0035 -0.0063 12.1973
752 1296 -0.0083  0.0258 15.7391
784 1296  0.0275  0.0109 11.4052
816 1296 -0.0052  0.0249 10.9543
848 1296 -0.0029 -0.0225 12.6882
880 1296 -0.0127  0.0053 11.5692
912 1296 -0.0147  0.0022 11.3154
944 1296  0.0127  0.0125 10.7124
976 1296 -0.0117 -0.0235 11.3858
1008 1296  0.0424 -0.0405  9.1119
1040 1296 -0.0637  0.0574  7.9626
1072 1296 -0.0067  0.0199  9.0410
1104 1296  0.0024 -0.0228 10.9136
1136 1296  0.0623  0.0474 10.1887
1168 1296  0.0133  0.0248  9.4333
  0   0  0.0387  0.0424  0.0000
  0   0  0.0489  0.0332  0.0000
  0   0  0.0604  0.0236  0.0000
  0   0  0.0410 -0.0020  0.0000
  0   0  0.0598 -0.0167  0.0000
  0   0  0.0475 -0.0341  0.0000
  0   0  0.0621 -0.0467  0.0000
  0   0  0.0726 -0.0776  0.0000
  0   0  0.0939 -0.1352  0.0000
  0   0  0.0840 -0.1397  0.0000
  0   0  0.0926 -0.1666  0.0000
  0   0  0.0645 -0.2081  0.0000
  0   0  0.0982 -0.1944  0.0000
  0   0  0.1214 -0.2132  0.0000
  0   0  0.1107 -0.2005  0.0000
  0   0  0.1561 -0.0854  0.0000
  0   0  0.0633 -0.0048  0.0000
  0   0  0.0136  0.0226  0.0000
  0   0 -0.0074  0.0802  0.0000
  0   0 -0.0443  0.1265  0.0000
  0   0 -0.0600  0.1885  0.0000
  0   0 -0.0752  0.2633  0.0000
  0   0 -0.0198 -0.0052  0.0000
  0   0 -0.0258 -0.0455  0.0000
  0   0 -0.0323 -0.0683  0.0000
  0   0 -0.0193 -0.0221  0.0000
  0   0  0.0020 -0.0024  0.0000
  0   0  0.0058  0.0209  0.0000
  0   0  0.0208  0.0200  0.0000
  0   0  0.0031  0.0189  0.0000
  0   0 -0.0039 -0.0067  0.0000
  0   0 -0.0123  0.0011  0.0000
  0   0 -0.0167 -0.0005  0.0000
  0   0 -0.0101 -0.0009  0.0000
  0   0 -0.0241 -0.0225  0.0000
  0   0 -0.0129 -0.0255  0.0000
  0   0 -0.0599  0.0269  0.0000
  0   0 -0.0421  0.0242  0.0000
  0   0 -0.0231  0.0170  0.0000
  0   0  0.0186  0.0564  0.0000
  0   0  0.0145  0.0527  0.0000
  0   0  0.0344  0.0560  0.0000
  0   0  0.0536  0.0479  0.0000
  0   0  0.0687  0.0327  0.0000
  0   0  0.0722  0.0068  0.0000
  0   0  0.0840 -0.0204  0.0000
  0   0  0.0866 -0.0510  0.0000
  0   0  0.0975 -0.0848  0.0000
  0   0  0.1091 -0.1298  0.0000
  0   0  0.1215 -0.1828  0.0000
  0   0  0.1221 -0.2157  0.0000
  0   0  0.1249 -0.2485  0.0000
  0   0  0.1198 -0.2765  0.0000
  0   0  0.1357 -0.2748  0.0000
  0   0  0.1471 -0.2631  0.0000
  0   0  0.1415 -0.2153  0.0000
  0   0  0.1352 -0.1116  0.0000
  0   0  0.0716 -0.0078  0.0000
  0   0  0.0109  0.0780  0.0000
  0   0 -0.0387  0.1717  0.0000
  0   0 -0.0893  0.2684  0.0000
  0   0 -0.1298  0.3763  0.0000
  0   0 -0.1669  0.4969  0.0000
  0   0 -0.0471 -0.0429  0.0000
  0   0 -0.0414 -0.0611  0.0000
  0   0 -0.0334 -0.0620  0.0000
  0   0 -0.0166 -0.0320  0.0000
  0   0  0.0028 -0.0052  0.0000
  0   0  0.0136  0.0168  0.0000
  0   0  0.0202  0.0233  0.0000
  0   0  0.0109  0.0201  0.0000
  0   0  0.0001  0.0056  0.0000
  0   0 -0.0120  0.0002  0.0000
  0   0 -0.0230 -0.0065  0.0000
  0   0 -0.0316 -0.0130  0.0000
  0   0 -0.0463 -0.0223  0.0000
  0   0 -0.0551 -0.0169  0.0000
  0   0 -0.0759  0.0129  0.0000
  0   0 -0.0698  0.0296  0.0000
  0   0 -0.0497  0.0444  0.0000
  0   0 -0.0171  0.0707  0.0000
  0   0  0.0041  0.0788  0.0000
  0   0  0.0312  0.0798  0.0000
  0   0  0.0582  0.0700  0.0000
  0   0  0.0811  0.0497  0.0000
  0   0  0.0973  0.0183  0.0000
  0   0  0.1120 -0.0209  0.0000
  0   0  0.1225 -0.0673  0.0000
  0   0  0.1340 -0.1207  0.0000
  0   0  0.1455 -0.1815  0.0000
  0   0  0.1559 -0.2444  0.0000
  0   0  0.1619 -0.2970  0.0000
  0   0  0.1673 -0.3394  0.0000
  0   0  0.1712 -0.3650  0.0000
  0   0  0.1795 -0.3617  0.0000
  0   0  0.1816 -0.3291  0.0000
  0   0  0.1686 -0.2574  0.0000
  0   0  0.1389 -0.1445  0.0000
  0   0  0.0784 -0.0147  0.0000
  0   0  0.0077  0.1182  0.0000
  0   0 -0.0635  0.2578  0.0000
  0   0 -0.1343  0.4037  0.0000
  0   0 -0.2006  0.5580  0.0000
  0   0 -0.2640  0.7203  0.0000
  0   0 -0.0765 -0.0917  0.0000
  0   0 -0.0584 -0.0869  0.0000
  0   0 -0.0380 -0.0709  0.0000
  0   0 -0.0142 -0.0400  0.0000
  0   0  0.0087 -0.0061  0.0000
  0   0  0.0241  0.0204  0.0000
  0   0  0.0289  0.0318  0.0000
  0   0  0.0216  0.0285  0.0000
  0   0  0.0070  0.0151  0.0000
  0   0 -0.0111  0.0002  0.0000
  0   0 -0.0308 -0.0143  0.0000
  0   0 -0.0514 -0.0258  0.0000
  0   0 -0.0737 -0.0304  0.0000
  0   0 -0.0937 -0.0204  0.0000
  0   0 -0.1082  0.0053  0.0000
  0   0 -0.1053  0.0358  0.0000
  0   0 -0.0839  0.0667  0.0000
  0   0 -0.0492  0.0950  0.0000
  0   0 -0.0112  0.1112  0.0000
  0   0  0.0281  0.1138  0.0000
  0   0  0.0655  0.1024  0.0000
  0   0  0.0978  0.0769  0.0000
  0   0  0.1234  0.0375  0.0000
  0   0  0.1433 -0.0145  0.0000
  0   0  0.1585 -0.0784  0.0000
  0   0  0.1715 -0.1524  0.0000
  0   0  0.1831 -0.2337  0.0000
  0   0  0.1937 -0.3158  0.0000
  0   0  0.2035 -0.3899  0.0000
  0   0  0.2134 -0.4475  0.0000
  0   0  0.2232 -0.4790  0.0000
  0   0  0.2307 -0.4743  0.0000
  0   0  0.2284 -0.4262  0.0000
  0   0  0.2079 -0.3317  0.0000
  0   0  0.1637 -0.1955  0.0000
  0   0  0.0943 -0.0314  0.0000
  0   0  0.0081  0.1478  0.0000
  0   0 -0.0856  0.3363  0.0000
  0   0 -0.1802  0.5318  0.0000
  0   0 -0.2726  0.7336  0.0000
  0   0 -0.3631  0.9396  0.0000
