VARIABLES= "X pix", "Y pix", "U pix/dt", "V pix/dt", "CHC", ZONE I=37, J=41
304  16 -0.1454 -0.0286 59.5809
336  16 -0.1518 -0.0403 18.9118
368  16 -0.0962 -0.0804 24.6753
400  16 -0.0592 -0.1107 88.5845
496  16 -0.0381 -0.0922 89.0435
528  16 -0.0329 -0.0884 39.0095
560  16 -0.0516 -0.0743 40.9600
592  16 -0.0184 -0.0558 50.5679
624  16  0.0009 -0.0521 54.6133
656  16  0.0296 -0.0198 46.5454
688  16  0.0344  0.0548 273.0666
304  48  0.0218  0.1039 52.5128
336  48  0.0078  0.1054 29.4676
368  48  0.0282  0.0946 110.7027
496  48  0.0345  0.0872 71.8596
528  48  0.0302  0.0459 27.3067
560  48  0.0150  0.0293 35.2483
592  48 -0.3973  0.1346 148.4058
688  48 -0.3189  0.1085 227.5554
720  48 -0.1642  0.0536 29.2571
752  48 -0.0464  0.0113 35.0085
784  48  0.0061  0.0642 31.0576
816  48  0.0000  0.2877 254.2344
304  80 -0.0038  0.1959 49.3494
336  80 -0.0022  0.0837 30.7970
368  80 -0.0019 -0.0015 50.5679
400  80 -0.0128 -0.0218 47.0804
432  80  0.0057 -0.0307 43.5745
464  80  0.0154 -0.0051 4095.9939
496  80  0.0158 -0.0071 71.8596
528  80  0.0042 -0.0135 28.4444
560  80  0.0093 -0.0187 36.2742
592  80 -0.0100 -0.0189 41.2880
688  80 -0.0366  0.0164 341.3332
720  80 -0.0787 -0.1181 80.3137
752  80 -0.1378 -0.1335 75.8518
784  80  0.0000 -0.1240 43.4205
816  80  0.5000 -0.2211 87.1489
 16 144 -0.0948 -0.0347 38.0213
 48 144 -0.0012 -0.0492 28.8735
 80 144 -0.1305 -0.0634 154.5983
112 144 -0.0625 -0.0607 170.9436
144 144 -0.1063 -0.0246 95.1519
176 144 -0.0505 -0.0439 141.8445
208 144 -0.0402 -0.0590 43.9559
240 144 -0.0273 -0.0163 186.8588
272 144 -0.0103 -0.0192 24.7121
304 144 -0.0576 -0.0071 183.8457
336 144 -0.0033  0.0197 103.8412
368 144 -0.0245  0.0102 109.1074
400 144  0.0061  0.0233 56.9044
432 144  0.0040  0.0673 152.1460
464 144 -0.0143  0.1021 175.7240
496 144 -0.0277  0.0732 94.1707
528 144 -0.0073  0.0638 210.9752
560 144 -0.0253  0.0837 115.7660
592 144 -0.1094  0.0673 211.5244
624 144 -0.0441  0.0626 79.8388
656 144 -0.0185  0.0304 133.5627
688 144 -0.0146  0.0278 107.5964
720 144 -0.0263  0.0300 120.5534
752 144 -0.0128  0.0089 72.6821
784 144 -0.0076  0.0103 142.9726
816 144 -0.0011  0.0446 186.2462
848 144 -0.0092  0.0132 148.5423
880 144 -0.0109  0.0301 168.7662
912 144  0.0082  0.0008 151.3849
944 144 -0.0293  0.0299 117.3994
976 144 -0.0059  0.0079 65.9607
1008 144 -0.0067  0.0487 122.0292
1040 144 -0.0054  0.0180 28.4612
1072 144 -0.0386 -0.0022 140.0327
1104 144 -0.0416  0.0466 26.0384
1136 144 -0.0946  0.0596 59.2568
1168 144 -0.0604  0.0875 103.2137
 16 176 -0.0179 -0.1460 54.3199
 48 176 -0.0868 -0.1106 121.8036
 80 176 -0.1036 -0.0602 137.9291
112 176 -0.2239 -0.0368 243.7883
144 176 -0.0037 -0.0713 211.7394
176 176 -0.0434 -0.0389 151.1708
208 176 -0.0338 -0.0262 170.8321
240 176 -0.0416 -0.0642 247.0806
272 176 -0.0177 -0.0204 223.2714
304 176 -0.0426 -0.0123 199.1726
336 176 -0.0211  0.0375 298.2084
368 176 -0.0128  0.0166 141.6599
400 176 -0.0073  0.0658 151.1371
432 176 -0.0233  0.0588 141.3716
464 176 -0.0024  0.0688 87.2496
496 176 -0.0446  0.0797 193.2975
528 176 -0.0246  0.1168 229.9821
560 176 -0.0198  0.0435 173.0598
592 176 -0.0750  0.1065 127.0464
624 176 -0.0127  0.0411 271.6823
656 176 -0.0564  0.0566 137.8261
688 176 -0.0151  0.0205 79.6384
720 176 -0.0127  0.0383 155.3454
752 176  0.0335  0.1060 234.8532
784 176 -0.0073 -0.0017 90.2393
816 176  0.0042  0.0038 257.8470
848 176  0.0013 -0.0114 383.1465
880 176 -0.0059 -0.0090 112.5499
912 176 -0.0170  0.0085 148.2048
944 176 -0.0072 -0.0007 112.8690
976 176 -0.0117  0.0294 112.9908
1008 176 -0.0368  0.0320 112.5623
1040 176  0.0240  0.0362 100.4744
1072 176 -0.0281  0.0564 119.0864
1104 176 -0.0307  0.0685 131.9794
1136 176 -0.0287  0.0890 84.2232
1168 176 -0.0239  0.0501 129.6677
 16 208 -0.0414 -0.0580 226.9391
 48 208 -0.2422 -0.0929 91.9577
 80 208 -0.1148 -0.1585 105.6401
112 208 -0.0993 -0.0746 78.9470
144 208 -0.0611 -0.0598 327.5786
176 208 -0.0393 -0.0652 161.3444
208 208 -0.0633 -0.0576 147.9656
240 208 -0.0429 -0.0179 126.6951
272 208 -0.0501 -0.0488 169.8971
304 208 -0.0426 -0.0038 179.9146
336 208 -0.0350  0.0161 168.5013
368 208 -0.0121  0.0379 37.0145
400 208  0.0068  0.0330 206.9698
432 208 -0.0025  0.0617 152.6786
464 208  0.0010  0.0894 175.9389
496 208 -0.0056  0.0486 204.9497
528 208 -0.0118  0.0601 220.2113
560 208 -0.0128  0.0373 114.0278
592 208  0.0253  0.0786 32.9365
624 208 -0.0255  0.0788 103.4525
656 208 -0.0408  0.0271 111.8441
688 208 -0.0288  0.0252 96.5105
720 208 -0.0142  0.0451 82.7563
752 208 -0.0077  0.0217 132.6219
784 208 -0.0006 -0.0016 130.7637
816 208 -0.0118  0.0031 141.2790
848 208 -0.0072 -0.0044 176.7784
880 208  0.0030 -0.0100 264.9251
912 208 -0.0028  0.0112 77.7982
944 208 -0.0123 -0.0091 133.3573
976 208 -0.0123  0.0193 115.3592
1008 208  0.0144  0.0566 177.6986
1040 208 -0.0248  0.0394 79.0929
1072 208 -0.0264  0.0325 196.5242
1104 208 -0.0719  0.0575 107.4994
1136 208 -0.0599  0.0828 148.5205
1168 208 -0.0330  0.0469 93.4960
 16 240 -0.1076 -0.1069 101.8418
 48 240 -0.0586 -0.0229 12.1842
 80 240 -0.0855 -0.1411 317.2548
112 240 -0.3768 -0.0650 289.2728
144 240 -0.1166 -0.0502 281.8119
176 240 -0.0607 -0.1070 243.9338
208 240 -0.0914 -0.0688 36.9736
240 240 -0.0594 -0.0087 471.7270
272 240 -0.0736 -0.0312 190.8465
304 240 -0.0567 -0.0186 75.8893
336 240 -0.0310  0.0016 138.1051
368 240 -0.0181  0.0227 113.1888
400 240 -0.0396  0.0251 236.0264
432 240 -0.0082  0.0507 147.4568
464 240  0.0010  0.0561 217.8936
496 240 -0.0324  0.0644 267.3200
528 240 -0.0109  0.1041 123.6735
560 240 -0.0328  0.0263 136.1493
592 240 -0.0261  0.0572 188.3049
624 240 -0.0545  0.0135 157.7978
656 240 -0.0241  0.0331 179.4439
688 240 -0.0467  0.0275 184.2983
720 240 -0.0361  0.0397 163.0040
752 240 -0.0183  0.0130 168.4603
784 240  0.0009 -0.0025 114.6594
816 240  0.0014  0.0028 161.1196
848 240  0.0027  0.0153 164.1902
880 240 -0.0075  0.0031 95.2577
912 240 -0.0370  0.0189 118.7660
944 240 -0.0114  0.0024 83.4847
976 240  0.0075  0.0000 130.7964
1008 240  0.0083  0.0107 125.8738
1040 240 -0.0042  0.0560 151.9193
1072 240 -0.0257  0.0764 209.3668
1104 240 -0.0512  0.0431 89.4430
1136 240 -0.0033  0.0861 134.0265
1168 240 -0.0261  0.0444 52.5288
 16 272 -0.1498 -0.1447 231.0425
 48 272 -0.0273 -0.2008 214.1249
 80 272 -0.1452 -0.3737 120.0226
112 272 -0.0531 -0.2055 254.9442
144 272 -0.0733 -0.0548 95.2934
176 272 -0.1016 -0.0836 130.7882
208 272 -0.1234 -0.0672 289.2422
240 272 -0.0668 -0.0780 209.3197
272 272  0.0304 -0.0753 165.6551
304 272 -0.0422 -0.0504 184.6685
336 272 -0.0207 -0.0077 64.7516
368 272 -0.0246  0.0217 192.6409
400 272 -0.0225  0.0075 159.7345
432 272 -0.0149  0.0338 163.2118
464 272 -0.0160  0.0532 137.3053
496 272 -0.0072  0.0737 89.4188
528 272 -0.0296  0.0776 115.6926
560 272 -0.0492  0.0717 81.5912
592 272 -0.0310  0.0434 164.0489
624 272 -0.0329  0.0474 132.2979
656 272 -0.0245  0.0152 164.0741
688 272 -0.0051  0.0306 111.8743
720 272 -0.0051 -0.0040 136.1104
752 272 -0.0066 -0.0025 121.8023
784 272 -0.0012 -0.0177 159.4577
816 272  0.0502 -0.0293 165.3850
848 272  0.0088 -0.0253 102.2906
880 272 -0.0083 -0.0259 82.6162
912 272 -0.0172 -0.0095 65.3598
944 272 -0.0125 -0.0021 172.9674
976 272 -0.0005  0.0169 173.1156
1008 272 -0.0263  0.0234 138.5474
1040 272 -0.0157  0.0564 104.3226
1072 272 -0.0231  0.0496 183.8270
1104 272 -0.0195  0.0237 342.0571
1136 272 -0.0237  0.0678 45.3614
1168 272 -0.0466  0.1107 78.7240
 16 304 -0.2904 -0.2679 155.3315
 48 304 -0.1915 -0.0884 176.0155
 80 304 -0.1699 -0.3292 171.2743
112 304 -0.3516 -0.3006 208.9292
144 304 -0.1189 -0.1045 234.9775
176 304 -0.1763 -0.0469 277.2307
208 304 -0.1496 -0.1045 211.1038
240 304 -0.0792 -0.0563 301.8043
272 304 -0.0056 -0.0346 26.0922
304 304 -0.0499 -0.1289 266.0804
336 304 -0.0284 -0.0151 180.5415
368 304 -0.0339 -0.0080 338.7952
400 304 -0.0382  0.0211 62.7495
432 304 -0.0247  0.0204 163.3076
464 304 -0.0061  0.0508 217.5821
496 304 -0.0166  0.0636 145.6350
528 304 -0.0048  0.1015 96.5199
560 304 -0.0096  0.0344 235.6862
592 304 -0.0307  0.0735 128.3303
624 304 -0.0070  0.0455 117.4988
656 304 -0.0068  0.0395 82.9093
688 304 -0.0423  0.0243 87.6997
720 304 -0.0040  0.0267 182.8740
752 304 -0.0005 -0.0126 83.3357
784 304  0.0072 -0.0254 177.1215
816 304  0.0142 -0.0301 153.9165
848 304 -0.0180  0.0194 88.7708
880 304 -0.0009 -0.0127 168.6886
912 304 -0.0052 -0.0264 120.8329
944 304  0.0083 -0.0227 86.0600
976 304  0.0250 -0.0181 131.2025
1008 304 -0.0138  0.0130 80.5971
1040 304  0.0047  0.0192 74.2566
1072 304 -0.0168  0.0357 131.1841
1104 304  0.0205 -0.0051 187.1290
1136 304 -0.0427  0.0820 102.7868
1168 304 -0.0619  0.0769 50.9141
 16 336 -0.3225 -0.5721 208.2927
 48 336 -0.4339 -0.2204 64.1223
 80 336 -0.0667 -0.1760 157.3593
112 336 -0.3526 -0.2825 303.4104
144 336 -0.2042 -0.3203 79.9822
176 336 -0.0807 -0.2084 82.7082
208 336 -0.0795 -0.1401 258.6068
240 336 -0.0756 -0.1084 193.7503
272 336 -0.0882 -0.0795 27.0412
304 336 -0.0913 -0.0584 75.1737
336 336 -0.0678 -0.0434 156.4876
368 336 -0.0385 -0.0150 146.9104
400 336 -0.0414  0.0117 71.8810
432 336 -0.0434  0.0206 149.2508
464 336 -0.0125  0.0471 208.7772
496 336 -0.0158  0.0484 216.3699
528 336  0.0877  0.0871 145.7831
560 336 -0.0235  0.0490 138.9878
592 336  0.0131  0.0198 108.0235
624 336 -0.0217  0.0250 101.0715
656 336 -0.0227  0.0191 76.6082
688 336 -0.0102  0.0172 138.8712
720 336  0.0087  0.0013 161.3739
752 336 -0.0029 -0.0397 84.2692
784 336 -0.0154 -0.0163 93.3411
816 336  0.0102 -0.0408 91.4666
848 336  0.0353 -0.0562 101.3202
880 336  0.0388 -0.0282 96.1953
912 336 -0.0020 -0.0426 153.9151
944 336  0.0131 -0.0150 200.8060
976 336  0.0008 -0.0118 109.7316
1008 336 -0.0058  0.0066 72.3356
1040 336 -0.0340  0.0830 85.6300
1072 336 -0.0339  0.0619 102.6686
1104 336 -0.0183  0.0325 127.2213
1136 336 -0.0390  0.0630 198.1798
1168 336 -0.0367  0.1226 93.7713
 16 368 -0.5743 -0.1416 81.3726
 48 368 -0.1916 -0.5697 49.3090
 80 368 -0.2352 -0.1576 223.5997
112 368 -0.0444 -0.2683 26.9476
144 368 -0.2346 -0.3219 253.8843
176 368 -0.1695 -0.1632 134.0502
208 368 -0.1722 -0.2076 117.9462
240 368 -0.0674 -0.1664 139.6522
272 368 -0.1183 -0.0667 113.4991
304 368 -0.0766 -0.0912 283.0269
336 368 -0.0438 -0.0347 63.4824
368 368 -0.0389 -0.0406 282.9943
400 368 -0.0347 -0.0058 83.3528
432 368 -0.0145  0.0157 115.9898
464 368 -0.0006  0.0403 90.7479
496 368 -0.0126  0.0495 99.1679
528 368 -0.0041  0.0508 160.2877
560 368 -0.0250  0.0086 248.1830
592 368 -0.0011  0.0478 191.6031
624 368 -0.0154  0.0207 150.1078
656 368 -0.0101  0.0288 43.6888
688 368 -0.0380 -0.0323 71.0994
720 368 -0.0049 -0.0157 105.5906
752 368 -0.0191 -0.0409 135.8242
784 368  0.0113 -0.1155 236.2023
816 368  0.0294 -0.0857 213.8591
848 368  0.0243 -0.0319 68.7154
880 368  0.0363 -0.0434 209.1783
912 368  0.0444 -0.0559 154.1800
944 368 -0.0015  0.0344 202.2455
976 368  0.0071 -0.0642 52.2778
1008 368  0.0427  0.0049 235.8261
1040 368 -0.0241  0.0608 165.5401
1072 368 -0.0431  0.0585 97.9405
1104 368 -0.0545  0.0810 98.8575
1136 368 -0.0508  0.0726 104.9317
1168 368 -0.0626  0.0895 159.1666
 16 400 -0.0056 -0.0630 16.9596
 48 400 -0.1849 -0.2822 91.9926
 80 400 -0.3654 -0.4593 131.8486
112 400 -0.1939 -0.3604 25.5951
144 400 -0.3358 -0.5518 113.3649
176 400 -0.1211 -0.0529 23.9206
208 400 -0.4401 -0.1617 170.4574
240 400 -0.1358 -0.2550 84.0992
272 400 -0.1060 -0.0866 42.9162
304 400 -0.1254 -0.1095 151.0875
336 400 -0.1084 -0.0744 51.0376
368 400 -0.1099 -0.0487 167.3061
400 400 -0.0300 -0.0258 98.9911
432 400  0.0042  0.0118 154.9347
464 400 -0.0024  0.0236 199.8613
496 400 -0.0075  0.0256 121.1767
528 400 -0.0188  0.0342 180.5497
560 400 -0.0055  0.0343 199.9306
592 400  0.0008  0.0740 167.6522
624 400 -0.0126  0.0253 124.5744
656 400 -0.0063  0.0270 185.4856
688 400 -0.0255  0.0145 243.6427
720 400 -0.0012 -0.0152 177.2227
752 400  0.0293 -0.0187 82.3594
784 400 -0.0006 -0.0202 156.2425
816 400  0.0027 -0.0629 130.9756
848 400  0.0102 -0.0708 136.1613
880 400 -0.0045 -0.0575 65.1573
912 400  0.0269 -0.0444 132.2883
944 400  0.0537 -0.0880 121.7929
976 400  0.0389  0.0132 93.7758
1008 400 -0.0120  0.0566 82.1577
1040 400 -0.0357  0.0698 207.0277
1072 400 -0.0504  0.0806 136.9581
1104 400 -0.0288  0.0773 171.3385
1136 400 -0.0941  0.1118 112.4411
1168 400 -0.0332  0.0713 26.9009
 16 432 -0.3049 -0.1970 33.9711
 48 432 -0.7101 -0.2884 73.9523
 80 432 -0.4118 -0.4802 18.1970
112 432 -0.5276 -0.2954 79.4768
144 432 -0.1937 -0.3330 75.1695
176 432 -0.2036 -0.7673 119.6405
208 432 -0.3962 -0.4806 117.2085
240 432 -0.1722 -0.3945 131.9563
272 432 -0.1569 -0.2498 225.8462
304 432 -0.1942 -0.2057 169.2666
336 432 -0.0973 -0.0790 280.6045
368 432 -0.0575 -0.1019 157.0272
400 432 -0.0392 -0.0557 37.4447
432 432 -0.0041 -0.0438 212.9145
464 432  0.0002  0.0225 124.3896
496 432  0.0072  0.0045 32.8195
528 432  0.0252  0.0385 127.0623
560 432  0.0110  0.0622 140.2284
592 432  0.0138  0.0670 142.6776
624 432 -0.0218  0.0275 112.8688
656 432 -0.0089  0.0401 83.7829
688 432 -0.0012  0.0031 268.9515
720 432 -0.0155 -0.0116 140.6524
752 432 -0.0107 -0.0471 162.2679
784 432 -0.0001 -0.0523 152.7941
816 432 -0.0007 -0.0448 126.4994
848 432 -0.0055 -0.0666 212.7557
880 432  0.0023 -0.0581 106.3703
912 432  0.0096 -0.0387 82.4913
944 432  0.0120 -0.0293 73.4646
976 432 -0.0255 -0.0194 76.0817
1008 432 -0.0187  0.0247 80.4713
1040 432 -0.0283  0.0739 139.7118
1072 432 -0.0134  0.0636 36.0903
1104 432 -0.0705  0.0662 136.1069
1136 432 -0.1281  0.0860 106.1362
1168 432 -0.0121  0.0642 143.3003
 16 464 -0.5761 -0.2962 22.4380
 48 464 -0.6021 -0.2395 43.9924
 80 464 -0.0265 -0.6383 101.5788
112 464 -0.0964 -0.4667 268.1862
144 464 -0.2240 -0.4863 52.9097
176 464 -0.3672 -0.5427 213.8545
208 464 -0.2795 -0.6019 120.3548
240 464 -0.2356 -0.2126 165.1906
272 464 -0.1827 -0.3432 262.0826
304 464 -0.2372 -0.2305 192.4570
336 464 -0.0913 -0.0765 313.3756
368 464 -0.0841 -0.1531 161.4485
400 464 -0.0501 -0.0967 102.3164
432 464 -0.0018 -0.0283 233.1472
464 464  0.0006 -0.0073 178.8758
496 464  0.0043  0.0218 137.2245
528 464  0.0181  0.0764 144.7719
560 464  0.0074  0.1131 231.0952
592 464  0.0047  0.0350 125.9150
624 464  0.0025  0.0300 122.3387
656 464 -0.0165  0.0338 236.3920
688 464 -0.0235  0.0170 117.9846
720 464  0.0011 -0.0700 141.1683
752 464  0.0248 -0.0795 118.3827
784 464 -0.0037 -0.0675 72.5527
816 464  0.0274 -0.1303 119.9301
848 464  0.0175 -0.0658 44.5528
880 464  0.0067 -0.0639 68.8046
912 464  0.0027 -0.0268 212.1684
944 464 -0.0210 -0.0158 41.9587
976 464 -0.0165  0.0077 191.7610
1008 464 -0.0186  0.0289 44.3335
1040 464 -0.0187  0.0916 196.4488
1072 464 -0.0245  0.1305 123.1947
1104 464 -0.0400  0.0838 157.9765
1136 464 -0.0698  0.0893 60.8259
1168 464 -0.0724  0.1298 69.5457
 16 496 -0.5243 -0.4869 53.9437
 48 496 -0.9458 -0.7788 97.3141
 80 496 -0.5487 -0.6153 156.9587
112 496 -0.4506 -0.9080 181.8987
144 496 -0.9403 -0.6031 98.0287
176 496 -0.2390 -0.7941 195.8645
208 496 -0.3443 -0.8350 101.7290
240 496 -0.2550 -0.4964 160.8878
272 496 -0.3159 -0.2845 41.1945
304 496 -0.6193 -0.1038 191.4071
336 496 -0.0857 -0.1106 207.5997
368 496 -0.1424 -0.2068 174.5294
400 496 -0.0410 -0.0583 43.5092
432 496 -0.0262 -0.0516 194.2153
464 496  0.0135 -0.0286 103.7019
496 496  0.0121  0.0033 158.5149
528 496 -0.0282  0.0588 230.4710
560 496  0.0025  0.0783 55.0970
592 496 -0.0044  0.0886 62.3227
624 496 -0.0240  0.0676 88.7850
656 496 -0.0035  0.0394 131.8781
688 496 -0.0205  0.1167 101.1369
720 496  0.0246  0.0386 214.8414
752 496  0.0063 -0.0457 175.6124
784 496 -0.0410 -0.1297 146.5532
816 496 -0.0436 -0.0913 86.1152
848 496  0.0224 -0.0781 82.7476
880 496  0.0460 -0.0835 122.4552
912 496  0.0181 -0.0278 26.9190
944 496  0.0129 -0.0342 252.5809
976 496 -0.0021 -0.0199 50.2508
1008 496 -0.0360  0.0187 99.5845
1040 496 -0.0887  0.0559 231.1061
1072 496 -0.0400  0.1078 68.3120
1104 496 -0.1010  0.1597 74.1584
1136 496 -0.0878  0.1428 74.5494
1168 496 -0.0752  0.0849 53.2463
 16 528 -0.2318 -0.0965 14.7676
 48 528 -0.5153 -0.4394 78.1161
 80 528 -0.7702 -0.5397 160.7149
112 528 -0.8758 -0.6753 114.5217
144 528 -0.6079 -0.5576 251.4474
176 528 -0.4377 -0.3886 20.5077
208 528 -0.8005 -1.6351 74.9700
240 528 -0.4365 -0.6401 66.4439
272 528 -0.3686 -0.3413 90.3155
304 528 -0.2592 -0.4338 267.1449
336 528 -0.2908 -0.2740 224.8411
368 528 -0.0924 -0.3500 192.6042
400 528 -0.0626 -0.1846 76.1756
432 528 -0.0004 -0.0777 153.8619
464 528  0.0132 -0.0874 190.5303
496 528  0.1014 -0.0521 226.9922
528 528  0.0387 -0.0127 35.2614
560 528  0.0278  0.1012 177.1238
592 528  0.0219  0.0671 170.0313
624 528 -0.0242  0.0829 189.6977
656 528 -0.0090  0.1196 106.9757
688 528 -0.0381  0.0631 55.8243
720 528 -0.0674  0.0313 88.1647
752 528  0.0009  0.0059 22.6335
784 528 -0.0221 -0.1425 216.2182
816 528 -0.0084 -0.1303 116.3605
848 528  0.0089 -0.0654 61.2936
880 528  0.0343 -0.0852 122.2462
912 528 -0.0341 -0.0208 115.0497
944 528 -0.0188 -0.0016 136.3329
976 528 -0.0594  0.0467 163.5133
1008 528 -0.1213  0.1123 107.9322
1040 528 -0.0825  0.1092 123.1583
1072 528 -0.0605  0.0384 148.6542
1104 528 -0.1945  0.1205 131.0331
1136 528 -0.0925  0.0962 65.1144
1168 528 -0.1039  0.1747 39.7664
 16 560 -0.6451 -0.4950 44.2216
 48 560 -0.2446 -0.4462 69.1872
 80 560 -1.0321 -0.7405 82.7244
112 560 -0.5343 -0.4625 64.7138
144 560 -1.0875 -0.9579 14.6220
176 560 -0.8495 -1.0544 211.4725
208 560 -0.6846 -0.7918 210.0969
240 560 -0.7986 -0.6912 106.8150
272 560 -0.4690 -0.4394 196.9526
304 560 -0.3425 -0.5769 118.0122
336 560 -1.0288 -0.7497 96.0274
368 560 -0.1870 -0.4191 174.0053
400 560 -0.0594 -0.3118 82.1397
432 560 -0.0140 -0.1994 232.6709
464 560  0.0797 -0.1020 142.3840
496 560  0.0584 -0.0102 285.6425
528 560  0.0276  0.0053 200.0532
560 560  0.0734  0.0731 60.7420
592 560  0.0964  0.1198 132.0398
624 560  0.0312  0.1011 32.8181
656 560  0.0293  0.1119 67.8141
688 560 -0.0375  0.1163 29.0678
720 560 -0.0573  0.0881 83.9489
752 560 -0.0290 -0.0087 120.8367
784 560 -0.0291 -0.0498 87.9682
816 560 -0.0105 -0.0436 92.7996
848 560  0.0055 -0.0807 92.3912
880 560 -0.0178 -0.0116 67.6092
912 560 -0.0485  0.0099 228.4461
944 560 -0.0755  0.0036 51.1626
976 560 -0.0483  0.0637 32.3993
1008 560 -0.1077  0.1426 161.8803
1040 560 -0.0960  0.0501 210.7044
1072 560 -0.1352  0.1453 113.4580
1104 560 -0.1349  0.1973 111.7851
1136 560 -0.1472  0.1786 147.3577
1168 560 -0.0877  0.1399 48.9097
 16 592 -0.7448 -0.2531 50.9504
 48 592 -1.2849 -0.8558 117.1358
 80 592 -0.8794 -0.5756 44.1197
112 592 -1.0697 -0.7723 31.8390
144 592 -0.9935 -0.6276 73.2646
176 592 -1.0308 -0.7911 99.5547
208 592 -1.6038 -0.8655 330.6512
240 592 -1.4814 -0.6947 185.5202
272 592 -0.4005 -0.2296 386.5341
304 592 -0.1170 -0.3961 12.9522
336 592 -0.2827 -0.6186 53.5596
368 592 -0.2241 -0.7387 157.9125
400 592 -0.0616 -0.5395 50.7362
432 592  0.1500 -0.2824 49.1437
464 592  0.2581 -0.1007 189.1225
496 592  0.0414 -0.1138 78.2488
528 592  0.3325  0.0532 134.1917
560 592  0.1823  0.0987 141.6932
592 592  0.0858  0.1726 77.9535
624 592  0.0246  0.2462 147.3674
656 592  0.0095  0.1763 233.4243
688 592 -0.0805  0.2838 97.2351
720 592 -0.0559  0.1802 54.3366
752 592 -0.0600  0.0424 142.5454
784 592 -0.0470  0.0821 84.0127
816 592 -0.0352  0.0203 74.0653
848 592 -0.1075  0.0403 143.8943
880 592 -0.0869 -0.0090 146.7524
912 592 -0.0662  0.0419 115.1540
944 592 -0.0608  0.0332 78.9225
976 592 -0.1315  0.1617 107.0405
1008 592 -0.1704  0.1189 87.4806
1040 592 -0.0729  0.1213 34.9672
1072 592 -0.0479  0.0984 132.9966
1104 592 -0.1635  0.1814 45.7382
1136 592 -0.2403  0.2081 167.7062
1168 592 -0.1740  0.1156 40.5983
 16 624 -0.0496 -0.0155 17.1042
 48 624 -0.2107 -0.0765 63.7136
 80 624 -0.3794 -0.1675 53.3434
112 624 -0.9951 -0.6405 141.7214
144 624 -0.0582 -0.0769 19.3229
176 624 -1.3558 -0.8478 215.0693
208 624 -0.9543 -0.7910 259.2744
240 624 -0.9199 -0.9100 81.8015
272 624 -0.8845 -1.1546 33.1402
304 624 -0.7542 -1.0164 183.3604
336 624 -0.3823 -1.3555 94.4273
368 624 -0.0482 -1.0468 175.5268
400 624  0.3452 -1.2873 55.4990
432 624  0.3543 -0.4834 41.2352
464 624  0.4738 -0.3627 124.7186
496 624  0.4663 -0.0944 119.4774
528 624  0.2024  0.0425 70.0611
560 624  0.3214  0.0732 111.7292
592 624  0.1863  0.1289 37.7244
624 624  0.0840  0.2498 159.8030
656 624  0.0369  0.3804 190.6512
688 624 -0.0397  0.2701 30.2063
720 624 -0.0221  0.2160 26.3839
752 624 -0.0466  0.1038 209.0242
784 624 -0.1115  0.1181 69.3231
816 624 -0.1382  0.1991 185.8177
848 624 -0.1970  0.2069 141.2914
880 624 -0.1605  0.1992 80.3948
912 624 -0.1502  0.2064 62.3882
944 624 -0.1840  0.1043 155.5184
976 624 -0.2939  0.1722 89.5586
1008 624 -0.1925  0.1496 91.1481
1040 624 -0.1337  0.2174 136.8251
1072 624 -0.2480  0.1826 142.6146
1104 624 -0.1578  0.1335 61.6424
1136 624 -0.1387  0.1550 190.6669
1168 624 -0.1942  0.1120 106.0076
 16 656 -0.6297 -0.1349 41.0635
 48 656 -0.1917 -0.0252 45.8988
 80 656 -0.5348 -0.3237 102.3581
112 656 -1.0375 -0.7001 219.4916
144 656 -1.2805 -1.0260 149.1679
176 656 -0.9163 -0.6488 138.7614
208 656 -1.5516 -1.0440 208.3064
240 656 -1.0463 -1.2941 131.1613
272 656 -1.1208 -1.0330 270.2237
304 656 -1.5377 -1.7449 106.1831
336 656 -0.2069 -1.2251 174.0230
368 656 -0.1306 -1.7076 21.3458
400 656  0.1856 -1.2338 25.5905
432 656  0.2177 -1.2450 70.7720
464 656  0.5640 -0.5659 164.5641
496 656  0.9070 -0.0871 172.6700
528 656  0.6877  0.2371 87.1549
560 656  0.6259  0.3062 109.4734
592 656  0.3987  0.6036 100.5286
624 656  0.2202  0.3608 159.3372
656 656  0.0365  0.4432 179.1292
688 656  0.1134  0.5794 161.8935
720 656  0.0469  0.1227 79.1722
752 656 -0.0571  0.0990 122.0893
784 656 -0.0838  0.0299 187.2675
816 656 -0.1418  0.2234 153.3503
848 656 -0.0134  0.0846 181.8020
880 656 -0.0861  0.2777 201.5598
912 656 -0.2361  0.2575 58.0686
944 656 -0.3507  0.2819 62.0192
976 656 -0.4093  0.3750 97.3664
1008 656 -0.1896  0.1692 89.6727
1040 656 -0.1848  0.2624 56.6563
1072 656 -0.1887  0.0422 70.1687
1104 656 -0.3681  0.1050 161.5641
1136 656 -0.1365  0.2161 87.7218
1168 656 -0.0982  0.1552 17.7236
 16 688 -1.2649 -0.1203 190.0112
 48 688 -0.1686 -0.0734 18.6837
 80 688 -0.2742 -0.1046 265.1997
112 688 -0.6051 -0.3701 66.9296
144 688 -1.0989 -1.0239 181.5686
176 688 -1.1043 -0.7633 96.5174
208 688 -1.3198 -1.2443 133.3908
240 688 -1.1907 -0.8994 52.3533
272 688 -0.0370 -0.0291 12.4159
304 688 -1.2530 -1.6137 16.0629
336 688 -0.8698 -2.8354 21.4473
368 688 -0.9996 -1.7420 22.3559
400 688 -0.7701 -1.4206 125.1596
432 688 -2.6674 -1.2562 17.7635
464 688 -0.1297 -0.1905 11.2798
496 688  0.0158 -0.2659 83.6044
528 688  0.2525  0.0055 70.0593
560 688  0.5685  0.2061 27.7141
592 688  0.4547  0.5489 34.4721
624 688  0.3307  0.5490 71.8058
656 688  0.2173  0.7099 92.9610
688 688  0.1143  0.3773 45.5997
720 688  0.1251 -0.0954 135.4943
752 688  0.0438 -0.0175 18.9239
784 688 -0.3007 -0.0533 22.1833
816 688 -0.0730  0.2276 171.3375
848 688 -0.4045  0.3668 103.0970
880 688 -0.4106  0.2211 81.3309
912 688 -0.4499  0.1879 85.4339
944 688 -0.3138  0.2771 29.5171
976 688 -0.6278  0.1056 111.4984
1008 688 -0.4185  0.3715 65.3997
1040 688 -0.2672  0.3598 61.9711
1072 688 -0.2036  0.2027 37.3958
1104 688 -0.2843  0.1908 131.2486
1136 688 -0.2411  0.1716 140.1124
1168 688 -0.1316  0.0252 112.9114
 16 720 -0.4172 -0.0698 44.6598
 48 720 -0.1716 -0.1209 95.5945
 80 720 -0.2381 -0.2169 82.9681
112 720 -1.0751 -0.9136 37.6549
144 720 -0.2349 -0.1710 66.7857
176 720 -0.9608 -0.5125 24.1724
208 720 -1.1744 -0.7751 65.6547
240 720 -1.1335 -1.0376 249.1522
272 720 -1.7806 -1.3715 183.9843
304 720 -1.8881 -2.2804 52.7976
336 720 -2.6305 -2.2060  8.0717
368 720 -3.0593 -1.7546 13.1808
400 720 -3.3513 -1.0648 87.4559
432 720 -0.0254  0.1118 10.8333
464 720 -2.5280 -1.0821 78.2212
496 720 -1.1477 -0.7955 169.9333
528 720 -0.4625 -0.0863 122.1209
560 720 -0.0274  0.0622 128.2605
592 720  0.3841  0.5751 41.4577
624 720  0.1514  0.5412 40.8746
656 720  0.1254  0.7698 102.0210
688 720  0.2468  0.1517 82.6037
720 720  0.2720 -0.4230 104.0642
752 720  0.0495 -0.0384  9.7707
784 720 -0.0076 -0.0700 12.7714
816 720 -0.1730 -0.0330 14.1816
848 720 -0.3358  0.0304 80.5224
880 720 -0.3944  0.2234 102.1579
912 720 -0.6709  0.0683 83.9607
944 720 -0.0777  0.0298 23.0452
976 720 -0.7096  0.3768 113.8002
1008 720 -0.4599  0.0332 69.8885
1040 720 -0.5108  0.1378 141.8042
1072 720 -0.2339  0.1324 25.7992
1104 720 -0.2088  0.1937 164.9519
1136 720 -0.4545  0.2001 74.6975
1168 720 -0.2658  0.2746 208.7156
 16 752 -0.1491 -0.0041 64.9796
 48 752 -0.1623 -0.0266 20.3306
 80 752 -0.4575 -0.1038 67.6167
112 752 -0.7142 -0.2748 161.1972
144 752 -0.6958 -0.3692 192.7355
176 752 -0.7210 -0.4082 122.3811
208 752 -1.0531 -0.7160 44.7073
240 752 -1.3586 -0.9730 41.1208
272 752 -1.6986 -1.1050 111.6716
304 752 -0.7514 -0.2195 14.3135
336 752 -0.0390  0.0180 16.2433
368 752  0.0702  0.2250 54.1233
400 752 -2.2716  0.4363 13.7521
432 752 -3.1031 -0.8399 59.5535
464 752 -3.1156 -1.7302 85.5125
496 752 -2.4809 -1.8558 84.0383
528 752 -1.6535 -1.7158 136.9714
560 752 -0.9121 -0.2340 29.7104
592 752 -0.8351  0.2426 154.6877
624 752  0.1569  0.5412 21.3283
656 752  0.0454 -0.1242 171.2839
688 752  0.4118  0.1148 74.9298
720 752  0.0537  0.0171 11.7868
752 752  0.2273 -0.6378 21.8614
784 752 -0.0159 -0.3046 30.5983
816 752 -0.3313 -0.1408 27.2548
848 752 -0.2086 -0.3214 101.2936
880 752 -0.0810 -0.0375 12.6002
912 752 -0.2550  0.2227 15.8147
944 752 -0.4284  0.2690 32.7488
976 752 -0.5890  0.3307 96.9547
1008 752 -1.0088  0.1468 97.9342
1040 752 -0.5752  0.0941 93.3209
1072 752 -0.3924  0.1550 54.7884
1104 752 -0.3518  0.0551 50.8256
1136 752 -0.2452  0.1694 152.4666
1168 752 -0.2538  0.1643 152.2503
 16 784 -0.0899 -0.0313 75.4377
 48 784 -0.0718 -0.0298 134.2032
 80 784 -0.1011 -0.0552 208.1915
112 784 -0.1288 -0.0330 265.4193
144 784  0.1659 -0.0941 97.9066
176 784 -0.1657 -0.2542 393.3005
208 784 -1.1548 -0.2863 28.3992
240 784 -2.1428 -1.1645 53.5598
272 784 -2.8009 -1.7235 51.7377
304 784 -3.5136 -2.3129 111.9989
336 784 -3.3327 -2.6365 11.6751
368 784 -0.3098  0.2823  9.3268
432 784 -0.4119  0.4950  5.2357
464 784 -0.4212  0.3401 17.0074
496 784 -2.5429 -1.8552 18.4270
528 784 -2.0911 -1.2328 65.8355
560 784 -1.2970 -0.6690 33.3250
592 784 -0.6111  0.1385 190.7494
624 784 -1.0278 -0.4793 66.3640
656 784 -0.8383 -0.8078 34.6990
688 784 -0.2480 -0.7258 22.3709
720 784  0.3105 -0.1279 10.9664
752 784  0.2595 -0.7811 16.1694
784 784  0.0590 -0.2936 24.6127
816 784 -0.1555 -0.7784 27.2841
848 784 -0.2101 -0.3377 16.3738
880 784 -0.1395 -0.2616 13.4427
912 784  0.0549  0.0470 10.2459
944 784 -0.4878  0.0202 23.1490
976 784 -0.4721  0.1417 21.0691
1008 784 -1.0680  0.1045 127.1257
1040 784 -0.8035  0.5314 68.4632
1072 784 -0.5862  0.3468 66.6161
1104 784 -0.2784  0.1553 125.5072
1136 784 -0.3979  0.1036 214.9180
1168 784 -0.2678  0.1621 88.8769
 16 816  0.0012  0.0119 63.0472
 48 816 -0.1556 -0.0177 38.8103
 80 816 -0.0223  0.0212 14.9514
112 816 -0.2619 -0.1126 161.4136
144 816 -0.1962 -0.1549 128.8223
176 816 -0.0775 -0.0378 13.1766
208 816 -1.1325 -0.1159 40.4547
240 816 -1.2823 -0.0639 131.2337
272 816 -2.2161 -0.6081 26.0183
304 816 -0.0073 -0.1000  9.1180
336 816 -0.0179  0.0215 34.5111
368 816 -0.1494  0.0721  6.2834
496 816 -0.2535  0.2549  8.0358
528 816 -1.2194 -1.0820 64.1220
560 816 -0.9650 -0.9892 38.1379
592 816 -0.5017 -0.3476 89.5827
624 816 -0.2565 -0.0996 43.8482
656 816  0.1147 -0.1181 47.8166
688 816  0.2573 -0.2516 54.3502
720 816  0.0556 -0.0969  9.4858
752 816  0.0407 -0.1182 12.4005
784 816 -0.0102 -0.1165 13.5149
816 816 -0.0316 -0.2818 12.4849
848 816 -0.0031  0.0164 10.3112
880 816  0.0042 -0.0271 12.1857
912 816  0.0151  0.0217 11.4139
944 816 -0.5696 -0.0009 11.5650
976 816  0.0015  0.0145 10.5542
1008 816  0.0006 -0.0085 13.4106
1040 816 -0.5656  0.1664 68.1840
1072 816 -0.6751  0.3100 129.0014
1104 816 -0.6363  0.1903 87.4295
1136 816 -0.2666  0.1502 63.2806
1168 816 -0.4124  0.0622 100.0010
 16 848 -0.0095  0.0012 170.0032
 48 848  0.0138  0.0025 74.9781
 80 848 -0.0275  0.0107 114.4362
112 848 -0.0848 -0.0008 184.4834
144 848 -0.1046 -0.0429 52.6508
176 848 -0.1921  0.0018 190.3002
208 848 -0.1860 -0.0812 113.6361
240 848 -0.4367 -0.3887 67.3719
272 848 -1.2147 -0.8938 26.3508
304 848 -0.3956 -0.3905 11.9828
336 848  0.0661 -0.1637 21.9467
368 848  0.0081  0.0078  4.0434
496 848 -0.0164  0.0164  4.1083
528 848 -0.0630  0.1254 50.3014
560 848 -0.1889 -0.7786 39.4922
592 848  0.0449 -0.0327 47.4435
624 848 -0.1418 -0.4317 67.3634
656 848  0.0109 -0.0435 35.8712
688 848  0.0719 -0.0028 11.2241
720 848  0.0100 -0.0215 11.5584
752 848  0.0500 -0.1453  9.1775
784 848  0.0041 -0.1429 11.4207
816 848  0.0356 -0.6937 13.9831
848 848 -0.0041  0.0102 11.2295
880 848 -0.0136  0.0197  9.6239
912 848  0.0819  0.0389 10.3294
944 848  0.0016  0.0056 15.0976
976 848 -0.0051  0.0671  7.3901
1008 848 -0.2726  0.0124 20.4127
1040 848 -0.5756  0.0900 32.6445
1072 848 -0.5917  0.1317 69.2749
1104 848 -0.3785  0.0119 144.7823
1136 848 -0.3341  0.0372 102.4352
1168 848 -0.5545  0.1371 98.9548
 16 880 -0.0051  0.0215 24.9639
 48 880  0.0055  0.0231 62.2973
 80 880 -0.0283  0.0124 209.3540
112 880 -0.0198  0.0176 228.3303
144 880 -0.1357  0.0208 53.5190
176 880 -0.1402  0.0623 56.7528
208 880 -0.7191  0.0628 46.6830
240 880 -1.0183 -0.1342 172.1915
272 880 -1.0666 -0.5829 139.0990
304 880 -0.3485 -0.3153 30.9751
336 880  0.0218 -0.1857 35.2173
368 880  0.0950 -0.0932  6.1379
528 880 -0.0253  0.0351 14.5660
560 880  0.0534 -0.0453 17.5501
592 880  0.0767 -0.0213  6.6693
624 880  0.0290  0.0063 24.9290
656 880  0.0004 -0.0141 12.7467
688 880  0.0586 -0.0167 10.5093
720 880  0.0031 -0.0094 19.8237
752 880  0.0199 -0.0526 13.1874
784 880 -0.0106 -0.0252 13.8694
816 880  0.0019 -0.0760 10.5162
848 880  0.0019 -0.0056 15.0237
880 880 -0.0065 -0.0076 14.5755
912 880 -0.0319  0.0263 13.4802
944 880  0.0956  0.0403  9.0578
976 880 -0.2346 -0.0435 15.9072
1008 880 -0.7703 -0.0141 88.5312
1040 880 -0.7812  0.0668 150.3571
1072 880 -0.5453  0.0848 77.0282
1104 880 -0.4030  0.0325 106.4105
1136 880 -0.6093  0.1022 160.6139
1168 880 -0.0913  0.1518 54.2961
 16 912  0.2432  0.0331 79.3433
 48 912  0.0363  0.0100 47.4806
 80 912  0.0178  0.0530 118.1269
112 912  0.0141  0.0380 170.4828
144 912  0.0040  0.0854 30.1238
176 912 -0.0495  0.1398 97.1214
208 912 -0.0604  0.1360 44.4758
240 912 -0.1981  0.2000 154.9373
272 912 -0.2066  0.0331 24.8495
304 912 -1.0017 -1.3846 11.0599
336 912 -0.3262 -0.5559 17.5111
368 912  0.0493 -0.0219 91.3679
400 912  0.0120 -0.0231  5.5778
528 912 -0.0155  0.0155  4.4138
560 912  0.0091  0.0007  5.9083
592 912  0.0000  0.0000  4.1001
624 912  0.0182 -0.0173  7.3299
656 912 -0.0282  0.0049  6.4253
688 912  0.0089  0.0085  5.8880
720 912 -0.0231 -0.0127 10.3491
752 912  0.0458  0.0004  6.6169
784 912 -0.0077 -0.0063 17.2405
816 912 -0.0028 -0.0162  5.0867
848 912  0.0182 -0.0322  7.7591
880 912 -0.0119  0.0150 12.1904
912 912  0.0065  0.0493 14.6982
944 912 -0.1393 -0.2510 11.5601
976 912 -0.5404 -0.2347 74.4013
1008 912 -0.7323 -0.0388 170.5732
1040 912 -0.7228  0.0104 63.7228
1072 912 -0.6970  0.0233 42.6357
1104 912 -0.4410  0.0400 120.6571
1136 912 -0.6965  0.0688 141.1272
1168 912 -0.3711  0.0322 151.1924
 16 944  0.0279 -0.0067 36.3952
 48 944 -0.0121  0.0144 96.7062
 80 944  0.0442  0.0186 302.0572
112 944  0.1128  0.0052 257.7737
144 944 -0.0102  0.1014 245.7046
176 944  0.0142  0.0860 378.1859
208 944  0.0410  0.1637 126.8528
240 944 -0.0074  0.2807 197.4055
272 944  0.0057  0.0740 85.5525
304 944 -0.3702 -1.0765 88.3984
336 944 -0.0712 -0.4675 106.1178
368 944  0.0392 -0.0364 16.1678
400 944 -0.0192  0.0328 36.5316
432 944 -0.0314  0.0353  9.6011
464 944  0.0067  0.0260  8.2403
496 944 -0.0081 -0.0020  7.3561
528 944  0.0128 -0.0074  4.2402
624 944  0.0098  0.0044  4.6427
656 944 -0.0286 -0.0224  4.5903
688 944  0.0323  0.0051  5.4578
720 944 -0.0428 -0.0256  5.7679
752 944  0.0217 -0.0384  4.5949
784 944 -0.0250 -0.0164  4.3161
816 944  0.0185  0.0198  4.6296
848 944 -0.0190 -0.0072 13.5099
880 944  0.0083  0.0234 13.0550
912 944 -0.0733 -0.0431 21.6723
944 944 -0.4935 -0.4184 58.6609
976 944 -0.7481 -0.2428 50.2530
1008 944 -0.5105 -0.3715 32.6397
1040 944 -0.4090 -0.1262 25.7341
1072 944 -0.4831 -0.1785 30.5431
1104 944 -0.8981  0.0723 103.9675
1136 944 -0.3125 -0.1127 52.8534
1168 944 -0.2498 -0.0101 85.6838
 16 976  0.0312  0.0350 16.6781
 48 976  0.0587  0.0520 36.7106
 80 976  0.1036  0.0240 24.9610
112 976  0.0457  0.0378 240.2638
144 976  0.0688  0.0445 265.3723
176 976  0.1134  0.0348 229.2890
208 976  0.0790  0.1079 80.9308
240 976  0.1691  0.1096 131.6920
272 976  0.2081  0.0271 106.7280
304 976  0.2760 -0.6504 61.2760
336 976 -0.0420 -1.1534 129.2920
368 976 -0.1906 -1.6109 25.6072
400 976 -0.0140 -0.0608 11.6970
432 976 -0.0754 -0.0558 14.0242
464 976 -0.0076 -0.0409 38.3971
496 976 -0.0214 -0.0506  8.6171
528 976 -0.0098 -0.0518  4.9186
688 976 -0.0154  0.0000  4.1000
784 976  0.0094 -0.0024  4.3580
816 976  0.0067  0.0152 13.6121
848 976 -0.1778 -0.2806 48.6073
880 976 -0.2669 -0.4436 55.9342
912 976 -0.3771 -0.2939 79.7226
944 976 -0.4222 -0.1985 85.1082
976 976 -0.7201 -0.2359 68.0776
1008 976 -0.8004 -0.1738 38.6315
1040 976 -0.6058 -0.1734 16.7466
1072 976 -0.7254  0.0634 104.9295
1104 976 -1.0669  0.0954 95.4966
1136 976 -0.6684  0.2076 87.8947
1168 976 -0.3086 -0.0333 103.1194
 16 1008  0.0324  0.0548 14.9694
 48 1008  0.0637  0.0384 114.0320
 80 1008  0.0801  0.0817 27.4059
112 1008  0.1446  0.0663 92.7905
144 1008  0.3342  0.0382 114.8758
176 1008  0.1230  0.0429 174.6369
208 1008  0.4560  0.0563 158.7073
240 1008  0.1332 -0.0095 32.0499
272 1008  0.3257 -0.1347 203.7388
304 1008  0.2774 -0.2402 39.6785
336 1008  0.1639 -0.8724 93.6796
368 1008  0.0415 -1.2274 32.4130
400 1008 -0.0085 -0.0543 13.3531
432 1008 -0.0052 -0.4746 15.1989
464 1008  0.0143 -0.2699 14.6470
496 1008  0.0237 -0.0409 23.9035
528 1008 -0.0847 -0.0623 11.8233
560 1008 -0.0510  0.0079  6.6319
784 1008 -0.0087  0.0106  6.2696
816 1008 -0.0084 -0.0020 24.6182
848 1008 -0.0601 -0.1211 13.6622
880 1008 -0.2392 -0.1290 62.0804
912 1008 -0.2007 -0.2701 23.9155
944 1008 -0.2983 -0.2810 22.9787
976 1008 -0.5257 -0.1433 41.4448
1008 1008 -0.3503 -0.1735 32.8905
1040 1008 -0.5719 -0.0363 31.5533
1072 1008 -0.4047 -0.0925 83.6748
1104 1008 -0.4635 -0.0737 40.1644
1136 1008 -0.3560 -0.0864 80.9913
1168 1008 -0.5609  0.2868 88.7052
 16 1040  0.1250  0.0061 139.3360
 48 1040  0.0817  0.0089 31.9966
 80 1040  0.1544  0.0498 225.3126
112 1040  0.1018  0.0345 73.3098
144 1040  0.0861  0.0290 194.3670
176 1040  0.1449  0.0032 312.2043
208 1040  0.0846  0.0149 32.3864
240 1040  0.1905 -0.0079 56.8366
272 1040  0.2194 -0.1595 67.3725
304 1040  0.0469 -0.0836 16.0818
336 1040  0.3585 -0.4423 51.0004
368 1040  0.1415 -0.4357 94.6063
400 1040  0.0020 -0.0304 12.3701
432 1040 -0.0027 -0.1355 11.4095
464 1040  0.0039 -0.3867 64.5732
496 1040 -0.0011  0.0048 17.1055
528 1040 -0.0079 -0.0175 11.3984
560 1040 -0.0263 -0.0040 12.5178
592 1040 -0.0861 -0.0055  5.6822
752 1040 -0.0077 -0.0013  5.5038
784 1040 -0.0148  0.0008 14.5075
816 1040 -0.0171 -0.0132 28.4423
848 1040 -0.0824 -0.0483 54.6770
880 1040 -0.0708 -0.0519 16.9107
912 1040 -0.1445 -0.1017 18.8070
944 1040 -0.5891 -0.0358 64.2172
976 1040 -0.3550 -0.1949 149.6808
1008 1040 -0.2646 -0.0958 47.6876
1040 1040 -0.0900 -0.0694 131.9505
1072 1040 -0.5565 -0.0543 56.8925
1104 1040 -0.4060 -0.1076 22.9577
1136 1040 -0.5288  0.1642 31.2894
1168 1040 -0.1812 -0.1045 156.6633
 16 1072  0.1633  0.0130 103.9254
 48 1072  0.1133  0.0186 100.4495
 80 1072  0.2068  0.0406 291.1474
112 1072  0.0546  0.0061 100.0031
144 1072  0.1238 -0.0142 20.7733
176 1072  0.1028  0.0109 38.6941
208 1072  0.1303  0.0187 76.7871
240 1072  0.3624 -0.0728 60.7487
272 1072  0.5208 -0.0259 65.6866
304 1072  0.6961 -0.2529 161.2347
336 1072  0.3372 -0.3253 97.2056
368 1072  0.1864 -0.3061 66.6765
400 1072 -0.0214 -0.0366 12.6032
432 1072  0.0010 -0.0003 21.7822
464 1072  0.0018 -0.0111  9.3635
496 1072 -0.0263  0.0219 13.2485
528 1072 -0.0186 -0.0305 11.2408
560 1072 -0.0310  0.0208  8.2641
592 1072 -0.0069 -0.0011  9.9730
624 1072 -0.0246  0.0069  5.3637
656 1072 -0.0035  0.0230  4.5983
752 1072  0.0124 -0.0210  4.1903
784 1072 -0.0213 -0.0168  7.1488
816 1072  0.0048 -0.0090 12.4449
848 1072 -0.0133 -0.0028 26.7138
880 1072  0.0169  0.0169 19.5812
912 1072 -0.1090 -0.0141 44.1299
944 1072 -0.0587  0.0024 51.6863
976 1072 -0.3013 -0.1239 36.6871
1008 1072 -0.3860 -0.1477 33.8809
1040 1072 -0.5006 -0.0862 123.2123
1072 1072 -0.1853 -0.0754 25.5060
1104 1072 -0.3265 -0.0625 35.9144
1136 1072 -0.1689 -0.0582 18.5962
1168 1072 -0.1720 -0.1633 77.7154
 16 1104  0.0765  0.0431 29.2719
 48 1104  0.0646  0.0160 168.0688
 80 1104  0.0477 -0.0235 67.2066
112 1104  0.2131  0.0026 69.0265
144 1104  0.0719 -0.0003 168.9190
176 1104  0.1161 -0.0263 73.6313
208 1104  0.1174 -0.0597 54.3864
240 1104  0.1370 -0.1271 87.9824
272 1104  0.2562 -0.1961 93.4369
304 1104  0.2615 -0.1709 161.9438
336 1104  0.1546 -0.1790 178.7035
368 1104  0.0865 -0.2266 74.1562
400 1104 -0.0041 -0.0397 20.9864
432 1104 -0.0146 -0.0038 19.5985
464 1104  0.0146 -0.0042 18.7666
496 1104 -0.0047 -0.0007 14.3609
528 1104 -0.0271 -0.0102 10.9065
560 1104 -0.0030 -0.0988 13.3764
592 1104  0.0012 -0.0076 10.3713
624 1104 -0.0077  0.0175 10.9762
656 1104 -0.0233  0.0357  8.5914
688 1104 -0.0356 -0.0068  5.2646
848 1104  0.0037 -0.0011  5.0393
880 1104  0.0357 -0.0385  6.3092
912 1104  0.0075 -0.0007 12.2323
944 1104 -0.0035 -0.0028 14.1408
976 1104 -0.0115 -0.0114  9.0931
1008 1104 -0.0273 -0.0027 20.3104
1040 1104 -0.0194  0.0016 29.7443
1072 1104 -0.2345 -0.0152 15.7665
1104 1104 -0.2065 -0.0367 18.6220
1136 1104 -0.2178 -0.0308 15.1758
1168 1104 -0.1252 -0.1052 25.0681
 16 1136 -0.0031 -0.0137 13.0022
 48 1136  0.0523 -0.0070 64.6280
 80 1136  0.0681  0.0071 134.4011
112 1136  0.0346  0.0334 46.8072
144 1136  0.0642  0.0106 140.6546
176 1136  0.1005 -0.0169 198.8240
208 1136  0.0949 -0.0161 76.7403
240 1136  0.0542 -0.0677 146.6760
272 1136  0.1241 -0.0871 110.5608
304 1136  0.1018 -0.2132 29.0981
336 1136  0.1984 -0.2495 121.0405
368 1136  0.1829 -0.3078 190.6719
400 1136  0.0207 -0.0070 16.2436
432 1136  0.0219 -0.0307 11.1298
464 1136  0.0070 -0.0417 19.7001
496 1136 -0.0005  0.0200 15.3526
528 1136 -0.0069 -0.0130 17.0705
560 1136  0.0050 -0.0139 10.6192
592 1136  0.0739  0.0009 12.5561
624 1136  0.0181  0.0024 13.7396
656 1136  0.0060  0.0314 17.3635
688 1136 -0.0151 -0.0128 11.8334
720 1136 -0.0319  0.0568  5.6401
752 1136 -0.0338  0.0545  5.4259
784 1136  0.0406  0.0591  5.5229
816 1136  0.0649  0.0275  9.5610
848 1136 -0.0253  0.0329 10.3107
880 1136 -0.0225  0.0696  4.2933
976 1136 -0.0180  0.0010  4.2868
1008 1136 -0.0092 -0.0047  5.1417
1040 1136  0.0262  0.0085  4.8082
1072 1136 -0.0224 -0.0410  5.5037
1104 1136  0.0146  0.0080  8.4058
1136 1136 -0.0196  0.0166  9.7347
1168 1136  0.0101 -0.0019 19.1053
 16 1168  0.0541 -0.0138 17.7186
 48 1168  0.0170  0.0198 15.7191
 80 1168  0.0299 -0.0075 239.8323
112 1168  0.0578  0.0195 173.1780
144 1168  0.1592 -0.0235 113.4372
176 1168  0.0863 -0.0322 112.1844
208 1168  0.0336 -0.0763 343.7850
240 1168  0.1361 -0.0452 91.7414
272 1168  0.0862 -0.0838 173.9140
304 1168  0.0633 -0.1699 136.1312
336 1168  0.1433 -0.1212 133.6430
368 1168  0.1272 -0.0585 288.2043
400 1168  0.0052 -0.0117 11.3651
432 1168  0.0109 -0.0489 12.7181
464 1168  0.0145 -0.1769 17.0355
496 1168  0.0127  0.0174 11.4661
528 1168  0.0024 -0.0358 18.3645
560 1168 -0.0150 -0.0191 12.8486
592 1168  0.0097 -0.0153 10.7144
624 1168 -0.0040  0.0011 15.2834
656 1168  0.0035 -0.0155 12.6971
688 1168  0.0158  0.0048 12.5871
720 1168  0.0343 -0.0098 12.1925
752 1168 -0.0076 -0.0003 11.0184
784 1168 -0.0057  0.0495  8.8402
816 1168 -0.0068 -0.0161 13.5642
848 1168 -0.0239  0.0226 14.9209
880 1168 -0.0151 -0.0015 13.8119
912 1168 -0.0119  0.0110 11.8048
944 1168 -0.0000  0.0261  5.9694
976 1168 -0.0160  0.1261  4.7118
1104 1168  0.0070 -0.0289  4.2621
1136 1168  0.0031 -0.0407  4.6268
1168 1168 -0.0051  0.0045  4.6981
 16 1200 -0.0097  0.0004 15.4047
 48 1200  0.0398  0.0152 19.1823
 80 1200  0.0156  0.0126 14.0407
112 1200  0.1550 -0.0301 44.3840
144 1200  0.0400  0.0325 41.7800
176 1200  0.1813 -0.1033 94.0541
208 1200  0.0966 -0.0751 34.5488
240 1200  0.0616 -0.0627 160.1042
272 1200  0.0520 -0.0637 190.7962
304 1200  0.0370 -0.0702 52.4891
336 1200  0.1021 -0.2065 155.0602
368 1200  0.2848 -0.2037 65.2545
400 1200  0.0219  0.0111 12.3909
432 1200  0.0445 -0.0113 14.8293
464 1200  0.0641 -0.0501 12.7402
496 1200  0.0179 -0.0288 19.3729
528 1200  0.0356 -0.0331 21.3304
560 1200 -0.0326  0.0094 14.4775
592 1200  0.0344  0.0009 13.6641
624 1200 -0.0332 -0.0532 26.6927
656 1200 -0.0447 -0.0659 17.6805
688 1200  0.0029 -0.0044 14.3649
720 1200  0.0158  0.0108 17.5599
752 1200 -0.0350 -0.0073 16.2093
784 1200  0.0009  0.0380 10.8204
816 1200  0.0443 -0.0482 11.4060
848 1200  0.0322  0.0230 10.3855
880 1200 -0.0226  0.0012 16.0798
912 1200 -0.0401  0.0131 18.3747
944 1200  0.0002  0.0073 15.6041
976 1200  0.0052  0.0199 14.6802
1008 1200 -0.0470  0.0091 11.8392
1040 1200 -0.0100  0.0489  8.4794
1072 1200  0.0176 -0.0284  6.4833
1104 1200 -0.0015  0.0489  5.1789
1136 1200  0.0058  0.1210  4.5656
1168 1200 -0.0042 -0.0359  4.4344
 16 1232  0.0240 -0.0056 11.3562
 48 1232  0.0010 -0.0026 57.1113
 80 1232  0.0726 -0.0213 99.5867
112 1232  0.0060 -0.0188 54.4336
144 1232  0.1740 -0.0791 219.8107
176 1232  0.0926 -0.0311 79.0705
208 1232  0.1659 -0.0321 145.3432
240 1232  0.0495 -0.1391 34.3291
272 1232  0.0508 -0.0866 85.8035
304 1232  0.0331 -0.0900 245.6116
336 1232  0.0665 -0.0825 239.8940
368 1232  0.0671 -0.0905 297.7010
400 1232 -0.0017  0.0017 48.1115
432 1232 -0.0130 -0.0310 17.2805
464 1232  0.0161 -0.0330 24.8972
496 1232 -0.0112 -0.0152 17.6557
528 1232  0.0229 -0.0145 13.8111
560 1232  0.0127 -0.0180 22.1993
592 1232  0.0054  0.0147 20.7206
624 1232 -0.0216 -0.0306 15.3223
656 1232  0.0175 -0.0005 12.7637
688 1232  0.0259  0.0489 11.6546
720 1232  0.0234 -0.0164 12.8554
752 1232  0.0039 -0.0002 20.6064
784 1232  0.1136 -0.0100 13.8407
816 1232  0.0156  0.0131 19.8128
848 1232  0.0304 -0.0576 11.1992
880 1232 -0.1247 -0.0508  8.3816
912 1232  0.0136 -0.0239  8.3440
944 1232 -0.0107 -0.0090 15.5186
976 1232  0.0018 -0.0513 14.6880
1008 1232  0.0016 -0.0021 17.0257
1040 1232 -0.0205  0.0107 13.1163
1072 1232  0.0219 -0.0225 11.9948
1104 1232 -0.0241 -0.0160 12.5638
1136 1232  0.0146  0.0118 11.7244
1168 1232 -0.0810  0.0111 12.7307
 16 1264  0.0711 -0.0020 33.1547
 48 1264 -0.1462 -0.0588 37.9856
 80 1264  0.0598  0.0308 206.6330
112 1264  0.0183 -0.0321 60.0123
144 1264  0.0423 -0.0195 93.0594
176 1264  0.2266 -0.0306 101.1915
208 1264  0.1198 -0.0563 61.5067
240 1264  0.0665 -0.0449 87.0220
272 1264  0.0572 -0.0586 45.3270
304 1264  0.0427 -0.0876 69.0565
336 1264  0.1244 -0.0213 78.9145
368 1264  0.0352 -0.0479 17.4133
400 1264 -0.0110 -0.0247 13.8044
432 1264 -0.0239 -0.0296 16.9522
464 1264 -0.0169  0.0380 12.9441
496 1264 -0.0332 -0.0225 10.7153
528 1264  0.0116  0.0108 11.8413
560 1264 -0.0059  0.0107 13.3362
592 1264  0.0372 -0.0126 14.4285
624 1264 -0.0159 -0.0051 19.8344
656 1264  0.0030  0.0072 13.3189
688 1264 -0.0303  0.0088 10.9495
720 1264  0.0054  0.0224 13.3110
752 1264 -0.0285 -0.0053 24.8534
784 1264 -0.0455 -0.0042 11.3842
816 1264  0.0229  0.0328 15.4364
848 1264  0.0181 -0.0073 10.0144
880 1264 -0.0239 -0.0720  8.5996
912 1264  0.0088 -0.0126 11.6241
944 1264 -0.0267  0.0263  9.5986
976 1264 -0.0880 -0.0706  7.6976
1008 1264 -0.0316 -0.0241 10.4105
1040 1264  0.0352  0.0002 10.7757
1072 1264  0.0919 -0.0063 10.1416
1104 1264  0.0165 -0.0168  9.5872
1136 1264 -0.0532 -0.0207 10.0758
1168 1264 -0.0137 -0.0228 12.9434
 16 1296  0.0101  0.0050 22.1612
 48 1296  0.0230  0.0024 19.5621
 80 1296  0.0478  0.0016 29.6934
112 1296  0.0204 -0.0103 46.6841
144 1296  0.0289 -0.0022 63.7705
176 1296  0.0359 -0.0309 108.3125
208 1296  0.0322 -0.0465 121.3906
240 1296  0.0118 -0.0434 83.7993
272 1296  0.0477 -0.1202 47.2850
304 1296  0.0374 -0.0599 30.0652
336 1296  0.1289 -0.1314 246.0132
368 1296  0.0585 -0.2372 163.3554
400 1296 -0.0035 -0.0055 27.0820
432 1296 -0.0197 -0.0117 18.0977
464 1296  0.0026  0.0098 17.0653
496 1296  0.0511 -0.0091 25.3343
528 1296  0.0199 -0.0161  9.6598
560 1296 -0.0152 -0.0118 24.5240
592 1296  0.0219 -0.0004 14.4083
624 1296 -0.0325 -0.0057 15.4738
656 1296 -0.0229 -0.0308 20.0806
688 1296  0.0231  0.0010 11.9432
720 1296  0.0397 -0.0065 12.0831
752 1296 -0.0233 -0.0115 14.7805
784 1296  0.0222 -0.0368 11.3453
816 1296  0.0118  0.0200  9.5349
848 1296  0.0430 -0.0410 11.3414
880 1296 -0.0127  0.0082 11.3926
912 1296  0.0036  0.0056 11.5660
944 1296  0.0051 -0.0495 10.5653
976 1296 -0.0836  0.0116 10.7199
1008 1296 -0.0013  0.0218  9.4507
1040 1296  0.0372 -0.0332  8.0740
1072 1296  0.0896  0.0068  9.5322
1104 1296  0.0007  0.0435 10.7950
1136 1296  0.0116 -0.0405 10.4160
1168 1296 -0.0109 -0.0256  9.1039
  0   0  0.0345 -0.0179  0.0000
  0   0  0.0046 -0.0180  0.0000
  0   0 -0.0314 -0.0218  0.0000
  0   0 -0.0092 -0.0196  0.0000
  0   0  0.0180 -0.0016  0.0000
  0   0  0.0443 -0.0006  0.0000
  0   0  0.0659 -0.0074  0.0000
  0   0  0.0630 -0.0197  0.0000
  0   0  0.0615 -0.0271  0.0000
  0   0  0.0672 -0.0530  0.0000
  0   0  0.0449 -0.0825  0.0000
  0   0  0.0219 -0.1023  0.0000
  0   0  0.0219 -0.1487  0.0000
  0   0  0.0108 -0.1400  0.0000
  0   0  0.0497 -0.1793  0.0000
  0   0  0.0139 -0.2045  0.0000
  0   0 -0.0326 -0.0668  0.0000
  0   0 -0.0493 -0.0173  0.0000
  0   0 -0.0335  0.0081  0.0000
  0   0  0.0061  0.0066  0.0000
  0   0  0.0059  0.0012  0.0000
  0   0 -0.0048 -0.0001  0.0000
  0   0  0.0076 -0.0020  0.0000
  0   0 -0.0150 -0.0092  0.0000
  0   0 -0.0097 -0.0260  0.0000
  0   0  0.0206 -0.0179  0.0000
  0   0  0.0319 -0.0243  0.0000
  0   0  0.0130 -0.0366  0.0000
  0   0  0.0375 -0.0514  0.0000
  0   0  0.0493 -0.0226  0.0000
  0   0  0.0381 -0.0526  0.0000
  0   0  0.0004 -0.0108  0.0000
  0   0 -0.0022 -0.0055  0.0000
  0   0 -0.0141 -0.0235  0.0000
  0   0 -0.0466  0.0134  0.0000
  0   0  0.0088  0.0285  0.0000
  0   0  0.0583  0.0051  0.0000
  0   0  0.0948  0.0217  0.0000
  0   0  0.0555  0.0369  0.0000
  0   0  0.0352 -0.0105  0.0000
  0   0  0.0078 -0.0200  0.0000
  0   0  0.0127 -0.0200  0.0000
  0   0 -0.0012 -0.0198  0.0000
  0   0 -0.0135 -0.0201  0.0000
  0   0  0.0027 -0.0165  0.0000
  0   0  0.0303 -0.0079  0.0000
  0   0  0.0597 -0.0083  0.0000
  0   0  0.0827 -0.0177  0.0000
  0   0  0.0905 -0.0342  0.0000
  0   0  0.0895 -0.0548  0.0000
  0   0  0.0828 -0.0862  0.0000
  0   0  0.0578 -0.1222  0.0000
  0   0  0.0289 -0.1545  0.0000
  0   0  0.0081 -0.1881  0.0000
  0   0 -0.0099 -0.1977  0.0000
  0   0 -0.0103 -0.2087  0.0000
  0   0 -0.0350 -0.1921  0.0000
  0   0 -0.0645 -0.1068  0.0000
  0   0 -0.0754 -0.0438  0.0000
  0   0 -0.0625 -0.0048  0.0000
  0   0 -0.0348  0.0115  0.0000
  0   0 -0.0204  0.0156  0.0000
  0   0 -0.0139  0.0140  0.0000
  0   0 -0.0045  0.0072  0.0000
  0   0 -0.0062 -0.0048  0.0000
  0   0  0.0025 -0.0212  0.0000
  0   0  0.0225 -0.0307  0.0000
  0   0  0.0357 -0.0454  0.0000
  0   0  0.0400 -0.0641  0.0000
  0   0  0.0594 -0.0809  0.0000
  0   0  0.0793 -0.0799  0.0000
  0   0  0.0153 -0.0491  0.0000
  0   0 -0.0073 -0.0190  0.0000
  0   0 -0.0145 -0.0052  0.0000
  0   0 -0.0182  0.0006  0.0000
  0   0 -0.0148  0.0237  0.0000
  0   0  0.0278  0.0379  0.0000
  0   0  0.0735  0.0347  0.0000
  0   0  0.1009  0.0387  0.0000
  0   0  0.0858  0.0364  0.0000
  0   0  0.0593  0.0090  0.0000
  0   0  0.0282 -0.0084  0.0000
  0   0  0.0108 -0.0164  0.0000
  0   0 -0.0026 -0.0192  0.0000
  0   0 -0.0049 -0.0184  0.0000
  0   0  0.0125 -0.0146  0.0000
  0   0  0.0428 -0.0103  0.0000
  0   0  0.0763 -0.0132  0.0000
  0   0  0.1039 -0.0259  0.0000
  0   0  0.1178 -0.0488  0.0000
  0   0  0.1173 -0.0807  0.0000
  0   0  0.1027 -0.1216  0.0000
  0   0  0.0721 -0.1664  0.0000
  0   0  0.0340 -0.2073  0.0000
  0   0 -0.0027 -0.2393  0.0000
  0   0 -0.0349 -0.2509  0.0000
  0   0 -0.0583 -0.2439  0.0000
  0   0 -0.0837 -0.2076  0.0000
  0   0 -0.1043 -0.1367  0.0000
  0   0 -0.1095 -0.0675  0.0000
  0   0 -0.0965 -0.0143  0.0000
  0   0 -0.0718  0.0182  0.0000
  0   0 -0.0489  0.0328  0.0000
  0   0 -0.0304  0.0337  0.0000
  0   0 -0.0145  0.0240  0.0000
  0   0 -0.0034  0.0063  0.0000
  0   0  0.0104 -0.0163  0.0000
  0   0  0.0283 -0.0394  0.0000
  0   0  0.0450 -0.0653  0.0000
  0   0  0.0603 -0.0935  0.0000
  0   0  0.0815 -0.1204  0.0000
  0   0  0.1048 -0.1411  0.0000
  0   0 -0.0150 -0.0415  0.0000
  0   0 -0.0275 -0.0179  0.0000
  0   0 -0.0325  0.0015  0.0000
  0   0 -0.0256  0.0195  0.0000
  0   0  0.0002  0.0405  0.0000
  0   0  0.0478  0.0567  0.0000
  0   0  0.0977  0.0624  0.0000
  0   0  0.1264  0.0603  0.0000
  0   0  0.1198  0.0476  0.0000
  0   0  0.0869  0.0234  0.0000
  0   0  0.0439  0.0001  0.0000
  0   0  0.0085 -0.0149  0.0000
  0   0 -0.0109 -0.0203  0.0000
  0   0 -0.0093 -0.0181  0.0000
  0   0  0.0141 -0.0120  0.0000
  0   0  0.0529 -0.0075  0.0000
  0   0  0.0969 -0.0108  0.0000
  0   0  0.1342 -0.0266  0.0000
  0   0  0.1554 -0.0569  0.0000
  0   0  0.1555 -0.1011  0.0000
  0   0  0.1336 -0.1561  0.0000
  0   0  0.0924 -0.2152  0.0000
  0   0  0.0398 -0.2689  0.0000
  0   0 -0.0152 -0.3067  0.0000
  0   0 -0.0654 -0.3186  0.0000
  0   0 -0.1067 -0.2988  0.0000
  0   0 -0.1379 -0.2456  0.0000
  0   0 -0.1557 -0.1670  0.0000
  0   0 -0.1562 -0.0829  0.0000
  0   0 -0.1390 -0.0113  0.0000
  0   0 -0.1097  0.0376  0.0000
  0   0 -0.0770  0.0616  0.0000
  0   0 -0.0471  0.0638  0.0000
  0   0 -0.0224  0.0494  0.0000
  0   0 -0.0025  0.0237  0.0000
  0   0  0.0159 -0.0088  0.0000
  0   0  0.0350 -0.0450  0.0000
  0   0  0.0552 -0.0836  0.0000
  0   0  0.0771 -0.1237  0.0000
  0   0  0.1020 -0.1640  0.0000
  0   0  0.1286 -0.2033  0.0000
