VARIABLES= "X pix", "Y pix", "U pix/dt", "V pix/dt", "CHC", ZONE I=37, J=41
304  16 -0.0543 -0.0411 59.5809
336  16 -0.0486 -0.0618 18.9118
368  16 -0.0441 -0.0856 24.6753
400  16 -0.0573 -0.0905 88.5845
496  16 -0.0680 -0.0566 89.0435
528  16 -0.0543 -0.0334 39.0095
560  16 -0.0294 -0.0230 40.9600
592  16 -0.0101 -0.0209 50.5679
624  16  0.0052 -0.0075 54.6133
656  16  0.0062  0.0314 46.5454
688  16 -0.0006  0.0901 273.0666
304  48  0.0129  0.1241 52.5128
336  48  0.0240  0.0791 29.4676
368  48  0.0300  0.0596 110.7027
496  48  0.0298  0.0679 71.8596
528  48  0.0061  0.0374 27.3067
560  48 -0.0067 -0.0063 34.9643
592  48  0.0025 -0.0038 260.6544
688  48 -0.0062  0.0186 227.5554
720  48 -0.0150  0.0200 29.2571
752  48 -0.0060  0.0174 35.0085
784  48  0.0000 -0.0067 30.9937
816  48 -0.0693  0.0000 204.7999
304  80 -0.0258 -0.0056 49.3494
336  80  0.0124 -0.0169 30.7970
368  80  0.0365 -0.0236 50.5679
400  80  0.0237 -0.0115 47.0804
432  80 -0.0107  0.0106 43.5745
464  80 -0.0810  0.0305 4095.9939
496  80 -0.0374  0.0092 71.8596
528  80  0.0048  0.0071 28.4444
560  80  0.0000 -0.0080 40.6729
592  80 -0.0089  0.0453 52.9823
688  80 -0.0202  0.0741 341.3332
720  80 -0.0221 -0.0235 80.3137
752  80 -0.0079 -0.0557 75.8518
784  80  0.0620 -0.0443 59.5454
816  80  0.0000 -0.2158 156.6775
 16 144 -0.0124 -0.0341 78.0823
 48 144 -0.0371 -0.0493 36.8065
 80 144 -0.0101 -0.1208 64.4435
112 144 -0.0236 -0.0356 44.4062
144 144 -0.0272 -0.0353 210.9572
176 144 -0.0154 -0.0470 86.0846
208 144 -0.0181 -0.0445 130.3692
240 144 -0.0319 -0.0060 196.4559
272 144 -0.0173  0.0043 89.4233
304 144 -0.0030  0.0107 190.8052
336 144  0.0004  0.0155 102.3707
368 144  0.0088  0.0155 126.9696
400 144  0.0001  0.0409 254.8228
432 144 -0.0155  0.0712 153.8782
464 144  0.0091  0.1149 152.4682
496 144  0.0119  0.0426 107.5743
528 144  0.0135  0.0376 232.2704
560 144  0.0274  0.0693 84.5910
592 144 -0.0028  0.0629 210.4741
624 144  0.0039  0.0914 149.0476
656 144  0.0211  0.0292 86.6903
688 144  0.0050  0.0295 104.0721
720 144 -0.0072  0.0084 133.5811
752 144  0.0050  0.0260 116.8354
784 144  0.0178  0.0038 65.9819
816 144  0.0133  0.0174 154.3737
848 144  0.0286  0.0078 150.5202
880 144  0.0173  0.0046 175.5628
912 144  0.0267  0.0077 141.8589
944 144  0.0091  0.0042 141.5699
976 144  0.0196  0.0137 76.5257
1008 144 -0.0782  0.0375 56.2179
1040 144 -0.0068  0.0004 23.2269
1072 144  0.0135  0.0078 90.2283
1104 144  0.0363  0.0178 43.8012
1136 144 -0.0056  0.0203 94.2806
1168 144 -0.0263  0.0512 85.3901
 16 176 -0.0368 -0.0943 114.4855
 48 176 -0.0958 -0.1246 70.4623
 80 176 -0.0728 -0.0813 68.3321
112 176 -0.0329 -0.0355 300.8429
144 176 -0.1094 -0.0200 378.4896
176 176 -0.0161 -0.0300 233.2363
208 176 -0.0201 -0.0606 89.3473
240 176  0.0082 -0.0271 326.8111
272 176 -0.0057 -0.0216 147.3045
304 176 -0.0090 -0.0207 182.9816
336 176  0.0305  0.0347 241.2845
368 176  0.0106  0.0254 191.7340
400 176  0.0243  0.0394 198.7201
432 176  0.0154  0.0308 126.1855
464 176  0.0177  0.0621 115.2806
496 176  0.0127  0.0328 235.1021
528 176 -0.0208  0.0841 179.1339
560 176 -0.0197  0.0494 153.3080
592 176  0.0069  0.0622 107.7786
624 176 -0.0001  0.0412 235.6781
656 176  0.0006  0.0481 118.9290
688 176  0.0178  0.0163 68.9311
720 176 -0.0256  0.0196 211.4230
752 176  0.0509  0.0110 251.1416
784 176  0.0151  0.0140 73.0580
816 176  0.0123  0.0041 215.2306
848 176  0.0148 -0.0071 296.6364
880 176  0.0667  0.0042 116.3481
912 176  0.0157  0.0118 156.3118
944 176  0.0473 -0.0221 88.8045
976 176  0.0006  0.0117 140.5526
1008 176  0.0154  0.0156 169.4046
1040 176  0.0060  0.0685 74.9366
1072 176 -0.0042  0.0105 188.0524
1104 176 -0.0055  0.0291 141.9697
1136 176  0.0199  0.0062 81.2205
1168 176  0.0058  0.0393 286.0736
 16 208 -0.0693 -0.1073 234.4433
 48 208 -0.0288 -0.0845 42.4712
 80 208 -0.0331 -0.0241 304.5556
112 208 -0.0380 -0.0890 75.6870
144 208 -0.0353 -0.0666 396.0911
176 208 -0.0389 -0.0625 156.1058
208 208 -0.0326 -0.0280 313.2104
240 208 -0.0228 -0.0198 150.7592
272 208 -0.0183 -0.0179 184.2856
304 208  0.0001 -0.0050 142.0698
336 208  0.0111  0.0251 265.0001
368 208  0.0132  0.0205 105.5378
400 208  0.0090 -0.0045 142.6685
432 208  0.0177  0.0429 137.3757
464 208  0.0345  0.0598 170.9079
496 208  0.0128  0.0677 170.5546
528 208  0.0006  0.0852 231.4747
560 208  0.0415  0.0427 94.1481
592 208 -0.0067  0.0096 270.6915
624 208  0.0021  0.0461 135.8208
656 208 -0.0128  0.0187 58.4404
688 208 -0.0036  0.0176 105.2971
720 208  0.0004  0.0140 112.3986
752 208  0.0166 -0.0043 208.3578
784 208  0.0231  0.0272 122.9072
816 208  0.0208 -0.0143 141.1592
848 208  0.0130 -0.0160 182.1661
880 208  0.0095 -0.0028 243.3071
912 208  0.0019  0.0076 140.7182
944 208  0.0177  0.0027 77.8062
976 208  0.0141  0.0112 148.3785
1008 208  0.0528  0.0012 97.2886
1040 208  0.0102  0.0267 126.9150
1072 208 -0.0109  0.0460 189.4537
1104 208  0.0105  0.0162 126.6925
1136 208 -0.0127  0.0446 164.2133
1168 208  0.0293  0.0309 35.0363
 16 240 -0.1035 -0.2259 77.6104
 48 240 -0.0947 -0.0485 51.2713
 80 240 -0.0822 -0.1045 268.0822
112 240 -0.0537 -0.0738 268.9906
144 240 -0.0545 -0.0977 219.4538
176 240 -0.0309 -0.0591 111.1225
208 240 -0.0633 -0.0220 73.0077
240 240 -0.0058  0.0006 87.6760
272 240 -0.0123 -0.0553 100.2512
304 240 -0.0350 -0.0239 206.5007
336 240  0.0028  0.0156 96.6119
368 240 -0.0068  0.0281 146.6855
400 240  0.0191  0.0357 218.1939
432 240  0.0115  0.0201 105.4522
464 240  0.0153  0.0934 173.5247
496 240  0.0185  0.0400 252.9846
528 240 -0.0059  0.0714 183.7584
560 240 -0.0447  0.0487 163.4671
592 240  0.0039  0.0338 148.3144
624 240  0.0409 -0.0042 115.4921
656 240  0.0319  0.0269 170.5415
688 240  0.0059  0.0142 208.4394
720 240  0.0789 -0.0566 73.3716
752 240  0.0162 -0.0017 168.7914
784 240  0.0360 -0.0078 96.0656
816 240  0.0078 -0.0008 194.3894
848 240  0.0304 -0.0262 128.1503
880 240  0.0278 -0.0185 88.2913
912 240  0.0145 -0.0078 93.1124
944 240 -0.0613 -0.1276 74.4519
976 240  0.0510  0.0148 104.4951
1008 240  0.0449  0.0259 103.3454
1040 240 -0.0092  0.0425 102.4723
1072 240 -0.0039  0.0181 213.9554
1104 240 -0.0246  0.0452 106.2390
1136 240 -0.0272  0.0559 180.9730
1168 240 -0.0148  0.0685 66.3136
 16 272 -0.0551 -0.1271 298.6461
 48 272 -0.1134 -0.1664 151.7154
 80 272 -0.0346 -0.1793 262.0942
112 272 -0.1556 -0.0948 290.6029
144 272 -0.0759 -0.0531 216.8470
176 272 -0.0232 -0.1156 153.5682
208 272 -0.1013 -0.1257 213.6127
240 272 -0.0723 -0.0740 284.6910
272 272 -0.0351 -0.0148 338.2022
304 272 -0.0144 -0.0569 190.8005
336 272 -0.0289 -0.0033 195.2715
368 272 -0.0068  0.0146 128.0734
400 272  0.0001  0.0378 55.3600
432 272  0.0121  0.0305 122.4971
464 272 -0.0082  0.0672 160.8951
496 272  0.0028  0.1013 148.6769
528 272 -0.0217  0.0976 186.1863
560 272  0.0213 -0.0006 19.3231
592 272 -0.0056  0.0256 112.2571
624 272  0.0185  0.0583 106.9276
656 272  0.0324  0.0045 160.3112
688 272  0.0205  0.0264 118.9659
720 272  0.0258  0.0050 101.9378
752 272  0.0427 -0.0045 123.9160
784 272  0.0103 -0.0549 132.8515
816 272  0.0368  0.0139 187.7594
848 272  0.0052 -0.0185 98.7604
880 272  0.0360 -0.0218 66.4782
912 272  0.0326 -0.0132 70.6885
944 272  0.0306 -0.0026 184.5155
976 272  0.0198 -0.0318 145.2577
1008 272  0.0540 -0.0243 124.7918
1040 272  0.0307  0.0088 112.5268
1072 272  0.0056  0.0888 140.5523
1104 272 -0.0233  0.0261 190.7438
1136 272  0.0348  0.0180 386.1611
1168 272 -0.0277  0.0653 81.6987
 16 304 -0.3228 -0.1435 288.7378
 48 304 -0.0900 -0.2577 169.6130
 80 304 -0.0778 -0.1695 254.7113
112 304 -0.1079 -0.2113 150.3127
144 304 -0.1282 -0.1974 229.9911
176 304 -0.0959 -0.0619 120.6952
208 304 -0.0218 -0.0215 13.2749
240 304 -0.0595 -0.0981 152.5882
272 304 -0.0136 -0.1132 272.1685
304 304 -0.0372 -0.0177 229.3593
336 304 -0.0137  0.0076 98.9253
368 304 -0.0027  0.0000 158.1388
400 304 -0.0149  0.0417 69.2505
432 304  0.0032  0.0566 124.1066
464 304 -0.0112  0.0503 342.7061
496 304  0.0226  0.0638 159.8945
528 304  0.0017  0.0465 68.0398
560 304 -0.0327  0.1189 198.1752
592 304  0.0144  0.0284 129.3218
624 304  0.0018  0.0356 127.7384
656 304  0.0012  0.0235 84.5570
688 304  0.0047 -0.0131 87.3436
720 304  0.0429 -0.0049 96.9607
752 304  0.0303 -0.0277 93.6328
784 304 -0.0054 -0.0317 229.7328
816 304  0.0312 -0.0298 134.0601
848 304  0.0461 -0.0206 90.6431
880 304  0.0307 -0.0098 51.6286
912 304  0.0333  0.0206 65.5272
944 304  0.0273 -0.0328 215.5946
976 304  0.0419 -0.0048 122.1546
1008 304  0.0259  0.0008 102.8028
1040 304  0.0113  0.0434 82.2904
1072 304 -0.0070  0.0296 151.8142
1104 304 -0.0004  0.0360 57.5965
1136 304 -0.0138  0.0210 118.0515
1168 304 -0.0227  0.0484 68.8966
 16 336 -0.2552 -0.1353 21.5203
 48 336 -0.5564 -0.0431 46.0313
 80 336 -0.0539 -0.2135 282.4292
112 336 -0.2225 -0.2099 41.8969
144 336 -0.0791 -0.0771 76.0062
176 336 -0.1165 -0.0301 123.1304
208 336 -0.0653 -0.0549 349.2513
240 336 -0.0867 -0.1258 106.4082
272 336  0.0034 -0.1098 197.5929
304 336 -0.0500 -0.0325 282.4446
336 336 -0.0232  0.0055 160.4811
368 336 -0.0331  0.0012 109.7252
400 336 -0.0143  0.0307 96.3554
432 336 -0.0190 -0.0243 228.2585
464 336 -0.0010  0.0231 191.7883
496 336  0.0104  0.0457 153.2993
528 336  0.0063  0.0623 244.8093
560 336  0.0214  0.0806 264.7944
592 336 -0.0024  0.0374 61.0443
624 336  0.0058  0.0312 112.3362
656 336  0.0186  0.0203 82.9589
688 336  0.0271  0.0233 153.7279
720 336  0.0090 -0.0332 137.1426
752 336  0.0234 -0.0058 77.0093
784 336  0.0539 -0.0324 163.8294
816 336  0.0448 -0.0268 110.4597
848 336  0.0057 -0.0068 99.7055
880 336  0.0742 -0.0175 110.0780
912 336  0.0449 -0.0086 123.8517
944 336  0.0243 -0.0404 191.7463
976 336  0.0059 -0.0152 96.8145
1008 336  0.0136  0.0004 116.1237
1040 336 -0.0099 -0.0117 79.9254
1072 336  0.0028  0.0297 94.9818
1104 336 -0.0009  0.0481 141.5621
1136 336 -0.0336  0.0683 154.2469
1168 336 -0.0201  0.0602 135.4380
 16 368 -0.1498 -0.2287 57.7014
 48 368 -0.1226 -0.3452 170.3831
 80 368 -0.0862 -0.0732 159.5791
112 368 -0.2723 -0.4740 102.7319
144 368 -0.2988 -0.1954 37.6651
176 368 -0.2966 -0.1322 179.9457
208 368 -0.0664 -0.2612 92.0978
240 368 -0.0835 -0.1223 200.2005
272 368 -0.0262 -0.1044 33.2148
304 368 -0.0675 -0.0694 111.5403
336 368 -0.0687 -0.0400 283.1458
368 368 -0.0361 -0.0143 120.9741
400 368 -0.0087  0.0281 92.1353
432 368 -0.0082  0.0525 76.9921
464 368 -0.0154  0.0692 196.4088
496 368  0.0675  0.0387 77.6862
528 368  0.0064  0.0499 258.5101
560 368  0.0132  0.0531 155.2548
592 368  0.0484  0.0334 196.4669
624 368  0.0135  0.0090 131.4863
656 368  0.0264  0.0093 59.7710
688 368  0.0943  0.0803 94.2980
720 368  0.0211 -0.0219 110.4385
752 368  0.0251 -0.0309 124.9809
784 368  0.0201 -0.0385 335.2079
816 368  0.0172 -0.0355 169.6866
848 368  0.0261 -0.0361 114.8038
880 368  0.0498 -0.0578 164.3910
912 368  0.0488 -0.0539 166.3602
944 368  0.1209 -0.0634 124.5453
976 368  0.0114 -0.0357 27.9833
1008 368  0.0373 -0.0014 282.7765
1040 368  0.0098 -0.0030 191.8131
1072 368 -0.0084  0.0379 117.2557
1104 368 -0.0467  0.0827 85.7514
1136 368  0.0064  0.1024 69.5941
1168 368 -0.0083  0.0742 165.6505
 16 400 -0.0129 -0.0431 15.1530
 48 400 -0.3808 -0.2902 100.9068
 80 400 -0.2765 -0.3396 215.5426
112 400 -0.3237 -0.2618 292.4946
144 400 -0.1120 -0.0329 171.9529
176 400 -0.1541 -0.1066 168.0603
208 400 -0.0925 -0.2345 83.2327
240 400 -0.1286 -0.1515 101.2336
272 400 -0.0815 -0.0347 78.6401
304 400 -0.0678 -0.0461 126.8119
336 400 -0.0430 -0.0575 81.9837
368 400 -0.0844 -0.0164 180.9850
400 400 -0.0126  0.0106 114.6153
432 400 -0.0132  0.0201 187.1716
464 400 -0.0047  0.0378 146.5516
496 400 -0.0056  0.0415 167.9125
528 400  0.0056  0.0287 207.4713
560 400  0.0139  0.0510 104.8450
592 400 -0.0046  0.0269 166.5408
624 400  0.0089  0.0141 158.8118
656 400  0.0072 -0.0156 133.3919
688 400  0.0133 -0.0172 225.8478
720 400  0.0073 -0.0245 196.6971
752 400 -0.0020 -0.0393 90.9275
784 400  0.0522 -0.0450 133.7653
816 400 -0.0489 -0.1150 163.4191
848 400  0.0277 -0.0766 90.4466
880 400  0.0154 -0.0825 41.1998
912 400  0.0417 -0.0499 138.3930
944 400  0.0639 -0.0641 108.4322
976 400  0.0342 -0.0359 102.7198
1008 400  0.0727 -0.0156 72.6734
1040 400  0.0539 -0.0134 243.3005
1072 400 -0.0129  0.0391 202.9988
1104 400 -0.0116  0.0463 141.3794
1136 400 -0.0389  0.0867 183.8978
1168 400 -0.0124  0.0769 71.7450
 16 432 -0.1032 -0.1442 187.1002
 48 432 -0.0600 -0.3394 65.7263
 80 432 -0.1402 -0.3349 153.3826
112 432 -0.1422 -0.1398 163.5992
144 432 -0.2432 -0.1589 251.4402
176 432 -0.2033 -0.2517 253.9881
208 432 -0.1712 -0.0944 121.9211
240 432 -0.2137 -0.1645 235.3834
272 432 -0.1368 -0.0999 75.5249
304 432 -0.0771 -0.0959 76.7284
336 432 -0.0780 -0.0742 230.9739
368 432 -0.0738 -0.0303 116.8197
400 432 -0.0418  0.0213 254.3732
432 432 -0.0352 -0.0005 163.4456
464 432 -0.0350  0.0465 80.3338
496 432  0.0294  0.0566 25.6601
528 432 -0.0163  0.0000 193.6311
560 432  0.0006  0.0265 105.0596
592 432  0.0086  0.0262 105.5069
624 432 -0.0106  0.0083 103.9267
656 432  0.0436  0.0791 77.3155
688 432  0.0454 -0.0107 157.3607
720 432  0.0317 -0.0429 113.4598
752 432  0.0618 -0.0364 124.7738
784 432  0.0464 -0.0713 142.6016
816 432  0.0508 -0.0548 144.7205
848 432  0.0325 -0.1500 171.6239
880 432  0.0283 -0.1195 102.7407
912 432  0.0452 -0.0602 103.4562
944 432  0.0384 -0.0507 77.0425
976 432  0.0465 -0.0088 95.9046
1008 432 -0.0045 -0.0343 95.6392
1040 432 -0.0038  0.0244 173.5092
1072 432 -0.0051  0.0397 25.5785
1104 432 -0.0485  0.0339 183.5711
1136 432 -0.0362  0.0859 75.7854
1168 432 -0.0497  0.0777 120.0293
 16 464 -0.2481 -0.2407 94.0332
 48 464 -0.9200 -0.6755 31.8556
 80 464 -0.2031 -0.3492 183.8718
112 464 -0.2705 -0.4083 55.8775
144 464 -0.3194 -0.3607 89.3448
176 464 -0.1247 -0.2884 179.9489
208 464 -0.3140 -0.3118 154.8669
240 464 -0.2032 -0.2212 256.6401
272 464 -0.1159 -0.1089 232.7702
304 464 -0.1303 -0.1227 40.7782
336 464 -0.1720 -0.1018 111.7318
368 464 -0.0548 -0.0429 190.2874
400 464 -0.0965 -0.0229 105.7211
432 464 -0.0587 -0.0049 92.4329
464 464 -0.0766  0.0024 129.3018
496 464 -0.0396  0.0130 98.7714
528 464  0.0036  0.0589 124.2739
560 464  0.0202  0.0149 139.2906
592 464 -0.0042  0.0094 202.5853
624 464  0.0179 -0.0185 98.2378
656 464  0.0339 -0.0435 193.8525
688 464  0.0261 -0.0605 125.6465
720 464  0.0187 -0.0121 94.6677
752 464  0.0507 -0.0794 154.5431
784 464  0.0437 -0.0754 75.4947
816 464  0.0335 -0.0902 149.5790
848 464  0.0627 -0.1146 51.1816
880 464  0.0300 -0.1129 131.7577
912 464  0.0271 -0.0951 137.8551
944 464  0.0447 -0.0886 44.5178
976 464  0.0677 -0.0701 129.2562
1008 464  0.0080 -0.0519 73.1915
1040 464  0.0160 -0.0243 167.3850
1072 464  0.0587  0.0350 154.5448
1104 464 -0.0005  0.0857 70.2690
1136 464 -0.0328  0.0959 84.5945
1168 464 -0.0625  0.0709 96.0475
 16 496 -0.2141 -0.1273 29.7001
 48 496 -0.1954 -0.2891 114.7499
 80 496 -0.4018 -0.3131 125.8268
112 496 -0.4014 -0.4240 204.4199
144 496 -0.2298 -0.5865 61.0437
176 496 -0.3096 -0.5716 90.5289
208 496 -0.1968 -0.4490 29.5571
240 496 -0.1409 -0.2264 94.4664
272 496 -0.1198 -0.2757 193.8700
304 496 -0.0548 -0.0848 194.9545
336 496 -0.0710 -0.0937 17.5670
368 496 -0.1645 -0.0412 160.8410
400 496 -0.0770 -0.0243 141.1336
432 496 -0.0991 -0.0398 160.0094
464 496 -0.0571  0.0035 126.3146
496 496 -0.0746  0.0083 158.6012
528 496 -0.0558  0.0086 83.6168
560 496 -0.0184  0.0005 104.5363
592 496 -0.0287 -0.0185 136.0964
624 496  0.0095 -0.0049 88.6255
656 496  0.0235 -0.0214 112.0726
688 496 -0.0677 -0.1629 86.7476
720 496  0.0387 -0.0944 54.4601
752 496  0.0263 -0.1594 134.9450
784 496  0.0470 -0.1591 70.5147
816 496  0.0154 -0.1458 78.1557
848 496  0.0394 -0.1377 51.4282
880 496  0.1031 -0.1442 169.0090
912 496  0.0778 -0.1415 27.1716
944 496  0.0870 -0.1104 235.3523
976 496  0.0423 -0.0905 86.6744
1008 496  0.0112  0.0227 114.0593
1040 496 -0.0292  0.0380 167.4306
1072 496 -0.0268  0.0495 73.3864
1104 496 -0.0291  0.0644 120.3484
1136 496 -0.0228  0.0903 75.9384
1168 496 -0.0654  0.1313 47.4391
 16 528 -0.1447 -0.1292 62.6791
 48 528 -0.3351 -0.4361 118.0156
 80 528 -0.7588 -0.9751 163.8870
112 528 -0.5240 -0.3801 186.7769
144 528 -0.3378 -0.3037 133.0805
176 528 -0.1583 -0.4114 108.5494
208 528 -0.6167 -0.4124 299.4222
240 528 -0.4508 -0.2875 79.8220
272 528 -0.3742 -0.5089 127.2679
304 528 -0.2664 -0.3277 166.2046
336 528 -0.1677 -0.1260 160.3542
368 528 -0.2010 -0.1186 86.4135
400 528 -0.1145 -0.0211 283.6575
432 528 -0.1130 -0.0331 124.5275
464 528 -0.0961  0.0147 151.8967
496 528 -0.0675 -0.0227 124.1060
528 528 -0.0451  0.0077 64.9460
560 528  0.0096 -0.0239 63.7676
592 528  0.0503 -0.0848 154.0895
624 528  0.0195 -0.0698 112.0264
656 528  0.0120 -0.0884 100.7065
688 528  0.0396 -0.0993 58.3442
720 528  0.0734 -0.0972 76.2067
752 528  0.0145 -0.1756 106.0342
784 528  0.0162 -0.2020 152.8250
816 528  0.0365 -0.2581 69.6362
848 528  0.0265 -0.2085 41.8646
880 528  0.0689 -0.1441 130.1410
912 528  0.1009 -0.2192 80.6690
944 528  0.0607 -0.1642 198.2773
976 528  0.0240 -0.0250 134.7817
1008 528  0.0211 -0.0630 119.8286
1040 528 -0.0115  0.0142 76.6614
1072 528  0.0076  0.0406 100.4866
1104 528 -0.0387  0.1101 114.7847
1136 528 -0.0557  0.0755 124.2304
1168 528 -0.0771  0.1467 64.9789
 16 560 -0.2660 -0.1439 46.0115
 48 560 -0.3277 -0.2869 80.4315
 80 560 -0.7297 -0.7394 206.6870
112 560 -0.6948 -0.6839 182.3587
144 560 -0.4253 -0.4652 34.1758
176 560 -0.3185 -0.3387 20.8959
208 560 -0.6383 -0.4635 54.6425
240 560 -0.7243 -0.4007 123.3313
272 560 -0.2586 -0.4341 76.0984
304 560 -0.3474 -0.2444 127.3915
336 560 -0.1756 -0.1509 19.0432
368 560 -0.2964 -0.1330 257.6955
400 560 -0.1724 -0.1140 85.9411
432 560 -0.2766 -0.0092 133.9382
464 560 -0.1571  0.0506 99.6992
496 560 -0.1052 -0.0519 98.3754
528 560 -0.0770 -0.0548 225.4149
560 560 -0.0262 -0.0661 147.3701
592 560 -0.0170 -0.0661 109.6523
624 560  0.0207 -0.1131 60.9661
656 560  0.0117 -0.0786 139.6324
688 560  0.0163 -0.0676 65.5433
720 560  0.0448 -0.1522 114.6183
752 560  0.0633 -0.1636 242.0708
784 560  0.0331 -0.1951 151.4220
816 560  0.0379 -0.3817 133.3056
848 560  0.0200 -0.3510 83.8273
880 560  0.0563 -0.2720 86.5054
912 560  0.0568 -0.0777 336.5784
944 560  0.0303 -0.1918 62.4413
976 560  0.0136 -0.0914 62.6607
1008 560  0.0507 -0.0069 164.1667
1040 560 -0.0193  0.0044 269.5929
1072 560 -0.0469  0.0694 61.2849
1104 560 -0.0605  0.1197 70.4685
1136 560 -0.0791  0.0806 106.3634
1168 560 -0.0716  0.0283 219.7932
 16 592 -0.2571 -0.5346 83.3982
 48 592 -0.3521 -0.2516 47.2104
 80 592 -0.3990 -0.1665 122.7493
112 592 -1.0655 -0.6059 56.1360
144 592 -1.0028 -0.6985 22.8570
176 592 -0.9343 -0.6680 169.2575
208 592 -0.3388 -0.2296 47.0593
240 592 -0.6719 -0.4973 155.7005
272 592 -0.5040 -0.4382 47.3243
304 592 -0.4590 -0.2832 53.1982
336 592 -0.5143 -0.0975 84.1704
368 592 -0.1780 -0.1633 63.4837
400 592 -0.3004 -0.1310 264.8736
432 592 -0.2242 -0.0685 241.1325
464 592 -0.3381 -0.0687 184.0281
496 592 -0.1299  0.0009 310.5361
528 592 -0.1869 -0.2333 302.1036
560 592 -0.0336 -0.0995 153.4198
592 592 -0.0531 -0.1794 143.8264
624 592  0.0069 -0.1435 58.9726
656 592  0.0360 -0.1498 183.4604
688 592  0.0311 -0.1904 206.9322
720 592  0.0432 -0.0716 65.6081
752 592  0.0863 -0.3369 78.9222
784 592  0.0564 -0.3567 114.0233
816 592  0.0335 -0.4365 112.3166
848 592  0.0048 -0.3598 103.2350
880 592  0.0060 -0.2877 111.7063
912 592  0.0922 -0.1980 187.3423
944 592  0.0462 -0.1469 34.8661
976 592  0.0074 -0.1133 118.3036
1008 592 -0.0035 -0.0171 74.0754
1040 592 -0.0387 -0.0076 179.8365
1072 592 -0.0585  0.0501 161.6633
1104 592 -0.0776  0.0589 72.1129
1136 592 -0.0398  0.0966 141.4193
1168 592 -0.0571  0.0870 90.8067
 16 624 -0.4562 -0.0966 64.1085
 48 624 -0.2164 -0.1128 134.6674
 80 624 -0.0707 -0.2848 110.6931
112 624 -1.0933 -0.3099 105.4187
144 624 -1.4381 -0.7914 174.8294
176 624 -0.9386 -0.5576 164.7839
208 624 -0.7029 -0.7541 76.4909
240 624 -0.7259 -0.5796 50.2409
272 624 -0.7749 -0.6277 176.0694
304 624 -0.4227 -0.2555 39.6465
336 624 -0.2444 -0.3673 130.1696
368 624 -0.3283 -0.2468 101.4894
400 624 -0.4178 -0.0774 187.8952
432 624 -0.1143 -0.0844 249.0607
464 624 -0.2656 -0.1130 100.7282
496 624 -0.0702 -0.1425 229.6521
528 624 -0.0362 -0.1656 113.4034
560 624 -0.0461 -0.1327 175.1912
592 624  0.0106 -0.3948 111.6217
624 624  0.0833 -0.1597 147.4075
656 624  0.0663 -0.1580 65.5428
688 624  0.0083 -0.1185 128.0791
720 624  0.0130 -0.2693 113.5166
752 624 -0.0111 -0.2276 122.1260
784 624 -0.0114 -0.4794 223.2142
816 624 -0.0182 -0.4706 69.5105
848 624 -0.1369 -0.5996 131.4621
880 624 -0.0306 -0.5597 117.8632
912 624  0.1006 -0.3862 51.9894
944 624  0.0196 -0.2872 54.1835
976 624  0.0594 -0.2073 106.3182
1008 624  0.0014 -0.0270 156.8236
1040 624 -0.0627 -0.0069 59.0916
1072 624 -0.0585  0.0727 100.1047
1104 624 -0.0350  0.0558 76.2742
1136 624 -0.1033  0.0428 114.6477
1168 624 -0.1501  0.0883 77.8186
 16 656 -0.1542 -0.1721 91.1775
 48 656 -0.3172 -0.1284 164.0618
 80 656 -0.3065 -0.1639 187.6728
112 656 -0.7599 -0.5376 130.2786
144 656 -0.9235 -0.7824 178.9990
176 656 -0.6332 -0.4723 98.8217
208 656 -1.0047 -0.8667 52.9513
240 656 -0.8164 -0.6189 110.4442
272 656 -0.8717 -1.2813 37.6279
304 656 -0.7723 -0.2944 143.1899
336 656 -0.3883 -0.2345 169.6017
368 656 -0.4439 -0.0615 37.5403
400 656 -0.3979 -0.0980 155.1457
432 656 -0.1492 -0.0756 165.9505
464 656 -0.0192 -0.1186 137.9090
496 656  0.0238 -0.2736 169.3874
528 656 -0.0352 -0.3256 178.7475
560 656  0.1022 -0.2338 57.4934
592 656  0.0513 -0.2145 58.6794
624 656  0.0578 -0.1521 140.1074
656 656 -0.0007 -0.1192 42.1454
688 656 -0.0946 -0.1949 122.2800
720 656 -0.0466 -0.2835 124.0270
752 656  0.0072 -0.2224 59.9833
784 656 -0.1035 -0.4261 132.3636
816 656 -0.0915 -0.5240 141.2160
848 656 -0.1461 -0.0915 48.6335
880 656 -0.2095 -0.5188 86.2131
912 656  0.0354 -0.4797 84.2546
944 656  0.0055 -0.2942 68.1025
976 656  0.0819 -0.1385 126.0193
1008 656  0.0021 -0.0956 105.9370
1040 656 -0.0503 -0.0240 42.4469
1072 656 -0.0855  0.0600 29.5485
1104 656 -0.1394  0.1521 185.9379
1136 656 -0.0720  0.0486 42.4433
1168 656 -0.1381  0.0866 106.2940
 16 688 -0.0760 -0.0325 78.7760
 48 688 -0.1800 -0.2552 72.3839
 80 688 -0.0938 -0.1383 198.8378
112 688 -0.2595 -0.2103 49.3834
144 688 -0.2733 -0.2099 49.1836
176 688 -0.5561 -0.3710 49.8629
208 688 -0.6202 -0.7006 101.9059
240 688 -0.8192 -0.6455 225.4507
272 688 -0.8542 -0.6486 40.2139
304 688 -0.2016 -0.3708 101.1956
336 688 -0.0364 -0.2079 49.3945
368 688 -0.2885 -0.3836 148.2317
400 688 -0.3522 -0.0992 52.3879
432 688 -0.0173 -0.1674 50.1950
464 688  0.1636 -0.1955 165.3330
496 688  0.2265 -0.3530 109.1312
528 688  0.1856 -0.5419 122.6364
560 688  0.3522 -0.2410 29.4707
592 688  0.3576 -0.0981 84.1549
624 688  0.1058 -0.0084 73.3400
656 688 -0.1284  0.0743 137.8209
688 688 -0.3002 -0.1116 87.0882
720 688 -0.1236 -0.1607 45.7042
752 688  0.0116 -0.1303 45.3068
784 688  0.0222 -0.1040 134.7574
816 688 -0.3556  0.1738 107.6043
848 688 -0.1019 -0.1273 105.7143
880 688 -0.0553 -0.2805 39.2470
912 688 -0.0121 -0.4082 84.6979
944 688 -0.0271 -0.3804 114.8334
976 688  0.0231 -0.2904 142.8853
1008 688  0.0012 -0.0976 41.4928
1040 688  0.0292 -0.0561 82.5738
1072 688 -0.0630  0.0200 94.9093
1104 688 -0.1175  0.0313 144.3129
1136 688 -0.0473  0.0699 199.7929
1168 688 -0.0685  0.1232 188.5073
 16 720  0.0127 -0.0360 30.7180
 48 720 -0.0325 -0.0836 53.3189
 80 720 -0.0410 -0.0704 16.2056
112 720 -0.1436 -0.2034 353.1915
144 720 -0.0664 -0.5405 201.9716
176 720 -0.3093 -0.6008 78.3704
208 720 -0.6440 -0.8141 58.3073
240 720 -0.2555 -0.2184 96.7036
272 720 -0.6425 -0.6551 62.0604
304 720 -0.2525 -0.2401 135.7090
336 720 -0.3535 -0.3383 207.2626
368 720 -0.1475 -0.1300 42.2330
400 720  0.1253 -0.2381 179.9906
432 720  0.4984 -0.2412 269.8273
464 720  0.4158 -0.1103 31.6056
496 720  0.8572 -0.4857 105.7569
528 720  0.7851 -0.5987 32.7335
560 720  0.4352 -0.0066 60.9800
592 720  0.4425  0.1063 19.0627
624 720  0.0641  0.2852 70.8154
656 720 -0.3061  0.2221 62.0759
688 720 -0.5538  0.0813 38.7198
720 720  2.8338 -0.1440 15.4073
752 720  0.0856 -0.0909 12.4843
784 720  0.2708 -0.2417 26.0445
816 720 -0.8632 -0.3572 16.1233
848 720  1.6002 -0.0763  6.0772
880 720  0.3375  0.3985 18.1517
912 720 -0.5295  0.2661 88.0002
944 720 -0.1260 -0.4985 99.7184
976 720  0.0297 -0.2027 123.9517
1008 720 -0.0055 -0.1067 61.1287
1040 720 -0.0368  0.0102 108.1823
1072 720 -0.0516  0.0532 227.3202
1104 720 -0.1007  0.0133 65.8547
1136 720 -0.0618  0.0168 142.8539
1168 720 -0.0333  0.0353 64.7115
 16 752 -0.0023 -0.0103 35.6972
 48 752 -0.0535 -0.0278 27.4966
 80 752 -0.0243 -0.2012 261.9258
112 752 -0.0296 -0.0850 271.9447
144 752 -0.0768 -0.1983 88.5041
176 752 -0.0662 -0.3449 185.5430
208 752 -0.0636 -0.3386 138.5988
240 752 -0.1440 -0.2195 190.9790
272 752 -0.3403 -0.2227 58.3768
304 752 -0.1489 -0.3962 109.9135
336 752 -0.1097 -0.2869 97.0985
368 752  0.0156 -0.3117 111.8376
400 752  0.3995 -0.3397 125.8922
432 752  0.3088 -0.0707 17.4635
464 752  0.6810 -0.5213 36.1910
496 752  0.9852 -1.0466 67.5298
528 752 -0.5635 -0.0433 63.1098
560 752 -0.0731 -0.0074 12.1038
592 752  0.1800  0.1968 11.1799
624 752  0.3157 -1.6925  9.4787
656 752  0.3105 -0.3742 11.8330
688 752  0.2066 -0.1273 10.6518
720 752  0.1734 -0.2266  4.6232
752 752  0.1514 -0.4788  5.5322
784 752  1.3698 -0.3976  7.5546
816 752  0.1359 -0.4693  7.1790
848 752  0.1330 -0.7038  4.7302
880 752  1.6132  0.0255  6.9200
912 752  1.5124 -0.0060 40.1722
944 752 -0.0380 -0.2073 30.5624
976 752  0.1237 -0.4534 24.0798
1008 752  0.0323 -0.1179 75.0806
1040 752  0.0024 -0.0773 219.4293
1072 752 -0.0449  0.0683 80.7950
1104 752 -0.1670  0.0910 43.0163
1136 752 -0.1416  0.0069 78.2518
1168 752 -0.1510  0.1107 118.1962
 16 784  0.1343 -0.0384 253.0205
 48 784 -0.0132 -0.0581 46.5559
 80 784  0.0036 -0.0976 129.5096
112 784 -0.0329 -0.1153 403.4058
144 784 -0.0506 -0.1560 231.7602
176 784  0.0273 -0.3521 133.2719
208 784 -0.0936 -0.4585 125.1905
240 784 -0.1242 -0.5491 222.7933
272 784 -0.1079 -0.4199 81.1905
304 784 -0.0356 -0.5639 102.1898
336 784  0.0526 -0.3846 201.7180
368 784  0.2077 -0.2334 268.2388
400 784  0.4145 -0.2623 71.9447
432 784  0.2521 -0.3085 68.2004
464 784  0.3584 -0.4975 166.0407
496 784  0.2446 -0.5414 41.6361
528 784  0.1135 -0.1233 16.8175
560 784 -0.8376 -0.0621  9.0373
592 784 -0.1060 -0.0679  9.5737
624 784  0.0869  0.1098 18.5550
656 784  0.4715 -1.0815 12.1028
688 784  0.2188 -2.2235  9.7639
720 784  0.3157 -0.4760  8.0606
752 784 -0.2548 -0.4709  5.5162
784 784  0.2314 -0.1075 10.3331
816 784  0.0984 -0.2171  7.5824
848 784  0.2606 -0.0141 11.1283
880 784  0.3221  0.0272  8.4389
912 784  0.1077 -0.2636  8.9266
944 784  0.3855 -0.4134  5.5668
976 784  0.3520 -0.2817 28.9795
1008 784  0.1378 -0.0256 76.1970
1040 784 -0.1080  0.0315 139.1212
1072 784 -0.0415  0.0295 144.2370
1104 784 -0.1176  0.0718 81.4482
1136 784 -0.1414 -0.0161 138.4934
1168 784 -0.1604  0.0555 100.7832
 16 816  0.0126 -0.0208 23.0097
 48 816  0.0474 -0.0942 123.0820
 80 816  0.0379 -0.0950 38.9919
112 816  0.1381 -0.1094 129.8717
144 816  0.0691 -0.0650 130.4883
176 816  0.0046 -0.3975 337.6775
208 816  0.0180 -0.3048 95.1038
240 816  0.0454 -0.2105 90.8766
272 816  0.0208 -0.4249 34.6099
304 816 -0.0077 -0.1969 14.3761
336 816  0.1161 -0.2031 70.7631
368 816  0.2786 -0.4285 149.1288
400 816  0.7033 -0.4951 182.3639
432 816  0.7912 -0.4814 93.4544
464 816  0.2989 -0.2152 23.9000
496 816  0.0916 -0.4753 21.0240
528 816 -0.3598 -0.1184  6.3844
560 816 -0.4590 -0.4629  6.9884
592 816  0.1360  0.0654 15.4671
624 816  0.2155 -0.0220 14.8742
656 816  0.1279 -0.2168 10.9231
688 816  0.1862 -0.1765  9.8995
720 816  0.1249 -0.2689  8.1943
752 816  0.4292 -0.2066  9.6285
784 816  0.2272 -0.0065  8.5130
816 816  0.4752 -0.1576  7.8227
848 816  0.2525  0.0724  8.1220
880 816 -0.0266 -0.1289 11.1174
912 816  0.5872 -0.2513  6.8361
944 816  0.1190 -0.4842  4.4398
976 816  0.3382 -1.7283  9.1173
1008 816 -0.1215  0.3938 89.6023
1040 816 -0.1592  0.0967 155.9082
1072 816 -0.1231  0.0949 128.7225
1104 816 -0.0763  0.0294 106.5485
1136 816 -0.1658  0.0558 97.3895
1168 816 -0.1170  0.0245 118.4552
 16 848  0.1061 -0.0216 46.2724
 48 848  0.0848 -0.0581 94.4271
 80 848  0.0860 -0.0448 191.8186
112 848  0.0375 -0.1163 381.3307
144 848  0.0388 -0.1093 232.0575
176 848  0.0609 -0.1706 195.3939
208 848  0.0814 -0.3046 102.6325
240 848  0.1259 -0.3938 51.6881
272 848  0.0691 -0.5261 79.7102
304 848  0.1148 -0.3857 76.1399
336 848  0.1503 -0.2525 127.5835
368 848  0.6218 -0.3557 88.8866
400 848  0.7079 -0.3822 57.9348
432 848  1.0894 -0.4421 73.8070
464 848  0.3636 -0.2078 37.8017
496 848 -0.1188 -0.1580 17.0794
528 848 -0.3546 -0.2265  5.7341
560 848 -0.0347 -0.0244 13.2053
592 848  0.0317 -0.0075 44.5893
624 848  0.1612  0.0563 127.6745
656 848  0.4749 -0.0722 15.7975
688 848  0.1965 -0.1468 22.0625
720 848  0.0186 -0.0284  9.1706
752 848  0.3330 -0.0410  5.7314
784 848 -0.0020 -0.7946 12.5562
816 848  0.0901 -0.0429 12.2355
848 848  0.0288 -0.0351  9.0772
880 848 -0.0015 -0.0410 13.5675
912 848  0.0256 -0.2819  7.9046
944 848  0.0786 -0.5880  8.5425
976 848 -0.1145 -0.3175 53.1111
1008 848 -0.4385  0.2943 111.6256
1040 848 -0.1156  0.1837 107.5596
1072 848 -0.1589  0.0430 248.1354
1104 848 -0.1618  0.1226 64.2439
1136 848 -0.1398  0.0293 159.8108
1168 848 -0.1121  0.0113 27.2549
 16 880  0.0327  0.0046 43.0661
 48 880  0.0402 -0.0281 123.9210
 80 880  0.1186 -0.1133 146.9463
112 880  0.1752 -0.1275 121.8451
144 880  0.1047 -0.0306 119.2717
176 880  0.0897 -0.1119 233.4371
208 880  0.2725 -0.3954 53.6139
240 880  0.1926 -0.3762 73.5309
272 880  0.3859 -0.5914 100.9599
304 880  0.1147 -0.6119 58.7810
336 880  0.4040 -0.3563 64.1812
368 880  0.3362 -0.1298 75.2865
400 880  0.3372 -0.3311 117.2399
432 880 -0.0521 -0.0666 17.5607
464 880  0.0784 -0.2892 17.3425
496 880 -0.0696 -0.0353  5.4695
528 880 -0.0926 -0.0479  7.9849
560 880  0.1754 -0.0976  7.4065
592 880  0.0977  0.0184  9.6503
624 880  0.0791 -0.0451 26.1019
656 880  0.2603 -0.0591 10.0984
688 880  0.0732 -0.0519 13.9436
720 880  0.0234  0.0338 20.0682
752 880 -0.3875  0.0090  4.9850
784 880  0.0646 -0.0834 10.7609
816 880 -0.0185  0.0476  9.4187
848 880  0.0348  0.2551  6.7143
880 880  0.0023  0.0212  8.0318
912 880  0.0408 -0.1698 13.8056
944 880 -0.2230 -0.0647 12.5566
976 880 -1.5912 -0.1719  9.7528
1008 880 -0.2058 -0.3116 11.9657
1040 880 -0.5817  0.3427 40.9294
1072 880 -0.1363 -0.0155 157.0306
1104 880 -0.1192  0.0976 65.6413
1136 880 -0.1478  0.0544 119.3684
1168 880 -0.1992  0.0443 147.4333
 16 912  0.0326 -0.0227 24.1685
 48 912  0.0789 -0.0179 200.2027
 80 912  0.1132 -0.1114 275.3962
112 912  0.0523 -0.0514 224.9178
144 912  0.0147 -0.1722 383.0756
176 912  0.1355 -0.0731 33.1628
208 912  0.0866 -0.0435 61.5435
240 912  0.0388 -0.2199 194.1824
272 912  0.3318 -0.5630 162.9884
304 912  0.2636 -0.6126 105.5462
336 912  0.2963 -0.5514 141.3475
368 912  0.0839 -0.3763 51.0093
400 912  0.0538 -0.1592 18.4732
432 912  0.0135 -0.2757 14.9969
464 912 -0.0567 -0.0243  8.5099
528 912 -0.0468  0.0529  5.0489
560 912  0.1159  0.0205  4.6725
624 912  0.0418 -0.0292 10.0519
656 912  0.4005  0.0964  4.7052
688 912  0.0154  0.0004  8.3357
720 912  0.0545  0.0212 10.4656
752 912 -0.2366 -0.0392  5.4086
784 912  0.0793  0.0548 13.3787
816 912  0.0639 -0.0450 10.7744
848 912  0.2330 -0.3719  5.7708
880 912 -0.1051 -0.0626  7.9155
912 912 -0.0043 -0.2572 11.5830
944 912 -0.0859 -0.3949  8.4075
976 912 -0.0143 -2.2351  8.7642
1008 912  0.0031 -0.8521  8.7518
1040 912 -0.0185 -0.0403 16.2726
1072 912 -0.3687  0.2110 36.9439
1104 912 -0.1328  0.0678 55.3161
1136 912 -0.1784  0.0889 106.4342
1168 912 -0.1419  0.0136 135.5718
 16 944  0.1665 -0.0317 67.6427
 48 944  0.0031  0.0038 14.4153
 80 944  0.1712 -0.0447 244.9659
112 944  0.1574 -0.0085 342.5967
144 944  0.0548 -0.1015 29.7821
176 944  0.1088 -0.2182 228.1798
208 944  0.2214 -0.2604 73.8024
240 944  0.2030 -0.3056 90.3001
272 944  0.0884 -0.3327 117.9942
304 944  0.1429 -0.1332 21.3444
336 944  0.0156 -0.4324 86.7524
368 944 -0.2119 -0.3072 146.8860
400 944 -0.1419 -0.3033 21.5471
432 944 -0.2883 -0.2929 11.2368
464 944 -0.3186 -0.1851  5.2970
496 944 -0.0394 -0.0117  5.4767
624 944 -0.0417  0.0340  5.1004
656 944  0.1052  0.0250  4.2227
688 944  0.0165  0.0035  6.9230
720 944  0.1161  0.0755  5.6871
752 944 -0.0842 -0.0012  5.0221
784 944  0.0036  0.0018  4.4452
816 944  0.0049 -0.0413  4.8253
848 944  0.0106 -0.0462 10.0264
880 944  0.1861 -0.3326  7.5232
912 944  0.0707 -0.0964 10.6660
944 944  0.0892 -1.7344  8.3760
976 944  0.2536 -0.2420 11.7687
1008 944  0.2562 -0.4324 12.7957
1040 944  0.0394 -0.0045 12.4804
1072 944 -0.3701  0.3868 20.1469
1104 944 -0.2141  0.0944 56.5342
1136 944 -0.1782  0.1053 154.9543
1168 944 -0.1376 -0.0021 96.3480
 16 976  0.1204 -0.0180 92.7161
 48 976  0.0843 -0.0217 25.3665
 80 976  0.0490 -0.0309 95.6028
112 976  0.1271 -0.0483 121.6842
144 976 -0.0075 -0.0170 14.5646
176 976  0.0644 -0.1022 151.7134
208 976  0.0965 -0.2148 109.4318
240 976  0.1430 -0.1171 102.7553
272 976  0.1453 -0.2182 74.2399
304 976  0.0591 -0.2747 135.2082
336 976 -0.0210 -0.1049 42.4612
368 976 -0.1248 -0.1531 22.8752
400 976 -0.1396 -0.4426  8.6541
432 976 -0.3262 -0.7763  6.9837
464 976 -0.4024 -0.0666 20.7648
496 976 -0.0664  0.0104  6.9254
528 976  0.0225 -0.0037  4.2032
688 976 -0.0074  0.0680  4.2545
784 976 -0.0078 -0.0065  4.3914
816 976  0.0042 -0.0049 13.8740
848 976  0.0142 -0.3591 27.1199
880 976  0.0360 -0.2463 16.4303
912 976  0.0198 -0.1015  7.9264
944 976  0.1540 -0.2148  9.9747
976 976  1.9183 -0.3375  8.8516
1008 976  2.8450 -0.2081  8.8894
1040 976 -0.1370 -0.1313 31.4313
1072 976 -0.7618  0.1956 57.6295
1104 976 -0.1451  0.1061 25.2796
1136 976 -0.3103  0.0170 68.9137
1168 976 -0.2584  0.0340 41.4338
 16 1008  0.1229 -0.0136 27.5541
 48 1008  0.1364 -0.0086 80.2995
 80 1008  0.0651 -0.0405 151.2878
112 1008  0.0817 -0.0493 179.5698
144 1008  0.0571 -0.1071 211.8523
176 1008  0.2586 -0.0898 152.9304
208 1008  0.0308 -0.1589 104.7691
240 1008  0.0306 -0.3068 243.2253
272 1008  0.0710 -0.2477 325.8364
304 1008  0.0132 -0.0380 23.7544
336 1008 -0.0103  0.0317 23.2413
368 1008 -0.0774 -0.8694  9.8284
400 1008 -2.1459 -0.3311  7.9913
432 1008 -0.1970 -0.2128 34.8996
464 1008 -0.1846 -0.2967 145.0508
496 1008 -0.0034  0.0292 18.3229
528 1008  0.0658  0.0077  8.0530
560 1008  0.0709 -0.1130  5.1305
752 1008  0.0074  0.0000  4.0960
784 1008  0.0051 -0.0024  6.4620
816 1008  0.0015 -0.0028 24.6475
848 1008  0.0348 -0.1736 51.6456
880 1008 -0.0593 -0.3314 38.2485
912 1008  0.0627 -0.1711 18.0191
944 1008  0.2961 -0.2412 12.0136
976 1008 -0.1672 -0.2306 29.2188
1008 1008  2.3252 -1.1509 11.8852
1040 1008 -0.1479 -0.5000 31.9921
1072 1008 -0.4066 -0.0207 52.9580
1104 1008 -0.2567  0.0271 16.8826
1136 1008 -0.3750 -0.0202 112.9497
1168 1008 -0.0999 -0.0649 50.7706
 16 1040  0.1096 -0.0107 157.9881
 48 1040  0.1352 -0.0213 37.9725
 80 1040  0.1961 -0.0435 149.0620
112 1040  0.0527 -0.0372 55.4048
144 1040  0.1600 -0.0429 226.1104
176 1040  0.2665 -0.0584 187.6396
208 1040  0.0534 -0.1543 269.8610
240 1040  0.0568 -0.0686 132.7212
272 1040  0.0434 -0.0496 271.8519
304 1040  0.0231 -0.0189 154.3968
336 1040  0.0016  0.0255 30.9330
368 1040 -0.1212 -0.0729 12.5380
400 1040 -0.0345 -0.1009 53.8533
432 1040  0.0014 -0.5017 31.6196
464 1040 -0.0388  0.0044 41.4921
496 1040 -0.0090  0.0401 12.8346
528 1040 -0.0253  0.0598 11.8619
560 1040  0.0123  0.0171 10.3521
592 1040  0.0778  0.0020  5.3618
752 1040  0.0025 -0.0024  5.6377
784 1040  0.0047 -0.0159 15.1170
816 1040  0.0324 -0.0474 26.8029
848 1040  0.0238 -0.1077 15.5734
880 1040 -0.0616 -0.1887 37.7155
912 1040 -0.0865 -0.1553 17.3377
944 1040 -0.1153 -0.1520 39.8921
976 1040 -0.1925 -0.1927 14.1732
1008 1040 -0.3448 -0.1770 119.7431
1040 1040 -0.3431 -0.1219 117.3211
1072 1040 -0.4649 -0.0368 57.4583
1104 1040 -0.2341 -0.0959 27.8653
1136 1040 -0.1090 -0.0596 44.7133
1168 1040 -0.0842 -0.0947 120.5306
 16 1072  0.0335 -0.0202 266.5175
 48 1072  0.1734 -0.0135 198.3262
 80 1072  0.0307 -0.0114 392.4615
112 1072  0.0387 -0.0263 215.6732
144 1072  0.0619 -0.1307 115.6365
176 1072  0.0534 -0.0208 216.0153
208 1072  0.0443 -0.0931 51.0028
240 1072  0.0686 -0.1269 127.8318
272 1072  0.1405 -0.0550 149.3211
304 1072  0.0155 -0.0015 64.6063
336 1072  0.0948 -0.0045 32.1148
368 1072  0.1868 -0.2020 157.3648
400 1072  0.1061 -0.1497 127.7873
432 1072 -0.0118 -0.2557 45.7064
464 1072 -0.0264  0.0023 15.0402
496 1072 -0.0151  0.4416 16.7755
528 1072  0.0280  0.2615 11.0355
560 1072  0.0360  0.0044  7.3319
592 1072 -0.0110 -0.0369  8.4328
624 1072 -0.0169 -0.0641  4.8890
656 1072 -0.0610 -0.0689  5.0368
688 1072  0.0430 -0.0430  4.1668
752 1072 -0.0057  0.0057  4.2490
784 1072 -0.0355  0.0455  7.0726
816 1072 -0.0125  0.0431 11.7855
848 1072 -0.0044  0.0215 29.9105
880 1072 -0.0222 -0.0002 18.8544
912 1072 -0.1009 -0.0929 39.6408
944 1072 -0.1012 -0.0888 68.1439
976 1072 -0.2668 -0.1286 40.7248
1008 1072 -0.2390 -0.1054 41.7191
1040 1072 -0.2306 -0.0431 20.8361
1072 1072 -0.1863 -0.0148 103.5085
1104 1072 -0.0804 -0.0174 37.8902
1136 1072 -0.1851  0.0198 21.8965
1168 1072 -0.0847 -0.0754 16.6000
 16 1104  0.0476 -0.0086 27.5691
 48 1104  0.1079 -0.0112 55.2827
 80 1104  0.3975 -0.0245 20.6348
112 1104  0.1973 -0.0333 88.7426
144 1104  0.0417 -0.0261 149.5485
176 1104  0.0978 -0.0511 45.1238
208 1104  0.0585 -0.0190 215.6958
240 1104  0.0427 -0.0896 103.2175
272 1104  0.1335 -0.0979 69.4192
304 1104  0.0948 -0.0693 74.4183
336 1104  0.1035 -0.0590 153.2118
368 1104  0.2730 -0.0533 90.3052
400 1104  0.1560 -0.1885 126.6902
432 1104  0.0252 -0.0489 92.7957
464 1104  0.0210 -0.0119 21.3747
496 1104 -0.0573 -0.0019 16.0137
528 1104 -0.0207 -0.0071 12.0723
560 1104  0.0018  0.0067 13.2103
592 1104  0.0173 -0.0010 10.4692
624 1104 -0.0498 -0.0502  9.5063
656 1104  0.0054 -0.0296 10.0854
688 1104  0.0915 -0.1350  7.4537
720 1104  0.0169 -0.1033  4.3268
848 1104 -0.0094  0.0095  5.2427
880 1104 -0.0474  0.0674  7.2582
912 1104 -0.0132  0.0385 12.2824
944 1104 -0.0031  0.0198 14.3237
976 1104 -0.0017  0.0234  9.1664
1008 1104 -0.0427 -0.0478 19.5537
1040 1104 -0.0379  0.0174 26.8228
1072 1104 -0.1276  0.0043 14.7170
1104 1104 -0.1052 -0.0284 21.9146
1136 1104 -0.1055  0.0124 13.4007
1168 1104 -0.1080 -0.0069 29.0541
 16 1136  0.0286  0.0049 15.5335
 48 1136  0.0322 -0.0270 234.7129
 80 1136  0.3507 -0.0217 30.3338
112 1136  0.0742 -0.0311 122.8640
144 1136  0.0664 -0.0175 216.2796
176 1136  0.0688 -0.0285 81.0343
208 1136  0.0139 -0.2193 348.0762
240 1136  0.0221 -0.0751 185.5815
272 1136  0.0937 -0.0574 80.1959
304 1136  0.0877 -0.1150 242.2486
336 1136  0.0790 -0.0506 115.4417
368 1136  0.0488 -0.0651 148.6429
400 1136  0.0772 -0.1293 190.0627
432 1136  0.0577 -0.0845 29.8046
464 1136  0.0271 -0.0491 60.1209
496 1136  0.0216 -0.0530 15.8823
528 1136  0.0786 -0.1084 29.3517
560 1136 -0.0080  0.0498 13.6108
592 1136 -0.0285  0.0105 13.6161
624 1136 -0.0115  0.0159 14.3897
656 1136 -0.0218  0.0201 18.1020
688 1136 -0.0027 -0.0074 13.3472
720 1136  0.0131 -0.0197 12.6753
752 1136  0.0537 -0.0864  7.7255
784 1136 -0.0593 -0.1095  6.3857
816 1136  0.0075 -0.0905  9.5485
848 1136  0.1170 -0.1172  7.7293
880 1136  0.0534 -0.0956  4.2643
976 1136 -0.0020  0.0054  4.3161
1008 1136  0.0007  0.0178  5.1093
1040 1136  0.0074  0.0200  4.7156
1072 1136  0.0171  0.0732  5.2837
1104 1136 -0.0144  0.0711  7.6528
1136 1136 -0.0343  0.0183  9.2204
1168 1136 -0.0384  0.0063 18.4362
 16 1168  0.0277  0.0172 14.4462
 48 1168  0.0453 -0.0128 22.9403
 80 1168  0.1670 -0.0615 52.5044
112 1168  0.1034 -0.0436 84.1535
144 1168  0.0655 -0.0483 197.8488
176 1168  0.0967 -0.0902 74.3551
208 1168  0.0615 -0.0543 120.8477
240 1168  0.0336 -0.1110 84.4141
272 1168  0.0186 -0.0759 212.6043
304 1168  0.0548 -0.0431 197.3274
336 1168  0.0439 -0.1211 151.4176
368 1168  0.0785 -0.0979 131.6582
400 1168  0.1383 -0.0615 38.2743
432 1168 -0.0011 -0.1348 31.9122
464 1168  0.0732 -0.1011 67.0617
496 1168  0.0205 -0.0007 21.5019
528 1168  0.0034  0.0106 19.4368
560 1168  0.0312  0.0496 10.4414
592 1168  0.0287  0.0043 12.7836
624 1168  0.0215 -0.0100 11.5772
656 1168  0.0048 -0.0297 11.1909
688 1168  0.0288  0.0070 12.7338
720 1168 -0.0019 -0.0016 11.5382
752 1168 -0.0098  0.0117 15.7005
784 1168  0.0402 -0.0132 12.9086
816 1168  0.0056  0.0024 13.0707
848 1168  0.0084  0.0011 13.7209
880 1168  0.0227 -0.0301 13.4089
912 1168  0.0410 -0.0648  9.6605
944 1168  0.0226 -0.1511  5.2553
976 1168  0.0328 -0.1545  4.5106
1104 1168 -0.0436  0.0725  4.1289
1136 1168 -0.0397  0.0222  4.5063
1168 1168  0.0274  0.0280  4.6420
 16 1200  0.0753 -0.0011 18.6990
 48 1200  0.0184  0.0006 22.2434
 80 1200  0.0183 -0.0008 12.7096
112 1200  0.0417 -0.0046 129.7654
144 1200  0.0365 -0.0262 34.1729
176 1200  0.0355 -0.0776 159.0719
208 1200  0.0461 -0.0493 123.1250
240 1200  0.0656 -0.0234 41.3427
272 1200  0.0588 -0.0476 75.6076
304 1200  0.0972 -0.1161 171.3973
336 1200  0.0414 -0.0943 151.9796
368 1200  0.0847 -0.3576 124.4628
400 1200  0.0477 -0.1330 236.2458
432 1200  0.0378 -0.1021 161.2780
464 1200  0.0750 -0.1135 285.4439
496 1200  0.0235 -0.0168 15.8936
528 1200 -0.0060  0.0065 18.6691
560 1200 -0.0076  0.0172 17.6869
592 1200 -0.0141  0.0253 15.9555
624 1200  0.0531  0.0183 26.4774
656 1200 -0.0110  0.0014 11.7680
688 1200 -0.0046  0.0240 12.9321
720 1200 -0.0022  0.0211 16.0507
752 1200  0.0019  0.0021 16.6630
784 1200 -0.0451 -0.0138 11.1741
816 1200 -0.0030  0.0057 11.2816
848 1200  0.0091 -0.0096 11.5544
880 1200 -0.0221  0.0172 11.4141
912 1200  0.0187 -0.0168 15.2154
944 1200  0.0217  0.0043 14.5689
976 1200 -0.0003 -0.0013 13.0850
1008 1200  0.0414 -0.0598  9.8922
1040 1200  0.0446 -0.1142  6.6949
1072 1200 -0.0108 -0.1469  5.3121
1104 1200 -0.0007 -0.1434  4.6348
1136 1200 -0.0083 -0.0754  4.1790
 16 1232  0.0064 -0.0155 14.8483
 48 1232  0.0732 -0.0502 106.4883
 80 1232  0.0851 -0.0209 82.9674
112 1232  0.0315 -0.0029 64.2212
144 1232  0.0647 -0.0171 262.8498
176 1232  0.0550 -0.1344 192.3993
208 1232  0.0814 -0.0705 112.9434
240 1232  0.0681 -0.0487 34.9865
272 1232  0.1034 -0.0307 84.4155
304 1232  0.0374 -0.0881 89.9344
336 1232  0.0617 -0.0669 179.9315
368 1232  0.0778 -0.0510 188.8616
400 1232  0.0593 -0.0545 116.9054
432 1232  0.0548 -0.0764 45.7040
464 1232  0.0034  0.0092 22.3607
496 1232 -0.0115  0.0058 21.3318
528 1232  0.0247  0.0095 11.7995
560 1232 -0.0048  0.0181 14.3511
592 1232 -0.0014 -0.0315 15.6142
624 1232 -0.0078 -0.0115 14.1813
656 1232 -0.0473 -0.0212 12.7362
688 1232 -0.0634 -0.0021  9.4424
720 1232 -0.0027  0.0108 12.2558
752 1232 -0.0237  0.0141 19.0310
784 1232 -0.0735 -0.0028 13.6711
816 1232  0.0142 -0.0177 22.9248
848 1232 -0.0069 -0.0064 10.7780
880 1232 -0.0074  0.0085 14.4950
912 1232 -0.0142  0.0284 12.3340
944 1232  0.0021 -0.0160 13.2604
976 1232  0.0056 -0.0284 11.7118
1008 1232  0.0193 -0.0371 14.6410
1040 1232  0.0104 -0.0167 13.0323
1072 1232 -0.0182 -0.0001 11.4690
1104 1232  0.0033  0.0156 12.6601
1136 1232 -0.0135  0.0015 11.2243
1168 1232 -0.0291  0.0095 12.5664
 16 1264  0.0248  0.0028 84.3782
 48 1264  0.0463 -0.0172 36.7129
 80 1264  0.0297 -0.0259 177.0881
112 1264  0.1213  0.0058 58.4470
144 1264  0.0249 -0.0191 42.9803
176 1264  0.0471 -0.1571 119.4649
208 1264 -0.0001 -0.0410 75.4009
240 1264  0.0542 -0.0900 52.1726
272 1264  0.0527 -0.0771 45.2850
304 1264  0.0500 -0.1690 73.4095
336 1264  0.0331 -0.0593 227.8338
368 1264  0.0540 -0.0745 161.9721
400 1264  0.0671 -0.0637 286.9629
432 1264  0.1073 -0.0497 222.1538
464 1264  0.0152  0.0189 13.7577
496 1264  0.0246 -0.0027 18.6173
528 1264 -0.0089  0.0138 13.3404
560 1264 -0.0161  0.0369 12.1091
592 1264  0.0021  0.0023 11.8892
624 1264 -0.0116 -0.0050 19.4380
656 1264 -0.0164  0.0008 14.1451
688 1264  0.0137 -0.0295 11.2656
720 1264  0.0054  0.0373 14.3032
752 1264  0.0086 -0.0319 23.0471
784 1264  0.0238  0.0041 11.0081
816 1264  0.0093 -0.0160 15.1542
848 1264  0.0046 -0.0017 12.1713
880 1264  0.0313 -0.0024  8.7865
912 1264 -0.0223  0.0294 13.4020
944 1264  0.0362 -0.0155 13.7415
976 1264 -0.0220  0.0047 10.7934
1008 1264  0.1105  0.0084 10.9502
1040 1264  0.0277  0.0096 11.4114
1072 1264  0.0244  0.0155 10.6262
1104 1264 -0.0375  0.0258 10.2888
1136 1264  0.0186  0.0387  9.3989
1168 1264  0.0209 -0.0268 12.7701
 16 1296  0.0207 -0.0200 18.5219
 48 1296  0.0162 -0.0332 25.0442
 80 1296  0.0132  0.0023 24.2427
112 1296  0.0346 -0.0345 46.2871
144 1296  0.0790 -0.0353 39.2376
176 1296  0.0643 -0.0425 144.9152
208 1296  0.0530 -0.1097 129.4475
240 1296  0.0211 -0.1116 59.3689
272 1296  0.0282 -0.0530 29.3033
304 1296  0.0343 -0.0669 13.7640
336 1296  0.1258 -0.0620 242.2821
368 1296  0.0440 -0.0415 195.1676
400 1296  0.1422 -0.0546 134.8065
432 1296  0.0581 -0.0083 45.3003
464 1296  0.0021  0.0235 28.2188
496 1296  0.0049  0.0355 26.4904
528 1296 -0.0328  0.0017 12.1037
560 1296  0.0080 -0.0035 19.1580
592 1296 -0.0063 -0.0083 14.2424
624 1296 -0.0113 -0.0165 11.2543
656 1296  0.0133 -0.0428 64.1994
688 1296  0.0094 -0.0074 13.2719
720 1296  0.0182 -0.0134 13.1343
752 1296  0.0159 -0.0086 17.0320
784 1296  0.0026  0.0074 11.7693
816 1296  0.0014 -0.0428 10.7117
848 1296  0.0117  0.0186 12.8922
880 1296 -0.0245  0.0212 11.1878
912 1296  0.0122 -0.0045 11.6923
944 1296  0.0193  0.0217 11.6318
976 1296  0.0018  0.0277 11.4272
1008 1296  0.0261 -0.0098  9.5456
1040 1296  0.0252  0.0197  8.4085
1072 1296 -0.0145  0.0291  9.2954
1104 1296  0.0461  0.0032 10.2100
1136 1296  0.0160 -0.0114 10.0362
1168 1296  0.0286 -0.0187  9.5039
  0   0  0.0193  0.0045  0.0000
  0   0 -0.0096  0.0234  0.0000
  0   0  0.0163  0.0253  0.0000
  0   0  0.0297 -0.0169  0.0000
  0   0  0.0380 -0.0334  0.0000
  0   0  0.0407 -0.0478  0.0000
  0   0  0.0474 -0.0422  0.0000
  0   0  0.0671 -0.0673  0.0000
  0   0  0.0878 -0.0816  0.0000
  0   0  0.0756 -0.1006  0.0000
  0   0  0.0555 -0.1409  0.0000
  0   0  0.0281 -0.1394  0.0000
  0   0  0.0352 -0.0928  0.0000
  0   0  0.0561 -0.0676  0.0000
  0   0  0.1091 -0.0495  0.0000
  0   0  0.0925 -0.0216  0.0000
  0   0  0.1545 -0.0097  0.0000
  0   0  0.0102  0.1600  0.0000
  0   0 -0.0421  0.1421  0.0000
  0   0 -0.0616  0.1159  0.0000
  0   0 -0.0819  0.0667  0.0000
  0   0 -0.0607  0.0276  0.0000
  0   0 -0.0466 -0.0075  0.0000
  0   0 -0.0295 -0.0347  0.0000
  0   0  0.0010 -0.0582  0.0000
  0   0  0.0157 -0.0462  0.0000
  0   0  0.0264 -0.0392  0.0000
  0   0  0.0268 -0.0274  0.0000
  0   0  0.0168 -0.0147  0.0000
  0   0  0.0087 -0.0237  0.0000
  0   0  0.0053  0.0106  0.0000
  0   0 -0.0123  0.0264  0.0000
  0   0  0.0032  0.0216  0.0000
  0   0  0.0113  0.0360  0.0000
  0   0  0.0080  0.0367  0.0000
  0   0  0.0193  0.0175  0.0000
  0   0  0.0195  0.0254  0.0000
  0   0  0.0013  0.0277  0.0000
  0   0  0.0246  0.0072  0.0000
  0   0  0.0086 -0.0100  0.0000
  0   0  0.0149 -0.0161  0.0000
  0   0  0.0135 -0.0032  0.0000
  0   0  0.0077  0.0085  0.0000
  0   0  0.0233  0.0049  0.0000
  0   0  0.0397 -0.0219  0.0000
  0   0  0.0536 -0.0457  0.0000
  0   0  0.0639 -0.0670  0.0000
  0   0  0.0746 -0.0826  0.0000
  0   0  0.0875 -0.1078  0.0000
  0   0  0.0944 -0.1303  0.0000
  0   0  0.0833 -0.1517  0.0000
  0   0  0.0640 -0.1713  0.0000
  0   0  0.0456 -0.1628  0.0000
  0   0  0.0477 -0.1243  0.0000
  0   0  0.0653 -0.0838  0.0000
  0   0  0.0955 -0.0448  0.0000
  0   0  0.1077 -0.0020  0.0000
  0   0  0.1468  0.0368  0.0000
  0   0 -0.0658  0.3318  0.0000
  0   0 -0.1070  0.2672  0.0000
  0   0 -0.1292  0.1989  0.0000
  0   0 -0.1371  0.1232  0.0000
  0   0 -0.1184  0.0532  0.0000
  0   0 -0.0890 -0.0071  0.0000
  0   0 -0.0531 -0.0525  0.0000
  0   0 -0.0133 -0.0805  0.0000
  0   0  0.0160 -0.0822  0.0000
  0   0  0.0336 -0.0722  0.0000
  0   0  0.0377 -0.0542  0.0000
  0   0  0.0302 -0.0339  0.0000
  0   0  0.0186 -0.0176  0.0000
  0   0  0.0078  0.0114  0.0000
  0   0 -0.0033  0.0331  0.0000
  0   0  0.0001  0.0428  0.0000
  0   0  0.0053  0.0522  0.0000
  0   0  0.0078  0.0515  0.0000
  0   0  0.0132  0.0407  0.0000
  0   0  0.0129  0.0358  0.0000
  0   0  0.0056  0.0278  0.0000
  0   0  0.0096  0.0106  0.0000
  0   0  0.0032 -0.0048  0.0000
  0   0  0.0054 -0.0114  0.0000
  0   0  0.0090 -0.0073  0.0000
  0   0  0.0153 -0.0035  0.0000
  0   0  0.0316 -0.0104  0.0000
  0   0  0.0514 -0.0320  0.0000
  0   0  0.0705 -0.0596  0.0000
  0   0  0.0864 -0.0898  0.0000
  0   0  0.0989 -0.1202  0.0000
  0   0  0.1067 -0.1529  0.0000
  0   0  0.1057 -0.1821  0.0000
  0   0  0.0929 -0.2040  0.0000
  0   0  0.0743 -0.2131  0.0000
  0   0  0.0586 -0.1979  0.0000
  0   0  0.0560 -0.1580  0.0000
  0   0  0.0664 -0.1055  0.0000
  0   0  0.0856 -0.0468  0.0000
  0   0  0.1040  0.0162  0.0000
  0   0  0.1318  0.0802  0.0000
  0   0 -0.1540  0.5044  0.0000
  0   0 -0.1871  0.3943  0.0000
  0   0 -0.2079  0.2834  0.0000
  0   0 -0.2082  0.1728  0.0000
  0   0 -0.1826  0.0694  0.0000
  0   0 -0.1365 -0.0188  0.0000
  0   0 -0.0795 -0.0838  0.0000
  0   0 -0.0224 -0.1208  0.0000
  0   0  0.0227 -0.1285  0.0000
  0   0  0.0494 -0.1142  0.0000
  0   0  0.0563 -0.0865  0.0000
  0   0  0.0473 -0.0530  0.0000
  0   0  0.0298 -0.0182  0.0000
  0   0  0.0119  0.0173  0.0000
  0   0 -0.0008  0.0468  0.0000
  0   0 -0.0036  0.0660  0.0000
  0   0 -0.0000  0.0752  0.0000
  0   0  0.0052  0.0735  0.0000
  0   0  0.0092  0.0630  0.0000
  0   0  0.0086  0.0491  0.0000
  0   0  0.0036  0.0321  0.0000
  0   0 -0.0011  0.0129  0.0000
  0   0 -0.0059 -0.0030  0.0000
  0   0 -0.0051 -0.0103  0.0000
  0   0  0.0020 -0.0098  0.0000
  0   0  0.0162 -0.0091  0.0000
  0   0  0.0377 -0.0171  0.0000
  0   0  0.0636 -0.0383  0.0000
  0   0  0.0898 -0.0713  0.0000
  0   0  0.1120 -0.1124  0.0000
  0   0  0.1269 -0.1575  0.0000
  0   0  0.1315 -0.2026  0.0000
  0   0  0.1241 -0.2417  0.0000
  0   0  0.1059 -0.2677  0.0000
  0   0  0.0831 -0.2728  0.0000
  0   0  0.0641 -0.2513  0.0000
  0   0  0.0559 -0.2033  0.0000
  0   0  0.0602 -0.1353  0.0000
  0   0  0.0738 -0.0549  0.0000
  0   0  0.0922  0.0319  0.0000
  0   0  0.1137  0.1211  0.0000
