VARIABLES= "X pix", "Y pix", "U pix/dt", "V pix/dt", "CHC", ZONE I=37, J=41
304  16 -0.0883 -0.0194 59.5809
336  16 -0.0922 -0.0500 18.9118
368  16 -0.0716 -0.0564 24.6753
400  16 -0.0415 -0.0580 88.5845
496  16  0.0042 -0.0598 89.0435
528  16  0.0176 -0.0377 39.0095
560  16 -0.0170 -0.0397 40.9600
592  16 -0.0139 -0.0507 50.5679
624  16 -0.0128 -0.0453 54.6133
656  16 -0.0245 -0.0444 46.5454
688  16 -0.0358 -0.0407 273.0666
304  48 -0.0158  0.0368 52.5128
336  48 -0.0166  0.0754 29.4676
368  48  0.0139  0.1082 110.7027
496  48  0.0573  0.1756 71.8596
528  48  0.0306  0.1046 27.3067
560  48  0.0399  0.0674 41.3737
592  48  0.0581  0.0000 113.3280
688  48  0.0259  0.0102 227.5554
720  48  0.0209 -0.0009 29.2571
752  48  0.0211 -0.0717 36.2478
784  48 -0.0140 -0.2230 34.7119
816  48  0.0000 -0.3782 220.2150
304  80  0.0323 -0.2472 49.3494
336  80  0.0310 -0.1088 30.7970
368  80  0.0170 -0.0370 50.5679
400  80  0.0014 -0.0422 47.0804
432  80  0.0109 -0.0227 43.5745
464  80  0.0551  0.0282 4095.9939
496  80  0.0429  0.1030 71.8596
528  80  0.0144  0.1280 28.4444
560  80  0.0160  0.0869 44.5217
592  80  0.0000 -0.0093 41.0331
688  80  0.0241  0.0306 341.3332
720  80  0.0147  0.1697 80.3137
752  80 -0.0174  0.5704 87.1489
784  80 -0.0114  1.2996 105.0256
816  80  0.0000  1.8040 117.0285
 16 144 -0.0596 -0.1862 202.8491
 48 144 -0.0607 -0.1146 70.8646
 80 144 -0.0051 -0.0902 85.9983
112 144 -0.0351 -0.0117 32.1627
144 144 -0.0621 -0.0379 152.4414
176 144 -0.0392 -0.0330 55.5349
208 144 -0.0320 -0.0402 127.7081
240 144 -0.0004 -0.0643 149.8842
272 144  0.0247 -0.0091 66.9057
304 144 -0.0249 -0.0060 58.0198
336 144  0.0060  0.0014 30.1204
368 144  0.0123  0.0196 199.2737
400 144  0.0068  0.0176 242.4992
432 144 -0.0124 -0.0256 207.5207
464 144  0.0244  0.0566 123.4404
496 144 -0.0079  0.0521 213.8235
528 144  0.0253  0.0252 93.0747
560 144  0.0691  0.1401 68.9847
592 144  0.0006  0.0202 164.9446
624 144  0.0153  0.0610 101.9602
656 144  0.0506  0.0219 194.4587
688 144 -0.0041  0.0192 114.4525
720 144  0.0161  0.0050 105.6383
752 144  0.0442 -0.0014 90.5564
784 144 -0.0169 -0.0135 55.5522
816 144  0.0190 -0.0061 113.7984
848 144  0.0412 -0.0037 158.7502
880 144  0.0192 -0.0116 60.6868
912 144  0.0051  0.0161 151.0203
944 144  0.0040 -0.0245 95.6199
976 144  0.0074  0.0007 75.3745
1008 144  0.0476  0.0240 49.4368
1040 144  0.0131  0.0732 89.1619
1072 144 -0.0071  0.0339 158.3077
1104 144  0.0238  0.0555 140.3483
1136 144 -0.0121  0.0371 166.7130
1168 144  0.0010  0.0352 108.6647
 16 176 -0.0219 -0.0225 18.8007
 48 176 -0.0494 -0.0858 176.4978
 80 176 -0.0434 -0.1557 503.5796
112 176 -0.0145 -0.0475 81.7719
144 176 -0.0497 -0.0529 87.6068
176 176 -0.0609 -0.0388 83.8038
208 176 -0.0847 -0.0297 356.4982
240 176 -0.0065 -0.0281 423.3450
272 176 -0.0422 -0.0137 248.6323
304 176 -0.0122 -0.0115 218.4426
336 176  0.0070 -0.0344 257.8122
368 176 -0.0304 -0.0764 276.0087
400 176  0.0047  0.0089 302.8745
432 176  0.0126  0.0131 226.1949
464 176  0.0211  0.0888 153.3390
496 176  0.0258  0.0766 246.4498
528 176  0.0336  0.0567 54.1775
560 176  0.0383  0.0484 63.0026
592 176  0.0292  0.0169 117.2848
624 176  0.0062  0.0442 150.6243
656 176  0.0901  0.0140 223.6356
688 176  0.0048 -0.0060 134.0278
720 176  0.0198  0.0115 97.0088
752 176  0.0032 -0.0376 213.1126
784 176  0.0308 -0.0094 102.4324
816 176 -0.0092 -0.0207 89.1684
848 176  0.0221 -0.0145 217.1731
880 176  0.0312 -0.0231 88.5664
912 176 -0.0016 -0.0370 155.5433
944 176  0.0227 -0.0432 121.2224
976 176  0.0215  0.0446 93.8075
1008 176  0.0089 -0.0129 93.7470
1040 176 -0.0350  0.0254 46.2812
1072 176  0.0189  0.0220 185.8245
1104 176  0.0682  0.0404 77.3088
1136 176 -0.0166  0.0601 185.8511
1168 176 -0.0376  0.0747 116.7480
 16 208  0.0146 -0.1488 243.2690
 48 208 -0.0070 -0.1158 149.4562
 80 208 -0.0247 -0.1385 230.4575
112 208 -0.0704 -0.1038 166.0553
144 208 -0.1042 -0.1137 251.6217
176 208 -0.0208 -0.1153 225.3982
208 208 -0.0553 -0.0722 364.2437
240 208 -0.0557 -0.0474 247.0718
272 208 -0.0122 -0.0474 180.2285
304 208 -0.0179 -0.0141 201.5207
336 208 -0.0332  0.0210 181.6552
368 208 -0.0258  0.0059 280.3797
400 208  0.0088  0.0336 141.5344
432 208  0.0316  0.0362 129.0972
464 208  0.0138  0.1154 335.9511
496 208  0.0234  0.0327 107.4718
528 208  0.0018  0.0513 164.6449
560 208  0.0241  0.0145 124.9003
592 208  0.0142  0.0236 157.4056
624 208  0.0118  0.0180 41.5128
656 208  0.0489  0.0331 130.0678
688 208  0.0168  0.0184 108.7614
720 208  0.0426 -0.0197 163.9559
752 208  0.0327 -0.0094 163.3509
784 208  0.0305 -0.0095 220.5263
816 208  0.0176 -0.0340 162.2278
848 208  0.0204 -0.0382 173.8006
880 208  0.0337 -0.0304 311.3416
912 208  0.0363  0.0068 73.2190
944 208  0.0095 -0.0229 106.5215
976 208 -0.0160  0.0413 170.0361
1008 208 -0.0338  0.0273 164.4385
1040 208 -0.0077  0.0267 127.8517
1072 208  0.0142  0.0296 112.1719
1104 208  0.0221  0.0175 65.5625
1136 208 -0.0007  0.0383 92.3919
1168 208 -0.0492  0.0291 22.1802
 16 240 -0.0290 -0.1170 79.0761
 48 240 -0.0763 -0.0902 18.5818
 80 240 -0.0691 -0.1118 294.7642
112 240 -0.1503 -0.1101 104.9651
144 240 -0.0380 -0.1984 204.9372
176 240 -0.0525 -0.1386 224.2165
208 240 -0.0946 -0.0412 61.9391
240 240 -0.0477 -0.0405 235.3429
272 240 -0.0320 -0.0592 168.9814
304 240 -0.0089 -0.0451 267.9342
336 240  0.0081 -0.0011 84.5902
368 240  0.0090  0.0047 408.5741
400 240  0.0065  0.0144 32.2668
432 240  0.0135  0.0343 165.9449
464 240  0.0272  0.0611 218.1349
496 240  0.0390  0.0285 310.2627
528 240  0.0091  0.0463 63.2977
560 240  0.0526  0.0420 121.7723
592 240  0.0098  0.0550 212.5795
624 240  0.0117  0.0387 111.0617
656 240  0.0146  0.0097 49.9511
688 240 -0.0089  0.0034 129.8120
720 240  0.0315 -0.0597 66.0589
752 240  0.0283 -0.0216 249.0504
784 240  0.0225  0.0013 83.6209
816 240  0.0017  0.0455 173.5567
848 240  0.0215 -0.0161 129.1573
880 240  0.0393 -0.0139 101.9642
912 240  0.0032 -0.0037 77.5687
944 240  0.0361 -0.0216 84.0208
976 240  0.0277  0.0110 88.1846
1008 240  0.0053  0.0373 65.5715
1040 240  0.0207  0.0097 119.4800
1072 240  0.0003 -0.0200 126.8392
1104 240 -0.0008  0.0421 135.9079
1136 240  0.0210  0.0127 74.2315
1168 240 -0.0339  0.0573 120.3705
 16 272 -0.0780 -0.1305 36.9127
 48 272 -0.1243 -0.1749 217.6140
 80 272 -0.1477 -0.1855 209.1637
112 272 -0.1829 -0.3218 123.5829
144 272 -0.1372 -0.0726 86.0264
176 272 -0.0440 -0.1174 85.4199
208 272 -0.0707 -0.2340 305.9744
240 272 -0.0446 -0.0149 31.1693
272 272 -0.0786  0.0119 215.4174
304 272  0.0227 -0.0401 151.5616
336 272  0.0187 -0.0228 153.3313
368 272 -0.0118 -0.0047 109.0862
400 272  0.0265  0.0101 325.0565
432 272  0.0263  0.0081 219.7467
464 272  0.0339  0.0250 101.8694
496 272  0.0107  0.0309 167.6278
528 272 -0.0084  0.0634 105.1215
560 272  0.0435  0.0124 92.2119
592 272 -0.0168  0.0290 159.8145
624 272  0.0479  0.0461 176.1813
656 272  0.0293 -0.0132 143.7084
688 272  0.0269 -0.0033 99.3367
720 272  0.0645 -0.0062 82.4565
752 272  0.0177 -0.0131 128.3143
784 272  0.0290 -0.0242 119.5633
816 272  0.0215 -0.0144 224.1954
848 272  0.0723  0.0263 99.7405
880 272  0.0451 -0.0325 75.7141
912 272  0.0205 -0.0074 86.4034
944 272  0.0470 -0.0180 157.0507
976 272  0.0359 -0.0332 216.4086
1008 272  0.0291 -0.0031 127.4691
1040 272 -0.0132  0.0138 94.7139
1072 272 -0.0063  0.0438 62.0510
1104 272 -0.0131  0.0467 111.8331
1136 272  0.0080  0.0248 67.8682
1168 272  0.0073  0.0579 26.5584
 16 304 -0.2450 -0.2717 87.8721
 48 304 -0.2059 -0.3219 71.4974
 80 304 -0.1338 -0.1428 203.0660
112 304 -0.1313 -0.2352 235.3659
144 304 -0.0672 -0.1038 134.1444
176 304 -0.0800 -0.2564 117.9587
208 304 -0.1945 -0.1478 130.8743
240 304 -0.0515 -0.0882 276.4499
272 304 -0.0616  0.0098 56.9606
304 304 -0.0262 -0.0631 212.6137
336 304 -0.0396 -0.0055 197.8793
368 304 -0.0121  0.0040 73.7223
400 304 -0.0011  0.0066 78.8238
432 304  0.0244  0.0590 332.2698
464 304 -0.0202  0.0334 210.5347
496 304  0.0242  0.0520 94.2201
528 304  0.0013  0.0579 107.1546
560 304 -0.0062  0.0594 171.5047
592 304  0.0228  0.0157 191.7290
624 304  0.0108  0.0208 161.7563
656 304  0.0122 -0.0002 47.0721
688 304  0.0355 -0.0177 93.6068
720 304  0.0424 -0.0094 170.9523
752 304  0.0492 -0.0271 102.7620
784 304  0.0255 -0.0297 187.9727
816 304  0.0412 -0.0741 130.5679
848 304  0.0337 -0.0494 57.5591
880 304  0.0255 -0.0120 153.8714
912 304  0.0709 -0.0373 102.5861
944 304  0.0553 -0.0075 120.4316
976 304  0.0203 -0.0192 186.7261
1008 304 -0.0040  0.0386 75.9856
1040 304 -0.0128  0.0416 61.0106
1072 304 -0.0181  0.0204 181.1312
1104 304 -0.0087  0.0463 243.5835
1136 304 -0.0161  0.0750 104.8598
1168 304 -0.0343  0.0752 76.5320
 16 336 -0.0623 -0.2725 29.9488
 48 336 -0.1213 -0.2647 139.0060
 80 336 -0.0895 -0.2758 246.5998
112 336 -0.1202 -0.2368 149.8759
144 336 -0.2605 -0.1544 242.6230
176 336 -0.0847 -0.0797 120.7947
208 336 -0.0761 -0.3573 81.9821
240 336 -0.1009 -0.2093 152.0030
272 336 -0.0229 -0.1240 145.8507
304 336 -0.0508 -0.1263 93.4305
336 336 -0.0401 -0.0446 195.5184
368 336 -0.0192 -0.0344 186.2474
400 336 -0.0179 -0.0022 121.3034
432 336 -0.0162  0.0297 132.9078
464 336  0.0012  0.0020 127.1323
496 336  0.0371  0.0367 72.4209
528 336  0.0217  0.0209 94.2720
560 336  0.0669  0.0196 170.0500
592 336  0.0141  0.0000 226.2972
624 336  0.0377  0.0147 152.0798
656 336  0.0534  0.0176 140.3952
688 336  0.0680  0.0062 140.0434
720 336  0.0369 -0.0242 134.9734
752 336  0.0448 -0.0647 195.0391
784 336  0.0659 -0.0128 144.8777
816 336  0.0326 -0.0365 102.6720
848 336  0.0426 -0.0572 150.2209
880 336  0.0505 -0.0363 117.2996
912 336  0.0245  0.0107 85.9485
944 336  0.0555 -0.0019 194.7743
976 336  0.0197 -0.0102 101.4754
1008 336  0.0165  0.0118 85.2694
1040 336  0.0172  0.0295 77.8782
1072 336 -0.0089  0.0372 145.6931
1104 336 -0.0030  0.0575 177.6097
1136 336 -0.0195  0.0663 105.8789
1168 336 -0.0203  0.0449 93.2743
 16 368 -0.0881 -0.1285 42.1612
 48 368 -0.1220 -0.3665 188.9691
 80 368 -0.3195 -0.4881 74.9143
112 368 -0.2882 -0.1976 178.5542
144 368 -0.3123 -0.1538 31.8107
176 368 -0.1633 -0.1926 81.2469
208 368 -0.1226 -0.1990 174.0838
240 368 -0.0800 -0.1148 199.2162
272 368 -0.0739 -0.1050 82.4524
304 368 -0.0690 -0.0560 300.4706
336 368 -0.0341 -0.0466 247.9078
368 368 -0.0097 -0.0540 189.9982
400 368 -0.0178 -0.0260 107.4993
432 368 -0.0027  0.0119 218.0312
464 368  0.0055  0.0272 106.7282
496 368  0.0291 -0.0239 285.8253
528 368 -0.0054  0.0602 104.5214
560 368  0.0325  0.0874 43.6207
592 368  0.0021  0.0145 73.3938
624 368  0.0280  0.0125 209.2151
656 368  0.0327  0.0248 73.4676
688 368  0.0322 -0.0030 76.3293
720 368  0.0292 -0.0269 202.0745
752 368  0.0582 -0.0525 124.2127
784 368  0.0597 -0.0078 139.9536
816 368  0.0913 -0.0527 228.8172
848 368  0.0448 -0.0430 77.6760
880 368  0.0768 -0.0342 107.8380
912 368  0.0566 -0.0352 110.0315
944 368  0.0316 -0.0149 170.3931
976 368  0.0024 -0.0198 56.6587
1008 368  0.0316  0.0151 204.2828
1040 368 -0.0189  0.0351 193.9852
1072 368 -0.0215  0.0207 95.4886
1104 368 -0.0270  0.0806 151.0920
1136 368 -0.0549  0.1037 71.4304
1168 368 -0.0561  0.1082 109.7808
 16 400 -0.6492 -0.1993 90.7244
 48 400 -0.1242 -0.1742 38.5692
 80 400 -0.4136 -0.4052 195.3741
112 400 -0.2469 -0.2966 109.1107
144 400 -0.4482 -0.3138 160.8664
176 400 -0.1273 -0.1864 181.5555
208 400 -0.2739 -0.1583 176.5895
240 400 -0.1220 -0.1501 170.0396
272 400 -0.0747 -0.0731 33.7360
304 400 -0.0445 -0.1526 177.9078
336 400 -0.0219 -0.0329 50.1133
368 400 -0.0450  0.0178 110.5635
400 400 -0.0171  0.0475 116.1901
432 400  0.0090  0.0029 129.4042
464 400  0.0176  0.0165 78.2440
496 400  0.0335  0.0495 36.1641
528 400  0.0180  0.0267 136.6829
560 400  0.0200  0.0426 100.2293
592 400  0.0416 -0.0046 108.4072
624 400  0.0313 -0.0061 181.3055
656 400  0.0269  0.0141 185.2278
688 400  0.0614 -0.0179 175.3452
720 400  0.0663 -0.0894 91.3945
752 400  0.0589 -0.0838 65.7367
784 400  0.0893 -0.0671 112.5465
816 400  0.0470 -0.0333 124.6499
848 400  0.0902 -0.0518 163.6303
880 400  0.0013 -0.0583 158.6723
912 400  0.0426 -0.0347 111.3020
944 400 -0.0199 -0.0108 129.4046
976 400 -0.0185  0.0171 93.3965
1008 400 -0.0069  0.0269 106.3587
1040 400  0.0127  0.0265 147.3023
1072 400 -0.0074  0.0535 119.2611
1104 400 -0.0430  0.0641 117.8252
1136 400 -0.0191  0.0237 110.1389
1168 400 -0.0592  0.0540 131.8266
 16 432 -0.2610 -0.2741 66.9082
 48 432 -0.1754 -0.3581 167.9153
 80 432 -0.5091 -0.2298 115.5513
112 432 -0.1803 -0.2232 79.4906
144 432 -0.4275 -0.2940 163.3328
176 432 -0.3033 -0.6494 310.5059
208 432 -0.3011 -0.2963 238.4048
240 432 -0.2344 -0.2004 206.7298
272 432 -0.0833 -0.3126 105.3362
304 432 -0.1308 -0.1373 95.9963
336 432 -0.1141 -0.0896 29.1016
368 432 -0.0228 -0.0976 203.4878
400 432 -0.0336 -0.0329 284.4519
432 432 -0.0245  0.0283 176.6154
464 432 -0.0332  0.0356 149.2310
496 432 -0.0010  0.0051 96.0507
528 432 -0.0097  0.0256 100.8808
560 432  0.0256  0.0158 133.9318
592 432  0.0065  0.0488 72.7310
624 432  0.0294 -0.0048 270.4069
656 432  0.0161 -0.0431 112.0328
688 432  0.0210 -0.0585 65.3079
720 432  0.0693 -0.0736 29.2460
752 432  0.0821 -0.0693 98.1964
784 432  0.0967 -0.0732 220.0073
816 432  0.1374 -0.0112 219.9410
848 432  0.0412 -0.0501 137.3713
880 432  0.0310 -0.0166 76.1167
912 432  0.0550 -0.0469 78.7027
944 432  0.0581 -0.0213 69.2185
976 432  0.0279 -0.0171 101.0500
1008 432 -0.0105  0.0176 74.3984
1040 432 -0.0294  0.0948 64.7876
1072 432 -0.0095  0.0953 188.2928
1104 432 -0.0397  0.1017 65.2425
1136 432 -0.0623  0.0646 112.7868
1168 432 -0.0107  0.0474 145.3525
 16 464 -0.2739 -1.0574 51.3182
 48 464 -0.5859 -0.6464 107.8375
 80 464 -0.4885 -0.1957 172.8583
112 464 -0.2922 -0.3048 32.9602
144 464 -0.2625 -0.5650 78.8050
176 464 -0.4957 -0.4989 90.1059
208 464 -0.5355 -0.2307 62.7886
240 464 -0.6880 -0.1227 343.8878
272 464 -0.1482 -0.1211 23.3279
304 464 -0.0806 -0.2077 289.7759
336 464 -0.1076 -0.0796 218.7175
368 464 -0.0609 -0.1067 252.6144
400 464 -0.0261 -0.0567 35.3093
432 464 -0.0213 -0.0138 61.5132
464 464 -0.0250 -0.0051 166.0906
496 464  0.0103  0.0670 188.4982
528 464  0.0056 -0.0001 119.9839
560 464 -0.0180  0.0142 183.7601
592 464  0.0365 -0.0070 98.5584
624 464  0.0644 -0.0380 115.2018
656 464  0.0241 -0.0361 75.3452
688 464  0.0349 -0.0345 122.9250
720 464  0.0178 -0.0541 149.1113
752 464  0.0274 -0.0678 226.0765
784 464  0.1014 -0.1150 86.3877
816 464  0.0456 -0.1434 48.8847
848 464  0.0604 -0.0502 41.5135
880 464  0.1039 -0.0984 100.3211
912 464  0.0425 -0.0378 213.5155
944 464  0.0211 -0.0097 54.4292
976 464  0.0731 -0.0218 109.7081
1008 464 -0.0076  0.0292 52.1255
1040 464 -0.0204  0.0366 138.9006
1072 464 -0.0300  0.0230 83.1598
1104 464 -0.0468  0.1100 229.0070
1136 464 -0.1078  0.0175 21.3632
1168 464 -0.1036  0.1137 54.7397
 16 496 -0.2315 -0.1461 45.4615
 48 496 -0.8931 -0.7392 44.4477
 80 496 -0.2733 -0.0703 208.0122
112 496 -0.2566 -0.5240 322.5833
144 496 -0.4145 -0.4287 88.8269
176 496 -0.9151 -0.2867 82.9949
208 496 -0.2318 -0.3311 32.7748
240 496 -0.2043 -0.4570 58.1373
272 496 -0.1794 -0.3915 60.8337
304 496 -0.1222 -0.3191 51.4652
336 496 -0.1478 -0.1004 131.3136
368 496 -0.1209 -0.1076 92.6807
400 496 -0.1428 -0.0602 58.4660
432 496 -0.0761  0.0021 127.6147
464 496 -0.0449 -0.0399 206.2253
496 496 -0.0691 -0.0195 41.2493
528 496 -0.0023 -0.0319 93.7147
560 496  0.0067 -0.0167 70.6412
592 496  0.0498 -0.0271 14.0939
624 496  0.0439 -0.0608 122.0972
656 496  0.0493 -0.0529 152.0744
688 496  0.0917 -0.0988 101.1224
720 496  0.1918 -0.2356 100.9671
752 496  0.0645 -0.2324 121.5004
784 496  0.0463 -0.1090 39.8835
816 496  0.0584 -0.1394 39.8394
848 496  0.0565 -0.0763 47.2788
880 496  0.0314 -0.0733 206.6455
912 496 -0.0026 -0.0803 94.9548
944 496  0.0279 -0.0522 232.7449
976 496 -0.1239  0.0705 233.6032
1008 496 -0.0359  0.0867 390.3879
1040 496 -0.0809  0.0251 101.1929
1072 496 -0.0736  0.0644 132.8819
1104 496 -0.0742  0.0531 138.6448
1136 496 -0.0738  0.0816 98.1252
1168 496 -0.0810  0.0789 93.5948
 16 528 -0.2491 -0.2761 50.9028
 48 528 -1.2499 -0.6494 199.9477
 80 528 -0.1745 -0.4342 106.5530
112 528 -0.0434 -0.5295 52.1465
144 528 -0.6076 -0.5557 21.7386
176 528 -0.7318 -0.6299 196.2686
208 528 -0.2251 -0.4931 32.6553
240 528 -0.2934 -0.3205 105.3554
272 528 -0.1357 -0.3739 74.4514
304 528 -0.3971 -0.2476 93.4383
336 528 -0.1581 -0.3263 160.0386
368 528 -0.1315 -0.1231 37.5009
400 528 -0.2049 -0.1417 49.6612
432 528 -0.0651 -0.0250 136.2599
464 528 -0.0526 -0.0083 270.4879
496 528 -0.0335 -0.0211 101.3456
528 528 -0.0593 -0.0265 170.4037
560 528 -0.0065 -0.0595 140.6652
592 528  0.0462 -0.0631 118.8324
624 528  0.0715 -0.1665 215.9964
656 528  0.0915 -0.1333 120.3234
688 528  0.1410 -0.1264 110.6156
720 528  0.1086 -0.2030 218.3325
752 528  0.1385 -0.2575 202.9620
784 528  0.1106 -0.2528 154.3416
816 528  0.0503 -0.2634 130.7522
848 528  0.0991 -0.1458 84.3497
880 528  0.0631 -0.1633 93.9993
912 528  0.0075 -0.0899 116.7020
944 528 -0.0058 -0.0330 216.0542
976 528 -0.0373  0.0266 87.9804
1008 528 -0.0341  0.0705 34.3930
1040 528 -0.0550  0.0634 67.5205
1072 528  0.0159  0.0479 62.0122
1104 528 -0.1160  0.0696 98.3738
1136 528 -0.0985  0.1081 86.1090
1168 528 -0.0821  0.1811 194.5807
 16 560 -0.0234 -0.0567 16.7910
 48 560 -0.6734 -0.8217 145.1786
 80 560 -0.3973 -0.2399 138.4244
112 560 -0.4387 -0.7298 179.5633
144 560 -0.7564 -0.9234 204.2699
176 560 -0.7291 -0.6271 267.3629
208 560 -0.4536 -0.4775 86.7920
240 560 -0.9159 -0.6852 51.6236
272 560 -0.5043 -0.2662 87.4481
304 560 -0.2881 -0.2776 237.1679
336 560 -0.2840 -0.2645 105.9292
368 560 -0.1789 -0.1609 49.5255
400 560 -0.2188 -0.0378 103.1806
432 560 -0.0563 -0.0423 63.8242
464 560 -0.0966 -0.0596 130.8109
496 560 -0.0564 -0.0502 123.0049
528 560 -0.0622 -0.0458 75.6808
560 560 -0.0063 -0.0951 172.8932
592 560  0.0176 -0.0993 92.1830
624 560  0.0614 -0.0666 90.9833
656 560  0.1304 -0.1871 74.4328
688 560  0.1964 -0.1988 144.6727
720 560  0.1191 -0.2140 164.3303
752 560  0.0685 -0.2102 81.6265
784 560  0.0667 -0.2449 91.5468
816 560  0.0960 -0.3708 87.3959
848 560  0.0837 -0.2191 110.1641
880 560  0.1011 -0.1256 86.4595
912 560  0.0293 -0.1248 190.4889
944 560  0.0074 -0.0233 134.7769
976 560 -0.0285  0.0119 148.8359
1008 560 -0.0512 -0.0301 183.4516
1040 560 -0.0940  0.0542 32.2732
1072 560 -0.1526  0.1375 214.5895
1104 560 -0.1317  0.1621 113.9219
1136 560 -0.1080  0.1744 59.0790
1168 560 -0.2124  0.0380 83.9112
 16 592 -0.0592 -0.0123 17.9591
 48 592 -0.3738 -0.1350 133.0054
 80 592 -0.7669 -0.2655 158.9278
112 592 -1.2576 -0.4304 78.1227
144 592 -0.7797 -0.6136 76.1595
176 592 -0.8048 -0.7831 126.1598
208 592 -0.5762 -0.4469 75.3790
240 592 -0.6911 -0.5346 22.9221
272 592 -0.4955 -0.5300 113.3213
304 592 -0.5390 -0.4164 99.1108
336 592 -0.7038 -0.2050 113.8379
368 592 -0.3635 -0.1765 215.5315
400 592 -0.1623 -0.0899 133.2249
432 592 -0.1962 -0.0633 110.1813
464 592 -0.2885 -0.0334 123.4639
496 592 -0.1337 -0.0879 93.7642
528 592 -0.1179 -0.1413 164.0943
560 592 -0.0435 -0.1883 151.0458
592 592  0.0211 -0.1632 176.9416
624 592  0.0191 -0.2262 73.5315
656 592  0.1059 -0.2690 163.4003
688 592  0.1023 -0.2696 55.2377
720 592  0.1839 -0.2568 176.7956
752 592  0.1759 -0.3779 225.6155
784 592  0.0777 -0.3916 200.9770
816 592  0.0415 -0.3772 87.4267
848 592 -0.0886 -0.2170 148.1515
880 592 -0.0012 -0.2312 68.5809
912 592  0.0162 -0.1558 86.0999
944 592 -0.0213 -0.0152 107.0245
976 592 -0.0790  0.0565 80.8701
1008 592 -0.1254  0.0492 134.1205
1040 592 -0.0867  0.0385 161.8803
1072 592 -0.1656  0.0941 63.5037
1104 592 -0.1414  0.1273 152.8367
1136 592 -0.0724  0.1241 125.0964
1168 592 -0.1525  0.1010 126.8621
 16 624 -0.1464 -0.0645 18.5725
 48 624 -0.2499 -0.5448 73.0240
 80 624 -0.1970 -0.1035 11.6383
112 624 -0.2487 -0.0194 49.1509
144 624 -0.4236 -0.2324 233.2122
176 624 -0.5772 -0.3667 174.2735
208 624 -0.7209 -0.5075 19.9306
240 624 -0.6098 -0.6486 100.6485
272 624 -0.3099 -0.3485 45.7108
304 624 -1.0490 -0.3364 115.1231
336 624 -0.3922 -0.2282 39.3878
368 624 -0.4020 -0.2388 59.0333
400 624 -0.6839 -0.0820 125.7701
432 624 -0.5573 -0.0129 170.7833
464 624 -0.3519 -0.0271 44.9622
496 624 -0.1877 -0.1133 103.1333
528 624 -0.2123 -0.2148 56.0621
560 624 -0.1264 -0.3906 88.9321
592 624 -0.0344 -0.2206 199.4250
624 624  0.0187 -0.3665 86.7103
656 624  0.1492 -0.4244 103.9501
688 624  0.0670 -0.1791 36.8051
720 624  0.1119 -0.4446 65.0522
752 624 -0.0174 -0.4301 151.4104
784 624  0.0533 -0.4804 26.9143
816 624  0.0114 -0.4790 33.5087
848 624 -0.0460 -0.2155 139.0957
880 624 -0.0181 -0.2626 148.8236
912 624 -0.0745 -0.1020 154.6921
944 624 -0.0613 -0.1345 94.1711
976 624 -0.0688 -0.0310 95.6402
1008 624 -0.1450  0.0041 167.8901
1040 624 -0.1323  0.0789 42.0328
1072 624 -0.2855  0.0369 72.4861
1104 624 -0.1344  0.1025 120.9813
1136 624 -0.1124  0.1752 95.2846
1168 624 -0.2400  0.0638 105.6444
 16 656 -0.2277 -0.1857 29.3587
 48 656 -0.6165 -0.1084 19.3209
 80 656 -0.2014 -0.2513 126.1306
112 656 -0.5366 -0.3274 117.8821
144 656 -0.9226 -0.6017 102.9381
176 656 -0.8933 -1.1249 131.8189
208 656 -0.8266 -1.3553 104.5674
240 656 -0.8035 -0.6957 130.4616
272 656 -0.8255 -0.5632 64.1410
304 656 -0.6306 -0.4098 69.9532
336 656 -0.6234 -0.3393 49.4062
368 656 -0.3971 -0.1329 16.3087
400 656 -0.5462  0.0666 201.7193
432 656 -0.3541  0.0090 38.9423
464 656 -0.2850 -0.0343 181.6324
496 656 -0.2528 -0.3330 159.5127
528 656 -0.1210 -0.3287 122.7263
560 656 -0.0182 -0.4270 87.9592
592 656 -0.0047 -0.4641 80.5551
624 656  0.2201 -0.4607 37.2205
656 656  0.1516 -0.5134 198.4769
688 656  0.0863 -0.4181 80.9585
720 656  0.0285 -0.2941 26.5946
752 656 -0.0354 -0.4553 58.4415
784 656 -0.0067 -0.6296 44.3014
816 656 -0.0568 -0.4311 160.5549
848 656 -0.1634 -0.5679 121.3890
880 656 -0.1207 -0.2985 105.2827
912 656 -0.0850 -0.2890 96.9512
944 656 -0.0869 -0.1440 97.2418
976 656 -0.0597 -0.0145 195.3568
1008 656 -0.1019  0.0316 97.9089
1040 656 -0.0683  0.1171 114.5786
1072 656 -0.1765  0.0835 61.4103
1104 656 -0.2287  0.1257 109.1133
1136 656 -0.1509  0.1026 78.6317
1168 656 -0.1529  0.0929 45.2476
 16 688 -0.0244 -0.1229 18.8072
 48 688 -0.0991 -0.1254 260.4561
 80 688 -0.1056 -0.2015 240.7769
112 688 -0.1412 -0.5281 103.2330
144 688 -0.4771 -0.3737 142.6219
176 688 -0.5949 -1.3855 167.2023
208 688 -0.7276 -1.1675 165.3000
240 688 -0.9206 -0.8249 97.7296
272 688 -0.7427 -0.6863 89.9652
304 688 -0.8383 -0.6365 203.0304
336 688 -0.2459 -0.2116 94.1789
368 688 -0.3187 -0.0352 177.9077
400 688 -0.2703 -0.0759 99.5137
432 688 -0.1230  0.0143 23.5722
464 688 -0.0494 -0.1216 243.7040
496 688  0.0925 -0.3384 111.9424
528 688 -0.0305 -0.5225 60.8269
560 688 -0.0232 -0.6692 281.6946
592 688  0.0176 -0.5883 53.7510
624 688 -0.0205 -0.4595 83.0788
656 688 -0.0305 -0.1996 22.4081
688 688 -0.1629 -0.3902 171.2045
720 688 -0.0950 -0.4370 65.8901
752 688 -0.1284 -0.3839 138.9719
784 688  0.1895 -0.4034 131.2398
816 688 -0.0169 -0.4490 88.9981
848 688 -0.0509 -0.0141 66.5735
880 688 -0.0642 -0.2855 125.4884
912 688 -0.0232 -0.2580 139.4924
944 688 -0.0951 -0.2422 65.2071
976 688 -0.1809 -0.0009 94.1833
1008 688 -0.1696 -0.0139 81.3282
1040 688 -0.1645  0.1077 159.4603
1072 688 -0.1648  0.0703 160.6819
1104 688 -0.1964  0.0341 113.2409
1136 688 -0.2183  0.2369 151.9134
1168 688 -0.1609  0.1188 64.3105
 16 720  0.0147 -0.0299 17.9780
 48 720 -0.0866 -0.0599 411.3334
 80 720 -0.0795 -0.1199 243.8411
112 720 -0.1802 -0.3515 201.0668
144 720 -0.2316 -0.6204 305.9342
176 720 -0.8090 -0.8429 66.3537
208 720 -0.8103 -1.4252 62.1756
240 720 -1.3253 -0.8404 94.2179
272 720 -0.9927 -0.6556 78.0720
304 720 -0.3682 -0.2776 104.2544
336 720 -0.2594 -0.1972 97.6319
368 720 -0.0490 -0.0559 124.2700
400 720  0.1563  0.0407 22.8812
432 720  0.2400  0.0867 127.7052
464 720  0.3254 -0.0585 177.2965
496 720  0.8225 -0.6467 19.0304
528 720  0.9503 -0.6421 72.2620
560 720  0.0451 -0.0276 21.9423
592 720  0.1723  0.0325 19.2642
624 720 -0.1502 -0.3942 124.4662
656 720 -0.1444 -0.2809 112.7540
688 720 -0.0696 -0.1162 39.5941
720 720 -0.0425  0.0176 14.3818
752 720 -0.0227 -0.0852 28.5741
784 720 -0.1018 -0.5618 72.3112
816 720  0.0005  0.0469 18.5449
848 720  0.0082  0.0296  5.8060
880 720 -0.0234  0.0025 75.0826
912 720 -0.0689 -0.3508 38.4452
944 720 -0.1207 -0.1261 74.1090
976 720 -0.1507 -0.0804 106.3577
1008 720 -0.1968 -0.0625 205.8280
1040 720 -0.2054 -0.0057 165.0996
1072 720 -0.1384 -0.0092 43.1883
1104 720 -0.2426  0.0184 72.6883
1136 720 -0.1785  0.0487 80.3992
1168 720 -0.0485  0.0787 39.4815
 16 752  0.0015  0.0007 48.1284
 48 752 -0.0200 -0.0678 217.7364
 80 752 -0.0179 -0.1265 180.5164
112 752  0.0027 -0.1902 330.9964
144 752 -0.0789 -0.2217 161.9975
176 752 -0.4337 -0.3350 208.4281
208 752 -0.7058 -0.5643 74.2248
240 752 -0.4109 -0.6421 89.3037
272 752 -0.1426 -0.0255 10.8259
304 752 -0.2857 -0.4200 116.1948
336 752 -0.4641 -0.8316 43.2355
368 752 -0.5101 -0.4628 30.4797
400 752  0.2437 -0.0328 119.0345
432 752  0.7303  0.0483 179.4273
464 752  0.8777 -0.0292 122.9734
496 752  1.2908 -0.6937 30.8476
528 752  0.9218 -0.7889 43.6855
560 752  0.1791  0.1167  9.8061
592 752  0.0357  0.0755 11.2595
624 752 -0.0348  0.0802 10.4178
656 752 -0.0177 -0.0045 23.5013
688 752 -0.0200  0.0941  7.1170
720 752  0.0081  0.2687  5.1530
752 752 -0.0784  0.1542  9.3529
784 752  0.0509  0.0281 22.1454
816 752  0.0183  0.0256  5.4894
880 752 -0.0163  0.0158 22.1585
912 752 -0.0669 -0.5126 41.9602
944 752 -0.1712 -0.2014 113.0001
976 752 -0.1738 -0.1559 166.7298
1008 752 -0.1549 -0.0822 132.3824
1040 752 -0.2359 -0.0168 143.2275
1072 752 -0.1996  0.0039 117.6640
1104 752 -0.1272 -0.0153 61.4269
1136 752 -0.1464  0.0160 40.4832
1168 752 -0.2050 -0.0306 134.3430
 16 784  0.1572 -0.0228 24.1570
 48 784  0.0112 -0.0827 263.4527
 80 784 -0.0613 -0.0926 308.7667
112 784  0.0131 -0.1355 115.3865
144 784 -0.0476 -0.2169 150.7893
176 784 -0.1055 -0.4156 69.4532
208 784 -0.5071 -1.0815 49.7114
240 784 -0.1442 -0.3924 214.5435
272 784 -0.0608 -0.2080 19.3915
304 784 -0.0659 -0.2482 29.7671
336 784  0.1302 -0.2469 157.3765
368 784  0.4882 -0.1295 173.0354
400 784  0.8434 -0.0719 148.2096
432 784  1.1176  0.1143 58.0167
464 784  0.4454 -0.1151 55.2099
496 784 -0.0118 -0.2847 38.3197
528 784 -0.1281 -0.1303 18.7384
560 784  0.0924  0.0881  9.0424
592 784  0.0827  0.1010 12.4869
624 784  0.0350 -0.0436 17.9020
656 784 -0.0399  0.0641  8.5435
688 784  0.0834 -0.0863 11.3604
720 784  0.0755 -0.1598  4.3287
752 784 -0.1493 -0.1811  4.7481
784 784 -0.0059  0.1493  5.4987
816 784  0.0014 -0.0191  4.4902
848 784 -0.0303 -0.0262  4.3161
880 784 -0.0014  0.0081 18.1659
912 784  0.0369  0.0118 23.9781
944 784 -0.0785  0.0259 21.6769
976 784 -0.2100 -0.0939 46.9879
1008 784 -0.1420 -0.1789 85.1896
1040 784 -0.1834 -0.0916 42.6315
1072 784 -0.1400 -0.0155 23.5129
1104 784 -0.1263  0.0268 132.5907
1136 784 -0.0606 -0.0106 73.2845
1168 784 -0.1376  0.0156 127.8710
 16 816  0.0451 -0.0091 30.5680
 48 816  0.0026 -0.0653 20.7146
 80 816  0.0898 -0.0704 255.3895
112 816  0.0399 -0.0659 133.8790
144 816  0.0329 -0.1237 309.0344
176 816  0.0001 -0.2930 305.0602
208 816  0.0425 -0.1174 17.8337
240 816 -0.0273 -0.4744 46.1607
272 816  0.0293 -0.4088 308.8990
304 816 -0.0273 -0.1766 13.5014
336 816  0.6279 -0.4519 75.0967
368 816  0.7375 -0.1135 56.0584
400 816  0.9581 -0.0412 123.9587
432 816  1.2532 -0.0038 138.4355
464 816  1.5749 -0.1676 86.5547
496 816  0.9693 -0.2596 16.6147
528 816  0.1182  0.0792  7.6541
560 816 -0.0214  0.0439  6.5615
592 816  0.1286 -0.0384 13.1872
624 816 -0.0234  0.0073 13.5562
656 816 -0.0462  0.0300 12.9719
688 816  0.0475  0.0531 10.5512
720 816  0.1065 -0.1645 10.3115
752 816 -0.2111 -0.2113  7.1709
784 816  0.3577 -0.3371  6.3416
816 816 -0.1618 -0.1692  6.5630
848 816  0.1072 -0.0699  4.5410
880 816  0.0460  0.0617  8.7239
912 816  0.0072  0.1290  4.1332
944 816 -0.2060  0.1082  5.6947
976 816 -0.0565 -0.0610 37.4272
1008 816 -0.1531 -0.1140 87.7352
1040 816 -0.1433 -0.0867 23.8522
1072 816 -0.1868 -0.1192 44.0224
1104 816 -0.1865 -0.0856 51.9143
1136 816 -0.1176 -0.0135 112.2044
1168 816 -0.2032 -0.0858 124.8925
 16 848  0.0442 -0.0364 46.0942
 48 848  0.1104 -0.0679 68.3841
 80 848  0.0141  0.0000 11.5991
112 848  0.1209 -0.0956 179.2507
144 848  0.1522 -0.1982 191.6319
176 848  0.1167 -0.1936 169.6425
208 848  0.2409 -0.4451 50.4706
240 848  0.1388 -0.6423 47.6827
272 848  0.0093 -0.0958 13.0846
304 848  0.9856 -0.5074 156.3678
336 848  0.6908 -0.4271 173.6736
368 848  1.0453 -0.1938 92.2778
400 848  0.9010 -0.0331 33.7229
432 848  1.1501 -0.0174 72.4688
464 848  0.9331 -0.1036 24.9017
496 848  0.1183  0.0571 20.5099
528 848 -0.1719 -0.1122  6.7493
560 848  0.0078 -0.0056 24.2656
592 848  0.0327 -0.0198 14.7655
624 848  0.0286 -0.0174 27.5002
656 848  0.0090 -0.0354 22.0972
688 848  0.0125 -0.0451  8.9715
720 848  0.0796 -0.0713  7.5988
752 848 -0.0983  0.1418  6.4493
784 848 -0.0547  0.0338  9.3338
816 848 -0.0090 -0.0424 10.9447
848 848  0.0774 -0.1869  6.3008
880 848  0.2446  0.0061  5.4157
944 848 -0.0791 -0.0203  5.7413
976 848 -0.0244  0.0466 43.5205
1008 848 -0.0489 -0.0995 85.8291
1040 848 -0.0918 -0.0913 66.0099
1072 848 -0.0930 -0.1841 50.7164
1104 848 -0.1619 -0.0709 50.1451
1136 848 -0.1830 -0.1328 163.5068
1168 848 -0.1209 -0.0498 107.1655
 16 880  0.0832 -0.0536 40.6961
 48 880  0.0518 -0.0557 16.5791
 80 880  0.0766 -0.1075 221.2493
112 880  0.4019 -0.1139 196.9968
144 880  0.1768 -0.1467 218.2470
176 880  0.1174 -0.4094 204.2218
208 880  0.1859 -0.2860 245.5521
240 880  0.1614 -0.2637 84.3889
272 880  0.2162 -0.3491 31.0384
304 880  0.5779 -0.6608 79.8296
336 880  0.6079 -0.3490 48.3220
368 880  0.9093 -0.1649 54.0779
400 880  1.1248 -0.0875 166.2589
432 880  0.1376  0.0286 18.0532
464 880  0.4195  0.0188 31.9831
496 880  0.1465  0.1292  6.0308
528 880 -0.1049  0.0332  8.6409
560 880  0.2500 -0.0286  9.6785
592 880 -0.0108  0.0238 13.3686
624 880  0.0696 -0.0300 15.9696
656 880 -0.0281  0.0208  8.7246
688 880  0.0321 -0.0401 18.8735
720 880  0.0660  0.0478 14.4715
752 880 -0.3380  0.1747  4.6811
784 880 -0.0494 -0.0639  7.6316
816 880  0.0805  0.0774  7.6613
848 880  0.3194  0.4433  5.5405
880 880 -0.1445 -0.2281  5.6843
912 880 -0.0008 -0.0559  9.9039
944 880 -0.0159 -0.0295 47.6145
976 880  0.0287 -0.0678 45.1720
1008 880  0.0231 -0.0575 145.4572
1040 880 -0.0255 -0.0735 90.5803
1072 880 -0.1935 -0.1864 163.9250
1104 880 -0.0977 -0.1292 111.1912
1136 880 -0.2082 -0.1122 97.4946
1168 880 -0.1226 -0.0580 108.2082
 16 912  0.1035 -0.0408 212.3448
 48 912  0.0049 -0.0587 26.9424
 80 912  0.1138 -0.1778 318.0693
112 912  0.1100 -0.2028 126.8364
144 912  0.2276 -0.1293 331.5376
176 912  0.2990 -0.2598 257.2395
208 912  0.2339 -0.1417 30.5242
240 912  0.7392 -0.3859 96.5685
272 912  0.1547 -0.3797 65.7848
304 912  0.6078 -0.4238 68.8940
336 912  0.9768 -0.4351 25.3125
368 912  0.8158 -0.1280 23.8805
400 912  0.0625 -0.0125 19.2179
432 912  0.0113  0.0054 17.0933
464 912  0.1198  0.1248 10.0375
496 912  0.0000 -0.0000  4.0797
528 912 -0.0221  0.0263  4.7523
560 912  0.1267  0.0574  4.3316
592 912 -0.1688  0.1419  4.4201
624 912  0.0653  0.0315 10.5587
656 912  0.3130  0.2365  5.3042
688 912 -0.0162 -0.0027 11.3989
720 912  0.1072  0.0565 10.3327
752 912 -0.3400 -0.0325  5.3335
784 912 -0.0002 -0.0088 10.7667
816 912  0.3615 -0.0457  5.6084
880 912 -0.1601 -0.0232  9.1217
912 912  0.0341 -0.0068  9.9422
944 912  0.0276  0.0134  7.9841
976 912  0.0095  0.0230 11.3141
1008 912  0.0022  0.0082 52.5108
1040 912 -0.0065 -0.0556 150.1853
1072 912  0.0077 -0.1354 107.5484
1104 912 -0.0715 -0.1122 77.0690
1136 912 -0.0750 -0.0798 50.6509
1168 912 -0.0748 -0.0604 56.9961
 16 944  0.3546 -0.0265 47.0926
 48 944  0.0364 -0.0152 32.2691
 80 944  0.3018 -0.0475 154.6579
112 944  0.1079 -0.0772 56.9466
144 944  0.1169 -0.1706 248.2820
176 944  0.3406 -0.4300 302.4387
208 944  0.2628 -0.3278 182.6302
240 944  0.3166 -0.4293 180.9237
272 944  0.0334 -0.2112 12.9953
304 944  0.6669 -0.5252 67.0763
336 944  0.9352 -1.2597 151.6612
368 944  0.3800 -0.0776 149.5374
400 944 -0.0035 -0.0088 13.8853
432 944  0.0739  0.0549 15.3517
464 944  0.0723 -0.0314  5.9355
496 944  0.0245 -0.0465  7.0183
624 944 -0.2014  0.1020  5.3993
656 944  0.4156 -0.0175  4.1711
688 944 -0.0825  0.0425  7.7448
720 944  0.1952  0.1248  5.5383
752 944 -0.1618  0.0559  5.2435
784 944 -0.1366  0.4024  6.9155
816 944  0.0232  0.2481  7.0429
848 944  0.0362 -0.0861  9.1606
880 944 -0.0656 -0.1519  9.8707
912 944  0.0273  0.0264  9.4578
944 944  0.0461 -0.0201 12.8704
976 944  0.1048 -0.1219  6.4920
1008 944 -0.0178  0.0277  5.8141
1040 944 -0.0380  0.0391 67.0024
1072 944 -0.0326 -0.0841 167.2983
1104 944 -0.0261 -0.1561 147.1713
1136 944 -0.1000 -0.0031 252.6597
1168 944 -0.1503 -0.1095 199.5865
 16 976  0.0311 -0.0189 18.4152
 48 976  0.0637 -0.0058 42.0273
 80 976  0.1724 -0.0402 85.2016
112 976  0.0222 -0.0922 14.4078
144 976  0.1090 -0.1179 158.5890
176 976  0.2084 -0.2611 62.8937
208 976  0.1392 -0.2581 79.6157
240 976  0.0957 -0.4052 67.5484
272 976  0.2546 -0.2332 39.1140
304 976  0.2413 -0.5003 49.5616
336 976  0.0398 -0.1695 90.1808
368 976  0.0230 -0.0314 25.2397
400 976  0.0655 -0.0093 12.7868
432 976 -0.0843 -0.0235  8.4518
464 976 -0.0053 -0.0243 21.6185
496 976  0.0749 -0.0453  9.9898
528 976  0.0939 -0.1264  4.2667
688 976 -0.0081  0.1418  4.1499
784 976 -0.0493 -0.0362  4.3201
816 976 -0.0619 -0.0319 14.5076
848 976  0.0000  0.0094 18.6118
880 976  0.0439  0.0407  8.5143
912 976 -0.0163  0.0193 10.8490
944 976 -0.0268 -0.0413  7.8008
976 976 -0.0146  0.0121 12.0005
1008 976  0.0391 -0.0380 10.4977
1040 976 -0.0397  0.0312 19.5155
1072 976 -0.0704  0.0041 31.2422
1104 976 -0.1252 -0.0940 152.7760
1136 976 -0.0817 -0.0496 115.6251
1168 976 -0.0909 -0.0899 103.2959
 16 1008  0.1086 -0.0154 39.2939
 48 1008  0.0843 -0.0902 190.9632
 80 1008  0.2304 -0.0605 71.3601
112 1008  0.1381 -0.0579 187.4331
144 1008  0.1032 -0.1658 270.2072
176 1008  0.1554 -0.1894 251.1599
208 1008  0.0809 -0.2136 83.6723
240 1008  0.0828 -0.5675 108.0394
272 1008  0.1182 -0.4769 57.9978
304 1008  0.1748 -0.3134 143.0235
336 1008  0.0081 -0.1279 22.4759
368 1008  0.0243  0.0051 11.3849
400 1008  0.0096 -0.0668 10.8051
432 1008 -0.0147 -0.0272 17.5450
464 1008 -0.0534 -0.0252 64.2012
496 1008  0.0058  0.0155 21.5851
528 1008  0.1343 -0.0637  9.3885
560 1008  0.1505 -0.3425  5.8600
752 1008 -0.0164 -0.0076  4.0635
784 1008  0.0089 -0.0294  6.3615
816 1008 -0.0385 -0.0424 26.1145
848 1008 -0.0097 -0.0124 21.1555
880 1008  0.0002 -0.0090 13.7468
912 1008 -0.0066 -0.0127 10.7614
944 1008  0.0055  0.0045 15.0010
976 1008 -0.0233  0.0353  8.1272
1008 1008 -0.0058  0.0174 12.4092
1040 1008 -0.0022  0.0061 35.8062
1072 1008 -0.0019  0.0142 81.5847
1104 1008 -0.0293 -0.0359 180.2306
1136 1008 -0.0205 -0.0274 134.3888
1168 1008 -0.0648 -0.0787 87.0627
 16 1040  0.0616 -0.0043 23.0673
 48 1040  0.1676 -0.0212 218.7897
 80 1040  0.1810 -0.0446 106.9536
112 1040  0.0904 -0.0482 208.2566
144 1040  0.2614 -0.0977 76.8901
176 1040  0.2749 -0.1316 72.3936
208 1040  0.1215 -0.4023 68.4401
240 1040  0.0060 -0.0598 16.4828
272 1040  0.0824 -0.2857 47.1007
304 1040 -0.0294 -0.1855 63.2302
336 1040 -0.0404 -0.1664 52.4796
368 1040  0.0086 -0.0374 13.0152
400 1040  0.0303  0.0159 40.1522
432 1040 -0.0027 -0.0056 29.6260
464 1040 -0.0372  0.0077 60.0777
496 1040 -0.4128  0.1040 10.3535
528 1040 -0.0301  0.0570 11.4062
560 1040  0.0482  0.0452 10.8665
592 1040  0.2409  0.0503  6.3002
752 1040 -0.0671 -0.0139  5.5266
784 1040 -0.0441 -0.0565 16.6911
816 1040 -0.0115 -0.0229 28.4975
848 1040  0.0503  0.0258 16.5400
880 1040  0.0345  0.0343 12.3553
912 1040  0.0166  0.0111 17.4824
944 1040  0.0128  0.0107 20.4896
976 1040 -0.0081  0.0115 61.4974
1008 1040  0.0325 -0.0134 14.1855
1040 1040  0.0114  0.0129 50.0924
1072 1040  0.0018 -0.0165 88.5248
1104 1040 -0.0078 -0.0126 84.1480
1136 1040 -0.0596 -0.0165 156.5444
1168 1040 -0.0445 -0.0677 29.1945
 16 1072  0.1146 -0.0407 56.0865
 48 1072  0.0832  0.0063 42.1979
 80 1072  0.0680 -0.0420 146.5706
112 1072  0.0967 -0.0452 31.4724
144 1072  0.0525 -0.1085 133.5262
176 1072  0.1194 -0.3104 108.7183
208 1072  0.0441 -0.0853 20.1753
240 1072  0.1123 -0.1939 48.6043
272 1072  0.0061 -0.1039 45.1797
304 1072  0.0101 -0.3004 108.9852
336 1072 -0.0448 -0.1477 159.7520
368 1072 -0.0463 -0.0737 72.5306
400 1072 -0.0799 -0.0504 76.9011
432 1072 -0.0467 -0.0478 145.6376
464 1072 -0.0183 -0.0364 31.5702
496 1072 -0.1838  0.2942  9.1504
528 1072  0.0103  0.2373 11.2426
560 1072  0.1478 -0.0117  8.8800
592 1072 -0.0248 -0.1311 10.2298
624 1072  0.1489 -0.2314  5.8103
656 1072 -0.0326 -0.3720  5.6665
688 1072 -0.0200 -0.0828  4.3761
720 1072  0.1277 -0.0659  4.7353
752 1072 -0.0657  0.0725  4.2299
784 1072 -0.0363  0.0789  7.2310
816 1072 -0.0362  0.0853 12.6677
848 1072 -0.0352  0.0465 44.8566
880 1072 -0.0195  0.0227 18.9775
912 1072  0.0020  0.0253 15.4986
944 1072  0.1043 -0.0080 51.2377
976 1072  0.0160  0.0098 34.4248
1008 1072 -0.0053  0.0010 36.1664
1040 1072  0.0150  0.0153 174.2050
1072 1072  0.0265 -0.0165 14.7243
1104 1072  0.0302 -0.0687 210.0210
1136 1072  0.0052 -0.0354 39.4188
1168 1072 -0.0712 -0.0250 47.6376
 16 1104  0.0470 -0.0079 41.4239
 48 1104  0.0401 -0.0214 52.4583
 80 1104  0.0492 -0.0290 219.7392
112 1104  0.0651 -0.0608 136.8457
144 1104  0.0887 -0.0642 85.9536
176 1104  0.0453 -0.0745 331.2670
208 1104  0.0175 -0.0915 74.2044
240 1104  0.0561 -0.1942 196.0493
272 1104  0.0153 -0.4862 53.7494
304 1104  0.0302 -0.1302 128.6227
336 1104 -0.0038 -0.0880 164.1460
368 1104 -0.0010 -0.0800 123.0604
400 1104 -0.0466 -0.0843 68.6482
432 1104 -0.0060 -0.0286 62.0041
464 1104  0.0045 -0.0272 22.1286
496 1104 -0.0179  0.0118 21.4108
528 1104 -0.0430  0.0057 13.6470
560 1104  0.0032  0.0332 13.5288
592 1104  0.0060 -0.0090 11.4000
624 1104  0.0064 -0.0438 11.8729
656 1104  0.0264 -0.0010 11.2213
688 1104  0.2770 -0.2843  8.4330
720 1104  0.0788 -0.4057  4.5945
848 1104 -0.0120  0.0917  5.5436
880 1104 -0.1084  0.1622  8.5074
912 1104 -0.0006  0.1002 12.4421
944 1104  0.0350  0.0837 15.9969
976 1104  0.0075  0.0934  9.5584
1008 1104  0.0228  0.0167 19.5249
1040 1104 -0.0412  0.0544 29.1584
1072 1104  0.0463 -0.0125 20.2619
1104 1104  0.0065  0.0068 21.0820
1136 1104 -0.0144 -0.0143 15.4724
1168 1104 -0.0084 -0.0064 27.7420
 16 1136  0.0288 -0.0160 16.8475
 48 1136  0.0044 -0.0044 16.2747
 80 1136  0.0439 -0.0586 332.0908
112 1136  0.0153 -0.0486 91.6188
144 1136  0.0027 -0.1466 32.9940
176 1136  0.0139 -0.0648 203.0571
208 1136  0.0889 -0.1719 100.1045
240 1136  0.0122 -0.0302 122.6644
272 1136  0.0295 -0.1092 41.0271
304 1136  0.0114 -0.0615 173.8896
336 1136  0.0424 -0.0788 163.2966
368 1136  0.0040 -0.0941 186.2401
400 1136  0.0017 -0.0794 167.9464
432 1136  0.0226 -0.0512 41.8602
464 1136  0.0129 -0.0507 28.7565
496 1136  0.0392 -0.0235 25.3546
528 1136 -0.0100  0.0239 21.4301
560 1136  0.0118  0.0401 10.9999
592 1136  0.0332  0.0080 13.8932
624 1136 -0.0024  0.0145 15.1685
656 1136  0.0243 -0.0087 17.9464
688 1136  0.0066  0.0035 12.7732
720 1136  0.0354 -0.0184 12.8323
752 1136  0.1643 -0.1913  7.9299
784 1136 -0.1438 -0.2276  6.5856
816 1136 -0.0302 -0.2108  9.2357
848 1136  0.1837 -0.3409  7.4031
880 1136  0.1292 -0.3226  4.2980
944 1136 -0.0623  0.0339  4.0837
976 1136  0.0164  0.0492  4.3207
1008 1136  0.0278  0.0451  5.1125
1040 1136 -0.0700  0.0648  4.7521
1072 1136  0.0246  0.2576  5.3760
1104 1136 -0.0641  0.0855  7.8871
1136 1136  0.0097  0.0265  9.8288
1168 1136 -0.0024  0.0023 18.7129
 16 1168  0.0267 -0.0254 16.0074
 48 1168  0.0016 -0.0072 18.3396
 80 1168  0.1510 -0.0363 41.6224
112 1168  0.0537 -0.0212 228.5894
144 1168  0.1350 -0.0552 91.2730
176 1168  0.0232 -0.0554 178.2918
208 1168  0.0418 -0.1568 184.8899
240 1168  0.0868 -0.1708 99.0150
272 1168  0.0286 -0.1535 82.5456
304 1168  0.0585 -0.0795 52.6968
336 1168  0.0139 -0.0952 244.3260
368 1168  0.0112 -0.1025 180.0974
400 1168  0.0285 -0.0362 256.6706
432 1168  0.0223 -0.0266 81.5225
464 1168  0.0043 -0.0465 296.1735
496 1168 -0.0365  0.0066 11.9985
528 1168  0.0139  0.0089 23.5986
560 1168 -0.0142  0.1199 11.9027
592 1168  0.0011  0.0107 11.6644
624 1168  0.0274  0.0139 11.3358
656 1168 -0.0047  0.0187 10.9523
688 1168 -0.0115  0.0261 12.3395
720 1168 -0.0404 -0.0002 11.8025
752 1168 -0.0114 -0.0029 16.8651
784 1168 -0.0250  0.0023 13.5071
816 1168  0.0049 -0.0016 12.8865
848 1168 -0.0170  0.0039 14.0159
880 1168  0.0272 -0.0485 13.5606
912 1168  0.1610 -0.2309  9.9183
944 1168  0.1036 -0.4336  5.0856
1104 1168 -0.0076  0.1825  4.1332
1136 1168 -0.0884  0.1618  4.5521
1168 1168  0.0326  0.0677  4.6569
 16 1200  0.0778 -0.1425 50.2609
 48 1200  0.0652 -0.0416 24.4306
 80 1200  0.0124 -0.0303 17.7112
112 1200  0.0171 -0.0079 34.7453
144 1200  0.0341 -0.0382 97.4586
176 1200  0.0313 -0.1181 254.8200
208 1200  0.0777 -0.1735 98.1258
240 1200  0.0469 -0.0920 259.2516
272 1200  0.0953 -0.0824 67.1780
304 1200  0.0094 -0.0373 167.8240
336 1200  0.0058 -0.0965 334.1230
368 1200  0.0032 -0.0674 226.6445
400 1200  0.0475 -0.0425 236.3311
432 1200  0.0120 -0.0393 20.8140
464 1200  0.0044  0.0264 22.3446
496 1200 -0.0003  0.0060 17.8583
528 1200  0.0177  0.0292 17.0077
560 1200  0.0189 -0.0599 14.7608
592 1200 -0.0008  0.0325 16.4802
624 1200 -0.0109 -0.0725 43.7780
656 1200 -0.0416  0.1040 37.0693
688 1200  0.0185 -0.0121 11.8564
720 1200 -0.0065 -0.0170 17.1771
752 1200 -0.0396  0.0121 16.4691
784 1200 -0.0249  0.0212 10.7853
816 1200 -0.0372  0.0007 11.3751
848 1200 -0.0543  0.0224 11.0656
880 1200 -0.0192  0.0050 11.9715
912 1200 -0.0370 -0.0132 13.1946
944 1200 -0.0351 -0.0199 13.4232
976 1200  0.0447 -0.0863 13.6632
1008 1200  0.1136 -0.2046 10.5032
1040 1200  0.0841 -0.3397  6.8636
1072 1200  0.0477 -0.3835  5.6144
1104 1200  0.0259 -0.4561  4.7517
1136 1200  0.0000 -0.5000  4.3252
1168 1200 -0.0083 -0.3905  4.3344
 16 1232  0.0271  0.0051 15.3892
 48 1232  0.0359 -0.0056 19.8798
 80 1232  0.1042 -0.0785 160.8624
112 1232  0.0510 -0.0119 125.2730
144 1232  0.0719 -0.0474 44.6403
176 1232  0.0695 -0.0830 159.1110
208 1232  0.0205 -0.1106 96.2264
240 1232  0.0267 -0.0501 62.5997
272 1232  0.0109 -0.1096 151.8254
304 1232  0.0304 -0.0618 139.3596
336 1232  0.0227 -0.1653 166.4547
368 1232  0.0114 -0.0831 135.4088
400 1232  0.0359 -0.0806 102.3352
432 1232  0.0243 -0.0796 85.6891
464 1232  0.0011 -0.0149 20.4945
496 1232 -0.0215  0.0118 32.1536
528 1232 -0.0231 -0.0040 12.5797
560 1232  0.0074 -0.0293 23.0426
592 1232  0.0164  0.0248 18.4809
624 1232 -0.0350 -0.0029 10.7911
656 1232 -0.0164 -0.0308 12.6190
688 1232 -0.0183 -0.0762  9.9673
720 1232 -0.0188  0.0146 11.5575
752 1232  0.0029 -0.0185 19.0625
784 1232 -0.1051  0.0213 14.3225
816 1232 -0.0012 -0.0255 23.0855
848 1232  0.0003  0.0183 10.9083
880 1232 -0.0283  0.0618 15.2632
912 1232 -0.0008  0.0395 13.1845
944 1232 -0.0986  0.0018 13.1384
976 1232 -0.1077  0.0337 12.2695
1008 1232  0.0652 -0.0108 13.5475
1040 1232  0.0122 -0.0253 12.6428
1072 1232  0.0231  0.0091 11.8922
1104 1232  0.0147 -0.0099 12.5202
1136 1232  0.0259  0.0298 11.2648
1168 1232  0.0224 -0.0098 12.8128
 16 1264  0.0427 -0.0102 22.4908
 48 1264 -0.0062 -0.0179 14.4830
 80 1264  0.0218 -0.0401 148.1042
112 1264  0.0431 -0.0571 105.8488
144 1264  0.0669 -0.0884 289.9888
176 1264  0.0371 -0.0620 169.1696
208 1264  0.0409 -0.1052 94.0028
240 1264  0.0073 -0.0739 43.4075
272 1264  0.0353 -0.0412 89.3044
304 1264  0.0249 -0.0772 177.8149
336 1264  0.1320 -0.1533 240.2258
368 1264  0.0691 -0.0678 132.5898
400 1264  0.0128 -0.0567 222.7712
432 1264  0.0114 -0.0211 384.6835
464 1264  0.0598 -0.0093 18.8501
496 1264  0.0006  0.0028 11.4531
528 1264 -0.0169 -0.0251 13.7600
560 1264  0.0091  0.0123 10.5794
592 1264  0.0140  0.0179 12.1116
624 1264 -0.0154 -0.0099 19.3870
656 1264 -0.0024 -0.0028 15.1374
688 1264  0.0108  0.0315 11.2935
720 1264  0.0438  0.0044 13.3196
752 1264  0.0295  0.0146 24.2676
784 1264 -0.0590 -0.0105 11.2135
816 1264 -0.0365 -0.0258 11.8207
848 1264 -0.0406 -0.0106  9.5564
880 1264  0.0045  0.0186  9.9075
912 1264  0.0138  0.0035  9.5989
944 1264 -0.0865  0.0296 12.2754
976 1264  0.0013 -0.0215 10.4290
1008 1264  0.0281  0.0734  9.9200
1040 1264 -0.0218 -0.0429 11.0330
1072 1264 -0.0011 -0.0450 10.5446
1104 1264  0.0218  0.0385  9.7233
1136 1264 -0.0925  0.0028 10.2715
1168 1264  0.0106  0.0166 12.5686
 16 1296  0.0474 -0.0450 23.8472
 48 1296 -0.0025  0.0113 20.3089
 80 1296  0.0516 -0.0195 102.1101
112 1296  0.0299  0.0155 17.3072
144 1296 -0.0067 -0.0120 10.9380
176 1296  0.0554 -0.1086 67.7385
208 1296  0.0212 -0.0943 247.1217
240 1296 -0.0007 -0.0571 89.5787
272 1296  0.0136 -0.0428 16.0832
304 1296  0.0116 -0.0439 147.7618
336 1296  0.0075 -0.0370 59.8878
368 1296  0.1586 -0.0555 89.3753
400 1296  0.0199 -0.0291 185.1466
432 1296  0.0096 -0.0342 16.2928
464 1296  0.0140 -0.0308 31.4202
496 1296  0.0306  0.0345 21.7564
528 1296 -0.0184  0.0020 14.7723
560 1296  0.0028 -0.0108 21.8671
592 1296  0.0100 -0.0217 13.1886
624 1296 -0.0070  0.0076 15.6979
656 1296 -0.0109 -0.0016 12.6830
688 1296  0.0088 -0.0176 12.1318
720 1296 -0.0391 -0.0091 14.2001
752 1296  0.0163 -0.0050 13.7122
784 1296 -0.0027 -0.0011 10.8445
816 1296 -0.0505  0.0051 10.4857
848 1296  0.0227 -0.0424 12.5540
880 1296  0.0246 -0.0065 11.2725
912 1296  0.0245 -0.0198 12.4398
944 1296 -0.0102 -0.0527 11.7050
976 1296 -0.0168  0.0410 10.6793
1008 1296  0.0088  0.0492 10.0867
1040 1296  0.1248  0.0213  8.3377
1072 1296  0.0001 -0.0034  9.4822
1104 1296 -0.0449  0.0113 10.6123
1136 1296  0.0177  0.0079  9.8380
1168 1296 -0.0116  0.0247  9.4054
  0   0  0.0054  0.0095  0.0000
  0   0  0.0063  0.0359  0.0000
  0   0 -0.0535  0.0212  0.0000
  0   0 -0.0062  0.0128  0.0000
  0   0  0.0236 -0.0236  0.0000
  0   0  0.0124 -0.0103  0.0000
  0   0  0.0344 -0.0258  0.0000
  0   0  0.0230 -0.0193  0.0000
  0   0  0.0045 -0.0490  0.0000
  0   0  0.0268 -0.1065  0.0000
  0   0  0.0035 -0.1013  0.0000
  0   0 -0.0207 -0.0662  0.0000
  0   0 -0.0227 -0.0370  0.0000
  0   0 -0.0162 -0.0202  0.0000
  0   0  0.0161 -0.0038  0.0000
  0   0  0.1477 -0.0047  0.0000
  0   0 -0.0166  0.0085  0.0000
  0   0 -0.0301  0.0278  0.0000
  0   0 -0.0353  0.0487  0.0000
  0   0 -0.0268  0.0768  0.0000
  0   0 -0.0406  0.0540  0.0000
  0   0 -0.0289  0.0276  0.0000
  0   0 -0.0226  0.0082  0.0000
  0   0 -0.0240  0.0097  0.0000
  0   0 -0.0223 -0.0023  0.0000
  0   0 -0.0170 -0.0202  0.0000
  0   0 -0.0343 -0.0229  0.0000
  0   0 -0.0098 -0.0215  0.0000
  0   0 -0.0178 -0.0223  0.0000
  0   0 -0.0341 -0.0277  0.0000
  0   0  0.0070 -0.0486  0.0000
  0   0  0.0290 -0.0331  0.0000
  0   0  0.0427 -0.0306  0.0000
  0   0  0.0320 -0.0274  0.0000
  0   0  0.0347  0.0293  0.0000
  0   0  0.0610  0.0452  0.0000
  0   0  0.1122  0.0316  0.0000
  0   0  0.0503  0.0158  0.0000
  0   0  0.0032  0.0223  0.0000
  0   0  0.0137  0.0239  0.0000
  0   0  0.0011  0.0411  0.0000
  0   0  0.0021  0.0402  0.0000
  0   0 -0.0046  0.0448  0.0000
  0   0 -0.0273  0.0329  0.0000
  0   0 -0.0095  0.0154  0.0000
  0   0  0.0091 -0.0115  0.0000
  0   0  0.0128 -0.0230  0.0000
  0   0  0.0207 -0.0404  0.0000
  0   0  0.0140 -0.0530  0.0000
  0   0  0.0016 -0.0786  0.0000
  0   0 -0.0018 -0.1075  0.0000
  0   0 -0.0228 -0.1026  0.0000
  0   0 -0.0458 -0.0724  0.0000
  0   0 -0.0557 -0.0363  0.0000
  0   0 -0.0497 -0.0032  0.0000
  0   0 -0.0153  0.0282  0.0000
  0   0  0.0710  0.0527  0.0000
  0   0 -0.0646  0.0664  0.0000
  0   0 -0.0751  0.0935  0.0000
  0   0 -0.0792  0.1144  0.0000
  0   0 -0.0747  0.1238  0.0000
  0   0 -0.0727  0.1038  0.0000
  0   0 -0.0618  0.0720  0.0000
  0   0 -0.0519  0.0415  0.0000
  0   0 -0.0456  0.0198  0.0000
  0   0 -0.0407 -0.0029  0.0000
  0   0 -0.0378 -0.0246  0.0000
  0   0 -0.0411 -0.0370  0.0000
  0   0 -0.0317 -0.0438  0.0000
  0   0 -0.0298 -0.0496  0.0000
  0   0 -0.0248 -0.0561  0.0000
  0   0  0.0052 -0.0626  0.0000
  0   0  0.0353 -0.0521  0.0000
  0   0  0.0598 -0.0382  0.0000
  0   0  0.0723 -0.0174  0.0000
  0   0  0.0863  0.0203  0.0000
  0   0  0.1056  0.0402  0.0000
  0   0  0.1201  0.0413  0.0000
  0   0  0.0858  0.0373  0.0000
  0   0  0.0462  0.0415  0.0000
  0   0  0.0277  0.0476  0.0000
  0   0  0.0100  0.0594  0.0000
  0   0 -0.0004  0.0626  0.0000
  0   0 -0.0095  0.0601  0.0000
  0   0 -0.0181  0.0458  0.0000
  0   0 -0.0101  0.0229  0.0000
  0   0  0.0021 -0.0064  0.0000
  0   0  0.0092 -0.0329  0.0000
  0   0  0.0124 -0.0598  0.0000
  0   0  0.0058 -0.0839  0.0000
  0   0 -0.0084 -0.1074  0.0000
  0   0 -0.0257 -0.1222  0.0000
  0   0 -0.0516 -0.1134  0.0000
  0   0 -0.0782 -0.0821  0.0000
  0   0 -0.0957 -0.0384  0.0000
  0   0 -0.0980  0.0103  0.0000
  0   0 -0.0788  0.0605  0.0000
  0   0 -0.0341  0.1095  0.0000
  0   0 -0.1175  0.1346  0.0000
  0   0 -0.1245  0.1655  0.0000
  0   0 -0.1266  0.1863  0.0000
  0   0 -0.1212  0.1866  0.0000
  0   0 -0.1102  0.1614  0.0000
  0   0 -0.0948  0.1193  0.0000
  0   0 -0.0794  0.0730  0.0000
  0   0 -0.0671  0.0311  0.0000
  0   0 -0.0593 -0.0052  0.0000
  0   0 -0.0561 -0.0347  0.0000
  0   0 -0.0554 -0.0556  0.0000
  0   0 -0.0517 -0.0697  0.0000
  0   0 -0.0444 -0.0800  0.0000
  0   0 -0.0275 -0.0867  0.0000
  0   0  0.0046 -0.0864  0.0000
  0   0  0.0442 -0.0735  0.0000
  0   0  0.0827 -0.0494  0.0000
  0   0  0.1142 -0.0166  0.0000
  0   0  0.1392  0.0189  0.0000
  0   0  0.1552  0.0436  0.0000
  0   0  0.1531  0.0541  0.0000
  0   0  0.1237  0.0575  0.0000
  0   0  0.0814  0.0627  0.0000
  0   0  0.0436  0.0718  0.0000
  0   0  0.0142  0.0831  0.0000
  0   0 -0.0053  0.0885  0.0000
  0   0 -0.0165  0.0833  0.0000
  0   0 -0.0195  0.0651  0.0000
  0   0 -0.0129  0.0353  0.0000
  0   0 -0.0015 -0.0023  0.0000
  0   0  0.0081 -0.0428  0.0000
  0   0  0.0109 -0.0827  0.0000
  0   0  0.0030 -0.1181  0.0000
  0   0 -0.0162 -0.1444  0.0000
  0   0 -0.0452 -0.1541  0.0000
  0   0 -0.0812 -0.1404  0.0000
  0   0 -0.1177 -0.1027  0.0000
  0   0 -0.1465 -0.0468  0.0000
  0   0 -0.1616  0.0200  0.0000
  0   0 -0.1613  0.0918  0.0000
  0   0 -0.1501  0.1650  0.0000
