VARIABLES= "X pix", "Y pix", "U pix/dt", "V pix/dt", "CHC", ZONE I=37, J=41
304  16 -0.0840 -0.0227 59.5809
336  16 -0.1138 -0.0523 18.9118
368  16 -0.0854 -0.0791 24.6753
400  16 -0.0835 -0.1211 88.5845
496  16 -0.0579 -0.1457 89.0435
528  16 -0.0415 -0.1124 39.0095
560  16 -0.0280 -0.0562 40.9600
592  16 -0.0150 -0.0205 50.5679
624  16  0.0056  0.0094 54.6133
656  16 -0.0221  0.0143 46.5454
688  16 -0.0304  0.0245 273.0666
304  48 -0.0188  0.0414 52.5128
336  48 -0.0078  0.0751 29.4676
368  48 -0.0049  0.1090 110.7027
496  48  0.0090  0.1020 71.8596
528  48 -0.0368  0.0405 27.3067
560  48 -0.0801 -0.0238 40.1569
592  48 -0.0582 -0.0965 134.6103
688  48 -0.0531 -0.0292 227.5554
720  48 -0.0482  0.0126 29.2571
752  48 -0.0279  0.0251 36.2478
784  48  0.0062  0.0000 32.0866
816  48 -0.0693  0.0000 204.7999
304  80 -0.0549 -0.0195 49.3494
336  80 -0.0255 -0.0302 30.7970
368  80 -0.0273 -0.0163 50.5679
400  80 -0.0212 -0.0077 47.0804
432  80  0.0006 -0.0160 43.5745
464  80 -0.0049 -0.0014 4095.9939
496  80  0.0021  0.0533 71.8596
528  80 -0.0097  0.1127 28.4444
560  80 -0.0104  0.0960 45.0110
592  80  0.0000  0.0090 41.7240
688  80 -0.0092  0.0570 341.3332
720  80 -0.0182  0.0184 80.3137
752  80 -0.0142 -0.0044 87.1489
784  80  0.0000 -0.0269 69.9141
816  80  0.0000 -0.2158 156.6775
 16 144 -0.1029 -0.1178 224.5522
 48 144 -0.0556 -0.0432 108.2495
 80 144 -0.0369 -0.1084 131.0862
112 144 -0.0343 -0.0296 31.2772
144 144 -0.0881 -0.0386 135.7462
176 144 -0.0370 -0.0222 81.0882
208 144 -0.0607 -0.0232 119.7453
240 144 -0.0309 -0.0390 137.3563
272 144 -0.0260 -0.0197 55.8225
304 144 -0.0262  0.0078 51.5341
336 144 -0.0338  0.0034 38.1151
368 144  0.0051  0.0296 117.2595
400 144 -0.0356  0.0321 170.3805
432 144 -0.0403  0.0459 220.9802
464 144 -0.0190  0.0457 108.1437
496 144 -0.0210  0.0508 195.4393
528 144 -0.0342  0.0741 111.4683
560 144  0.0090  0.0762 104.1864
592 144 -0.0273  0.0312 133.1658
624 144 -0.0585  0.0538 119.4601
656 144 -0.0016  0.0514 208.4290
688 144 -0.0241  0.0478 103.4457
720 144 -0.0304  0.0198 163.2791
752 144 -0.0433  0.0313 121.4892
784 144  0.0112  0.0207 54.7083
816 144 -0.0058  0.0284 117.2882
848 144 -0.0155  0.0147 153.5069
880 144 -0.0072 -0.0035 56.3317
912 144 -0.0307  0.0200 143.9915
944 144 -0.0393  0.0375 105.7974
976 144 -0.0108  0.0254 60.1345
1008 144 -0.0375  0.0288 45.8872
1040 144 -0.0062  0.0416 71.7264
1072 144 -0.0318  0.0700 112.6408
1104 144 -0.0456  0.0540 148.2662
1136 144 -0.0138  0.0668 214.5651
1168 144 -0.0387  0.0762 129.1773
 16 176 -0.0611 -0.0471 23.2137
 48 176 -0.0813 -0.0881 211.6516
 80 176 -0.1666 -0.0820 432.2227
112 176 -0.1220 -0.0591 101.4654
144 176 -0.0484 -0.0320 117.6124
176 176 -0.0444 -0.0175 125.3840
208 176 -0.0794 -0.0251 324.0916
240 176 -0.0428 -0.0391 257.7698
272 176 -0.0243 -0.0296 176.9896
304 176 -0.0491  0.0014 176.2189
336 176 -0.0079  0.0818 264.5132
368 176 -0.0183  0.1076 206.5117
400 176 -0.0019  0.0733 252.8069
432 176 -0.0224  0.0458 183.2101
464 176 -0.0347  0.0305 218.3271
496 176 -0.0399  0.0239 277.1659
528 176 -0.0179  0.0677 50.4521
560 176 -0.0547  0.0725 128.7906
592 176 -0.0094  0.0715 125.1344
624 176 -0.0494  0.0332 285.5065
656 176 -0.0300  0.0324 263.8874
688 176 -0.0445  0.0328 150.4535
720 176 -0.0235  0.0113 126.7256
752 176  0.0203  0.0027 208.7294
784 176 -0.0357  0.0079 96.8220
816 176 -0.0100 -0.0125 76.9660
848 176  0.0113 -0.0081 210.5800
880 176 -0.0046 -0.0112 79.3506
912 176 -0.1032  0.0003 160.4206
944 176 -0.0200 -0.0090 146.8159
976 176 -0.0225  0.0655 103.7993
1008 176 -0.0430  0.0274 130.8301
1040 176 -0.0173  0.0435 60.9110
1072 176 -0.0441  0.0613 149.7035
1104 176 -0.0493  0.0737 62.9392
1136 176 -0.0572  0.1022 171.8573
1168 176 -0.0190  0.0593 199.1734
 16 208 -0.0355 -0.0147 19.8004
 48 208 -0.0957 -0.2164 236.2021
 80 208 -0.0198 -0.0297 415.9402
112 208 -0.0634 -0.0963 195.9489
144 208 -0.0908 -0.0765 135.5116
176 208 -0.0619 -0.0678 161.0192
208 208 -0.1300 -0.0734 272.9134
240 208 -0.0471 -0.0046 259.4378
272 208 -0.0501 -0.0208 145.8938
304 208 -0.0516 -0.0293 133.9305
336 208 -0.0445  0.0109 184.9951
368 208 -0.0493  0.0041 52.3785
400 208  0.0036  0.0054 148.7983
432 208 -0.0339  0.0499 125.3089
464 208 -0.0269  0.0967 166.6278
496 208 -0.0074  0.0536 134.6748
528 208 -0.0191  0.0528 148.4745
560 208 -0.0352  0.0285 149.2516
592 208  0.0045  0.0344 168.2536
624 208 -0.0566  0.0287 133.5973
656 208 -0.0032  0.0302 147.7059
688 208 -0.0761  0.0170 127.6100
720 208 -0.0057  0.0130 117.8656
752 208 -0.0149  0.0161 178.2021
784 208 -0.0006  0.0118 210.3144
816 208 -0.0093  0.0090 185.3026
848 208 -0.0131  0.0022 182.2074
880 208  0.0030 -0.0119 330.5320
912 208 -0.0337  0.0003 58.7977
944 208 -0.0090  0.0191 77.2223
976 208 -0.0569  0.0177 169.1313
1008 208 -0.0387  0.0222 139.3422
1040 208 -0.0357  0.0526 106.3895
1072 208 -0.0560  0.0497 131.7888
1104 208 -0.0401  0.0696 79.1211
1136 208 -0.0978  0.0884 90.7760
1168 208 -0.0796  0.0694 61.1433
 16 240 -0.0996 -0.0995 71.1841
 48 240 -0.0429 -0.0563 94.0944
 80 240 -0.2706 -0.1461 93.3846
112 240 -0.1011 -0.1290 69.1195
144 240 -0.2116 -0.0845 287.4519
176 240 -0.1259 -0.0793 257.8950
208 240 -0.1203 -0.0153 36.8876
240 240 -0.1066 -0.0562 301.8925
272 240 -0.0991 -0.0271 140.1964
304 240 -0.0976 -0.0070 217.3130
336 240 -0.0538 -0.0161 105.4954
368 240 -0.0060  0.0508 354.7417
400 240 -0.0694  0.0020 60.2428
432 240 -0.0208  0.0880 174.1163
464 240 -0.0183  0.0595 179.5830
496 240 -0.0803  0.0304 252.1754
528 240 -0.0134  0.0586 50.7251
560 240 -0.0385  0.0721 123.8374
592 240 -0.0051  0.0209 202.1916
624 240 -0.0391  0.0485 136.3438
656 240 -0.0287  0.0161 118.0992
688 240 -0.0177 -0.0009 65.0381
720 240 -0.0123  0.0202 78.1868
752 240 -0.0100  0.0088 214.0389
784 240 -0.0341 -0.0138 88.6727
816 240  0.0391  0.0263 132.7695
848 240 -0.0276 -0.0141 124.9736
880 240 -0.0259  0.0222 106.0427
912 240 -0.0392 -0.0252 70.3121
944 240 -0.0119  0.0076 72.5512
976 240  0.0096 -0.0148 107.0123
1008 240 -0.0833  0.0643 80.4576
1040 240 -0.0594  0.0261 111.6640
1072 240 -0.0154  0.0303 161.7541
1104 240 -0.0490  0.0498 116.6361
1136 240 -0.0325  0.0292 108.1203
1168 240 -0.0696  0.0455 80.2299
 16 272 -0.0662 -0.0681 46.8449
 48 272 -0.2931 -0.2052 228.0441
 80 272 -0.0796 -0.1182 186.9879
112 272 -0.1068 -0.1042 230.0467
144 272 -0.0278 -0.0911 257.2173
176 272 -0.0116 -0.1369 116.0946
208 272 -0.1630 -0.1236 83.0559
240 272 -0.1528 -0.0472 31.9436
272 272 -0.0335 -0.0482 25.3126
304 272 -0.0646 -0.0008 142.5550
336 272 -0.0185 -0.0249 195.4759
368 272 -0.0097  0.0076 191.5687
400 272 -0.0481  0.0448 280.5590
432 272 -0.0349  0.0466 189.1915
464 272 -0.0218  0.0642 86.1705
496 272 -0.0050  0.0233 193.7878
528 272 -0.0438  0.0243 92.4788
560 272  0.0053  0.0036 21.8707
592 272 -0.0169  0.0249 168.1311
624 272 -0.0346  0.0778 129.8661
656 272 -0.0158  0.0535 156.4777
688 272 -0.0258  0.0282 98.7858
720 272 -0.0221  0.0254 106.6937
752 272 -0.0343  0.0047 113.0332
784 272 -0.0007  0.0005 117.2603
816 272 -0.0101 -0.0477 252.8345
848 272 -0.0212 -0.0093 110.5031
880 272  0.0024 -0.0070 73.2828
912 272  0.0059 -0.0111 80.1157
944 272 -0.0076  0.0033 177.3357
976 272  0.0051 -0.0199 211.1350
1008 272 -0.0356  0.0297 159.6725
1040 272 -0.0432  0.0669 104.9540
1072 272 -0.0272  0.0163 88.0039
1104 272 -0.0893 -0.0292 133.4630
1136 272 -0.0137  0.0590 40.7025
1168 272 -0.0197  0.0253 42.0190
 16 304 -0.0950 -0.1556 39.5072
 48 304 -0.2929 -0.2149 58.8326
 80 304 -0.1249 -0.2289 142.5354
112 304 -0.1819 -0.1980 185.0530
144 304 -0.0451 -0.3469 235.6328
176 304 -0.0616 -0.0468 80.4939
208 304 -0.1739 -0.0945 185.1802
240 304 -0.1207 -0.0872 121.9025
272 304 -0.0803 -0.0603 242.9508
304 304 -0.0538 -0.0681 147.8567
336 304 -0.0617 -0.0124 73.1283
368 304 -0.0318  0.0067 124.8417
400 304 -0.0004 -0.0020 64.7176
432 304 -0.0000  0.0272 167.8358
464 304 -0.0274  0.0167 209.4717
496 304 -0.0290  0.0862 141.0170
528 304 -0.0112  0.0939 112.0184
560 304 -0.0216  0.0714 191.8409
592 304 -0.0249  0.0514 160.9790
624 304  0.0258  0.0432 117.7448
656 304 -0.0130  0.0450 68.7139
688 304  0.0118  0.0238 87.8314
720 304 -0.0067  0.0067 150.2938
752 304 -0.0264  0.0062 101.0131
784 304  0.0201 -0.0298 140.3014
816 304 -0.0122 -0.0458 154.0958
848 304  0.0214 -0.0036 68.8050
880 304 -0.0210 -0.0115 118.8326
912 304 -0.0117  0.0029 98.3715
944 304 -0.0095  0.0030 137.0982
976 304 -0.0035  0.0012 183.4618
1008 304 -0.0193  0.0199 42.0536
1040 304 -0.0467  0.0504 109.4448
1072 304 -0.0306  0.0539 137.5546
1104 304 -0.0317  0.0378 198.9678
1136 304 -0.0557  0.1068 99.4158
1168 304 -0.0888  0.0936 85.8080
 16 336 -0.3892 -0.2089 121.1965
 48 336 -0.1153 -0.1815 105.9932
 80 336 -0.1257 -0.0671 218.1449
112 336 -0.3701 -0.2506 200.2853
144 336 -0.2349 -0.1637 261.4358
176 336 -0.2399 -0.1132 337.7968
208 336 -0.0473 -0.1115 54.2713
240 336 -0.1088 -0.0857 204.8557
272 336 -0.0519 -0.0515 77.8596
304 336 -0.0542 -0.0085 51.9231
336 336 -0.0719 -0.0396 238.4810
368 336 -0.0478 -0.0057 174.4523
400 336 -0.0355  0.0115 91.4988
432 336 -0.0495  0.0147 187.2826
464 336 -0.0105  0.0127 173.3174
496 336  0.0717  0.0843 65.2797
528 336 -0.0263  0.0042 178.8750
560 336  0.0076  0.0372 170.0163
592 336 -0.0199  0.0273 238.7384
624 336 -0.0522  0.0200 128.4933
656 336 -0.0089  0.0240 128.2223
688 336 -0.0160  0.0233 125.6412
720 336  0.0063  0.0058 105.3935
752 336  0.0084 -0.0121 187.9338
784 336 -0.0024 -0.0100 188.6575
816 336  0.0025 -0.0196 108.6604
848 336 -0.0118 -0.0313 140.5922
880 336 -0.0005  0.0137 130.0731
912 336  0.0032  0.0329 67.5425
944 336 -0.0254  0.0358 200.0591
976 336 -0.0330  0.0181 95.2489
1008 336 -0.0355  0.0158 110.8822
1040 336 -0.0206  0.0266 94.2343
1072 336 -0.0313  0.0530 117.1049
1104 336 -0.0371  0.1269 191.0234
1136 336 -0.0936  0.0761 105.6729
1168 336 -0.0501  0.1089 54.7577
 16 368 -0.0124  0.0248 15.2774
 48 368 -0.6750 -0.3294 243.9426
 80 368 -0.3210 -0.1760 117.5282
112 368 -0.4293 -0.1655 32.2200
144 368 -0.3301 -0.2248 48.2433
176 368 -0.1222 -0.2157 130.3649
208 368 -0.1577 -0.2002 234.9142
240 368 -0.0500 -0.2231 99.6882
272 368 -0.2003 -0.1104 60.7041
304 368 -0.0431 -0.1028 326.8665
336 368 -0.0475 -0.0255 307.7935
368 368 -0.0746 -0.0214 162.8887
400 368 -0.0479 -0.0258 209.2053
432 368 -0.0478  0.0325 250.0129
464 368 -0.0238  0.0492 100.5631
496 368 -0.0396  0.0419 324.3933
528 368 -0.0150  0.0556 108.6857
560 368 -0.0113  0.0493 44.4643
592 368 -0.0120  0.0430 112.4938
624 368 -0.0117  0.0051 191.3425
656 368 -0.0066  0.0292 112.3516
688 368  0.0039 -0.0036 86.0095
720 368 -0.0007 -0.0136 160.6878
752 368 -0.0119 -0.0165 118.2047
784 368  0.0335 -0.0376 154.7459
816 368  0.0150 -0.0406 223.1819
848 368  0.0178 -0.0471 61.1058
880 368  0.0179 -0.0032 154.5401
912 368  0.0133 -0.0182 103.7879
944 368 -0.0111  0.0062 135.4680
976 368 -0.0216  0.0325 59.2737
1008 368 -0.0347  0.0386 238.4867
1040 368 -0.0252  0.0387 267.4183
1072 368 -0.0514  0.0818 98.2134
1104 368 -0.0738  0.0783 169.8430
1136 368 -0.0713  0.1405 96.6043
1168 368 -0.1117  0.0955 128.5231
 16 400 -0.6037 -0.2838 67.0580
 48 400 -0.6222 -0.2435 221.7651
 80 400 -0.3403 -0.4127 193.9686
112 400 -0.2411 -0.2166 102.0091
144 400 -0.3522 -0.4218 163.9757
176 400 -0.3075 -0.3756 159.4444
208 400 -0.3288 -0.3875 145.5554
240 400 -0.1279 -0.2723 228.1095
272 400 -0.0140 -0.2833 50.0333
304 400 -0.1339 -0.1144 240.7337
336 400 -0.0824 -0.0546 52.0855
368 400 -0.0353 -0.0242 44.3773
400 400 -0.0400  0.0345 67.7719
432 400 -0.0305  0.0027 187.5030
464 400 -0.0163  0.0397 168.4845
496 400  0.0134 -0.0039 23.8602
528 400 -0.0257  0.0312 124.5162
560 400 -0.0327  0.0244 123.3524
592 400 -0.0077  0.0380 155.9066
624 400 -0.0099  0.0249 164.4444
656 400  0.0091  0.0386 187.7276
688 400 -0.0076  0.0134 167.3258
720 400  0.0077 -0.0333 112.8802
752 400  0.0065 -0.0684 90.4802
784 400  0.0016 -0.0443 89.3873
816 400 -0.0102 -0.0268 98.2869
848 400  0.0076 -0.0661 134.6585
880 400  0.0152 -0.0535 79.4245
912 400 -0.0047 -0.0121 124.4927
944 400 -0.0319 -0.0072 134.6673
976 400 -0.0459  0.0062 72.7486
1008 400 -0.0365  0.0591 48.1590
1040 400 -0.0638  0.0545 139.8786
1072 400 -0.0491  0.0496 94.0163
1104 400 -0.0550  0.0994 87.7631
1136 400 -0.0531  0.0291 98.9527
1168 400 -0.0818  0.0650 135.2138
 16 432 -0.2033 -0.0765 30.0474
 48 432 -0.2614 -0.2871 108.0394
 80 432 -0.5094 -0.1721 121.4232
112 432 -0.1831 -0.3838 32.8402
144 432 -0.6155 -0.2046 172.3495
176 432 -0.3501 -0.3617 143.4120
208 432 -0.2444 -0.3743 121.7532
240 432 -0.2697 -0.2749 249.4152
272 432 -0.1063 -0.2940 309.5712
304 432 -0.0815 -0.1209 21.6081
336 432 -0.0826 -0.1429 164.5800
368 432 -0.0960 -0.0174 189.9694
400 432 -0.0820 -0.0238 157.6841
432 432  0.0672  0.0351 144.7059
464 432 -0.0415  0.0310 137.9727
496 432 -0.0446  0.0284 124.1772
528 432  0.0003  0.0417 63.7705
560 432 -0.0292  0.0354 131.0303
592 432 -0.0042  0.0454 67.3870
624 432 -0.0103  0.0149 175.3861
656 432 -0.0010 -0.0009 79.2573
688 432  0.0138  0.0239 46.0814
720 432  0.0205 -0.0447 108.0595
752 432  0.0094 -0.0228 112.8879
784 432  0.0155 -0.0628 144.4833
816 432  0.0256 -0.0212 132.9933
848 432  0.0356 -0.0390 302.8699
880 432 -0.0060 -0.0283 70.9773
912 432 -0.0151 -0.0408 89.5365
944 432 -0.0033  0.0024 115.0063
976 432  0.0105  0.0301 108.3458
1008 432 -0.0684  0.0276 131.3137
1040 432 -0.0534  0.0888 106.5806
1072 432 -0.0628  0.1271 245.5127
1104 432 -0.0632  0.1598 35.1093
1136 432 -0.1591  0.2543 95.6879
1168 432 -0.1358  0.1060 168.9222
 16 464 -0.2696 -0.4302 62.5524
 48 464 -0.2512 -0.2968 109.4948
 80 464 -0.3135 -0.4407 154.9610
112 464 -0.5018 -0.5669 102.6491
144 464 -0.2302 -0.1698 91.1266
176 464 -0.1755 -0.2211 110.9739
208 464 -0.1667 -0.2891 77.1319
240 464 -0.3288 -0.2715 281.6109
272 464 -0.1146 -0.1444 66.0711
304 464 -0.2022 -0.2361 262.4608
336 464 -0.1092 -0.1266 211.9544
368 464 -0.1027 -0.1455 296.7499
400 464 -0.0833 -0.0147 39.2910
432 464 -0.0691  0.0061 78.4372
464 464 -0.0386  0.0165 150.9954
496 464 -0.0385  0.0501 160.3056
528 464 -0.0063  0.0281 134.8163
560 464 -0.0268  0.0257 196.2016
592 464 -0.0198 -0.0229 122.3644
624 464  0.0037  0.0330 238.1046
656 464  0.0231 -0.0085 67.6638
688 464  0.0191 -0.0160 120.6115
720 464  0.0103 -0.0013 73.9482
752 464  0.0170 -0.0430 46.7882
784 464  0.0055 -0.0587 99.4178
816 464  0.0221 -0.0403 93.5678
848 464  0.0058  0.0000 49.6138
880 464  0.0304 -0.0509 116.0484
912 464  0.0083  0.0034 217.3968
944 464  0.0005  0.0020 41.8430
976 464 -0.0346  0.0124 116.4317
1008 464 -0.0291  0.0038 43.9521
1040 464 -0.0437  0.0808 108.9163
1072 464 -0.0809  0.1059 51.1919
1104 464 -0.0432  0.1014 146.9727
1136 464 -0.0325  0.0371 17.5885
1168 464 -0.1252  0.1108 213.4408
 16 496 -0.6099 -0.4774 53.6157
 48 496 -0.2537 -0.2964 82.0475
 80 496 -0.5352 -0.3645 196.8347
112 496 -0.0405 -0.2475 132.2970
144 496 -0.4012 -0.1020 131.0367
176 496 -0.2778 -0.2177 144.7975
208 496 -0.2515 -0.4904 45.6010
240 496 -0.2653 -0.4890 97.8755
272 496 -0.0963 -0.3815 67.3930
304 496 -0.1868 -0.1373 38.5935
336 496 -0.2436 -0.1513 213.4605
368 496 -0.0932 -0.1051 29.2454
400 496  0.0000 -0.0373 35.0646
432 496 -0.1042 -0.0187 125.1813
464 496 -0.1311 -0.0015 206.3590
496 496 -0.1429 -0.0016 273.5117
528 496 -0.0402  0.0177 108.1226
560 496 -0.0107  0.0096 94.4641
592 496 -0.0231 -0.0438 27.7817
624 496 -0.0068 -0.0110 90.1164
656 496  0.0227 -0.0661 170.8221
688 496  0.0324 -0.0268 71.8614
720 496  0.0578  0.0850 96.8597
752 496  0.0182 -0.0648 68.8450
784 496 -0.0325 -0.0616 70.2344
816 496  0.0336 -0.0644 95.9120
848 496  0.0182 -0.0408 38.2972
880 496  0.0035 -0.0549 148.6941
912 496 -0.0022 -0.0313 93.0240
944 496 -0.0169  0.0021 222.3457
976 496 -0.0735  0.0021 265.8592
1008 496 -0.0896  0.0926 289.8804
1040 496 -0.0607  0.0869 20.7614
1072 496  0.0051  0.2218 109.4207
1104 496 -0.1185  0.0960 130.9163
1136 496 -0.0913  0.1399 82.3877
1168 496 -0.1052  0.0782 75.6531
 16 528 -0.4075 -0.1419 23.0782
 48 528 -0.2445 -0.1444 118.7809
 80 528 -0.3534 -0.2794 205.9310
112 528 -0.5620 -0.4070 131.6707
144 528 -0.4106 -0.4609 233.7144
176 528 -0.0902 -0.0668 17.0118
208 528 -0.4138 -0.5841 205.1338
240 528 -0.4084 -0.3020 124.7395
272 528 -0.4095 -0.3385 41.2263
304 528 -0.0436 -0.2021 231.3620
336 528 -0.2103 -0.0943 302.5276
368 528 -0.1002 -0.1126 34.4749
400 528 -0.1077 -0.0965 202.2193
432 528 -0.0992 -0.0032 114.0644
464 528 -0.0933 -0.0076 181.9856
496 528 -0.0187  0.0109 56.0842
528 528 -0.0767 -0.0048 392.2473
560 528 -0.0398 -0.0392 184.8826
592 528 -0.0119 -0.0110 90.7048
624 528  0.0089 -0.0205 40.7463
656 528  0.0115 -0.0401 82.1806
688 528  0.0551 -0.0376 115.9620
720 528  0.0539 -0.0974 85.2644
752 528  0.0297 -0.2500 252.6097
784 528  0.0370 -0.1274 212.1009
816 528  0.0212 -0.1095 101.8629
848 528 -0.0011 -0.0645 105.0951
880 528  0.0197 -0.2446 144.2155
912 528  0.0056 -0.0356 269.2589
944 528 -0.0485  0.0261 95.7909
976 528 -0.0648  0.0693 50.2174
1008 528 -0.0701  0.1197 44.3563
1040 528 -0.0974  0.1309 68.5704
1072 528 -0.1277  0.1228 62.5751
1104 528 -0.0729  0.0795 54.6154
1136 528 -0.1470  0.1181 142.9573
1168 528 -0.1778  0.1004 181.3783
 16 560 -0.2821 -0.1652 30.2804
 48 560 -0.5723 -0.3952 100.8401
 80 560 -0.6284 -0.3027 46.0627
112 560 -0.4152 -0.4355 48.2008
144 560 -0.3401 -0.4667 45.6367
176 560 -0.4508 -0.7937 135.3104
208 560 -0.5416 -0.5396 56.4606
240 560 -0.6477 -0.3921 58.5022
272 560 -0.3930 -0.3901 92.3570
304 560 -0.2848 -0.3677 124.7778
336 560 -0.1905 -0.1865 87.8841
368 560 -0.2685 -0.2290 120.0526
400 560 -0.1113  0.0005 24.2591
432 560 -0.0645  0.0367 26.5343
464 560 -0.1488 -0.0110 144.9353
496 560 -0.0837 -0.0179 94.9071
528 560 -0.1419 -0.0264 117.9329
560 560 -0.0341 -0.0643 167.8839
592 560 -0.0171 -0.0898 184.9218
624 560  0.0216 -0.0894 135.5995
656 560  0.0075 -0.0793 77.3908
688 560  0.0316 -0.0574 58.4656
720 560  0.0403 -0.1805 203.4150
752 560  0.0546 -0.1693 103.4246
784 560  0.0495 -0.2612 92.4952
816 560  0.0138 -0.3049 116.4002
848 560 -0.0283 -0.1200 133.9891
880 560  0.0230 -0.0852 94.4217
912 560 -0.0310 -0.0967 109.4314
944 560 -0.0766  0.0068 113.0942
976 560 -0.0909  0.0492 214.7988
1008 560 -0.0636  0.0251 156.0142
1040 560 -0.1460  0.1249 37.6853
1072 560 -0.1563  0.1842 140.3603
1104 560 -0.1874  0.1163 154.2118
1136 560 -0.2289  0.1497 142.7100
1168 560 -0.1969  0.0657 122.5364
 16 592 -0.3594 -0.1224 30.9945
 48 592 -0.1513 -0.1150 40.3785
 80 592 -0.8909 -0.5156 138.2383
112 592 -0.7411 -0.4874 225.9078
144 592 -0.7633 -0.7144 74.3218
176 592 -0.8850 -0.8767 184.4722
208 592 -0.3721 -0.2951 44.8136
240 592 -0.4836 -0.7187 72.7801
272 592 -0.3960 -0.3541 110.3486
304 592 -0.8052 -0.6930 57.5890
336 592 -0.5557 -0.3220 185.9881
368 592 -0.3837 -0.0863 101.8234
400 592 -0.1588 -0.0813 162.2798
432 592 -0.2155 -0.0913 144.3698
464 592 -0.2012 -0.0400 102.9668
496 592 -0.1971 -0.0619 138.0588
528 592 -0.1625 -0.0363 186.3471
560 592 -0.0785 -0.0564 146.3762
592 592  0.0180 -0.1231 130.3716
624 592  0.0022 -0.2232 94.6283
656 592  0.0861 -0.2113 136.9296
688 592  0.1108 -0.1317 51.8814
720 592  0.1040 -0.1712 161.7373
752 592  0.1119 -0.0299 38.3538
784 592 -0.0197 -0.2871 45.7202
816 592  0.0085 -0.2820 134.5838
848 592  0.0013 -0.2757 129.4609
880 592 -0.0159 -0.0912 50.1930
912 592 -0.0162 -0.0511 112.0160
944 592 -0.0630 -0.0275 90.0504
976 592 -0.1372  0.0634 146.4951
1008 592 -0.1419  0.1300 91.0210
1040 592 -0.1755  0.0865 171.5947
1072 592 -0.0621  0.0267 100.3845
1104 592 -0.2328  0.0984 150.9487
1136 592 -0.1462  0.1221 105.0260
1168 592 -0.1347  0.0806 97.7796
 16 624 -0.1943 -0.1450 23.3735
 48 624 -0.1710 -0.1661 109.8525
 80 624 -0.6622 -0.2283 138.6754
112 624 -0.6323 -0.2439 67.6724
144 624 -0.7791 -0.5336 33.3315
176 624 -0.7314 -0.5811 14.8979
208 624 -0.6167 -0.3962 65.3380
240 624 -0.6994 -0.5091 14.9136
272 624 -0.8145 -0.6496 79.4124
304 624 -0.7953 -0.4651 192.7697
336 624 -0.5759 -0.2825 39.8284
368 624 -0.5531 -0.1575 56.7858
400 624 -0.4771 -0.0904 130.4426
432 624 -0.5881 -0.0541 96.2079
464 624 -0.4725 -0.0241 206.3225
496 624 -0.3171 -0.0564 162.8169
528 624 -0.3107 -0.1072 101.9779
560 624 -0.2603 -0.2384 85.3138
592 624 -0.0751 -0.3242 127.2565
624 624  0.0130 -0.2055 136.8892
656 624  0.2658 -0.3912 236.8605
688 624  0.2703 -0.2509 160.5448
720 624  0.0660 -0.4747 112.3966
752 624  0.0096 -0.2997 236.7363
784 624  0.0045 -0.3083 97.0532
816 624  0.0336 -0.4259 125.4236
848 624 -0.0573 -0.3078 131.0877
880 624 -0.0919 -0.2135 112.5584
912 624 -0.0861 -0.1474 136.8231
944 624 -0.1789 -0.0455 162.3958
976 624 -0.1237 -0.0040 45.5145
1008 624 -0.1931  0.0834 135.0701
1040 624 -0.1890  0.0709 63.2051
1072 624 -0.2098  0.1086 204.8927
1104 624 -0.1558  0.1253 103.4637
1136 624 -0.2251  0.1441 51.4124
1168 624 -0.2048  0.1673 72.2213
 16 656 -0.2439 -0.1773 61.9498
 48 656 -0.1924 -0.0966 56.7201
 80 656 -0.5601 -0.3425 60.4129
112 656 -0.8347 -0.6899 135.2822
144 656 -0.7824 -0.5799 213.2598
176 656 -0.9628 -0.5163 144.3700
208 656 -1.0822 -0.5519 52.0404
240 656 -0.9634 -0.4921 34.9876
272 656 -0.9267 -0.7340 31.5169
304 656 -0.5048 -0.4267 48.6953
336 656 -0.6605 -0.3475 104.2986
368 656 -0.6112 -0.2713 84.5826
400 656 -0.7679 -0.0160 56.9019
432 656 -0.5401  0.0134 182.5648
464 656 -0.6928  0.0343 77.0057
496 656 -0.5130 -0.0384 259.7523
528 656 -0.2088 -0.2593 29.4672
560 656 -0.1991 -0.1564 39.2998
592 656 -0.0658 -0.1904 174.3726
624 656  0.0458 -0.3740 74.7218
656 656  0.0484 -0.3679 156.5224
688 656  0.1250 -0.3678 76.7261
720 656  0.0989 -0.2602 103.2062
752 656  0.0088 -0.4400 58.1833
784 656 -0.0492 -0.7095 119.5131
816 656 -0.1048 -0.5757 26.6672
848 656 -0.0927 -0.3741 125.0868
880 656 -0.0862 -0.3014 68.5134
912 656 -0.0602 -0.2578 79.6450
944 656 -0.0743 -0.1090 92.0228
976 656 -0.0990  0.0728 47.2990
1008 656 -0.2091  0.0656 104.4796
1040 656 -0.1739  0.0792 58.3570
1072 656 -0.2509  0.1157 85.2491
1104 656 -0.2410  0.0730 75.8356
1136 656 -0.2803  0.1212 73.6324
1168 656 -0.1574  0.1672 53.9208
 16 688 -0.3309 -0.0539 100.6464
 48 688 -0.2078 -0.1909 40.3251
 80 688 -0.1931 -0.2029 205.2666
112 688 -0.2196 -0.1254 13.7391
144 688 -0.2109 -0.2174 83.3159
176 688 -0.5526 -0.3884 142.6857
208 688 -0.6409 -0.4823 48.4342
240 688 -0.8569 -0.7793 62.9381
272 688 -0.7500 -0.5858 153.5436
304 688 -0.7502 -0.4330 76.4894
336 688 -0.5688 -0.3274 185.1708
368 688 -0.6576 -0.1658 190.8537
400 688 -0.5766 -0.3411 127.1852
432 688 -0.2646 -0.2125 43.2572
464 688 -0.2010 -0.0841 99.6013
496 688 -0.4113 -0.1210 169.3538
528 688 -0.3996 -0.2632 44.7691
560 688 -0.2014 -0.4896 145.3778
592 688 -0.2435 -0.2398 63.1916
624 688 -0.0098 -0.3209 74.3506
656 688  0.0157 -0.3728 51.5082
688 688 -0.1180 -0.1611 132.3322
720 688 -0.1929 -0.1749 49.4245
752 688 -0.1124 -0.4709 55.0215
784 688 -0.0137 -0.5880 60.4054
816 688 -0.0395 -0.4967 135.1049
848 688 -0.2091 -0.0412 54.6284
880 688 -0.0609 -0.4025 133.8773
912 688 -0.0217 -0.4658 151.6893
944 688 -0.1214 -0.2347 100.8590
976 688 -0.1435 -0.0736 51.7656
1008 688 -0.2145  0.0815 72.6241
1040 688 -0.1738  0.0304 83.0313
1072 688 -0.2425  0.0226 60.3428
1104 688 -0.2786  0.1410 142.9038
1136 688 -0.2949  0.0286 104.1581
1168 688 -0.1436  0.1331 174.4401
 16 720 -0.1286 -0.0392 28.2798
 48 720 -0.0723 -0.1402 124.8827
 80 720 -0.2148 -0.1397 182.0923
112 720 -0.3060 -0.4116 165.2126
144 720 -0.3145 -0.0667 242.0807
176 720 -0.4167 -0.2964 191.9379
208 720 -0.5628 -0.3521 110.3199
240 720 -0.8252 -0.1444 112.7999
272 720 -0.1080 -0.0607 12.6849
304 720 -0.8371 -0.4763 94.2705
336 720 -0.3415 -0.1724 51.0391
368 720 -0.3571 -0.2829 134.4924
400 720 -0.1203 -0.1202 92.7395
432 720  0.2701  0.1938 122.7402
464 720 -0.0120  0.0367 254.2090
496 720 -0.2855  0.0153 160.4458
528 720 -0.2469 -0.1219 195.6751
560 720 -0.0488 -0.1601 13.9144
592 720  0.0509 -0.3499 21.3598
624 720 -0.0267 -0.3747 151.9889
656 720 -0.1044 -0.2810 124.3071
688 720 -0.1374  0.1092 54.4776
720 720 -0.1663  0.0955 12.6053
752 720 -0.1460  0.0804 21.2501
784 720 -0.0105 -0.4379 22.7458
816 720 -0.0543  0.0799 23.0812
848 720 -0.0890 -0.0010  5.7385
880 720 -0.0437 -0.1146 58.3817
912 720 -0.0520 -0.4152 61.1168
944 720 -0.1307 -0.1146 81.3587
976 720 -0.1375 -0.0953 116.9838
1008 720 -0.2085  0.0059 130.0736
1040 720 -0.1815  0.0270 37.3654
1072 720 -0.3117  0.1122 40.9979
1104 720 -0.2133  0.0993 64.0528
1136 720 -0.2130  0.1011 141.4314
1168 720 -0.2182  0.1109 47.1543
 16 752 -0.0269  0.0167 48.8131
 48 752 -0.0605 -0.1224 119.7553
 80 752 -0.0535 -0.0205 260.4540
112 752 -0.1148 -0.0876 107.6136
144 752 -0.1733 -0.1618 288.6579
176 752 -0.1692 -0.3197 156.4643
208 752 -0.1315 -0.1683 164.7993
240 752 -0.4700 -0.1666 43.9337
272 752 -0.4137 -0.1537 235.1292
304 752 -0.4338 -0.4137 84.8103
336 752 -0.2508 -0.4108 275.5073
368 752  0.1077  0.1103 113.6577
400 752  0.2395  0.0921 133.7796
432 752 -0.1816 -0.1007 57.7090
464 752 -0.1203 -0.0424 227.2096
496 752 -0.1089 -0.0367 144.1634
528 752  0.0942 -0.0381 25.3805
560 752  0.5176 -0.0531  9.1187
592 752  0.1906  0.2843 10.8036
624 752 -0.1485  0.1524 10.2123
656 752 -0.0802  0.0223 19.0377
688 752  0.0089  0.1272  6.3122
720 752 -0.0464  0.1881  4.9937
752 752 -0.1527  0.1643  8.2461
784 752  0.0019  0.0246 19.2401
816 752 -0.0049  0.0194  5.3610
880 752 -0.0602 -0.0594 19.2343
912 752 -0.0363 -0.4307 72.1553
944 752 -0.1130 -0.1615 93.1539
976 752 -0.1557 -0.1373 91.5583
1008 752 -0.3034 -0.0449 109.7864
1040 752 -0.1899  0.1213 179.7281
1072 752 -0.2501  0.0204 87.9186
1104 752 -0.2011  0.0090 55.4598
1136 752 -0.1471  0.0624 226.9138
1168 752 -0.2382  0.1663 90.0499
 16 784  0.0398 -0.0096 53.0495
 48 784  0.0132 -0.0310 53.6932
 80 784 -0.0360 -0.0157 335.9923
112 784 -0.1279 -0.1698 206.7263
144 784 -0.0824 -0.0984 183.1003
176 784 -0.0789 -0.2526 211.6873
208 784 -0.1410 -0.3812 41.1598
240 784 -0.1316 -0.3231 67.6124
272 784 -0.0815 -0.3497 149.4472
304 784 -0.1007 -0.2443 90.3605
336 784 -0.0432 -0.1788 163.5570
368 784  0.3159 -0.0114 144.6405
400 784 -0.0049 -0.0176 119.7074
432 784 -0.1149 -0.0289 241.8334
464 784 -0.1526 -0.1864 52.9267
496 784 -0.0758 -0.1710 28.6458
528 784  0.0875  0.0658 17.5967
560 784  0.1747  0.2461 11.5557
592 784  0.1316  0.1268 34.2691
624 784 -0.0070 -0.0103 23.7031
656 784 -0.0427  0.0602  9.0107
688 784 -0.0043  0.0186 12.4707
720 784  0.1263 -0.0901  4.6215
752 784 -0.1269 -0.1267  5.0938
784 784  0.0020  0.0873  6.1365
816 784  0.0203 -0.0276  4.6560
848 784 -0.0119 -0.0383  4.3964
880 784 -0.0467 -0.0466 17.0552
912 784 -0.0163  0.0047 24.9921
944 784 -0.0981  0.0162 17.5798
976 784 -0.2047 -0.0769 81.9650
1008 784 -0.4154 -0.1783 86.9090
1040 784 -0.3190  0.0764 221.5280
1072 784 -0.2676 -0.0739 31.3812
1104 784 -0.3096 -0.0658 125.6522
1136 784 -0.2019 -0.0122 105.2385
1168 784 -0.2265  0.0382 97.6423
 16 816  0.0514  0.0075 51.6321
 48 816 -0.0153 -0.0434 11.9368
 80 816  0.0429 -0.0378 254.2695
112 816  0.0356 -0.0298 151.9924
144 816  0.0245 -0.1296 187.2685
176 816  0.0161 -0.1842 253.0009
208 816 -0.1062 -0.4150 188.9015
240 816 -0.0238 -0.3480 149.9765
272 816 -0.0333 -0.3249 16.2316
304 816 -0.0252 -0.1170 18.4805
336 816  0.1649 -0.1063 17.1289
368 816  0.4531 -0.0079 87.0202
400 816  0.1592 -0.1336 91.4418
432 816  0.0297 -0.1219 23.5182
464 816  0.0255 -0.0907 41.5706
496 816  0.0456 -0.0427 13.7680
528 816  0.0872  0.0080  7.1961
560 816  0.0813  0.1224  8.5243
592 816  0.0522  0.0324 16.4967
624 816 -0.0045  0.0310  9.6103
656 816 -0.0170  0.0035 12.2283
688 816 -0.0010  0.1002 12.1572
720 816  0.0587 -0.0756 11.5800
752 816 -0.1883 -0.1396  7.9788
784 816  0.2385 -0.1900  7.5598
816 816 -0.1120 -0.1758  7.5675
848 816  0.0883 -0.0932  4.7280
880 816  0.0005  0.0249  9.2635
912 816 -0.0070  0.0430  4.1083
944 816 -0.2025  0.0542  5.2911
976 816 -0.0563 -0.0478 41.1029
1008 816 -0.1881 -0.2209 68.3953
1040 816 -0.0577 -0.1063 40.6936
1072 816 -0.2190 -0.1052 57.1686
1104 816 -0.2689 -0.0766 49.6814
1136 816 -0.2750 -0.0096 73.6021
1168 816 -0.1645 -0.0198 62.1281
 16 848  0.0745 -0.0165 20.9485
 48 848  0.0487 -0.0088 90.4459
 80 848  0.0056 -0.0218 15.4546
112 848  0.0534 -0.0907 174.0463
144 848  0.1463 -0.1830 81.3684
176 848  0.1009 -0.1400 265.0361
208 848  0.1010 -0.2937 251.8426
240 848  0.0395 -0.3441 263.8597
272 848  0.1524 -0.2299 27.6992
304 848  0.4435 -0.1169 154.9699
336 848  0.3218 -0.1290 43.0492
368 848  0.0820 -0.1692 201.6526
400 848  0.1371 -0.1472 59.0192
432 848  0.3497 -0.0071 104.8247
464 848  0.8210 -0.0208 14.5873
496 848  0.0699  0.0596 18.3774
528 848 -0.0334 -0.0065  6.2211
560 848  0.0107  0.0261 49.6865
592 848  0.0555  0.0608 30.8641
624 848  0.0164  0.0628 41.0449
656 848 -0.0176  0.0210 26.9723
688 848 -0.0184  0.0259  9.6428
720 848 -0.0165  0.1473  7.6255
752 848  0.0371  0.0877  8.9432
784 848 -0.0630  0.0070 10.3530
816 848 -0.0737 -0.0304 11.9175
848 848  0.0586 -0.1745  8.0569
880 848  0.1082  0.0041  6.0176
944 848 -0.0719 -0.0349  5.4303
976 848 -0.0408 -0.0590 49.4184
1008 848 -0.0894 -0.2610 97.6557
1040 848 -0.1485 -0.2423 158.9377
1072 848 -0.1582 -0.2155 90.8751
1104 848 -0.1928 -0.1232 160.8852
1136 848 -0.2415 -0.1037 178.1634
1168 848 -0.2778 -0.0181 115.8995
 16 880 -0.0203 -0.0104 18.7407
 48 880  0.0428  0.0045 29.4157
 80 880  0.1408 -0.0543 226.5853
112 880  0.1352 -0.0470 308.0195
144 880  0.2376 -0.0535 220.6858
176 880  0.3327 -0.3147 102.6535
208 880  0.3314 -0.1932 132.9089
240 880  0.5260 -0.3010 80.4817
272 880  0.1616 -0.4405 23.8460
304 880  0.4090 -0.3675 89.2581
336 880  0.8236 -0.4755 89.1888
368 880  0.3726 -0.3434 167.2311
400 880  0.1566 -0.2608 42.4543
432 880  0.2257 -0.1402 76.3043
464 880  0.6738  0.0408 32.5362
496 880  0.1230  0.1105  5.9958
528 880 -0.0435  0.0220  8.9264
560 880  0.0412  0.0364 48.0722
592 880 -0.0071  0.1394 51.7872
624 880 -0.0430  0.0456 78.1955
656 880 -0.0215  0.0553 61.1137
688 880 -0.0122  0.0325 14.0327
720 880  0.0444  0.0573 15.3887
752 880 -0.3724  0.3333  5.4904
784 880  0.0033  0.0251  7.8482
816 880  0.0138 -0.0049  9.0169
848 880  0.2797  0.3533  6.8584
880 880 -0.1023 -0.1861  5.9723
912 880 -0.0067 -0.0591 10.4572
944 880 -0.0546 -0.0277 50.1023
976 880 -0.0043 -0.0136 50.8617
1008 880 -0.0448 -0.0836 71.9299
1040 880 -0.1754 -0.1366 69.5557
1072 880 -0.0414 -0.1388 176.3528
1104 880 -0.1075 -0.1825 143.9300
1136 880 -0.2070 -0.0529 65.0152
1168 880 -0.3139 -0.0618 81.0848
 16 912  0.0667 -0.0669 218.0214
 48 912 -0.0093  0.0069 17.8978
 80 912  0.0803 -0.2450 222.3175
112 912  0.1101 -0.0154 150.6066
144 912  0.1797 -0.1123 211.2902
176 912  0.1980 -0.1043 244.0469
208 912  0.1212 -0.0634 33.0284
240 912  0.1346 -0.1547 72.3895
272 912  0.3383 -0.4860 132.2968
304 912  0.4860 -0.5010 35.3885
336 912  0.6549 -0.5773 55.3213
368 912  0.4553 -0.3246 42.2557
400 912  0.1226 -0.0594 41.4754
432 912  0.1079  0.0419 17.8438
464 912  0.1062  0.0784 10.1388
496 912  0.0081  0.0081  4.0595
528 912 -0.0087  0.0054  4.8764
560 912 -0.0186  0.0181 11.8156
592 912 -0.0385 -0.0299 11.8674
624 912  0.0789 -0.0697 14.4420
656 912  0.0338 -0.0290 37.6722
688 912 -0.0860  0.0797 52.7012
720 912  0.0805  0.0396 10.4331
752 912 -0.3658 -0.0348  5.6145
784 912  0.0112  0.0024  9.9286
816 912  0.2728 -0.0353  6.3416
880 912 -0.0750 -0.0670  9.3724
912 912  0.0340  0.0084 10.4269
944 912  0.0013 -0.0151  8.4311
976 912 -0.0428 -0.0254 11.6755
1008 912 -0.0253 -0.0486 52.8741
1040 912 -0.0408 -0.0171 133.3591
1072 912 -0.0757 -0.1045 45.2376
1104 912 -0.0698 -0.0694 42.2697
1136 912 -0.1250 -0.0239 158.7287
1168 912 -0.0674 -0.0305 116.5961
 16 944 -0.0098 -0.0217 20.0177
 48 944 -0.0037 -0.0376 46.5595
 80 944  0.0684 -0.0725 103.2926
112 944  0.0796 -0.0529 143.1473
144 944  0.3014 -0.1248 114.3563
176 944  0.2543 -0.1151 301.0520
208 944  0.5954 -0.0125 129.8174
240 944  0.1250 -0.4595 188.6501
272 944  0.0596 -0.1655 29.0812
304 944  0.2917 -0.1476 106.8522
336 944  0.6138 -0.2061 32.3392
368 944  0.3678 -0.1718 72.5784
400 944 -0.0093  0.0511 14.0493
432 944 -0.0019  0.0113 15.5092
464 944  0.1134 -0.0069  6.4686
496 944  0.0106 -0.0374  8.1931
528 944  0.0266 -0.0310  4.6992
624 944 -0.0728  0.3118  5.0201
656 944  0.0182 -0.0470  7.8945
688 944  0.0723 -0.0390 15.6086
720 944  0.1095  0.0389  6.6489
752 944 -0.1173  0.0973  5.2353
784 944 -0.1342  0.3423  6.8035
816 944 -0.0181  0.2434  7.8385
848 944 -0.0049 -0.0559  9.1311
880 944 -0.0552 -0.0166 10.1924
912 944  0.0094 -0.0501  9.1605
944 944  0.0640 -0.0193 12.8448
976 944  0.0955 -0.0980  6.6908
1008 944 -0.0104 -0.0385  6.2933
1040 944 -0.0015 -0.0296 75.3866
1072 944 -0.1399 -0.0617 124.1432
1104 944 -0.0633 -0.1989 223.0737
1136 944 -0.1759 -0.1235 68.8953
1168 944 -0.0606 -0.0373 190.7639
 16 976  0.1141 -0.0208 27.2193
 48 976  0.0532 -0.0413 18.5961
 80 976  0.0914 -0.0263 99.1065
112 976 -0.0070 -0.0697 375.5009
144 976  0.1389 -0.0767 209.4381
176 976  0.1074 -0.1572 48.0076
208 976  0.3573 -0.0774 143.5290
240 976  0.1724 -0.2466 70.1771
272 976  0.2261 -0.2995 22.2667
304 976  0.1182 -0.1569 106.7842
336 976  0.0333 -0.0764 82.2830
368 976 -0.0077 -0.0173 24.6472
400 976  0.0419 -0.0017 13.0034
432 976 -0.0226 -0.0049  9.0594
464 976 -0.0138 -0.0108 22.2481
496 976 -0.0042  0.0037 25.9734
528 976 -0.0550  0.0090 10.5510
688 976 -0.2284  0.1722  6.0603
720 976  0.1532  0.0833  4.6717
784 976 -0.0078 -0.0015  4.3761
816 976 -0.0245 -0.0187 14.8490
848 976 -0.0166  0.0117 18.7430
880 976  0.0734 -0.0569  8.6041
912 976 -0.0103 -0.0217 10.4989
944 976  0.0775 -0.0761  7.7282
976 976  0.0368 -0.0407 11.6802
1008 976  0.0866 -0.0840 10.2259
1040 976  0.0152 -0.0734 20.2061
1072 976 -0.0321 -0.0060 75.8298
1104 976 -0.0385 -0.0393 261.9108
1136 976 -0.1008 -0.1077 59.0376
1168 976 -0.1780 -0.0385 131.8620
 16 1008  0.0447 -0.0269 26.9053
 48 1008  0.0647 -0.0125 117.1189
 80 1008  0.0594 -0.0237 19.9797
112 1008  0.0584 -0.0232 361.4109
144 1008  0.2785 -0.0989 179.0868
176 1008  0.0663 -0.1180 158.8237
208 1008  0.2156 -0.1023 82.7480
240 1008  0.1246 -0.3760 35.1101
272 1008  0.0687 -0.1682 34.2860
304 1008  0.0497 -0.2460 30.1025
336 1008 -0.0259 -0.0604 22.6575
368 1008 -0.0141  0.0274 11.3323
400 1008  0.0244 -0.0760 10.9590
432 1008 -0.0114 -0.0194 18.0583
464 1008 -0.0217 -0.0211 91.8245
496 1008 -0.0113 -0.0092 18.4101
528 1008 -0.0242 -0.0944 11.2242
560 1008  0.1834 -0.2658  6.0042
752 1008  0.0895 -0.1194  4.0878
784 1008  0.0087 -0.0159  6.5242
816 1008 -0.0314 -0.0243 27.2258
848 1008 -0.0123  0.0302 26.6494
880 1008 -0.0076 -0.0054 13.6587
912 1008 -0.0114 -0.0187 10.6858
944 1008  0.0058 -0.0051 15.3346
976 1008  0.0164 -0.0335  8.2022
1008 1008  0.0210 -0.0019 12.4107
1040 1008 -0.0193 -0.0009 37.3653
1072 1008 -0.0451  0.0623 79.3839
1104 1008 -0.0992  0.1200 164.9849
1136 1008 -0.0949 -0.0467 112.9701
1168 1008 -0.0962 -0.1146 90.8452
 16 1040  0.0231 -0.0036 20.0837
 48 1040  0.1399 -0.0357 196.3391
 80 1040  0.0367 -0.0098 194.5901
112 1040  0.0796 -0.0692 273.3647
144 1040  0.0984 -0.1335 98.9591
176 1040  0.0667 -0.1078 267.0706
208 1040  0.1738 -0.2037 123.2938
240 1040 -0.1285 -0.2794 27.8881
272 1040  0.0098 -0.1664 142.0778
304 1040 -0.0135 -0.2100 120.4059
336 1040 -0.0094 -0.0685 29.5683
368 1040  0.0589 -0.0022 12.2493
400 1040  0.0082  0.0062 44.4783
432 1040  0.0124 -0.0203 17.8928
464 1040  0.0023 -0.0419 126.4209
496 1040  0.0110 -0.0369 58.6963
528 1040 -0.0799  0.0895  9.4732
560 1040  0.0846  0.0865 16.2512
592 1040  0.1803 -0.0175  5.7255
688 1040  0.0334 -0.0674  4.2053
752 1040 -0.0631 -0.0034  5.5883
784 1040 -0.0084 -0.0343 16.7373
816 1040 -0.0136 -0.0095 26.4384
848 1040 -0.0547 -0.0038 22.7949
880 1040 -0.0199  0.0053 13.1299
912 1040 -0.0484  0.0124 17.5332
944 1040 -0.0304  0.0165 22.4133
976 1040 -0.0192  0.0265 55.3221
1008 1040  0.0618 -0.0048 14.4401
1040 1040 -0.0522 -0.0017 44.9039
1072 1040 -0.0336  0.0256 107.9557
1104 1040 -0.0821 -0.0435 56.6400
1136 1040 -0.0814 -0.0645 98.9777
1168 1040 -0.1240 -0.1348 53.0795
 16 1072  0.0240 -0.0073 66.7501
 48 1072  0.0546  0.0099 88.6488
 80 1072  0.0900 -0.0260 118.8081
112 1072  0.0338 -0.0644 39.3447
144 1072  0.0207 -0.0323 128.9891
176 1072  0.0881 -0.0565 233.1855
208 1072  0.0039 -0.0328 15.1552
240 1072  0.0428 -0.1579 109.4132
272 1072 -0.0030 -0.2169 30.7098
304 1072 -0.0128 -0.2998 141.8612
336 1072 -0.0701 -0.1199 195.9331
368 1072 -0.0317 -0.0415 99.8094
400 1072  0.0018 -0.0215 83.5045
432 1072 -0.0037 -0.0797 247.1739
464 1072  0.0206 -0.0273 30.0662
496 1072  0.0126 -0.0112 32.1379
528 1072 -0.0402  0.0264 25.6001
560 1072  0.0159 -0.0405 13.5768
592 1072 -0.0244 -0.1321 12.3681
624 1072  0.1725 -0.2822  6.4062
656 1072 -0.0243 -0.1085  9.6144
688 1072  0.3815  0.0676  6.4267
752 1072 -0.0441  0.0590  4.2372
784 1072 -0.0273  0.0658  7.4551
816 1072 -0.0358  0.0715 12.7319
848 1072 -0.0422  0.0509 43.2688
880 1072 -0.0198  0.0028 19.7423
912 1072 -0.0205 -0.0105 21.3107
944 1072  0.0088  0.0185 64.4416
976 1072 -0.0456  0.0081 32.6195
1008 1072 -0.0335  0.0097 35.5703
1040 1072 -0.0747 -0.0076 199.9660
1072 1072 -0.0041 -0.0097 16.0160
1104 1072 -0.0505 -0.0378 217.1503
1136 1072 -0.0653 -0.0077 30.2455
1168 1072 -0.0632 -0.1100 65.5303
 16 1104  0.0677 -0.0206 146.6071
 48 1104 -0.0017 -0.0433 26.6226
 80 1104  0.0841 -0.0501 70.3305
112 1104  0.0675 -0.0211 169.1853
144 1104  0.0461 -0.0739 50.2259
176 1104  0.0191 -0.0642 388.1310
208 1104  0.0063 -0.1255 39.9411
240 1104  0.0676 -0.2331 48.5064
272 1104  0.0542 -0.1043 155.9568
304 1104  0.0308 -0.1162 140.5127
336 1104 -0.0368 -0.1529 169.1522
368 1104 -0.0364 -0.0724 166.1592
400 1104 -0.0109 -0.1112 101.5372
432 1104  0.0269 -0.0180 62.2211
464 1104 -0.0070 -0.0216 39.0957
496 1104  0.0289 -0.0315 12.7534
528 1104  0.0201 -0.0052 23.3372
560 1104 -0.0060  0.0709 14.5377
592 1104  0.0366  0.1142 12.5265
624 1104 -0.0554  0.0173 15.6959
656 1104  0.0345  0.0162 10.9982
688 1104  0.1873 -0.1629  8.7083
720 1104  0.0574 -0.3391  4.7243
848 1104  0.0029  0.0707  5.5564
880 1104 -0.0999  0.1357  8.6243
912 1104 -0.0182  0.0764 12.8150
944 1104  0.0193  0.0562 16.1677
976 1104 -0.0064  0.0457  9.7097
1008 1104  0.0137  0.0123 20.4129
1040 1104  0.0025  0.0425 29.5489
1072 1104 -0.0366 -0.0140 17.5596
1104 1104 -0.0591 -0.0073 20.6510
1136 1104 -0.0109 -0.0177 17.0477
1168 1104 -0.0510 -0.0886 26.8372
 16 1136 -0.0175  0.0061 18.2160
 48 1136  0.0271 -0.0279 19.2732
 80 1136  0.0370 -0.0350 226.5074
112 1136  0.0466 -0.0107 90.2419
144 1136  0.1107 -0.0902 102.3538
176 1136  0.0439 -0.2384 204.8843
208 1136  0.0283 -0.1013 199.6890
240 1136  0.0187 -0.1221 88.2110
272 1136  0.0032 -0.0973 73.8634
304 1136  0.0229 -0.1146 97.5896
336 1136  0.0087 -0.0881 176.5112
368 1136  0.0072 -0.0851 209.4986
400 1136  0.0580 -0.0706 92.6087
432 1136  0.0185 -0.0425 51.8686
464 1136 -0.0042 -0.0204 49.7994
496 1136  0.0146 -0.0467 31.6084
528 1136 -0.0279  0.0119 15.9833
560 1136  0.0132 -0.0461 20.4206
592 1136 -0.0466 -0.0072 15.4697
624 1136  0.0162  0.0237 15.0154
656 1136  0.0497  0.0470 30.6109
688 1136 -0.0090 -0.0228 15.6199
720 1136  0.0585 -0.0175 12.6481
752 1136  0.1216 -0.1572  7.8664
784 1136 -0.1357 -0.1974  6.7425
816 1136 -0.0439 -0.2007  9.7971
848 1136  0.1586 -0.2754  8.4677
880 1136  0.1073 -0.3162  4.3689
944 1136 -0.0339  0.0328  4.1374
976 1136  0.0046  0.0401  4.3622
1008 1136  0.0296  0.0524  5.1551
1040 1136 -0.0133  0.0465  4.7770
1072 1136  0.0108  0.1501  5.4526
1104 1136 -0.0659  0.0542  8.1700
1136 1136  0.0204  0.0478  9.8815
1168 1136 -0.0177 -0.0003 19.0244
 16 1168 -0.0020 -0.0142 15.7213
 48 1168  0.0401 -0.0007 16.1038
 80 1168  0.0603 -0.0760 31.5108
112 1168  0.0424 -0.0757 54.3559
144 1168  0.0058 -0.0192 314.9301
176 1168 -0.0085 -0.0529 161.3756
208 1168  0.1544 -0.0629 252.6610
240 1168  0.0204 -0.1481 52.7279
272 1168  0.0028 -0.0833 92.9757
304 1168  0.0011 -0.0650 136.7912
336 1168  0.0244 -0.1026 222.1172
368 1168  0.0198 -0.0904 79.9918
400 1168  0.0400 -0.0693 94.5107
432 1168 -0.0249 -0.0663 36.2933
464 1168  0.0161 -0.1285 134.2598
496 1168  0.0063  0.0081 17.1557
528 1168 -0.0256  0.0051 17.4855
560 1168 -0.0213 -0.0414 13.3000
592 1168 -0.0071 -0.0128 13.7050
624 1168  0.0240 -0.0233 11.2449
656 1168  0.0057 -0.0222 11.8544
688 1168  0.0115  0.0346 19.4648
720 1168  0.0303 -0.0019 11.8589
752 1168 -0.0217  0.0090 17.4170
784 1168 -0.0153  0.0260 13.4333
816 1168 -0.0335  0.0011 13.3489
848 1168  0.0032  0.0045 13.9626
880 1168  0.0315 -0.0515 13.6927
912 1168  0.1534 -0.1589 10.8382
944 1168  0.1009 -0.3509  5.3360
976 1168  0.0752 -0.3666  4.1668
1104 1168  0.0037  0.0603  4.2183
1136 1168 -0.1365  0.1028  4.5636
1168 1168  0.0140  0.0727  4.6928
 16 1200  0.0088 -0.0081 14.5613
 48 1200  0.0468 -0.0245 16.7627
 80 1200 -0.0019 -0.0097 18.6051
112 1200  0.0021  0.0036 24.3196
144 1200  0.0559 -0.0357 99.2693
176 1200  0.0106 -0.0472 195.8639
208 1200  0.0382 -0.0698 72.5324
240 1200  0.0599 -0.1343 122.9661
272 1200  0.0002 -0.0792 97.5346
304 1200  0.0456 -0.1108 153.0641
336 1200  0.0040 -0.0968 284.3211
368 1200  0.0107 -0.0604 270.8889
400 1200  0.0394 -0.0767 286.5913
432 1200  0.0182 -0.1641 44.4980
464 1200  0.0031 -0.1045 25.5510
496 1200 -0.0226 -0.0202 15.1583
528 1200  0.0008 -0.0025 17.4466
560 1200 -0.0317 -0.0333 12.0170
592 1200 -0.0053 -0.0122 14.4267
624 1200  0.0314  0.0691 47.3697
656 1200 -0.0100 -0.0034 40.4792
688 1200 -0.0202  0.0328 12.7510
720 1200  0.0031 -0.0243 17.3458
752 1200 -0.0111  0.0202 16.5977
784 1200 -0.0779  0.0549 10.8966
816 1200  0.0026  0.0133 11.2127
848 1200  0.0327  0.0010 11.2919
880 1200 -0.0089  0.0118 12.3667
912 1200 -0.0296 -0.0047 13.4865
944 1200 -0.0112 -0.0039 13.9286
976 1200  0.0348 -0.0337 13.7588
1008 1200  0.0835 -0.1503 10.9809
1040 1200  0.0530 -0.3047  7.2366
1072 1200  0.0425 -0.2884  5.9150
1104 1200  0.0322 -0.3303  4.9797
1136 1200  0.0288 -0.3270  4.5285
1168 1200  0.0023 -0.4287  4.4019
 16 1232  0.0379 -0.0262 17.4879
 48 1232  0.0052 -0.0112 30.8859
 80 1232  0.0210 -0.0315 190.1505
112 1232  0.0552 -0.0727 132.6071
144 1232  0.0125 -0.0430 95.4511
176 1232  0.0099 -0.0570 191.9942
208 1232  0.0039 -0.1019 42.3486
240 1232 -0.0049 -0.0466 57.4654
272 1232 -0.0003 -0.1554 91.9877
304 1232  0.0151 -0.0686 110.8187
336 1232  0.0141 -0.0671 263.9823
368 1232  0.0094 -0.0287 246.3470
400 1232  0.0169 -0.0430 157.6908
432 1232 -0.0010 -0.0407 90.9838
464 1232 -0.0247 -0.0014 17.5457
496 1232  0.0033 -0.0136 17.0322
528 1232 -0.0274 -0.0393 10.5791
560 1232  0.0165 -0.0253 15.5280
592 1232  0.0040 -0.0147 23.7253
624 1232 -0.0231 -0.0008 13.6326
656 1232 -0.0092  0.0107 12.5617
688 1232 -0.0465 -0.0347 10.3685
720 1232  0.0363  0.0205 12.0640
752 1232 -0.0138  0.0119 18.2550
784 1232 -0.1129 -0.0040 13.9172
816 1232 -0.0443 -0.0120 22.6454
848 1232 -0.0334  0.0761 10.1901
880 1232  0.0480 -0.0490 15.5264
912 1232  0.0393 -0.0558 12.7950
944 1232  0.0533  0.0208 13.2945
976 1232  0.0401  0.0405 12.1496
1008 1232 -0.0319 -0.0092 13.6580
1040 1232 -0.0319 -0.0166 12.8145
1072 1232 -0.0319  0.0247 11.6831
1104 1232 -0.0205 -0.0141 12.6188
1136 1232 -0.0027 -0.0003 11.4208
1168 1232 -0.0570  0.0151 12.8030
 16 1264 -0.0275 -0.0222 24.6594
 48 1264  0.0039 -0.0130 24.0980
 80 1264  0.0248 -0.0522 62.6807
112 1264 -0.0073 -0.0673 139.3854
144 1264  0.0195 -0.0868 252.2971
176 1264  0.0290 -0.0393 200.4518
208 1264  0.0209 -0.0549 99.9097
240 1264  0.0156 -0.0755 79.1936
272 1264  0.0208 -0.1190 79.3479
304 1264  0.0404 -0.1940 94.6123
336 1264  0.0460 -0.1145 209.3805
368 1264  0.0474 -0.1016 183.1493
400 1264  0.0159 -0.0647 104.3864
432 1264  0.0474 -0.0178 193.5969
464 1264 -0.0074 -0.0273 235.0313
496 1264 -0.0071  0.0103 13.5586
528 1264 -0.0258 -0.0131 13.2604
560 1264  0.0316  0.0104 12.8711
592 1264  0.0274  0.0118 14.8104
624 1264  0.0290 -0.0022 20.4620
656 1264 -0.0134 -0.0028 13.4654
688 1264  0.0323 -0.0041 10.6425
720 1264 -0.0277 -0.0093 15.2857
752 1264 -0.0006  0.0143 22.7118
784 1264 -0.0704 -0.0008 11.1434
816 1264  0.0149  0.0463 13.3827
848 1264  0.0017 -0.0723  9.4811
880 1264 -0.0008 -0.0772  9.2579
912 1264 -0.0140  0.0344 10.2670
944 1264 -0.0243  0.0128 12.1719
976 1264 -0.0602  0.0598 10.7823
1008 1264  0.0705  0.1016  9.9817
1040 1264  0.0192  0.0185 11.0534
1072 1264  0.0517 -0.0186 10.3167
1104 1264 -0.0252  0.0539 10.0413
1136 1264  0.0259 -0.0255  9.0716
1168 1264  0.0429 -0.0338 13.0720
 16 1296  0.0179  0.0011 18.5245
 48 1296  0.0147 -0.0332 20.2062
 80 1296  0.0370  0.0063 74.9886
112 1296 -0.0049 -0.0168 14.4902
144 1296  0.0211 -0.0443 16.6079
176 1296  0.0021 -0.0814 48.7759
208 1296  0.0117 -0.0961 219.8107
240 1296  0.0058 -0.0260 85.6997
272 1296  0.0420 -0.0357 15.9723
304 1296  0.0270 -0.0767 101.9688
336 1296  0.0124 -0.0594 81.4338
368 1296  0.0149 -0.0931 59.8187
400 1296  0.0099 -0.0333 114.1184
432 1296 -0.0035  0.0373 32.0416
464 1296 -0.0102 -0.0363 30.3889
496 1296 -0.0126  0.0244 19.3724
528 1296  0.0026  0.0257 11.3388
560 1296 -0.0236 -0.0169 21.6423
592 1296  0.0041 -0.0030 12.4431
624 1296  0.0179  0.0083 13.2368
656 1296 -0.0193 -0.0248 14.1114
688 1296  0.0087 -0.0294 13.6125
720 1296 -0.0054 -0.0002 13.7627
752 1296 -0.0057 -0.0111 17.2107
784 1296  0.0069 -0.0013 11.1673
816 1296 -0.0244  0.0255  9.8235
848 1296  0.0416  0.0250 12.8164
880 1296 -0.0321 -0.0201 10.7432
912 1296  0.0239  0.0221 12.2412
944 1296 -0.0404  0.0074 11.1087
976 1296  0.0070  0.0277 11.1633
1008 1296 -0.0213  0.0355  9.6835
1040 1296  0.0213 -0.0246  8.2306
1072 1296 -0.0178  0.0017  9.5888
1104 1296 -0.0069 -0.0088 10.7471
1136 1296 -0.0297  0.0102  9.8608
1168 1296  0.0589 -0.0193  9.6895
  0   0  0.0665 -0.0336  0.0000
  0   0  0.0325 -0.0061  0.0000
  0   0  0.0609 -0.0386  0.0000
  0   0  0.0777 -0.0475  0.0000
  0   0  0.0682 -0.0359  0.0000
  0   0  0.0633 -0.0453  0.0000
  0   0  0.0659 -0.0320  0.0000
  0   0  0.0446 -0.0479  0.0000
  0   0  0.0423 -0.0704  0.0000
  0   0  0.0231 -0.0926  0.0000
  0   0  0.0166 -0.0854  0.0000
  0   0  0.0138 -0.0307  0.0000
  0   0  0.0322  0.0022  0.0000
  0   0  0.0213 -0.1045  0.0000
  0   0  0.0045 -0.0567  0.0000
  0   0 -0.0050 -0.0257  0.0000
  0   0 -0.0186  0.0482  0.0000
  0   0 -0.0365  0.1130  0.0000
  0   0 -0.0475  0.0937  0.0000
  0   0 -0.0487  0.1098  0.0000
  0   0 -0.0384  0.0918  0.0000
  0   0 -0.0413  0.0461  0.0000
  0   0 -0.0174  0.0264  0.0000
  0   0 -0.0039  0.0085  0.0000
  0   0 -0.0166 -0.0219  0.0000
  0   0 -0.0104 -0.0336  0.0000
  0   0 -0.0160 -0.0206  0.0000
  0   0 -0.0140 -0.0159  0.0000
  0   0 -0.0045 -0.0000  0.0000
  0   0 -0.0099  0.0229  0.0000
  0   0  0.0217  0.0270  0.0000
  0   0 -0.0033  0.0106  0.0000
  0   0  0.0141  0.0312  0.0000
  0   0 -0.0174  0.0336  0.0000
  0   0 -0.0038  0.0504  0.0000
  0   0 -0.0102  0.0428  0.0000
  0   0  0.0083 -0.0076  0.0000
  0   0 -0.0051 -0.0201  0.0000
  0   0 -0.0021 -0.0396  0.0000
  0   0 -0.0041 -0.0445  0.0000
  0   0  0.0532 -0.0588  0.0000
  0   0  0.0769 -0.0650  0.0000
  0   0  0.0792 -0.0572  0.0000
  0   0  0.0993 -0.0677  0.0000
  0   0  0.1144 -0.0724  0.0000
  0   0  0.1145 -0.0696  0.0000
  0   0  0.1099 -0.0720  0.0000
  0   0  0.1025 -0.0704  0.0000
  0   0  0.0842 -0.0800  0.0000
  0   0  0.0671 -0.0923  0.0000
  0   0  0.0440 -0.0976  0.0000
  0   0  0.0257 -0.0798  0.0000
  0   0  0.0129 -0.0347  0.0000
  0   0  0.0102  0.0140  0.0000
  0   0  0.0146 -0.1240  0.0000
  0   0 -0.0087 -0.0361  0.0000
  0   0 -0.0293  0.0450  0.0000
  0   0 -0.0506  0.1317  0.0000
  0   0 -0.0708  0.1961  0.0000
  0   0 -0.0831  0.2081  0.0000
  0   0 -0.0842  0.2031  0.0000
  0   0 -0.0749  0.1681  0.0000
  0   0 -0.0638  0.1122  0.0000
  0   0 -0.0428  0.0620  0.0000
  0   0 -0.0278  0.0176  0.0000
  0   0 -0.0259 -0.0209  0.0000
  0   0 -0.0228 -0.0402  0.0000
  0   0 -0.0227 -0.0379  0.0000
  0   0 -0.0183 -0.0266  0.0000
  0   0 -0.0094 -0.0058  0.0000
  0   0 -0.0026  0.0183  0.0000
  0   0  0.0128  0.0331  0.0000
  0   0  0.0089  0.0390  0.0000
  0   0  0.0106  0.0539  0.0000
  0   0 -0.0034  0.0613  0.0000
  0   0 -0.0045  0.0644  0.0000
  0   0 -0.0070  0.0455  0.0000
  0   0 -0.0014  0.0021  0.0000
  0   0 -0.0029 -0.0332  0.0000
  0   0  0.0034 -0.0650  0.0000
  0   0  0.0180 -0.0855  0.0000
  0   0  0.0588 -0.0998  0.0000
  0   0  0.0924 -0.1052  0.0000
  0   0  0.1164 -0.1029  0.0000
  0   0  0.1407 -0.1041  0.0000
  0   0  0.1581 -0.1043  0.0000
  0   0  0.1633 -0.1033  0.0000
  0   0  0.1587 -0.1048  0.0000
  0   0  0.1456 -0.1072  0.0000
  0   0  0.1231 -0.1128  0.0000
  0   0  0.0958 -0.1165  0.0000
  0   0  0.0644 -0.1102  0.0000
  0   0  0.0339 -0.0860  0.0000
  0   0  0.0067 -0.0433  0.0000
  0   0 -0.0162  0.0082  0.0000
  0   0  0.0073 -0.1378  0.0000
  0   0 -0.0246 -0.0054  0.0000
  0   0 -0.0559  0.1212  0.0000
  0   0 -0.0858  0.2333  0.0000
  0   0 -0.1109  0.3106  0.0000
  0   0 -0.1255  0.3373  0.0000
  0   0 -0.1261  0.3182  0.0000
  0   0 -0.1133  0.2605  0.0000
  0   0 -0.0920  0.1797  0.0000
  0   0 -0.0669  0.0960  0.0000
  0   0 -0.0471  0.0223  0.0000
  0   0 -0.0370 -0.0324  0.0000
  0   0 -0.0327 -0.0611  0.0000
  0   0 -0.0298 -0.0632  0.0000
  0   0 -0.0233 -0.0456  0.0000
  0   0 -0.0121 -0.0161  0.0000
  0   0  0.0011  0.0165  0.0000
  0   0  0.0135  0.0444  0.0000
  0   0  0.0173  0.0664  0.0000
  0   0  0.0144  0.0852  0.0000
  0   0  0.0045  0.0950  0.0000
  0   0 -0.0039  0.0891  0.0000
  0   0 -0.0094  0.0594  0.0000
  0   0 -0.0104  0.0087  0.0000
  0   0 -0.0080 -0.0465  0.0000
  0   0  0.0030 -0.0951  0.0000
  0   0  0.0276 -0.1290  0.0000
  0   0  0.0681 -0.1471  0.0000
  0   0  0.1129 -0.1519  0.0000
  0   0  0.1540 -0.1483  0.0000
  0   0  0.1881 -0.1427  0.0000
  0   0  0.2113 -0.1382  0.0000
  0   0  0.2205 -0.1365  0.0000
  0   0  0.2153 -0.1386  0.0000
  0   0  0.1967 -0.1436  0.0000
  0   0  0.1667 -0.1487  0.0000
  0   0  0.1284 -0.1481  0.0000
  0   0  0.0852 -0.1350  0.0000
  0   0  0.0409 -0.1050  0.0000
  0   0 -0.0023 -0.0596  0.0000
  0   0 -0.0441 -0.0059  0.0000
