VARIABLES= "X pix", "Y pix", "U pix/dt", "V pix/dt", "CHC", ZONE I=37, J=41
304  16 -0.0510 -0.0197 59.5809
336  16 -0.0847 -0.0656 18.9118
368  16 -0.0703 -0.0613 24.6753
400  16 -0.0553 -0.0837 88.5845
496  16 -0.0503 -0.0815 89.0435
528  16 -0.0310 -0.0822 39.0095
560  16 -0.0343 -0.0535 40.9600
592  16 -0.0230 -0.0300 50.5679
624  16  0.0377 -0.0165 54.6133
656  16  0.0470  0.0200 46.5454
688  16  0.0169  0.0342 273.0666
304  48  0.0059  0.0486 52.5128
336  48  0.0218  0.0444 29.4676
368  48  0.0043  0.0495 110.7027
496  48  0.0135  0.0534 71.8596
528  48 -0.0254  0.0350 27.3067
560  48 -0.1499  0.0070 40.1569
592  48 -0.2766  0.0000 115.1486
688  48 -0.1668  0.0193 227.5554
720  48 -0.0667  0.0362 29.2571
752  48 -0.0009  0.0317 36.2478
784  48  0.0064  0.0000 32.5942
816  48 -0.0210 -0.0540 148.4057
304  80 -0.0020 -0.0401 49.3494
336  80  0.0146 -0.0423 30.7970
368  80  0.0380 -0.0531 50.5679
400  80  0.0353 -0.0591 47.0804
432  80  0.0458 -0.0405 43.5745
464  80  0.0695 -0.0055 4095.9939
496  80  0.0553  0.0117 71.8596
528  80  0.0124  0.0555 28.4444
560  80 -0.0160  0.0631 46.0225
592  80 -0.0301 -0.0099 41.0656
688  80 -0.0035 -0.0057 341.3332
720  80 -0.0132 -0.0608 80.3137
752  80 -0.0047 -0.0299 87.1489
784  80  0.0000 -0.0465 78.2675
816  80 -0.0174 -0.0756 147.3381
 16 144 -0.0693 -0.1411 200.5890
 48 144 -0.0985 -0.1385 113.5019
 80 144 -0.0257 -0.1482 90.0635
112 144 -0.0109 -0.0094 42.8163
144 144 -0.0590 -0.0591 106.2975
176 144 -0.0342 -0.0121 134.0708
208 144 -0.0276 -0.0476 114.4523
240 144 -0.0327 -0.0238 157.7775
272 144  0.0028 -0.0306 39.8373
304 144 -0.0063 -0.0012 45.5511
336 144 -0.0223  0.0128 31.7353
368 144  0.0540  0.0045 72.1234
400 144  0.0450  0.0417 201.0373
432 144  0.0045  0.0281 190.1170
464 144 -0.0069  0.0462 136.3176
496 144  0.0239  0.0345 177.7696
528 144 -0.0191  0.0298 81.6342
560 144  0.0134  0.0392 57.7815
592 144  0.0297  0.0313 180.2525
624 144 -0.0046  0.0238 144.2196
656 144 -0.0268  0.0666 200.7722
688 144  0.0063  0.0297 108.4622
720 144 -0.0031  0.0173 122.3400
752 144  0.0107  0.0135 79.4267
784 144 -0.0003  0.0044 65.9805
816 144 -0.0119 -0.0161 117.6242
848 144  0.0115  0.0021 153.8885
880 144  0.0027 -0.0041 66.2034
912 144  0.0235 -0.0036 133.9015
944 144  0.0010 -0.0112 95.2877
976 144 -0.0005 -0.0053 79.0008
1008 144  0.0273  0.0457 147.5746
1040 144  0.0161  0.0196 76.3614
1072 144 -0.0068  0.0201 171.1362
1104 144 -0.0194  0.0339 114.4097
1136 144 -0.0196  0.0694 175.5430
1168 144 -0.0017  0.0380 132.8574
 16 176 -0.0539 -0.1042 33.2832
 48 176 -0.0386 -0.0638 203.4749
 80 176 -0.0312 -0.1306 391.0801
112 176 -0.0103 -0.0522 187.1947
144 176 -0.0414 -0.0520 85.5368
176 176 -0.0247 -0.0510 79.8759
208 176 -0.0785 -0.0420 252.8010
240 176 -0.0191 -0.0494 376.8449
272 176 -0.0104 -0.0220 182.9556
304 176 -0.0169 -0.0086 216.6642
336 176 -0.0231  0.0078 229.7898
368 176  0.0055  0.0048 234.8463
400 176  0.0073  0.0517 287.8344
432 176  0.0305  0.0367 191.3575
464 176  0.0222  0.0405 232.8550
496 176  0.0427  0.0582 199.4528
528 176  0.0279  0.0462 45.7039
560 176  0.0139  0.0318 86.4455
592 176  0.0060  0.0267 111.5387
624 176 -0.0202  0.0560 158.0792
656 176  0.0165  0.0065 201.3250
688 176 -0.0074  0.0087 124.9135
720 176  0.0141  0.0091 112.8362
752 176 -0.0271  0.0159 198.3911
784 176  0.0214 -0.0019 106.9795
816 176 -0.0001  0.0058 70.1720
848 176  0.0371 -0.0234 204.4861
880 176 -0.0012 -0.0102 86.4128
912 176 -0.0495 -0.0046 145.3754
944 176  0.0917  0.1571 141.2804
976 176 -0.0006 -0.0223 97.9831
1008 176  0.0033  0.0210 109.0033
1040 176 -0.0199  0.0481 67.6402
1072 176 -0.0152  0.0508 181.3819
1104 176 -0.0251  0.0110 49.3619
1136 176 -0.0358  0.0952 187.1679
1168 176 -0.0457  0.1082 120.1463
 16 208  0.0075 -0.0466 22.9755
 48 208 -0.0621 -0.2199 267.9887
 80 208 -0.0592 -0.0798 173.8808
112 208 -0.0615 -0.0893 182.5559
144 208 -0.0855 -0.0516 266.0455
176 208 -0.0683 -0.1591 206.4604
208 208 -0.0461 -0.0628 322.2023
240 208 -0.0206 -0.0791 206.7185
272 208 -0.0295 -0.0338 160.0810
304 208 -0.0063  0.0004 184.6956
336 208 -0.0200  0.0259 184.1826
368 208 -0.0072  0.0165 268.9284
400 208  0.0224  0.0193 122.7488
432 208 -0.0021  0.0304 119.1952
464 208  0.0211  0.0344 347.7668
496 208  0.0106  0.0705 100.2350
528 208  0.0120  0.0499 162.8998
560 208  0.0178  0.0487 103.1066
592 208  0.0090  0.0262 130.0065
624 208  0.0101  0.0419 44.9245
656 208 -0.0193  0.0419 131.5006
688 208 -0.0132  0.0249 115.5867
720 208  0.1384 -0.0942 144.8058
752 208  0.0216  0.0127 211.5793
784 208  0.0374 -0.0169 186.4827
816 208  0.0099 -0.0149 162.7760
848 208  0.0297 -0.0282 149.7834
880 208  0.0340 -0.0297 305.3433
912 208  0.0249  0.0022 72.3357
944 208  0.0160 -0.0019 85.3399
976 208 -0.0294 -0.0184 157.6397
1008 208  0.0061 -0.0003 183.4214
1040 208  0.0051  0.0303 100.6188
1072 208  0.0048  0.0056 115.0989
1104 208 -0.0438  0.0402 62.2210
1136 208 -0.0243  0.0483 86.0309
1168 208 -0.0476  0.0777 48.0551
 16 240 -0.0774 -0.1559 67.8049
 48 240 -0.0777 -0.0503 26.1679
 80 240 -0.0546 -0.1375 216.5151
112 240 -0.0929 -0.0851 120.2062
144 240 -0.0262 -0.1153 233.8824
176 240 -0.1193 -0.1061 236.6022
208 240 -0.0482 -0.0663 29.1580
240 240 -0.0694 -0.0470 201.3853
272 240 -0.0801 -0.0797 70.1670
304 240 -0.0427 -0.0282 229.1481
336 240 -0.0161  0.0061 155.9026
368 240 -0.0024  0.0639 394.1921
400 240 -0.0114 -0.0148 51.3781
432 240 -0.0137  0.0344 186.2999
464 240  0.0248  0.0693 181.6740
496 240  0.0221  0.0540 206.8649
528 240 -0.0121  0.0689 87.9042
560 240  0.0113  0.0308 127.3625
592 240  0.0025  0.0188 187.3537
624 240  0.0015  0.0251 114.6541
656 240  0.0088  0.0425 60.2603
688 240  0.0217  0.0642 92.7799
720 240  0.0041 -0.0095 116.4873
752 240  0.0104 -0.0046 190.6547
784 240  0.0352 -0.0086 83.1826
816 240  0.0245 -0.0134 157.4151
848 240  0.0325 -0.0104 127.1166
880 240  0.0239 -0.0096 96.0797
912 240  0.0471 -0.0610 92.4783
944 240  0.0092  0.0079 75.2286
976 240 -0.0149 -0.0046 101.3792
1008 240 -0.0163  0.0213 65.3020
1040 240  0.0108  0.0188 119.6995
1072 240 -0.0100  0.0600 140.0156
1104 240 -0.0052  0.0547 124.5889
1136 240  0.0031  0.0356 110.7814
1168 240 -0.0551  0.0830 82.1219
 16 272 -0.2337 -0.0511 27.5098
 48 272 -0.1387 -0.1794 213.9521
 80 272 -0.2157 -0.1774 175.4801
112 272 -0.0817 -0.1282 191.9438
144 272 -0.1111 -0.1084 76.0333
176 272  0.0499 -0.0387 130.4146
208 272 -0.1063 -0.1032 156.2388
240 272 -0.0381 -0.0569 23.7798
272 272 -0.0195 -0.0239 107.5152
304 272 -0.0239 -0.0331 132.1690
336 272 -0.0304 -0.0092 172.0491
368 272 -0.0176 -0.0063 123.2383
400 272  0.0229  0.0266 297.7151
432 272 -0.0267  0.0268 217.2463
464 272 -0.0188  0.0534 100.4489
496 272  0.0250  0.0207 248.5482
528 272  0.0209  0.0510 105.7142
560 272 -0.0198  0.0146 42.7974
592 272  0.0211  0.0440 147.6823
624 272  0.0019  0.0366 157.8207
656 272  0.0724  0.0024 152.5899
688 272  0.0434  0.0154 97.8231
720 272  0.0072 -0.0039 93.2176
752 272  0.0313 -0.0168 106.5279
784 272  0.0260 -0.0136 109.1488
816 272  0.0256 -0.0507 210.9672
848 272  0.0374 -0.0238 125.1084
880 272  0.0250 -0.0376 72.4052
912 272  0.0265 -0.0002 83.1696
944 272  0.0244 -0.0107 139.8504
976 272  0.0162 -0.0157 193.4684
1008 272  0.0129  0.0220 152.9492
1040 272  0.0113  0.0291 87.8125
1072 272 -0.0034  0.0416 60.3130
1104 272 -0.0191  0.0386 97.5140
1136 272 -0.0712  0.0380 55.2819
1168 272 -0.0342  0.0680 22.5718
 16 304 -0.2784 -0.2949 126.6185
 48 304 -0.1740 -0.2006 97.6987
 80 304 -0.1314 -0.1445 195.4310
112 304 -0.0780 -0.2017 245.2912
144 304 -0.0558 -0.2856 137.5759
176 304 -0.2000 -0.0679 67.0446
208 304 -0.0782 -0.1109 251.5943
240 304 -0.0994 -0.1281 153.9086
272 304 -0.0673  0.0034 273.5210
304 304 -0.0412 -0.0699 191.5430
336 304 -0.0241 -0.0116 196.5192
368 304 -0.0230 -0.0041 84.8831
400 304 -0.0259  0.0029 67.6780
432 304  0.0022  0.0295 319.1028
464 304 -0.0010  0.0373 192.2568
496 304  0.0216  0.0324 121.7359
528 304  0.0098  0.0549 112.0120
560 304  0.0194  0.0245 152.6329
592 304 -0.0205  0.0191 179.2700
624 304  0.0005  0.0526 150.2346
656 304  0.0175 -0.0044 57.4450
688 304  0.0217 -0.0205 91.1310
720 304  0.0088 -0.0130 146.4723
752 304  0.0655 -0.0290 91.5178
784 304  0.0173 -0.0282 135.5913
816 304  0.0264 -0.0520 135.8399
848 304  0.0226 -0.0232 54.7139
880 304 -0.0148  0.0045 156.6529
912 304  0.0484 -0.0393 91.2929
944 304  0.0204 -0.0082 116.6889
976 304  0.0155 -0.0063 237.5590
1008 304  0.0202 -0.0116 53.9270
1040 304 -0.0047  0.0333 132.4081
1072 304  0.0005  0.0223 175.1059
1104 304 -0.0895  0.0961 222.6181
1136 304 -0.0119  0.0352 110.1132
1168 304 -0.0152  0.0510 104.0366
 16 336 -0.1252 -0.1143 23.6525
 48 336 -0.1115 -0.2233 139.4628
 80 336 -0.3461 -0.2219 79.3257
112 336 -0.1541 -0.2068 176.0838
144 336 -0.1733 -0.2076 240.7192
176 336 -0.5300 -0.0292 194.4970
208 336 -0.0764 -0.1918 56.8574
240 336 -0.1032 -0.1555 161.7312
272 336 -0.0835 -0.1576 76.6274
304 336 -0.1612 -0.0156 111.4280
336 336 -0.0415 -0.0248 197.9282
368 336 -0.0328 -0.0144 144.6496
400 336 -0.0446  0.0162 129.7441
432 336  0.0080  0.0126 147.8214
464 336  0.0136  0.0036 130.2205
496 336  0.0587  0.0515 69.3347
528 336  0.0112  0.0465 96.5320
560 336  0.0288  0.0168 157.0708
592 336  0.0527  0.0332 194.5137
624 336  0.0092  0.0303 137.8269
656 336  0.0192  0.0226 140.3589
688 336 -0.0016 -0.0365 141.0651
720 336  0.0217 -0.0163 120.0334
752 336  0.0294 -0.0290 192.7041
784 336  0.0428 -0.0480 98.8888
816 336  0.0431 -0.0289 99.7660
848 336  0.0356 -0.0420 145.8096
880 336  0.0570 -0.0244 119.2091
912 336  0.0572  0.0064 116.0598
944 336  0.0366 -0.0349 188.1144
976 336 -0.0119  0.0044 95.7990
1008 336 -0.0003  0.0088 97.7829
1040 336  0.0091  0.0237 77.0384
1072 336 -0.0309  0.0549 136.3277
1104 336 -0.0092  0.0329 170.1018
1136 336 -0.0637  0.0627 101.1048
1168 336 -0.0364  0.0729 75.0229
 16 368 -0.0108 -0.0233 18.8337
 48 368 -0.3222 -0.3726 217.8932
 80 368 -0.2157 -0.1880 194.5257
112 368 -0.0699 -0.5509 68.9724
144 368 -0.0659 -0.3494 210.0965
176 368 -0.0962 -0.2568 136.7964
208 368 -0.1103 -0.1717 232.7741
240 368 -0.0860 -0.3573 202.7919
272 368 -0.0568 -0.1100 80.3277
304 368  0.0037 -0.0518 311.5655
336 368 -0.0813 -0.0654 234.7564
368 368 -0.0061 -0.0344 177.9172
400 368 -0.0133  0.0079 82.7188
432 368 -0.0191  0.0255 215.9234
464 368  0.0045  0.0369 121.9765
496 368 -0.0090  0.0465 255.2622
528 368  0.0083  0.0424 100.2147
560 368 -0.0147  0.0132 62.8808
592 368  0.0105  0.0281 92.7859
624 368  0.0130  0.0383 209.5664
656 368  0.0255 -0.0059 93.7139
688 368  0.0330 -0.0029 67.3841
720 368  0.0345 -0.0325 166.8167
752 368  0.0319 -0.0272 130.3311
784 368  0.0315 -0.0220 139.8792
816 368  0.0900 -0.0381 211.3994
848 368  0.0582 -0.0387 79.3480
880 368  0.0287 -0.0493 164.9266
912 368  0.0495 -0.0393 101.8273
944 368  0.0261 -0.0149 154.3303
976 368  0.0085  0.0041 77.6166
1008 368  0.0327  0.0148 252.9249
1040 368 -0.0014  0.0611 195.6242
1072 368 -0.0308  0.0538 105.7222
1104 368 -0.0447  0.0346 154.9028
1136 368 -0.0369  0.0513 89.3916
1168 368 -0.0594  0.0670 130.9799
 16 400 -0.2438 -0.4805 57.0663
 48 400 -0.2771 -0.2643 293.3811
 80 400 -0.6522 -0.2761 164.5558
112 400 -0.0876 -0.3263 179.9780
144 400 -0.4305 -0.2885 199.5103
176 400 -0.3158 -0.2905 145.7271
208 400 -0.1784 -0.1978 249.7424
240 400 -0.0935 -0.1060 315.3560
272 400 -0.0527 -0.0733 33.1664
304 400 -0.1863 -0.2160 171.8210
336 400 -0.0177 -0.0206 28.6021
368 400 -0.0100 -0.0452 110.5774
400 400 -0.0200  0.0044 128.9866
432 400 -0.0234  0.0041 134.5366
464 400  0.0219  0.0308 151.8965
496 400 -0.0008 -0.0226 28.5378
528 400  0.0097  0.0118 114.2647
560 400  0.0084  0.0335 172.3616
592 400  0.0016  0.0218 152.0628
624 400  0.0255 -0.0095 173.3053
656 400 -0.0014  0.0212 165.2580
688 400  0.0505 -0.0229 167.0105
720 400  0.0241 -0.0179 115.7159
752 400  0.0508 -0.0867 97.0187
784 400  0.0350 -0.0456 111.1066
816 400  0.0342 -0.0441 105.7501
848 400  0.0647 -0.0323 157.0881
880 400  0.0194 -0.0206 84.0020
912 400  0.0284 -0.0310 115.3038
944 400  0.0327 -0.0300 132.5948
976 400 -0.0168  0.0193 92.2399
1008 400  0.0142  0.0482 52.2187
1040 400 -0.0282  0.0346 117.5248
1072 400 -0.0392  0.0852 127.6217
1104 400 -0.0470  0.0575 93.1921
1136 400 -0.0442  0.0342 100.7945
1168 400 -0.0473  0.0507 143.3420
 16 432 -0.2013 -0.0820 69.6838
 48 432 -0.2038 -0.3206 157.8521
 80 432 -0.2990 -0.6709 91.2217
112 432 -0.1770 -0.3309 51.5776
144 432 -0.5540 -0.3248 124.8466
176 432 -0.4074 -0.3197 201.3549
208 432 -0.2094 -0.3728 238.9049
240 432 -0.1844 -0.3192 173.0077
272 432 -0.0693 -0.2204 335.6414
304 432 -0.0193 -0.1100 260.9068
336 432 -0.0517 -0.1071 83.5519
368 432 -0.0995 -0.0400 172.7801
400 432 -0.0577 -0.0228 218.6078
432 432  0.0217 -0.0204 119.4254
464 432 -0.0481  0.0114 147.9786
496 432 -0.0118  0.0166 139.4816
528 432  0.0440  0.0678 139.6781
560 432  0.0062  0.0353 105.8237
592 432  0.0022 -0.0038 85.9306
624 432  0.0248  0.0246 217.5097
656 432  0.0337  0.0181 133.9382
688 432  0.0104 -0.0384 57.0980
720 432  0.0870 -0.0706 49.2765
752 432  0.0510 -0.0359 110.4235
784 432  0.0632 -0.0906 188.9647
816 432  0.0390 -0.1019 193.3712
848 432  0.0800 -0.0246 300.7593
880 432  0.0216 -0.0331 88.7182
912 432  0.0453 -0.0120 90.1214
944 432  0.0258 -0.0257 99.8691
976 432  0.0306 -0.0001 122.4220
1008 432 -0.0238  0.0335 91.4776
1040 432 -0.0485  0.0557 82.9341
1072 432 -0.0809  0.0846 217.6299
1104 432 -0.0332  0.0464 55.9177
1136 432 -0.0685  0.0331 78.8768
1168 432 -0.0435  0.0868 177.9790
 16 464 -0.1615 -0.2411 160.7041
 48 464 -0.3728 -0.4119 94.4856
 80 464 -0.5931 -0.2413 143.6453
112 464 -0.3748 -0.2075 61.3553
144 464 -0.4732 -0.4444 42.0692
176 464 -0.1398 -0.5762 82.3351
208 464 -0.2579 -0.3714 91.5994
240 464 -0.1531 -0.2934 296.4576
272 464 -0.1281 -0.1318 113.3218
304 464 -0.0920 -0.2951 268.7792
336 464 -0.1293 -0.1606 207.9967
368 464 -0.1016 -0.0637 294.3247
400 464 -0.0584  0.0038 46.5439
432 464 -0.0067 -0.0686 103.1130
464 464 -0.0412 -0.0030 134.9547
496 464  0.0001  0.0761 199.2665
528 464 -0.0013 -0.0010 142.9066
560 464  0.0259 -0.0118 192.7120
592 464  0.0321  0.0041 106.6461
624 464  0.0182 -0.0328 164.3178
656 464  0.0004 -0.0241 149.4804
688 464  0.0225 -0.0540 114.2634
720 464  0.0996 -0.0468 96.1107
752 464  0.0273 -0.0404 140.6306
784 464  0.0502 -0.1226 84.0570
816 464  0.0178 -0.1106 57.7608
848 464  0.0499 -0.0627 57.4787
880 464  0.0243 -0.0920 118.3915
912 464  0.0901  0.0068 177.5845
944 464 -0.0100  0.0175 45.1061
976 464 -0.0184  0.0153 95.9463
1008 464  0.0547  0.0715 53.8274
1040 464 -0.0531  0.0389 118.9537
1072 464 -0.0545  0.0938 39.6098
1104 464 -0.0724  0.1504 208.5740
1136 464 -0.0541  0.0310 24.5610
1168 464 -0.0011  0.1609 239.8197
 16 496 -0.2961 -0.2323 52.8141
 48 496 -0.7550 -0.7809 62.8774
 80 496 -0.3899 -0.7474 146.6812
112 496 -0.5091 -0.3609 168.1534
144 496 -0.5164 -0.5269 102.8604
176 496 -0.5736 -0.7299 93.1482
208 496 -0.2272 -0.2900 24.9678
240 496 -0.2532 -0.1749 56.8237
272 496 -0.2493 -0.2743 38.3613
304 496 -0.1679 -0.1657 61.7797
336 496 -0.2109 -0.1219 122.8705
368 496 -0.1032 -0.0696 111.0009
400 496 -0.0563 -0.0431 120.5807
432 496 -0.0625 -0.0074 129.5556
464 496 -0.0431  0.0196 208.1374
496 496 -0.0399  0.0009 130.9675
528 496 -0.0163 -0.0129 96.4874
560 496 -0.0137  0.0077 72.2270
592 496 -0.0079 -0.0095 22.4768
624 496  0.0414 -0.0322 82.5232
656 496  0.0454 -0.0429 135.9948
688 496  0.0425 -0.0281 128.9853
720 496  0.1107 -0.0611 56.6487
752 496  0.0609 -0.0638 155.4958
784 496  0.0876 -0.0945 65.7319
816 496  0.0838 -0.1260 56.5159
848 496  0.0422 -0.0825 37.4135
880 496  0.0235 -0.0764 173.1868
912 496  0.0099 -0.0659 103.3579
944 496  0.0153 -0.0499 266.2021
976 496  0.0836 -0.0242 215.5890
1008 496 -0.0020  0.0612 383.4699
1040 496  0.0117  0.0517 58.3935
1072 496 -0.0730  0.0399 114.1133
1104 496 -0.1466  0.2079 187.3538
1136 496 -0.0788  0.1482 97.4966
1168 496 -0.0924  0.1212 86.5576
 16 528 -0.7263 -0.3214 32.6861
 48 528 -0.8320 -0.5020 159.1592
 80 528 -0.8633 -0.8130 59.0505
112 528 -0.6127 -0.6171 150.5134
144 528 -0.2836 -0.4806 17.6277
176 528 -0.4228 -0.6320 289.9325
208 528 -0.4177 -0.3676 54.0864
240 528 -0.4661 -0.3270 91.3558
272 528 -0.4176 -0.2914 34.1869
304 528  0.0715 -0.4200 133.6980
336 528 -0.2476 -0.1389 199.5794
368 528 -0.1269 -0.0873 66.5163
400 528 -0.1618 -0.0783 87.6097
432 528 -0.1020 -0.0327 169.8669
464 528 -0.0352 -0.0226 195.9801
496 528 -0.0589 -0.0159 79.7005
528 528 -0.0287 -0.0248 262.8379
560 528 -0.0158 -0.0546 149.7413
592 528 -0.0125 -0.0760 85.8765
624 528  0.0631 -0.0773 271.5771
656 528  0.0323 -0.0874 130.1228
688 528  0.0734 -0.0445 169.3463
720 528  0.1308 -0.1891 85.2138
752 528  0.1165 -0.1665 250.7832
784 528  0.1157 -0.1908 178.1884
816 528  0.0767 -0.1048 134.7605
848 528  0.0704 -0.1732 75.7008
880 528  0.0537 -0.1678 110.0135
912 528  0.0054 -0.0631 166.7343
944 528 -0.0620 -0.0012 158.5891
976 528 -0.0299  0.0355 107.1734
1008 528 -0.0562  0.0619 38.2478
1040 528 -0.1179  0.0288 84.3920
1072 528 -0.0420  0.0677 47.2978
1104 528 -0.1145  0.0888 76.7448
1136 528 -0.0962  0.0770 103.8661
1168 528 -0.0915  0.0632 166.1188
 16 560 -0.1211 -0.0955 18.1582
 48 560 -0.2945 -0.5866 84.9094
 80 560 -0.4324 -0.6729 144.0222
112 560 -0.9466 -0.8810 38.3959
144 560 -0.7697 -0.9650 76.1700
176 560 -0.7182 -0.6200 244.9198
208 560 -0.9492 -0.4557 98.3640
240 560 -0.6147 -0.5744 68.4509
272 560 -0.3970 -0.4410 76.1773
304 560 -0.4371 -0.2615 283.5445
336 560 -0.2165 -0.1564 106.0866
368 560 -0.1564 -0.1969 134.9672
400 560 -0.0578 -0.0795 37.7522
432 560 -0.1178 -0.0050 29.8400
464 560 -0.1516 -0.0398 150.3410
496 560 -0.1106 -0.0553 91.6732
528 560 -0.0482 -0.0284 106.0304
560 560 -0.0133 -0.0848 170.9454
592 560 -0.0000 -0.1022 64.4480
624 560  0.0322 -0.0272 86.9265
656 560  0.0882 -0.0851 62.5995
688 560  0.1006 -0.2299 70.2189
720 560  0.1676 -0.3492 173.9191
752 560  0.0201 -0.1215 151.8631
784 560  0.0607 -0.1971 77.7154
816 560  0.1006 -0.1543 96.0295
848 560  0.0507 -0.2965 106.7305
880 560  0.0722 -0.0833 102.0000
912 560  0.0125 -0.0763 172.6249
944 560 -0.0313  0.0092 118.3654
976 560 -0.0048  0.0634 158.9859
1008 560 -0.1171  0.0255 141.4276
1040 560 -0.0909  0.0935 39.8728
1072 560 -0.1017  0.1488 205.7601
1104 560 -0.0561  0.1019 118.1847
1136 560 -0.0596  0.0617 140.2352
1168 560 -0.2265  0.1507 106.8229
 16 592 -0.5536 -0.1088 32.0430
 48 592 -0.0520  0.0064 16.5298
 80 592 -0.5121 -0.4988 151.9769
112 592 -0.8131 -0.7049 223.9862
144 592 -0.7748 -0.8225 233.9548
176 592 -0.5278 -0.8293 58.1992
208 592 -0.8239 -1.0655 182.8188
240 592 -0.6710 -0.9048 102.8344
272 592 -0.6463 -0.4118 197.9796
304 592 -0.6194 -0.3896 111.1473
336 592 -0.3880 -0.2414 123.5330
368 592 -0.4215 -0.1597 172.5693
400 592 -0.2279 -0.1362 109.7421
432 592 -0.2636 -0.0216 161.8644
464 592 -0.2572 -0.0406 117.5655
496 592 -0.0818 -0.0658 102.9084
528 592 -0.0789 -0.0313 183.4749
560 592 -0.0463 -0.1080 159.3257
592 592  0.0394 -0.1856 131.3000
624 592  0.0647 -0.1562 63.2946
656 592  0.1372 -0.2931 151.3790
688 592  0.1845 -0.2028 80.7169
720 592  0.1048 -0.3149 133.2439
752 592  0.0610 -0.2930 148.8375
784 592 -0.0009 -0.4602 125.4846
816 592  0.0593 -0.3831 84.8553
848 592  0.0211 -0.2405 71.4282
880 592  0.0343 -0.1313 42.0168
912 592 -0.0173 -0.1032 73.6741
944 592 -0.0621 -0.0342 111.9214
976 592 -0.0605  0.0653 68.2717
1008 592 -0.1400  0.0425 111.6982
1040 592 -0.1609  0.0865 161.4930
1072 592 -0.1060  0.1799 171.3381
1104 592 -0.1367  0.0894 146.2596
1136 592 -0.2104  0.0915 104.3175
1168 592 -0.1120  0.1157 117.0921
 16 624 -0.1778  0.1118 20.6634
 48 624 -0.1569  0.0935 120.9584
 80 624 -0.2533 -0.0404 20.1231
112 624 -0.8345 -0.7661 29.4610
144 624 -1.0933 -0.5628 126.5400
176 624 -0.8423 -1.0836 134.1168
208 624 -0.0325 -0.0612 10.2415
240 624 -0.4738 -0.6247 95.2215
272 624 -0.9488 -0.3290 40.4928
304 624 -0.5811 -0.4024 86.6495
336 624 -0.6475 -0.2708 64.4639
368 624 -0.3273 -0.0771 19.9769
400 624 -0.4695 -0.0947 120.6449
432 624 -0.2738 -0.0616 167.3149
464 624 -0.5009 -0.0109 85.3575
496 624 -0.5163 -0.2032 142.3851
528 624 -0.1746 -0.1140 106.9703
560 624 -0.1084 -0.3254 105.7601
592 624  0.0199 -0.3456 154.6709
624 624  0.0873 -0.2545 153.6387
656 624  0.1889 -0.3451 114.1360
688 624  0.0747 -0.2205 44.3849
720 624  0.1034 -0.1783 86.8955
752 624  0.0435 -0.5110 181.8650
784 624  0.0309 -0.4529 35.2623
816 624  0.0023 -0.3499 60.3999
848 624 -0.0638 -0.3578 163.8497
880 624 -0.0185 -0.3483 134.2917
912 624 -0.0516 -0.1263 131.0679
944 624 -0.0779 -0.0306 148.9727
976 624 -0.0655 -0.0159 72.1362
1008 624 -0.1124 -0.0020 144.8871
1040 624 -0.0904  0.2565 54.8305
1072 624 -0.1092  0.0998 135.2123
1104 624 -0.1460  0.1064 169.8168
1136 624 -0.1173  0.1257 71.9884
1168 624 -0.1553  0.2560 123.4305
 16 656 -0.3148 -0.1887 38.5033
 48 656 -0.1381 -0.1211 51.1508
 80 656 -0.5758 -0.3817 95.1840
112 656 -0.6415 -0.4234 168.5887
144 656 -0.4970 -0.1875 97.8759
176 656 -0.3398 -0.0739 53.6092
208 656 -0.4854 -0.2123 136.2729
240 656 -0.8759 -0.7262 190.2878
272 656 -0.8663 -0.8240 49.0807
304 656 -0.4572 -0.4352 130.4201
336 656 -0.4381 -0.5197 118.3801
368 656 -0.2115 -0.3327 40.3305
400 656 -0.2974 -0.0106 53.3647
432 656 -0.3984 -0.0143 43.3270
464 656 -0.2703 -0.0227 92.3489
496 656 -0.3325 -0.1114 146.6499
528 656 -0.1322 -0.5506 200.3740
560 656 -0.1745 -0.2621 56.7047
592 656 -0.0583 -0.5306 86.8028
624 656  0.0378 -0.3002 53.5175
656 656  0.0523 -0.5797 165.0421
688 656 -0.0288 -0.1870 65.4392
720 656  0.0869 -0.3201 62.6478
752 656 -0.0813 -0.5006 53.9586
784 656 -0.0939 -0.5336 38.4529
816 656 -0.1057 -0.0958 85.3605
848 656  0.0042 -0.4493 113.7168
880 656 -0.0938 -0.3897 72.5869
912 656 -0.0852 -0.2175 93.4523
944 656 -0.0906 -0.0851 153.8375
976 656 -0.0223 -0.0098 36.9066
1008 656 -0.1357  0.0415 96.9710
1040 656 -0.1747  0.0634 95.0453
1072 656 -0.1739  0.0852 71.7796
1104 656 -0.1983  0.0921 76.5933
1136 656 -0.2149  0.1265 62.4724
1168 656 -0.1237  0.1125 63.4850
 16 688 -0.0799 -0.0306 42.4533
 48 688 -0.6122 -0.4316 140.2313
 80 688 -0.0963 -0.1537 217.2628
112 688 -0.2461 -0.2174 29.7161
144 688 -0.3866 -0.4288 170.6227
176 688 -0.7642 -0.4915 210.8247
208 688 -0.8365 -0.8254 155.5487
240 688 -0.9622 -0.8535 122.1496
272 688 -0.6028 -0.3178 36.0187
304 688 -0.2151 -0.0813 206.7089
336 688 -0.3871 -0.0567 149.3764
368 688 -0.7860 -0.2279 80.0527
400 688 -0.3090 -0.0047 135.7867
432 688 -0.2674  0.1023 25.4450
464 688 -0.1362 -0.0379 252.7075
496 688 -0.0172 -0.2168 84.6358
528 688  0.0051 -0.3258 68.6551
560 688 -0.0347 -0.5259 222.7510
592 688 -0.0261 -0.5180 80.2169
624 688 -0.0215 -0.1474 56.7009
656 688 -0.0774 -0.1721 18.7138
688 688 -0.0820 -0.2184 60.8059
720 688 -0.1262 -0.2274 43.7347
752 688 -0.1579 -0.6643 112.9905
784 688  0.0198 -0.4332 61.6266
816 688  0.0307 -0.2705 80.9373
848 688 -0.0202 -0.0154 63.3647
880 688 -0.0983 -0.3864 178.6909
912 688 -0.0233 -0.4161 144.8388
944 688 -0.0850 -0.1624 98.3777
976 688 -0.1348  0.0311 90.1246
1008 688 -0.1278 -0.0150 89.2063
1040 688 -0.1354  0.0055 111.2776
1072 688 -0.2859  0.1674 212.9435
1104 688 -0.1652  0.1105 105.3391
1136 688 -0.2034  0.0320 130.3634
1168 688 -0.1127  0.1192 139.4995
 16 720 -0.0050 -0.0214 19.8582
 48 720 -0.0774 -0.0964 302.3815
 80 720 -0.0689 -0.0759 347.5590
112 720 -0.2980 -0.2755 188.5274
144 720 -0.5378 -0.3167 206.9280
176 720 -0.7414 -1.2074 112.9258
208 720 -0.2973 -0.3125 81.5107
240 720 -0.2714 -0.0544 19.2561
272 720 -0.5653 -0.4193 39.5912
304 720 -0.5031 -0.3215 128.0648
336 720 -0.2775 -0.2080 44.2886
368 720 -0.1222 -0.0058 115.4688
400 720 -0.0999  0.0187 51.8822
432 720  0.3769  0.0322 115.2106
464 720  0.2663 -0.0193 111.1406
496 720  0.3449 -0.7113 76.4057
528 720  0.3937 -0.6129 64.3968
560 720  0.0026 -0.0064 19.4178
592 720  0.1293  0.0312 23.0169
624 720 -0.1488 -0.5625 106.9182
656 720 -0.1158 -0.3490 120.6298
688 720 -0.0614 -0.1665 40.6481
720 720 -0.0699  0.0345 13.5462
752 720 -0.0517 -0.0088 27.4237
784 720 -0.0276 -0.3592 52.4112
816 720 -0.0343 -0.0088 19.2709
848 720  0.0070  0.0067  5.7327
880 720  0.0199 -0.0685 66.7049
912 720 -0.0533 -0.6027 54.0197
944 720 -0.1218 -0.1853 82.3096
976 720 -0.1967 -0.0915 127.0636
1008 720 -0.2625 -0.0403 189.5723
1040 720 -0.1268  0.0145 74.9017
1072 720 -0.2044  0.0169 50.7217
1104 720 -0.2492  0.1732 59.1345
1136 720 -0.3319 -0.0077 91.5655
1168 720 -0.2350  0.0536 72.6695
 16 752 -0.0276 -0.0161 35.9859
 48 752 -0.0366 -0.1723 89.4396
 80 752  0.0048 -0.0856 183.1985
112 752 -0.0631 -0.0424 96.8956
144 752 -0.0601 -0.2070 138.1670
176 752 -0.0452 -0.0690 159.3680
208 752 -0.4277 -0.3687 63.5971
240 752 -0.3456 -0.3353 226.3484
272 752 -0.3343 -0.3056 24.6330
304 752 -0.4332 -0.6156 88.4044
336 752 -0.2569 -0.1207 51.1679
368 752 -0.0875 -0.0641 37.6355
400 752  0.2438  0.0694 128.4911
432 752  0.0691 -0.0149 150.6034
464 752  0.0718 -0.0906 78.3725
496 752  0.3725 -0.3094 104.3962
528 752  0.7174 -0.7598 30.2496
560 752  0.2158  0.0840  9.1792
592 752  0.1342  0.1301 10.6939
624 752 -0.0233 -0.0314  9.7033
656 752 -0.0141  0.0070 21.2428
688 752 -0.0271  0.0552  6.7762
720 752  0.0186 -0.0539  4.9441
752 752  0.0240 -0.1014  8.7643
784 752 -0.0385 -0.0163 20.7245
816 752 -0.0050 -0.0121  5.4160
880 752 -0.0024 -0.0150 21.2036
912 752 -0.0448 -0.3637 38.2122
944 752 -0.1599 -0.2507 122.3329
976 752 -0.1829 -0.0787 157.5463
1008 752 -0.1772 -0.0730 117.9343
1040 752 -0.0943 -0.0562 127.6134
1072 752 -0.1285 -0.0027 130.0775
1104 752 -0.2011  0.0012 61.7077
1136 752 -0.4690  0.0288 92.5481
1168 752 -0.1718  0.0353 139.4751
 16 784  0.0398 -0.1008 49.1758
 48 784  0.0312 -0.0301 167.7687
 80 784  0.0390 -0.0574 338.4371
112 784 -0.0228 -0.0451 238.8415
144 784 -0.0147 -0.1952 248.0946
176 784 -0.0495 -0.0598 256.3170
208 784  0.0436 -0.3963 56.7885
240 784 -0.1388 -0.4867 196.5772
272 784 -0.0932 -0.1681 19.6470
304 784 -0.1177 -0.1517 35.3826
336 784  0.0506 -0.1928 172.7442
368 784  0.4822 -0.0630 145.5642
400 784  0.0838 -0.1040 44.7045
432 784 -0.0145 -0.1015 45.4138
464 784 -0.1049 -0.2123 100.5261
496 784 -0.0703 -0.0793 41.6037
528 784  0.0257 -0.0902 16.9168
560 784  0.1614  0.0942  8.5888
592 784  0.1040  0.0924 15.9170
624 784 -0.0711  0.0663 18.8000
656 784  0.0035  0.0006  8.1274
688 784 -0.0519  0.0602 10.8456
720 784 -0.0644  0.0637  4.2920
752 784  0.0397  0.1611  4.6408
784 784 -0.0185 -0.1149  5.1557
816 784 -0.0315  0.0473  4.4792
848 784 -0.0201 -0.0136  4.3025
880 784 -0.0103 -0.0147 17.6205
912 784 -0.0344 -0.0626 22.6371
944 784 -0.0275 -0.0520 19.6626
976 784 -0.2367 -0.1460 45.5489
1008 784 -0.2078 -0.0781 104.8664
1040 784 -0.1212  0.0251 125.1792
1072 784 -0.4004 -0.0453 21.0442
1104 784 -0.0755 -0.0502 136.3517
1136 784 -0.0407 -0.0350 177.6131
1168 784 -0.2173 -0.0011 126.6851
 16 816  0.0530  0.0058 52.2335
 48 816  0.0381 -0.0065 13.6838
 80 816  0.0680 -0.1047 236.6839
112 816  0.0541 -0.0946 97.4261
144 816  0.0715 -0.1088 99.9514
176 816  0.0932 -0.2013 338.5387
208 816  0.0397 -0.3197 31.7990
240 816  0.0109 -0.6322 90.7726
272 816  0.0068 -0.5535 203.7436
304 816  0.0050 -0.0404 14.2144
336 816  0.4955 -0.3838 40.8714
368 816  0.7399 -0.0816 110.2433
400 816  0.4282  0.0509 154.3934
432 816  0.1214 -0.0374 153.4842
464 816  0.1763 -0.1416 77.4315
496 816  0.4057 -0.1542 12.8373
528 816 -0.0169 -0.0380  7.2166
560 816  0.1175  0.0631  6.8453
592 816  0.0493 -0.0060 13.8941
624 816  0.0257 -0.0027 11.1424
656 816 -0.0239  0.0442 12.2541
688 816 -0.0609  0.1357  9.1371
720 816 -0.0648  0.0939  9.2396
752 816  0.2177  0.0677  6.6275
784 816 -0.4072  0.2538  5.7166
816 816  0.1402  0.0660  6.1331
848 816 -0.0489  0.0577  4.4437
880 816 -0.0447 -0.0725  8.4026
912 816  0.0000 -0.0338  4.1166
944 816  0.1094 -0.0028  5.4878
976 816 -0.0166 -0.0933 38.9348
1008 816 -0.1591 -0.1335 87.8490
1040 816 -0.1147 -0.1788 43.6764
1072 816 -0.2048 -0.1338 78.1743
1104 816 -0.2286 -0.0803 50.6676
1136 816 -0.3578 -0.0800 84.3707
1168 816 -0.1573  0.0058 61.6231
 16 848  0.0240 -0.0084 19.9168
 48 848  0.0545 -0.0093 181.5179
 80 848  0.0025 -0.0064 20.3470
112 848  0.1410 -0.0703 211.3489
144 848  0.1810 -0.2815 227.0747
176 848  0.1247 -0.3562 149.3013
208 848  0.1858 -0.2872 89.3685
240 848  0.3184 -0.1990 31.7839
272 848  0.0435 -0.3527 24.0995
304 848  0.1251 -0.2859 200.0960
336 848 -0.0679 -0.2590 25.8116
368 848  0.0027 -0.3446 95.3132
400 848 -0.0293 -0.3619 116.0286
432 848 -0.0094 -0.1132 64.9282
464 848  0.1227 -0.1957 25.4357
496 848 -0.0182 -0.0441 19.1286
528 848  0.3178  0.1841  6.0790
560 848  0.0273  0.0397 26.4721
592 848  0.0547 -0.0178 19.4696
624 848  0.0574  0.0094 30.5980
656 848 -0.0053 -0.0116 24.0563
688 848  0.0063  0.0083  9.0339
720 848 -0.1233 -0.0397  6.5137
752 848  0.0646 -0.2177  5.0530
784 848  0.0469 -0.0290  8.0418
816 848 -0.0220  0.1371 10.1591
848 848 -0.0544  0.0975  5.1360
880 848 -0.1567  0.0090  5.1672
944 848  0.0406  0.0224  5.6303
976 848 -0.0080  0.0279 41.9129
1008 848 -0.0508 -0.2049 113.2880
1040 848 -0.1886 -0.1730 70.8896
1072 848 -0.1136 -0.1886 74.3711
1104 848 -0.1148 -0.0930 139.2773
1136 848 -0.2229 -0.0665 163.9811
1168 848 -0.2073  0.0259 99.5776
 16 880  0.0716 -0.0218 72.2274
 48 880  0.0404 -0.0136 25.8058
 80 880  0.2739 -0.0866 134.4177
112 880  0.1145 -0.1007 275.0823
144 880  0.1317 -0.1731 249.8604
176 880  0.2857 -0.1952 139.1674
208 880  0.1934 -0.5163 137.5407
240 880  0.1176 -0.3427 148.1860
272 880  0.0420 -0.1639 16.5124
304 880  0.4398 -0.9472 82.3938
336 880  0.6261 -0.4442 120.8897
368 880  0.4425 -0.2352 163.9749
400 880  0.4604 -0.0407 162.7789
432 880  0.5630  0.0275 19.0105
464 880  0.6137 -0.0159 32.7050
496 880 -0.1035 -0.0944  5.8203
528 880  0.0826  0.0047  8.1632
560 880 -0.0346 -0.1611 16.3975
592 880  0.0080 -0.0376 20.2791
624 880  0.1200 -0.0721 15.7632
656 880  0.0879 -0.0650 21.5889
688 880  0.0103  0.0124 12.8235
720 880 -0.0609 -0.0425 14.0137
752 880  0.2677  0.0020  4.3621
784 880  0.0291  0.0989  7.4350
816 880 -0.1683 -0.1460  6.2968
848 880 -0.1511 -0.3105  4.6377
880 880  0.1327  0.1903  5.5235
912 880 -0.0064  0.0419  9.4753
944 880  0.0211  0.0038 45.9591
976 880 -0.0330 -0.0504 37.2608
1008 880 -0.0010 -0.0150 167.7281
1040 880 -0.0684 -0.1349 80.9442
1072 880 -0.0705 -0.1768 168.8058
1104 880 -0.0395 -0.1514 103.8131
1136 880 -0.1683 -0.0695 65.0837
1168 880 -0.2591 -0.0823 86.6844
 16 912  0.0719 -0.0885 90.1152
 48 912 -0.0312 -0.0061 14.7760
 80 912  0.2970 -0.0899 175.0379
112 912  0.0639 -0.0876 93.5699
144 912  0.0943 -0.0681 192.1023
176 912  0.2626 -0.2451 212.8092
208 912  0.0403 -0.0825 20.7666
240 912  0.1510 -0.3517 155.0022
272 912  0.1678 -0.3434 148.2075
304 912  0.7076 -0.6173 77.5785
336 912  0.8890 -0.5941 28.6812
368 912  0.6638 -0.2969 27.4107
400 912  0.7737 -0.0165 37.3053
432 912  0.0048  0.0306 17.0793
464 912 -0.0889 -0.0722  9.3919
496 912  0.0740 -0.1348  4.0675
528 912  0.0223 -0.0162  4.7817
560 912 -0.1536 -0.1815  4.4131
592 912  0.1962 -0.4530  4.9001
624 912  0.1279 -0.1749  8.4287
656 912  0.3421 -0.4022  6.3720
688 912  0.0573 -0.0803 23.6232
720 912 -0.0704 -0.0317  9.9588
752 912  0.2352  0.0322  5.2414
784 912 -0.0228 -0.0162 10.0916
816 912 -0.2118 -0.0843  5.1796
880 912  0.1759  0.0438  7.9014
912 912  0.0011 -0.0217  9.1244
944 912 -0.0346 -0.0329  7.7572
976 912 -0.0075 -0.0199 11.0639
1008 912 -0.0040 -0.0097 50.6308
1040 912 -0.0633 -0.0775 120.9051
1072 912 -0.0610 -0.0964 60.5230
1104 912 -0.0920 -0.0922 65.6459
1136 912 -0.0734 -0.0835 54.0546
1168 912 -0.0490 -0.0825 53.2099
 16 944  0.0635 -0.0036 35.6449
 48 944  0.0421 -0.0409 59.6774
 80 944  0.1491 -0.1004 130.4935
112 944  0.1409 -0.0603 121.6519
144 944  0.1070 -0.1195 215.1122
176 944  0.3408 -0.3094 270.6131
208 944  0.4386 -0.5239 171.0692
240 944  0.3559 -0.3453 89.3332
272 944  0.1507 -0.1765 16.9647
304 944  0.1455 -0.2668 60.4815
336 944  0.2593 -0.5645 24.3187
368 944  0.5980 -0.1239 102.6606
400 944  0.0219  0.0216 14.5263
432 944 -0.0533 -0.0422 14.3065
464 944  0.0288  0.1149  5.6965
496 944 -0.0121  0.0273  7.7252
624 944  0.0568 -0.0588  4.4766
688 944  0.1474 -0.1426  7.1047
720 944 -0.0297 -0.0970  5.8038
752 944  0.1069 -0.0266  5.0859
784 944  0.0951 -0.2408  5.8282
816 944 -0.0309 -0.1006  5.5817
848 944 -0.0135  0.1258  8.7146
880 944  0.1080  0.0931  9.0689
912 944  0.0316 -0.0053  9.6436
944 944 -0.0614  0.0241 12.3668
976 944 -0.0591  0.1043  6.2104
1008 944 -0.0300 -0.0260  5.7164
1040 944  0.0271 -0.0510 62.3644
1072 944 -0.1066 -0.0562 122.5928
1104 944 -0.1594 -0.1708 158.1389
1136 944 -0.0984 -0.1162 51.5034
1168 944 -0.1023 -0.0151 203.6834
 16 976  0.0416 -0.0285 35.3159
 48 976  0.1320 -0.0157 13.5454
 80 976  0.1453  0.0168 84.0451
112 976  0.0028 -0.0087 13.7233
144 976  0.1145 -0.1990 220.9757
176 976  0.1349 -0.1326 74.0232
208 976  0.1084 -0.2295 116.7842
240 976 -0.0251 -0.2420 80.9158
272 976  0.0894 -0.7218 126.3231
304 976  0.1828 -0.5552 84.4038
336 976  0.0764 -0.2793 95.6417
368 976  0.0294 -0.0029 24.0091
400 976 -0.0452 -0.0027 12.0099
432 976  0.0731 -0.0033  8.0821
464 976  0.0127  0.0111 22.2927
496 976 -0.1346 -0.0474 11.8927
528 976 -0.1230  0.1418  4.3070
784 976  0.0473  0.0432  4.3292
816 976  0.0484  0.0235 14.3196
848 976 -0.0029  0.0027 18.2470
880 976 -0.0227 -0.0012  8.4041
912 976  0.0065  0.0040 10.7150
944 976  0.0397 -0.0366  7.7656
976 976  0.0144 -0.0048 11.7290
1008 976 -0.0358  0.0265 10.5231
1040 976  0.0188 -0.0044 19.1505
1072 976 -0.0272  0.0098 75.4464
1104 976 -0.1031  0.0178 199.9140
1136 976 -0.0734 -0.1557 67.2911
1168 976 -0.1594 -0.1239 106.5617
 16 1008  0.0689 -0.0247 27.9186
 48 1008  0.1494 -0.0118 184.0751
 80 1008  0.0990 -0.1161 28.4611
112 1008  0.0455 -0.1307 155.4632
144 1008  0.4699 -0.1151 170.6183
176 1008  0.2288 -0.1848 188.5793
208 1008  0.2119 -0.1439 53.0129
240 1008  0.0633 -0.2538 95.1772
272 1008  0.0660 -0.2839 34.2493
304 1008  0.2032 -0.3744 55.0885
336 1008 -0.0016 -0.1156 21.5362
368 1008  0.0233 -0.0153 11.0172
400 1008 -0.0037  0.0749 10.1183
432 1008  0.0297  0.0294 18.0044
464 1008 -0.0424  0.0067 119.1868
496 1008 -0.0061  0.0347 23.1360
528 1008 -0.0742  0.1109  9.2249
560 1008 -0.1217  0.3376  5.4495
752 1008  0.0081  0.0081  4.0797
784 1008  0.0394  0.0639  6.2731
816 1008  0.0504  0.0074 25.6971
848 1008 -0.0055 -0.0023 19.9929
880 1008  0.0116 -0.0236 13.7979
912 1008  0.0111  0.0237 10.6511
944 1008 -0.0271  0.0143 14.7844
976 1008 -0.0250 -0.0058  8.2546
1008 1008  0.0063 -0.0017 12.2580
1040 1008 -0.0080  0.0085 35.3273
1072 1008 -0.0256  0.0349 74.5399
1104 1008 -0.0656 -0.0607 156.2944
1136 1008 -0.0969 -0.0720 99.7519
1168 1008 -0.1140 -0.1301 76.6024
 16 1040  0.0789 -0.0179 24.9984
 48 1040  0.1569 -0.0316 150.8528
 80 1040  0.1570 -0.0439 181.8479
112 1040  0.0925 -0.0474 124.1262
144 1040  0.2209 -0.0677 88.1534
176 1040  0.0911 -0.1076 40.8952
208 1040  0.2456 -0.1713 35.3571
240 1040 -0.0326 -0.1262 66.1395
272 1040  0.0316 -0.4977 79.6067
304 1040  0.0233 -0.4883 105.4092
336 1040 -0.0377 -0.0628 43.8303
368 1040  0.0012  0.0215 12.6044
400 1040 -0.0037  0.0068 43.0804
432 1040 -0.0025  0.0115 20.3665
464 1040 -0.0031  0.0044 120.2149
496 1040 -0.1498  0.1876 12.5149
528 1040 -0.0411  0.0192  7.9116
560 1040 -0.0748 -0.0464 11.2026
592 1040 -0.1483 -0.0344  5.8208
752 1040  0.0658  0.0131  5.5855
784 1040  0.0436  0.0480 15.8628
816 1040  0.0163  0.0180 29.6287
848 1040 -0.0089 -0.0189 18.5354
880 1040 -0.0468  0.0010 12.5694
912 1040 -0.0169  0.0053 16.5029
944 1040 -0.0234  0.0262 20.7725
976 1040 -0.0185 -0.0023 52.8914
1008 1040  0.0369  0.0089 14.5261
1040 1040 -0.0043 -0.0113 51.7887
1072 1040 -0.0422  0.0044 89.7225
1104 1040 -0.0288 -0.0467 70.2149
1136 1040 -0.0459 -0.0440 186.1994
1168 1040 -0.0520 -0.0985 41.9416
 16 1072  0.0836 -0.0200 41.1897
 48 1072  0.2454 -0.0561 52.9087
 80 1072  0.0728 -0.1004 50.6857
112 1072  0.0757 -0.0420 34.4824
144 1072  0.0495 -0.1100 85.9361
176 1072  0.0870 -0.1587 174.5448
208 1072  0.0046 -0.0602 30.9796
240 1072  0.0366 -0.4020 94.8840
272 1072 -0.0034 -0.1411 23.4744
304 1072 -0.0078 -0.3506 125.3036
336 1072 -0.0678 -0.0908 152.4148
368 1072 -0.0233 -0.0534 67.7871
400 1072 -0.0025 -0.0375 135.9452
432 1072  0.0008 -0.0368 246.6529
464 1072 -0.0115 -0.0579 27.8107
496 1072 -0.0771  0.0530 20.7660
528 1072 -0.0086  0.3192 10.8078
560 1072 -0.0832  0.1286  9.0945
592 1072  0.0211  0.1231 10.2300
624 1072  0.0003  0.1257  5.6698
656 1072 -0.0020  0.3473  5.4174
688 1072  0.1027  0.0935  4.5911
720 1072  0.0099  0.0565  4.1748
752 1072  0.0265 -0.0265  4.2358
784 1072  0.0438 -0.0558  7.1485
816 1072  0.0366 -0.0678 12.2007
848 1072  0.0310 -0.0294 39.2043
880 1072 -0.0009  0.0037 19.7945
912 1072  0.0005  0.0072 14.3850
944 1072  0.0615  0.0038 58.3056
976 1072 -0.0076  0.0205 27.9295
1008 1072 -0.0150 -0.0028 50.8367
1040 1072 -0.0040 -0.0238 158.2132
1072 1072 -0.0040 -0.0081 17.6617
1104 1072 -0.0391 -0.0086 189.7653
1136 1072 -0.0367 -0.0202 26.6623
1168 1072  0.0129 -0.1129 100.4617
 16 1104  0.0766 -0.0393 49.4067
 48 1104  0.0281 -0.0181 39.4488
 80 1104  0.0422 -0.0545 142.6562
112 1104  0.0350 -0.0450 171.6575
144 1104  0.0897 -0.0787 80.5381
176 1104  0.0535 -0.0986 252.2453
208 1104  0.0291 -0.1158 59.2061
240 1104  0.0999 -0.1036 135.7456
272 1104  0.0101 -0.1666 56.0935
304 1104  0.0028 -0.2085 128.5636
336 1104  0.0052 -0.1084 265.7563
368 1104 -0.0120 -0.1202 124.5382
400 1104  0.0115 -0.0414 164.2294
432 1104  0.0006 -0.0115 35.0654
464 1104 -0.0060 -0.0369 22.4063
496 1104  0.0269 -0.0075 14.5807
528 1104 -0.0300  0.0190 21.5880
560 1104  0.0177  0.1295 13.1906
592 1104  0.0045  0.0893 12.2216
624 1104 -0.0006  0.0688 12.7426
656 1104  0.0356  0.0171 11.4874
688 1104 -0.2381  0.2425  8.2947
720 1104 -0.0293  0.2856  4.3680
848 1104  0.0120 -0.0662  5.5226
880 1104  0.0956 -0.1168  8.3114
912 1104  0.0214 -0.0741 11.9510
944 1104 -0.0168 -0.0532 15.3096
976 1104  0.0551 -0.0561  9.4348
1008 1104 -0.0170 -0.0163 20.1655
1040 1104  0.0547 -0.0394 27.8572
1072 1104  0.0200 -0.0114 17.6538
1104 1104  0.0003 -0.0036 21.6284
1136 1104 -0.0043 -0.0179 15.4189
1168 1104 -0.0199 -0.0275 27.2357
 16 1136  0.0361 -0.0024 27.6991
 48 1136  0.0421 -0.0145 39.5700
 80 1136  0.0936 -0.0736 195.4363
112 1136  0.0237 -0.0416 91.7071
144 1136  0.0598 -0.0272 140.6241
176 1136  0.0357 -0.0197 239.6090
208 1136  0.0319 -0.1190 152.1728
240 1136  0.0345 -0.0936 255.4893
272 1136  0.0124 -0.1362 86.1841
304 1136  0.0120 -0.0787 177.0862
336 1136 -0.0198 -0.0683 161.4859
368 1136  0.0108 -0.0421 177.5560
400 1136  0.0185 -0.1143 108.1163
432 1136  0.0223 -0.0533 125.7513
464 1136  0.0029 -0.0555 38.0782
496 1136  0.0940 -0.0114 24.9431
528 1136 -0.0116  0.0273 17.1585
560 1136 -0.0430  0.1494 10.2248
592 1136  0.3075  0.0070 13.6832
624 1136  0.0085  0.0272 14.5856
656 1136  0.0154  0.0178 17.9836
688 1136 -0.0055 -0.0127 14.1526
720 1136 -0.0168  0.0488 12.7435
752 1136 -0.1042  0.1356  7.4829
784 1136  0.1061  0.1873  6.4303
816 1136 -0.0359  0.2515  8.4028
848 1136 -0.1683  0.3439  6.3531
880 1136 -0.0574  0.2054  4.2010
976 1136  0.0323 -0.0314  4.2901
1008 1136 -0.0335 -0.0469  5.0995
1040 1136  0.0352 -0.0425  4.7477
1072 1136 -0.0065 -0.1832  5.2340
1104 1136  0.0520 -0.0481  7.5728
1136 1136 -0.0106  0.0125  9.4556
1168 1136  0.0268 -0.0175 18.1368
 16 1168 -0.0011 -0.0434 18.0719
 48 1168  0.0137 -0.0164 22.0910
 80 1168  0.0779 -0.0709 39.0260
112 1168  0.0501 -0.0947 54.8776
144 1168  0.0561 -0.0971 130.5967
176 1168  0.0432 -0.0362 281.8479
208 1168  0.0342 -0.0808 297.3604
240 1168  0.0234 -0.1169 176.8388
272 1168  0.0671 -0.1231 37.2051
304 1168  0.0208 -0.1174 70.6461
336 1168  0.0858 -0.0742 207.1584
368 1168  0.0353 -0.0673 176.0188
400 1168  0.0190 -0.0429 189.1944
432 1168  0.0284 -0.0462 31.5841
464 1168  0.0212 -0.0535 209.2719
496 1168  0.0037  0.0027 12.7674
528 1168 -0.0011  0.0014 15.1315
560 1168 -0.0941  0.0642 26.4834
592 1168 -0.0850  0.0446 14.0208
624 1168 -0.0046 -0.0402 11.7559
656 1168  0.0233  0.0460 12.1893
688 1168  0.0060  0.0232 17.8635
720 1168  0.0118  0.0128 12.0686
752 1168  0.0357 -0.0172 15.8075
784 1168  0.0557  0.0554 12.7985
816 1168  0.0026 -0.0170 12.9676
848 1168 -0.0234  0.0120 13.8857
880 1168 -0.0530  0.0749 13.0402
912 1168 -0.1089  0.1266  9.1685
944 1168 -0.0480  0.3810  4.8627
1136 1168  0.0595 -0.1069  4.4790
1168 1168 -0.0139 -0.0746  4.6010
 16 1200  0.0169  0.0100 17.0611
 48 1200  0.0013  0.0008 24.5734
 80 1200  0.0424  0.0002 27.0770
112 1200  0.0076  0.0046 22.3963
144 1200  0.0836 -0.0371 88.7454
176 1200  0.0891 -0.1859 209.3637
208 1200  0.0810 -0.0703 84.3235
240 1200  0.0317 -0.0885 213.8524
272 1200  0.0232 -0.0484 158.4664
304 1200  0.0152 -0.0572 248.6943
336 1200  0.0317 -0.0098 270.2376
368 1200  0.0523 -0.0632 143.8644
400 1200  0.0415 -0.0828 213.0300
432 1200 -0.0088 -0.0075 138.6537
464 1200  0.0373 -0.0172 22.8646
496 1200 -0.0058  0.0065 23.5274
528 1200  0.0039  0.0065 17.2908
560 1200 -0.0295  0.0138 12.6399
592 1200  0.0110  0.0047 19.4033
624 1200  0.0020  0.0399 50.5673
656 1200  0.0469  0.0846 39.9315
688 1200 -0.0027  0.0645 11.7826
720 1200  0.0271 -0.0029 17.4769
752 1200  0.0382  0.0104 16.5267
784 1200  0.0639  0.0204 10.7132
816 1200  0.0022  0.0295 11.8422
848 1200  0.0372 -0.0069 11.2396
880 1200 -0.0181 -0.0060 12.2432
912 1200 -0.0421  0.0284 13.5612
944 1200 -0.0076 -0.0120 14.0272
976 1200 -0.0434  0.0703 13.0054
1008 1200 -0.0796  0.1782  9.8662
1040 1200 -0.0390  0.2435  6.3828
1072 1200 -0.0515  0.3871  5.2944
1104 1200 -0.0016  0.3100  4.6525
1168 1200 -0.0038  0.2551  4.1881
 16 1232  0.0215 -0.0112 17.3101
 48 1232  0.0303 -0.0123 31.5998
 80 1232  0.0441 -0.0274 183.8765
112 1232  0.0626 -0.0684 107.4531
144 1232  0.0379 -0.0635 179.4482
176 1232  0.0086 -0.0475 242.7586
208 1232  0.0711 -0.0383 44.1518
240 1232  0.0183 -0.0542 21.0500
272 1232  0.0361 -0.0435 93.1550
304 1232  0.0429 -0.1360 65.8470
336 1232  0.0350 -0.0771 147.6473
368 1232  0.0680 -0.0425 101.9338
400 1232  0.0328 -0.0634 99.9374
432 1232  0.0415 -0.0369 74.0557
464 1232  0.0073 -0.0047 29.3425
496 1232 -0.0323 -0.0054 19.4747
528 1232  0.0120  0.0274 12.4784
560 1232  0.0313 -0.0533 21.4334
592 1232 -0.0195  0.0085 18.7754
624 1232  0.0024  0.0149 12.2199
656 1232 -0.0118 -0.0410 13.0390
688 1232  0.0033  0.0556 10.0521
720 1232  0.0091 -0.0089 12.4422
752 1232  0.0577 -0.0110 19.4204
784 1232  0.0243 -0.0230 13.9633
816 1232 -0.0287 -0.0168 22.4711
848 1232  0.0410 -0.0129 10.5127
880 1232 -0.0355 -0.0189 14.7833
912 1232 -0.0407 -0.0046 12.9587
944 1232  0.0069  0.0146 13.4002
976 1232 -0.0599 -0.0282 11.9344
1008 1232  0.0320  0.0152 13.1025
1040 1232 -0.0425 -0.0001 12.6523
1072 1232  0.0402  0.0183 11.6556
1104 1232 -0.0313 -0.0147 12.6308
1136 1232  0.0050 -0.0099 11.4169
1168 1232  0.0121 -0.0125 12.7088
 16 1264  0.0252  0.0000 23.7297
 48 1264  0.0152  0.0032 14.5294
 80 1264  0.0990 -0.0080 87.9199
112 1264  0.0637 -0.1109 107.9509
144 1264  0.0714 -0.1333 206.1077
176 1264  0.0256 -0.0259 138.9763
208 1264  0.0384 -0.0886 79.5898
240 1264  0.0527 -0.0436 29.4598
272 1264  0.0304 -0.1045 74.9133
304 1264  0.0246 -0.0759 118.7616
336 1264  0.0734 -0.0512 202.0476
368 1264  0.0217 -0.1330 304.1739
400 1264  0.0344 -0.1022 191.3344
432 1264 -0.0244 -0.0114 443.2225
464 1264 -0.0009 -0.0366 85.1779
496 1264  0.0363  0.0060 15.5337
528 1264  0.0047 -0.0126 15.2725
560 1264  0.0250  0.0126 12.0503
592 1264 -0.0070  0.0110 12.7871
624 1264 -0.0088 -0.0228 23.7686
656 1264 -0.0289  0.0028 13.4716
688 1264  0.0190  0.0180 10.8441
720 1264 -0.0077 -0.0185 14.1526
752 1264 -0.0154  0.0129 24.3340
784 1264  0.0611  0.0475 10.9613
816 1264 -0.0341 -0.0437 11.9038
848 1264  0.0370  0.0080  9.0099
880 1264  0.0205 -0.0123  8.2767
912 1264  0.0581  0.0036  8.8148
944 1264  0.0086 -0.0290 11.0150
976 1264  0.0418 -0.0626 10.1193
1008 1264  0.0317  0.0080  9.7891
1040 1264 -0.0144 -0.0248 11.2444
1072 1264 -0.0192 -0.0191 10.2257
1104 1264  0.0554 -0.0165 10.6375
1136 1264 -0.0285 -0.0037  9.4970
1168 1264 -0.0989  0.0178 12.3672
 16 1296  0.0484 -0.0292 32.3188
 48 1296  0.0008 -0.0320 21.8694
 80 1296 -0.0302 -0.0191 128.4570
112 1296  0.0388 -0.0156 17.5923
144 1296  0.0323 -0.0261 28.0018
176 1296  0.0615 -0.1027 38.0817
208 1296  0.0533 -0.0602 217.5652
240 1296  0.0339 -0.0853 41.3395
272 1296  0.0050 -0.0344 27.0929
304 1296  0.0118 -0.0716 124.7838
336 1296  0.0253 -0.0498 83.0548
368 1296  0.0378 -0.0251 206.2368
400 1296  0.0049 -0.0207 132.7436
432 1296  0.0153 -0.0163 50.8158
464 1296  0.0000 -0.0301 104.7887
496 1296  0.0053 -0.0116 16.1801
528 1296  0.0155 -0.0338 12.3562
560 1296  0.0171  0.0201 17.1170
592 1296  0.0028  0.0048 12.4745
624 1296  0.0006 -0.0051 11.8509
656 1296  0.0076 -0.0472 13.6679
688 1296 -0.0032  0.0210 12.2073
720 1296 -0.0091 -0.0016 13.8743
752 1296  0.0082  0.0441 16.0868
784 1296 -0.0242 -0.0020 10.9134
816 1296  0.0332  0.0058  9.8920
848 1296 -0.0328  0.0173 12.6528
880 1296 -0.0297 -0.0172 10.9438
912 1296 -0.0035 -0.0086 11.5118
944 1296 -0.0546  0.0100 11.3694
976 1296  0.0130 -0.0313 10.4972
1008 1296 -0.0545  0.0210 10.2858
1040 1296  0.0679  0.0726  8.3991
1072 1296  0.0218 -0.0024  9.4120
1104 1296 -0.0091 -0.0270 10.3635
1136 1296 -0.0208 -0.0240  9.8817
1168 1296  0.0262  0.0064  9.5377
  0   0  0.0226 -0.0010  0.0000
  0   0  0.0429 -0.0056  0.0000
  0   0 -0.0135 -0.0056  0.0000
  0   0 -0.0481 -0.0050  0.0000
  0   0  0.0140 -0.0357  0.0000
  0   0  0.0063 -0.0453  0.0000
  0   0 -0.0046 -0.0442  0.0000
  0   0  0.0298 -0.0492  0.0000
  0   0  0.0371 -0.0693  0.0000
  0   0  0.0484 -0.1098  0.0000
  0   0  0.0336 -0.0899  0.0000
  0   0  0.0124 -0.0764  0.0000
  0   0 -0.0093 -0.0413  0.0000
  0   0 -0.0074 -0.0472  0.0000
  0   0  0.0000 -0.0229  0.0000
  0   0  0.0025  0.0058  0.0000
  0   0 -0.0148  0.0277  0.0000
  0   0 -0.0184  0.0408  0.0000
  0   0 -0.0300  0.0468  0.0000
  0   0 -0.0261  0.0682  0.0000
  0   0 -0.0170  0.0659  0.0000
  0   0  0.0301  0.0390  0.0000
  0   0  0.0080  0.0166  0.0000
  0   0 -0.0028 -0.0041  0.0000
  0   0 -0.0028 -0.0240  0.0000
  0   0 -0.0090  0.0065  0.0000
  0   0 -0.0093  0.0100  0.0000
  0   0 -0.0023  0.0322  0.0000
  0   0 -0.0139  0.0113  0.0000
  0   0 -0.0010  0.0081  0.0000
  0   0 -0.0368  0.0085  0.0000
  0   0 -0.0478 -0.0116  0.0000
  0   0 -0.0475 -0.0093  0.0000
  0   0 -0.0641  0.0065  0.0000
  0   0 -0.0393 -0.0002  0.0000
  0   0 -0.0508  0.0372  0.0000
  0   0  0.0090  0.0668  0.0000
  0   0  0.0011  0.0319  0.0000
  0   0 -0.0159  0.0086  0.0000
  0   0 -0.0136  0.0021  0.0000
  0   0  0.0209  0.0150  0.0000
  0   0  0.0314  0.0105  0.0000
  0   0  0.0346  0.0017  0.0000
  0   0  0.0067 -0.0080  0.0000
  0   0 -0.0103 -0.0209  0.0000
  0   0  0.0093 -0.0451  0.0000
  0   0  0.0117 -0.0620  0.0000
  0   0  0.0117 -0.0728  0.0000
  0   0  0.0265 -0.0852  0.0000
  0   0  0.0324 -0.1028  0.0000
  0   0  0.0326 -0.1197  0.0000
  0   0  0.0182 -0.1068  0.0000
  0   0 -0.0017 -0.0835  0.0000
  0   0 -0.0196 -0.0514  0.0000
  0   0 -0.0256 -0.0305  0.0000
  0   0 -0.0269  0.0018  0.0000
  0   0 -0.0310  0.0383  0.0000
  0   0 -0.0426  0.0724  0.0000
  0   0 -0.0511  0.1008  0.0000
  0   0 -0.0599  0.1259  0.0000
  0   0 -0.0608  0.1546  0.0000
  0   0 -0.0570  0.1739  0.0000
  0   0  0.0299  0.0464  0.0000
  0   0  0.0089  0.0217  0.0000
  0   0 -0.0043  0.0017  0.0000
  0   0 -0.0094 -0.0091  0.0000
  0   0 -0.0128  0.0028  0.0000
  0   0 -0.0125  0.0117  0.0000
  0   0 -0.0114  0.0221  0.0000
  0   0 -0.0186  0.0149  0.0000
  0   0 -0.0256  0.0087  0.0000
  0   0 -0.0505  0.0030  0.0000
  0   0 -0.0690 -0.0066  0.0000
  0   0 -0.0798 -0.0037  0.0000
  0   0 -0.0874  0.0103  0.0000
  0   0 -0.0770  0.0233  0.0000
  0   0 -0.0675  0.0509  0.0000
  0   0 -0.0354  0.0697  0.0000
  0   0 -0.0243  0.0585  0.0000
  0   0 -0.0200  0.0430  0.0000
  0   0 -0.0066  0.0331  0.0000
  0   0  0.0186  0.0308  0.0000
  0   0  0.0331  0.0220  0.0000
  0   0  0.0359  0.0081  0.0000
  0   0  0.0239 -0.0097  0.0000
  0   0  0.0145 -0.0316  0.0000
  0   0  0.0180 -0.0583  0.0000
  0   0  0.0198 -0.0828  0.0000
  0   0  0.0216 -0.1034  0.0000
  0   0  0.0270 -0.1215  0.0000
  0   0  0.0276 -0.1361  0.0000
  0   0  0.0213 -0.1416  0.0000
  0   0  0.0060 -0.1273  0.0000
  0   0 -0.0137 -0.0988  0.0000
  0   0 -0.0321 -0.0612  0.0000
  0   0 -0.0445 -0.0221  0.0000
  0   0 -0.0534  0.0229  0.0000
  0   0 -0.0624  0.0710  0.0000
  0   0 -0.0737  0.1182  0.0000
  0   0 -0.0841  0.1625  0.0000
  0   0 -0.0933  0.2046  0.0000
  0   0 -0.0985  0.2465  0.0000
  0   0 -0.1007  0.2850  0.0000
  0   0  0.0245  0.0478  0.0000
  0   0  0.0048  0.0221  0.0000
  0   0 -0.0097  0.0023  0.0000
  0   0 -0.0167 -0.0056  0.0000
  0   0 -0.0179  0.0004  0.0000
  0   0 -0.0161  0.0112  0.0000
  0   0 -0.0164  0.0189  0.0000
  0   0 -0.0246  0.0167  0.0000
  0   0 -0.0418  0.0084  0.0000
  0   0 -0.0684 -0.0015  0.0000
  0   0 -0.0949 -0.0078  0.0000
  0   0 -0.1142 -0.0028  0.0000
  0   0 -0.1220  0.0149  0.0000
  0   0 -0.1152  0.0404  0.0000
  0   0 -0.0974  0.0688  0.0000
  0   0 -0.0710  0.0873  0.0000
  0   0 -0.0476  0.0877  0.0000
  0   0 -0.0268  0.0769  0.0000
  0   0 -0.0031  0.0638  0.0000
  0   0  0.0223  0.0516  0.0000
  0   0  0.0401  0.0369  0.0000
  0   0  0.0457  0.0171  0.0000
  0   0  0.0406 -0.0084  0.0000
  0   0  0.0331 -0.0391  0.0000
  0   0  0.0293 -0.0732  0.0000
  0   0  0.0288 -0.1071  0.0000
  0   0  0.0300 -0.1377  0.0000
  0   0  0.0308 -0.1624  0.0000
  0   0  0.0269 -0.1775  0.0000
  0   0  0.0156 -0.1776  0.0000
  0   0 -0.0030 -0.1590  0.0000
  0   0 -0.0255 -0.1231  0.0000
  0   0 -0.0473 -0.0749  0.0000
  0   0 -0.0655 -0.0194  0.0000
  0   0 -0.0802  0.0409  0.0000
  0   0 -0.0933  0.1034  0.0000
  0   0 -0.1061  0.1655  0.0000
  0   0 -0.1184  0.2258  0.0000
  0   0 -0.1294  0.2841  0.0000
  0   0 -0.1382  0.3411  0.0000
  0   0 -0.1457  0.3970  0.0000
