VARIABLES= "X pix", "Y pix", "U pix/dt", "V pix/dt", "CHC", ZONE I=37, J=41
304  16 -0.0124  0.0361 59.5809
336  16 -0.0496 -0.0245 18.9118
368  16 -0.0635 -0.0676 24.6753
400  16 -0.0977 -0.1015 88.5845
496  16 -0.0847 -0.1121 89.0435
528  16 -0.0478 -0.0858 39.0095
560  16 -0.0064 -0.0645 40.9600
592  16  0.0091 -0.0376 50.5679
624  16  0.0122 -0.0111 54.6133
656  16  0.0260  0.0244 46.5454
688  16  0.0115  0.0379 273.0666
304  48 -0.0019  0.0848 52.5128
336  48  0.0083  0.1285 29.4676
368  48  0.0571  0.1038 110.7027
496  48  0.1180  0.0679 71.8596
528  48  0.1175  0.0266 27.3067
560  48  0.0545  0.0252 40.1569
592  48  0.0000  0.0591 150.2520
688  48 -0.1029  0.0994 227.5554
720  48 -0.2314  0.1264 29.2571
752  48 -0.2745  0.1258 36.2478
784  48  0.0123 -0.0257 31.5536
816  48  1.1372 -0.5000 148.4057
304  80  0.8620 -0.3724 49.3494
336  80  0.4005 -0.1818 30.7970
368  80  0.1140 -0.0773 50.5679
400  80  0.0006 -0.0435 47.0804
432  80 -0.0184 -0.0167 43.5745
464  80 -0.0023  0.0307 4095.9939
496  80 -0.0020  0.0948 71.8596
528  80  0.0079  0.1009 28.4444
560  80  0.0039  0.0742 45.0110
592  80  0.0082  0.0000 40.8239
688  80  0.0096  0.0499 341.3332
720  80 -0.0078  0.0301 80.3137
752  80  0.0246 -0.0132 87.1489
784  80  0.0000 -0.0253 72.3675
816  80 -0.0528 -0.0942 147.3381
 16 144 -0.0696 -0.1059 200.3357
 48 144 -0.0685 -0.0808 106.7618
 80 144 -0.1394 -0.0235 91.5377
112 144 -0.0490 -0.0117 28.3823
144 144 -0.0564 -0.0357 153.3874
176 144 -0.0254 -0.0337 151.1548
208 144 -0.0696 -0.0454 108.2255
240 144 -0.0532 -0.0551 131.9881
272 144 -0.0513 -0.0106 79.0280
304 144 -0.0128 -0.0141 43.6758
336 144 -0.0081  0.0092 38.0933
368 144 -0.0197  0.0213 73.1380
400 144  0.0179  0.0428 244.7279
432 144 -0.0075  0.0350 197.7767
464 144 -0.0137  0.0548 94.7886
496 144 -0.0127  0.0927 143.1348
528 144 -0.0054  0.0550 102.5411
560 144  0.0567  0.0409 72.8335
592 144  0.0628  0.0090 158.5623
624 144 -0.0077  0.0117 117.7901
656 144 -0.0211  0.0393 174.2865
688 144 -0.0133  0.0479 103.8178
720 144 -0.0231  0.0162 149.7185
752 144 -0.0153  0.0226 116.5068
784 144 -0.0113 -0.0116 48.8192
816 144 -0.0051 -0.0018 108.7357
848 144  0.0013  0.0092 156.8692
880 144  0.0099  0.0019 65.6601
912 144  0.0067  0.0011 136.8855
944 144 -0.0052 -0.0049 106.4573
976 144 -0.0029  0.0029 100.6983
1008 144  0.0061  0.0242 53.6962
1040 144 -0.0217  0.0799 65.7787
1072 144 -0.0131  0.0486 126.1845
1104 144 -0.0388  0.0574 92.8323
1136 144 -0.0304  0.0523 178.3282
1168 144 -0.0205  0.0475 159.2047
 16 176 -0.0869 -0.0326 35.7313
 48 176 -0.0867 -0.0832 211.0755
 80 176 -0.1933 -0.1144 388.5930
112 176 -0.1124 -0.1011 118.6536
144 176 -0.0754 -0.0444 95.1393
176 176 -0.0350 -0.0338 153.2984
208 176 -0.0386 -0.1174 123.6998
240 176 -0.1089 -0.0771 395.9548
272 176 -0.0347 -0.0468 120.6437
304 176 -0.0231 -0.0085 194.9703
336 176 -0.0114  0.0089 246.5255
368 176 -0.0112  0.0035 213.0776
400 176 -0.0803  0.0602 255.3849
432 176 -0.0293  0.0259 180.8033
464 176 -0.0189  0.0518 189.0552
496 176 -0.0383  0.0847 220.3565
528 176  0.0042  0.0042 49.1838
560 176 -0.0386  0.0964 76.7658
592 176 -0.0256  0.0353 138.2350
624 176  0.0016  0.0100 268.2003
656 176 -0.0756  0.0339 210.4097
688 176 -0.0212 -0.0073 123.6690
720 176  0.0129  0.0060 115.7069
752 176  0.0007 -0.0020 215.9596
784 176 -0.0133  0.0280 115.2997
816 176  0.0056  0.0314 73.9038
848 176  0.0339 -0.0230 192.8579
880 176 -0.0157  0.0086 69.2632
912 176  0.0377  0.0265 143.7270
944 176 -0.0245 -0.0248 156.0238
976 176 -0.0090  0.0193 105.4201
1008 176 -0.0056  0.0148 121.7325
1040 176 -0.0150  0.0359 51.1840
1072 176 -0.0449  0.0565 183.1535
1104 176 -0.0020  0.0399 60.2111
1136 176 -0.0255  0.0545 196.4970
1168 176 -0.0285  0.0519 181.2728
 16 208 -0.0459 -0.0040 22.0740
 48 208 -0.0818 -0.1316 209.3596
 80 208 -0.0290 -0.0355 338.6219
112 208 -0.0581 -0.1198 174.0324
144 208 -0.0577 -0.1333 267.2990
176 208 -0.2267 -0.0296 174.1324
208 208 -0.0476 -0.0822 249.1519
240 208 -0.0461 -0.0174 228.3768
272 208 -0.0195 -0.0284 136.0266
304 208 -0.0296 -0.0144 152.0091
336 208 -0.0158  0.0057 179.7706
368 208 -0.0245 -0.0181 166.9173
400 208 -0.0032  0.0104 126.9929
432 208  0.0004  0.0297 142.6537
464 208  0.0068  0.0535 307.1891
496 208 -0.0136  0.0507 111.2122
528 208  0.0193  0.0506 153.1467
560 208  0.0065  0.0506 94.2134
592 208  0.0144  0.0699 88.5059
624 208 -0.0845  0.0058 93.8901
656 208 -0.0461  0.0049 143.5409
688 208  0.0134 -0.0018 112.0597
720 208 -0.0061 -0.0622 143.3551
752 208 -0.0081  0.0056 172.1140
784 208 -0.0057 -0.0263 183.8166
816 208  0.0102 -0.0174 177.8753
848 208  0.0009 -0.0147 172.5332
880 208  0.0108 -0.0071 338.1390
912 208 -0.0211  0.0253 69.5308
944 208  0.0071  0.0234 70.7816
976 208 -0.0120 -0.0211 145.0780
1008 208 -0.0302  0.0769 162.2906
1040 208 -0.0140  0.0253 104.9219
1072 208 -0.0326  0.0284 120.5174
1104 208 -0.0324  0.0380 78.0107
1136 208 -0.0348  0.0779 82.5749
1168 208 -0.0401  0.0367 52.1833
 16 240 -0.0564 -0.1773 75.3288
 48 240 -0.0333 -0.0362 14.8841
 80 240 -0.2686 -0.0630 217.0350
112 240 -0.1292 -0.1472 136.5329
144 240 -0.1312 -0.1232 256.1089
176 240 -0.1024 -0.1075 244.1190
208 240 -0.0300 -0.0302 50.7629
240 240 -0.0833 -0.1139 188.2350
272 240 -0.0752 -0.0518 113.2722
304 240 -0.0513 -0.0077 242.7807
336 240 -0.0209  0.0183 114.3764
368 240  0.0054  0.0263 316.9205
400 240 -0.0263  0.0504 54.1598
432 240 -0.0085  0.0350 185.7375
464 240 -0.0383  0.0321 187.0395
496 240 -0.0006  0.0317 225.2135
528 240 -0.0140  0.0527 69.0894
560 240  0.0361  0.0675 126.1008
592 240 -0.0177  0.0386 193.5249
624 240 -0.0265  0.0399 128.2280
656 240 -0.0036  0.0439 96.1586
688 240  0.0713 -0.0417 76.7584
720 240  0.0331  0.0118 73.7344
752 240 -0.0021  0.0002 209.9510
784 240 -0.0003 -0.0007 83.3869
816 240 -0.0018  0.0066 121.0987
848 240  0.0071 -0.0009 122.7688
880 240  0.0086 -0.0051 94.9371
912 240 -0.0404  0.0057 65.1256
944 240  0.0120 -0.0164 78.4676
976 240 -0.0263  0.0341 116.1182
1008 240  0.0703 -0.0013 92.9299
1040 240 -0.0375  0.0595 103.6329
1072 240 -0.0124  0.0188 145.0754
1104 240 -0.0498  0.0550 138.4606
1136 240 -0.0134  0.0861 124.2886
1168 240 -0.0540  0.0500 75.2998
 16 272 -0.1207 -0.1013 23.3416
 48 272 -0.1830 -0.1770 219.4012
 80 272 -0.2291 -0.1405 215.2327
112 272 -0.0641 -0.2036 255.9440
144 272 -0.0480 -0.0964 136.5636
176 272 -0.1531 -0.1257 240.6990
208 272 -0.0821 -0.1100 124.3537
240 272 -0.0448 -0.0610 44.8520
272 272 -0.0147 -0.0421 48.2203
304 272 -0.0662  0.0018 136.1100
336 272 -0.0410 -0.0294 170.3653
368 272 -0.0176 -0.0040 170.0298
400 272 -0.0321 -0.0122 270.4625
432 272 -0.0085  0.0317 222.7314
464 272 -0.0128  0.0375 120.5793
496 272 -0.0178  0.0214 251.8738
528 272 -0.0101  0.0659 92.5074
560 272  0.0171  0.0110 39.1695
592 272  0.0106  0.0212 204.4551
624 272 -0.0099  0.0494 143.3940
656 272 -0.0312  0.0141 146.0396
688 272 -0.0045  0.0283 96.4190
720 272 -0.0080  0.0112 110.1328
752 272 -0.0239 -0.0088 92.1082
784 272  0.0240 -0.0051 109.6086
816 272  0.0060 -0.0319 232.2974
848 272 -0.0080 -0.0564 142.4906
880 272  0.0079 -0.0091 68.3904
912 272 -0.0036 -0.0049 90.5416
944 272  0.0450 -0.0262 138.9907
976 272 -0.0256  0.0241 199.7134
1008 272  0.0021  0.0314 146.1619
1040 272 -0.0159  0.0326 66.9583
1072 272 -0.0136  0.0508 61.8484
1104 272 -0.0377  0.0864 115.4829
1136 272 -0.0277  0.0272 65.0046
1168 272  0.0070  0.0449 24.6945
 16 304 -0.3889 -0.2041 87.4957
 48 304 -0.2217 -0.1406 69.9990
 80 304 -0.4304 -0.1550 138.0525
112 304 -0.0872 -0.1301 249.0150
144 304 -0.0804 -0.2103 106.0867
176 304 -0.0232 -0.0768 52.6427
208 304 -0.1040 -0.1399 136.8124
240 304 -0.0461 -0.0490 129.5282
272 304 -0.0273 -0.0025 417.7485
304 304 -0.0694 -0.0337 174.5804
336 304 -0.0262 -0.0049 137.7654
368 304 -0.0412  0.0044 97.1135
400 304 -0.0238 -0.0287 63.8690
432 304  0.0028  0.0600 381.6302
464 304  0.0104  0.0646 174.8194
496 304 -0.0135  0.0573 133.0623
528 304 -0.0001  0.0460 123.5712
560 304  0.0116  0.0495 163.3310
592 304 -0.0472  0.0445 182.7198
624 304 -0.0061  0.0109 211.4810
656 304  0.0135  0.0162 71.6317
688 304 -0.0037 -0.0034 89.9600
720 304  0.0091 -0.0160 142.5908
752 304  0.0090 -0.0085 90.7264
784 304  0.0070 -0.0249 133.5653
816 304  0.0195 -0.0467 146.1143
848 304 -0.0202 -0.0375 64.7337
880 304  0.0247  0.0221 115.5453
912 304  0.0132 -0.0354 99.8609
944 304  0.0142 -0.0074 99.6139
976 304 -0.0038  0.0041 174.0314
1008 304  0.0115  0.0037 57.7415
1040 304 -0.0343  0.0474 112.3540
1072 304 -0.0395  0.0580 151.8074
1104 304 -0.0357  0.1061 193.4645
1136 304 -0.0782  0.1016 102.7461
1168 304 -0.0681  0.0942 80.5512
 16 336 -0.0326 -0.0472 21.6501
 48 336 -0.0957 -0.1518 179.4472
 80 336 -0.0626 -0.5035 149.7325
112 336 -0.1767 -0.2304 157.1483
144 336 -0.2039 -0.2084 207.8167
176 336 -0.1179 -0.1274 343.1396
208 336 -0.1322 -0.1718 45.4958
240 336 -0.1810 -0.1045 160.1676
272 336 -0.0747 -0.0813 100.8478
304 336 -0.1519 -0.1006 97.1038
336 336 -0.0514 -0.0917 207.0401
368 336 -0.0432 -0.0165 151.5184
400 336 -0.0203 -0.0042 136.1756
432 336 -0.0485  0.0515 152.1268
464 336 -0.0083  0.0268 144.5905
496 336 -0.0166  0.0721 77.0716
528 336 -0.0277  0.0482 138.0832
560 336 -0.0426  0.0223 144.6693
592 336  0.0292  0.0451 198.2354
624 336 -0.0086  0.0361 127.6495
656 336 -0.0022  0.0210 128.4964
688 336 -0.0055  0.0285 147.6218
720 336  0.0005 -0.0012 115.1951
752 336  0.0038 -0.0227 175.3979
784 336  0.0329 -0.0464 125.9268
816 336  0.0233 -0.0478 102.2156
848 336  0.0198 -0.0343 143.4213
880 336  0.0123 -0.0139 115.5082
912 336  0.0007 -0.0084 147.1044
944 336 -0.0536  0.0440 180.5054
976 336  0.0128  0.0145 89.3946
1008 336 -0.0305  0.0433 91.4487
1040 336 -0.0010  0.0046 70.6880
1072 336 -0.0370  0.0628 115.4530
1104 336 -0.0717 -0.0407 159.0735
1136 336 -0.0414  0.0777 101.1323
1168 336 -0.0731  0.0384 70.2777
 16 368 -0.0546 -0.0652 19.9421
 48 368 -0.1538 -0.1605 231.9360
 80 368 -0.4295 -0.3145 110.4878
112 368 -0.6344 -0.1061 54.4969
144 368 -0.1221 -0.2536 119.5328
176 368 -0.2337 -0.3604 71.7874
208 368 -0.2584 -0.2220 224.7342
240 368 -0.3125 -0.0465 113.4093
272 368 -0.1434 -0.1673 69.5350
304 368 -0.1011 -0.0657 286.4198
336 368 -0.0217 -0.0651 306.2248
368 368 -0.0205 -0.0345 188.4818
400 368 -0.0440 -0.0425 91.4544
432 368 -0.0156 -0.0059 219.1863
464 368 -0.0042  0.0499 96.8430
496 368 -0.0285  0.0211 250.9080
528 368  0.0026  0.0335 122.9875
560 368 -0.0434  0.0350 53.3801
592 368  0.0188  0.0727 102.3707
624 368  0.0069  0.0271 172.3466
656 368  0.0109  0.0023 101.6396
688 368  0.0022 -0.0043 79.6533
720 368  0.0163 -0.0371 159.9355
752 368  0.0168 -0.0158 120.8831
784 368  0.0244 -0.0454 129.3928
816 368  0.0401 -0.0406 192.7823
848 368  0.0174 -0.0314 81.9886
880 368  0.0432  0.0127 138.4606
912 368  0.0319 -0.0431 92.1387
944 368 -0.0057 -0.0155 201.6420
976 368  0.0120  0.0376 83.6768
1008 368 -0.0267  0.0445 201.0303
1040 368 -0.0206  0.0329 193.6781
1072 368 -0.0315  0.0809 89.1920
1104 368 -0.0579  0.0704 122.4545
1136 368 -0.0353  0.1126 85.5035
1168 368 -0.0548  0.0466 129.5891
 16 400 -0.2497 -0.1811 80.1205
 48 400 -0.2115 -0.4449 262.5354
 80 400 -0.3973 -0.4417 212.7526
112 400 -0.5447 -0.1836 117.5283
144 400 -0.1746 -0.2713 190.0532
176 400 -0.2169 -0.3752 181.2301
208 400 -0.1169 -0.2358 227.2326
240 400 -0.1662 -0.1613 239.1098
272 400 -0.0536 -0.1491 25.8099
304 400 -0.1067 -0.1694 268.5591
336 400 -0.0973 -0.0822 35.6616
368 400 -0.0264 -0.0491 55.7643
400 400 -0.0162 -0.0716 106.1361
432 400 -0.0309  0.0050 151.8961
464 400 -0.0176  0.0287 138.3628
496 400  0.0359  0.0073 23.1327
528 400 -0.0023  0.0124 122.1630
560 400 -0.0204  0.0301 84.3997
592 400  0.0021  0.0319 276.3802
624 400  0.0135 -0.0065 169.9496
656 400  0.0024  0.0143 157.9550
688 400 -0.0025  0.0036 173.9074
720 400  0.0327 -0.0134 113.1701
752 400  0.0224 -0.0440 95.6762
784 400  0.0494 -0.0437 111.5817
816 400  0.0170 -0.0508 98.7910
848 400  0.0184 -0.0020 168.9211
880 400  0.0213 -0.0163 70.2630
912 400  0.0502 -0.0352 141.6712
944 400 -0.0102 -0.0166 123.2728
976 400 -0.0196  0.0383 82.7519
1008 400 -0.0532  0.0412 55.2994
1040 400 -0.0633  0.0370 215.3975
1072 400 -0.0482  0.0820 101.5446
1104 400 -0.0665  0.1007 102.3364
1136 400 -0.0696  0.0861 93.2877
1168 400 -0.1200  0.0869 137.6472
 16 432 -0.3156 -0.0215 28.6861
 48 432 -0.3004 -0.3287 122.8316
 80 432 -0.2596 -0.6330 73.7252
112 432 -0.2238 -0.3179 33.2696
144 432 -0.3817 -0.4697 182.1029
176 432 -0.1832 -0.5302 157.5477
208 432 -0.2029 -0.2519 171.9936
240 432 -0.1984 -0.2178 249.7154
272 432 -0.1091 -0.1853 216.3983
304 432 -0.0029 -0.0508 209.8451
336 432 -0.0215 -0.0851 332.5308
368 432 -0.0302 -0.0801 157.3910
400 432 -0.0426 -0.0445 193.3662
432 432 -0.0807 -0.0093 155.1584
464 432 -0.0665  0.0356 179.6764
496 432 -0.0195  0.0132 218.9241
528 432 -0.0133  0.0185 120.8290
560 432 -0.0133  0.0341 115.4377
592 432 -0.0276  0.0189 74.7901
624 432  0.0091  0.0052 193.8034
656 432  0.0122  0.0065 88.3800
688 432  0.0582  0.0059 78.6509
720 432 -0.0281 -0.0195 46.6418
752 432  0.0364 -0.0503 116.9842
784 432  0.0257 -0.0481 222.9276
816 432  0.0184 -0.0414 118.1990
848 432  0.0174 -0.0511 294.4465
880 432  0.0293 -0.0340 81.4288
912 432  0.0473 -0.0355 93.0016
944 432  0.0169 -0.0156 96.0779
976 432 -0.0239  0.0689 103.4445
1008 432 -0.0417  0.0392 98.3348
1040 432 -0.0619  0.0584 101.2320
1072 432 -0.0085  0.1180 199.8089
1104 432 -0.0870  0.0572 70.5261
1136 432 -0.0877  0.0870 87.0987
1168 432 -0.0703  0.1292 191.0485
 16 464 -0.0487  0.0370 126.0324
 48 464 -0.0092  0.0591 72.8365
 80 464 -0.7298 -0.4356 119.3690
112 464 -0.6373 -1.1899 78.8825
144 464 -0.3819 -0.2881 62.4132
176 464 -0.3558 -0.4039 47.6912
208 464 -0.2647 -0.3287 58.9151
240 464 -0.3008 -0.4135 271.7254
272 464 -0.2406 -0.2100 36.3074
304 464 -0.0910 -0.1552 255.8916
336 464 -0.1114 -0.1539 199.1927
368 464 -0.0952 -0.0536 306.3824
400 464 -0.0683 -0.0659 35.8049
432 464 -0.0319 -0.0449 65.0062
464 464 -0.0416  0.0443 131.0031
496 464 -0.0394  0.0460 196.5765
528 464 -0.0200  0.0308 140.8486
560 464 -0.0275  0.0239 171.0524
592 464 -0.0067  0.0129 157.9436
624 464  0.0057 -0.0135 247.3271
656 464 -0.0004 -0.0167 164.2922
688 464  0.0350 -0.0479 114.1462
720 464 -0.0137 -0.0832 92.5515
752 464  0.0692 -0.0633 70.9379
784 464  0.0490 -0.0547 109.3986
816 464  0.0224 -0.0539 68.1240
848 464  0.0115 -0.0781 37.5780
880 464  0.0091 -0.0299 137.4033
912 464 -0.0140 -0.0145 222.7141
944 464  0.0065 -0.0395 41.9251
976 464 -0.0510  0.0379 104.3663
1008 464  0.0020 -0.0031 46.1206
1040 464 -0.0455  0.0824 148.5129
1072 464 -0.0664  0.0501 57.3593
1104 464 -0.1104  0.0567 163.3750
1136 464 -0.0287  0.0340 15.6796
1168 464 -0.1285  0.0422 196.8899
 16 496 -0.1403  0.0442 40.7700
 48 496 -0.2146 -0.3451 63.7025
 80 496 -0.6378 -0.4274 139.0851
112 496 -0.4978 -0.7255 95.8601
144 496 -0.1610 -0.3491 150.3447
176 496  0.0429 -0.0766 106.6821
208 496 -0.2549 -0.5818 40.8878
240 496 -0.1965 -0.1541 154.7775
272 496 -0.1747 -0.2187 87.1104
304 496 -0.1455 -0.2682 104.8735
336 496 -0.1839 -0.1218 179.1203
368 496 -0.0670 -0.0928 50.3862
400 496 -0.0462 -0.0534 85.2082
432 496 -0.0825 -0.0238 128.7612
464 496 -0.0956 -0.0477 257.2185
496 496 -0.0408 -0.0043 277.4007
528 496 -0.0484 -0.0007 79.6218
560 496 -0.0129 -0.0011 94.7353
592 496  0.0094  0.0021 15.7267
624 496  0.0233 -0.0154 96.8715
656 496  0.0172 -0.0164 162.2332
688 496  0.0275 -0.0407 103.2708
720 496  0.0335 -0.1247 95.6696
752 496  0.0625 -0.0908 102.2438
784 496  0.0472 -0.0874 40.5510
816 496  0.0829 -0.0981 61.5090
848 496  0.0412 -0.0955 52.4555
880 496 -0.0048 -0.0511 168.5159
912 496 -0.0109 -0.0516 103.4939
944 496 -0.0067 -0.0135 265.3540
976 496  0.0183 -0.0362 238.7545
1008 496 -0.0715  0.0631 360.1469
1040 496 -0.1009  0.0356 45.4105
1072 496 -0.0144  0.1227 90.8406
1104 496 -0.1412  0.1262 114.8138
1136 496 -0.1199  0.1400 90.4158
1168 496 -0.0940  0.0749 94.9220
 16 528 -0.1567 -0.3910 19.3396
 48 528 -0.1256 -0.2041 174.1430
 80 528 -0.2287 -0.3061 87.6396
112 528 -0.3113 -0.5289 218.7278
144 528 -0.3326 -0.1524 15.0054
176 528 -0.3730 -1.0572 307.6151
208 528 -0.2316 -0.6966 83.3870
240 528 -0.5171 -0.6733 105.2692
272 528 -0.1076 -0.2877 100.7579
304 528  0.0422 -0.0695 195.5325
336 528 -0.2047 -0.2100 216.9637
368 528 -0.0975 -0.0963 32.7896
400 528 -0.1669 -0.0682 162.0446
432 528 -0.1173 -0.0089 155.7330
464 528 -0.1308 -0.0083 199.8840
496 528 -0.0684  0.0210 55.8723
528 528 -0.0669 -0.0251 263.7476
560 528 -0.0252 -0.0323 156.2725
592 528  0.0087 -0.0413 65.7484
624 528 -0.0581 -0.0625 89.3416
656 528  0.0917 -0.0368 104.4546
688 528  0.0365 -0.1090 115.1093
720 528  0.0941 -0.1903 95.9801
752 528  0.0840 -0.1650 201.2354
784 528  0.0839 -0.2436 151.1459
816 528  0.0348 -0.1415 95.0065
848 528  0.0048 -0.1287 81.6007
880 528  0.0219 -0.1294 125.2531
912 528 -0.0482 -0.0411 180.2957
944 528  0.0099 -0.0110 126.1261
976 528 -0.0385  0.0523 146.1849
1008 528 -0.0498  0.0463 51.3013
1040 528 -0.1016  0.0876 82.6200
1072 528 -0.0695  0.0793 56.7715
1104 528 -0.0713  0.0634 49.2409
1136 528 -0.1314  0.0962 113.6634
1168 528 -0.1586  0.0373 171.7051
 16 560 -0.1013 -0.1992 28.8330
 48 560 -0.7434 -0.5818 132.6645
 80 560 -0.3749 -0.3071 133.5250
112 560 -0.8594 -0.8042 17.1668
144 560 -0.8596 -0.7660 123.7272
176 560 -0.5868 -0.9184 233.9561
208 560 -0.5235 -0.5293 64.4726
240 560 -0.3520 -0.6413 84.5093
272 560 -0.3240 -0.2304 46.9884
304 560 -0.3080 -0.4238 256.7602
336 560 -0.2361 -0.2505 81.5674
368 560 -0.3438 -0.1841 110.1439
400 560 -0.1746 -0.0403 34.9930
432 560 -0.0913 -0.0257 19.9998
464 560 -0.1316 -0.0476 154.0079
496 560 -0.0900 -0.0262 124.4911
528 560 -0.1645 -0.0547 99.8565
560 560 -0.0465 -0.1108 138.1619
592 560  0.0168 -0.0859 79.8506
624 560  0.0273 -0.0177 114.1054
656 560  0.0340 -0.0455 82.8504
688 560  0.1055 -0.1379 75.1958
720 560  0.0863 -0.3095 173.4980
752 560  0.0373 -0.2064 88.4297
784 560  0.0488 -0.2064 78.6284
816 560  0.0462 -0.2257 99.3732
848 560  0.0462 -0.1993 97.1032
880 560  0.0216 -0.1277 84.5714
912 560 -0.0018 -0.1015 117.5886
944 560 -0.0637  0.0171 130.5967
976 560 -0.0369  0.0052 169.6600
1008 560 -0.0690  0.0471 138.2644
1040 560 -0.1148  0.0708 30.0204
1072 560 -0.1437  0.0496 190.1228
1104 560 -0.0690  0.0958 129.3411
1136 560 -0.0452  0.1421 160.2295
1168 560 -0.1442  0.0173 128.3148
 16 592 -0.3769 -0.1604 29.2196
 48 592 -0.0799 -0.0448 15.0654
 80 592 -0.3961 -0.4246 137.4732
112 592 -0.7963 -0.7035 158.2000
144 592 -0.8435 -1.1437 109.4738
176 592 -0.7861 -0.8631 149.6706
208 592 -0.8463 -0.8448 131.2147
240 592 -0.7310 -0.4895 140.6483
272 592 -0.4484 -0.6183 205.4106
304 592 -0.4214 -0.4726 139.4267
336 592 -0.4523 -0.2795 100.5264
368 592 -0.3258 -0.1403 115.2567
400 592 -0.3041 -0.0793 129.8448
432 592 -0.3025  0.0066 142.5784
464 592 -0.2694 -0.0251 104.9733
496 592 -0.1602 -0.0431 59.4916
528 592 -0.1829 -0.0153 160.9534
560 592 -0.0578 -0.0703 160.1651
592 592  0.0733 -0.1848 108.6334
624 592  0.0266 -0.1523 139.6207
656 592  0.0858 -0.2354 190.1528
688 592  0.1113 -0.0807 154.3104
720 592  0.0677 -0.2024 113.8535
752 592  0.0991 -0.2151 207.6633
784 592  0.0231 -0.4095 105.9107
816 592  0.0434 -0.4293 93.5317
848 592  0.0132 -0.2634 79.2876
880 592  0.0477 -0.1529 35.5482
912 592 -0.0212 -0.0372 84.1952
944 592 -0.0794  0.0081 114.3278
976 592 -0.1682  0.0552 101.5213
1008 592 -0.1411  0.0546 113.2326
1040 592 -0.1874  0.1540 169.3489
1072 592 -0.2489  0.2098 85.9348
1104 592 -0.0970  0.1278 158.4019
1136 592 -0.2791  0.1176 106.6031
1168 592 -0.1399  0.1614 94.9956
 16 624 -0.0678 -0.0942 25.6836
 48 624 -0.2089 -0.2956 153.2947
 80 624 -0.5756 -0.3666 22.3653
112 624 -0.7458 -0.7443 53.2485
144 624 -0.9132 -1.3093 28.4087
176 624 -0.8727 -0.9659 115.8687
208 624 -1.1200 -0.6056 50.9862
240 624 -1.1220 -0.8148 64.7247
272 624 -0.8379 -0.6590 283.7592
304 624 -0.8574 -0.5174 87.3452
336 624 -0.5152 -0.3005 47.5680
368 624 -0.3982 -0.0294 24.1844
400 624 -0.6102 -0.1029 126.9370
432 624 -0.3612 -0.0357 116.6524
464 624 -0.6435 -0.0181 186.6630
496 624 -0.4060 -0.1074 177.2283
528 624 -0.2849 -0.2009 53.9716
560 624 -0.0917 -0.3462 129.7330
592 624 -0.0013 -0.2225 125.2319
624 624  0.0075 -0.3490 129.6369
656 624  0.2182 -0.3910 111.4463
688 624  0.1241 -0.0947 226.6938
720 624  0.1515 -0.1248 138.4740
752 624 -0.0674 -0.3244 154.3675
784 624  0.0206 -0.2307 50.2915
816 624 -0.0283 -0.4186 47.3670
848 624 -0.0581 -0.3835 161.0516
880 624 -0.0552 -0.2293 130.9819
912 624 -0.1119 -0.1560 112.8386
944 624 -0.1034 -0.0510 119.0227
976 624 -0.1404 -0.0035 63.9350
1008 624 -0.1348  0.0579 133.0462
1040 624 -0.0903  0.1625 81.2231
1072 624 -0.1175  0.1649 177.3673
1104 624 -0.2630  0.1104 137.0983
1136 624 -0.1637  0.1320 61.2129
1168 624 -0.1931  0.0852 98.1706
 16 656 -0.0921 -0.1133 63.9888
 48 656 -0.1102 -0.3299 71.3749
 80 656 -0.2839 -0.3203 67.0921
112 656 -0.7262 -0.6746 119.3430
144 656 -0.8582 -1.2184 138.8734
176 656 -0.2860 -0.1002 25.3033
208 656 -1.1267 -0.8711 77.8244
240 656 -1.0577 -0.8088 22.8982
272 656 -0.9362 -0.8654 132.7241
304 656 -0.6597 -0.4759 177.3272
336 656 -0.7017 -0.4397 109.6681
368 656 -0.6318 -0.1470 70.7332
400 656 -0.7221  0.0148 82.7353
432 656 -0.4067  0.0783 64.0841
464 656 -0.6835  0.0035 50.7371
496 656 -0.5876 -0.1642 177.3829
528 656 -0.1175 -0.3341 238.1015
560 656 -0.0582 -0.4904 96.7180
592 656 -0.0429 -0.5385 73.9711
624 656 -0.0006 -0.3934 87.4630
656 656  0.0860 -0.4461 155.1058
688 656  0.0785 -0.3161 47.8829
720 656  0.1243 -0.3180 97.4545
752 656 -0.0580 -0.3847 77.3363
784 656  0.0872 -0.3313 60.8670
816 656 -0.0208 -0.3462 25.6204
848 656 -0.1092 -0.3507 126.6649
880 656 -0.0736 -0.3708 83.0185
912 656 -0.0983 -0.3851 85.1108
944 656 -0.1150 -0.1763 74.3216
976 656 -0.1570 -0.0528 27.0906
1008 656 -0.1799  0.0669 109.8120
1040 656 -0.0713  0.0504 84.6752
1072 656 -0.1583  0.0925 95.5824
1104 656 -0.2477  0.0797 78.3310
1136 656 -0.1062  0.1032 106.0082
1168 656 -0.2006  0.0601 47.0851
 16 688 -0.2177 -0.0805 29.3692
 48 688 -0.1127 -0.1874 352.9693
 80 688 -0.1562 -0.1731 255.4779
112 688 -0.1190 -0.0862 23.0766
144 688 -1.0640 -0.4093 118.1560
176 688 -0.8240 -0.8181 139.6052
208 688 -0.8291 -0.7498 97.6198
240 688 -1.1373 -0.7877 63.9777
272 688 -1.4880 -1.0824 69.1974
304 688 -0.3363 -0.2482 34.3780
336 688 -0.4982 -0.3166 158.7428
368 688 -0.4559 -0.1697 137.4141
400 688 -0.3390  0.0143 164.9994
432 688 -0.2663  0.0329 49.2319
464 688 -0.0933 -0.0352 253.8104
496 688 -0.1922 -0.1399 249.9785
528 688  0.0002 -0.7255 87.5521
560 688 -0.1592 -0.8126 202.0380
592 688 -0.0740 -0.6326 69.6383
624 688 -0.0074 -0.3173 61.1217
656 688  0.0016 -0.3358 25.3841
688 688 -0.0780 -0.2408 102.6545
720 688 -0.2535 -0.2756 27.7132
752 688 -0.3045 -0.3856 110.3038
784 688 -0.1066 -0.8300 62.2483
816 688 -0.0296 -0.2839 92.9701
848 688 -0.0472  0.0028 60.5962
880 688 -0.1511 -0.4555 169.4370
912 688 -0.0967 -0.4231 147.8380
944 688 -0.1117 -0.2093 90.3750
976 688 -0.1316 -0.0925 61.9942
1008 688 -0.2132 -0.0097 68.1684
1040 688 -0.1787  0.0254 124.0398
1072 688 -0.2154  0.0969 187.2178
1104 688 -0.1122  0.0989 93.7515
1136 688 -0.3456  0.1521 100.4252
1168 688 -0.1611  0.1806 142.9566
 16 720 -0.1251 -0.0287 23.9772
 48 720 -0.2625 -0.0888 146.3045
 80 720 -0.2461 -0.2037 194.6867
112 720 -0.2848 -0.1951 191.6828
144 720 -0.3220 -0.3424 159.1896
176 720 -0.8409 -0.7981 136.7421
208 720 -1.3349 -0.8885 212.1668
240 720 -1.0235 -0.7980 78.7671
272 720 -0.4121 -0.0539 17.8892
304 720 -0.9915 -0.9383 92.3191
336 720 -0.4971 -0.3062 55.2561
368 720 -0.2173 -0.0338 147.9620
400 720  0.0621  0.0320 185.5205
432 720  0.2419  0.1282 246.4013
464 720  0.2059 -0.0995 44.5106
496 720  0.7789 -0.5123 57.2306
528 720  0.5076 -0.9723 188.3689
560 720  0.1269  0.0108 17.1098
592 720  0.0671 -0.0271 23.6075
624 720 -0.0836 -0.3714 134.3232
656 720 -0.1817 -0.3839 97.2838
688 720 -0.1120 -0.0663 39.6393
720 720 -0.0915  0.0603 12.6946
752 720 -0.0547 -0.0028 26.2265
784 720 -0.0635 -0.3229 41.9455
816 720 -0.0303  0.0193 19.5650
848 720 -0.0203  0.0177  5.6793
880 720  0.0005 -0.0711 61.5206
912 720 -0.0595 -0.4924 51.2164
944 720 -0.1062 -0.1867 64.8249
976 720 -0.2001 -0.0760 174.4187
1008 720 -0.3304 -0.0898 201.4338
1040 720 -0.1903 -0.0006 35.8501
1072 720 -0.2176  0.0621 43.0704
1104 720 -0.2366  0.0675 65.9155
1136 720 -0.1590  0.1043 131.0515
1168 720 -0.2059  0.0537 69.0542
 16 752 -0.0069 -0.0817 49.8304
 48 752 -0.0209 -0.0236 237.1098
 80 752 -0.0882 -0.1025 138.5333
112 752 -0.0414 -0.1172 129.7358
144 752 -0.0699 -0.3578 104.1812
176 752 -0.3036 -0.2734 29.9399
208 752 -0.4549 -0.5386 88.1410
240 752 -0.7667 -1.0060 154.1063
272 752 -0.4755 -0.2558 30.5201
304 752 -0.3025 -0.3468 146.2899
336 752 -0.0290 -0.0703 31.2450
368 752  0.0951 -0.0621 50.4799
400 752  0.2001  0.1382 133.7407
432 752  0.8093  0.1540 147.7640
464 752  0.9849 -0.1553 150.1001
496 752  1.2629 -0.9197 104.5492
528 752  0.5387 -0.9349 20.4225
560 752  0.3928  0.1098  9.0884
592 752  0.1864  0.1978 10.6683
624 752 -0.0786  0.0110  9.3681
656 752 -0.0278  0.0032 20.7166
688 752 -0.0145  0.0663  6.5218
720 752  0.0004 -0.0058  4.8273
752 752 -0.0248 -0.0344  8.2098
784 752 -0.0218 -0.0087 19.6260
816 752 -0.0034  0.0002  5.3759
880 752 -0.0083 -0.0094 20.1361
912 752 -0.0421 -0.4281 42.0745
944 752 -0.1734 -0.2626 131.3507
976 752 -0.1654 -0.1605 159.0373
1008 752 -0.2956 -0.1023 127.6187
1040 752 -0.2430 -0.1222 80.0755
1072 752 -0.2937 -0.0061 110.9744
1104 752 -0.1341  0.0163 89.3410
1136 752 -0.1846 -0.0953 257.6485
1168 752 -0.1928  0.0443 110.9447
 16 784  0.0060  0.0079 70.4075
 48 784  0.0116 -0.0217 62.0011
 80 784 -0.0081 -0.1253 319.0451
112 784 -0.1132 -0.2222 175.7064
144 784 -0.1015 -0.2655 84.5333
176 784 -0.1626 -0.2807 103.4389
208 784 -0.0606 -0.3258 219.4844
240 784 -0.1287 -0.7044 210.6440
272 784 -0.1094 -0.2754 89.8798
304 784 -0.0555 -0.7035 97.2644
336 784  0.0340 -0.2147 207.1274
368 784  0.2950 -0.0560 130.8693
400 784  1.1029  0.0815 189.8273
432 784  1.1312  0.0680 223.5094
464 784  1.5727 -0.0993 115.6016
496 784  1.2208 -0.6489 26.4130
528 784  0.0464 -0.0514 16.5747
560 784  0.1331  0.0848  9.0261
592 784  0.1148  0.1194 21.0217
624 784 -0.0487  0.0387 20.1703
656 784 -0.0156 -0.0168  8.0757
688 784 -0.0445  0.0352 10.9154
720 784 -0.0363  0.0175  4.3230
752 784 -0.0261  0.0695  4.6472
784 784 -0.0245 -0.0790  5.1381
816 784 -0.0021  0.0188  4.5037
848 784 -0.0012  0.0161  4.3007
880 784 -0.0162 -0.0191 16.9512
912 784 -0.0221 -0.0548 21.3866
944 784 -0.0056 -0.0401 18.0671
976 784 -0.2409 -0.0910 47.2202
1008 784 -0.2434 -0.1155 90.3178
1040 784 -0.2217 -0.0776 178.2167
1072 784 -0.1038 -0.0530 30.0244
1104 784 -0.3979 -0.0927 105.1021
1136 784 -0.1848 -0.0167 163.1859
1168 784 -0.1623  0.0570 91.9060
 16 816  0.0014 -0.0157 85.8465
 48 816 -0.0128  0.0091 18.1974
 80 816  0.0874 -0.0527 174.9603
112 816  0.0552 -0.1027 69.8651
144 816  0.0222 -0.1206 225.1569
176 816  0.0571 -0.1590 298.0231
208 816  0.0355 -0.7604 80.4044
240 816 -0.0708 -0.2955 174.0366
272 816  0.0178 -0.6050 46.5480
304 816  0.0275 -0.0674 13.3798
336 816  0.3415 -0.2524 23.7156
368 816  0.6625 -0.0782 143.5875
400 816  1.1563  0.0393 132.9031
432 816  1.3826  0.0472 122.4675
464 816  1.4892 -0.0937 37.8946
496 816  0.1427 -0.0629 12.8525
528 816  0.0002 -0.0052  6.9878
560 816  0.0949  0.0536  7.2660
592 816  0.0654 -0.0248 16.0120
624 816  0.0163 -0.0066 10.2812
656 816 -0.0119  0.0357 12.0887
688 816 -0.0466  0.1031  9.0868
720 816 -0.0515  0.0976  9.3168
752 816  0.1166  0.0207  6.6135
784 816 -0.2481  0.0952  5.7558
816 816  0.0594  0.0310  6.2413
848 816 -0.0561  0.0291  4.4132
880 816 -0.0236 -0.0355  8.4398
912 816 -0.0072 -0.0086  4.0919
944 816  0.0162 -0.0141  5.3654
976 816 -0.0194 -0.0371 37.5714
1008 816 -0.1789 -0.1020 85.0087
1040 816 -0.0938 -0.0228 100.3205
1072 816 -0.1847 -0.2316 43.1065
1104 816 -0.2315 -0.0639 55.8003
1136 816 -0.1990 -0.0313 100.5172
1168 816 -0.1685  0.0439 55.5900
 16 848  0.0601 -0.0095 17.8555
 48 848  0.0367 -0.0009 122.0938
 80 848  0.0285 -0.0566 13.5759
112 848  0.0586 -0.0694 236.4478
144 848  0.1681 -0.3235 199.2282
176 848  0.0687 -0.2279 302.4701
208 848  0.1847 -0.2161 125.3215
240 848  0.1176 -0.4008 120.0723
272 848  0.0672 -0.4212 41.9621
304 848  1.0820 -0.6327 152.4330
336 848  0.6718 -0.1798 66.1457
368 848  0.9533 -0.2483 157.6743
400 848  1.3725  0.0412 60.7933
432 848  1.5887  0.0434 62.0814
464 848  0.9399 -0.0640 18.4334
496 848 -0.0047 -0.0286 18.2016
528 848  0.0864  0.0482  5.4038
560 848  0.0379  0.0307 29.9683
592 848  0.0079  0.0455 16.9298
624 848  0.0247  0.0245 34.1742
656 848  0.0057  0.0040 25.1692
688 848  0.0083  0.0082  9.2237
720 848 -0.1158  0.0831  6.5411
752 848  0.0940 -0.0501  4.9299
784 848  0.0052 -0.0061  8.0942
816 848  0.0046  0.0768  9.9477
848 848 -0.0631  0.0468  5.2089
880 848 -0.0676  0.0025  5.2600
944 848 -0.0002  0.0083  5.5070
976 848 -0.0124  0.0389 44.6711
1008 848 -0.0809 -0.1922 128.4410
1040 848 -0.0500 -0.1522 154.9937
1072 848 -0.1356 -0.2377 70.2534
1104 848 -0.1605 -0.0672 128.2595
1136 848 -0.2247 -0.0300 185.9786
1168 848 -0.2257 -0.1178 125.2126
 16 880  0.0227 -0.0094 50.0326
 48 880  0.0456 -0.0344 21.5393
 80 880  0.1308 -0.0318 222.1020
112 880  0.1149 -0.1288 280.9908
144 880  0.2015 -0.0838 267.1774
176 880  0.1841 -0.1903 197.5531
208 880  0.2046 -0.5128 167.7429
240 880  0.2375 -0.3183 92.2232
272 880  0.0373 -0.4285 34.5401
304 880  0.5603 -0.7640 64.4523
336 880  0.8095 -0.3348 68.8013
368 880  0.7847 -0.2075 111.6623
400 880  0.3850 -0.2797 175.9847
432 880  0.2312  0.0060 17.1860
464 880  0.7222  0.0670 29.9611
496 880 -0.0229 -0.0311  5.8078
528 880  0.0489  0.0083  8.2131
560 880  0.0108 -0.0221 40.2817
592 880  0.0019  0.0331 25.5847
624 880  0.0315  0.0012 22.3932
656 880  0.0257  0.0763 55.3093
688 880 -0.0043  0.0244 13.2423
720 880 -0.0275 -0.0249 14.0300
752 880  0.1135  0.0426  4.4625
784 880  0.0099  0.0665  7.4162
816 880 -0.1236 -0.0577  6.1199
848 880 -0.0471 -0.1721  4.6100
880 880  0.0553  0.0620  5.5074
912 880 -0.0077  0.0233  9.3115
944 880 -0.0111  0.0035 44.1108
976 880 -0.0130 -0.0209 47.4565
1008 880 -0.0217 -0.0938 74.7715
1040 880 -0.0806 -0.1174 86.2678
1072 880 -0.0182 -0.0636 103.5186
1104 880 -0.1156 -0.1870 132.0448
1136 880 -0.1982 -0.0241 102.3631
1168 880 -0.2073 -0.0301 93.5878
 16 912  0.0569 -0.0467 204.1110
 48 912  0.0389  0.0106 13.3508
 80 912  0.4395 -0.0719 132.4603
112 912  0.0866 -0.0269 80.5341
144 912  0.1558 -0.0753 189.6930
176 912  0.1989 -0.3643 214.9789
208 912  0.0590 -0.0984 22.9611
240 912  0.1609 -0.1099 206.4508
272 912  0.3116 -0.3964 146.3134
304 912  0.3595 -0.3834 70.5117
336 912  0.5903 -0.7408 34.9933
368 912  0.9208 -0.2575 46.7061
400 912  1.0426  0.0307 37.6664
432 912  0.0419  0.0291 17.0907
464 912 -0.0273 -0.0317  9.2480
496 912  0.0081  0.0081  4.0554
528 912  0.0250 -0.0191  4.7795
560 912 -0.0629 -0.3634  6.1848
592 912  0.0357 -0.3134  6.0839
624 912  0.0961 -0.1267  7.2621
656 912  0.1628 -0.1678 11.3292
688 912  0.0044 -0.0075 32.9743
720 912 -0.0364 -0.0196  9.8653
752 912  0.1269  0.0219  5.2126
784 912 -0.0260  0.0001  9.8888
816 912 -0.1188 -0.0588  5.1737
880 912  0.1067 -0.0350  7.6450
912 912 -0.0055  0.0186  8.8206
944 912 -0.0354 -0.0236  7.5026
976 912 -0.0356 -0.0334 10.9793
1008 912 -0.0385 -0.0240 49.5085
1040 912 -0.0632 -0.0616 130.6493
1072 912 -0.0936 -0.1097 70.2921
1104 912 -0.0612 -0.1323 50.7253
1136 912 -0.1681 -0.0205 112.7485
1168 912 -0.1192 -0.0422 48.9476
 16 944  0.0493 -0.0184 37.7584
 48 944  0.0398 -0.0162 101.8769
 80 944  0.1057 -0.0478 296.6927
112 944  0.2449 -0.0655 65.4681
144 944  0.0991 -0.0288 170.0240
176 944  0.1919 -0.2017 310.3478
208 944  0.3038 -0.3018 228.2642
240 944  0.2179 -0.2035 124.0576
272 944  0.0747 -0.1245 13.0708
304 944  0.6851 -1.0773 95.7150
336 944  0.5324 -0.2160 28.8382
368 944  0.3709 -0.1582 113.4579
400 944 -0.0135  0.0143 14.1847
432 944 -0.0277 -0.0254 14.2227
464 944 -0.0178  0.0274  5.6077
496 944 -0.0013  0.0038  8.3379
528 944 -0.0939  0.0173  4.3537
656 944  0.1418 -0.1169  4.1967
688 944  0.1426 -0.1344  8.5316
720 944 -0.0118 -0.0112  6.4986
752 944  0.0458 -0.0008  5.0984
784 944  0.0854 -0.1143  5.5868
816 944 -0.0365 -0.0404  5.3957
848 944  0.0093  0.0600  8.5322
880 944  0.0403  0.0369  8.7166
912 944  0.0317  0.0053  9.4630
944 944 -0.0564  0.0144 12.1475
976 944 -0.0267  0.0767  6.1407
1008 944 -0.0090 -0.0277  5.8357
1040 944  0.0539 -0.0759 64.7389
1072 944 -0.0296 -0.0154 137.2624
1104 944 -0.0642 -0.0685 172.4142
1136 944 -0.1183 -0.1009 58.5322
1168 944 -0.0984 -0.0732 198.6223
 16 976  0.1232 -0.0123 42.6940
 48 976  0.0297 -0.0015 13.2355
 80 976  0.2120 -0.0472 115.5289
112 976  0.0238 -0.0276 14.8697
144 976  0.0842 -0.1295 272.5681
176 976  0.0792 -0.0904 138.9227
208 976  0.0964 -0.0998 236.2104
240 976  0.1809 -0.3222 76.3251
272 976  0.0739 -0.1557 221.3428
304 976  0.0474 -0.3228 115.0368
336 976  0.0265 -0.1885 98.6410
368 976  0.0088 -0.0161 24.1786
400 976 -0.0300 -0.0304 12.0278
432 976 -0.0005 -0.0304  8.0090
464 976 -0.0206 -0.0197 22.0216
496 976 -0.0447 -0.1847 15.5433
528 976 -0.4822  0.0823  4.8778
720 976 -0.0016 -0.0446  4.4633
784 976  0.0198  0.0257  4.3355
816 976  0.0196  0.0118 14.1945
848 976  0.0006 -0.0146 18.4616
880 976  0.0902 -0.0228  8.4961
912 976 -0.0042  0.0167 10.6765
944 976  0.0019  0.0040  7.6635
976 976  0.0201 -0.0222 11.7035
1008 976 -0.0020 -0.0003 10.3808
1040 976  0.0479 -0.0838 18.9642
1072 976 -0.0433 -0.0175 181.5098
1104 976 -0.0347 -0.0633 170.8269
1136 976 -0.1160 -0.0773 54.8573
1168 976 -0.0967 -0.0934 131.5608
 16 1008  0.0709 -0.0266 95.4989
 48 1008  0.0813 -0.0562 63.9948
 80 1008  0.2564 -0.0391 29.5998
112 1008  0.0600 -0.0690 233.1833
144 1008  0.2905 -0.2382 137.1063
176 1008  0.1708 -0.1639 153.4499
208 1008  0.1471 -0.0860 83.0005
240 1008  0.1198 -0.2472 39.6170
272 1008  0.0253 -0.3045 84.1219
304 1008  0.0330 -0.5930 49.5903
336 1008 -0.0118 -0.1044 21.9810
368 1008 -0.0043 -0.0176 10.8456
400 1008 -0.0173  0.0007  9.5605
432 1008  0.0066  0.0029 17.9857
464 1008 -0.0261 -0.0318 124.1892
496 1008 -0.0291  0.0034 24.0798
528 1008 -0.0812  0.0668 11.8714
560 1008 -0.0784  0.1416  5.3241
752 1008  0.0081  0.0081  4.0797
784 1008 -0.0142  0.0067  6.3495
816 1008 -0.0051 -0.0183 25.3119
848 1008  0.0216  0.0026 20.6967
880 1008  0.0080  0.0168 13.8158
912 1008  0.0084 -0.0233 10.8299
944 1008  0.0156 -0.0097 15.0798
976 1008 -0.0162  0.0145  8.2172
1008 1008 -0.0056 -0.0017 12.2906
1040 1008 -0.0204 -0.0040 34.5659
1072 1008 -0.0597 -0.0024 94.3327
1104 1008 -0.0485 -0.0460 161.4735
1136 1008 -0.0992 -0.1471 113.4109
1168 1008 -0.0745 -0.1091 97.3492
 16 1040  0.0564 -0.0161 27.5108
 48 1040  0.1081 -0.0610 168.4458
 80 1040  0.1374 -0.0745 90.1424
112 1040  0.0600 -0.0406 187.5807
144 1040  0.1888 -0.1493 55.2339
176 1040  0.0448 -0.0142 206.2563
208 1040  0.0779 -0.2113 109.8290
240 1040  0.0959 -0.2352 67.1550
272 1040  0.0803 -0.2146 35.9681
304 1040 -0.0096 -0.2437 159.8347
336 1040 -0.0101 -0.0848 44.9767
368 1040  0.0013 -0.0157 12.4256
400 1040  0.0218  0.0203 42.8476
432 1040  0.0072 -0.0206 18.1377
464 1040 -0.0314 -0.0143 134.2457
496 1040 -0.0465  0.0925 19.4603
528 1040 -0.1631  0.1312  8.2627
560 1040 -0.0422 -0.0280 11.9200
592 1040 -0.0966  0.0094  5.5334
752 1040  0.0232 -0.0041  5.6174
784 1040 -0.0066  0.0056 15.5863
816 1040  0.0028  0.0040 24.0032
848 1040 -0.0197 -0.0274 15.8873
880 1040 -0.0907  0.0052 12.7626
912 1040 -0.0728  0.0065 17.2535
944 1040  0.0059 -0.0034 21.4546
976 1040 -0.0273  0.0060 49.3111
1008 1040  0.0496 -0.0020 14.5996
1040 1040 -0.0354 -0.0306 52.9907
1072 1040 -0.0529  0.0001 105.4566
1104 1040 -0.0454 -0.0450 69.0160
1136 1040 -0.0334 -0.0646 164.6817
1168 1040 -0.0802 -0.0506 87.8785
 16 1072  0.0839 -0.0227 52.7681
 48 1072  0.0501 -0.0431 24.0625
 80 1072  0.0364 -0.0043 161.9318
112 1072  0.0442 -0.0466 27.0646
144 1072  0.2001 -0.0893 63.8942
176 1072  0.0611 -0.2928 188.7718
208 1072  0.0362 -0.0735 35.8654
240 1072  0.0721 -0.2518 55.2157
272 1072 -0.0238 -0.1534 22.6467
304 1072  0.0129 -0.2570 148.4091
336 1072 -0.0407 -0.0934 182.1403
368 1072 -0.0406 -0.0627 57.1499
400 1072 -0.0078 -0.0267 103.6993
432 1072 -0.0018 -0.0594 248.7651
464 1072 -0.0002 -0.0637 28.8905
496 1072 -0.0088  0.0078 32.4297
528 1072 -0.0416  0.0739 13.3649
560 1072 -0.0427  0.0720  9.7761
592 1072  0.0049  0.0477 10.4053
624 1072 -0.0384  0.0192  5.5733
656 1072  0.0231  0.2039  5.4318
688 1072  0.2401  0.2733  5.6869
752 1072  0.0067 -0.0067  4.2365
784 1072  0.0142 -0.0363  7.1662
816 1072  0.0005 -0.0271 11.9308
848 1072 -0.0163 -0.0191 39.5363
880 1072  0.0187  0.0205 19.5865
912 1072 -0.0418 -0.0072 16.2523
944 1072  0.0547  0.0217 55.6984
976 1072 -0.0114  0.0097 38.5499
1008 1072 -0.0407 -0.0007 34.2834
1040 1072 -0.0063  0.0048 151.0039
1072 1072 -0.0263  0.0128 17.0165
1104 1072 -0.0229  0.0104 207.7853
1136 1072 -0.0218 -0.0163 25.1354
1168 1072 -0.0389 -0.0677 57.2183
 16 1104  0.2456  0.0097 32.4166
 48 1104 -0.0015 -0.0054 43.6259
 80 1104  0.0442 -0.0331 199.2937
112 1104  0.1211 -0.0992 37.3786
144 1104  0.0449 -0.0422 128.5811
176 1104  0.0968 -0.0810 262.3293
208 1104  0.0324 -0.1609 63.8051
240 1104  0.0349 -0.1154 266.1823
272 1104  0.0215 -0.1643 77.3997
304 1104 -0.0040 -0.1847 135.5220
336 1104 -0.0135 -0.1213 262.4100
368 1104  0.0041 -0.0881 143.6458
400 1104  0.0058 -0.0911 98.0102
432 1104  0.0125 -0.0201 53.9913
464 1104  0.0085 -0.0242 32.6038
496 1104 -0.0095 -0.0086 14.5456
528 1104 -0.0077  0.0222 30.3664
560 1104 -0.0024  0.2171 12.1151
592 1104 -0.0004  0.0458 14.0596
624 1104  0.0154  0.0369 13.7323
656 1104  0.0874  0.0093 12.8768
688 1104 -0.0643  0.0561  9.2468
720 1104 -0.0276  0.1400  4.3404
848 1104 -0.0135 -0.0212  5.5056
880 1104  0.0134 -0.0497  8.1411
912 1104  0.0067 -0.0445 11.7588
944 1104 -0.0057 -0.0335 15.1010
976 1104 -0.0360 -0.0357  9.4395
1008 1104 -0.0112  0.0067 19.8419
1040 1104 -0.0118 -0.0126 27.5324
1072 1104  0.0025  0.0238 17.2580
1104 1104  0.0035  0.0139 21.8474
1136 1104 -0.0169 -0.0009 14.9148
1168 1104 -0.0317 -0.0155 35.1727
 16 1136  0.0057  0.0051 17.1246
 48 1136  0.0629  0.0089 20.6113
 80 1136  0.1160 -0.0750 197.1451
112 1136  0.0602 -0.1092 60.6530
144 1136  0.0590 -0.0719 61.0280
176 1136  0.0616 -0.1185 103.8796
208 1136  0.1013 -0.0681 85.5184
240 1136  0.0159 -0.0609 154.2479
272 1136  0.0087 -0.1006 118.4011
304 1136 -0.0096 -0.1057 82.6391
336 1136  0.1338 -0.1257 137.8414
368 1136  0.0171 -0.0742 159.1601
400 1136  0.0204 -0.0681 128.7062
432 1136  0.0223 -0.0915 34.0754
464 1136 -0.0314 -0.0247 37.3972
496 1136  0.0131 -0.1238 27.6682
528 1136  0.0098 -0.0206 14.0254
560 1136 -0.0493  0.0807 19.0658
592 1136 -0.1441  0.0303 11.2428
624 1136  0.0242 -0.0112 12.0084
656 1136  0.0948  0.0482 12.0881
688 1136  0.0112 -0.0093 15.1499
720 1136  0.0201  0.0226 12.2797
752 1136 -0.0789  0.0734  7.2823
784 1136  0.0309  0.0589  6.4083
816 1136  0.0096  0.0695  8.2751
848 1136 -0.1498  0.1361  6.2459
880 1136 -0.0445  0.1013  4.1794
976 1136  0.0163  0.0044  4.3014
1008 1136 -0.0422 -0.0559  5.0636
1040 1136  0.0118 -0.0102  4.7401
1072 1136 -0.0015 -0.0853  5.2292
1104 1136  0.0101 -0.0224  7.6004
1136 1136 -0.0130 -0.0080  9.2245
1168 1136 -0.0031  0.0039 17.7712
 16 1168  0.0324 -0.0165 39.0845
 48 1168  0.0201 -0.0082 15.4155
 80 1168  0.0612 -0.0382 98.3848
112 1168  0.2570 -0.0767 58.3884
144 1168  0.1420 -0.0676 86.5314
176 1168  0.0443 -0.0825 68.1666
208 1168  0.0465 -0.0746 193.5775
240 1168  0.0295 -0.1543 77.4135
272 1168  0.0271 -0.0670 100.9583
304 1168  0.0046 -0.0514 184.6378
336 1168 -0.0791 -0.1547 192.6071
368 1168  0.0037 -0.1415 130.2144
400 1168  0.0294 -0.2381 132.0225
432 1168  0.0224 -0.1116 41.8487
464 1168  0.0258 -0.0421 235.3970
496 1168 -0.0209  0.0017 15.9918
528 1168  0.0064 -0.0093 15.0581
560 1168 -0.0361 -0.0164 10.5405
592 1168 -0.0449  0.0037 14.9086
624 1168 -0.0179 -0.0246 10.7925
656 1168  0.0111  0.0145 11.5869
688 1168 -0.0039 -0.0095 19.7191
720 1168 -0.0110  0.0032 12.0958
752 1168 -0.0203 -0.0013 15.3908
784 1168 -0.0841 -0.0124 12.7753
816 1168  0.0066 -0.0226 12.9461
848 1168 -0.0093 -0.0138 14.2732
880 1168 -0.0403  0.0402 12.7444
912 1168 -0.0793  0.0679  8.6783
944 1168 -0.0585  0.1114  4.8982
1136 1168  0.0508 -0.0120  4.4849
1168 1168 -0.0057 -0.0188  4.5845
 16 1200  0.0107 -0.0179 35.6598
 48 1200  0.0588 -0.0214 15.2749
 80 1200  0.0050 -0.0302 19.2495
112 1200 -0.0100 -0.0040 27.3859
144 1200  0.0452 -0.0569 137.8043
176 1200  0.0509 -0.0951 213.8800
208 1200  0.0058 -0.0493 247.1239
240 1200  0.0422 -0.2559 190.4326
272 1200  0.0009 -0.0815 52.3303
304 1200  0.0088 -0.0525 68.2220
336 1200  0.0468 -0.0575 142.3936
368 1200  0.0346 -0.1638 124.7814
400 1200  0.0215 -0.1222 260.0241
432 1200  0.0018 -0.1105 23.2946
464 1200  0.0252 -0.0216 23.4807
496 1200 -0.0018  0.0048 18.9690
528 1200 -0.0024 -0.0145 15.1227
560 1200 -0.0193  0.0039 10.8471
592 1200  0.0024 -0.0195 13.8183
624 1200 -0.0665 -0.0287 47.3096
656 1200 -0.0093 -0.0711 39.8803
688 1200  0.0239  0.0320 11.7564
720 1200 -0.0087 -0.0167 16.8103
752 1200 -0.0250 -0.0133 16.5120
784 1200 -0.0911 -0.0386 11.0340
816 1200 -0.0302  0.0114 11.1092
848 1200  0.0310 -0.0179 10.9818
880 1200  0.0167  0.0052 12.4854
912 1200 -0.0065 -0.0122 13.3300
944 1200 -0.0596  0.0013 13.8706
976 1200 -0.0019  0.0403 12.8037
1008 1200 -0.0605  0.0887  9.6853
1040 1200 -0.0324  0.1360  6.2058
1072 1200 -0.0010  0.0800  5.3066
1104 1200  0.0416  0.0940  4.6234
1168 1200  0.0083  0.0880  4.1790
 16 1232  0.0408 -0.0304 15.0011
 48 1232 -0.0016  0.0008 58.8482
 80 1232  0.0510 -0.0627 172.3640
112 1232  0.0345 -0.0615 143.2917
144 1232  0.0781 -0.1037 68.3561
176 1232  0.0476 -0.0708 153.4587
208 1232  0.0166 -0.0491 60.8404
240 1232  0.0201 -0.0674 38.7423
272 1232 -0.0015 -0.0575 241.3016
304 1232 -0.0103 -0.0402 226.6014
336 1232  0.0577 -0.0914 163.6727
368 1232  0.0203 -0.0742 270.4547
400 1232  0.0255 -0.0676 110.3635
432 1232  0.0242 -0.0623 90.6820
464 1232  0.0115 -0.0154 24.9182
496 1232  0.0089 -0.0199 29.4000
528 1232 -0.0126 -0.0004 11.0908
560 1232 -0.0211 -0.0330 25.6733
592 1232  0.0083 -0.0060 17.7158
624 1232  0.0115 -0.0391 12.2907
656 1232  0.0239  0.0325 13.9112
688 1232 -0.0268  0.0441 10.0926
720 1232  0.0112 -0.0078 12.4554
752 1232 -0.0252 -0.0001 19.3185
784 1232  0.0647  0.0139 14.1300
816 1232 -0.0440 -0.0297 22.4558
848 1232  0.0357 -0.0070  9.7636
880 1232 -0.0260 -0.0442 14.8139
912 1232  0.0124  0.0274 13.0387
944 1232 -0.0031 -0.0273 13.1641
976 1232  0.0453  0.0226 12.1501
1008 1232 -0.0183  0.0111 13.5858
1040 1232  0.0033  0.0141 12.3743
1072 1232 -0.0256  0.0134 11.4456
1104 1232  0.0135  0.0103 12.7243
1136 1232  0.0203 -0.0129 11.3629
1168 1232 -0.0093  0.0033 12.6421
 16 1264  0.0150 -0.0461 18.8045
 48 1264 -0.0016 -0.0741 24.3236
 80 1264  0.0181 -0.0347 232.7872
112 1264  0.0338 -0.0677 109.2598
144 1264  0.0288 -0.0711 189.2055
176 1264  0.0048 -0.1345 184.4456
208 1264  0.0058 -0.0330 209.9005
240 1264  0.0273 -0.0767 93.6887
272 1264  0.0190 -0.1065 94.3196
304 1264  0.0286 -0.1792 148.6783
336 1264  0.0275 -0.0958 220.3358
368 1264 -0.0056 -0.0816 339.0510
400 1264  0.0356 -0.0849 119.3620
432 1264  0.0573 -0.1099 138.4337
464 1264  0.0058 -0.0884 73.3487
496 1264  0.0179  0.0000 14.4603
528 1264  0.0177  0.0058 11.6710
560 1264  0.0101 -0.0262 11.7371
592 1264  0.0016  0.0223 11.7239
624 1264 -0.0039 -0.0037 17.1066
656 1264 -0.0025  0.0114 13.2860
688 1264  0.0465 -0.0107 10.5204
720 1264  0.0083  0.0075 14.5980
752 1264 -0.0092 -0.0097 24.5284
784 1264  0.0342 -0.0008 10.9420
816 1264 -0.0448  0.0137 11.8415
848 1264 -0.0463 -0.0126  8.7592
880 1264 -0.0568  0.0082  8.4250
912 1264 -0.0074 -0.0329  9.6580
944 1264  0.0072  0.0480 11.5041
976 1264  0.0569  0.0335 10.3027
1008 1264 -0.0693 -0.0247 10.0697
1040 1264  0.0130 -0.0097 10.9696
1072 1264  0.0132  0.0179 10.5316
1104 1264  0.0295  0.0452  9.9169
1136 1264 -0.0358  0.0446  9.1557
1168 1264  0.0064  0.0280 12.8841
 16 1296  0.0352 -0.0143 28.0753
 48 1296 -0.0256  0.0081 43.9149
 80 1296  0.0073 -0.0194 137.1457
112 1296  0.0015 -0.0106 21.2238
144 1296  0.0498 -0.0560 12.1206
176 1296  0.0005 -0.0390 83.5758
208 1296  0.0204 -0.0494 220.1432
240 1296  0.0132 -0.0390 37.0486
272 1296  0.0243 -0.0312 17.5858
304 1296  0.0476 -0.1179 26.6799
336 1296  0.0229 -0.1087 71.2367
368 1296  0.0259 -0.0544 191.0605
400 1296  0.0092 -0.0605 153.7252
432 1296  0.0024 -0.0186 64.7045
464 1296 -0.0121 -0.0438 69.6830
496 1296 -0.0007 -0.0046 23.0211
528 1296 -0.0112  0.0171 15.2342
560 1296 -0.0237 -0.0006 17.6198
592 1296  0.0007  0.0039 15.1487
624 1296 -0.0404 -0.0230 13.0241
656 1296 -0.0370 -0.0190 15.0683
688 1296 -0.0332  0.0026 11.7534
720 1296 -0.0030 -0.0049 13.4959
752 1296 -0.0003 -0.0287 13.8276
784 1296 -0.0134 -0.0160 11.3547
816 1296 -0.0241  0.0276  9.7294
848 1296  0.0562 -0.0152 12.9742
880 1296 -0.0673  0.0181 11.3535
912 1296  0.0178 -0.0097 11.7593
944 1296 -0.0301  0.0107 12.1541
976 1296 -0.0688 -0.0013 10.6446
1008 1296 -0.0051 -0.0138  9.9421
1040 1296 -0.0180  0.0144  8.1696
1072 1296 -0.0008 -0.0290  9.2311
1104 1296 -0.0356 -0.0354 10.8021
1136 1296  0.0268  0.0172 10.4837
1168 1296 -0.0118 -0.0562 10.3362
  0   0 -0.0053 -0.0194  0.0000
  0   0  0.0014  0.0161  0.0000
  0   0 -0.0197  0.0271  0.0000
  0   0  0.0025  0.0163  0.0000
  0   0  0.0189 -0.0078  0.0000
  0   0 -0.0072 -0.0054  0.0000
  0   0  0.0057 -0.0189  0.0000
  0   0  0.0152 -0.0232  0.0000
  0   0  0.0384 -0.0431  0.0000
  0   0  0.0206 -0.0380  0.0000
  0   0  0.0246 -0.0421  0.0000
  0   0  0.0234 -0.0365  0.0000
  0   0  0.0331 -0.0409  0.0000
  0   0  0.0459 -0.0840  0.0000
  0   0  0.0321 -0.0827  0.0000
  0   0  0.0211 -0.0394  0.0000
  0   0  0.0022 -0.0107  0.0000
  0   0 -0.0141  0.0303  0.0000
  0   0 -0.0284  0.0351  0.0000
  0   0 -0.0256  0.0648  0.0000
  0   0 -0.0734  0.1178  0.0000
  0   0 -0.0748  0.0810  0.0000
  0   0 -0.0610  0.0502  0.0000
  0   0 -0.0760  0.0079  0.0000
  0   0 -0.0723 -0.0093  0.0000
  0   0 -0.0589 -0.0085  0.0000
  0   0 -0.0332 -0.0202  0.0000
  0   0 -0.0233 -0.0320  0.0000
  0   0 -0.0270 -0.0204  0.0000
  0   0 -0.0271  0.0062  0.0000
  0   0  0.0051 -0.0042  0.0000
  0   0 -0.0426  0.0099  0.0000
  0   0 -0.0161  0.0001  0.0000
  0   0 -0.0323  0.0047  0.0000
  0   0 -0.0472 -0.0034  0.0000
  0   0 -0.0176 -0.0144  0.0000
  0   0 -0.0195 -0.0125  0.0000
  0   0 -0.0165 -0.0445  0.0000
  0   0 -0.0273 -0.0517  0.0000
  0   0  0.0057 -0.0302  0.0000
  0   0 -0.0106 -0.0588  0.0000
  0   0 -0.0126 -0.0414  0.0000
  0   0 -0.0111 -0.0145  0.0000
  0   0 -0.0145  0.0005  0.0000
  0   0 -0.0026  0.0000  0.0000
  0   0  0.0073 -0.0093  0.0000
  0   0  0.0028 -0.0125  0.0000
  0   0  0.0111 -0.0204  0.0000
  0   0  0.0224 -0.0272  0.0000
  0   0  0.0355 -0.0372  0.0000
  0   0  0.0336 -0.0386  0.0000
  0   0  0.0357 -0.0409  0.0000
  0   0  0.0374 -0.0403  0.0000
  0   0  0.0426 -0.0450  0.0000
  0   0  0.0455 -0.0590  0.0000
  0   0  0.0344 -0.0498  0.0000
  0   0  0.0178 -0.0136  0.0000
  0   0 -0.0043  0.0269  0.0000
  0   0 -0.0267  0.0703  0.0000
  0   0 -0.0466  0.1004  0.0000
  0   0 -0.0588  0.1366  0.0000
  0   0 -0.1383  0.2130  0.0000
  0   0 -0.1308  0.1509  0.0000
  0   0 -0.1192  0.0924  0.0000
  0   0 -0.1157  0.0367  0.0000
  0   0 -0.1047 -0.0006  0.0000
  0   0 -0.0861 -0.0205  0.0000
  0   0 -0.0628 -0.0348  0.0000
  0   0 -0.0475 -0.0398  0.0000
  0   0 -0.0410 -0.0290  0.0000
  0   0 -0.0353 -0.0101  0.0000
  0   0 -0.0242 -0.0029  0.0000
  0   0 -0.0377  0.0067  0.0000
  0   0 -0.0320  0.0057  0.0000
  0   0 -0.0364  0.0035  0.0000
  0   0 -0.0391 -0.0065  0.0000
  0   0 -0.0273 -0.0211  0.0000
  0   0 -0.0248 -0.0354  0.0000
  0   0 -0.0234 -0.0595  0.0000
  0   0 -0.0238 -0.0711  0.0000
  0   0 -0.0116 -0.0685  0.0000
  0   0 -0.0158 -0.0747  0.0000
  0   0 -0.0182 -0.0621  0.0000
  0   0 -0.0179 -0.0407  0.0000
  0   0 -0.0160 -0.0233  0.0000
  0   0 -0.0077 -0.0153  0.0000
  0   0  0.0011 -0.0148  0.0000
  0   0  0.0067 -0.0165  0.0000
  0   0  0.0165 -0.0217  0.0000
  0   0  0.0284 -0.0283  0.0000
  0   0  0.0397 -0.0358  0.0000
  0   0  0.0452 -0.0405  0.0000
  0   0  0.0496 -0.0441  0.0000
  0   0  0.0527 -0.0458  0.0000
  0   0  0.0544 -0.0468  0.0000
  0   0  0.0511 -0.0447  0.0000
  0   0  0.0381 -0.0262  0.0000
  0   0  0.0172  0.0113  0.0000
  0   0 -0.0095  0.0588  0.0000
  0   0 -0.0387  0.1104  0.0000
  0   0 -0.0674  0.1591  0.0000
  0   0 -0.0936  0.2090  0.0000
  0   0 -0.2038  0.3044  0.0000
  0   0 -0.1894  0.2149  0.0000
  0   0 -0.1744  0.1291  0.0000
  0   0 -0.1594  0.0533  0.0000
  0   0 -0.1400 -0.0039  0.0000
  0   0 -0.1151 -0.0399  0.0000
  0   0 -0.0887 -0.0575  0.0000
  0   0 -0.0674 -0.0580  0.0000
  0   0 -0.0535 -0.0435  0.0000
  0   0 -0.0449 -0.0219  0.0000
  0   0 -0.0401 -0.0032  0.0000
  0   0 -0.0418  0.0098  0.0000
  0   0 -0.0416  0.0134  0.0000
  0   0 -0.0413  0.0081  0.0000
  0   0 -0.0390 -0.0064  0.0000
  0   0 -0.0335 -0.0283  0.0000
  0   0 -0.0300 -0.0543  0.0000
  0   0 -0.0280 -0.0808  0.0000
  0   0 -0.0257 -0.0986  0.0000
  0   0 -0.0219 -0.1045  0.0000
  0   0 -0.0227 -0.1020  0.0000
  0   0 -0.0249 -0.0873  0.0000
  0   0 -0.0251 -0.0647  0.0000
  0   0 -0.0216 -0.0423  0.0000
  0   0 -0.0139 -0.0262  0.0000
  0   0 -0.0037 -0.0184  0.0000
  0   0  0.0077 -0.0173  0.0000
  0   0  0.0208 -0.0214  0.0000
  0   0  0.0348 -0.0284  0.0000
  0   0  0.0479 -0.0364  0.0000
  0   0  0.0582 -0.0440  0.0000
  0   0  0.0659 -0.0504  0.0000
  0   0  0.0706 -0.0542  0.0000
  0   0  0.0709 -0.0531  0.0000
  0   0  0.0640 -0.0423  0.0000
  0   0  0.0475 -0.0158  0.0000
  0   0  0.0215  0.0283  0.0000
  0   0 -0.0119  0.0855  0.0000
  0   0 -0.0498  0.1496  0.0000
  0   0 -0.0891  0.2153  0.0000
  0   0 -0.1284  0.2812  0.0000
