VARIABLES= "X pix", "Y pix", "U pix/dt", "V pix/dt", "CHC", ZONE I=37, J=41
304  16  0.0248 -0.1003 59.5809
336  16  0.0019 -0.0658 18.9118
368  16  0.0062 -0.0408 24.6753
400  16 -0.0248 -0.0615 88.5845
496  16 -0.0492 -0.0573 89.0435
528  16 -0.0378 -0.0356 39.0095
560  16  0.0047 -0.0322 40.9600
592  16  0.0014 -0.0270 50.5679
624  16 -0.0013 -0.0365 54.6133
656  16  0.0326 -0.0531 46.5454
688  16  0.0241 -0.0376 273.0666
304  48  0.0489  0.0030 52.5128
336  48  0.0941  0.0499 29.4676
368  48  0.0663  0.0616 110.7027
496  48  0.0339  0.0630 71.8596
528  48 -0.0292  0.0441 27.3067
560  48 -0.1051  0.0051 39.3846
592  48 -0.1819  0.0000 115.8252
688  48 -0.1559  0.0384 227.5554
720  48 -0.1942  0.0887 29.2571
752  48 -0.2433  0.1245 36.2478
784  48 -0.0060 -0.0063 35.9270
816  48  1.1372 -0.5000 148.4057
304  80  0.8748 -0.3989 49.3494
336  80  0.4018 -0.2141 30.7970
368  80  0.1085 -0.0930 50.5679
400  80 -0.0169 -0.0544 47.0804
432  80 -0.0141 -0.0402 43.5745
464  80  0.0588 -0.0070 4095.9939
496  80  0.1458  0.0264 71.8596
528  80  0.0857  0.0795 28.4444
560  80  0.0184  0.0708 50.5679
592  80 -0.0277 -0.0089 38.1160
688  80 -0.0188  0.0339 341.3332
720  80 -0.0223  0.0234 80.3137
752  80 -0.0109 -0.0301 87.1489
784  80 -0.0254 -0.0500 69.4237
816  80 -0.0509 -0.0936 147.3381
 16 144 -0.0307 -0.0556 27.1605
 48 144 -0.0656 -0.0648 36.8025
 80 144  0.0031 -0.0873 118.5912
112 144  0.0050 -0.0753 171.4439
144 144 -0.0063 -0.0541 237.8430
176 144  0.0318 -0.0178 173.8704
208 144  0.0117 -0.0479 61.4544
240 144  0.0010 -0.0316 85.5460
272 144  0.0117 -0.0032 25.4902
304 144  0.0493 -0.0081 99.5587
336 144  0.0270  0.0034 176.9092
368 144  0.0185  0.0036 218.6920
400 144  0.0799  0.0057 306.8526
432 144  0.0478  0.0068 143.9507
464 144  0.0501  0.0161 169.5030
496 144  0.1029  0.0433 203.7417
528 144  0.0585  0.0312 176.9651
560 144  0.0579  0.0413 58.3765
592 144  0.0444  0.0383 107.9033
624 144  0.0495  0.0016 106.8924
656 144  0.0153  0.0077 270.3036
688 144  0.0457  0.0103 88.4664
720 144  0.0508 -0.0139 141.7885
752 144  0.0580  0.0120 171.8848
784 144  0.0602 -0.0002 88.0891
816 144  0.0377  0.0311 178.6657
848 144  0.0563 -0.0062 180.5629
880 144  0.0403 -0.0244 69.0273
912 144  0.0581 -0.0101 136.5111
944 144  0.0173 -0.0203 113.8985
976 144  0.0330 -0.0202 80.9100
1008 144  0.0280  0.0192 73.9236
1040 144  0.1151  0.0008 66.2056
1072 144  0.0172  0.0126 116.2851
1104 144  0.0023  0.0292 32.7062
1136 144 -0.0165  0.0278 53.1230
1168 144  0.0124  0.0360 68.3308
 16 176 -0.0185 -0.0066 48.5835
 48 176 -0.0083 -0.0723 139.7956
 80 176 -0.0234 -0.0616 330.6179
112 176 -0.0309 -0.1396 228.1279
144 176  0.0004 -0.1010 250.4806
176 176  0.0011 -0.0715 169.9778
208 176 -0.0303 -0.0477 116.4873
240 176 -0.0419 -0.0409 167.9335
272 176  0.0256 -0.0307 256.2910
304 176  0.0110 -0.0352 173.6187
336 176  0.0516 -0.0024 213.6186
368 176  0.0640  0.0101 219.8549
400 176  0.1063  0.0069 166.9856
432 176  0.0305  0.0361 133.4683
464 176  0.0492  0.0209 164.1350
496 176  0.0832  0.0107 243.8189
528 176  0.0660  0.1113 47.4772
560 176  0.1257  0.0549 237.7496
592 176  0.0816  0.0340 100.4675
624 176  0.0468  0.0095 233.0680
656 176  0.1015  0.0135 219.2619
688 176  0.0508  0.0223 104.6141
720 176  0.1055  0.0127 142.0515
752 176  0.1519 -0.0006 229.6673
784 176  0.0688 -0.0589 109.8827
816 176  0.0523  0.0040 89.3876
848 176  0.0499 -0.0410 189.2050
880 176  0.0418 -0.0181 82.0242
912 176  0.0369 -0.0591 141.4210
944 176  0.0698 -0.0343 132.6068
976 176  0.0774  0.0034 130.1686
1008 176  0.0470  0.0041 126.7756
1040 176  0.0939  0.0207 42.3931
1072 176  0.0135  0.0179 115.1628
1104 176  0.0989  0.0228 119.3240
1136 176  0.0099  0.0650 137.0196
1168 176 -0.0318  0.0461 165.7275
 16 208 -0.0226 -0.1314 86.9477
 48 208 -0.0154 -0.1974 285.2346
 80 208 -0.0353 -0.0647 184.3466
112 208  0.0082 -0.0975 184.8315
144 208  0.0126 -0.0795 77.1526
176 208 -0.0359 -0.0571 222.2631
208 208  0.0003 -0.1290 216.6644
240 208  0.1079 -0.0680 166.9110
272 208  0.0301 -0.0493 71.0812
304 208  0.0148 -0.0059 194.7458
336 208  0.0330  0.0093 210.0421
368 208  0.0372  0.0018 390.0486
400 208  0.0350 -0.0095 124.6140
432 208  0.0705  0.0252 200.7187
464 208  0.0644  0.0710 270.9247
496 208  0.0547  0.0273 130.0775
528 208  0.0318  0.0179 160.4799
560 208  0.0891  0.0246 136.4303
592 208  0.0321  0.0919 74.2389
624 208  0.0762  0.0048 169.5333
656 208  0.0806  0.0028 70.1945
688 208  0.0700  0.0163 86.6818
720 208  0.0792 -0.0119 123.3768
752 208  0.0511 -0.0071 158.7399
784 208  0.0670  0.0145 204.3269
816 208  0.0573 -0.0218 165.2087
848 208  0.0859 -0.0520 175.6077
880 208  0.0571 -0.0296 240.3068
912 208  0.0566  0.0005 61.2077
944 208  0.0578 -0.0101 63.6005
976 208  0.0203  0.0108 160.3856
1008 208  0.0840 -0.0356 199.0795
1040 208  0.0552  0.0185 161.0842
1072 208  0.0113  0.0064 176.2337
1104 208  0.0251  0.0340 105.3687
1136 208  0.0228  0.0341 96.0179
1168 208  0.0352  0.0199 296.7947
 16 240 -0.0495 -0.1417 173.8784
 48 240 -0.0320 -0.0590 66.9266
 80 240 -0.0001 -0.0763 324.0037
112 240 -0.0587 -0.0775 132.0799
144 240 -0.0532 -0.2184 61.4806
176 240 -0.0118 -0.0879 224.2849
208 240 -0.0066 -0.0268 23.1106
240 240 -0.0232 -0.0620 186.4775
272 240 -0.0035 -0.0494 90.0767
304 240  0.0024 -0.0235 190.8330
336 240  0.0476 -0.0074 171.2069
368 240  0.0433  0.0070 73.9344
400 240  0.0317  0.0043 310.1086
432 240  0.0426  0.0186 107.9539
464 240  0.0415  0.0452 193.0911
496 240  0.0374  0.0195 245.2754
528 240  0.0486  0.0433 83.3552
560 240  0.0550  0.0436 140.6126
592 240  0.0570  0.0366 149.3174
624 240  0.0610  0.0426 164.7874
656 240  0.0766  0.0238 111.4236
688 240  0.0779  0.0083 177.9983
720 240  0.0276  0.0264 204.1534
752 240  0.0669 -0.0378 194.5404
784 240  0.0621 -0.0147 101.0113
816 240  0.0866 -0.0236 107.9159
848 240  0.0323 -0.0176 160.8684
880 240  0.0758 -0.0244 101.1915
912 240  0.1044 -0.0287 70.7082
944 240  0.0752  0.0081 71.9989
976 240  0.0829 -0.0117 125.7902
1008 240  0.0926 -0.0250 82.5521
1040 240  0.0717 -0.0452 106.4342
1072 240  0.0640 -0.0288 153.3621
1104 240  0.0121  0.0496 131.3812
1136 240  0.0181 -0.0249 257.8336
1168 240  0.0109  0.0155 131.0419
 16 272 -0.1008 -0.2174 202.1461
 48 272 -0.0030 -0.0348 24.4835
 80 272 -0.0352 -0.1945 226.7501
112 272 -0.0476 -0.1093 248.4923
144 272 -0.0145 -0.2924 136.3840
176 272 -0.0826 -0.1303 178.9052
208 272 -0.0150 -0.1102 345.8288
240 272  0.0212 -0.0709 60.4718
272 272  0.0009 -0.0405 195.8438
304 272  0.0170 -0.0497 140.8520
336 272  0.0324 -0.0184 206.6597
368 272  0.0176 -0.0257 180.2990
400 272  0.0708  0.0021 268.1348
432 272  0.0632  0.0270 121.0195
464 272  0.0535  0.0254 97.3510
496 272  0.0850  0.0703 231.6058
528 272  0.0500  0.1024 110.7395
560 272  0.0537  0.0759 58.2302
592 272  0.0657  0.0379 194.6431
624 272  0.0591  0.0120 124.1473
656 272  0.0290  0.0121 161.1690
688 272  0.0502  0.0209 105.7027
720 272  0.0611  0.0016 125.3031
752 272  0.0886 -0.0420 114.9803
784 272  0.0475 -0.0259 98.4809
816 272  0.0731 -0.0390 233.4453
848 272  0.0482 -0.0373 108.3819
880 272  0.0790 -0.0445 67.8719
912 272  0.0583 -0.0370 56.1103
944 272  0.0622 -0.0195 144.3304
976 272  0.0896 -0.0325 170.1299
1008 272  0.0665  0.0087 118.5775
1040 272  0.0400  0.0313 99.9441
1072 272  0.0106 -0.0450 58.2679
1104 272  0.0636  0.0079 68.0761
1136 272  0.0076  0.0285 36.9892
1168 272 -0.0013  0.0610 84.3249
 16 304 -0.0739 -0.1611 93.8543
 48 304 -0.0234 -0.0922 54.4716
 80 304 -0.2212 -0.2374 127.3069
112 304 -0.0995 -0.1180 37.8712
144 304 -0.0645 -0.2049 144.1926
176 304 -0.0252 -0.1920 101.3917
208 304 -0.1126 -0.1468 290.0722
240 304 -0.0371 -0.1097 243.9967
272 304  0.0134 -0.0666 46.9235
304 304 -0.0061 -0.0464 283.0565
336 304  0.0373 -0.0441 161.6257
368 304  0.0229 -0.0382 120.6673
400 304  0.0406  0.0183 26.9330
432 304  0.0319 -0.0035 108.0575
464 304  0.1098  0.0542 184.8493
496 304  0.0574  0.0512 198.6048
528 304  0.1040  0.0323 86.3901
560 304  0.1109  0.0058 173.8151
592 304  0.0758  0.0038 152.8181
624 304  0.0382  0.0262 141.4116
656 304  0.0772  0.0196 117.0119
688 304  0.0410 -0.0150 86.9660
720 304  0.0754 -0.0320 155.6437
752 304  0.0708 -0.0188 88.7159
784 304  0.1384 -0.0694 163.1038
816 304  0.0771 -0.0733 131.5759
848 304  0.0797 -0.0568 97.9785
880 304  0.1681 -0.0462 150.9644
912 304  0.1215 -0.0728 101.8162
944 304  0.0908 -0.0141 101.8113
976 304  0.0346 -0.0271 161.2061
1008 304  0.0504 -0.0042 57.7677
1040 304  0.0692 -0.0086 124.4958
1072 304  0.0178  0.0135 173.6849
1104 304  0.1797 -0.0114 157.8221
1136 304  0.0179  0.0372 91.1766
1168 304  0.0140 -0.0013 73.3353
 16 336 -0.1661 -0.2299 170.0446
 48 336 -0.0890 -0.2965 18.2098
 80 336 -0.1176 -0.5418 85.3110
112 336 -0.1054 -0.2759 155.5559
144 336 -0.1291 -0.2752 295.9922
176 336 -0.1970 -0.1022 126.5550
208 336 -0.0665 -0.2253 399.3133
240 336 -0.0548 -0.1320 86.3939
272 336 -0.0334 -0.1188 18.4386
304 336 -0.0340 -0.2141 324.9123
336 336  0.0116 -0.0453 155.4790
368 336  0.0269 -0.0531 147.3758
400 336  0.0547  0.0355 23.8105
432 336  0.0526  0.0190 145.7312
464 336  0.0847  0.0060 111.5053
496 336  0.0125  0.1115 81.5095
528 336  0.0559  0.0103 162.0779
560 336  0.1247  0.0267 143.7423
592 336  0.0556  0.0203 261.2178
624 336  0.0787  0.0105 105.9721
656 336  0.0856  0.0042 181.6154
688 336  0.0470 -0.0005 123.9215
720 336  0.0305 -0.0179 175.8159
752 336  0.0559 -0.0600 117.1645
784 336  0.0915 -0.0288 218.3604
816 336  0.0942 -0.0771 97.9011
848 336  0.1076 -0.0311 125.5851
880 336  0.0822 -0.0151 126.6944
912 336  0.0104 -0.0097 251.9963
944 336  0.0717 -0.0244 207.3933
976 336  0.0855 -0.0227 90.6229
1008 336  0.0465  0.0021 125.6377
1040 336  0.0227 -0.0095 69.6522
1072 336  0.0413  0.0163 111.8261
1104 336  0.0218  0.0865 192.5173
1136 336 -0.0041  0.0496 114.2675
1168 336 -0.0208  0.0528 96.7346
 16 368 -0.0585 -0.3489 56.2077
 48 368 -0.1092 -0.2673 42.7226
 80 368 -0.8179 -0.8829 112.7068
112 368 -0.2897 -0.1653 49.1204
144 368 -0.0777 -0.2216 82.1823
176 368 -0.0491 -0.1483 22.5819
208 368 -0.0582 -0.0807 303.3721
240 368 -0.0460 -0.1550 59.1835
272 368 -0.0363 -0.1269 122.1499
304 368 -0.0107 -0.0850 140.0816
336 368  0.0083 -0.0825 391.5072
368 368  0.0335 -0.0691 291.4211
400 368  0.0506 -0.0207 338.3783
432 368  0.0853 -0.0100 201.0874
464 368  0.0372  0.0171 105.8390
496 368  0.0489  0.0245 237.5025
528 368  0.0385  0.0550 92.1652
560 368  0.0778  0.0333 253.0875
592 368 -0.0090  0.0244 262.7950
624 368  0.0952  0.0176 193.9940
656 368  0.0995  0.0084 187.6144
688 368  0.0397  0.0127 145.6961
720 368  0.0980 -0.0483 150.5671
752 368  0.0733 -0.0428 104.6496
784 368  0.0785 -0.0285 150.3081
816 368  0.1636 -0.0396 274.1980
848 368  0.1455 -0.0377 71.6144
880 368  0.0477 -0.0453 161.4923
912 368  0.0639 -0.0495 140.0504
944 368  0.1128 -0.0116 203.3031
976 368  0.0831 -0.0219 53.9332
1008 368  0.0699  0.0232 296.1093
1040 368  0.0589  0.0093 187.5637
1072 368  0.0262  0.0226 102.2161
1104 368  0.0105  0.0178 97.5312
1136 368 -0.0153  0.1166 98.0689
1168 368  0.0000  0.0768 126.6850
 16 400 -0.0537 -0.6546 78.8909
 48 400 -0.1516 -0.0596 18.4791
 80 400 -0.2281 -0.5146 149.5469
112 400 -0.3330 -0.2369 58.4557
144 400 -0.0677 -0.1887 30.8275
176 400 -0.1113 -0.1446 169.5283
208 400 -0.2489 -0.1714 139.9528
240 400 -0.0700 -0.1428 28.8597
272 400 -0.0740 -0.2088 232.4077
304 400 -0.0508 -0.1185 177.8177
336 400 -0.0316 -0.1801 79.0447
368 400  0.0152 -0.0724 135.9285
400 400  0.0167 -0.0304 90.1776
432 400  0.0405  0.0180 220.6660
464 400  0.0975  0.0032 178.7766
496 400  0.0507  0.0140 70.9146
528 400  0.0351  0.0056 159.6870
560 400  0.1143  0.0352 214.2384
592 400  0.0903  0.0219 131.4203
624 400  0.0293  0.0341 169.7762
656 400  0.0899 -0.0011 111.3322
688 400  0.0701  0.0253 188.9724
720 400  0.0889 -0.0461 83.0172
752 400  0.1066 -0.0272 82.6967
784 400  0.0941 -0.0467 146.9809
816 400  0.1016 -0.0830 147.8243
848 400  0.1061 -0.0645 186.7251
880 400  0.1189 -0.1155 130.2881
912 400  0.0919 -0.0226 123.3203
944 400  0.0745  0.0006 142.1676
976 400  0.0575 -0.0001 86.2493
1008 400  0.0346  0.0291 79.4711
1040 400  0.0206 -0.0044 218.9770
1072 400 -0.0226  0.1089 110.2665
1104 400 -0.0038  0.0470 147.5586
1136 400 -0.0173  0.0493 65.3392
1168 400 -0.0160  0.0598 102.8379
 16 432 -0.2873 -0.4729 49.9799
 48 432 -0.6612 -0.2820 124.7876
 80 432 -0.1493 -0.5579 215.0721
112 432 -0.1250 -0.1933 28.6780
144 432 -0.2548 -0.4465 234.0596
176 432 -0.3237 -0.1162 207.3950
208 432 -0.2642 -0.5407 29.3237
240 432 -0.2296 -0.2134 337.8055
272 432 -0.0582 -0.1521 260.5362
304 432 -0.0374 -0.3862 315.5013
336 432 -0.0151 -0.1640 317.4592
368 432  0.0383 -0.1087 188.9593
400 432  0.0368 -0.0482 246.5141
432 432  0.0331 -0.0219 98.0226
464 432  0.0598 -0.0038 72.6678
496 432  0.0672  0.0128 147.2198
528 432  0.0604  0.0422 74.4954
560 432  0.0721  0.0249 125.1601
592 432  0.0550  0.0212 109.1391
624 432  0.0454 -0.0005 132.1792
656 432  0.0642 -0.0459 75.4502
688 432  0.0705  0.0193 85.2959
720 432  0.0606 -0.0082 157.2781
752 432  0.0538 -0.0809 118.3151
784 432  0.1214 -0.0444 130.0503
816 432  0.1016 -0.0842 109.7662
848 432  0.1646 -0.0507 153.1488
880 432  0.0651 -0.0540 143.9181
912 432  0.0410 -0.0354 98.4549
944 432  0.0459 -0.0235 59.4990
976 432  0.0165  0.0249 77.6003
1008 432  0.0754  0.0155 102.9838
1040 432  0.0034  0.0480 172.6222
1072 432  0.0301  0.0530 23.6222
1104 432 -0.0175  0.1024 163.5851
1136 432  0.0066  0.0454 94.8070
1168 432 -0.0202  0.0981 161.4927
 16 464 -0.1269 -0.0563 14.6506
 48 464 -0.3213 -0.4417 132.9672
 80 464 -0.4650 -0.5736 116.2135
112 464 -0.2366 -0.7174 195.1605
144 464 -0.2544 -0.4645 31.5626
176 464 -0.2810 -0.4815 200.6689
208 464 -0.1545 -0.8148 167.8052
240 464 -0.2738 -0.3554 116.2271
272 464 -0.2119 -0.2478 259.4732
304 464 -0.0673 -0.1257 118.2593
336 464 -0.0623 -0.1578 218.2489
368 464 -0.0228 -0.1210 192.7444
400 464  0.0111 -0.0781 69.6287
432 464  0.0025 -0.0381 75.7029
464 464  0.0576 -0.0138 120.8495
496 464 -0.0283  0.0136 20.3683
528 464  0.0734  0.0823 151.0735
560 464  0.0817 -0.0034 109.0864
592 464  0.0763  0.0242 118.8055
624 464  0.1099  0.0309 132.9761
656 464  0.0234 -0.0239 250.3441
688 464  0.0573 -0.0048 141.2583
720 464  0.1350 -0.0508 78.7002
752 464  0.0275 -0.0260 159.0482
784 464  0.0666 -0.0567 68.2305
816 464  0.1241 -0.0737 102.1399
848 464  0.1142 -0.0739 64.3115
880 464  0.0691 -0.0566 55.6146
912 464  0.0845  0.0221 223.2455
944 464  0.0410 -0.0021 46.5266
976 464  0.0624 -0.0084 164.6969
1008 464  0.0841  0.0670 45.5975
1040 464 -0.0169  0.0397 210.8957
1072 464 -0.0197  0.0868 194.4768
1104 464 -0.0177  0.0953 145.8025
1136 464 -0.0387  0.0926 79.8191
1168 464 -0.0401  0.1499 98.4974
 16 496 -0.3654 -0.3273 97.3223
 48 496 -0.7674 -0.7291 41.4639
 80 496 -0.7939 -0.1816 143.5004
112 496 -0.2806 -0.4705 299.3439
144 496 -0.6435 -0.8659 110.2011
176 496 -0.1911 -0.7009 228.6930
208 496 -0.5746 -0.1284 131.3799
240 496 -0.2305 -0.6456 94.1723
272 496 -0.1413 -0.0056 32.2276
304 496 -0.0405 -0.4810 71.9906
336 496 -0.0468 -0.3173 115.9165
368 496 -0.0060 -0.1806 36.0902
400 496  0.0384 -0.1635 36.3599
432 496  0.0532 -0.0605 172.7757
464 496  0.0634 -0.1457 221.4259
496 496  0.0445 -0.0056 182.8870
528 496  0.0570  0.0012 153.9511
560 496  0.0966  0.0033 153.1299
592 496 -0.0430  0.0295 36.5809
624 496  0.0925  0.0311 124.6593
656 496  0.1138  0.0293 104.3723
688 496  0.0610 -0.0158 132.5381
720 496  0.0409 -0.0649 160.1122
752 496  0.0618 -0.0931 109.7443
784 496  0.1075 -0.1990 100.5631
816 496  0.1537 -0.1029 107.7321
848 496  0.0662 -0.0907 66.9106
880 496  0.0956 -0.0508 145.8965
912 496  0.0591 -0.0588 55.0552
944 496  0.1259 -0.0219 318.7180
976 496  0.0352  0.0138 57.1097
1008 496  0.0190  0.0351 161.6108
1040 496 -0.0146  0.0481 85.0419
1072 496 -0.0299  0.1452 93.8911
1104 496 -0.0583  0.1616 68.5739
1136 496 -0.0674  0.0394 43.9070
1168 496 -0.0536  0.1005 130.6081
 16 528 -0.7761 -0.6859 30.2449
 48 528 -0.1263 -0.6682 88.2078
 80 528 -0.2799 -0.2494 35.8327
112 528 -0.4527 -0.6679 139.5750
144 528 -0.7094 -0.9065 30.2029
176 528 -0.3990 -0.6048 126.2745
208 528 -0.3627 -0.8907 135.3421
240 528 -0.1694 -0.4112 34.3666
272 528 -0.1016 -0.4203 213.8288
304 528 -0.0968 -0.2251 145.7060
336 528 -0.1320 -0.3384 195.4660
368 528 -0.0906 -0.1245 199.2029
400 528  0.0076 -0.0664 264.3925
432 528  0.0993 -0.0524 256.0508
464 528  0.0862 -0.0788 234.7964
496 528  0.1022  0.0123 57.5687
528 528  0.1045 -0.0056 88.2084
560 528  0.0856  0.0333 169.8816
592 528  0.1055 -0.0223 70.3828
624 528  0.0773 -0.0063 46.8568
656 528  0.0806  0.0208 123.7236
688 528  0.1123 -0.0256 139.7087
720 528  0.1262 -0.0835 94.8393
752 528  0.0735 -0.0138 54.7545
784 528  0.0935 -0.1057 87.3695
816 528  0.1097 -0.1198 106.2138
848 528  0.1344 -0.0651 110.3007
880 528  0.1094 -0.0724 166.2273
912 528  0.0903 -0.0337 122.3404
944 528  0.0073  0.0153 156.8988
976 528  0.0070  0.0370 244.4353
1008 528 -0.0266  0.0958 99.9843
1040 528 -0.0394  0.1013 133.6694
1072 528 -0.0720  0.1168 77.4988
1104 528 -0.0692  0.1224 101.2240
1136 528 -0.0901  0.0973 88.2209
1168 528 -0.0656  0.0780 104.9651
 16 560 -0.3890 -0.4155 56.2232
 48 560 -0.4660 -0.2216 60.3239
 80 560 -0.7989 -0.5043 51.9814
112 560 -0.7226 -0.4317 105.4819
144 560 -0.8145 -0.9162 61.8984
176 560 -0.3845 -0.4927 118.7565
208 560 -0.3415 -0.8894 80.3014
240 560 -0.2892 -0.9229 169.3709
272 560 -0.2871 -0.5963 75.2720
304 560 -0.1699 -0.4118 243.9620
336 560 -0.0420 -0.3778 233.4335
368 560 -0.0430 -0.3614 84.1364
400 560  0.0771 -0.0595 190.8682
432 560  0.0731 -0.0943 98.2084
464 560  0.0915 -0.0285 130.9842
496 560  0.0805 -0.0100 86.1539
528 560  0.1216 -0.0194 166.2843
560 560  0.0803  0.0228 138.5745
592 560  0.1050  0.0024 176.5531
624 560  0.1066 -0.0362 89.8248
656 560  0.0823 -0.0199 76.3489
688 560  0.0554 -0.0141 111.3786
720 560  0.1175 -0.0587 113.9336
752 560  0.1041 -0.1198 80.8601
784 560  0.0894 -0.1929 200.8956
816 560  0.1540 -0.1593 124.7801
848 560  0.0982 -0.1372 126.4125
880 560  0.0472 -0.0374 124.2116
912 560  0.0316 -0.0052 129.5701
944 560  0.0076  0.0443 97.1981
976 560  0.0088  0.0279 113.1735
1008 560 -0.0234  0.0550 102.6956
1040 560 -0.0398  0.0742 99.2714
1072 560 -0.1554  0.1022 153.6748
1104 560 -0.1125  0.1631 83.6035
1136 560 -0.0696  0.1559 116.1816
1168 560 -0.0555  0.1186 70.7039
 16 592 -0.7133 -0.3528 116.1912
 48 592 -0.6045 -0.3186 33.3683
 80 592 -0.3385 -0.3261 80.0981
112 592 -0.3970 -0.2549 167.1595
144 592 -0.2904 -0.3125 74.8622
176 592 -0.3115 -0.4651 73.2388
208 592 -0.5843 -0.8285 109.8732
240 592 -0.0771 -0.2633 11.5361
272 592 -0.5034 -1.0161 95.2194
304 592 -0.1564 -0.8793 102.6900
336 592 -0.1729 -0.4591 32.7272
368 592 -0.1954 -0.4836 113.0959
400 592 -0.0490 -0.4878 269.4645
432 592 -0.0291 -0.1131 54.1042
464 592  0.0594 -0.1542 187.3836
496 592  0.0781 -0.0511 67.7856
528 592  0.0953 -0.0063 112.2128
560 592  0.1637 -0.0183 306.9500
592 592  0.1063  0.0393 60.5586
624 592  0.1557 -0.0460 94.9430
656 592  0.0753 -0.0560 289.4008
688 592  0.1348 -0.0919 97.2881
720 592  0.1905 -0.1385 115.2617
752 592  0.1017 -0.2230 188.0241
784 592  0.1070 -0.3818 108.8601
816 592  0.0844 -0.2538 89.3323
848 592  0.0679 -0.1920 238.3278
880 592  0.0493 -0.0896 123.3921
912 592  0.0366 -0.0273 72.9440
944 592 -0.0078  0.0316 102.6079
976 592 -0.0549  0.0770 98.4310
1008 592 -0.1397  0.0451 145.5044
1040 592 -0.0107  0.0962 182.1331
1072 592 -0.0628  0.1140 64.8310
1104 592 -0.1048  0.1842 85.3423
1136 592 -0.1014  0.2130 109.8385
1168 592 -0.1102  0.1221 18.8863
 16 624 -0.1281 -0.1385 25.6696
 48 624 -0.1998 -0.0682 128.0678
 80 624 -0.2027 -0.2042 51.2650
112 624 -0.3438 -0.5507 83.2113
144 624 -0.7717 -0.7647 157.5012
176 624 -0.8464 -1.2804 152.3713
208 624 -0.8515 -1.1283 129.4352
240 624 -0.2729 -1.3402 23.7431
272 624 -0.0562 -0.1044 34.6301
304 624 -0.1232 -0.3636 26.0197
336 624 -0.8654 -0.8010 85.8796
368 624 -0.6916 -0.7045 145.0204
400 624 -0.6996 -0.6002 54.0960
432 624 -0.2359 -0.1947 157.2135
464 624 -0.1079 -0.2015 171.3907
496 624 -0.0908 -0.1244 129.9791
528 624  0.0516 -0.0398 169.0615
560 624  0.1758 -0.0150 155.0253
592 624  0.1886 -0.0413 118.4478
624 624  0.1163 -0.0581 30.7972
656 624  0.1039 -0.2186 68.5647
688 624  0.1283 -0.2070 180.2769
720 624  0.0447 -0.2004 263.0362
752 624  0.1393 -0.5015 151.5205
784 624  0.1397 -0.3921 94.0639
816 624 -0.0540 -0.5521 121.6928
848 624  0.0307 -0.2561 135.4359
880 624  0.0595 -0.1951 83.8252
912 624  0.0045 -0.0958 141.5076
944 624  0.0145  0.0563 114.3437
976 624 -0.0884  0.0333 89.5552
1008 624 -0.1262  0.1699 169.6915
1040 624 -0.1768  0.1652 128.9833
1072 624 -0.0713  0.0854 44.4671
1104 624 -0.1232  0.1161 93.3035
1136 624 -0.2025  0.2745 85.7131
1168 624 -0.1337  0.1935 90.4383
 16 656 -0.2541 -0.2813 43.1540
 48 656 -0.1806 -0.1886 213.3335
 80 656 -0.2405 -0.2859 204.0960
112 656 -0.5610 -0.0462 39.2896
144 656 -0.7102  0.0054 71.3215
176 656 -0.5667 -0.0645 111.5351
208 656 -0.2774 -0.4085 40.5637
240 656 -0.6420 -1.2004 43.7199
272 656 -1.0994 -1.0956 64.7635
304 656 -1.0123 -0.9214 76.4487
336 656 -0.2804 -0.6026 20.7481
368 656 -0.9681 -0.0939 185.6893
400 656 -1.0532 -0.7950 116.1919
432 656 -0.7299 -0.5009 41.2306
464 656 -0.2411 -0.2727 72.1874
496 656 -0.0797 -0.1872 153.2759
528 656 -0.0418 -0.1484 53.5450
560 656  0.1791 -0.0556 77.3366
592 656  0.1539 -0.0572 187.2307
624 656  0.1178 -0.1666 188.0046
656 656  0.0941 -0.1656 167.2533
688 656  0.1483 -0.2942 54.3229
720 656  0.1364 -0.7997 101.2315
752 656  0.2065 -0.8650 70.0611
784 656  0.1243 -1.0498 207.4697
816 656  0.0526 -0.6484 58.1784
848 656 -0.0082 -0.5619 29.2950
880 656  0.1063 -0.4075 112.1536
912 656  0.1092 -0.3366 93.7163
944 656 -0.0131 -0.0134 102.7060
976 656 -0.0872  0.0018 108.6186
1008 656 -0.0619  0.0380 105.3818
1040 656 -0.1463  0.0809 157.8843
1072 656 -0.0956  0.2427 120.4834
1104 656 -0.1401  0.1479 77.2730
1136 656 -0.2078  0.1290 121.3638
1168 656 -0.1715  0.2573 148.3931
 16 688 -0.0378 -0.0716 54.4312
 48 688 -0.1914 -0.2279 232.5219
 80 688 -0.3682 -0.3052 192.2641
112 688 -0.1738 -0.1198 129.4878
144 688 -0.3661 -0.1919 70.7935
176 688 -0.9544 -0.8134 180.8949
208 688 -1.0068 -0.4539 183.8660
240 688 -1.2833 -0.0149 69.0296
272 688 -1.5582  0.2469 86.7765
304 688 -1.2117  0.0925 137.5835
336 688 -0.4034 -0.0818 105.9013
368 688 -1.0929 -0.7415 96.1942
400 688 -1.5100 -0.6701 101.2506
432 688 -1.4342 -0.5398 108.3874
464 688 -0.9916 -0.4606 172.3838
496 688 -0.4138 -0.3503 94.1600
528 688 -0.1688 -0.2876 112.5843
560 688 -0.0646 -0.1872 20.5248
592 688  0.0345 -0.0676 155.5042
624 688  0.0429 -0.0792 241.5237
656 688  0.0532 -0.0767 57.0735
688 688  0.1657  0.0978 18.4670
720 688 -0.1679 -0.0693 14.6282
752 688 -0.0548  0.0875 13.6182
784 688  0.1426 -1.2657 89.9182
816 688  0.1768 -1.0263 15.8554
848 688  0.0449 -0.9788 48.8359
880 688  0.0107 -0.7355 91.6637
912 688  0.0508 -0.7276 58.4402
944 688  0.0372 -0.2920 59.4451
976 688 -0.0351 -0.0783 113.9057
1008 688 -0.1161 -0.0273 102.2750
1040 688 -0.1396  0.0269 111.0255
1072 688 -0.0579  0.0061 77.1080
1104 688 -0.2809  0.1436 171.6376
1136 688 -0.2287  0.1913 81.7217
1168 688 -0.1835  0.0631 238.3369
 16 720 -0.0331 -0.2331 196.1080
 48 720 -0.0673 -0.0644 70.9854
 80 720 -0.3145 -0.1967 171.8025
112 720 -0.2131 -0.2098 36.5226
144 720 -0.4045 -0.1349 94.5377
176 720 -0.8904 -0.5070 46.2534
208 720 -1.0240 -1.0170 201.4219
240 720 -1.0390 -1.0633 145.1792
272 720 -1.0967 -0.9455 32.1196
304 720 -1.6312 -1.0943 91.1601
336 720 -1.1168 -0.3866 217.6201
368 720 -1.1568 -0.0191 203.0797
400 720 -2.0249  0.2036 89.9737
432 720 -1.9581 -0.3021 94.7849
464 720 -1.3949 -0.7669 120.8038
496 720 -1.3900 -0.7617 69.2552
528 720 -0.5846 -0.6215 212.5878
560 720 -0.1027 -0.2461 153.3534
592 720 -0.0021 -0.0845 116.3329
624 720  0.0120 -0.1295 58.4709
656 720 -0.0759 -0.1415 27.7882
688 720 -0.3124 -0.3421  8.9781
720 720 -1.0065  0.6698 11.8402
752 720  0.2966 -0.1311 14.2731
784 720  0.2162 -0.9998 28.2923
816 720  0.4106 -0.3107  7.4845
848 720  0.1514 -1.1031 20.7540
880 720 -0.4200 -0.1907 12.4725
912 720 -0.0862 -0.9157 12.9549
944 720  0.0173 -0.4510 81.8269
976 720 -0.0214 -0.4873 109.5611
1008 720 -0.0587 -0.1362 109.2581
1040 720 -0.1128 -0.0281 178.2955
1072 720 -0.0723  0.0082 38.8295
1104 720 -0.1381  0.0372 189.3845
1136 720 -0.1905  0.0731 92.9573
1168 720 -0.2142  0.0861 34.2394
 16 752  0.0179 -0.0143 90.6109
 48 752 -0.0624 -0.0392 165.7061
 80 752 -0.1467 -0.1845 123.2692
112 752 -0.1525 -0.1112 170.2843
144 752 -0.2129 -0.0774 170.9153
176 752 -0.2714 -0.4546 83.7993
208 752 -0.8804 -0.8873 279.1150
240 752 -0.3835 -0.1106 34.5434
272 752 -0.2916 -0.6714 125.4123
304 752 -1.0269 -0.3147 299.2728
336 752 -0.4540  0.1228 177.6537
368 752 -0.7280  0.4757 96.6668
400 752 -0.0270 -0.0017 18.7341
432 752 -0.3058 -0.4472 15.3880
464 752  0.4610 -0.4998 12.4512
496 752  1.8645 -0.3542 81.6175
528 752 -0.6538 -1.1076 41.9446
560 752 -0.2670 -0.7047 90.6338
592 752 -0.0763 -0.1287 113.9123
624 752 -0.0029 -0.0992 96.6818
656 752 -0.0544 -0.0373 13.4529
688 752 -0.1005 -0.1747 16.3225
720 752 -0.1814  0.1744 11.9424
752 752  0.2108 -0.4364 16.9534
784 752  0.0188 -0.1079 10.5910
816 752 -0.0661 -0.1193  7.4757
848 752  0.0052  0.1739 12.8018
880 752 -0.7421 -0.0654 10.0578
912 752 -0.2193 -0.2246 11.2021
944 752 -0.2256 -1.2513 126.3542
976 752 -0.2206 -0.3139 57.7520
1008 752  0.1964 -0.6772 101.1176
1040 752 -0.0766 -0.0397 129.5067
1072 752 -0.1234  0.0085 18.3561
1104 752 -0.3933  0.0472 73.5069
1136 752 -0.1354 -0.0188 117.0407
1168 752 -0.1192  0.0141 83.8027
 16 784  0.0108 -0.0214 43.3200
 48 784  0.0660 -0.0628 32.2171
 80 784 -0.0004 -0.0518 41.0561
112 784 -0.0048 -0.0114 460.9024
144 784 -0.1180 -0.0193 82.7452
176 784 -0.2990 -0.2911 57.3898
208 784 -0.3409 -0.3121 190.7761
240 784 -0.6789 -1.0499 271.2618
272 784 -0.3783 -0.5547 61.8562
304 784 -0.2087 -0.1802 82.4013
336 784 -0.0270  0.1343 163.9725
368 784  0.1742  1.3950 61.0497
400 784  0.2837  0.2525 18.1044
432 784  0.3117 -0.4087  7.9971
464 784  0.2688 -1.6183  5.4954
496 784  0.2745 -0.3091  4.8336
528 784  0.2916 -0.3365 52.0288
560 784 -0.1248 -0.1829 32.9522
592 784 -0.1778 -0.2747 92.6561
624 784 -0.0882  0.0183 25.4380
656 784 -0.0425  0.0059 14.8906
688 784 -0.1722  0.0391 12.0156
720 784 -0.0267  0.0373 17.9348
752 784 -0.0537 -0.0043 11.2364
784 784 -0.2195  0.1215 12.0205
816 784 -0.0483 -0.1344  8.3998
848 784 -0.1621 -0.1906 10.6105
880 784 -0.1636 -0.0558 10.5340
912 784  0.1150 -0.6024 14.3574
944 784 -0.3607 -0.2824 12.1559
976 784 -0.7773  0.3567  7.8442
1008 784 -0.1462 -0.0840 38.7841
1040 784  0.1059 -0.1080 129.2163
1072 784 -0.0680 -0.0276 99.4744
1104 784 -0.1963  0.1540 117.5668
1136 784 -0.1559  0.0265 64.0747
1168 784 -0.1706 -0.0072 82.1950
 16 816  0.0603 -0.0162 57.7849
 48 816  0.1170 -0.0488 131.3905
 80 816 -0.0020 -0.0447 142.2954
112 816  0.0259 -0.1058 159.1333
144 816 -0.0015 -0.1697 110.9540
176 816 -0.0511 -0.2443 40.2776
208 816 -0.0685 -0.2767 95.1219
240 816 -0.0499 -0.8281 114.7665
272 816 -0.1130 -0.8030 126.4804
304 816  0.3638 -0.1896 167.3584
336 816  1.1384  0.7794 278.5947
368 816  0.2651 -0.3619 46.1386
400 816  0.0552 -1.2793 20.5640
432 816  0.3397 -1.8625 10.1457
464 816  0.3052 -0.2608 10.9686
496 816  0.3763 -0.3729  7.0044
528 816  0.2238 -0.1442 10.0748
560 816 -0.0445 -0.2567 55.1677
592 816 -0.0714 -0.1563 62.5409
624 816 -0.0421 -0.0178 58.7521
656 816 -0.0370 -0.0096 50.2490
688 816 -0.0255  0.0115 12.0815
720 816 -0.0674  0.0457 10.9473
752 816 -0.1944  0.0049  7.8551
784 816 -0.1385 -0.0127 11.0313
816 816 -0.0705 -0.0638  9.8012
848 816 -0.0604 -0.0113 11.2235
880 816  0.0451 -0.0255 14.1835
912 816 -0.1296  0.0492 16.6391
944 816 -0.1080  0.3430  8.1591
976 816 -0.3449  0.9462  7.0002
1008 816  0.3597  0.2614 50.7742
1040 816  0.0024  0.0065 125.8696
1072 816 -0.1175 -0.0981 113.3005
1104 816 -0.2364 -0.0748 63.9842
1136 816 -0.2518 -0.0441 182.8976
1168 816 -0.1540 -0.0333 134.2564
 16 848  0.0560 -0.0098 87.9944
 48 848  0.0989  0.0050 33.7902
 80 848  0.0543 -0.0321 90.8142
112 848  0.0881 -0.0270 173.6384
144 848  0.0953 -0.0675 37.0650
176 848  0.0545 -0.0525 17.8596
208 848  0.0481 -0.1234 159.8492
240 848  0.2528 -0.3730 204.1878
272 848  0.3721 -1.2289 119.6630
304 848  0.9520 -0.8560 50.6530
336 848  2.4198 -0.3137 15.0405
368 848  3.6235  1.0771 16.9083
400 848  0.0803 -0.3433 29.8961
432 848  0.0941 -0.4835  7.8640
464 848  0.2283 -0.3491 11.1156
496 848  0.0951  0.0851  6.7693
528 848  0.0226  0.0067  9.4412
560 848 -0.0530  0.0338 42.8616
592 848 -0.0565  0.0195 72.2527
624 848 -0.0715  0.0646 74.7215
656 848 -0.0103  0.0450 121.4451
688 848 -0.0189  0.0207 24.2556
720 848  0.0059  0.0230 10.4076
752 848  0.0095 -0.0244  6.1186
784 848 -0.1200  0.1181  9.6384
816 848 -0.0135  0.0130 12.8417
848 848  0.0155  0.0575 11.2697
880 848 -0.0245  0.0574 25.2108
912 848 -0.0804  0.1111 10.0392
944 848 -0.1531  0.1740 11.1125
976 848  0.1640  0.2064 24.2153
1008 848  0.5947 -0.0243 88.3210
1040 848  0.0763 -0.2797 161.2804
1072 848 -0.0734 -0.2113 52.7567
1104 848 -0.1821 -0.1385 124.0182
1136 848 -0.0972  0.0016 243.0297
1168 848 -0.2220 -0.0075 112.9660
 16 880  0.0809 -0.0098 26.5134
 48 880  0.1261 -0.0229 58.6878
 80 880  0.1295 -0.0369 179.9230
112 880  0.2691 -0.0478 202.0450
144 880  0.0426 -0.0266 430.9690
176 880  0.2793 -0.1012 424.6043
208 880  0.2693 -0.3517 48.7898
240 880  0.1496 -0.0689 151.1014
272 880  0.6424 -1.1579 67.4525
304 880  2.0882 -1.5290 63.0157
336 880  3.6229 -0.9676 22.0391
368 880 -0.1358  0.1452 14.4062
400 880 -0.0493  0.0521  8.5671
432 880 -0.0416  0.0770 15.5631
464 880  0.0914  0.0194 10.0329
496 880  0.0623 -0.0215  4.1838
528 880 -0.0314 -0.0034 13.3440
560 880 -0.0772  0.0922 15.1510
592 880 -0.0377  0.0465 71.0299
624 880 -0.0375  0.1013 82.7049
656 880 -0.0343  0.0882 36.1497
688 880 -0.0323  0.1090 88.3432
720 880 -0.0029  0.0144 19.0579
752 880 -0.0196 -0.0062 12.4150
784 880 -0.0699  0.0072 10.2102
816 880 -0.0170  0.0830 11.6382
848 880 -0.0714 -0.0355 11.8749
880 880 -0.0230 -0.0222  8.2766
912 880 -0.0515  0.0686 14.6444
944 880  0.0306  0.0575 21.7166
976 880  0.2954  0.1025 20.9675
1008 880  0.2525  0.3699 34.3727
1040 880  0.0431 -0.3583 86.5353
1072 880 -0.0235 -0.2590 31.6517
1104 880 -0.1147 -0.2221 168.5949
1136 880 -0.1169 -0.0939 127.8550
1168 880 -0.1429 -0.0171 207.5773
 16 912  0.1544  0.0053 45.3525
 48 912  0.0950 -0.0180 20.5435
 80 912  0.2240 -0.0262 227.4647
112 912  0.1328 -0.0530 166.4640
144 912  0.2622 -0.0682 364.2361
176 912  0.2995 -0.1197 109.8555
208 912  0.3191 -0.2763 40.6264
240 912  0.7826 -0.8778 270.7359
272 912  0.6999 -1.2514 146.6210
304 912  0.3549 -0.3963 36.4381
336 912  0.1242  0.1882 15.9470
368 912  0.3461  0.0191  9.4930
400 912  0.0277  1.0152 12.0854
432 912  0.0733  0.2260  9.6885
464 912  0.0369  0.1504  5.2037
528 912 -0.0269  0.0207  4.5685
560 912 -0.0439  0.0333 10.8893
592 912 -0.0643  0.0114 25.4034
624 912 -0.0427  0.0604 20.4770
656 912 -0.0373  0.0839 84.8537
688 912 -0.0898  0.1397 60.4324
720 912 -0.0080 -0.0005 11.5798
752 912 -0.0020  0.0101  6.4654
784 912 -0.0100  0.0012 23.1502
816 912 -0.1025  0.0816  8.2565
848 912 -0.0246 -0.0103 10.5331
880 912 -0.0393 -0.0185  7.9173
912 912 -0.0321  0.0981  8.9609
944 912 -0.0632  0.0951  8.3821
976 912 -0.0045  0.0770  9.8987
1008 912  0.1498  0.3642 10.3318
1040 912  0.2080  1.1751  9.1831
1072 912 -0.0821  0.3996 35.3400
1104 912 -0.0035 -0.1996 146.7235
1136 912 -0.0859 -0.0905 109.2323
1168 912 -0.1860 -0.1277 103.9496
 16 944  0.0957 -0.0046 49.0279
 48 944  0.1540  0.0020 16.7441
 80 944  0.2203 -0.0473 102.2250
112 944  0.1620 -0.0356 247.5409
144 944  0.0838 -0.0431 214.8992
176 944  0.2109 -0.1452 174.5901
208 944  0.5567 -0.2004 252.8300
240 944  0.6709 -0.9740 136.5045
272 944  0.1313 -1.0531 96.2085
304 944  0.1412 -0.4065 58.0216
336 944  0.1836 -0.1262 11.6188
368 944 -0.1511  0.2227  8.2343
400 944 -0.0860  0.3820 10.4522
432 944  0.1596  0.1711  5.8142
464 944  0.0448  0.0466  4.6013
496 944  0.0104  0.0433  9.1950
528 944 -0.0280  0.0213  4.8667
592 944 -0.0332  0.0396  5.6549
624 944 -0.0163  0.0181 19.6942
656 944 -0.0422  0.0050 29.7532
688 944 -0.1094  0.0900 66.3106
720 944  0.0042  0.0014  6.9172
752 944 -0.0126 -0.0053  5.2188
784 944  0.0038  0.0046  4.6069
816 944 -0.0130 -0.0130  4.3528
848 944 -0.0114  0.0046  7.6944
880 944 -0.0344  0.0355  6.6879
912 944 -0.1121  0.1351  7.0153
944 944 -0.0582  0.0981 13.6837
976 944 -0.0559  0.1737 16.2490
1008 944 -0.4592  0.2571 10.6065
1040 944 -0.3285  0.3413 12.6828
1072 944  0.1282  0.2362 72.1069
1104 944  0.0089 -0.0687 74.4996
1136 944 -0.0718 -0.0555 43.2329
1168 944 -0.0650 -0.0987 114.6303
 16 976  0.2554 -0.0197 37.5579
 48 976  0.0922 -0.0184 68.8416
 80 976  0.0623 -0.0060 152.0939
112 976  0.1282 -0.0655 297.9249
144 976  0.3020 -0.0447 227.0710
176 976  0.0773 -0.0372 21.8934
208 976  0.1404 -0.1418 105.8472
240 976  0.1291 -0.3274 18.0972
272 976  0.1081 -0.9375 97.2278
304 976  0.0582 -0.8857 52.0184
336 976 -0.1136  0.2727 31.8739
368 976 -0.2463  0.4225  9.1800
400 976 -0.0255  0.4441  5.8294
432 976  0.1265  0.2097  7.6358
464 976  0.0714  0.0892 61.0131
496 976  0.3515 -0.1641 28.0256
528 976  0.0089 -0.0007 32.3303
560 976 -0.0210  0.0149  7.4143
592 976  0.0122  0.0924  5.6579
624 976 -0.1045  0.1650  5.7325
656 976 -0.0253  0.0460  7.9891
688 976  0.0007  0.0128  9.6611
720 976  0.0021  0.0028  4.6194
784 976 -0.0046 -0.0042  4.2241
816 976 -0.0172 -0.0198 11.8249
848 976 -0.0321  0.0289 35.6355
880 976 -0.1253  0.0877  9.0321
912 976 -0.1085  0.3751 10.0916
944 976 -0.0900  0.6804 10.0336
976 976  0.0306  1.8459  8.8999
1008 976 -0.0116  1.3878  9.5765
1040 976  0.0226  0.8133 17.4177
1072 976  0.0215  0.0251 36.8249
1104 976 -0.0356 -0.0302 100.1645
1136 976 -0.0850 -0.0793 107.1748
1168 976 -0.1148 -0.0494 62.8524
 16 1008  0.1236 -0.0358 231.7406
 48 1008  0.3738 -0.0287 33.4122
 80 1008  0.2145 -0.0660 46.1442
112 1008  0.1963 -0.0540 65.2941
144 1008  0.2393 -0.0664 190.0361
176 1008  0.3962 -0.0835 173.6929
208 1008  0.2708 -0.2029 129.5925
240 1008  0.1636 -0.5504 31.6914
272 1008  0.0582 -0.6275 74.0372
304 1008  0.0103 -0.3499 27.3337
336 1008 -0.1071 -0.4481 72.5150
368 1008 -0.3451 -0.2208 53.0604
400 1008 -0.1472  0.0176 58.8875
432 1008  0.1707 -0.0579 31.3287
464 1008  0.2005  0.0052 22.0906
496 1008  0.0306 -0.0217 22.4905
528 1008  0.0106 -0.0464 16.5224
560 1008 -0.0042 -0.0043 12.2973
592 1008  0.1927  0.0103  4.5037
624 1008 -0.0566 -0.1204  4.3344
656 1008 -0.0382 -0.0108  5.7930
784 1008 -0.0184 -0.0116  5.9273
816 1008 -0.0227 -0.0210 22.5838
848 1008 -0.1493 -0.0203 51.1081
880 1008 -0.0446  0.0240 50.2068
912 1008 -0.0755  0.0774 17.2569
944 1008 -0.0245  0.0508 12.8254
976 1008  0.0372  0.0574 20.5565
1008 1008  0.0140  0.1187 18.0380
1040 1008  0.0500  0.1280 41.5959
1072 1008 -0.0051 -0.0364 67.3123
1104 1008 -0.0165 -0.0344 145.9137
1136 1008 -0.0555 -0.0331 16.4517
1168 1008 -0.0578 -0.0303 68.4895
 16 1040  0.0571 -0.0215 64.3617
 48 1040  0.1227 -0.0166 239.8382
 80 1040  0.1111 -0.0354 179.7405
112 1040  0.1267 -0.0867 127.5463
144 1040  0.1720 -0.0686 93.2486
176 1040  0.2842 -0.0968 173.8105
208 1040  0.0943 -0.1992 303.1515
240 1040  0.2593 -0.2093 51.9371
272 1040  0.1740 -0.2937 86.8671
304 1040  0.0633 -0.2185 118.9037
336 1040  0.0576 -0.0733 22.1335
368 1040 -0.0418 -0.0769 111.5569
400 1040  0.1901 -0.0101 75.9230
432 1040  0.1392 -0.0259 42.3090
464 1040  0.0813 -0.0209 18.7266
496 1040  0.1194 -0.0904 27.5928
528 1040  0.0331 -0.0514 14.4102
560 1040 -0.0213 -0.0028 13.3133
592 1040  0.0305 -0.0600 14.6345
624 1040 -0.0410 -0.0210 15.4498
656 1040  0.0197 -0.0153  9.5173
752 1040 -0.0178 -0.0058  5.4125
784 1040 -0.0143  0.0002 14.3731
816 1040 -0.0179  0.0440 25.2263
848 1040 -0.0715  0.0516 32.4009
880 1040 -0.0185  0.0315 18.1324
912 1040 -0.0987  0.0105 84.0804
944 1040 -0.0471  0.0038 35.8604
976 1040 -0.0944  0.0299 118.0411
1008 1040 -0.0421  0.0219 66.8180
1040 1040 -0.0118  0.0117 89.6307
1072 1040 -0.0299  0.0045 91.4625
1104 1040 -0.0590  0.0170 28.8990
1136 1040 -0.0397 -0.0390 71.6992
1168 1040 -0.0285 -0.0964 90.4265
 16 1072  0.1142  0.0015 44.1767
 48 1072  0.0437 -0.0213 146.9766
 80 1072  0.1087 -0.0129 302.2107
112 1072  0.3195 -0.1218 46.4223
144 1072  0.0752 -0.0636 27.5067
176 1072  0.1164 -0.0838 51.3173
208 1072  0.0292 -0.0652 29.6294
240 1072  0.1341 -0.1563 79.3786
272 1072  0.0649 -0.1471 152.5699
304 1072  0.0351 -0.1003 31.5501
336 1072  0.1076 -0.1799 133.8049
368 1072  0.0872 -0.1741 178.5687
400 1072  0.0489 -0.0898 71.1915
432 1072  0.1802 -0.2175 79.0719
464 1072  0.1836 -0.1078 23.8633
496 1072  0.0032 -0.1492 29.4470
528 1072  0.1072 -0.3554 55.2818
560 1072  0.0416 -0.2801 14.3639
592 1072 -0.0054  0.0245  9.2585
624 1072  0.0007 -0.0037 11.8157
656 1072  0.0090 -0.0051 22.8465
688 1072 -0.0130  0.0130  4.2340
752 1072 -0.0339  0.0285  4.2079
784 1072 -0.0135  0.0118  7.2340
816 1072  0.0015  0.0209 12.5030
848 1072 -0.0025 -0.0019 26.3088
880 1072  0.0250  0.0023 19.8381
912 1072  0.0021  0.0077 24.1365
944 1072  0.0334  0.0043 61.7543
976 1072  0.0512  0.0711 52.8782
1008 1072  0.0042  0.0169 25.4443
1040 1072  0.0016  0.0008 113.0979
1072 1072  0.0077  0.0100 23.1944
1104 1072 -0.0126 -0.0200 177.1785
1136 1072 -0.0100 -0.0286 18.8911
1168 1072 -0.0143 -0.0776 78.7471
 16 1104  0.0542 -0.0097 66.5756
 48 1104  0.4252 -0.0441 101.6113
 80 1104  0.0645 -0.0007 25.2251
112 1104  0.1195 -0.0391 71.7296
144 1104  0.1725 -0.0975 65.5880
176 1104  0.1589 -0.0813 65.8703
208 1104  0.0616 -0.2214 32.3336
240 1104  0.2354 -0.1484 129.6875
272 1104  0.1024 -0.1220 208.5949
304 1104  0.1861 -0.0882 259.6772
336 1104  0.1142 -0.1862 261.3190
368 1104  0.0950 -0.1647 116.9228
400 1104  0.1125 -0.1746 61.8979
432 1104  0.1401 -0.0909 185.1289
464 1104  0.1229 -0.1420 128.7900
496 1104  0.0161 -0.0275 16.9085
528 1104  0.0107 -0.0500 13.8327
560 1104 -0.0031 -0.0087 12.5212
592 1104  0.0200 -0.1077 15.6939
624 1104 -0.0031 -0.1643 17.7603
656 1104 -0.0330  0.0039 19.1469
688 1104  0.0246 -0.0248  6.1637
848 1104 -0.0166  0.0168  5.0387
880 1104 -0.0255  0.0221  6.0871
912 1104 -0.0063  0.0074 13.5347
944 1104  0.0041 -0.0023 14.4782
976 1104 -0.0020  0.0236  9.0500
1008 1104  0.0247  0.0040 20.2996
1040 1104  0.0120  0.0077 28.0420
1072 1104  0.0409 -0.0035 18.3630
1104 1104  0.0241  0.0086 20.2436
1136 1104  0.0144  0.0028 17.5912
1168 1104  0.0011  0.0652 53.6778
 16 1136  0.0995 -0.0050 17.3835
 48 1136  0.2720 -0.0386 42.0182
 80 1136  0.0539 -0.0118 149.0805
112 1136  0.1438 -0.0419 58.3563
144 1136  0.1257 -0.2449 193.1937
176 1136  0.0773 -0.0652 237.9906
208 1136  0.1186 -0.0785 104.2162
240 1136  0.5280 -0.0903 91.2245
272 1136  0.0112 -0.2262 97.0921
304 1136  0.0927 -0.1655 122.9445
336 1136  0.1161 -0.1042 88.3946
368 1136  0.0610 -0.2425 158.7642
400 1136  0.1002 -0.2064 97.9077
432 1136  0.0986 -0.0607 111.7420
464 1136  0.0881 -0.1794 33.9681
496 1136  0.1550 -0.1043 39.7511
528 1136 -0.0079 -0.0745 11.6821
560 1136  0.0225  0.0067 16.0031
592 1136  0.0343 -0.0387 11.9970
624 1136 -0.0200 -0.0152 29.9759
656 1136  0.0610 -0.0358 30.1297
688 1136  0.0020  0.0026 14.4825
720 1136  0.0244 -0.0363  5.6675
752 1136  0.0299 -0.0502  5.4179
784 1136 -0.0746 -0.0028  5.4653
816 1136 -0.0339 -0.0351 10.1592
848 1136  0.0356 -0.0327  9.9306
880 1136  0.0277 -0.0310  4.2930
976 1136 -0.0213 -0.0144  4.2875
1008 1136 -0.0032  0.0009  5.1210
1040 1136 -0.0052 -0.0278  4.7804
1072 1136  0.0057  0.0055  5.4268
1104 1136 -0.0285 -0.0174  8.1446
1136 1136 -0.0084 -0.0010  9.4822
1168 1136  0.0017  0.0024 17.4314
 16 1168  0.0350 -0.0477 30.5928
 48 1168  0.0585  0.0111 21.5960
 80 1168  0.0691 -0.0748 24.3601
112 1168  0.2382 -0.0606 51.0466
144 1168  0.0604 -0.0314 114.3458
176 1168  0.0764 -0.0432 152.1607
208 1168  0.1046 -0.1501 208.2829
240 1168  0.0781 -0.0409 36.4785
272 1168  0.0985 -0.0539 171.0119
304 1168  0.1093 -0.1268 78.4949
336 1168  0.1424 -0.1300 89.4787
368 1168  0.1080 -0.1877 235.9195
400 1168  0.3055 -0.1314 116.3408
432 1168  0.0998 -0.1281 43.5355
464 1168  0.1158 -0.0945 123.5841
496 1168  0.0121 -0.0111 13.8533
528 1168 -0.0007  0.0041 14.5707
560 1168  0.0431  0.0186 10.9969
592 1168  0.0109 -0.0039 14.3581
624 1168  0.0663 -0.0209 14.9563
656 1168  0.0261 -0.0287 17.1335
688 1168  0.0132  0.0115 18.7451
720 1168 -0.0027 -0.0048 13.1531
752 1168 -0.0162 -0.0017 11.0599
784 1168  0.0206 -0.0153  8.5384
816 1168  0.0489  0.0103 13.4178
848 1168  0.0212  0.0212 14.8001
880 1168 -0.0024 -0.0149 12.9742
912 1168 -0.0166  0.0033 11.9196
944 1168 -0.0141 -0.0173  5.6355
976 1168 -0.0143  0.0242  4.9933
1104 1168  0.0070  0.0328  4.1966
1136 1168 -0.0223  0.0456  4.5978
1168 1168  0.0117 -0.0001  4.6535
 16 1200  0.1202 -0.0443 121.2691
 48 1200  0.0928 -0.0313 32.3620
 80 1200  0.0273  0.0015 14.9254
112 1200  0.0209 -0.0182 34.1807
144 1200  0.1341 -0.1062 95.4267
176 1200  0.1129 -0.0413 90.4062
208 1200  0.0711 -0.1446 71.9940
240 1200  0.3248 -0.0935 51.8115
272 1200  0.0951 -0.1591 94.1713
304 1200  0.0068 -0.0593 20.0768
336 1200  0.0924 -0.0939 177.9743
368 1200  0.1316 -0.1188 40.8469
400 1200  0.1134 -0.1490 393.4661
432 1200  0.0712 -0.0483 22.3992
464 1200  0.0377 -0.0121 15.5768
496 1200 -0.0083  0.0049 20.0170
528 1200 -0.0180  0.0108 14.9034
560 1200  0.0384  0.0045 13.5903
592 1200  0.0051 -0.0196 15.1717
624 1200 -0.0089 -0.0057 43.7993
656 1200  0.0047  0.0013 43.2942
688 1200 -0.0076  0.0074 13.1558
720 1200 -0.0274 -0.0356 19.9628
752 1200 -0.0274  0.0096 15.9717
784 1200 -0.1167  0.0229 10.9298
816 1200 -0.0148 -0.0404 12.5254
848 1200  0.0079  0.0188 12.2785
880 1200  0.0235 -0.0060 12.7836
912 1200  0.0030  0.0015 15.2971
944 1200  0.0064  0.0052 15.0562
976 1200  0.0064  0.0096 14.8159
1008 1200 -0.0165 -0.0093 12.1269
1040 1200 -0.0058  0.0029  8.1856
1072 1200  0.0208 -0.0425  6.0511
1104 1200  0.0122  0.0299  4.9009
1136 1200  0.0000 -0.0661  4.3843
1168 1200  0.0070 -0.0564  4.2487
 16 1232  0.0109 -0.0027 52.3686
 48 1232  0.0253 -0.0267 60.8936
 80 1232  0.0932 -0.0459 195.0732
112 1232  0.1221 -0.0380 62.4642
144 1232  0.0340 -0.0226 185.1992
176 1232  0.1071 -0.0815 203.7059
208 1232  0.3558 -0.2328 122.6658
240 1232  0.0398 -0.0232 52.7612
272 1232  0.0625 -0.0538 133.6851
304 1232  0.0428 -0.0821 392.2636
336 1232  0.0859 -0.1144 166.8694
368 1232  0.0670 -0.1040 257.0558
400 1232  0.0873 -0.1790 189.9820
432 1232  0.0308 -0.1517 17.0411
464 1232  0.0123 -0.0625 30.0907
496 1232  0.0305 -0.0122 22.6978
528 1232  0.0019 -0.0049 11.5588
560 1232  0.0089 -0.0301 21.1899
592 1232  0.0144  0.0044 17.8065
624 1232 -0.0353 -0.0222 11.3719
656 1232 -0.0170 -0.0226 12.7879
688 1232  0.0324  0.0087  9.7340
720 1232 -0.0037  0.0029 12.8564
752 1232 -0.0331 -0.0137 18.3944
784 1232  0.0275 -0.0081 14.0116
816 1232  0.0332  0.0424 19.5121
848 1232 -0.0098  0.0150 14.9282
880 1232 -0.1090  0.0887 11.3995
912 1232  0.0122  0.0089 13.4400
944 1232 -0.0217  0.0136 13.3054
976 1232  0.0238 -0.0107 11.0187
1008 1232  0.0670  0.0050 13.9247
1040 1232 -0.0032  0.0090 16.6058
1072 1232  0.0424 -0.0121 11.7698
1104 1232 -0.0240 -0.0008 12.8853
1136 1232 -0.0018 -0.0185 11.6303
1168 1232 -0.0061  0.0021 12.4236
 16 1264  0.0603 -0.0082 20.1307
 48 1264 -0.0091 -0.0515 22.8241
 80 1264  0.1048 -0.0175 318.6466
112 1264  0.0714 -0.0294 139.0862
144 1264  0.0648 -0.1326 83.5585
176 1264  0.1226 -0.0406 93.0399
208 1264  0.0207 -0.0702 125.3448
240 1264  0.0777 -0.0901 90.6713
272 1264  0.0773 -0.1208 81.1415
304 1264  0.0412 -0.1236 97.7426
336 1264  0.0953 -0.1390 245.6897
368 1264  0.2534 -0.1390 98.3795
400 1264  0.0904 -0.1075 265.0153
432 1264  0.1742 -0.1067 199.1500
464 1264  0.0219 -0.0418 16.1615
496 1264  0.0201 -0.0329 13.5974
528 1264 -0.0246 -0.0102 14.7192
560 1264 -0.0149 -0.0122 12.9403
592 1264  0.0093  0.0426 12.1496
624 1264  0.0109 -0.0031 21.1659
656 1264  0.0224 -0.0353 14.1988
688 1264  0.0122 -0.0280 10.6799
720 1264  0.0237 -0.0114 12.5879
752 1264 -0.0053  0.0228 25.7821
784 1264 -0.0792 -0.0087 11.2666
816 1264  0.0660  0.0328 17.5824
848 1264  0.0421  0.0129 10.8015
880 1264  0.0494  0.0023  9.2816
912 1264  0.0137 -0.0118 11.0242
944 1264  0.0264  0.0228 12.7743
976 1264 -0.0266  0.0022 10.4380
1008 1264  0.0222  0.0604  9.8321
1040 1264  0.0347 -0.0370 10.2951
1072 1264 -0.0227 -0.0004 10.1109
1104 1264 -0.1322 -0.0243 10.4189
1136 1264  0.0888 -0.0131  9.7753
1168 1264 -0.0310  0.0043 12.5027
 16 1296  0.0499 -0.0158 26.1396
 48 1296  0.0596 -0.0298 20.1622
 80 1296  0.0540 -0.0140 29.4358
112 1296  0.0733 -0.0331 23.6721
144 1296  0.0246 -0.0422 22.4686
176 1296  0.0417 -0.1258 160.3742
208 1296  0.1642 -0.1800 144.0098
240 1296  0.0665 -0.0680 39.6616
272 1296  0.1148 -0.0904 20.2631
304 1296  0.0490 -0.0800 37.7498
336 1296  0.0765 -0.0549 354.9195
368 1296  0.1033 -0.1506 188.5068
400 1296  0.0512 -0.0996 106.0877
432 1296  0.1414 -0.1274 107.0201
464 1296  0.0611 -0.0234 27.2763
496 1296 -0.0168 -0.0220 29.2050
528 1296  0.0017  0.0007 12.6540
560 1296  0.0022 -0.0146 24.5462
592 1296  0.0347  0.0167 14.2678
624 1296 -0.0302  0.0009 13.6729
656 1296  0.0147 -0.0013 13.1968
688 1296 -0.0220 -0.0144 12.4080
720 1296 -0.0071 -0.0218 11.8753
752 1296 -0.0104 -0.0109 14.9642
784 1296 -0.0114  0.0075 10.9103
816 1296 -0.0101  0.0722 11.4321
848 1296  0.0125  0.0070 12.5233
880 1296  0.0120  0.0328 10.5076
912 1296  0.0156  0.0303 10.9606
944 1296  0.0243 -0.0480 11.7287
976 1296  0.0452 -0.0379 11.5042
1008 1296  0.0079  0.0293  9.4729
1040 1296 -0.0038 -0.0590  8.3336
1072 1296 -0.0471 -0.0681  9.4300
1104 1296 -0.0623 -0.0272 10.3452
1136 1296 -0.0068 -0.0020 10.1949
1168 1296  0.0052  0.0081  9.9261
  0   0 -0.0448  0.0084  0.0000
  0   0 -0.0997 -0.0062  0.0000
  0   0 -0.0101 -0.0028  0.0000
  0   0 -0.0377  0.0064  0.0000
  0   0  0.0015 -0.0018  0.0000
  0   0  0.1270 -0.0263  0.0000
  0   0  0.1128 -0.0392  0.0000
  0   0  0.1079 -0.0727  0.0000
  0   0  0.0794 -0.1104  0.0000
  0   0  0.0960 -0.1757  0.0000
  0   0  0.1479 -0.2084  0.0000
  0   0  0.1116 -0.1486  0.0000
  0   0  0.1167 -0.1290  0.0000
  0   0  0.0818 -0.1128  0.0000
  0   0  0.0912 -0.0955  0.0000
  0   0  0.0939 -0.1225  0.0000
  0   0  0.0643 -0.0848  0.0000
  0   0  0.0760 -0.0573  0.0000
  0   0 -0.0010  0.0238  0.0000
  0   0 -0.0831  0.0572  0.0000
  0   0 -0.0891  0.0760  0.0000
  0   0 -0.0817  0.0691  0.0000
  0   0 -0.0493  0.0676  0.0000
  0   0 -0.0575  0.0447  0.0000
  0   0 -0.0285  0.0235  0.0000
  0   0 -0.0341  0.0026  0.0000
  0   0 -0.0262 -0.0078  0.0000
  0   0 -0.0235  0.0071  0.0000
  0   0 -0.0194  0.0358  0.0000
  0   0 -0.0093  0.0712  0.0000
  0   0  0.0111  0.0420  0.0000
  0   0  0.0230  0.0358  0.0000
  0   0  0.0303  0.0129  0.0000
  0   0  0.0250 -0.0451  0.0000
  0   0  0.0221 -0.0544  0.0000
  0   0 -0.0094 -0.0364  0.0000
  0   0 -0.0349 -0.0827  0.0000
  0   0 -0.0697 -0.0943  0.0000
  0   0 -0.0788 -0.0649  0.0000
  0   0 -0.0534 -0.0343  0.0000
  0   0 -0.0478 -0.0067  0.0000
  0   0 -0.0746  0.0050  0.0000
  0   0 -0.0992  0.0067  0.0000
  0   0 -0.0732  0.0129  0.0000
  0   0 -0.0746  0.0207  0.0000
  0   0 -0.0578  0.0213  0.0000
  0   0  0.1856 -0.0168  0.0000
  0   0  0.1652 -0.0643  0.0000
  0   0  0.1495 -0.1189  0.0000
  0   0  0.1328 -0.1741  0.0000
  0   0  0.1381 -0.2275  0.0000
  0   0  0.1551 -0.2492  0.0000
  0   0  0.1432 -0.2203  0.0000
  0   0  0.1355 -0.1891  0.0000
  0   0  0.1154 -0.1580  0.0000
  0   0  0.1061 -0.1270  0.0000
  0   0  0.0884 -0.1040  0.0000
  0   0  0.0515 -0.0539  0.0000
  0   0  0.0115  0.0049  0.0000
  0   0 -0.0651  0.0789  0.0000
  0   0 -0.1388  0.1278  0.0000
  0   0 -0.1657  0.1505  0.0000
  0   0 -0.1613  0.1457  0.0000
  0   0 -0.1330  0.1262  0.0000
  0   0 -0.1096  0.0919  0.0000
  0   0 -0.0778  0.0567  0.0000
  0   0 -0.0602  0.0292  0.0000
  0   0 -0.0446  0.0183  0.0000
  0   0 -0.0325  0.0300  0.0000
  0   0 -0.0198  0.0538  0.0000
  0   0 -0.0032  0.0733  0.0000
  0   0  0.0170  0.0607  0.0000
  0   0  0.0314  0.0397  0.0000
  0   0  0.0360  0.0035  0.0000
  0   0  0.0262 -0.0463  0.0000
  0   0  0.0076 -0.0761  0.0000
  0   0 -0.0254 -0.0908  0.0000
  0   0 -0.0587 -0.1175  0.0000
  0   0 -0.0892 -0.1228  0.0000
  0   0 -0.1020 -0.0994  0.0000
  0   0 -0.0970 -0.0647  0.0000
  0   0 -0.0974 -0.0288  0.0000
  0   0 -0.1111 -0.0023  0.0000
  0   0 -0.1243  0.0152  0.0000
  0   0 -0.1218  0.0296  0.0000
  0   0 -0.1233  0.0417  0.0000
  0   0 -0.1199  0.0500  0.0000
  0   0  0.2401 -0.0076  0.0000
  0   0  0.2134 -0.0888  0.0000
  0   0  0.1909 -0.1698  0.0000
  0   0  0.1761 -0.2438  0.0000
  0   0  0.1739 -0.2988  0.0000
  0   0  0.1771 -0.3185  0.0000
  0   0  0.1733 -0.2991  0.0000
  0   0  0.1641 -0.2584  0.0000
  0   0  0.1486 -0.2098  0.0000
  0   0  0.1282 -0.1575  0.0000
  0   0  0.0938 -0.0988  0.0000
  0   0  0.0377 -0.0240  0.0000
  0   0 -0.0396  0.0627  0.0000
  0   0 -0.1335  0.1494  0.0000
  0   0 -0.2161  0.2135  0.0000
  0   0 -0.2581  0.2420  0.0000
  0   0 -0.2555  0.2332  0.0000
  0   0 -0.2199  0.1955  0.0000
  0   0 -0.1721  0.1414  0.0000
  0   0 -0.1244  0.0874  0.0000
  0   0 -0.0876  0.0487  0.0000
  0   0 -0.0607  0.0354  0.0000
  0   0 -0.0397  0.0478  0.0000
  0   0 -0.0189  0.0729  0.0000
  0   0  0.0046  0.0904  0.0000
  0   0  0.0289  0.0835  0.0000
  0   0  0.0463  0.0525  0.0000
  0   0  0.0493  0.0022  0.0000
  0   0  0.0337 -0.0564  0.0000
  0   0  0.0022 -0.1069  0.0000
  0   0 -0.0401 -0.1437  0.0000
  0   0 -0.0828 -0.1672  0.0000
  0   0 -0.1167 -0.1676  0.0000
  0   0 -0.1348 -0.1415  0.0000
  0   0 -0.1397 -0.0977  0.0000
  0   0 -0.1425 -0.0489  0.0000
  0   0 -0.1499 -0.0065  0.0000
  0   0 -0.1598  0.0255  0.0000
  0   0 -0.1680  0.0488  0.0000
  0   0 -0.1758  0.0666  0.0000
  0   0 -0.1828  0.0816  0.0000
