VARIABLES= "X pix", "Y pix", "U pix/dt", "V pix/dt", "CHC", ZONE I=37, J=41
304  16 -0.1699 -0.0176 59.5809
336  16 -0.1147 -0.0290 18.9118
368  16 -0.0897 -0.0513 24.6753
400  16 -0.0509 -0.0550 88.5845
496  16 -0.0513 -0.0400 89.0435
528  16 -0.0593 -0.0344 39.0095
560  16 -0.0498 -0.0234 40.9600
592  16  0.0211 -0.0145 50.5679
624  16  0.1079 -0.0182 54.6133
656  16  0.0589 -0.0225 46.5454
688  16  0.0306 -0.0011 273.0666
304  48  0.0052  0.0616 52.5128
336  48 -0.0113  0.0818 29.4676
368  48 -0.0067  0.0760 110.7027
496  48  0.0564  0.0849 71.8596
528  48  0.0003 -0.0001 27.3067
560  48  0.0073  0.0072 40.5122
592  48  0.0000  0.2954 120.1173
688  48 -0.0199  0.2301 227.5554
720  48 -0.0503  0.0957 29.2571
752  48 -0.0395 -0.0015 36.2478
784  48 -0.0191  0.0000 32.8318
816  48  0.0000  0.2877 254.2344
304  80 -0.0050  0.2019 49.3494
336  80 -0.0348  0.0909 30.7970
368  80 -0.0166  0.0187 50.5679
400  80 -0.0218 -0.0063 47.0804
432  80 -0.0649 -0.0161 43.5745
464  80 -0.0801  0.0035 4095.9939
496  80  0.0022  0.0769 71.8596
528  80  0.0682  0.1198 28.4444
560  80  0.0584  0.0546 44.5799
592  80  0.0000 -0.0356 36.8839
688  80 -0.0978  0.0146 341.3332
720  80 -0.2339 -0.0107 80.3137
752  80 -0.2276  0.0102 87.1489
784  80 -0.0678 -0.0279 64.6057
816  80  0.5000 -0.2211 87.1489
 16 144 -0.1338 -0.1652 252.4963
 48 144 -0.0579 -0.0615 137.2480
 80 144 -0.0785 -0.0906 132.9283
112 144 -0.1323 -0.0339 41.1723
144 144 -0.0693 -0.0203 162.9469
176 144 -0.0807 -0.0327 176.0529
208 144 -0.0361 -0.0287 148.2472
240 144 -0.0538 -0.0240 147.0443
272 144 -0.0279 -0.0130 46.5492
304 144 -0.0467  0.0041 127.1331
336 144 -0.0184  0.0288 49.9681
368 144  0.0954  0.0300 165.5822
400 144 -0.0012  0.0296 67.7555
432 144  0.0003  0.0218 171.3088
464 144 -0.0161  0.0764 143.0546
496 144 -0.0202  0.0702 194.5761
528 144 -0.0604  0.0398 218.9367
560 144  0.0709  0.1248 76.6575
592 144 -0.0599  0.0555 176.7074
624 144 -0.0347  0.0596 100.5171
656 144 -0.0731  0.0768 233.5620
688 144 -0.0257  0.0482 99.9027
720 144 -0.0495  0.0406 176.8559
752 144 -0.0253  0.0508 145.4757
784 144 -0.0159  0.0075 86.2095
816 144 -0.0109  0.0619 148.3995
848 144 -0.0109  0.0137 171.5672
880 144 -0.0638  0.0368 71.1793
912 144 -0.0157  0.0267 152.9810
944 144 -0.0139  0.0412 125.4356
976 144 -0.0567  0.0502 82.0002
1008 144 -0.1060  0.0264 42.4828
1040 144 -0.0295  0.0671 98.4136
1072 144 -0.0100  0.0880 123.4043
1104 144 -0.0438  0.0405 114.9162
1136 144 -0.0729  0.0977 79.7438
1168 144 -0.0548  0.0711 69.2560
 16 176 -0.1435 -0.0694 41.5856
 48 176 -0.0609 -0.0494 368.4718
 80 176 -0.0483 -0.1169 281.5973
112 176 -0.0469  0.0017 150.0244
144 176 -0.0942 -0.1254 125.2334
176 176 -0.0477 -0.0144 236.5847
208 176 -0.1348 -0.0488 167.2358
240 176 -0.0645 -0.0393 195.1821
272 176 -0.0233 -0.0257 158.7499
304 176 -0.0311 -0.0012 169.6005
336 176 -0.0435  0.0247 146.5740
368 176 -0.0934 -0.0565 215.2439
400 176  0.0296  0.0240 228.0375
432 176 -0.0016  0.0273 154.9082
464 176 -0.0373  0.0729 160.4166
496 176 -0.0145  0.0655 209.9041
528 176  0.0143  0.1001 52.2734
560 176 -0.0353  0.0816 117.7140
592 176 -0.0562  0.0515 79.8134
624 176 -0.0180  0.0587 266.8846
656 176 -0.0707  0.0373 247.3099
688 176 -0.0122  0.0246 134.1500
720 176 -0.0166  0.0346 85.7116
752 176  0.0022  0.0388 279.6533
784 176 -0.0068  0.0646 95.7650
816 176 -0.0097  0.0237 84.4387
848 176 -0.0135  0.0121 181.4523
880 176 -0.0169  0.0308 69.1151
912 176 -0.0355  0.0353 129.4376
944 176 -0.0385  0.0373 141.6144
976 176 -0.0370  0.0382 95.6939
1008 176 -0.0496  0.0717 101.3912
1040 176 -0.0254  0.0505 40.5756
1072 176 -0.0415  0.0477 149.7681
1104 176 -0.0460  0.1396 89.5155
1136 176 -0.0742  0.0932 150.6624
1168 176 -0.0585  0.0704 183.3930
 16 208 -0.1216 -0.0360 36.8242
 48 208 -0.1329 -0.1608 202.9100
 80 208 -0.1519 -0.0730 283.4115
112 208 -0.0843 -0.0964 173.9388
144 208 -0.0548 -0.0612 120.3598
176 208 -0.0675 -0.0311 210.0057
208 208 -0.0717 -0.0661 212.1610
240 208 -0.0348 -0.0158 152.7690
272 208 -0.0439 -0.0126 112.0717
304 208 -0.0409 -0.0082 149.4646
336 208 -0.0231  0.0205 189.3238
368 208 -0.0076  0.0453 386.1833
400 208 -0.0441  0.0241 128.6037
432 208 -0.0410  0.0548 103.7551
464 208 -0.0266  0.0475 307.4869
496 208 -0.0247  0.0661 131.6541
528 208 -0.0197  0.0699 150.8852
560 208  0.0197  0.0476 146.5308
592 208 -0.0224  0.1027 84.2733
624 208 -0.0482  0.0294 150.7974
656 208 -0.0341  0.0362 124.4733
688 208 -0.0408  0.0413 109.9197
720 208  0.1508  0.0074 157.2431
752 208 -0.0150  0.0299 132.5416
784 208 -0.0172  0.0158 229.1741
816 208 -0.0156  0.0130 171.6279
848 208 -0.0123  0.0169 160.7997
880 208 -0.0200  0.0206 261.0720
912 208 -0.0412  0.0361 53.2882
944 208 -0.0096  0.0465 86.9414
976 208 -0.0261  0.0344 147.7671
1008 208 -0.0265  0.0736 190.0612
1040 208 -0.0421  0.0568 112.5237
1072 208 -0.0663  0.0560 160.8505
1104 208 -0.0551  0.1104 99.1165
1136 208 -0.0640  0.0854 94.9900
1168 208 -0.0382  0.0656 119.8654
 16 240 -0.1053 -0.0945 59.5857
 48 240 -0.0134 -0.0449 11.4385
 80 240 -0.0811 -0.1176 75.9756
112 240 -0.1366 -0.0990 65.8383
144 240 -0.2090 -0.0966 128.7548
176 240 -0.0709 -0.0703 141.6407
208 240 -0.0934 -0.1329 87.7343
240 240 -0.0952 -0.0453 244.8971
272 240 -0.0898 -0.0115 75.6817
304 240 -0.0242 -0.0182 246.1005
336 240 -0.0371  0.0260 133.6253
368 240 -0.0323  0.0492 136.7997
400 240 -0.0376  0.0503 197.7606
432 240 -0.0146  0.0458 259.6932
464 240 -0.0137  0.0457 131.8416
496 240 -0.0471  0.1217 267.1705
528 240 -0.0139  0.0835 79.5642
560 240 -0.0013  0.0596 124.6625
592 240 -0.0182  0.0730 147.5168
624 240 -0.0412  0.0269 115.2038
656 240 -0.0407  0.0327 131.7422
688 240 -0.0027  0.0387 79.5359
720 240  0.1107 -0.0306 171.1058
752 240 -0.0289  0.0175 225.3822
784 240 -0.0132  0.0149 92.6714
816 240 -0.0225  0.0170 167.4134
848 240  0.0022  0.0043 141.5394
880 240 -0.0100  0.0172 105.5115
912 240  0.0058  0.0472 93.8126
944 240 -0.0503  0.0357 77.2091
976 240 -0.0640  0.0552 114.3220
1008 240 -0.0086  0.0175 108.8732
1040 240 -0.0533  0.0698 169.8837
1072 240 -0.0528  0.0600 153.4298
1104 240 -0.0627  0.1231 122.2180
1136 240 -0.0165  0.2210 124.3670
1168 240 -0.0571  0.0409 203.2952
 16 272 -0.1439 -0.1431 43.1979
 48 272 -0.0487 -0.0896 277.8770
 80 272 -0.2153 -0.2258 143.2838
112 272 -0.1633 -0.4017 159.0165
144 272 -0.1679 -0.0826 151.8176
176 272 -0.0619 -0.0835 237.9696
208 272 -0.0835 -0.0915 59.1165
240 272 -0.0409 -0.0513 63.9652
272 272 -0.0250 -0.0104 267.5137
304 272 -0.0637 -0.0146 114.0454
336 272 -0.0635  0.0198 110.2473
368 272 -0.0471  0.0294 116.5945
400 272 -0.0063  0.0365 245.6020
432 272 -0.0703  0.0392 173.9552
464 272 -0.0229  0.0368 88.2786
496 272  0.0016  0.0807 225.3467
528 272 -0.0490  0.0424 134.7713
560 272 -0.0196  0.0067 34.8387
592 272 -0.0216  0.0875 120.1077
624 272 -0.0088  0.0308 122.7924
656 272 -0.0172  0.0535 166.9585
688 272 -0.0205  0.0224 90.6372
720 272 -0.0182  0.0266 63.9337
752 272 -0.0116  0.0241 115.7395
784 272 -0.0045  0.0055 116.2979
816 272 -0.0004 -0.0131 227.8645
848 272 -0.0086  0.0020 106.9069
880 272 -0.0146 -0.0092 71.8507
912 272 -0.0192  0.0197 88.5441
944 272 -0.0046  0.0288 158.1295
976 272 -0.0242  0.0380 190.2157
1008 272 -0.0431  0.0433 108.2788
1040 272 -0.0204  0.0671 135.8589
1072 272 -0.0494  0.1272 67.8742
1104 272 -0.0558  0.0446 100.1919
1136 272 -0.0209  0.0967 30.0659
1168 272 -0.0238  0.0305 33.6123
 16 304 -0.0810 -0.1214 166.0932
 48 304 -0.3249 -0.1037 367.9707
 80 304 -0.3383 -0.2173 131.0409
112 304 -0.0939 -0.1905 203.9206
144 304 -0.1230 -0.0751 204.5336
176 304 -0.0990 -0.2673 181.2039
208 304 -0.0909 -0.1142 288.6227
240 304 -0.0933 -0.1435 95.7023
272 304 -0.1357 -0.0472 137.3080
304 304 -0.0927 -0.0401 165.6645
336 304 -0.0524 -0.0205 88.8238
368 304 -0.0596  0.0084 75.7016
400 304 -0.0025  0.0276 34.6706
432 304 -0.0090  0.0641 54.9130
464 304 -0.0021  0.0579 136.3083
496 304 -0.0022  0.0927 213.3977
528 304 -0.0058  0.0884 137.5385
560 304 -0.0332  0.1091 173.6711
592 304  0.0048  0.0101 172.9830
624 304 -0.0102  0.0327 323.5183
656 304 -0.0217  0.0429 80.6083
688 304 -0.0108  0.0136 93.1995
720 304  0.0040  0.0161 107.5578
752 304 -0.0099  0.0393 83.7439
784 304  0.0102 -0.0077 170.7042
816 304 -0.0089  0.0379 124.4636
848 304 -0.0004  0.0391 85.4440
880 304  0.0103  0.0709 120.6332
912 304 -0.0101  0.0114 93.1855
944 304 -0.0182  0.0378 87.8549
976 304  0.0048 -0.0019 206.9775
1008 304 -0.0259  0.0509 60.7394
1040 304 -0.0285  0.0357 66.4954
1072 304 -0.0666  0.1377 122.9376
1104 304 -0.0463  0.0792 234.5162
1136 304 -0.0606  0.0915 85.9181
1168 304 -0.1060  0.1369 89.7625
 16 336 -0.0634 -0.1703 64.9405
 48 336 -0.0129 -0.3662 240.8051
 80 336 -0.2551 -0.1306 195.5037
112 336 -0.1850 -0.2460 140.6843
144 336 -0.1670 -0.2099 250.0946
176 336 -0.2112 -0.1849 338.3590
208 336 -0.0337 -0.1002 32.6688
240 336 -0.1371 -0.1233 167.8220
272 336 -0.0954 -0.0523 34.4947
304 336 -0.1579 -0.0450 89.7223
336 336 -0.0717 -0.0939 263.8505
368 336 -0.0283  0.0040 150.3092
400 336 -0.0509 -0.0030 112.7338
432 336 -0.0314  0.0456 157.5305
464 336 -0.0241  0.1198 164.5604
496 336 -0.0140  0.0203 59.2929
528 336 -0.0074  0.0855 162.1241
560 336 -0.0308  0.0299 144.9505
592 336 -0.0077  0.0477 235.8426
624 336 -0.0080  0.0654 111.2366
656 336 -0.0229  0.0642 125.0848
688 336  0.0026  0.0372 118.4045
720 336 -0.0104  0.0179 155.3929
752 336  0.0018  0.0118 185.2687
784 336 -0.0058 -0.0122 87.6707
816 336  0.0053 -0.0081 96.4398
848 336  0.0125  0.0005 135.6394
880 336 -0.0004  0.0076 123.0927
912 336 -0.0056 -0.0051 98.8323
944 336 -0.0378  0.0263 179.1304
976 336 -0.0223  0.0327 90.2723
1008 336 -0.0493  0.0880 107.3798
1040 336 -0.0056 -0.0118 139.8176
1072 336 -0.0639  0.0974 114.6610
1104 336 -0.0343  0.0751 197.6353
1136 336 -0.0686  0.1142 90.6435
1168 336 -0.0865  0.0759 70.3561
 16 368 -0.3359 -0.1612 30.6707
 48 368 -0.0891 -0.1688 41.3248
 80 368 -0.2779 -0.2658 220.0195
112 368 -0.3772 -0.3176 28.1616
144 368 -0.1373 -0.4285 28.5190
176 368 -0.1345 -0.2995 116.0658
208 368 -0.2175 -0.2302 103.4088
240 368 -0.2274 -0.1966 146.3942
272 368 -0.1851 -0.1192 30.4954
304 368 -0.0816 -0.0512 390.8934
336 368 -0.1160 -0.1123 271.0529
368 368 -0.0625 -0.0174 216.4089
400 368 -0.0481  0.0168 394.2988
432 368 -0.0259  0.0316 215.4243
464 368 -0.0019  0.0694 104.1639
496 368 -0.0420  0.0689 320.6505
528 368 -0.0209  0.0802 121.3828
560 368 -0.0244  0.0871 98.3919
592 368  0.0036  0.0679 181.9086
624 368 -0.0047  0.0323 216.6579
656 368 -0.0302  0.0483 118.4484
688 368 -0.0219  0.0383 53.6837
720 368 -0.0064 -0.0056 166.7255
752 368  0.0166  0.0044 107.9482
784 368  0.0026 -0.0136 132.2935
816 368 -0.0028 -0.0043 205.2489
848 368  0.0008 -0.0071 81.8841
880 368  0.0207  0.0149 148.6729
912 368  0.0086 -0.0094 106.1486
944 368 -0.0015  0.0554 251.2741
976 368  0.0169  0.0814 52.4183
1008 368  0.0042  0.0986 333.8995
1040 368 -0.0342  0.0838 253.1061
1072 368 -0.0574  0.0822 104.5990
1104 368 -0.0913  0.1742 112.1604
1136 368 -0.1048  0.1181 120.3259
1168 368 -0.1161  0.1302 109.0493
 16 400 -0.4870 -0.2214 89.0007
 48 400 -0.6319 -0.5245 100.6789
 80 400 -0.2431 -0.4223 212.1851
112 400 -0.6342 -0.0813 65.1823
144 400 -0.1966 -0.3315 37.2424
176 400 -0.2925 -0.2922 115.0891
208 400 -0.1915 -0.3934 84.1314
240 400 -0.2367 -0.2004 332.6287
272 400 -0.0788 -0.1831 265.0798
304 400 -0.1470 -0.0821 196.3898
336 400 -0.0892 -0.0723 50.3308
368 400 -0.0414  0.0381 91.7392
400 400  0.0017  0.0040 35.5749
432 400 -0.0347  0.0201 228.6093
464 400 -0.0419  0.0402 207.2269
496 400 -0.0181  0.0736 27.1657
528 400 -0.0010  0.0659 143.2166
560 400  0.0013  0.0590 172.7765
592 400  0.0177  0.0694 160.6259
624 400 -0.0020  0.0204 141.5764
656 400  0.0199  0.0180 151.1104
688 400 -0.0028  0.0326 139.4855
720 400 -0.0261  0.0136 69.2788
752 400  0.0101 -0.0138 83.6151
784 400  0.0217 -0.0302 113.8376
816 400  0.0430 -0.0537 139.6996
848 400 -0.0123 -0.0321 201.4520
880 400 -0.0706 -0.0572 152.8985
912 400  0.0101  0.0228 110.3691
944 400 -0.0079  0.0140 118.8599
976 400 -0.0769  0.0453 67.5329
1008 400 -0.0283  0.1287 53.9736
1040 400 -0.0035  0.0142 288.4832
1072 400 -0.0782  0.0599 108.2611
1104 400 -0.1123  0.1350 122.9325
1136 400 -0.0725  0.1630 64.4288
1168 400 -0.0926  0.0934 155.2844
 16 432 -0.3414 -0.4430 91.6006
 48 432 -0.3440 -0.3415 162.4665
 80 432 -0.2915 -0.0872 59.9007
112 432 -0.0986 -0.6759 192.9400
144 432 -0.2567 -0.2881 203.6530
176 432 -0.2565 -0.4661 166.2601
208 432 -0.2299 -0.3588 67.7848
240 432 -0.1815 -0.1542 271.2277
272 432 -0.1749 -0.1903 196.6554
304 432 -0.1277 -0.0866 21.7783
336 432 -0.0492 -0.0655 362.7831
368 432 -0.0722 -0.0613 212.2693
400 432 -0.0882  0.0044 165.8402
432 432 -0.0326  0.0509 135.8751
464 432 -0.0962  0.0997 141.4150
496 432 -0.0264  0.0389 131.5495
528 432 -0.0333  0.0675 120.6368
560 432 -0.0180  0.0790 92.2183
592 432  0.0340  0.0428 145.6425
624 432  0.0032  0.0295 158.9650
656 432  0.0039 -0.0237 98.8804
688 432  0.0217  0.0321 65.1355
720 432 -0.0119 -0.0027 116.3026
752 432  0.1027  0.0186 124.4312
784 432  0.0217 -0.0356 108.8635
816 432  0.0146 -0.0123 92.5882
848 432  0.0086 -0.0291 263.9245
880 432  0.0138 -0.0264 106.0396
912 432  0.0069  0.0103 97.1556
944 432 -0.0251  0.0190 109.8154
976 432 -0.0210  0.0391 89.3266
1008 432 -0.0056  0.0561 123.4666
1040 432 -0.1038  0.1150 93.6104
1072 432 -0.0830  0.0690 222.5609
1104 432 -0.0741  0.1737 198.2586
1136 432 -0.1046  0.1087 110.5743
1168 432 -0.1085  0.0714 141.5262
 16 464 -0.7398 -0.2039 128.1976
 48 464 -0.2718 -0.2675 219.8131
 80 464 -1.0682 -0.6017 140.5502
112 464 -0.3116 -0.2230 139.0099
144 464 -0.7089 -0.6380 128.8066
176 464 -0.3434 -0.5636 163.1279
208 464 -0.2861 -0.2999 126.2557
240 464 -0.4249 -0.3086 160.3393
272 464 -0.1038 -0.0483 473.9830
304 464 -0.1488 -0.1852 125.3265
336 464 -0.0999 -0.0937 139.3908
368 464 -0.0749 -0.0409 281.2365
400 464  0.0146  0.0003 83.6953
432 464 -0.0778 -0.0036 67.1464
464 464 -0.0614  0.0307 94.6320
496 464 -0.0740  0.0815 60.4417
528 464 -0.0180  0.0388 136.1421
560 464 -0.0071  0.0249 151.7979
592 464  0.0090  0.1171 131.1275
624 464  0.0027  0.0124 115.5964
656 464  0.0124  0.0104 214.9376
688 464  0.0058 -0.0001 115.8232
720 464  0.0113 -0.0131 81.4081
752 464  0.0320 -0.0128 33.5074
784 464  0.0256 -0.0578 88.7659
816 464  0.0294 -0.0825 76.0193
848 464  0.0507 -0.0139 81.7807
880 464 -0.0145 -0.0178 67.1191
912 464 -0.0092  0.0238 192.4910
944 464 -0.0295  0.0536 97.0679
976 464 -0.0136  0.1319 109.5954
1008 464 -0.0220  0.0295 55.6710
1040 464 -0.0290  0.1596 172.9446
1072 464 -0.0504  0.0583 54.1450
1104 464 -0.0374  0.1876 150.0487
1136 464 -0.0625  0.1294 101.2759
1168 464 -0.2048  0.1760 120.4446
 16 496 -1.0649 -0.7166 49.9058
 48 496 -0.0766  0.0481 17.9957
 80 496 -0.5943 -0.6034 123.2176
112 496 -0.5044 -0.3542 148.5718
144 496 -0.9356 -0.4489 221.8488
176 496 -0.2184 -0.3259 26.8687
208 496 -0.6992 -0.1990 83.1765
240 496 -0.5564 -0.2820 26.4860
272 496 -0.2123 -0.2222 46.1155
304 496 -0.1577 -0.1657 78.6878
336 496 -0.0843 -0.2168 249.1717
368 496 -0.0536 -0.0560 58.2408
400 496 -0.0185 -0.0062 32.8519
432 496 -0.0329 -0.0241 147.7186
464 496 -0.0408  0.0097 342.5357
496 496 -0.0790 -0.0043 122.7182
528 496 -0.0140  0.0776 119.9530
560 496 -0.0342  0.0174 139.3551
592 496 -0.0197  0.0250 19.0352
624 496  0.0218 -0.0233 89.2212
656 496  0.0281  0.0156 138.0812
688 496  0.0270 -0.0061 135.6455
720 496  0.0373 -0.0659 57.8074
752 496  0.0128 -0.0348 62.9606
784 496  0.0091 -0.0754 98.0567
816 496 -0.0160 -0.0102 157.8577
848 496 -0.0013 -0.0335 63.7810
880 496  0.0052 -0.0091 163.2012
912 496  0.0016 -0.0096 103.1381
944 496 -0.0353  0.0348 187.9717
976 496 -0.0279  0.0855 63.3126
1008 496 -0.0261  0.1019 221.7157
1040 496 -0.0318  0.0915 25.8548
1072 496 -0.0803  0.1481 83.0617
1104 496 -0.1607  0.1796 101.5306
1136 496 -0.1089  0.1205 63.0814
1168 496 -0.1112  0.0947 83.8223
 16 528 -0.3199 -0.2638 22.2369
 48 528 -0.2870 -0.2542 125.4959
 80 528 -0.3578 -0.6015 155.8157
112 528 -1.2103 -1.0850 31.0886
144 528 -1.0287 -0.9215 28.6537
176 528 -0.5487 -0.5787 123.0541
208 528 -0.5759 -0.5232 137.6707
240 528 -0.2485 -0.3490 181.8556
272 528 -0.4160 -0.3902 111.2371
304 528 -0.3264 -0.2318 344.0321
336 528 -0.1443 -0.1638 37.3081
368 528 -0.1558 -0.1596 77.3681
400 528 -0.1319 -0.0690 271.8908
432 528 -0.0879 -0.0115 65.0454
464 528 -0.1076  0.0176 171.9776
496 528 -0.0373  0.0636 82.1488
528 528 -0.0636  0.0043 227.1427
560 528 -0.0162  0.0018 153.8873
592 528 -0.0054 -0.0088 185.8511
624 528  0.0200 -0.0178 114.1156
656 528  0.0436 -0.0074 122.3778
688 528  0.0704 -0.0130 146.7355
720 528  0.0454 -0.0358 108.5219
752 528  0.0639 -0.0950 167.6124
784 528  0.0622 -0.0931 270.3965
816 528  0.0286 -0.0595 109.4096
848 528  0.0313 -0.0782 131.5729
880 528 -0.0057 -0.0543 149.4218
912 528 -0.0194  0.0071 175.6224
944 528 -0.0409  0.0208 63.8325
976 528 -0.1306  0.0986 154.9341
1008 528 -0.1603  0.1321 50.0529
1040 528 -0.1196  0.0829 98.7042
1072 528 -0.1146  0.1603 52.9386
1104 528 -0.1146  0.1542 39.6907
1136 528 -0.0925  0.1597 56.8467
1168 528 -0.1388  0.1940 134.8435
 16 560 -0.5310 -0.2655 45.8665
 48 560 -0.2161 -0.3876 42.5069
 80 560 -0.3577 -0.4643 123.2104
112 560 -0.9405 -1.1561 77.8985
144 560 -0.6365 -0.7703 29.6931
176 560 -0.4162 -0.8108 38.2667
208 560 -0.4403 -0.6365 170.4908
240 560 -0.7147 -0.7430 101.1898
272 560 -0.3384 -0.5455 54.8832
304 560 -0.3102 -0.3469 118.6702
336 560 -0.3260 -0.2747 224.3395
368 560 -0.2163 -0.1234 52.0288
400 560 -0.0356 -0.0137 12.3534
432 560 -0.1012 -0.0336 31.4054
464 560 -0.1241  0.0102 174.1811
496 560 -0.0805  0.0111 72.8428
528 560 -0.0325  0.0134 153.9085
560 560 -0.0375 -0.0023 152.0031
592 560  0.0358 -0.0068 181.9839
624 560  0.0775 -0.0400 138.4646
656 560  0.0524 -0.0379 80.4301
688 560  0.0757 -0.0778 63.7971
720 560  0.0666 -0.1194 67.3044
752 560  0.0878 -0.2704 116.4914
784 560  0.0499 -0.1401 94.4123
816 560  0.0173 -0.1657 75.1303
848 560  0.0031 -0.1212 133.6755
880 560  0.0345 -0.0296 115.4482
912 560 -0.0285  0.0274 53.7832
944 560 -0.0789  0.0738 142.3219
976 560 -0.1637  0.0701 161.8768
1008 560 -0.0806  0.0601 164.9465
1040 560 -0.1120  0.0993 104.8257
1072 560 -0.1710  0.1432 101.8969
1104 560 -0.1402  0.2043 75.6991
1136 560 -0.1043  0.1930 77.4445
1168 560 -0.1053  0.1021 106.2888
 16 592 -0.2029 -0.0557 161.2229
 48 592 -0.2610 -0.2685 19.4979
 80 592 -0.3788 -0.2330 136.2631
112 592 -0.4945 -0.3144 127.2049
144 592 -1.1628 -1.2658 125.8950
176 592 -0.7794 -0.6566 107.6904
208 592 -0.6760 -0.8417 34.3995
240 592 -1.1789 -0.7697 105.2922
272 592 -0.4704 -0.2848 23.3417
304 592 -0.2503 -0.2171 22.5702
336 592 -0.6912 -0.2200 125.8706
368 592 -0.4558 -0.2176 118.8066
400 592 -0.4346 -0.0493 165.4592
432 592 -0.3320 -0.0701 121.0138
464 592 -0.2299 -0.0092 174.7990
496 592 -0.2379  0.0098 169.2583
528 592 -0.1179 -0.0603 100.8614
560 592 -0.0342 -0.0514 154.1715
592 592  0.0016 -0.0524 82.7250
624 592  0.0662 -0.1117 70.4163
656 592  0.1407 -0.0981 109.3709
688 592  0.0973 -0.1133 82.7404
720 592  0.1419 -0.2127 50.9744
752 592  0.0531 -0.1654 166.1091
784 592 -0.0060 -0.3356 63.1460
816 592  0.0806 -0.2211 138.4153
848 592 -0.0096 -0.1639 64.0604
880 592 -0.0129 -0.1501 103.6016
912 592 -0.0315 -0.0442 112.1614
944 592 -0.1497  0.0937 102.3734
976 592 -0.0439  0.1195 131.3603
1008 592 -0.1877  0.2020 83.5728
1040 592 -0.0949  0.2149 140.1395
1072 592 -0.1268  0.1401 120.2158
1104 592 -0.2028  0.3084 99.5162
1136 592 -0.2832  0.1351 113.8519
1168 592 -0.1798  0.1601 71.9072
 16 624 -0.1830 -0.1435 116.4211
 48 624 -0.7490 -0.6049 24.4086
 80 624 -1.0747 -0.6119 72.2050
112 624 -1.0185 -0.2169 286.9590
144 624 -0.6313 -0.4630 117.3109
176 624 -0.8416 -0.8700 87.3188
208 624 -1.0721 -0.9835 161.6016
240 624 -0.8903 -0.8374 59.3251
272 624 -1.0582 -0.7513 49.8305
304 624 -0.4797 -0.3128 97.9698
336 624 -0.7293 -0.2244 143.1962
368 624 -0.5877 -0.3294 127.3172
400 624 -0.6632 -0.1163 121.8824
432 624 -0.4780 -0.0201 250.0449
464 624 -0.4967 -0.0219 47.7523
496 624 -0.3966 -0.0097 133.8589
528 624 -0.3389 -0.1234 158.7697
560 624 -0.1161 -0.2561 92.8608
592 624  0.0072 -0.2302 106.2755
624 624  0.0703 -0.1850 37.9037
656 624  0.2071 -0.0409 236.8481
688 624  0.2073 -0.2327 159.3737
720 624  0.1460 -0.2383 72.8948
752 624  0.0921 -0.3291 51.4039
784 624  0.0039 -0.1790 158.7667
816 624  0.0057 -0.4703 124.0628
848 624 -0.0248 -0.3731 80.3051
880 624  0.0277 -0.2757 126.0470
912 624 -0.0983 -0.1310 124.5322
944 624 -0.0763 -0.0406 107.2695
976 624 -0.1297  0.0587 49.0754
1008 624 -0.2790  0.1385 131.5196
1040 624 -0.2857  0.1602 150.6826
1072 624 -0.2639  0.1415 224.4402
1104 624 -0.2135  0.1923 145.2101
1136 624 -0.0988  0.3082 71.4515
1168 624 -0.1524  0.1750 91.1297
 16 656  0.0062 -0.0438 14.9850
 48 656 -0.2195 -0.1233 152.3587
 80 656 -0.3656 -0.1482 120.0434
112 656 -0.3555 -0.2263 35.0365
144 656 -0.8901 -0.6004 28.5229
176 656 -0.9801 -0.9804 169.6760
208 656 -1.1940 -0.9006 69.3586
240 656 -1.1828 -1.1067 114.1536
272 656 -1.2359 -1.3947 51.1271
304 656 -1.0635 -0.8537 30.6051
336 656 -0.9177 -0.4624 89.0256
368 656 -0.9778 -0.2168 75.6239
400 656 -0.9432 -0.0832 97.0142
432 656 -1.0625  0.0388 214.4030
464 656 -0.8038 -0.0315 50.4143
496 656 -0.8219 -0.1488 179.3572
528 656 -0.8087 -0.4277 111.0218
560 656 -0.2690 -0.2592 47.9702
592 656 -0.0206 -0.4686 93.7172
624 656  0.0947 -0.4856 80.3019
656 656  0.1267 -0.2681 148.1124
688 656  0.1013 -0.5948 34.5114
720 656  0.1065 -0.4080 70.3073
752 656 -0.0970 -0.3660 170.4858
784 656 -0.0206 -0.4869 105.9378
816 656 -0.0106 -0.7559 128.2205
848 656  0.0412 -0.1198 87.6132
880 656 -0.1064 -0.6407 72.1269
912 656  0.0332 -0.2821 69.8789
944 656 -0.1012 -0.0731 79.7293
976 656 -0.2953 -0.0077 130.9805
1008 656 -0.2089  0.1177 83.7695
1040 656 -0.1247  0.1040 141.3062
1072 656 -0.2407  0.1250 72.8404
1104 656 -0.1701  0.2095 61.1669
1136 656 -0.3522  0.1988 188.0305
1168 656 -0.1846  0.2752 103.4270
 16 688 -0.1481 -0.0649 105.5566
 48 688 -0.4086 -0.1359 199.2858
 80 688 -0.6118 -0.3172 218.4257
112 688 -0.4438 -0.2925 40.9243
144 688 -1.0588 -0.5329 70.7412
176 688 -1.1627 -0.8685 117.9397
208 688 -0.8801 -0.1989 35.0710
240 688 -1.0350 -1.2017 96.2412
272 688 -1.5010 -0.9609 169.2794
304 688 -0.9180 -0.3321 39.6593
336 688 -0.6878 -0.1763 29.2451
368 688 -0.8879 -0.1428 194.6783
400 688 -0.9209  0.1638 118.2177
432 688 -1.0219  0.4198 111.1415
464 688 -1.1347  0.0804 112.0891
496 688 -0.9229 -0.2765 182.6823
528 688 -0.5011 -0.3947 62.5386
560 688 -0.3726 -0.5722 105.3903
592 688 -0.0453 -0.5941 181.9641
624 688 -0.0062 -0.3063 34.7508
656 688  0.0183 -0.9966 47.5975
688 688  0.1194 -0.4988 59.7555
720 688 -0.2724  0.0386 40.2723
752 688 -0.0713 -0.2260 30.0915
784 688 -0.1234 -0.8989 134.2603
816 688  0.1569 -0.7703 100.3411
848 688 -0.5325 -0.1261 30.3286
880 688  0.0710 -0.8509 87.2655
912 688  0.1342 -0.3337 80.9211
944 688 -0.0218 -0.3220 86.5137
976 688 -0.1100 -0.0608 61.2619
1008 688 -0.3395  0.0530 85.9085
1040 688 -0.2180  0.0813 147.1041
1072 688 -0.2261  0.0601 140.0496
1104 688 -0.4541  0.2065 89.6484
1136 688 -0.3106  0.0909 109.9148
1168 688 -0.1981  0.1297 28.1315
 16 720 -0.2162  0.0012 44.2444
 48 720 -0.2327  0.0082 75.1298
 80 720 -0.3468 -0.0529 343.2009
112 720 -0.2764 -0.2127 99.5149
144 720 -0.2432 -0.4212 75.7494
176 720 -0.7553 -0.5993 174.2398
208 720 -0.7279 -0.4789 254.3856
240 720 -0.7675 -0.4487 47.6838
272 720 -1.4297 -0.8227 10.5616
304 720 -1.0343 -0.2950 168.0765
336 720 -1.0850 -0.1055 120.9266
368 720 -0.3353  0.1759 33.5187
400 720 -0.6070  0.8798 82.3765
432 720 -0.5047  0.3226 124.2185
464 720 -0.4122 -0.3055 171.3546
496 720 -0.4585 -0.6736 19.5479
528 720 -0.0493 -0.2739  9.7213
560 720  0.4539 -0.0870 16.7520
592 720 -0.1371 -0.7694 59.8087
624 720 -1.0119  0.1035 19.7994
656 720 -0.0882 -0.1902 39.0339
688 720 -0.0285  0.1965 16.4559
720 720 -0.2549  0.1321  9.1302
752 720 -0.3210  0.0591 10.2011
784 720 -0.2320  0.0849 26.3723
816 720  0.0548  0.0966 25.1177
848 720 -0.2504 -0.0073  4.8415
880 720 -0.2919 -0.2780 17.0786
912 720  0.2907 -0.9379 86.8315
944 720 -0.0088 -0.4021 54.7890
976 720 -0.1865 -0.0858 104.0394
1008 720 -0.1792 -0.0046 49.4391
1040 720 -0.1750  0.1233 120.7759
1072 720 -0.2162  0.0596 104.6485
1104 720 -0.2492  0.1578 103.2984
1136 720 -0.3499  0.1227 74.6528
1168 720 -0.1369  0.0987 17.7280
 16 752 -0.0299 -0.0010 17.2501
 48 752 -0.1473 -0.0559 236.4053
 80 752 -0.0710 -0.0629 81.7254
112 752 -0.1770 -0.0525 172.5886
144 752 -0.1214 -0.2777 147.0905
176 752 -0.1733 -0.1838 122.8225
208 752 -0.3132 -0.1613 180.2578
240 752 -0.3793 -0.3206 147.1192
272 752 -0.6838 -0.8045 178.9238
304 752 -0.2124 -0.2072 60.2256
336 752 -0.1437 -0.0263 129.2359
368 752  0.0687  0.3158 130.3673
400 752  0.2692  0.6426 159.1488
432 752 -0.0861  0.3597 135.2017
464 752 -0.3861  0.2818 131.2099
496 752 -0.1469  0.3298 44.9864
528 752 -0.2419  0.5877  9.5072
560 752 -0.1598  0.0576 10.5235
592 752 -0.0717 -0.5975 67.4536
624 752 -0.4157  0.4795 10.2222
656 752 -0.0914 -0.1029 11.9692
688 752 -0.2391  0.3392  8.3224
720 752  0.0300  0.0695  4.1262
752 752 -0.1956  0.0523  4.4593
784 752 -0.1926 -0.0617 10.6834
816 752 -0.0374  0.1067  5.5736
848 752 -0.0164 -0.0078  4.0474
880 752 -0.3521 -0.2868 10.6414
912 752  0.1780 -0.7055 19.1167
944 752 -0.0585 -0.1667 53.2037
976 752 -0.2076 -0.0995 94.4454
1008 752 -0.2999 -0.0035 105.4967
1040 752 -0.1508  0.0443 124.3711
1072 752 -0.1328 -0.0026 43.8504
1104 752 -0.2637 -0.0547 102.2410
1136 752 -0.4043  0.1275 52.4395
1168 752 -0.0553  0.1651 149.4519
 16 784  0.0201  0.0056 16.8869
 48 784  0.0080 -0.1117 160.7041
 80 784 -0.0732 -0.0571 77.1828
112 784 -0.0445 -0.0811 195.2892
144 784 -0.0700 -0.1156 110.4563
176 784 -0.1307 -0.1629 199.9634
208 784 -0.3705 -0.4019 82.2217
240 784 -0.3038 -0.4594 133.5520
272 784  0.0032 -0.2949 206.0573
304 784  0.0622 -0.1165 162.7621
336 784  0.0940  0.0424 127.9031
368 784  0.3635  0.1984 123.6389
400 784  0.3430  0.2849 76.1429
432 784  0.1773  0.2291 14.9288
464 784  0.0941  0.0211 65.4023
496 784  0.1225 -0.0642 17.3617
528 784  0.8263 -0.0404 11.9428
560 784  0.3300  0.0847 13.2280
592 784 -0.0352  0.2508 12.4301
624 784 -0.0499 -0.0024 19.0044
656 784 -0.1973  0.2050  8.7726
688 784 -0.1112  0.1363 10.8208
720 784 -0.1483  0.1688  5.7391
752 784  0.0500  0.0871  6.5240
784 784 -0.2346  0.1593  5.7021
816 784 -0.0693  0.0854  4.7586
848 784 -0.0566  0.0164  4.3939
880 784 -0.2375 -0.2106 10.3011
912 784 -0.0192 -0.0588 19.5299
944 784 -0.3053  0.0361  9.7973
976 784 -0.2601 -0.0656 41.6001
1008 784 -0.2796 -0.1180 121.8944
1040 784 -0.2319 -0.0594 64.5014
1072 784 -0.3101  0.0145 93.1602
1104 784 -0.3828  0.0049 73.3491
1136 784 -0.1226  0.0736 124.7042
1168 784 -0.1312  0.0187 95.2863
 16 816  0.0434 -0.0065 31.0014
 48 816  0.0104  0.0113 222.3930
 80 816  0.0365 -0.0225 182.9344
112 816  0.0625 -0.0469 95.5668
144 816  0.0139 -0.1596 140.5211
176 816  0.0446 -0.2055 57.7829
208 816 -0.0015 -0.3358 173.1555
240 816 -0.0622 -0.6251 36.9881
272 816 -0.0301 -0.4376 39.9962
304 816 -0.0145 -0.4712 141.9815
336 816  0.5290 -0.1026 42.5557
368 816  1.0560  0.2700 49.8665
400 816  0.5722  0.1077 115.4104
432 816  0.2831  0.0682 21.1397
464 816  0.0668  0.0814 26.0499
496 816  0.0439 -0.0545 11.2291
528 816  0.6736 -0.0272  6.9159
560 816  0.1768  0.1994 42.2783
592 816  0.1267 -0.0232 98.5683
624 816 -0.0246  0.0200 14.1801
656 816 -0.0391  0.0400 16.1685
688 816 -0.1595  0.1757  7.5259
720 816 -0.0714  0.0859 11.2872
752 816 -0.0368  0.0712  6.9415
784 816 -0.0897  0.0353  6.7951
816 816 -0.0303  0.0674  6.9038
848 816 -0.0863  0.0197  4.8047
880 816 -0.0958 -0.0469  7.7798
912 816 -0.0545 -0.0420  4.2358
944 816 -0.0291  0.0845  4.3673
976 816 -0.0819 -0.0224 17.7185
1008 816 -0.3271 -0.4972 74.0781
1040 816 -0.2168 -0.1861 30.5351
1072 816 -0.2585 -0.0559 146.3010
1104 816 -0.1616 -0.0512 69.1607
1136 816 -0.2767  0.0378 55.2606
1168 816 -0.2280 -0.0198 67.4406
 16 848  0.0564 -0.0213 24.1129
 48 848  0.0716  0.0863 28.4910
 80 848  0.0573 -0.0000 130.6695
112 848  0.0156 -0.0336 243.2505
144 848  0.0464 -0.0675 303.5892
176 848  0.2284 -0.1380 102.4597
208 848  0.1217 -0.1408 82.6834
240 848  0.0866 -0.7497 193.8554
272 848  0.3348 -0.3190 30.4934
304 848  0.4300 -0.3543 29.7468
336 848  1.3617 -0.2013 46.6080
368 848  1.1048  0.2063 62.2562
400 848  0.4348  0.0771 28.8957
432 848  0.1456  0.1333 12.6465
464 848  0.3157 -0.0110 16.9544
496 848  0.0100 -0.0152 12.6272
528 848  0.1239  0.0853  6.1756
560 848  0.1771  0.1383 73.1660
592 848  0.0060  0.2123 156.2109
624 848 -0.0213  0.0788 73.3862
656 848 -0.0365  0.0587 31.4134
688 848 -0.0118  0.0306 13.7115
720 848 -0.0778  0.0793  8.1571
752 848  0.0430 -0.1269  4.9889
784 848  0.0052 -0.0159  6.5505
816 848 -0.0634  0.0458 10.1939
848 848 -0.1558 -0.0064  6.1895
880 848 -0.0550  0.0057  6.5243
912 848 -0.0145  0.0145  4.0837
944 848 -0.0308  0.0064  4.5793
976 848 -0.0444 -0.0109 29.9192
1008 848 -0.0317 -0.2960 154.7128
1040 848 -0.1203 -0.2053 72.0291
1072 848 -0.2223 -0.1784 112.8904
1104 848 -0.3522 -0.0531 138.1609
1136 848 -0.2682 -0.1839 215.7801
1168 848 -0.4267 -0.1983 168.2391
 16 880  0.0097 -0.0218 17.6029
 48 880  0.0813 -0.0173 30.9950
 80 880  0.1056 -0.0907 213.0011
112 880  0.0567 -0.0704 51.2248
144 880  0.2826 -0.0879 190.1833
176 880  0.4570 -0.1895 286.7853
208 880  0.1242 -0.3194 274.7643
240 880  0.2589 -0.3763 120.1186
272 880  0.8376 -0.8208 174.4576
304 880  0.8849 -0.5923 151.0442
336 880  1.4416 -0.6077 198.7483
368 880  1.6214  0.0280 47.3946
400 880  0.9003  0.0436 117.4349
432 880  0.0743 -0.0914 17.7300
464 880  0.0330  0.0477 24.7789
496 880 -0.0187 -0.0368  5.4894
528 880  0.0502  0.0324 13.8635
560 880  0.0902  0.1522 24.4307
592 880  0.0117  0.2034 44.0914
624 880  0.0108  0.2048 101.8620
656 880 -0.0799  0.0800 96.8167
688 880 -0.0169  0.2002 16.7286
720 880 -0.0158  0.0024 16.3043
752 880  0.0832  0.0337  4.7737
784 880 -0.0194  0.0719  7.6211
816 880 -0.0123  0.0051  5.2430
848 880 -0.0744 -0.1028  4.8749
880 880 -0.0291 -0.0141  5.3926
912 880 -0.0351 -0.0107  9.4929
944 880 -0.0303 -0.0066 38.2084
976 880  0.0583 -0.0650 24.7645
1008 880  0.0476 -0.1780 97.7824
1040 880 -0.0657 -0.1867 100.7911
1072 880 -0.0947 -0.1430 59.8705
1104 880 -0.1570 -0.1500 118.9385
1136 880 -0.1585 -0.0979 152.1887
1168 880 -0.1790 -0.1305 72.5378
 16 912  0.1023 -0.0109 301.1722
 48 912  0.0187  0.0114 13.2985
 80 912  0.1693 -0.0797 197.9298
112 912  0.1002 -0.1046 179.9486
144 912  0.0787 -0.0419 154.4699
176 912  0.4702 -0.2233 160.2055
208 912  0.8110 -0.3230 75.4348
240 912  0.3633 -0.4374 36.3905
272 912  1.0111 -0.8306 83.3611
304 912  1.4372 -0.8534 75.8650
336 912  1.3949 -0.8294 86.5949
368 912  0.5705 -0.2879 21.1788
400 912  0.1801  0.0985 19.2393
432 912  0.0258  0.0194 22.2673
464 912  0.0020  0.0003  8.6952
528 912  0.0087 -0.0074  4.9234
560 912  0.0142 -0.0155 12.3065
592 912 -0.0188  0.0236 23.2456
624 912 -0.0494  0.0665 42.4936
656 912 -0.1197  0.1576 55.1865
688 912 -0.1293  0.2220 59.7586
720 912 -0.0243 -0.0131 10.2174
752 912  0.0553  0.0046  5.1952
784 912 -0.0179  0.0057  9.0571
816 912 -0.1069 -0.0610  5.1622
880 912  0.0336 -0.0305  6.2551
912 912  0.0108 -0.0313  7.7917
944 912 -0.0571 -0.0461  7.8559
976 912 -0.0498 -0.0093 11.1874
1008 912 -0.0171  0.0592 46.5911
1040 912 -0.0191  0.0301 165.2419
1072 912 -0.1246 -0.0539 80.5311
1104 912 -0.2818 -0.1389 181.9433
1136 912 -0.1716 -0.1874 90.1146
1168 912 -0.4913 -0.0574 125.9785
 16 944  0.0011 -0.0025 33.1186
 48 944  0.1106 -0.0167 24.8998
 80 944  0.0937 -0.0671 180.8542
112 944  0.1357 -0.0890 234.4066
144 944  0.4575 -0.0828 198.5585
176 944  0.3049 -0.3090 224.6575
208 944  0.2389 -0.3977 177.8437
240 944  0.2541 -0.4381 117.7817
272 944  0.6484 -0.5576 34.2369
304 944  0.8594 -1.3337 153.6072
336 944  0.8683 -0.9896 60.5701
368 944  0.2093 -0.0350 26.6470
400 944  0.0734  0.1175 12.7220
432 944 -0.0011  0.0877 13.4729
464 944 -0.0249  0.0283  5.4086
496 944  0.0023  0.0158  7.6915
528 944  0.0015 -0.0056  4.5744
592 944  0.0295 -0.0227  6.0542
624 944  0.0516 -0.0566 16.8447
656 944 -0.0228  0.0263 33.5213
688 944 -0.0778  0.1845 80.6829
720 944 -0.0341 -0.0126  6.4793
752 944  0.0285 -0.0065  4.9786
784 944 -0.0816 -0.1150  4.4158
816 944 -0.0028  0.0079  4.6166
848 944 -0.0152  0.0291  7.5789
880 944  0.0788 -0.0047  6.7267
912 944  0.0156 -0.0145  9.4992
944 944 -0.0241  0.0290 10.3234
976 944 -0.0292  0.0314  5.6274
1008 944 -0.0542  0.1007  5.8784
1040 944 -0.0732  0.2947 43.5246
1072 944 -0.0374 -0.1017 125.5157
1104 944 -0.0450 -0.0375 47.2340
1136 944 -0.3206 -0.1375 60.0448
1168 944 -0.1064 -0.1393 102.5837
 16 976  0.0203 -0.0023 45.9020
 48 976  0.1131 -0.0158 38.4017
 80 976  0.1829 -0.0232 52.3298
112 976  0.1199 -0.0559 475.8228
144 976  0.1513 -0.0375 208.3286
176 976  0.3277 -0.1906 46.3398
208 976  0.1977 -0.2941 72.5964
240 976  0.4589 -0.4807 31.4968
272 976  0.4157 -0.8324 40.6183
304 976  0.0939 -1.4348 52.3631
336 976 -0.1616 -0.1945 84.1445
368 976 -0.0112  0.0576 23.6974
400 976  0.0174  0.0237 12.0631
432 976  0.0691  0.1442  6.2529
464 976  0.0166  0.0261 20.8768
496 976  0.0352 -0.0175 26.4234
528 976 -0.0025  0.0049 30.3507
560 976  0.0247  0.0150  6.7630
592 976 -0.2131 -0.1679  5.8666
624 976  0.0693 -0.0548  4.4069
656 976  0.0937 -0.1556  6.9000
688 976  0.0155 -0.0185 10.1643
720 976 -0.0107 -0.0090  4.5157
784 976  0.0042  0.0070  4.2999
816 976  0.0046  0.0087 12.6706
848 976 -0.0152  0.0148 19.1037
880 976  0.0451  0.0743  7.1413
912 976  0.0366  0.0033 10.3603
944 976 -0.0050 -0.0377  7.8438
976 976 -0.0788  0.0663 11.6140
1008 976 -0.1759  0.1585 10.0531
1040 976 -0.3121  0.4816 14.3736
1072 976 -0.0730 -0.0441 94.1725
1104 976 -0.0158 -0.0629 213.3421
1136 976 -0.1473 -0.1321 94.0055
1168 976 -0.2372 -0.1068 113.1061
 16 1008  0.0428 -0.0205 44.5107
 48 1008  0.2860 -0.0101 98.2147
 80 1008  0.0883 -0.0380 47.3408
112 1008  0.1363 -0.0607 209.1815
144 1008  0.1369 -0.2136 290.8922
176 1008  0.4036 -0.1490 141.8628
208 1008  0.0730 -0.2224 168.4226
240 1008  0.0677 -0.2620 53.4912
272 1008  0.0410 -0.6189 59.5765
304 1008 -0.0768 -0.9184 84.9329
336 1008 -0.0512 -0.0260 15.9523
368 1008  0.0983  0.2021 10.0982
400 1008  0.2109  0.2884  6.9582
432 1008  0.0616  0.0567 21.3806
464 1008  0.1441  0.0001 35.2476
496 1008  0.0082  0.0079 25.8945
528 1008  0.0035 -0.0078 18.2777
560 1008 -0.0056  0.0084  7.2747
592 1008 -0.3051  0.1538  6.1069
752 1008  0.0164  0.0081  4.0716
784 1008  0.0065 -0.0036  6.1343
816 1008  0.0309  0.0243 22.4076
848 1008 -0.0336  0.0437 20.4172
880 1008 -0.0048 -0.0135 14.0506
912 1008 -0.0105  0.0024 10.8231
944 1008 -0.0094  0.0115 14.8423
976 1008 -0.0283  0.0365  8.1598
1008 1008 -0.0019 -0.0048 12.4088
1040 1008 -0.0060  0.0333 45.6141
1072 1008 -0.0390 -0.0119 94.8550
1104 1008 -0.0554 -0.0488 170.8877
1136 1008 -0.0809 -0.1460 60.6420
1168 1008 -0.1278 -0.0920 85.2600
 16 1040  0.0551 -0.0225 20.6190
 48 1040  0.1325 -0.0189 154.1876
 80 1040  0.0441 -0.0642 190.6397
112 1040  0.1649 -0.0595 90.4981
144 1040  0.0622 -0.0648 43.6807
176 1040  0.1770 -0.0969 194.3853
208 1040  0.3976 -0.1870 88.9530
240 1040 -0.0027 -0.3277 20.2258
272 1040  0.0273 -0.2819 139.4121
304 1040 -0.1395 -0.3128 58.6031
336 1040  0.0356  0.1423 30.4915
368 1040  0.6131  0.1239 16.0352
400 1040  0.0300  0.0584 89.0310
432 1040  0.0104  0.1355 21.7761
464 1040  0.1529  0.0373 166.3089
496 1040  0.0331 -0.1060 58.3223
528 1040  0.0198 -0.0017 19.9538
560 1040 -0.0443  0.0259  8.6132
592 1040 -0.0689  0.0963 22.6008
624 1040 -0.0986  0.1712 11.4629
656 1040 -0.0697  0.1339  5.9848
752 1040  0.0141  0.0003  5.5502
784 1040  0.0406  0.0336 14.2394
816 1040 -0.0167  0.0116 27.6995
848 1040 -0.0577  0.0325 17.7544
880 1040 -0.0543  0.0313 14.6235
912 1040 -0.0728  0.0044 18.2648
944 1040 -0.0129  0.0086 21.6930
976 1040 -0.0221  0.0236 48.0890
1008 1040 -0.0536  0.0234 13.1239
1040 1040 -0.0072 -0.0027 42.2251
1072 1040 -0.0146 -0.0487 93.8498
1104 1040 -0.0499 -0.1277 46.0354
1136 1040 -0.0731 -0.0195 47.4055
1168 1040 -0.1024 -0.0789 61.4604
 16 1072  0.1016 -0.0081 48.9191
 48 1072  0.1482 -0.0370 146.1140
 80 1072  0.1037 -0.0382 264.1071
112 1072  0.0704 -0.0322 20.6273
144 1072  0.3066 -0.0727 56.1481
176 1072  0.1917 -0.2497 88.1796
208 1072  0.0327 -0.0810 23.0946
240 1072  0.0371 -0.1003 126.5102
272 1072 -0.0037 -0.0881 106.3210
304 1072 -0.0382 -0.3229 40.2612
336 1072 -0.0269 -0.1212 190.9972
368 1072 -0.1231 -0.0975 147.8546
400 1072  0.0089  0.0121 47.4388
432 1072  0.0798  0.0103 181.2032
464 1072  0.1194  0.0096 65.7942
496 1072  0.0120 -0.0255 21.0437
528 1072 -0.0072 -0.1357 56.3703
560 1072 -0.0237  0.0039 13.4276
592 1072 -0.0062  0.0268  8.2141
624 1072  0.0140  0.0273 10.2180
656 1072  0.0177  0.0122 21.4339
688 1072  0.0066  0.0100  4.2640
752 1072 -0.0050 -0.0016  4.2157
784 1072  0.0187 -0.0123  6.8783
816 1072  0.0222 -0.0393 11.2712
848 1072  0.0238 -0.0341 31.3669
880 1072 -0.0431 -0.0083 20.2072
912 1072 -0.0501 -0.0072 27.8532
944 1072 -0.0129 -0.0086 69.8906
976 1072 -0.0633  0.0328 26.7205
1008 1072 -0.0251  0.0157 30.8281
1040 1072 -0.0331  0.0037 142.5180
1072 1072  0.0207  0.0244 17.2773
1104 1072 -0.0450 -0.0242 226.5791
1136 1072 -0.0464 -0.0608 44.0975
1168 1072 -0.0981 -0.0709 54.4576
 16 1104  0.1046 -0.0599 31.5128
 48 1104 -0.0116  0.0049 51.8885
 80 1104  0.0174 -0.0068 185.2823
112 1104  0.0549 -0.0336 155.8395
144 1104  0.0762 -0.0249 140.6200
176 1104  0.0359 -0.0784 282.6243
208 1104  0.0281 -0.0466 114.7010
240 1104  0.0540 -0.2255 96.6622
272 1104 -0.0023 -0.1313 66.5088
304 1104 -0.0074 -0.1806 161.8235
336 1104 -0.0261 -0.1227 201.2709
368 1104 -0.0028 -0.1146 120.8451
400 1104  0.0248 -0.0338 94.9139
432 1104  0.0514 -0.0305 85.1809
464 1104  0.0376 -0.0357 81.8415
496 1104  0.0171  0.0061 16.0244
528 1104 -0.0088  0.0212 17.3860
560 1104  0.0094 -0.0196 15.0950
592 1104 -0.0400  0.0092 15.3421
624 1104  0.0418  0.0075 11.8335
656 1104  0.0520  0.0276 22.4586
688 1104 -0.0531  0.0296  6.4018
848 1104  0.0301 -0.0177  5.3020
880 1104  0.0658 -0.0504  7.6963
912 1104 -0.0016 -0.0212 11.4445
944 1104 -0.0055 -0.0202 14.7473
976 1104  0.0288 -0.0054  9.2866
1008 1104  0.0036 -0.0205 19.4606
1040 1104  0.0123 -0.0140 26.2029
1072 1104  0.0072  0.0009 17.2160
1104 1104 -0.0470 -0.0011 19.5888
1136 1104 -0.0193 -0.0252 15.9283
1168 1104 -0.0294 -0.0676 35.8305
 16 1136  0.0376 -0.0108 17.4595
 48 1136  0.0268 -0.0441 34.9646
 80 1136  0.0221 -0.0242 114.4823
112 1136  0.1261 -0.0552 28.9643
144 1136  0.0519 -0.0599 53.0363
176 1136  0.0387 -0.0615 279.3616
208 1136  0.0310 -0.0699 72.0108
240 1136  0.0288 -0.0855 271.7781
272 1136  0.0121 -0.1520 84.2399
304 1136  0.0189 -0.0940 217.5479
336 1136  0.0190 -0.0550 183.5245
368 1136  0.0093 -0.0672 193.5944
400 1136  0.0212 -0.0961 104.0163
432 1136  0.0242 -0.0521 89.1822
464 1136  0.0162 -0.0227 40.2846
496 1136  0.0156 -0.1216 46.7552
528 1136 -0.0111 -0.0165 20.9800
560 1136  0.0045  0.0007 14.8554
592 1136  0.0116  0.0292 11.7654
624 1136  0.0419 -0.0029 29.3184
656 1136  0.0156  0.0629 29.5311
688 1136  0.0028  0.0075 15.0773
720 1136 -0.0402  0.0185 10.1615
752 1136 -0.0259  0.0605  6.7865
784 1136  0.0187  0.0475  6.0630
816 1136 -0.0104  0.0459  8.2871
848 1136 -0.0824  0.1183  6.2014
880 1136  0.0081  0.0083  4.1838
976 1136  0.0291  0.0000  4.2800
1008 1136 -0.0058 -0.0271  5.0305
1040 1136  0.0342  0.0011  4.6382
1072 1136  0.0001 -0.0651  5.1543
1104 1136  0.0176 -0.0367  6.9710
1136 1136  0.0016 -0.0085  8.9655
1168 1136  0.0130 -0.0165 17.1488
 16 1168  0.0101 -0.0073 12.8703
 48 1168  0.0154  0.0030 18.1583
 80 1168  0.0936 -0.0929 38.9601
112 1168  0.0259 -0.0206 164.2502
144 1168  0.0568 -0.0428 164.0706
176 1168  0.0092 -0.0509 82.3902
208 1168  0.0346 -0.1105 199.5275
240 1168  0.0377 -0.1554 84.3652
272 1168  0.0046 -0.0941 392.7679
304 1168 -0.0012 -0.0400 124.5526
336 1168  0.0498 -0.0695 208.4411
368 1168  0.0144 -0.0587 188.3242
400 1168  0.0158 -0.0754 241.8206
432 1168  0.0402 -0.1105 141.4677
464 1168  0.0579 -0.0658 211.0189
496 1168  0.0032 -0.0253 12.6660
528 1168  0.0075  0.0052 24.2867
560 1168 -0.0009 -0.0339 12.2353
592 1168  0.0212 -0.0255 13.9020
624 1168  0.0538 -0.0223 11.7212
656 1168 -0.0218  0.0261 12.1252
688 1168  0.0107 -0.0176 18.8675
720 1168 -0.0103 -0.0120 12.0411
752 1168  0.0375 -0.0093 13.8829
784 1168  0.0402 -0.0142 11.2672
816 1168 -0.0009 -0.0268 12.9519
848 1168 -0.0204 -0.0169 13.7296
880 1168 -0.0058  0.0161 12.4976
912 1168 -0.0251  0.0506  8.3500
944 1168 -0.0211  0.1533  4.8295
1136 1168  0.0383 -0.0284  4.4325
1168 1168 -0.0310 -0.0109  4.5501
 16 1200  0.0500  0.0299 54.9789
 48 1200  0.0540  0.0157 20.7728
 80 1200  0.0254 -0.0130 17.2784
112 1200  0.0128 -0.0151 28.8917
144 1200  0.0267 -0.0424 141.5023
176 1200  0.0119 -0.0415 50.3034
208 1200  0.0260 -0.0711 123.6768
240 1200  0.1283 -0.0977 150.2801
272 1200  0.0373 -0.0507 152.8179
304 1200  0.0585 -0.0427 23.7532
336 1200  0.0367 -0.1223 215.8850
368 1200  0.1152 -0.0384 135.8479
400 1200  0.0701 -0.1315 217.3819
432 1200  0.0167 -0.0296 14.4244
464 1200  0.0584 -0.0340 119.8173
496 1200  0.0178 -0.0333 18.8659
528 1200 -0.0084 -0.0315 14.0091
560 1200 -0.0026  0.0015 13.4430
592 1200 -0.0300 -0.0023 16.9633
624 1200  0.0284  0.1297 46.0006
656 1200 -0.0275  0.0616 40.1161
688 1200  0.0213  0.0288 11.9453
720 1200 -0.0016 -0.0242 17.9781
752 1200  0.0361  0.0100 16.0964
784 1200  0.0607  0.0608 10.5559
816 1200 -0.0189  0.0049 11.8862
848 1200 -0.0521  0.0298 11.6705
880 1200  0.0096 -0.0082 12.3475
912 1200  0.0093  0.0037 13.2514
944 1200 -0.0188  0.0057 13.6837
976 1200 -0.0202  0.0249 13.1585
1008 1200 -0.0174  0.0544  9.4458
1040 1200 -0.0281  0.0903  6.1995
1072 1200 -0.0156  0.0987  5.0862
1104 1200 -0.0231  0.0699  4.5582
 16 1232  0.0060  0.0213 23.2034
 48 1232  0.0117 -0.0096 26.3517
 80 1232  0.0316 -0.0440 162.4531
112 1232  0.0271 -0.0464 135.1992
144 1232  0.0274 -0.0225 59.0371
176 1232  0.0423 -0.0847 179.8866
208 1232  0.0410 -0.0323 18.3698
240 1232  0.0122 -0.1202 43.6350
272 1232  0.0084 -0.0406 303.1071
304 1232  0.0139 -0.1385 77.0686
336 1232  0.0270 -0.1259 206.6613
368 1232  0.0126 -0.1728 268.2803
400 1232  0.0444 -0.0609 124.3986
432 1232  0.0733 -0.0886 111.8894
464 1232  0.0080 -0.0357 29.4417
496 1232 -0.0236  0.0137 19.7657
528 1232  0.0292 -0.0108 13.0729
560 1232  0.0115 -0.0016 17.9200
592 1232  0.0177 -0.0009 15.6114
624 1232 -0.0066  0.0152 11.8903
656 1232  0.0549 -0.0460 14.0349
688 1232  0.0396 -0.0292  9.1448
720 1232  0.0220 -0.0225 12.3461
752 1232  0.0158  0.0118 17.6874
784 1232  0.1159 -0.0317 13.5234
816 1232 -0.0365  0.0017 23.0174
848 1232  0.0781  0.0208 10.1198
880 1232 -0.0291  0.0360 14.2765
912 1232  0.0126 -0.0303 13.4513
944 1232 -0.0175 -0.0200 13.0178
976 1232  0.0627 -0.0419 12.3402
1008 1232  0.0064  0.0327 13.9671
1040 1232 -0.0085  0.0053 13.2287
1072 1232  0.0205  0.0287 11.9730
1104 1232  0.0245  0.0091 12.5385
1136 1232 -0.0051  0.0118 11.2352
1168 1232 -0.0012 -0.0150 12.6170
 16 1264  0.0148  0.0039 28.9005
 48 1264 -0.0453 -0.0792 64.9137
 80 1264  0.0434 -0.0268 68.7157
112 1264  0.0353 -0.1140 122.2912
144 1264  0.0528 -0.0469 315.8752
176 1264  0.0033 -0.0394 164.5443
208 1264  0.0563 -0.0812 64.5753
240 1264  0.0417 -0.1618 94.3343
272 1264  0.0294 -0.0833 63.8213
304 1264  0.0450 -0.0438 91.7892
336 1264  0.0267 -0.1181 193.9892
368 1264  0.1499 -0.0711 184.0903
400 1264  0.0320 -0.0553 249.1162
432 1264  0.0445 -0.1169 144.5277
464 1264  0.0691 -0.0763 18.7416
496 1264  0.0009  0.0054 15.6058
528 1264  0.0070 -0.0110 14.8923
560 1264  0.0241 -0.0147 11.3314
592 1264 -0.0215  0.0161 10.2406
624 1264 -0.0102 -0.0142 17.4386
656 1264  0.0197 -0.0267 18.1212
688 1264  0.0025  0.0222 10.7592
720 1264  0.0034  0.0029 14.8170
752 1264  0.0017 -0.0213 26.3021
784 1264 -0.0379  0.0224 11.1777
816 1264 -0.0124  0.0356 14.4504
848 1264 -0.0050  0.0472  9.8192
880 1264  0.0618 -0.0442  8.1629
912 1264 -0.0083 -0.0138 10.6453
944 1264 -0.0326  0.1162 12.0436
976 1264  0.1306 -0.0284 10.0822
1008 1264 -0.0883 -0.0501 10.2994
1040 1264 -0.0471 -0.0210 10.9948
1072 1264 -0.0073 -0.0008 10.3587
1104 1264  0.0039 -0.0051 10.2495
1136 1264 -0.0686 -0.0085  9.5052
1168 1264  0.0144 -0.0222 12.9091
 16 1296  0.0116 -0.0009 22.7530
 48 1296  0.0087 -0.0142 19.3988
 80 1296  0.0225  0.0289 46.3995
112 1296  0.0766 -0.0081 20.0672
144 1296  0.0315 -0.0365 25.6071
176 1296  0.0213 -0.0109 44.5583
208 1296  0.0295 -0.0336 206.0403
240 1296  0.0080 -0.0401 51.8098
272 1296 -0.0548 -0.0238 65.1085
304 1296  0.0682 -0.0803 30.6391
336 1296  0.0251 -0.0807 118.6830
368 1296  0.0221 -0.0596 242.4376
400 1296  0.0238 -0.0273 121.8316
432 1296  0.0251 -0.0117 48.5753
464 1296  0.0160 -0.0082 121.1364
496 1296 -0.0072 -0.0045 14.3813
528 1296 -0.0124 -0.0061 14.2235
560 1296 -0.0133  0.0053 18.4374
592 1296 -0.0102 -0.0122 15.7000
624 1296  0.0281 -0.0046 14.1769
656 1296 -0.0148 -0.0247 11.1019
688 1296 -0.0099  0.0023 11.8447
720 1296  0.0060  0.0292 11.4131
752 1296 -0.0142 -0.0266 14.1072
784 1296  0.0166  0.0316 11.0205
816 1296  0.0649 -0.0328  9.5191
848 1296  0.0431  0.0117 14.0715
880 1296 -0.0141  0.0167 11.4898
912 1296  0.0451 -0.0246 12.3501
944 1296  0.0365 -0.0087 10.8762
976 1296 -0.0022  0.0004 10.7013
1008 1296 -0.0084  0.0320  9.8756
1040 1296  0.0252  0.0687  8.1370
1072 1296 -0.0306 -0.0663  9.8971
1104 1296 -0.0341 -0.0333 10.7637
1136 1296 -0.0051 -0.0114 10.2483
1168 1296 -0.0405 -0.0327 10.2241
  0   0 -0.0310 -0.0196  0.0000
  0   0 -0.0336 -0.0180  0.0000
  0   0 -0.0558 -0.0256  0.0000
  0   0 -0.0093 -0.0315  0.0000
  0   0  0.0074 -0.0208  0.0000
  0   0  0.0212 -0.0159  0.0000
  0   0  0.0478  0.0073  0.0000
  0   0  0.0830 -0.0051  0.0000
  0   0  0.0681 -0.0165  0.0000
  0   0  0.0597 -0.0004  0.0000
  0   0  0.0490 -0.0095  0.0000
  0   0 -0.0722  0.0075  0.0000
  0   0 -0.0700 -0.0101  0.0000
  0   0  0.0058 -0.0442  0.0000
  0   0  0.0048 -0.0393  0.0000
  0   0  0.0039 -0.0093  0.0000
  0   0  0.0010  0.0217  0.0000
  0   0 -0.0093  0.0440  0.0000
  0   0 -0.0303  0.0599  0.0000
  0   0 -0.0607  0.0649  0.0000
  0   0 -0.0664  0.0640  0.0000
  0   0 -0.0640  0.0645  0.0000
  0   0 -0.0515  0.0427  0.0000
  0   0 -0.0214  0.0245  0.0000
  0   0 -0.0283  0.0064  0.0000
  0   0 -0.0180  0.0142  0.0000
  0   0  0.0026  0.0205  0.0000
  0   0  0.0096 -0.0026  0.0000
  0   0  0.0397  0.0132  0.0000
  0   0  0.0756 -0.0163  0.0000
  0   0  0.0689 -0.0004  0.0000
  0   0  0.0436  0.0004  0.0000
  0   0  0.0653 -0.0237  0.0000
  0   0  0.0519 -0.0194  0.0000
  0   0  0.0155 -0.0051  0.0000
  0   0 -0.0059  0.0221  0.0000
  0   0 -0.0039  0.0241  0.0000
  0   0 -0.0398 -0.0537  0.0000
  0   0 -0.0558 -0.0458  0.0000
  0   0 -0.0363 -0.0314  0.0000
  0   0 -0.0505 -0.0398  0.0000
  0   0 -0.0523 -0.0371  0.0000
  0   0 -0.0534 -0.0368  0.0000
  0   0 -0.0517 -0.0403  0.0000
  0   0 -0.0213 -0.0410  0.0000
  0   0  0.0057 -0.0330  0.0000
  0   0  0.0327 -0.0224  0.0000
  0   0  0.0642 -0.0065  0.0000
  0   0  0.0930 -0.0029  0.0000
  0   0  0.0984  0.0007  0.0000
  0   0  0.0974  0.0138  0.0000
  0   0  0.0897  0.0192  0.0000
  0   0 -0.1470  0.0309  0.0000
  0   0 -0.1030  0.0096  0.0000
  0   0 -0.0445 -0.0063  0.0000
  0   0 -0.0210  0.0036  0.0000
  0   0 -0.0153  0.0345  0.0000
  0   0 -0.0233  0.0706  0.0000
  0   0 -0.0440  0.1023  0.0000
  0   0 -0.0740  0.1256  0.0000
  0   0 -0.1047  0.1355  0.0000
  0   0 -0.1176  0.1334  0.0000
  0   0 -0.1151  0.1216  0.0000
  0   0 -0.0984  0.0946  0.0000
  0   0 -0.0707  0.0648  0.0000
  0   0 -0.0519  0.0397  0.0000
  0   0 -0.0270  0.0284  0.0000
  0   0  0.0033  0.0204  0.0000
  0   0  0.0311  0.0064  0.0000
  0   0  0.0651  0.0031  0.0000
  0   0  0.0952 -0.0109  0.0000
  0   0  0.1014 -0.0107  0.0000
  0   0  0.0929 -0.0139  0.0000
  0   0  0.0903 -0.0242  0.0000
  0   0  0.0686 -0.0222  0.0000
  0   0  0.0319 -0.0121  0.0000
  0   0 -0.0011 -0.0003  0.0000
  0   0 -0.0242 -0.0083  0.0000
  0   0 -0.0546 -0.0456  0.0000
  0   0 -0.0726 -0.0533  0.0000
  0   0 -0.0713 -0.0514  0.0000
  0   0 -0.0766 -0.0551  0.0000
  0   0 -0.0771 -0.0557  0.0000
  0   0 -0.0723 -0.0561  0.0000
  0   0 -0.0588 -0.0566  0.0000
  0   0 -0.0297 -0.0537  0.0000
  0   0  0.0049 -0.0448  0.0000
  0   0  0.0419 -0.0315  0.0000
  0   0  0.0794 -0.0151  0.0000
  0   0  0.1114 -0.0011  0.0000
  0   0  0.1299  0.0135  0.0000
  0   0  0.1396  0.0315  0.0000
  0   0  0.1427  0.0479  0.0000
  0   0 -0.2139  0.0425  0.0000
  0   0 -0.1404  0.0247  0.0000
  0   0 -0.0747  0.0186  0.0000
  0   0 -0.0349  0.0354  0.0000
  0   0 -0.0239  0.0735  0.0000
  0   0 -0.0387  0.1211  0.0000
  0   0 -0.0732  0.1664  0.0000
  0   0 -0.1171  0.1998  0.0000
  0   0 -0.1566  0.2151  0.0000
  0   0 -0.1775  0.2105  0.0000
  0   0 -0.1759  0.1872  0.0000
  0   0 -0.1543  0.1488  0.0000
  0   0 -0.1198  0.1054  0.0000
  0   0 -0.0813  0.0675  0.0000
  0   0 -0.0392  0.0408  0.0000
  0   0  0.0060  0.0223  0.0000
  0   0  0.0517  0.0077  0.0000
  0   0  0.0953 -0.0032  0.0000
  0   0  0.1294 -0.0137  0.0000
  0   0  0.1453 -0.0205  0.0000
  0   0  0.1432 -0.0259  0.0000
  0   0  0.1270 -0.0297  0.0000
  0   0  0.0938 -0.0267  0.0000
  0   0  0.0479 -0.0193  0.0000
  0   0  0.0002 -0.0161  0.0000
  0   0 -0.0419 -0.0271  0.0000
  0   0 -0.0770 -0.0493  0.0000
  0   0 -0.0992 -0.0639  0.0000
  0   0 -0.1077 -0.0703  0.0000
  0   0 -0.1105 -0.0739  0.0000
  0   0 -0.1081 -0.0759  0.0000
  0   0 -0.0980 -0.0767  0.0000
  0   0 -0.0765 -0.0757  0.0000
  0   0 -0.0419 -0.0706  0.0000
  0   0  0.0023 -0.0597  0.0000
  0   0  0.0508 -0.0433  0.0000
  0   0  0.0981 -0.0228  0.0000
  0   0  0.1382 -0.0002  0.0000
  0   0  0.1674  0.0241  0.0000
  0   0  0.1869  0.0500  0.0000
  0   0  0.2011  0.0763  0.0000
