VARIABLES= "X pix", "Y pix", "U pix/dt", "V pix/dt", "CHC", ZONE I=37, J=41
304  16 -0.0130 -0.0682 59.5809
336  16 -0.0119 -0.0465 18.9118
368  16 -0.0025 -0.0715 24.6753
400  16 -0.0256 -0.0715 88.5845
496  16 -0.0267 -0.0803 89.0435
528  16 -0.0092 -0.0551 39.0095
560  16  0.0073 -0.0386 40.9600
592  16  0.0115 -0.0174 50.5679
624  16  0.0290  0.0087 54.6133
656  16  0.0310  0.0113 46.5454
688  16  0.0579  0.0595 273.0666
304  48  0.0295  0.0908 52.5128
336  48  0.0196  0.0921 29.4676
368  48  0.0285  0.0603 110.7027
496  48  0.0355  0.0731 71.8596
528  48  0.0602  0.1305 27.3067
560  48  0.1100  0.2481 41.3737
592  48  0.0693  0.3659 117.0285
688  48 -0.1397  0.2146 227.5554
720  48 -0.4676  0.0402 29.2571
752  48 -0.6528 -0.0760 35.0085
784  48 -0.0186  0.0000 32.0660
816  48  2.6958  0.5000 107.7894
304  80  2.0419  0.3330 49.3494
336  80  0.9069  0.1335 30.7970
368  80  0.2328  0.0116 50.5679
400  80 -0.0205 -0.0319 47.0804
432  80 -0.0603 -0.0368 43.5745
464  80  0.0141 -0.0156 4095.9939
496  80  0.1171  0.0346 71.8596
528  80  0.1108  0.0865 28.4444
560  80  0.0633  0.0618 50.5679
592  80  0.0000  0.0101 43.1358
688  80 -0.0155  0.0843 341.3332
720  80 -0.0049  0.0688 80.3137
752  80 -0.0190  0.0209 75.8518
784  80 -0.0565 -0.0190 59.9415
816  80 -0.0507 -0.1092 85.5880
 16 144 -0.0634 -0.0864 31.2750
 48 144 -0.0077 -0.0630 49.2355
 80 144 -0.0324 -0.0758 170.5274
112 144 -0.0107 -0.0563 185.4355
144 144 -0.0120 -0.0156 223.1826
176 144  0.0147 -0.0557 143.5564
208 144 -0.0137 -0.0166 67.8020
240 144 -0.0074 -0.0375 68.0520
272 144  0.0139  0.0005 27.4981
304 144  0.0299  0.0065 154.9295
336 144  0.0138  0.0167 59.7842
368 144  0.0282  0.0398 137.5911
400 144 -0.0022  0.0067 50.3287
432 144  0.0515  0.0625 143.7467
464 144  0.0078  0.0541 210.9940
496 144  0.0217  0.0732 116.5447
528 144  0.0369  0.0292 214.5946
560 144  0.0210  0.0440 96.8018
592 144  0.0124  0.0362 186.6303
624 144  0.0375  0.0335 83.8276
656 144 -0.0357  0.0396 172.5429
688 144  0.0184  0.0237 110.8061
720 144  0.0051  0.0235 113.0498
752 144  0.0129  0.0084 136.9749
784 144  0.0436 -0.0004 85.2226
816 144  0.0325  0.0537 169.9330
848 144  0.0466 -0.0277 161.2251
880 144  0.0134 -0.0022 183.8879
912 144  0.0397 -0.0067 142.6517
944 144  0.0436 -0.0032 139.3460
976 144  0.0174  0.0063 71.0154
1008 144  0.0164  0.0063 52.5229
1040 144  0.0917  0.0053 62.2868
1072 144  0.0157  0.0223 89.4886
1104 144 -0.0056  0.0190 40.5578
1136 144  0.0286  0.0059 50.3237
1168 144 -0.0249  0.0608 99.9999
 16 176 -0.0015 -0.0004 28.4707
 48 176 -0.0142 -0.0639 207.0183
 80 176 -0.0951 -0.1270 100.3611
112 176 -0.0132 -0.1441 297.7079
144 176 -0.0220 -0.0650 227.8895
176 176 -0.0132 -0.0269 151.0377
208 176 -0.0108 -0.0344 34.9236
240 176 -0.0168  0.0022 218.1888
272 176  0.0092 -0.0224 261.8333
304 176 -0.0085 -0.0137 221.9463
336 176  0.0216  0.0218 233.3262
368 176  0.0133  0.0321 60.8993
400 176  0.0337  0.0319 201.9766
432 176  0.0477  0.0605 146.1780
464 176  0.0402  0.0666 80.5503
496 176  0.0027  0.0294 254.7319
528 176  0.0015  0.0451 267.4092
560 176 -0.0121  0.0798 146.3222
592 176  0.0026 -0.0198 72.4336
624 176  0.0433  0.0365 204.0430
656 176  0.0361  0.0166 151.7055
688 176  0.0116  0.0224 82.5224
720 176  0.0540  0.0122 169.3665
752 176  0.0256  0.0195 267.9970
784 176  0.0269  0.0077 102.2017
816 176  0.0318 -0.0183 287.0931
848 176  0.0415 -0.0313 352.9785
880 176  0.0719 -0.0109 91.5888
912 176  0.0581  0.0131 160.5627
944 176  0.0642  0.0234 128.6497
976 176  0.0441  0.0289 108.6583
1008 176  0.0424  0.0015 121.3454
1040 176  0.0360  0.0076 63.9077
1072 176  0.0298 -0.0079 123.2986
1104 176  0.0564  0.0437 147.7178
1136 176 -0.0052  0.0590 109.8982
1168 176  0.0113  0.0093 69.6071
 16 208 -0.0913 -0.1498 200.7327
 48 208 -0.1683 -0.1169 58.9427
 80 208 -0.1121 -0.0511 132.0181
112 208 -0.0821 -0.1193 243.3919
144 208 -0.0136 -0.0502 193.5174
176 208 -0.0072 -0.0505 146.5132
208 208 -0.0257 -0.0628 201.0600
240 208 -0.0337  0.0008 135.5318
272 208 -0.0201 -0.0061 246.0693
304 208 -0.0080 -0.0042 184.0796
336 208 -0.0087  0.0581 121.4227
368 208  0.0327 -0.0045 52.1411
400 208  0.0120  0.0154 186.2767
432 208  0.0530  0.0347 172.4541
464 208  0.0026  0.0696 241.1440
496 208  0.0223  0.0428 171.3525
528 208  0.0456  0.0374 177.0964
560 208  0.0870  0.0612 116.8665
592 208  0.0197  0.0419 50.0702
624 208  0.0476  0.0334 93.4402
656 208  0.0250  0.0250 105.1872
688 208  0.0236  0.0051 90.9088
720 208  0.0211  0.0185 119.1900
752 208  0.0302 -0.0012 177.3221
784 208  0.0588 -0.0066 155.1985
816 208  0.0308 -0.0101 143.0185
848 208  0.0293 -0.0201 215.2367
880 208  0.0027 -0.0070 247.4793
912 208  0.0239 -0.0068 69.2875
944 208  0.0600 -0.0254 87.8505
976 208  0.0389  0.0010 123.4094
1008 208  0.0555  0.0131 220.9901
1040 208  0.0135  0.0031 95.4202
1072 208  0.0146  0.0358 191.6612
1104 208  0.0190  0.0567 134.1579
1136 208 -0.0034  0.0241 144.9767
1168 208 -0.0025  0.0467 160.4865
 16 240 -0.3181 -0.0256 85.9853
 48 240 -0.0985 -0.0573 67.0874
 80 240 -0.0243 -0.1387 212.2446
112 240 -0.0311 -0.2783 218.2648
144 240 -0.0348 -0.0557 196.2338
176 240 -0.0297 -0.0984 234.7815
208 240 -0.0219 -0.0150 88.5741
240 240 -0.0562 -0.0940 235.2993
272 240 -0.0161 -0.0682 144.0314
304 240 -0.0003 -0.0104 109.5392
336 240 -0.0024 -0.0078 159.7636
368 240  0.0237  0.0182 78.0874
400 240  0.0263  0.0314 272.4642
432 240  0.0313  0.0154 70.1367
464 240  0.0085  0.1174 196.7935
496 240  0.0144  0.0621 257.3820
528 240  0.0171  0.0647 89.1638
560 240  0.0233  0.0533 126.7834
592 240  0.0200  0.0264 168.7082
624 240  0.0172  0.0385 192.0915
656 240  0.0871  0.0136 134.7744
688 240  0.0171  0.0228 181.5784
720 240  0.0132 -0.0159 74.2919
752 240  0.0311  0.0113 166.4907
784 240  0.0355 -0.0091 108.7763
816 240 -0.0009  0.0093 194.6545
848 240  0.0285 -0.0174 185.8315
880 240  0.0414 -0.0141 94.4794
912 240  0.0378 -0.0090 75.2463
944 240  0.0331 -0.0412 70.6096
976 240  0.0064  0.0426 93.9406
1008 240  0.0018 -0.0059 126.9657
1040 240  0.0120  0.0322 112.2801
1072 240 -0.0072  0.0330 193.3540
1104 240  0.0136  0.0181 100.9714
1136 240 -0.0181  0.0444 253.8210
1168 240  0.0065  0.0664 55.3334
 16 272 -0.2200 -0.0146 191.0215
 48 272 -0.1040 -0.1513 171.3051
 80 272 -0.1190 -0.2938 291.1609
112 272 -0.0873 -0.1382 195.1228
144 272 -0.0527 -0.0472 117.4329
176 272 -0.0739 -0.0927 143.5950
208 272 -0.0218 -0.0400 326.4447
240 272 -0.0794 -0.0485 220.7197
272 272 -0.0120 -0.0845 79.5213
304 272  0.0058 -0.0417 224.5764
336 272  0.0122 -0.0111 120.5560
368 272  0.0157  0.0142 209.1717
400 272  0.0321  0.0328 197.7771
432 272  0.0003  0.0204 172.9329
464 272  0.0346  0.0286 142.7349
496 272  0.0654  0.0629 86.1313
528 272  0.0468  0.0456 88.9650
560 272  0.0250  0.0015 46.1122
592 272  0.0264  0.0129 197.9469
624 272  0.0442  0.0462 144.4863
656 272  0.0172  0.0165 141.5654
688 272  0.0246  0.0106 140.8221
720 272  0.0278 -0.0066 102.8817
752 272  0.0343 -0.0150 117.0922
784 272  0.0304 -0.0253 153.7546
816 272  0.1029 -0.0643 136.1566
848 272  0.0407 -0.0327 103.7297
880 272  0.0328 -0.0114 91.6816
912 272  0.0517 -0.0222 60.0072
944 272  0.0469 -0.0267 163.8058
976 272  0.0499 -0.0030 169.9592
1008 272  0.0017  0.0082 89.1094
1040 272  0.0422  0.0001 78.3114
1072 272  0.0044 -0.0066 81.2647
1104 272  0.0194  0.0341 105.0139
1136 272  0.0174  0.0267 55.4429
1168 272  0.0271  0.0181 72.9165
 16 304 -0.0796 -0.1437 258.5056
 48 304 -0.0608 -0.1137 299.9068
 80 304 -0.1014 -0.1090 187.4016
112 304 -0.1547 -0.1312 354.4961
144 304 -0.0423 -0.1506 274.6786
176 304 -0.0771 -0.0368 236.8458
208 304 -0.1209 -0.0994 237.1350
240 304 -0.0674 -0.0604 250.3158
272 304 -0.0238  0.0169 32.2550
304 304 -0.0241 -0.0475 240.6091
336 304  0.0069 -0.0179 157.7682
368 304  0.0054 -0.0129 318.7051
400 304  0.0332  0.0032 73.9555
432 304  0.0154 -0.0086 271.2958
464 304  0.0510  0.0789 149.5585
496 304  0.0284  0.0681 164.6471
528 304  0.0741  0.0554 88.5133
560 304  0.0064  0.0189 328.0206
592 304  0.0274  0.0235 148.6051
624 304  0.0047  0.0248 161.9055
656 304  0.0138  0.0328 88.9234
688 304  0.0446  0.0016 127.6453
720 304 -0.0280  0.0087 217.1738
752 304  0.0867 -0.0267 82.5501
784 304  0.0571 -0.0069 177.4753
816 304  0.0723 -0.0251 154.1414
848 304  0.0574 -0.0007 99.1320
880 304  0.0105 -0.0397 181.9563
912 304  0.0686 -0.0369 77.1173
944 304  0.0404  0.0019 81.1068
976 304  0.0525 -0.0085 93.3652
1008 304  0.0224  0.0003 74.2670
1040 304  0.0413  0.0250 52.0529
1072 304  0.0158  0.0252 144.9345
1104 304  0.0042  0.0236 136.9970
1136 304  0.0174  0.0754 89.9512
1168 304  0.0141  0.0366 43.7104
 16 336 -0.2748 -0.3893 166.2698
 48 336 -0.0979 -0.1121 371.6169
 80 336 -0.2882 -0.2447 91.5519
112 336 -0.1066 -0.1503 260.0951
144 336 -0.1031 -0.1908 54.7275
176 336 -0.0977 -0.3099 292.4684
208 336 -0.1018 -0.2510 313.9955
240 336 -0.0797 -0.1279 234.2450
272 336 -0.0894 -0.0273 23.2575
304 336 -0.0106 -0.0533 73.1187
336 336 -0.0159 -0.0041 177.4816
368 336  0.0015 -0.0074 163.3491
400 336 -0.0118 -0.0156 52.5659
432 336  0.0588  0.0092 177.1314
464 336  0.0447  0.0271 186.4841
496 336  0.0160  0.0272 212.6440
528 336  0.0330  0.0429 121.5835
560 336  0.0042  0.0433 175.9222
592 336  0.0523  0.0470 268.5246
624 336  0.0327  0.0176 102.6867
656 336  0.0232  0.0281 97.8189
688 336  0.0121 -0.0045 233.4296
720 336  0.0462  0.0045 110.6075
752 336  0.0431 -0.0041 112.2805
784 336  0.0146 -0.0122 124.5909
816 336  0.0385 -0.0569 114.3074
848 336  0.0532 -0.0439 127.6613
880 336  0.0333 -0.0346 120.4923
912 336  0.0863 -0.0233 174.3976
944 336  0.0711 -0.0236 160.0258
976 336  0.0478 -0.0175 136.2198
1008 336  0.0258 -0.0172 124.4777
1040 336  0.0276 -0.0014 88.4820
1072 336  0.0152  0.0484 111.2705
1104 336  0.0073  0.0683 133.2616
1136 336  0.0157  0.0399 178.0808
1168 336 -0.0096  0.0316 99.4034
 16 368 -0.1417 -0.6111 151.8693
 48 368 -0.0501 -0.1132 52.9469
 80 368 -0.1571 -0.3359 81.9471
112 368 -0.0935 -0.4134 117.5844
144 368 -0.1601 -0.0466 365.6283
176 368 -0.0882 -0.1379 103.8930
208 368 -0.0542 -0.1562 170.8106
240 368 -0.0292 -0.1690 32.4156
272 368 -0.1077 -0.0756 77.4617
304 368 -0.0320 -0.1335 259.2921
336 368 -0.0195 -0.0607 34.9997
368 368 -0.0114 -0.0719 312.0457
400 368  0.0167  0.0062 128.7406
432 368  0.0547  0.0073 220.0770
464 368  0.0637  0.0533 109.4900
496 368  0.0518  0.0275 240.4683
528 368  0.0504  0.0544 197.4558
560 368  0.0336  0.0531 256.9406
592 368  0.0541  0.0347 202.9445
624 368  0.0180  0.0193 120.6235
656 368  0.0464  0.0112 61.4500
688 368  0.0947  0.0033 60.2809
720 368  0.0204 -0.0117 112.4799
752 368  0.0514 -0.0365 119.6377
784 368  0.0131 -0.0273 217.5809
816 368  0.0201 -0.0319 182.7341
848 368  0.1071 -0.0623 110.4315
880 368  0.0576 -0.0423 167.5809
912 368  0.0445 -0.0191 156.9161
944 368  0.0690 -0.0497 182.2249
976 368  0.0142 -0.0164 43.4062
1008 368  0.0711  0.0229 306.9380
1040 368  0.0261  0.0111 200.9752
1072 368 -0.0022  0.0312 109.5962
1104 368 -0.0096  0.0278 141.7053
1136 368 -0.0350  0.0831 81.9417
1168 368 -0.0055  0.0736 140.8649
 16 400 -0.1786 -0.2162 82.8546
 48 400 -0.8019 -0.5326 161.3553
 80 400 -0.4718 -0.4038 158.8206
112 400 -0.5069 -0.2394 99.3281
144 400 -0.1093 -0.1446 84.1358
176 400 -0.4094 -0.1018 114.8155
208 400 -0.1258 -0.2476 87.7285
240 400 -0.1623 -0.2488 126.7421
272 400 -0.0727 -0.1344 166.9966
304 400 -0.0284 -0.1398 199.3608
336 400 -0.0376 -0.0902 109.5239
368 400 -0.0026 -0.0811 225.8180
400 400  0.0111 -0.0081 76.7244
432 400  0.0387  0.0022 175.3017
464 400  0.0274  0.0032 248.2724
496 400  0.0526  0.0413 135.4359
528 400  0.0384  0.0262 164.7020
560 400  0.0933  0.0438 167.5419
592 400  0.0326  0.0784 211.9177
624 400  0.0357  0.0302 130.3318
656 400 -0.0043  0.0246 177.5186
688 400 -0.0544 -0.0019 247.6148
720 400  0.0312 -0.0133 219.7061
752 400  0.0355 -0.0075 76.3599
784 400  0.0367 -0.0236 217.6471
816 400  0.0508 -0.0308 122.7828
848 400  0.0315 -0.0260 123.7816
880 400  0.0011 -0.0465 129.6864
912 400  0.0565 -0.0217 122.8402
944 400  0.0645 -0.0361 116.3366
976 400  0.0432 -0.0135 94.1702
1008 400 -0.0010  0.0385 95.0000
1040 400  0.0455 -0.0036 243.5405
1072 400  0.0226 -0.0049 171.8247
1104 400 -0.0253  0.0441 175.3352
1136 400 -0.0344  0.1710 151.6124
1168 400 -0.0318  0.0539 33.6530
 16 432 -0.2191 -0.3141 34.8261
 48 432 -0.7699 -0.2614 31.8619
 80 432 -0.6917 -0.2790 227.4368
112 432 -0.1624 -0.5962 152.4143
144 432 -0.1819 -0.4175 47.8775
176 432 -0.3802 -0.4809 147.8828
208 432 -0.3517 -0.4254 39.5445
240 432 -0.1960 -0.4261 184.1620
272 432 -0.0493 -0.1386 292.5953
304 432 -0.1278 -0.1810 326.0010
336 432 -0.0907 -0.2172 145.8707
368 432 -0.0158 -0.1334 174.6088
400 432  0.0188 -0.0518 116.5602
432 432  0.0297 -0.0202 202.0914
464 432  0.0436  0.0285 102.5427
496 432  0.0286  0.1001 75.1707
528 432  0.0502  0.1027 87.6557
560 432  0.0398  0.0609 132.4582
592 432  0.0401  0.0788 119.3346
624 432  0.0466  0.0484 107.1436
656 432  0.0156  0.0359 102.3660
688 432  0.0477  0.0248 65.8101
720 432  0.0542 -0.0344 120.6154
752 432  0.0426 -0.0557 144.8080
784 432  0.0620 -0.0868 142.4325
816 432  0.0558 -0.0702 85.2313
848 432  0.0801 -0.0939 162.3832
880 432  0.0512 -0.0750 111.4574
912 432  0.1274 -0.0674 101.3132
944 432  0.0552 -0.0239 37.9865
976 432  0.0940 -0.0025 66.2788
1008 432  0.0203  0.0258 84.8398
1040 432  0.0201  0.0360 181.1562
1072 432  0.0226  0.0609 35.0956
1104 432 -0.0555  0.0670 28.8947
1136 432  0.0640  0.1305 77.2259
1168 432 -0.0345  0.1733 128.9235
 16 464 -0.5294 -0.2718 57.7061
 48 464 -0.2364 -0.5802 124.3462
 80 464 -0.7897 -0.5822 124.7689
112 464 -1.1065 -0.2453 239.1905
144 464 -0.2723 -0.6464 25.3755
176 464 -0.2906 -0.2207 72.9134
208 464 -0.2498 -0.4969 115.9256
240 464 -0.2612 -0.3850 62.8361
272 464 -0.0584 -0.2178 295.6658
304 464 -0.0625 -0.2398 247.8539
336 464 -0.0770 -0.1929 80.6384
368 464 -0.0273 -0.1397 195.2308
400 464  0.0139 -0.0789 84.3428
432 464  0.0456 -0.0666 177.8626
464 464  0.0712 -0.0117 185.7501
496 464  0.0607  0.0152 39.3023
528 464  0.0896  0.1163 121.6297
560 464  0.0497  0.0515 237.2085
592 464  0.0499  0.0633 87.3045
624 464  0.0504  0.1144 87.3984
656 464  0.0400  0.0327 222.8909
688 464  0.0481  0.0234 136.8583
720 464  0.0125 -0.0274 121.9360
752 464  0.0280 -0.0128 171.1653
784 464  0.0430 -0.0787 67.3753
816 464  0.0273 -0.0853 95.0084
848 464  0.0655 -0.0487 30.6989
880 464  0.0473 -0.0481 60.3137
912 464  0.0857 -0.0717 206.2152
944 464  0.0523 -0.0699 49.2424
976 464  0.0272  0.0204 165.6465
1008 464  0.0433 -0.0108 35.5441
1040 464  0.0232  0.0243 190.1783
1072 464  0.0133  0.0506 134.8386
1104 464 -0.0353  0.0405 137.3353
1136 464 -0.0173  0.0998 48.3447
1168 464 -0.0673  0.1850 77.9098
 16 496 -0.9589 -0.7680 37.8829
 48 496 -0.4860 -0.2527 179.0971
 80 496 -0.4314 -0.3935 200.5124
112 496 -0.3375 -0.8118 248.2444
144 496 -0.6145 -0.5269 173.2758
176 496 -0.7311  1.1175 41.7102
208 496 -0.5858 -0.6253 70.8373
240 496 -0.2942 -0.3143 177.4335
272 496 -0.2031 -0.3317 50.2663
304 496 -0.1602 -0.2227 40.9231
336 496 -0.0175 -0.2093 125.9434
368 496 -0.0345 -0.1914 122.0709
400 496  0.0257 -0.0577 26.9179
432 496  0.0510 -0.0828 219.3187
464 496  0.1054 -0.0306 207.2555
496 496  0.0925  0.0444 204.0239
528 496  0.0509  0.0639 185.7692
560 496  0.0803  0.0367 43.6219
592 496  0.0190  0.0717 51.3670
624 496  0.0147  0.0706 77.1151
656 496  0.0115  0.0967 96.9340
688 496  0.0135  0.0311 128.2177
720 496 -0.0153  0.0084 233.8400
752 496  0.0279 -0.0015 132.6210
784 496  0.0497 -0.0112 102.7386
816 496  0.0385 -0.0583 83.2427
848 496  0.0419 -0.0301 73.5546
880 496  0.0695 -0.0402 112.3232
912 496  0.0270 -0.0007 35.9320
944 496  0.0343 -0.0413 254.1689
976 496  0.0338  0.0118 61.4177
1008 496 -0.0010  0.0119 126.4739
1040 496 -0.0513  0.1368 110.1663
1072 496 -0.0035  0.0521 70.5844
1104 496 -0.0259  0.0792 81.5592
1136 496 -0.0428  0.0990 54.5531
1168 496  0.0243  0.1264 41.3047
 16 528 -0.5232 -0.1778 20.5892
 48 528 -0.5538 -0.4409 161.3472
 80 528 -0.7100 -0.9426 178.9748
112 528 -0.7204 -1.1351 29.6270
144 528 -0.6441 -0.5999 19.0631
176 528 -0.3549 -0.6446 238.4947
208 528 -0.3247 -0.5082 150.5156
240 528 -0.3682 -0.7018 82.7895
272 528 -0.2588 -0.2789 24.7044
304 528 -0.1448 -0.4541 355.8990
336 528 -0.1214 -0.4134 111.2454
368 528 -0.0416 -0.1602 184.9165
400 528  0.0109 -0.2408 111.9898
432 528  0.0964 -0.1333 144.5202
464 528  0.0742 -0.0443 213.5489
496 528  0.0203  0.0050 275.5287
528 528  0.1091  0.0193 37.8233
560 528  0.0771  0.0945 147.5166
592 528  0.0907  0.1163 110.2530
624 528  0.1117  0.0879 218.3410
656 528  0.0261  0.0448 119.5511
688 528 -0.0330  0.0669 50.7181
720 528  0.0325  0.0117 79.7904
752 528  0.0251  0.0109 31.4694
784 528  0.0211 -0.0522 125.6793
816 528  0.0535 -0.0787 104.7881
848 528  0.0366 -0.0183 95.4873
880 528  0.0609 -0.0537 103.1759
912 528 -0.0054 -0.0065 142.3785
944 528  0.0086  0.0002 150.4889
976 528 -0.0238  0.0591 113.7225
1008 528 -0.0361  0.0853 137.8415
1040 528 -0.0488  0.1101 70.0804
1072 528 -0.0301  0.0642 198.1018
1104 528 -0.1231  0.1455 161.0330
1136 528 -0.0405  0.1464 65.9822
1168 528 -0.0572  0.0806 71.4404
 16 560 -0.2426 -0.1508 25.7606
 48 560 -0.4341 -0.2494 232.0982
 80 560 -0.6727 -0.6989 58.1380
112 560 -1.2122 -0.5889 37.1945
144 560 -0.4040 -0.2846 30.2375
176 560 -0.8614 -1.4593 24.3435
208 560 -1.3785 -0.7523 69.3995
240 560 -0.4412 -0.7503 196.9854
272 560 -0.0733 -0.2030 19.9288
304 560 -0.2965 -0.6510 224.6575
336 560 -0.1411 -0.6857 93.9215
368 560 -0.0316 -0.3842 132.1283
400 560  0.1350 -0.5263 36.6656
432 560  0.1394 -0.2853 207.2838
464 560  0.0984 -0.0459 102.5509
496 560  0.1518  0.0367 36.5705
528 560  0.1457  0.0839 204.7432
560 560  0.1914  0.1731 100.3225
592 560  0.0916  0.1555 120.3214
624 560  0.0971  0.0363 64.0331
656 560  0.0239  0.1212 85.0121
688 560 -0.0051  0.0791 69.0911
720 560  0.0243  0.0668 63.0131
752 560  0.0002  0.0219 83.1006
784 560  0.0816 -0.0231 131.0817
816 560  0.0152 -0.0606 92.8038
848 560  0.0356 -0.0181 106.6760
880 560  0.0640  0.0147 113.5459
912 560 -0.0315  0.0016 122.0797
944 560 -0.0613  0.0798 61.4904
976 560 -0.0114  0.0479 48.6603
1008 560 -0.0632 -0.0168 141.3555
1040 560 -0.0379  0.1389 158.1727
1072 560 -0.1042  0.1446 94.5467
1104 560 -0.0395 -0.0447 135.4674
1136 560 -0.0611  0.1956 108.6265
1168 560 -0.0721  0.0898 59.2778
 16 592 -0.6743 -0.4035 82.9883
 48 592 -0.7979 -0.3037 59.9249
 80 592 -0.4551 -0.7736 164.9842
112 592 -0.2534 -0.3362 163.1186
144 592 -0.7206 -0.2202 138.1722
176 592 -0.8716 -0.6913 265.5406
208 592 -1.1748 -0.6971 168.6772
240 592 -0.5855 -0.8181 24.3085
272 592 -0.3863 -0.5888 293.6952
304 592 -0.3388 -1.1121 123.0448
336 592 -0.0215 -0.7399 313.6247
368 592 -0.0998 -0.7185 255.8304
400 592  0.0615 -0.3502 27.9121
432 592  0.2171 -0.2163 103.5742
464 592  0.2568 -0.0486 219.1710
496 592  0.1930 -0.0162 205.3322
528 592  0.1335  0.1101 229.7896
560 592  0.1687  0.0473 190.0552
592 592  0.1191  0.1322 49.8647
624 592  0.0699  0.2099 198.7447
656 592  0.0112  0.1619 204.4713
688 592  0.1108  0.0457 175.9447
720 592  0.0608  0.0125 80.9141
752 592 -0.0015  0.0601 117.6166
784 592  0.0076  0.0327 160.2963
816 592 -0.0080  0.0272 31.4603
848 592 -0.0320  0.0619 113.7513
880 592 -0.0312  0.0330 141.5621
912 592 -0.0186  0.0764 130.0420
944 592 -0.0402  0.0550 85.0994
976 592 -0.1536  0.1887 75.7606
1008 592 -0.1359  0.1229 129.2703
1040 592 -0.0741  0.1311 52.7418
1072 592 -0.1733  0.1839 100.6165
1104 592 -0.1727  0.1934 93.2691
1136 592 -0.4421 -0.2096 141.3766
1168 592 -0.4991 -0.1976 40.9740
 16 624 -0.6587 -0.1183 36.2253
 48 624 -0.7609 -0.5081 62.9329
 80 624 -0.8640 -0.7868 82.0198
112 624 -0.2356 -0.3911 42.2405
144 624 -1.5060 -0.8758 152.6932
176 624 -0.9686 -0.8427 71.8657
208 624 -0.9237 -0.8970 35.6947
240 624 -0.7536 -1.2433 171.2717
272 624 -0.8334 -1.3885 35.7256
304 624 -0.3731 -1.6568 175.4737
336 624 -0.0822 -1.0892 185.0838
368 624  0.0171 -0.9096 87.5896
400 624  0.1538 -0.6084 316.3740
432 624  0.2325 -0.2837 37.5680
464 624  0.3181 -0.2104 177.5241
496 624  0.3472  0.0627 97.4618
528 624  0.1990  0.0800 55.7656
560 624  0.2667  0.1098 79.5301
592 624  0.2535  0.2340 167.3159
624 624  0.0714  0.1147 33.1269
656 624  0.0923  0.3361 125.6780
688 624  0.0174  0.0477 256.5578
720 624 -0.0075  0.0839 152.4318
752 624  0.0117  0.0082 161.3251
784 624 -0.0212  0.0263 102.1635
816 624 -0.0403  0.0423 75.5401
848 624 -0.0512  0.0786 105.1935
880 624 -0.1074  0.1261 81.6613
912 624 -0.0800  0.1113 108.7568
944 624 -0.0744  0.1015 186.5212
976 624 -0.1409  0.0167 86.8936
1008 624 -0.1344  0.0960 115.0436
1040 624 -0.1021  0.1293 144.3690
1072 624 -0.1533  0.1635 140.1935
1104 624 -0.0420  0.0994 126.4939
1136 624 -0.1090  0.1187 94.8419
1168 624 -0.1443  0.1463 96.8779
 16 656 -0.1167 -0.2539 80.4143
 48 656 -1.2434 -0.6063 308.0034
 80 656 -1.1600 -1.0204 308.1384
112 656 -0.8937 -0.9267 139.6870
144 656 -0.8538 -0.8165 169.1812
176 656 -0.9235 -0.7268 134.9099
208 656 -0.9064 -1.0136 180.6442
240 656 -0.8949 -1.0970 109.4978
272 656 -0.7936 -1.8327 16.4992
304 656 -0.9576 -1.6040 25.3115
336 656 -1.2990 -2.0658 62.0163
368 656 -0.7998 -1.1702 302.4347
400 656 -0.3847 -0.7361 88.8817
432 656 -0.0743 -0.3508 74.1469
464 656  0.2909 -0.1607 282.5203
496 656  0.3461 -0.0049 68.9125
528 656  0.4083  0.2144 119.0845
560 656  0.3174  0.2987 148.9650
592 656  0.7135  0.5676 171.7332
624 656  0.1829  0.4119 100.3659
656 656  0.1225  0.4304 120.6712
688 656  0.0547  0.0555 287.1721
720 656  0.0522 -0.0072 123.2462
752 656 -0.0221 -0.0336 209.4830
784 656 -0.0586 -0.0352 37.5582
816 656 -0.1092  0.0363 130.9989
848 656 -0.1377  0.1026 78.7885
880 656 -0.1376  0.2052 146.7764
912 656 -0.2348  0.1890 95.3788
944 656 -0.2907  0.1881 55.9287
976 656 -0.2440  0.2485 75.6311
1008 656 -0.1491  0.2576 80.1369
1040 656 -0.2040  0.2444 68.7846
1072 656 -0.1941  0.2491 101.4947
1104 656 -0.1148  0.0548 171.4908
1136 656 -0.0280  0.0630 138.4155
1168 656 -0.0663  0.0156 65.1958
 16 688 -0.0341 -0.0217 16.3520
 48 688 -0.1930 -0.1513 73.8766
 80 688 -0.3219 -0.1717 200.4039
112 688 -0.7730 -0.5420 157.0336
144 688 -0.3213 -0.2370 89.8841
176 688 -0.3917 -0.1198 24.0662
208 688 -1.1750 -1.4588 86.3434
240 688 -0.9758 -1.2332 122.7079
272 688 -0.9467 -1.2587 38.0160
304 688 -0.0349 -0.1076 14.0140
336 688 -0.5508 -0.4507 50.5964
368 688 -0.8826 -0.5831 44.0127
400 688 -0.7139 -0.4624 124.6632
432 688 -1.7306 -1.0935 192.0059
464 688 -0.6323 -0.3862 72.4543
496 688 -0.2328 -0.2481 136.9512
528 688  0.3363  0.1262 222.2844
560 688  0.4506  0.4142 31.1670
592 688  0.2131  0.4738 139.5412
624 688  0.2429  0.3726 68.2564
656 688  0.2171  0.3701 75.0905
688 688  0.0313  0.0292 284.4107
720 688  0.0727 -0.0166 50.2806
752 688 -0.0199 -0.2357 67.1407
784 688 -0.0696 -0.1692 35.8503
816 688 -0.3104 -0.1594 87.7403
848 688 -0.2926 -0.1332 167.8864
880 688 -0.2642  0.0808 96.7389
912 688 -0.2598  0.2013 65.8570
944 688 -0.2445  0.2388 44.0077
976 688 -0.3019  0.3156 110.3251
1008 688 -0.2649  0.2159 63.3370
1040 688 -0.3541  0.1580 61.1079
1072 688 -0.2124  0.1176 164.0860
1104 688 -0.2258  0.1852 165.4393
1136 688 -0.2163  0.2888 219.9071
1168 688 -0.0704  0.1027 157.3437
 16 720 -0.2081 -0.0697 61.5087
 48 720 -0.1664 -0.0777 36.7887
 80 720 -0.3319 -0.0568 23.1326
112 720 -0.1902 -0.1399 79.5329
144 720 -0.7939 -0.6720 18.2058
176 720 -1.0390 -0.8137 62.0672
208 720 -1.3073 -0.6859 28.6009
240 720 -1.4692 -0.9124 115.3315
272 720 -1.6486 -2.4004 69.4802
304 720 -1.3829 -1.2171 61.6923
336 720 -1.7214 -1.4018 77.0762
368 720 -1.3854 -0.3223 76.8064
400 720 -0.9299 -0.4073 74.1539
432 720 -0.3777 -0.0738 43.9323
464 720 -0.8335 -0.4362 50.8240
496 720 -1.6454 -0.9672 105.5523
528 720 -0.4997 -0.1415 117.8423
560 720 -0.2172  0.1179 137.0336
592 720  0.1162  0.3754 62.7205
624 720  0.1804  0.3544 40.5267
656 720  0.2703  0.3701 190.9022
688 720  0.2033  0.0564 101.1973
720 720  0.2024 -0.1667 62.8587
752 720  0.0118 -0.0816 19.0902
784 720 -0.0388 -0.1763 30.4993
816 720 -0.2057 -0.4315 33.1824
848 720 -0.1674 -0.1889 79.9724
880 720 -0.1007 -0.0745 86.9375
912 720 -0.2723  0.1857 211.8419
944 720 -0.1879  0.1405 104.1235
976 720 -0.3468  0.1100 176.1153
1008 720 -0.3138  0.1507 25.3753
1040 720 -0.3144  0.2096 188.3173
1072 720 -0.2061  0.0753 27.9261
1104 720 -0.4627  0.0173 165.0782
1136 720 -0.2585  0.1673 54.2992
1168 720 -0.2466  0.0271 83.0966
 16 752 -0.0849 -0.0669 38.1809
 48 752 -0.0406 -0.0374 47.5324
 80 752 -0.1130 -0.1521 212.6236
112 752 -0.2647 -0.1229 128.9568
144 752 -0.7035 -0.4314 78.9054
176 752 -0.9110 -0.5132 64.8299
208 752 -1.3123 -0.6905 16.3619
240 752 -1.3466 -0.9945 155.3396
272 752 -2.0492 -1.8408 79.9283
304 752 -1.7888 -2.4417 34.8169
336 752 -1.0869 -0.2170 140.2036
368 752 -1.3165 -0.2804 77.7908
400 752 -2.1744 -0.1784 49.5373
432 752 -1.7387 -0.8185 64.1839
464 752 -1.1374 -0.7886 31.6359
496 752 -1.2511 -0.6701 46.8073
528 752 -0.6368 -0.1292 51.5075
560 752 -0.1688  0.0992 71.9216
592 752 -0.0347  0.1268 68.8517
624 752  0.0393  0.3633 48.7375
656 752  0.0309  0.3354 29.0144
688 752  0.2815  0.0234 85.7682
720 752  0.0572 -0.1491 14.4098
752 752  0.1270 -0.4867 14.2269
784 752  0.0389 -0.3345 24.7384
816 752 -0.0107 -0.4427 17.9815
848 752 -0.1537 -0.7519 60.6437
880 752 -0.0464 -0.2716 50.9657
912 752 -0.3880  0.0934 20.8205
944 752 -0.4360  0.1367 37.6025
976 752 -0.4493  0.0503 110.3572
1008 752 -0.5588  0.1043 124.8712
1040 752 -0.2017  0.1055 160.2558
1072 752 -0.2946  0.0284 26.5029
1104 752 -0.0750  0.0842 41.6142
1136 752 -0.2770  0.1097 111.0426
1168 752 -0.2814  0.0559 160.7588
 16 784 -0.0451 -0.0083 22.1256
 48 784 -0.0150 -0.0307 105.0337
 80 784 -0.1130 -0.1021 208.4676
112 784 -0.0815 -0.0764 28.7778
144 784 -0.4853 -0.0775 274.2266
176 784 -0.1452 -0.0617 16.4809
208 784 -0.9078 -0.3456 58.8305
240 784 -1.2987 -0.9420 33.2853
272 784 -1.5922 -2.1170 32.4954
304 784 -0.0316 -0.0846 14.4442
336 784 -0.7401  0.1140 54.2284
368 784  0.0161  0.3411 13.8318
400 784 -0.0676  0.2259 10.2393
432 784 -0.3704  0.2447 27.1793
464 784 -0.8602 -0.1122 21.1053
496 784 -1.7507 -0.9438 37.1355
528 784 -1.2027 -0.5858 116.6999
560 784 -0.7712 -0.4425 61.9743
592 784 -0.4824 -0.0226 145.1507
624 784  0.0599  0.1327 47.3349
656 784  0.0955  0.3500 40.0937
688 784  0.1091  0.1018 25.1811
720 784  0.2311 -0.1773 18.1652
752 784  0.1318 -0.4585 15.9561
784 784  0.1051 -0.0964 11.3230
816 784  0.0063 -0.3557 17.9865
848 784 -0.0358 -0.1337 12.4194
880 784 -0.0431 -0.1817 11.7316
912 784  0.0157  0.0000  9.1596
944 784 -0.1114  0.0208 10.8042
976 784 -0.4252  0.0190 96.4553
1008 784 -0.5372 -0.0422 69.2705
1040 784 -0.3601  0.1495 64.3999
1072 784 -0.3366  0.0708 82.4989
1104 784 -0.2793  0.0106 56.7675
1136 784 -0.3310  0.1703 157.7939
1168 784 -0.1769  0.1351 92.9639
 16 816  0.0017 -0.0220 26.1800
 48 816  0.0075 -0.0196 51.9662
 80 816 -0.0318 -0.0327 103.2196
112 816 -0.0876 -0.0868 166.4646
144 816 -0.5096 -0.1160 86.9226
176 816 -0.1098  0.0261 15.7847
208 816 -0.6856 -0.1387 50.3457
240 816 -1.1950 -1.3684 163.4888
272 816 -0.0403 -0.0946 10.8463
304 816 -1.5117 -2.1594 14.7692
336 816 -0.7609 -0.6220 43.2646
368 816 -0.0683  0.3025  5.1075
432 816 -0.0391  0.0602  4.0878
464 816 -0.0137  0.0485  4.6598
496 816  0.0250 -0.0101 12.8359
528 816 -0.8065 -0.6198 105.7152
560 816 -0.4632 -0.2413 60.1802
592 816 -0.1902 -0.0934 104.6500
624 816 -0.0741  0.1135 28.3762
656 816  0.0550  0.1420 31.5155
688 816  0.0880 -0.1278 62.4182
720 816 -0.0599 -0.0176  9.8407
752 816  0.0445 -0.1376 12.2015
784 816  0.0321 -0.1214 12.2128
816 816  0.0097 -0.1960 11.4046
848 816 -0.0252 -0.0244 12.6573
880 816 -0.0171 -0.0800 11.7067
912 816  0.0060  0.0636 12.3247
944 816 -0.0239  0.1916 11.2942
976 816 -0.0077  0.1649  8.6937
1008 816 -0.4797  0.0965 15.9393
1040 816 -0.3825  0.0930 77.0599
1072 816 -0.2030  0.1117 41.1012
1104 816 -0.3164  0.1311 80.3873
1136 816 -0.3578  0.0911 79.4208
1168 816 -0.1586 -0.0068 87.1383
 16 848  0.0296  0.0133 46.2821
 48 848 -0.0195 -0.0072 77.2153
 80 848 -0.0001 -0.0085 28.2936
112 848 -0.0468 -0.0105 80.8991
144 848 -0.1079 -0.0013 79.0766
176 848 -0.2012  0.0057 125.4605
208 848 -0.3224  0.0478 91.7224
240 848 -1.0233 -0.4038 168.9254
272 848 -1.4010 -1.5342 87.6166
304 848 -0.0081 -0.2911 10.3760
336 848  0.0096  0.3483 34.9993
368 848  0.0623  0.0299  4.2053
496 848  0.0041 -0.0041  4.3025
528 848  0.0171 -0.0483 80.3315
560 848 -0.1385 -0.0412 48.6227
592 848 -0.2175 -0.0450 57.0620
624 848  0.0003  0.0399 71.2323
656 848 -0.0459 -0.0300 28.0471
688 848 -0.1721 -0.0043 27.6676
720 848  0.0040 -0.0254 11.3255
752 848  0.0454 -0.1301  9.4657
784 848 -0.0367 -0.0802 11.3662
816 848 -0.0227 -0.2691 30.4030
848 848 -0.0053 -0.0262 11.6711
880 848  0.0307  0.0171 11.4439
912 848  0.0500 -0.0025  8.3081
944 848 -0.0751  0.0102 13.9408
976 848  0.0638  0.0986 10.4560
1008 848 -0.0156  0.1513 10.4852
1040 848 -0.4882  0.0164 45.6912
1072 848 -0.2361 -0.0017 43.4045
1104 848 -0.2868  0.0084 42.8966
1136 848 -0.3802  0.0449 152.0446
1168 848 -0.2192  0.0621 93.2529
 16 880  0.0182  0.0078 28.8103
 48 880  0.0566 -0.0055 73.0488
 80 880  0.1126  0.0050 76.6362
112 880  0.0477  0.0033 97.5467
144 880  0.0219  0.1074 70.2472
176 880 -0.0684  0.0376 139.8878
208 880 -0.0993  0.0410 110.9483
240 880 -0.1658 -0.3429 31.6784
272 880 -0.0832 -0.2085 12.9598
304 880 -0.0658 -0.0204 12.1693
336 880 -0.0539  0.0379 34.5741
368 880 -0.2596  0.3225  5.1633
528 880 -0.0110  0.0151 15.7276
560 880 -0.2719 -0.1098  6.2626
592 880 -0.2483  0.0985  9.7934
624 880 -0.1942  0.0267 22.7706
656 880 -1.1085  0.0080  8.4335
688 880 -0.0653 -0.0330 12.9917
720 880  0.0105  0.0059 20.2241
752 880 -0.0476  0.0577 16.0514
784 880 -0.0099 -0.0132 13.7043
816 880  0.0203 -0.0429  9.7174
848 880 -0.0328  0.0046 15.8620
880 880  0.0169  0.0163 18.2766
912 880  0.0336  0.0648 13.1993
944 880  0.0526  0.0499 17.1074
976 880  0.1250  0.0913  8.3239
1008 880 -0.4493 -0.0613 45.4966
1040 880 -0.5014 -0.0444 125.7925
1072 880 -0.2191 -0.0657 112.9557
1104 880 -0.4864  0.0047 125.8907
1136 880 -0.4432  0.0280 123.1711
1168 880 -0.2357 -0.0049 37.6717
 16 912  0.0403  0.0283 26.8806
 48 912  0.1243  0.0095 28.3229
 80 912  0.0247  0.0097 270.0154
112 912  0.0390  0.0285 190.0544
144 912  0.0653  0.0216 33.0418
176 912 -0.0389  0.0783 118.3229
208 912  0.0049  0.0120 32.4621
240 912  0.0023 -0.1173 158.2477
272 912 -0.5459 -0.9962 37.3284
304 912 -1.0972 -1.8751 28.0420
336 912 -0.9033 -2.0836 22.0926
368 912 -0.3185  0.2945 59.5898
400 912 -0.0624  0.1111  5.3296
528 912 -0.0122  0.0122  4.4741
592 912 -0.1836  0.1549  4.2512
624 912 -0.1306  0.0723  8.4230
656 912 -0.9391  0.2773  4.5842
688 912 -0.0456  0.0261 15.0032
720 912  0.0591  0.0241 10.0507
752 912 -0.1712  0.0503  6.6646
784 912  0.0219  0.0316 27.7147
816 912  0.0772  0.1002  5.2930
848 912 -0.1354  0.1375  8.5857
880 912 -0.0215  0.0033 12.3511
912 912  0.0087  0.0113 14.9403
944 912  0.3321  0.4183  9.5886
976 912 -0.4797 -0.2020 25.1455
1008 912 -0.6975  0.0106 170.5666
1040 912 -0.4177 -0.0487 52.1637
1072 912 -0.2979 -0.0826 86.9473
1104 912 -0.2809 -0.0417 125.1228
1136 912 -0.1617  0.0125 112.1805
1168 912 -0.1856 -0.0184 152.8925
 16 944  0.0229  0.0014 14.9080
 48 944  0.0574  0.0144 42.4096
 80 944  0.0650  0.0144 205.8127
112 944  0.0594 -0.0137 156.2151
144 944  0.0552  0.0178 206.9297
176 944  0.2166  0.0742 166.0766
208 944  0.0952  0.0408 127.1337
240 944  0.0593  0.0019 284.6913
272 944  0.1669 -0.2550 28.7013
304 944 -0.2316 -1.1440 39.3734
336 944 -0.1781 -0.9808 47.8156
368 944 -0.8157 -1.1322 23.0566
400 944 -0.1353  0.2397 21.8744
432 944 -0.0188  0.1880  6.8854
464 944  0.0179  0.0151  7.0067
496 944  0.0330 -0.0303  8.9576
688 944 -0.1193  0.0018  9.4298
720 944  0.0539  0.0504  4.7943
752 944 -0.1292  0.0921  4.2446
784 944  0.0459  0.0541  4.4122
816 944 -0.0106  0.0860  4.6033
848 944 -0.0270 -0.0463 12.5875
880 944 -0.0189  0.0790  9.5667
912 944  0.0467  0.1245 10.6975
944 944  0.0251  0.0099 34.9043
976 944 -0.3621 -0.1909 70.7070
1008 944 -0.2372 -0.1060 24.4855
1040 944 -0.4201 -0.0713 46.4373
1072 944 -0.3570 -0.1276 46.6328
1104 944 -0.4028 -0.0643 64.5733
1136 944 -0.2949 -0.0818 79.6945
1168 944 -0.1548 -0.0169 50.8794
 16 976  0.0741  0.0202 19.8374
 48 976  0.0490  0.0095 29.9598
 80 976  0.0435  0.0141 29.0999
112 976  0.1475  0.0341 242.2101
144 976  0.0712 -0.0083 163.0226
176 976  0.1208  0.0548 107.8616
208 976  0.1487  0.0110 70.6231
240 976  0.3255 -0.0788 63.9536
272 976  0.1266 -0.1405 110.2216
304 976  0.0552 -0.9396 97.0387
336 976 -0.0584 -0.8914 55.0703
368 976 -0.3017 -0.8786 58.6654
400 976  0.0154 -0.1199 15.5672
432 976  0.0209 -0.0266 16.6914
464 976  0.0524  0.1072 27.0891
496 976  0.1354  0.1822  9.7043
528 976  0.1855 -0.1616  4.5596
784 976 -0.0086  0.0053  4.3447
816 976 -0.0162 -0.0015 13.4900
848 976 -0.2331 -0.1674 28.6469
880 976 -0.3078 -0.2009 100.9305
912 976 -0.2550 -0.1801 47.5590
944 976 -0.3879 -0.1507 37.8704
976 976 -0.4223 -0.1793 57.4377
1008 976 -0.1761 -0.1694 38.0255
1040 976 -0.1341 -0.0441 19.2353
1072 976 -0.2552 -0.1234 132.6122
1104 976 -0.3574 -0.1199 70.5592
1136 976 -0.2250 -0.0870 119.6275
1168 976 -0.4859  0.0795 107.4157
 16 1008  0.0813  0.0170 28.8496
 48 1008  0.0844  0.0058 166.9158
 80 1008  0.1803  0.0454 78.7826
112 1008  0.1505 -0.0196 35.9238
144 1008  0.2439 -0.0417 171.1597
176 1008  0.6468  0.0198 204.6326
208 1008  0.3909 -0.0094 174.7698
240 1008  0.3315 -0.0398 108.7297
272 1008  0.3655 -0.2310 267.1352
304 1008  0.1260 -0.1989 20.5798
336 1008  0.5603 -0.6989 53.3869
368 1008  0.0948 -0.4776 139.6378
400 1008  0.0141 -0.0864 12.4012
432 1008  0.0180 -0.0682 11.1951
464 1008 -0.0642 -0.0512 14.4095
496 1008  0.0366 -0.0466 24.8275
528 1008  0.0912 -0.0614 10.9392
560 1008  0.2133 -0.3086  5.9027
784 1008  0.0018  0.0058  6.2450
816 1008 -0.0345 -0.0127 23.9640
848 1008 -0.2205 -0.0657 65.0075
880 1008 -0.1394 -0.0631 30.6819
912 1008 -0.1323 -0.1493 16.2288
944 1008 -0.3182 -0.1600 33.2516
976 1008 -0.3863 -0.1035 39.1915
1008 1008 -0.1603 -0.1117 25.1223
1040 1008 -0.1859  0.0035 86.3275
1072 1008 -0.3485 -0.0801 67.0061
1104 1008 -0.2334 -0.0869 131.0944
1136 1008 -0.4464 -0.0478 38.7776
1168 1008 -0.0893 -0.1329 73.5944
 16 1040  0.1993 -0.0055 130.8668
 48 1040  0.0575  0.0282 24.5245
 80 1040  0.1693  0.0026 236.5817
112 1040  0.1129  0.0116 120.4180
144 1040  0.1416  0.0044 102.9358
176 1040  0.3280  0.0587 216.4305
208 1040  0.2223 -0.0276 80.3801
240 1040  0.0573 -0.4290 119.3170
272 1040  0.2230 -0.2215 47.5947
304 1040  0.1424 -0.1318 13.4566
336 1040  0.1970 -0.3156 47.8504
368 1040  0.1732 -0.2558 36.3166
400 1040  0.0533 -0.0594 12.6858
432 1040 -0.0042 -0.0494 13.0643
464 1040 -0.0383 -0.0421 31.9203
496 1040  0.0393 -0.0743  9.8981
528 1040  0.0397 -0.0185 12.1175
560 1040  0.1009  0.0652 12.0053
592 1040  0.1802 -0.0150  4.9914
752 1040 -0.0198 -0.0141  5.4620
784 1040 -0.0079 -0.0112 14.7952
816 1040 -0.0283 -0.0002 26.9182
848 1040 -0.1263  0.0017 46.5411
880 1040 -0.0757 -0.0605 14.8983
912 1040 -0.1783 -0.0792 39.8834
944 1040 -0.2368 -0.2009 68.6241
976 1040 -0.3395 -0.1139 102.6928
1008 1040 -0.4052 -0.0409 68.2711
1040 1040 -0.2442 -0.1104 59.8897
1072 1040 -0.2477 -0.1065 47.1499
1104 1040 -0.1480 -0.1149 23.9732
1136 1040 -0.0774 -0.0697 30.4469
1168 1040 -0.1545 -0.1705 145.9897
 16 1072  0.1276  0.0004 158.4602
 48 1072  0.0711  0.0161 59.4994
 80 1072  0.0832  0.0243 250.9784
112 1072  0.1467 -0.0357 85.2315
144 1072  0.2029 -0.0082 35.3993
176 1072  0.2675 -0.0251 35.1765
208 1072  0.1134 -0.0494 48.8941
240 1072  0.6164 -0.1000 147.6910
272 1072  0.6040 -0.1133 86.6057
304 1072  0.2937 -0.1380 200.3428
336 1072  0.2714 -0.3101 135.8423
368 1072  0.0403 -0.1648 43.8903
400 1072  0.0427 -0.0007 11.6393
432 1072  0.0140 -0.0199 20.8906
464 1072  0.0755 -0.3122  9.3233
496 1072 -0.0211 -0.9250 11.9568
528 1072 -0.0724 -0.3594  9.7313
560 1072  0.0510 -0.0828 12.5001
592 1072  0.0053 -0.0997 12.4663
624 1072  0.0661 -0.2444  6.0924
656 1072 -0.0177 -0.3815  5.7902
688 1072  0.1293 -0.0624  4.1626
752 1072  0.0126 -0.0083  4.2314
784 1072 -0.0258  0.0246  7.2382
816 1072 -0.0092  0.0400 12.4769
848 1072 -0.0159  0.0144 28.4129
880 1072 -0.0273 -0.0014 19.3505
912 1072 -0.0703  0.0402 45.4488
944 1072 -0.0300  0.0045 60.8241
976 1072 -0.1909 -0.0825 33.7805
1008 1072 -0.1935 -0.0544 25.5641
1040 1072 -0.2099 -0.0514 133.1969
1072 1072 -0.0711 -0.1038 47.4445
1104 1072 -0.0659 -0.0562 79.5948
1136 1072 -0.0250 -0.0638 16.0228
1168 1072 -0.1886 -0.1187 37.2759
 16 1104  0.1079 -0.0085 29.5412
 48 1104  0.0463  0.0267 83.4437
 80 1104  0.1274 -0.0411 67.5424
112 1104  0.1131  0.0061 162.9105
144 1104  0.1236  0.0021 97.9676
176 1104  0.0979 -0.0073 103.9653
208 1104  0.1109 -0.0498 36.5273
240 1104  0.3501 -0.1427 116.2717
272 1104  0.1871 -0.1218 120.7931
304 1104  0.2063 -0.1182 101.9077
336 1104  0.2968 -0.1739 95.3695
368 1104  0.1584 -0.1338 131.9170
400 1104  0.0140 -0.0465 24.6592
432 1104  0.0046  0.0080 17.8657
464 1104  0.0661 -0.0721 21.1072
496 1104  0.0150 -0.0619 12.7122
528 1104  0.0297 -0.0781 14.2720
560 1104 -0.0023 -0.4531 14.1793
592 1104 -0.0882 -0.1055 13.6993
624 1104  0.0209 -0.0192 16.4693
656 1104  0.0004 -0.0278 10.7216
688 1104  0.2343 -0.1783  6.2944
848 1104 -0.0171  0.0628  5.1181
880 1104 -0.1069  0.0902  6.4563
912 1104 -0.0231  0.0514 12.4303
944 1104  0.0140  0.0447 14.7066
976 1104 -0.0430  0.0525  9.2604
1008 1104 -0.0148 -0.0024 19.8439
1040 1104 -0.0244  0.0258 30.3289
1072 1104 -0.0763 -0.0140 17.1985
1104 1104 -0.0465 -0.0127 19.9906
1136 1104 -0.0493 -0.0166 18.1107
1168 1104 -0.0652 -0.0657 39.5656
 16 1136  0.0031  0.0234 14.6961
 48 1136  0.0582 -0.0256 73.1224
 80 1136  0.1292 -0.0163 122.5530
112 1136  0.2490 -0.0040 86.9559
144 1136  0.2239 -0.0617 70.1241
176 1136  0.2769 -0.0862 107.9928
208 1136  0.1054 -0.0464 89.3205
240 1136  0.1180 -0.0556 101.2426
272 1136  0.1716 -0.0937 111.2745
304 1136  0.1513 -0.0946 29.2779
336 1136  0.2265 -0.2353 155.4676
368 1136  0.1793 -0.2137 161.6029
400 1136  0.0041 -0.0105 14.0063
432 1136  0.0370  0.0005 12.3722
464 1136  0.0034  0.0102 15.6983
496 1136 -0.0062 -0.0024 11.3258
528 1136 -0.0270 -0.0123 14.9111
560 1136 -0.1062 -0.0699 11.6725
592 1136 -0.1969 -0.0646 10.7311
624 1136 -0.0358  0.0003 13.5257
656 1136 -0.0006 -0.0228 14.9198
688 1136  0.0313 -0.0208 17.4190
720 1136 -0.0061 -0.1335  6.1655
752 1136  0.0564 -0.1330  5.6930
784 1136 -0.0864 -0.0664  5.6207
816 1136 -0.0691 -0.1208  9.8748
848 1136  0.0906 -0.1060 10.9907
880 1136  0.0691 -0.1991  4.4233
976 1136 -0.0061 -0.0025  4.3252
1008 1136  0.0097  0.0197  5.1544
1040 1136 -0.0126  0.0245  4.8585
1072 1136 -0.0076  0.1221  5.5684
1104 1136 -0.0268  0.0147  8.5961
1136 1136 -0.0053  0.0132  9.8367
1168 1136 -0.0044 -0.0084 18.6374
 16 1168 -0.0006 -0.0193 17.8096
 48 1168  0.0608 -0.0291 20.3944
 80 1168  0.0886 -0.0430 36.1999
112 1168  0.0608  0.0134 108.8332
144 1168  0.0705  0.0046 181.5542
176 1168  0.0547 -0.0970 196.7921
208 1168  0.2289 -0.0910 102.7522
240 1168  0.1809 -0.0542 41.2562
272 1168  0.0825 -0.0640 188.8436
304 1168  0.0620 -0.2340 71.9527
336 1168  0.1946 -0.2161 151.5621
368 1168  0.1006 -0.1125 202.5306
400 1168  0.0119 -0.0178 10.9354
432 1168  0.0055 -0.0922 15.1361
464 1168  0.0478 -0.1897 45.9115
496 1168 -0.0187 -0.0144 14.0063
528 1168 -0.0132 -0.1636 13.6530
560 1168 -1.3509 -0.2437  9.8635
592 1168 -0.0063 -0.0169 11.9617
624 1168 -0.0231 -0.0345 15.2373
656 1168 -0.0164 -0.0393 12.6686
688 1168  0.0012 -0.0307 12.6468
720 1168 -0.0099 -0.0038 12.8273
752 1168 -0.0210  0.0055 11.3104
784 1168 -0.0459 -0.0309  8.9556
816 1168 -0.0176  0.0104 13.9113
848 1168 -0.0017  0.0032 15.7860
880 1168  0.0180 -0.0044 13.6465
912 1168  0.0512 -0.0566 12.8567
944 1168  0.0540 -0.1623  6.3578
976 1168  0.0438 -0.2210  5.1413
1104 1168 -0.0012  0.0382  4.2940
1136 1168 -0.0847  0.0944  4.6439
1168 1168 -0.0006  0.0391  4.7081
 16 1200  0.0105 -0.0149 10.6018
 48 1200  0.0475 -0.0136 22.1973
 80 1200  0.0154 -0.0138 12.4285
112 1200  0.1911 -0.0554 50.7337
144 1200  0.1765 -0.0650 51.0808
176 1200  0.1127 -0.0866 167.3892
208 1200  0.0458 -0.1133 254.1006
240 1200  0.5396 -0.0149 69.0886
272 1200  0.0966 -0.0520 195.0937
304 1200  0.0749 -0.1215 100.6294
336 1200  0.1970 -0.1347 159.8004
368 1200  0.1201 -0.1165 43.5504
400 1200 -0.0127  0.0202 11.3443
432 1200 -0.0287 -0.0025 17.3137
464 1200  0.0038 -0.0455 15.6231
496 1200  0.0099 -0.0235 15.8083
528 1200  0.0219 -0.0322 27.5616
560 1200 -0.3091 -0.0886 13.6274
592 1200 -0.0438 -0.0900 26.0202
624 1200  0.0182 -0.1394 31.1604
656 1200 -0.0215 -0.0683 32.1575
688 1200  0.0147  0.0055 12.5847
720 1200 -0.0026  0.0172 17.6328
752 1200 -0.0191 -0.0126 16.1396
784 1200 -0.0459  0.0134 10.8142
816 1200  0.0089  0.0189 11.8804
848 1200  0.0377 -0.0270 10.3091
880 1200 -0.0419 -0.0156 15.7147
912 1200  0.0071  0.0111 18.5213
944 1200  0.0054  0.0090 15.4346
976 1200  0.0123  0.0144 14.9761
1008 1200  0.0404 -0.0483 14.0501
1040 1200  0.0019 -0.0811  9.0101
1072 1200  0.0346 -0.1804  6.6937
1104 1200  0.0343 -0.3149  5.1202
1136 1200  0.0024 -0.1729  4.6618
1168 1200  0.0351 -0.2241  4.4132
 16 1232  0.0054  0.0256 10.6174
 48 1232  0.0952 -0.0215 24.8595
 80 1232  0.0525  0.0035 175.6568
112 1232  0.0453 -0.0231 16.6259
144 1232  0.2571 -0.0592 257.5153
176 1232  0.1251 -0.0757 137.4041
208 1232  0.0874 -0.1282 129.6301
240 1232  0.0390 -0.0525 47.2177
272 1232  0.0628 -0.0763 77.4540
304 1232  0.0586 -0.1236 235.9061
336 1232  0.1160 -0.0201 214.2930
368 1232  0.1436 -0.0812 77.1470
400 1232 -0.0245  0.0114 43.8978
432 1232 -0.0102  0.0257 15.2021
464 1232  0.0034 -0.0523 19.5600
496 1232 -0.0081  0.0027 17.3439
528 1232  0.0323 -0.0133 11.0895
560 1232  0.0322  0.0164 13.8108
592 1232  0.0370  0.0127 15.8926
624 1232  0.0132 -0.0330 16.2826
656 1232  0.0232 -0.0107 13.4974
688 1232 -0.0417 -0.0196 11.7830
720 1232 -0.0206  0.0183 12.8739
752 1232  0.0031 -0.0128 17.6049
784 1232 -0.0185 -0.0198 13.6540
816 1232  0.0131  0.0074 20.7441
848 1232 -0.0146 -0.0203 10.4802
880 1232 -0.0076  0.0899  9.1019
912 1232  0.0530 -0.0187  7.0080
944 1232  0.0384  0.0164 12.5925
976 1232  0.0034  0.0133 11.1248
1008 1232 -0.0304 -0.0278 15.9189
1040 1232 -0.0182 -0.0072 14.2343
1072 1232 -0.0091 -0.0098 12.2086
1104 1232  0.0092 -0.0293 12.9210
1136 1232  0.0248 -0.0108 11.8341
1168 1232 -0.0272 -0.0029 12.6380
 16 1264  0.0952 -0.0088 51.7110
 48 1264  0.0883  0.0000 16.8508
 80 1264  0.2146 -0.0400 242.5872
112 1264  0.1125 -0.0383 65.2644
144 1264  0.0520 -0.0253 52.1372
176 1264  0.0863 -0.0507 104.3765
208 1264  0.0849 -0.0359 86.9992
240 1264  0.1192 -0.1048 101.7462
272 1264  0.0329 -0.2522 19.0296
304 1264  0.0648 -0.0383 66.4145
336 1264  0.1364 -0.0335 148.7358
368 1264  0.3486 -0.0461 26.2840
400 1264  0.0232 -0.0202 12.3869
432 1264  0.0075 -0.0148 24.3140
464 1264  0.0513  0.0258 13.3806
496 1264  0.0027  0.0302 15.7190
528 1264  0.0054 -0.0190 14.5681
560 1264  0.0224  0.0011 15.0630
592 1264 -0.0046 -0.0184 11.3163
624 1264  0.0067 -0.0090 22.4722
656 1264  0.0067  0.0003 12.8221
688 1264 -0.0319 -0.0408 11.8459
720 1264  0.0142 -0.0169 12.7496
752 1264  0.0098  0.0056 23.5740
784 1264  0.0171 -0.0267 11.6409
816 1264 -0.0020  0.0658 15.1827
848 1264  0.0274  0.0041  9.6861
880 1264  0.0759  0.0103  8.9906
912 1264 -0.0136 -0.0196 12.1550
944 1264 -0.0129 -0.0417  8.5986
976 1264 -0.0329 -0.0704  7.8858
1008 1264  0.0696  0.0554 10.7192
1040 1264  0.0060 -0.0374 10.8879
1072 1264 -0.0470 -0.0030 10.3266
1104 1264  0.0305  0.0156  9.6869
1136 1264  0.0366 -0.0422 11.1738
1168 1264  0.0516 -0.0344 13.1238
 16 1296  0.0103  0.0071 13.8500
 48 1296  0.0295 -0.0062 19.8692
 80 1296  0.0236  0.0087 28.7688
112 1296  0.0481 -0.0228 16.9651
144 1296  0.0724 -0.0575 17.1793
176 1296  0.0597 -0.0450 184.9562
208 1296  0.0421 -0.0193 177.8881
240 1296  0.0717 -0.0897 33.2897
272 1296  0.0630 -0.1095 66.1973
304 1296  0.0716 -0.1141 24.3887
336 1296  0.1156 -0.0834 295.5499
368 1296  0.0488 -0.0997 60.3259
400 1296  0.0115 -0.0292 47.6191
432 1296  0.0182  0.0141 18.8887
464 1296  0.0094  0.0080 16.4424
496 1296  0.0505 -0.0092 28.4469
528 1296 -0.0036 -0.0101 12.6262
560 1296 -0.0022  0.0025 15.6620
592 1296 -0.0055 -0.0099 12.2227
624 1296  0.0056 -0.0008 12.9147
656 1296  0.0344  0.0143 12.0164
688 1296 -0.0139 -0.0256 12.0543
720 1296 -0.0074  0.0197 14.7908
752 1296  0.0066 -0.0013 16.2129
784 1296 -0.0185  0.0139 10.7377
816 1296  0.0378  0.0167 10.6628
848 1296 -0.0550  0.0093 11.9044
880 1296  0.0259 -0.0306 11.1984
912 1296  0.0186 -0.0249 12.0345
944 1296  0.0235  0.0545 12.2670
976 1296 -0.0320 -0.0434 10.7928
1008 1296  0.0013  0.0527  9.7716
1040 1296 -0.0093 -0.0287  8.3577
1072 1296 -0.0085 -0.0641  8.7391
1104 1296 -0.0216  0.0097 11.7815
1136 1296 -0.0659 -0.0061 10.1721
1168 1296 -0.0135  0.0017  9.7662
  0   0 -0.0219  0.0078  0.0000
  0   0  0.0286  0.0074  0.0000
  0   0  0.0551 -0.0226  0.0000
  0   0  0.0670 -0.0228  0.0000
  0   0  0.0482 -0.0024  0.0000
  0   0  0.0499 -0.0056  0.0000
  0   0  0.0473 -0.0106  0.0000
  0   0  0.0575 -0.0409  0.0000
  0   0  0.0551 -0.0715  0.0000
  0   0  0.0345 -0.0747  0.0000
  0   0  0.0133 -0.0722  0.0000
  0   0  0.0302 -0.1145  0.0000
  0   0  0.0368 -0.1341  0.0000
  0   0  0.0431 -0.1271  0.0000
  0   0  0.0517 -0.0926  0.0000
  0   0  0.0028 -0.0585  0.0000
  0   0 -0.0358  0.0116  0.0000
  0   0 -0.0561  0.0433  0.0000
  0   0 -0.0772  0.0416  0.0000
  0   0 -0.0733  0.0273  0.0000
  0   0 -0.0736  0.0171  0.0000
  0   0 -0.0590  0.0131  0.0000
  0   0 -0.0460  0.0003  0.0000
  0   0 -0.0222  0.0021  0.0000
  0   0  0.0008  0.0100  0.0000
  0   0 -0.0129 -0.0025  0.0000
  0   0 -0.0039  0.0207  0.0000
  0   0  0.0104  0.0212  0.0000
  0   0  0.0126  0.0349  0.0000
  0   0  0.0363  0.0465  0.0000
  0   0 -0.0198  0.0493  0.0000
  0   0  0.0408 -0.0555  0.0000
  0   0  0.0203 -0.0292  0.0000
  0   0  0.0020  0.0092  0.0000
  0   0 -0.0389 -0.0176  0.0000
  0   0 -0.0384  0.0190  0.0000
  0   0 -0.0405 -0.0147  0.0000
  0   0 -0.0437 -0.0298  0.0000
  0   0 -0.0574  0.0057  0.0000
  0   0 -0.0794  0.0028  0.0000
  0   0 -0.0434  0.0118  0.0000
  0   0 -0.0177  0.0150  0.0000
  0   0  0.0258  0.0106  0.0000
  0   0  0.0594 -0.0048  0.0000
  0   0  0.0770 -0.0101  0.0000
  0   0  0.0752 -0.0076  0.0000
  0   0  0.0730 -0.0155  0.0000
  0   0  0.0673 -0.0318  0.0000
  0   0  0.0617 -0.0612  0.0000
  0   0  0.0469 -0.0905  0.0000
  0   0  0.0235 -0.1068  0.0000
  0   0  0.0035 -0.1183  0.0000
  0   0  0.0025 -0.1402  0.0000
  0   0  0.0020 -0.1465  0.0000
  0   0 -0.0024 -0.1282  0.0000
  0   0 -0.0158 -0.0868  0.0000
  0   0 -0.0560 -0.0348  0.0000
  0   0 -0.0971  0.0260  0.0000
  0   0 -0.1295  0.0611  0.0000
  0   0 -0.1533  0.0688  0.0000
  0   0 -0.1575  0.0604  0.0000
  0   0 -0.1471  0.0470  0.0000
  0   0 -0.1242  0.0335  0.0000
  0   0 -0.0966  0.0189  0.0000
  0   0 -0.0635  0.0131  0.0000
  0   0 -0.0337  0.0137  0.0000
  0   0 -0.0186  0.0131  0.0000
  0   0  0.0021  0.0272  0.0000
  0   0  0.0250  0.0387  0.0000
  0   0  0.0437  0.0560  0.0000
  0   0  0.0615  0.0741  0.0000
  0   0  0.0461  0.0895  0.0000
  0   0  0.0529 -0.0690  0.0000
  0   0  0.0174 -0.0394  0.0000
  0   0 -0.0170 -0.0132  0.0000
  0   0 -0.0539 -0.0098  0.0000
  0   0 -0.0717  0.0048  0.0000
  0   0 -0.0818 -0.0034  0.0000
  0   0 -0.0890 -0.0060  0.0000
  0   0 -0.0960  0.0095  0.0000
  0   0 -0.0956  0.0148  0.0000
  0   0 -0.0641  0.0218  0.0000
  0   0 -0.0236  0.0245  0.0000
  0   0  0.0243  0.0207  0.0000
  0   0  0.0655  0.0108  0.0000
  0   0  0.0917  0.0016  0.0000
  0   0  0.1007 -0.0079  0.0000
  0   0  0.0987 -0.0249  0.0000
  0   0  0.0878 -0.0503  0.0000
  0   0  0.0704 -0.0837  0.0000
  0   0  0.0461 -0.1172  0.0000
  0   0  0.0182 -0.1432  0.0000
  0   0 -0.0058 -0.1612  0.0000
  0   0 -0.0204 -0.1721  0.0000
  0   0 -0.0331 -0.1648  0.0000
  0   0 -0.0506 -0.1338  0.0000
  0   0 -0.0784 -0.0818  0.0000
  0   0 -0.1209 -0.0192  0.0000
  0   0 -0.1668  0.0423  0.0000
  0   0 -0.2065  0.0836  0.0000
  0   0 -0.2334  0.0997  0.0000
  0   0 -0.2398  0.0956  0.0000
  0   0 -0.2258  0.0795  0.0000
  0   0 -0.1953  0.0586  0.0000
  0   0 -0.1549  0.0381  0.0000
  0   0 -0.1095  0.0245  0.0000
  0   0 -0.0656  0.0193  0.0000
  0   0 -0.0281  0.0213  0.0000
  0   0  0.0087  0.0339  0.0000
  0   0  0.0448  0.0518  0.0000
  0   0  0.0778  0.0751  0.0000
  0   0  0.1064  0.1010  0.0000
  0   0  0.1223  0.1274  0.0000
  0   0  0.0628 -0.0773  0.0000
  0   0  0.0119 -0.0470  0.0000
  0   0 -0.0368 -0.0219  0.0000
  0   0 -0.0800 -0.0067  0.0000
  0   0 -0.1106  0.0032  0.0000
  0   0 -0.1298  0.0060  0.0000
  0   0 -0.1407  0.0097  0.0000
  0   0 -0.1425  0.0186  0.0000
  0   0 -0.1282  0.0273  0.0000
  0   0 -0.0900  0.0349  0.0000
  0   0 -0.0349  0.0384  0.0000
  0   0  0.0263  0.0360  0.0000
  0   0  0.0806  0.0279  0.0000
  0   0  0.1182  0.0154  0.0000
  0   0  0.1350 -0.0027  0.0000
  0   0  0.1325 -0.0290  0.0000
  0   0  0.1143 -0.0646  0.0000
  0   0  0.0850 -0.1071  0.0000
  0   0  0.0493 -0.1505  0.0000
  0   0  0.0131 -0.1875  0.0000
  0   0 -0.0180 -0.2121  0.0000
  0   0 -0.0425 -0.2183  0.0000
  0   0 -0.0653 -0.1994  0.0000
  0   0 -0.0938 -0.1528  0.0000
  0   0 -0.1339 -0.0833  0.0000
  0   0 -0.1859 -0.0034  0.0000
  0   0 -0.2428  0.0703  0.0000
  0   0 -0.2937  0.1221  0.0000
  0   0 -0.3276  0.1449  0.0000
  0   0 -0.3362  0.1406  0.0000
  0   0 -0.3175  0.1174  0.0000
  0   0 -0.2760  0.0854  0.0000
  0   0 -0.2198  0.0539  0.0000
  0   0 -0.1572  0.0305  0.0000
  0   0 -0.0952  0.0193  0.0000
  0   0 -0.0373  0.0211  0.0000
  0   0  0.0168  0.0355  0.0000
  0   0  0.0679  0.0598  0.0000
  0   0  0.1159  0.0911  0.0000
  0   0  0.1606  0.1267  0.0000
  0   0  0.2019  0.1638  0.0000
