VARIABLES= "X pix", "Y pix", "U pix/dt", "V pix/dt", "CHC", ZONE I=37, J=41
304  16 -0.0720 -0.0577 59.5809
336  16 -0.0878 -0.0837 18.9118
368  16 -0.0692 -0.0784 24.6753
400  16 -0.0577 -0.0867 88.5845
496  16 -0.0419 -0.0964 89.0435
528  16 -0.0408 -0.0745 39.0095
560  16 -0.0149 -0.0579 40.9600
592  16  0.0316 -0.0417 50.5679
624  16  0.1033 -0.0225 54.6133
656  16  0.0627  0.0143 46.5454
688  16  0.0393  0.0572 273.0666
304  48  0.0358  0.0685 52.5128
336  48  0.0396  0.0478 29.4676
368  48  0.0056  0.0306 110.7027
496  48 -0.0384 -0.0100 71.8596
528  48  0.0140  0.0249 27.3067
560  48  0.0319  0.0612 40.1569
592  48  0.0000  0.0797 191.8236
688  48 -0.0661  0.1051 227.5554
720  48 -0.2181  0.1353 29.2571
752  48 -0.3074  0.1345 36.2478
784  48  0.0000 -0.0068 31.4647
816  48  1.1372 -0.5000 148.4057
304  80  0.8797 -0.3797 49.3494
336  80  0.4345 -0.2013 30.7970
368  80  0.1376 -0.0731 50.5679
400  80  0.0252 -0.0230 47.0804
432  80  0.0037 -0.0225 43.5745
464  80 -0.0087  0.0166 4095.9939
496  80 -0.0831  0.1168 71.8596
528  80 -0.0580  0.1717 28.4444
560  80 -0.0203  0.1351 46.0225
592  80  0.0088  0.0000 44.3454
688  80  0.0276  0.0362 341.3332
720  80  0.0248  0.0097 80.3137
752  80  0.0340 -0.0381 87.1489
784  80  0.0910 -0.1127 66.3437
816  80  0.0302 -0.2545 147.3381
 16 144 -0.0519 -0.0982 214.8916
 48 144 -0.0454 -0.0903 77.9905
 80 144 -0.0137 -0.0479 88.9298
112 144 -0.0302 -0.0535 50.0251
144 144 -0.0597 -0.0640 114.0655
176 144 -0.0281 -0.0316 64.3338
208 144 -0.0304 -0.0339 131.2113
240 144 -0.0159 -0.0523 158.6162
272 144 -0.0273 -0.0130 78.8080
304 144 -0.0056 -0.0011 50.2983
336 144  0.0015  0.0064 27.5728
368 144  0.0987  0.0073 137.6248
400 144  0.0074  0.0249 228.9033
432 144  0.0145  0.0560 196.6893
464 144  0.0222  0.0552 102.0192
496 144  0.0442  0.0328 202.5189
528 144  0.0280  0.0437 55.9794
560 144 -0.0494 -0.0310 112.6952
592 144  0.0284  0.0210 155.4479
624 144  0.0198  0.0336 113.5493
656 144 -0.0210  0.0264 187.2863
688 144  0.0282  0.0291 117.2636
720 144 -0.0069  0.0216 115.2135
752 144 -0.0420  0.0103 79.4880
784 144  0.0293 -0.0051 44.1314
816 144  0.0222 -0.0022 122.5583
848 144  0.0168 -0.0061 152.5605
880 144  0.0411 -0.0280 60.9289
912 144  0.0075 -0.0001 142.3749
944 144  0.0106  0.0135 88.5986
976 144  0.0246 -0.0140 84.2583
1008 144  0.0412 -0.0130 85.6034
1040 144 -0.0790  0.0667 65.8655
1072 144 -0.0167  0.0642 146.7818
1104 144 -0.0093  0.0887 153.9348
1136 144 -0.0205  0.0544 148.8827
1168 144 -0.0129  0.0464 84.8406
 16 176 -0.0246 -0.0561 19.0090
 48 176 -0.0642 -0.0766 139.0173
 80 176 -0.0334 -0.0829 460.5671
112 176 -0.0192 -0.3190 136.8936
144 176 -0.0403 -0.0907 78.6929
176 176 -0.0435 -0.0586 106.5793
208 176 -0.0773 -0.0323 412.2285
240 176 -0.0229 -0.0805 354.9839
272 176 -0.0165 -0.0111 229.1510
304 176 -0.0061 -0.0067 238.9179
336 176  0.0103  0.0138 269.5845
368 176 -0.0223  0.0043 260.6816
400 176 -0.0035  0.0337 267.3698
432 176  0.0096  0.0621 229.5782
464 176  0.0235  0.0495 168.6112
496 176  0.0152  0.0468 236.2072
528 176 -0.0194  0.0484 43.2861
560 176  0.0045  0.0493 81.1060
592 176  0.0267  0.0276 109.4219
624 176  0.0137  0.0467 162.3708
656 176  0.0334  0.0166 215.5616
688 176  0.0214 -0.0052 129.5616
720 176  0.0138  0.0013 103.5063
752 176  0.0090 -0.0179 188.2984
784 176  0.0316 -0.0113 100.8212
816 176  0.0062 -0.0027 68.7768
848 176  0.0190 -0.0151 215.7254
880 176  0.0179 -0.0074 84.6761
912 176 -0.0413 -0.0245 155.5334
944 176  0.0126 -0.0330 119.5512
976 176 -0.0047 -0.0616 91.1096
1008 176  0.0055  0.0149 127.1847
1040 176 -0.0298  0.0311 43.6780
1072 176 -0.0263  0.0312 173.6940
1104 176  0.0318  0.0317 70.8080
1136 176 -0.0045  0.0075 173.1431
1168 176 -0.0092  0.0389 99.3371
 16 208  0.0140 -0.1096 80.0281
 48 208  0.0007 -0.1757 273.9583
 80 208 -0.0098 -0.1165 231.6813
112 208 -0.0787 -0.1243 163.2746
144 208 -0.0484 -0.1571 242.4415
176 208 -0.0317 -0.0945 213.6702
208 208 -0.0118 -0.0611 370.6504
240 208 -0.0467 -0.0360 98.4811
272 208 -0.0155 -0.0370 181.0979
304 208 -0.0051 -0.0146 199.4022
336 208 -0.0206  0.0140 181.0630
368 208  0.0090 -0.0044 449.9149
400 208  0.0131  0.0121 135.6492
432 208  0.0205  0.0265 135.4684
464 208  0.0030  0.0663 339.0975
496 208  0.0162  0.0347 103.5017
528 208  0.0075  0.0287 188.1392
560 208  0.0223  0.0267 116.9041
592 208  0.0016  0.0199 178.5239
624 208 -0.0125  0.0237 41.0799
656 208  0.0517  0.0183 130.7474
688 208  0.0030  0.0212 108.4942
720 208 -0.0033  0.0108 156.3630
752 208  0.0245 -0.0025 182.3093
784 208  0.0197  0.0196 226.6406
816 208  0.0309 -0.0209 161.3269
848 208  0.0293 -0.0318 163.9682
880 208  0.0431 -0.0170 276.3031
912 208  0.0004 -0.0310 60.1276
944 208  0.0292 -0.0070 95.2505
976 208  0.0191  0.0309 152.9353
1008 208  0.0493  0.0027 121.2168
1040 208  0.0068  0.0175 127.2762
1072 208  0.0075  0.0199 114.3385
1104 208 -0.0005  0.0340 79.7360
1136 208 -0.0120  0.0308 90.5745
1168 208  0.0100  0.0219 34.8033
 16 240 -0.0910 -0.1588 56.9304
 48 240 -0.2441  0.0041 30.8429
 80 240 -0.1095 -0.4037 176.4451
112 240 -0.1180 -0.0642 211.3496
144 240 -0.0162 -0.0482 257.4838
176 240 -0.0932 -0.1108 254.1697
208 240 -0.0807 -0.0506 45.4849
240 240 -0.0346 -0.0506 278.8865
272 240 -0.0367 -0.0399 255.2373
304 240 -0.0158 -0.0363 275.6752
336 240 -0.0138  0.0023 107.1317
368 240  0.0045  0.0898 407.4520
400 240  0.0086 -0.0045 29.0863
432 240  0.0258  0.0417 186.3462
464 240  0.0019  0.0223 217.6391
496 240  0.0207  0.0541 230.7553
528 240 -0.0016  0.0836 86.1396
560 240  0.0403  0.0528 119.2728
592 240  0.0051  0.0219 199.9990
624 240  0.0058  0.0391 107.2630
656 240  0.0142  0.0046 74.7443
688 240  0.0296  0.0242 113.9623
720 240 -0.0032  0.0606 86.9009
752 240  0.0163 -0.0124 184.2089
784 240  0.0131 -0.0095 79.1972
816 240 -0.0053 -0.0251 168.9589
848 240  0.0255 -0.0226 127.8800
880 240  0.0244 -0.0088 106.7356
912 240  0.0449 -0.0978 85.4375
944 240  0.0258 -0.0025 77.9843
976 240  0.0162  0.0138 91.4549
1008 240 -0.0440  0.0424 81.8777
1040 240 -0.0128  0.0214 140.2532
1072 240  0.0215  0.0198 122.5914
1104 240 -0.0013  0.0257 113.5486
1136 240 -0.0152  0.0155 49.6988
1168 240 -0.0158  0.0552 81.7856
 16 272 -0.1079 -0.1014 27.7843
 48 272 -0.1009 -0.1067 243.6075
 80 272 -0.0952 -0.1686 209.8021
112 272 -0.1766 -0.1174 145.1854
144 272 -0.0520 -0.1349 61.1937
176 272 -0.1328 -0.0850 58.1858
208 272 -0.0638 -0.1337 326.4983
240 272  0.0019 -0.0193 19.9787
272 272 -0.0392 -0.0045 149.2066
304 272 -0.0158 -0.0236 151.1722
336 272 -0.0104 -0.0329 152.3777
368 272 -0.0472  0.0066 102.7909
400 272 -0.0063  0.0018 309.4996
432 272  0.0189  0.0249 234.0816
464 272  0.0260  0.0357 121.8939
496 272  0.0234  0.0139 153.7763
528 272  0.0418  0.0727 112.7642
560 272 -0.0008  0.0023 94.2024
592 272  0.0241  0.0543 159.2708
624 272 -0.0488 -0.0097 169.9286
656 272  0.0322 -0.0102 142.0668
688 272  0.0245 -0.0027 92.5849
720 272  0.0028 -0.0123 75.5434
752 272  0.0217 -0.0166 124.0320
784 272  0.0225 -0.0224 117.2243
816 272  0.0088 -0.0195 230.3240
848 272  0.0315 -0.0178 105.5088
880 272  0.0110 -0.0333 74.0048
912 272  0.0236 -0.0511 91.2293
944 272  0.0678 -0.0212 150.3934
976 272  0.0371 -0.0229 203.7196
1008 272  0.0248  0.0089 138.9906
1040 272 -0.0176  0.0236 112.3369
1072 272 -0.0111  0.0798 74.9259
1104 272 -0.0047  0.0735 76.0877
1136 272 -0.0426  0.0127 62.5947
1168 272 -0.0199  0.0810 24.0255
 16 304 -0.1025 -0.1717 103.6448
 48 304 -0.0742 -0.1248 158.9605
 80 304 -0.1899 -0.2531 127.7680
112 304 -0.1577 -0.2200 230.8460
144 304 -0.0597 -0.1698 58.9232
176 304 -0.0515 -0.1360 226.1382
208 304 -0.0630 -0.1066 243.4173
240 304 -0.0343 -0.0501 240.1749
272 304 -0.0310 -0.0042 55.4707
304 304 -0.0128 -0.0753 231.3347
336 304 -0.0236 -0.0095 213.1358
368 304  0.0040 -0.0066 70.4017
400 304 -0.0157 -0.0222 89.4274
432 304  0.0121  0.0241 305.0991
464 304 -0.0105  0.0538 204.0840
496 304  0.0016  0.0589 95.1576
528 304  0.0200  0.0503 105.1583
560 304  0.0320  0.0578 166.7790
592 304  0.0328 -0.0081 193.1991
624 304  0.0133 -0.0372 141.5032
656 304 -0.0026  0.0258 51.4543
688 304  0.0103 -0.0159 99.5427
720 304  0.0428 -0.0104 146.5539
752 304  0.0616 -0.0154 100.4679
784 304 -0.0074 -0.0183 161.7948
816 304  0.0340 -0.0276 128.8234
848 304  0.0384 -0.0197 51.2009
880 304  0.0670 -0.0301 163.8959
912 304  0.0487 -0.0230 83.3668
944 304  0.0352 -0.0142 128.9902
976 304  0.0079 -0.0042 198.3564
1008 304  0.0453 -0.0236 68.6482
1040 304  0.0034  0.0114 56.8362
1072 304  0.0015  0.0400 138.9520
1104 304  0.0169  0.0415 245.4159
1136 304 -0.0320  0.0561 107.6676
1168 304  0.0080  0.0154 85.0926
 16 336 -0.0955 -0.0920 27.1471
 48 336 -0.1473 -0.2326 183.0720
 80 336 -0.1600 -0.2460 153.9054
112 336 -0.1455 -0.1200 190.2908
144 336 -0.1685 -0.4114 198.1740
176 336 -0.2330 -0.0351 57.0194
208 336 -0.0718 -0.0694 130.7388
240 336 -0.1031 -0.0770 191.3292
272 336 -0.0242 -0.0759 208.9428
304 336 -0.0682 -0.0519 96.5646
336 336 -0.0128 -0.0550 191.0566
368 336 -0.0181 -0.0327 150.1881
400 336  0.0024  0.0123 104.2379
432 336  0.0034  0.0156 140.5866
464 336  0.0131  0.0188 128.0722
496 336  0.0243  0.0280 55.9040
528 336  0.0101  0.0316 89.6552
560 336  0.0069  0.0130 156.1934
592 336  0.0597  0.0223 199.1169
624 336  0.0320  0.0063 147.5691
656 336  0.0195  0.0045 141.7015
688 336  0.0404 -0.0019 139.2052
720 336  0.0180 -0.0203 119.3488
752 336  0.0242 -0.0507 199.9132
784 336  0.0424 -0.0297 128.3109
816 336  0.0545 -0.0415 98.5985
848 336  0.0584 -0.0352 150.0783
880 336  0.0527 -0.0290 113.8341
912 336  0.0399 -0.0091 115.5828
944 336  0.0558 -0.0503 194.4849
976 336  0.0268 -0.0138 100.3096
1008 336  0.0210  0.0180 72.8957
1040 336 -0.0110  0.0287 149.5558
1072 336  0.0022  0.0429 129.5595
1104 336 -0.0038  0.0906 175.7364
1136 336 -0.0247  0.0410 103.6314
1168 336 -0.0311  0.0057 92.5360
 16 368 -0.1231 -0.1897 60.5692
 48 368 -0.2602 -0.1960 199.8218
 80 368 -0.2244 -0.5217 84.6515
112 368 -0.0444 -0.4321 252.6030
144 368 -0.0490 -0.1289 55.7137
176 368 -0.0937 -0.1423 148.3156
208 368 -0.1142 -0.2635 189.6002
240 368 -0.0809 -0.3463 166.7281
272 368 -0.0848 -0.1015 66.1923
304 368 -0.0409 -0.0585 260.0609
336 368 -0.0334 -0.0360 251.0973
368 368 -0.0108 -0.0400 189.2712
400 368 -0.0177 -0.0079 96.1775
432 368 -0.0037  0.0229 239.5465
464 368  0.0038  0.0103 132.6904
496 368  0.0259  0.0281 299.3198
528 368  0.0118  0.0616 107.1700
560 368  0.0264  0.0031 45.9439
592 368  0.0152  0.0402 78.2578
624 368  0.0371  0.0110 245.1329
656 368  0.0534  0.0179 69.0537
688 368  0.0430 -0.0021 52.4175
720 368  0.0407 -0.0452 181.0263
752 368  0.0555 -0.0394 122.2343
784 368  0.0414 -0.1027 135.1882
816 368  0.0480 -0.0519 220.3044
848 368  0.0286 -0.0512 76.0479
880 368  0.0013 -0.0552 109.4829
912 368  0.0419 -0.0405 102.9955
944 368  0.0519 -0.0529 178.0943
976 368  0.0015  0.0342 61.2129
1008 368  0.0323 -0.0016 187.6135
1040 368 -0.0103  0.0384 188.5753
1072 368 -0.0232  0.0300 93.8701
1104 368 -0.0340  0.0408 148.7561
1136 368 -0.0424  0.0603 86.9694
1168 368 -0.0544  0.0596 107.8346
 16 400 -0.4719 -0.2587 41.7880
 48 400 -0.4396 -0.0962 69.9723
 80 400 -0.2297 -0.3233 264.0460
112 400 -0.5764 -0.1074 124.2287
144 400 -0.1748 -0.2867 202.1276
176 400 -0.2177 -0.3083 117.9649
208 400 -0.1298 -0.2581 273.1444
240 400 -0.2049 -0.1511 182.7909
272 400 -0.0109 -0.0866 36.8302
304 400 -0.0752 -0.1260 186.6313
336 400 -0.0770 -0.0429 51.8022
368 400 -0.0271 -0.0086 98.6416
400 400 -0.0102 -0.0452 123.3533
432 400 -0.0118 -0.0003 124.7132
464 400  0.0019  0.0221 89.6733
496 400  0.0249  0.0063 26.8977
528 400  0.0073  0.0333 122.7079
560 400  0.0243  0.0078 100.7566
592 400  0.0251  0.0679 95.9180
624 400  0.0167  0.0014 172.7186
656 400  0.0545 -0.0332 175.9344
688 400  0.0302 -0.0104 165.5086
720 400  0.0168 -0.0417 132.1615
752 400  0.0670 -0.0937 69.2289
784 400  0.0498 -0.0768 114.1295
816 400  0.1221 -0.0180 122.0290
848 400  0.0392 -0.0359 178.7950
880 400 -0.0007 -0.0259 135.7583
912 400  0.0640 -0.0625 117.1009
944 400  0.0370 -0.0256 132.5242
976 400  0.0188 -0.0096 81.9412
1008 400 -0.0459  0.0577 90.8188
1040 400 -0.0254 -0.0141 143.3621
1072 400 -0.0035  0.0232 121.6759
1104 400 -0.0470  0.0482 103.2713
1136 400 -0.0326  0.0431 108.3233
1168 400 -0.0468  0.0366 137.0608
 16 432 -0.1773 -0.3376 89.6129
 48 432 -0.1854 -0.2141 207.7090
 80 432 -0.2458 -0.5729 115.5256
112 432 -0.0750 -0.1712 140.1963
144 432 -0.2337 -0.3350 182.4061
176 432 -0.1214 -0.7275 284.4018
208 432 -0.1470 -0.2423 284.6896
240 432 -0.2657 -0.2378 196.0081
272 432 -0.1557 -0.3659 159.5392
304 432 -0.1054 -0.0943 168.0678
336 432 -0.0539 -0.1365 28.3726
368 432 -0.0840 -0.0999 191.5201
400 432 -0.0326 -0.0382 278.1205
432 432 -0.0779  0.0424 165.4836
464 432  0.0012  0.0015 140.6610
496 432 -0.0071  0.0194 132.9765
528 432  0.0251  0.0444 68.3810
560 432  0.0183  0.0113 130.0446
592 432  0.0092 -0.0018 115.1713
624 432  0.0452 -0.0031 303.8148
656 432  0.0157 -0.0354 106.1291
688 432  0.0462 -0.0285 68.4968
720 432 -0.0182  0.0068 24.2582
752 432  0.0621 -0.0862 97.2558
784 432  0.0937 -0.0724 186.4606
816 432  0.0363 -0.0291 203.6665
848 432  0.0263 -0.0155 218.4390
880 432  0.0427 -0.0491 89.7155
912 432  0.0711 -0.0572 84.2532
944 432  0.0319 -0.0383 78.1183
976 432 -0.0493  0.0169 103.1618
1008 432  0.0018  0.0173 75.0238
1040 432 -0.0441  0.0626 70.9674
1072 432 -0.0264  0.0429 233.3821
1104 432 -0.0548  0.1089 63.5631
1136 432 -0.0742  0.0399 109.7806
1168 432 -0.1138  0.0939 166.3582
 16 464 -0.2474 -0.1337 107.0666
 48 464 -0.1740 -0.3349 67.9592
 80 464 -0.3059 -0.2330 158.3078
112 464 -0.2992 -0.2083 34.2112
144 464 -1.0058 -0.4228 77.0969
176 464 -0.1894 -0.5398 111.0895
208 464 -0.1000 -0.4257 92.7021
240 464 -0.0988 -0.2471 326.6704
272 464 -0.0749 -0.3408 26.0854
304 464 -0.0899 -0.1434 231.1824
336 464 -0.1138 -0.0890 234.0965
368 464 -0.0949 -0.0307 220.9651
400 464 -0.0363 -0.0470 51.4375
432 464 -0.0468 -0.0046 61.2115
464 464 -0.0332 -0.0061 141.0221
496 464 -0.0357 -0.0048 181.4112
528 464 -0.0002  0.0166 124.4368
560 464  0.0186  0.0011 178.9109
592 464  0.0262  0.0150 109.9909
624 464  0.0353  0.0117 149.2687
656 464  0.0364 -0.0554 92.5077
688 464  0.0427 -0.0322 116.4886
720 464  0.0279 -0.1097 135.3041
752 464  0.0944 -0.0366 178.5132
784 464  0.0860 -0.0715 86.7652
816 464  0.0391 -0.0807 49.3092
848 464  0.0097 -0.0309 45.3444
880 464  0.0277 -0.0776 142.2391
912 464  0.0029 -0.0116 240.0169
944 464  0.0179  0.0011 54.1649
976 464 -0.0495  0.0047 97.8878
1008 464  0.0099  0.0082 59.9130
1040 464 -0.0071  0.0700 136.8638
1072 464 -0.0201  0.0066 37.4918
1104 464 -0.0959  0.1402 220.8255
1136 464 -0.0486  0.0703 21.5461
1168 464 -0.0762 -0.0606 129.3560
 16 496 -0.2893 -0.2844 44.9164
 48 496 -0.9464 -0.6166 46.4293
 80 496 -0.3217 -0.1015 286.2127
112 496 -0.2515 -0.5631 183.8795
144 496 -0.3463 -0.4247 111.8666
176 496 -0.3016 -0.2435 103.5181
208 496 -0.1223 -0.2245 22.0263
240 496 -0.1618 -0.2008 98.2371
272 496 -0.1011 -0.5396 39.5768
304 496 -0.2146 -0.0951 27.0793
336 496 -0.1248 -0.1160 150.5432
368 496 -0.1386 -0.0829 77.1496
400 496 -0.0329 -0.0231 62.4983
432 496 -0.0556 -0.0449 141.8643
464 496 -0.0654 -0.0466 149.5104
496 496 -0.0353 -0.0082 56.9204
528 496 -0.0289 -0.0387 110.4942
560 496  0.0069 -0.0097 76.3691
592 496 -0.0172 -0.0355 20.5487
624 496  0.0275 -0.0533 110.8981
656 496  0.0614 -0.0552 152.0744
688 496  0.0880 -0.0441 107.0925
720 496  0.0654 -0.0443 158.7540
752 496  0.0952 -0.1009 127.4893
784 496  0.0317 -0.1018 50.5227
816 496  0.0806 -0.1403 39.4143
848 496  0.0655 -0.0393 55.5172
880 496  0.0290 -0.0896 186.5966
912 496  0.0095 -0.0710 113.3018
944 496  0.0363 -0.0671 227.3048
976 496  0.0660 -0.0298 215.3192
1008 496 -0.0083  0.0115 400.9638
1040 496 -0.0826 -0.0240 129.5184
1072 496 -0.1390  0.3096 120.6054
1104 496 -0.1185  0.1384 121.9625
1136 496 -0.0989  0.1083 102.1961
1168 496 -0.1018  0.0784 95.1496
 16 528 -0.0813 -0.0814 91.6759
 48 528 -0.3465 -0.3795 127.4529
 80 528 -0.6873 -0.4096 94.2757
112 528 -1.1332 -0.5351 181.8994
144 528 -0.7997 -0.4475 37.6481
176 528 -0.6745 -0.4307 215.0120
208 528 -0.3320 -0.4906 31.5756
240 528 -0.1925 -0.2923 193.8977
272 528 -0.5482 -0.2379 52.4693
304 528 -0.0683 -0.2378 162.0906
336 528 -0.2671 -0.1595 140.1891
368 528 -0.1061 -0.1297 69.8204
400 528 -0.1271 -0.0945 80.8993
432 528 -0.1157 -0.0299 134.1870
464 528 -0.0877 -0.0154 199.8111
496 528 -0.0364 -0.0251 104.2113
528 528 -0.0487 -0.1072 206.3104
560 528 -0.0015 -0.0494 142.9647
592 528  0.0222 -0.0449 126.9765
624 528  0.0807 -0.0849 256.6698
656 528  0.0724 -0.0401 109.3217
688 528  0.0588 -0.0790 140.8179
720 528  0.0287 -0.2081 209.2407
752 528  0.0727 -0.1982 202.5475
784 528  0.0792 -0.2533 147.2502
816 528  0.0965 -0.1421 134.0445
848 528  0.0417 -0.1902 72.5238
880 528  0.0418 -0.1022 97.6093
912 528  0.0604 -0.0420 140.7880
944 528  0.0216 -0.0021 214.2589
976 528 -0.0451  0.0277 67.8692
1008 528 -0.0298  0.0835 29.1203
1040 528 -0.0969  0.0627 74.1801
1072 528 -0.0570  0.0926 49.2323
1104 528 -0.1022  0.1046 91.4482
1136 528 -0.0919  0.0725 97.2862
1168 528 -0.0857  0.1145 193.4225
 16 560 -0.1268 -0.0845 23.9551
 48 560 -0.2952 -0.1231 154.2472
 80 560 -0.5767 -0.3142 124.4691
112 560 -0.8733 -0.6190 335.9931
144 560 -0.3740 -0.4118 139.6334
176 560 -0.6240 -0.6354 143.9806
208 560 -0.8137 -0.5464 81.9951
240 560 -0.9956 -0.4790 63.8834
272 560 -0.6546 -0.3436 102.1981
304 560 -0.2304 -0.2284 256.5436
336 560 -0.2617 -0.1740 99.0888
368 560 -0.2645 -0.1437 59.2393
400 560 -0.0902 -0.0156 168.5368
432 560 -0.0650 -0.0743 40.5841
464 560 -0.1474 -0.0284 135.5542
496 560 -0.1009 -0.0797 90.5522
528 560 -0.0396 -0.0768 82.4851
560 560 -0.0205 -0.0877 187.0532
592 560  0.0226 -0.1242 106.3087
624 560  0.0548 -0.1499 76.6311
656 560  0.0937 -0.0664 130.2850
688 560  0.1234 -0.3198 89.3598
720 560  0.1289 -0.2276 161.0506
752 560  0.1410 -0.2367 83.1375
784 560  0.0873 -0.3050 83.8833
816 560  0.0841 -0.2463 87.2165
848 560  0.0460 -0.1935 113.9053
880 560  0.0913 -0.1353 85.8923
912 560  0.0013 -0.1067 229.7741
944 560 -0.0235  0.0151 130.5966
976 560 -0.0532  0.0142 149.7613
1008 560 -0.0353  0.0842 167.0231
1040 560 -0.0987  0.0858 40.2183
1072 560 -0.1317  0.1548 222.4843
1104 560 -0.0974  0.0333 113.0885
1136 560 -0.0831  0.1587 77.9609
1168 560 -0.1017  0.0614 117.1428
 16 592 -0.0464 -0.0470 18.0763
 48 592 -0.9156 -0.8806 90.3616
 80 592 -0.6274 -0.5463 165.3298
112 592 -0.8175 -0.2044 176.3105
144 592 -0.3629 -0.0362 114.1185
176 592 -0.3764 -0.0935 77.9538
208 592 -0.6370 -0.3272 166.2148
240 592 -0.8185 -0.4834 43.9259
272 592 -0.4505 -0.4273 122.4921
304 592 -0.4196 -0.5097 109.7756
336 592 -0.5270 -0.3536 110.8237
368 592 -0.6724 -0.2447 221.3713
400 592 -0.4753 -0.1744 46.8219
432 592 -0.1485 -0.0793 173.8977
464 592 -0.1687 -0.0277 124.5082
496 592 -0.1826 -0.0756 89.1106
528 592 -0.0853 -0.0471 175.6286
560 592 -0.0194 -0.0723 232.5938
592 592  0.1108 -0.0922 156.7593
624 592  0.1334 -0.1608 70.0608
656 592  0.1332 -0.2053 134.3494
688 592  0.1872 -0.2222 62.2768
720 592  0.1647 -0.2970 169.1580
752 592  0.1163 -0.2712 257.3018
784 592  0.0404 -0.4896 154.0344
816 592  0.0431 -0.3147 101.9882
848 592  0.0092 -0.1141 176.1425
880 592  0.0319 -0.2040 77.4559
912 592  0.0085 -0.1351 86.3353
944 592 -0.0422 -0.0521 109.1537
976 592 -0.0775  0.0384 87.3745
1008 592 -0.1207  0.0767 126.4827
1040 592 -0.1595  0.0922 159.6082
1072 592 -0.0651  0.1891 142.2368
1104 592 -0.2200  0.1202 142.3613
1136 592 -0.1655  0.1101 92.8875
1168 592 -0.0894  0.0698 159.9332
 16 624 -0.0271 -0.0562 21.0323
 48 624 -0.1294 -0.1134 139.1723
 80 624 -0.1939 -0.1510 54.3626
112 624 -0.1799 -0.2702 22.9027
144 624 -0.3663 -0.3446 116.0394
176 624 -0.8624 -0.7514 187.9939
208 624 -0.0735  0.0267 11.3373
240 624 -0.8191 -1.2325 175.2627
272 624 -0.1661 -0.0779 20.7110
304 624 -0.2000  0.0218 128.4901
336 624 -0.3794 -0.1955 55.9689
368 624 -0.2826 -0.1484 42.7436
400 624 -0.5855 -0.1354 106.4170
432 624 -0.2734 -0.0306 285.2798
464 624 -0.1762 -0.0687 54.6185
496 624 -0.3701 -0.0842 100.3137
528 624 -0.2947 -0.1779 69.9229
560 624 -0.0951 -0.2473 97.3894
592 624 -0.0299 -0.1787 193.4151
624 624  0.0156 -0.3510 158.7239
656 624  0.1742 -0.4820 86.5639
688 624  0.0739 -0.1882 24.6793
720 624  0.1160 -0.2202 89.4135
752 624  0.0689 -0.3811 145.8426
784 624  0.0336 -0.2476 32.4634
816 624  0.0273 -0.4633 40.3799
848 624  0.0078 -0.1564 182.7104
880 624 -0.0335 -0.3616 123.2655
912 624 -0.0897 -0.1268 154.7218
944 624 -0.1029 -0.0552 94.3855
976 624 -0.0602 -0.0173 90.2305
1008 624 -0.0708  0.0099 161.0808
1040 624 -0.1234  0.0321 46.9763
1072 624 -0.0900  0.0781 88.5894
1104 624 -0.2188  0.1196 130.3501
1136 624 -0.1295  0.1456 72.4219
1168 624 -0.3073  0.1171 96.4466
 16 656 -0.2305 -0.0923 84.0727
 48 656 -0.1447 -0.1156 16.9262
 80 656 -0.1710 -0.2316 167.4753
112 656 -0.4065 -0.3291 93.7842
144 656 -0.9421 -0.9249 89.8655
176 656 -0.6342 -0.9891 98.8965
208 656 -0.8795 -0.6979 138.9612
240 656 -1.0487 -0.7775 234.1734
272 656 -1.0381 -0.7135 42.3371
304 656 -0.7540 -0.4771 70.9917
336 656 -0.2840 -0.6040 171.8859
368 656 -0.3634 -0.0770 27.3925
400 656 -0.4320  0.0435 122.0882
432 656 -0.1798  0.0463 42.9820
464 656 -0.2546 -0.0564 115.4387
496 656 -0.2279 -0.1229 217.6004
528 656 -0.1005 -0.3292 118.4615
560 656 -0.0781 -0.3836 63.6737
592 656  0.0234 -0.4135 97.3217
624 656  0.0848 -0.4394 44.7052
656 656  0.2211 -0.3685 196.0224
688 656  0.0408 -0.4699 84.6091
720 656  0.0586 -0.2695 44.8289
752 656 -0.0297 -0.4353 53.8354
784 656  0.0173 -0.4864 40.2451
816 656 -0.0288 -0.3333 166.9940
848 656 -0.1285 -0.5590 123.3517
880 656 -0.0337 -0.1834 116.5175
912 656 -0.0774 -0.1502 98.2282
944 656 -0.0857 -0.0953 92.6701
976 656 -0.0423 -0.0320 197.9503
1008 656 -0.0280  0.0053 100.5301
1040 656 -0.1674  0.0411 94.1647
1072 656 -0.1438  0.0470 79.4681
1104 656 -0.1640  0.0474 95.2830
1136 656 -0.1550  0.1515 69.7050
1168 656 -0.1109  0.1039 74.4581
 16 688 -0.0244 -0.0054 19.5685
 48 688 -0.1182 -0.0658 221.5999
 80 688 -0.2578 -0.1018 149.2816
112 688 -0.3265 -0.1526 35.2797
144 688 -0.7672 -0.6155 145.7059
176 688 -0.3447 -0.2435 278.6494
208 688 -0.7172 -0.9026 181.0642
240 688 -1.0482 -0.8440 72.8937
272 688 -0.7703 -0.7772 178.2102
304 688 -0.3641 -0.4581 127.1365
336 688 -0.1111 -0.4133 197.1941
368 688 -0.3751 -0.0838 121.2357
400 688 -0.1016  0.1045 261.4355
432 688 -0.1428  0.0311 24.6145
464 688 -0.2415 -0.1033 235.6877
496 688  0.0821 -0.2695 99.6330
528 688  0.0103 -0.4925 48.0411
560 688 -0.0443 -0.7452 234.1843
592 688  0.0362 -0.4885 65.2997
624 688 -0.0418 -0.3966 81.6746
656 688  0.0023 -0.2884 16.5872
688 688  0.0080 -0.2818 177.9214
720 688 -0.0761 -0.4301 61.6674
752 688 -0.1911 -0.3352 145.4575
784 688 -0.1088 -0.4542 113.2315
816 688 -0.0225 -0.3639 88.9369
848 688 -0.0492 -0.0013 66.2682
880 688 -0.0097 -0.1730 134.5207
912 688 -0.0821 -0.1128 163.4881
944 688 -0.0553 -0.1693 65.8183
976 688 -0.1232 -0.0443 75.4320
1008 688 -0.1295 -0.0254 85.8191
1040 688 -0.1715  0.0199 105.8367
1072 688 -0.1900  0.0568 180.9100
1104 688 -0.1456  0.0188 118.0773
1136 688 -0.1802  0.0261 154.2462
1168 688 -0.1395  0.0649 64.1419
 16 720 -0.0199 -0.0137 16.2550
 48 720 -0.0419 -0.0693 341.9049
 80 720 -0.0790 -0.3610 151.4112
112 720 -0.4310 -0.1120 207.3054
144 720 -0.2408 -0.3888 324.0746
176 720 -0.8409 -0.7781 107.7794
208 720 -0.5807 -0.4363 54.0642
240 720 -0.1959 -0.1590 35.8443
272 720 -0.5241 -0.6541 55.9063
304 720 -0.5453 -0.4450 103.9224
336 720 -0.4183 -0.1998 83.8559
368 720 -0.0757 -0.0663 129.4957
400 720  0.0519  0.0328 27.2160
432 720  0.4659  0.1093 76.6625
464 720  0.2110 -0.0642 229.1807
496 720  0.1007 -0.3204 22.5329
528 720  0.3557 -0.7997 77.6709
560 720  0.0588 -0.0174 20.9690
592 720  0.1281  0.0120 20.4766
624 720 -0.0623 -0.4258 133.9566
656 720 -0.0503 -0.3863 138.8906
688 720 -0.0284 -0.0508 40.4497
720 720 -0.0508  0.0303 14.1737
752 720 -0.0350 -0.0065 28.9740
784 720 -0.1707 -0.5563 63.0836
816 720 -0.0400  0.0188 18.6411
848 720 -0.0250 -0.0076  5.7753
880 720 -0.0003 -0.0469 69.7971
912 720 -0.0541 -0.2968 71.1086
944 720 -0.0584 -0.2747 79.4816
976 720 -0.1349 -0.0591 141.9617
1008 720 -0.2188 -0.1202 170.4597
1040 720 -0.2844 -0.0146 115.2047
1072 720 -0.2588  0.0266 31.3705
1104 720 -0.1801  0.0170 57.5694
1136 720 -0.2183 -0.0082 75.2656
1168 720 -0.1861  0.0461 47.1947
 16 752 -0.0018 -0.0061 64.7985
 48 752 -0.0383 -0.0267 135.8296
 80 752 -0.0168 -0.1725 194.4086
112 752 -0.0292 -0.1404 293.6482
144 752 -0.0871 -0.1765 89.6676
176 752 -0.0957 -0.4166 321.2887
208 752 -0.4023 -0.3900 103.4498
240 752 -0.3382 -1.0099 256.5350
272 752 -0.0174 -0.0629 10.4412
304 752 -0.3673 -0.4105 84.9078
336 752 -0.0449 -0.0908 73.8923
368 752 -0.0819 -0.0677 43.8950
400 752  0.2016 -0.0079 117.2680
432 752  0.5499  0.0892 137.9550
464 752  0.2305  0.0178 132.5608
496 752  0.3527 -0.1224 46.3136
528 752  0.5783 -0.3910 33.4130
560 752  0.1311  0.0603  9.5972
592 752  0.1035  0.0780 11.0856
624 752 -0.0330 -0.0033 10.0320
656 752 -0.0100 -0.0098 22.8265
688 752  0.0005  0.0296  7.0398
720 752  0.0142  0.0455  5.1243
752 752 -0.0179 -0.0116  9.0801
784 752  0.0074  0.0148 21.5249
816 752  0.0049  0.0027  5.4682
880 752 -0.0041 -0.0180 21.8763
912 752 -0.0489 -0.4878 39.0433
944 752 -0.1666 -0.2956 124.0717
976 752 -0.2279 -0.1078 159.8757
1008 752 -0.2985 -0.0515 96.3042
1040 752 -0.2302  0.0164 137.6078
1072 752 -0.2385  0.0090 107.7535
1104 752 -0.2801  0.0220 42.3666
1136 752 -0.1382 -0.0329 66.2076
1168 752 -0.2066  0.0746 123.5683
 16 784  0.0656 -0.0410 34.5867
 48 784  0.0265 -0.0176 296.1378
 80 784  0.0157 -0.0963 303.9880
112 784  0.0118 -0.0557 165.9769
144 784 -0.0277 -0.2670 262.3389
176 784 -0.0117 -0.2349 98.8719
208 784 -0.0830 -0.7378 125.8675
240 784 -0.2149 -0.6505 237.0106
272 784 -0.0514 -0.0798 12.9638
304 784 -0.1130 -0.2726 34.8215
336 784  0.0955 -0.2982 187.4582
368 784  0.4714  0.0110 164.4553
400 784  0.6053  0.0069 142.2383
432 784  0.9665  0.0741 42.9519
464 784  1.1691 -0.1684 77.8266
496 784  1.4537 -0.5930 41.0182
528 784  0.0334 -0.0260 17.9383
560 784  0.1471  0.1004  8.7042
592 784  0.0753  0.0943 13.2315
624 784 -0.0304  0.0172 17.8513
656 784 -0.0049  0.0140  8.3919
688 784 -0.0163  0.0203 11.0315
720 784  0.0000  0.0020  4.3318
752 784 -0.0322  0.0508  4.7167
784 784  0.0169 -0.0325  5.3934
816 784  0.0015 -0.0044  4.4859
848 784  0.0077 -0.0038  4.3179
880 784  0.0090  0.0129 18.0205
912 784 -0.0213 -0.0294 23.3409
944 784 -0.0275 -0.0044 20.8768
976 784 -0.1635 -0.0922 45.5049
1008 784 -0.2588 -0.0949 89.0457
1040 784 -0.2352 -0.0526 29.0327
1072 784 -0.0898 -0.0667 26.4649
1104 784 -0.0605 -0.0409 134.8361
1136 784 -0.0730  0.1247 165.3504
1168 784 -0.2297 -0.0424 101.1394
 16 816 -0.0068 -0.0002 23.4799
 48 816  0.0294  0.0010 25.5633
 80 816  0.2699 -0.0915 163.7249
112 816  0.0367 -0.0925 71.4551
144 816  0.0409 -0.2825 94.3044
176 816  0.0213 -0.3087 301.1801
208 816  0.0198 -0.1649 19.3022
240 816  0.0150 -0.3360 79.0698
272 816  0.0082 -0.3903 374.3606
304 816  0.0475 -0.1370 15.8853
336 816  0.4266 -0.4477 71.2888
368 816  0.8659 -0.1923 71.4558
400 816  1.4706 -0.0306 106.9235
432 816  1.1527 -0.0020 120.9583
464 816  1.2185 -0.1170 95.1934
496 816  0.9849 -0.3269 18.1495
528 816  0.0366 -0.0074  7.4646
560 816  0.0707  0.0499  6.5895
592 816  0.0757 -0.0491 13.9355
624 816  0.0617 -0.0136 12.3505
656 816 -0.0215  0.0034 12.5591
688 816  0.0007 -0.0584 10.3812
720 816  0.0044  0.0084  9.7750
752 816  0.0601  0.0250  7.0259
784 816 -0.0351 -0.0024  6.0947
816 816  0.0296  0.0090  6.4897
848 816  0.0357  0.0164  4.5078
880 816  0.0057 -0.0026  8.5294
912 816 -0.0068 -0.0083  4.1374
944 816  0.0184  0.0149  5.6235
976 816 -0.0188 -0.0280 37.0127
1008 816 -0.1616 -0.1450 80.2997
1040 816 -0.0554 -0.1696 35.3768
1072 816 -0.0625 -0.0359 61.0531
1104 816 -0.1889 -0.0537 69.2895
1136 816 -0.2951 -0.1137 94.6574
1168 816 -0.1545 -0.0074 116.2188
 16 848  0.1013 -0.0039 22.1644
 48 848  0.0764 -0.0843 148.7172
 80 848  0.0464 -0.0499 11.3919
112 848  0.0683 -0.0958 210.3363
144 848  0.1159 -0.1882 264.2635
176 848  0.0691 -0.2069 259.1172
208 848  0.1507 -0.2216 89.7645
240 848  0.1398 -0.4640 64.1224
272 848  0.0373 -0.0895 17.9355
304 848  0.9815 -0.7120 148.3099
336 848  0.8392 -0.4201 201.1604
368 848  0.9250 -0.1645 124.0181
400 848  0.8356  0.1083 39.6476
432 848  1.3396 -0.0048 64.0955
464 848  0.4435 -0.1753 22.1327
496 848  0.0300 -0.0264 19.5976
528 848  0.0656  0.0503  6.7038
560 848  0.0194  0.0036 24.8061
592 848  0.0917 -0.0036 12.7333
624 848  0.0336 -0.0234 24.8271
656 848  0.0122 -0.0104 23.4835
688 848  0.0036  0.0037  8.9136
720 848 -0.0051 -0.0164  7.4118
752 848 -0.0069 -0.0049  6.1263
784 848  0.0894  0.0264  9.0060
816 848 -0.0811 -0.0309 11.4691
848 848 -0.0356  0.0631  5.9831
880 848 -0.0247  0.0048  5.4410
944 848  0.0016  0.0172  5.7084
976 848  0.0099  0.0354 41.3695
1008 848 -0.0608 -0.1457 73.2442
1040 848 -0.1079 -0.1470 51.6711
1072 848 -0.0913 -0.1206 55.4973
1104 848 -0.1322  0.0030 69.7141
1136 848 -0.2155 -0.0798 164.4895
1168 848 -0.1265 -0.0546 101.9387
 16 880  0.0596 -0.0264 115.9344
 48 880  0.0336 -0.0532 17.6055
 80 880  0.1063 -0.0681 225.0354
112 880  0.1265 -0.1356 212.5449
144 880  0.1271 -0.1937 278.3492
176 880  0.4012 -0.1787 180.8270
208 880  0.2603 -0.2194 176.5970
240 880  0.5637 -0.4321 76.6393
272 880  0.1252 -0.0566 12.6433
304 880  0.4270 -0.3913 72.0215
336 880  0.7828 -0.2282 59.8616
368 880  1.1226 -0.2548 40.8781
400 880  1.3089 -0.1026 138.1066
432 880  0.0937  0.0002 18.2073
464 880  0.4419 -0.0484 31.8289
496 880  0.0132  0.0211  5.9484
528 880  0.0471  0.0290  8.3952
560 880  0.1117 -0.1351 10.4210
592 880  0.0586 -0.0613 14.8323
624 880  0.0815 -0.0211 14.8414
656 880  0.7573 -0.1470  9.0503
688 880  0.0302 -0.0255 14.1440
720 880 -0.0029 -0.0110 14.2456
752 880  0.0024  0.0612  4.6778
784 880  0.0026  0.0062  7.6118
816 880 -0.0209 -0.0357  7.6994
848 880 -0.0616 -0.0500  5.3129
880 880  0.0382  0.0473  5.6514
912 880  0.0146  0.0019  9.6373
944 880  0.0090 -0.0094 45.3902
976 880  0.0275  0.0062 41.1077
1008 880 -0.0058 -0.0426 111.1553
1040 880 -0.0579 -0.0758 78.6381
1072 880 -0.1208 -0.1287 210.4253
1104 880 -0.0911 -0.0873 107.9650
1136 880 -0.0634 -0.0321 143.2200
1168 880 -0.1316 -0.0630 108.3326
 16 912  0.0705 -0.0179 202.7203
 48 912 -0.0441 -0.0225 25.3790
 80 912  0.4610 -0.0649 222.9270
112 912  0.1927 -0.0783 130.8498
144 912  0.1977 -0.0650 226.4613
176 912  0.1683 -0.0938 263.1251
208 912  0.0534 -0.0824 25.3049
240 912  0.2665 -0.1812 184.1205
272 912  0.2144 -1.0649 67.8904
304 912  0.9140 -0.4004 92.7252
336 912  0.7252 -0.1714 68.2484
368 912  1.0127 -0.0446 25.0379
400 912  0.0565  0.0061 19.5571
432 912  0.0008  0.0125 16.6674
464 912 -0.0029 -0.0166  9.8075
496 912  0.0000 -0.0000  4.0797
528 912  0.0115 -0.0130  4.7596
560 912 -0.0154 -0.0219  4.3016
592 912  0.0830 -0.0765  4.5301
624 912  0.1063 -0.0844  9.7369
656 912  0.1298 -0.2269  5.3900
688 912  0.1002 -0.1128 13.1744
720 912 -0.0030 -0.0016 10.1984
752 912  0.0581 -0.0012  5.2907
784 912  0.0111  0.0012 10.4999
816 912 -0.0499  0.0337  5.4976
880 912  0.0367  0.0249  8.7049
912 912 -0.0020  0.0015  9.6681
944 912  0.0124  0.0140  7.8638
976 912  0.0114  0.0092 11.1657
1008 912  0.0098  0.0185 51.7881
1040 912 -0.0066 -0.1029 145.8190
1072 912 -0.0504 -0.0662 90.2132
1104 912 -0.0762 -0.1209 68.4334
1136 912 -0.1276 -0.0542 49.7333
1168 912 -0.0881 -0.1117 76.6778
 16 944  0.0702  0.0031 42.6228
 48 944  0.0357 -0.0242 101.0922
 80 944  0.1032 -0.0138 214.7914
112 944  0.1206 -0.0677 80.7007
144 944  0.1457 -0.0582 261.8437
176 944  0.2474 -0.1518 269.1178
208 944  0.1423 -0.1311 233.7442
240 944  0.4533 -0.3939 138.4936
272 944  0.0425 -0.1583 19.4510
304 944  0.6335 -0.5319 44.8396
336 944  0.2266 -0.4349 131.1366
368 944  0.2776 -0.0364 122.9261
400 944  0.0151  0.0255 14.0694
432 944  0.0088  0.0150 14.9989
464 944  0.0543  0.0532  5.8355
496 944 -0.0322 -0.0157  7.0695
624 944  0.1170 -0.0633  5.2771
688 944  0.1279 -0.0267  7.7407
720 944 -0.0826 -0.0421  5.5431
752 944  0.0099 -0.0072  5.2074
784 944  0.0084 -0.0835  6.7380
816 944 -0.0346 -0.0208  6.5346
848 944  0.0090  0.0299  8.9699
880 944 -0.0273  0.0393  9.5058
912 944 -0.0033 -0.0387  9.3898
944 944 -0.0199  0.0046 12.6279
976 944 -0.0187  0.0329  6.3961
1008 944  0.0130  0.0107  5.7845
1040 944  0.0084  0.0080 64.7819
1072 944 -0.0338 -0.0731 171.2377
1104 944 -0.0380  0.0045 175.9178
1136 944 -0.0732 -0.0093 146.8241
1168 944 -0.1957 -0.2025 179.0258
 16 976  0.0712 -0.0268 20.8384
 48 976  0.1054 -0.0051 30.2439
 80 976  0.1519 -0.0472 115.5856
112 976 -0.0129 -0.0313 19.4324
144 976  0.1130 -0.1037 193.4739
176 976  0.1015 -0.0248 122.4164
208 976  0.1854 -0.1864 97.5906
240 976  0.1146 -0.3278 103.0363
272 976  0.1720 -0.2488 79.1398
304 976  0.0718 -0.3799 79.9310
336 976  0.0490 -0.1665 86.8794
368 976  0.0097 -0.0361 24.5126
400 976 -0.0005 -0.0101 12.3711
432 976  0.0369  0.0203  8.2071
464 976  0.0169  0.0189 21.6397
496 976 -0.0788 -0.0048 10.2430
528 976 -0.0279  0.0197  4.2965
784 976  0.0328  0.0235  4.3189
816 976  0.0147  0.0150 14.2189
848 976  0.0018 -0.0054 18.5743
880 976 -0.0432 -0.0036  8.4755
912 976  0.0021 -0.0106 10.6483
944 976 -0.0084 -0.0329  7.7419
976 976  0.0077  0.0231 11.9680
1008 976 -0.0166  0.0155 10.4724
1040 976 -0.0075  0.0359 19.4338
1072 976 -0.0570  0.0053 38.3619
1104 976 -0.0987 -0.0431 202.7661
1136 976 -0.1486 -0.0612 101.0715
1168 976 -0.0654 -0.1200 115.4714
 16 1008  0.0149 -0.0212 19.3519
 48 1008  0.3154 -0.0396 136.4582
 80 1008  0.0487 -0.0379 65.5304
112 1008  0.0997 -0.0560 259.9192
144 1008  0.5075 -0.0682 192.7018
176 1008  0.2654 -0.1638 193.6508
208 1008  0.1208 -0.0929 117.1266
240 1008  0.0585 -0.5119 90.4400
272 1008  0.1092 -0.3626 31.8538
304 1008  0.1313 -0.3980 195.1429
336 1008 -0.0016 -0.0399 24.0339
368 1008  0.0082  0.0090 11.0822
400 1008  0.0522  0.0142 10.3686
432 1008  0.0132  0.0126 17.5981
464 1008 -0.0725  0.0358 93.1197
496 1008 -0.0043  0.0262 21.5144
528 1008  0.0223  0.0449  9.1204
560 1008  0.0228  0.0226  5.7769
752 1008  0.0081  0.0000  4.0635
784 1008 -0.0010  0.0126  6.3406
816 1008  0.0061  0.0166 25.8013
848 1008 -0.0269  0.0020 17.8924
880 1008  0.0025  0.0095 13.6774
912 1008  0.0362  0.0348 10.9479
944 1008  0.0033  0.0045 14.7583
976 1008 -0.0091  0.0223  8.2191
1008 1008  0.0058 -0.0028 12.3813
1040 1008  0.0139 -0.0126 35.2431
1072 1008 -0.0428  0.0036 88.2341
1104 1008  0.0002 -0.0163 176.4939
1136 1008 -0.0239 -0.0577 130.8675
1168 1008 -0.0338 -0.1106 88.1798
 16 1040  0.0646 -0.0063 27.5003
 48 1040  0.1672 -0.0121 203.3291
 80 1040  0.1026 -0.0921 176.7202
112 1040  0.1498 -0.0264 122.1379
144 1040  0.0850 -0.0496 132.1783
176 1040  0.0692 -0.2632 76.1670
208 1040  0.1264 -0.0895 71.8006
240 1040  0.0113 -0.0157 17.4549
272 1040  0.1334 -0.2833 37.8065
304 1040  0.0292 -0.1164 106.1793
336 1040 -0.0069 -0.1237 56.4761
368 1040  0.0332  0.0135 12.9616
400 1040  0.0272  0.0127 41.3817
432 1040 -0.0363  0.0189 53.6171
464 1040 -0.0319  0.0098 89.2857
496 1040 -0.3780  0.1504 10.2092
528 1040 -0.0219  0.0515 10.7494
560 1040 -0.0067 -0.0004 10.5932
592 1040  0.0452  0.0050  6.1484
752 1040  0.0198  0.0059  5.5260
784 1040 -0.0110 -0.0110 16.2009
816 1040  0.0184 -0.0083 30.6666
848 1040 -0.0022  0.0065 16.9813
880 1040  0.0326 -0.0015 13.2970
912 1040  0.0121  0.0102 17.3051
944 1040  0.0042 -0.0111 19.8868
976 1040 -0.0150 -0.0029 60.8161
1008 1040 -0.0291  0.0093 14.2597
1040 1040  0.0054  0.0084 51.1204
1072 1040 -0.0048  0.0031 87.4657
1104 1040 -0.0643 -0.0349 70.2197
1136 1040 -0.0728 -0.0333 147.9569
1168 1040 -0.0479 -0.0353 21.7545
 16 1072  0.0453 -0.0008 118.5511
 48 1072  0.0634 -0.0221 133.7842
 80 1072  0.2505 -0.0381 82.5063
112 1072  0.0852 -0.0418 35.9118
144 1072  0.0548 -0.0749 90.2292
176 1072  0.1136 -0.0618 148.8531
208 1072 -0.0034 -0.0279 19.4426
240 1072  0.0399 -0.1614 160.7117
272 1072 -0.0033 -0.1038 27.4123
304 1072 -0.0004 -0.1998 151.0287
336 1072 -0.0174 -0.1204 147.9271
368 1072 -0.0298 -0.0680 71.5645
400 1072 -0.0712 -0.0400 100.2669
432 1072 -0.0374 -0.0198 219.9280
464 1072  0.0066 -0.0353 32.6405
496 1072 -0.1804  0.1726 10.5570
528 1072  0.0103  0.1948 11.9021
560 1072  0.0023  0.0594  8.7901
592 1072  0.0119  0.0328 10.0960
624 1072 -0.0510  0.0157  5.7840
656 1072  0.0224  0.0601  5.6207
688 1072  0.0694  0.0387  4.4613
720 1072  0.1046  0.0888  4.7764
752 1072  0.0164 -0.0164  4.2314
784 1072 -0.0023 -0.0233  7.1526
816 1072  0.0133 -0.0162 12.3511
848 1072  0.0228  0.0005 42.8873
880 1072  0.0267 -0.0009 19.3229
912 1072  0.0178  0.0316 14.0095
944 1072  0.0534 -0.0186 62.8267
976 1072 -0.0014  0.0291 35.0576
1008 1072  0.0070  0.0122 45.0830
1040 1072  0.0090  0.0123 163.6505
1072 1072 -0.0096  0.0424 18.0913
1104 1072 -0.0530 -0.0201 188.8911
1136 1072 -0.0346 -0.0440 32.4341
1168 1072 -0.0164 -0.0604 70.6216
 16 1104  0.0134 -0.0290 45.7372
 48 1104  0.0235 -0.0183 22.3842
 80 1104  0.1464 -0.0447 231.6187
112 1104  0.0369 -0.1571 139.4568
144 1104  0.0600 -0.0267 191.3545
176 1104  0.0525 -0.0930 267.5616
208 1104  0.0278 -0.1751 43.7559
240 1104  0.0793 -0.1629 200.5336
272 1104  0.0475 -0.1091 115.7279
304 1104  0.0103 -0.2407 99.4562
336 1104 -0.0103 -0.0987 267.1416
368 1104 -0.0260 -0.0692 134.7408
400 1104  0.0141 -0.1142 68.0684
432 1104 -0.0046 -0.0961 56.3175
464 1104  0.0140 -0.0086 21.2755
496 1104 -0.0175  0.0101 21.1656
528 1104 -0.0443  0.0071 14.7039
560 1104  0.0142  0.0335 12.9565
592 1104 -0.0069  0.0211 11.4258
624 1104  0.0121  0.0299 12.1423
656 1104  0.0275  0.0216 11.3971
688 1104 -0.0303  0.0394  8.2976
720 1104 -0.0189  0.0393  4.5778
848 1104 -0.0126 -0.0058  5.5125
880 1104  0.0362 -0.0273  8.2194
912 1104 -0.0223 -0.0046 12.1911
944 1104 -0.0021 -0.0116 15.6234
976 1104  0.0013 -0.0099  9.4513
1008 1104 -0.0014  0.0057 19.8469
1040 1104 -0.0014 -0.0123 27.8491
1072 1104  0.0116  0.0090 19.3764
1104 1104  0.0042  0.0145 22.1167
1136 1104 -0.0403  0.0032 17.2883
1168 1104 -0.0270 -0.0194 26.0785
 16 1136  0.0384 -0.0157 15.4975
 48 1136  0.0307  0.0074 21.4549
 80 1136  0.0912 -0.0350 329.5844
112 1136  0.0478 -0.1376 62.2543
144 1136 -0.0060 -0.0374 209.4806
176 1136  0.0579 -0.2202 124.8099
208 1136  0.1427 -0.1320 73.6027
240 1136  0.0115 -0.0692 120.1796
272 1136  0.0429 -0.1145 40.2906
304 1136  0.0162 -0.1116 124.4859
336 1136  0.1081 -0.0633 123.2124
368 1136  0.0073 -0.2339 154.1583
400 1136  0.0006 -0.0533 191.8969
432 1136 -0.0180 -0.0706 44.6278
464 1136 -0.0005 -0.0358 35.6810
496 1136 -0.0042  0.0132 23.9565
528 1136 -0.0055  0.0647 17.6860
560 1136  0.0312  0.0270  8.9874
592 1136  0.0325  0.0423 14.7212
624 1136  0.0036  0.0163 15.6615
656 1136  0.0299  0.0095 17.7526
688 1136  0.0097  0.0148 13.0660
720 1136 -0.0218  0.0070 12.5122
752 1136 -0.0264  0.0524  7.7383
784 1136  0.0426  0.0047  6.5382
816 1136  0.0231  0.0202  8.8821
848 1136 -0.1039  0.0069  7.0841
880 1136 -0.0079  0.0088  4.2710
944 1136  0.0175 -0.0250  4.0837
976 1136  0.0004 -0.0096  4.3207
1008 1136  0.0003 -0.0163  5.1162
1040 1136  0.0085 -0.0138  4.7398
1072 1136 -0.0127 -0.0495  5.3918
1104 1136 -0.0144  0.0237  7.6983
1136 1136 -0.0242  0.0005  9.6770
1168 1136  0.0183 -0.0084 18.2924
 16 1168  0.0606 -0.0007 15.9860
 48 1168  0.0147 -0.0113 16.1652
 80 1168  0.1152 -0.0412 50.3054
112 1168  0.2063 -0.0479 63.3169
144 1168  0.1646 -0.0483 99.5173
176 1168  0.0611 -0.0588 98.7562
208 1168  0.0241 -0.1551 212.0144
240 1168  0.0335 -0.0456 235.2651
272 1168  0.0091 -0.1661 40.9343
304 1168  0.0152 -0.0368 75.4223
336 1168  0.0220 -0.1038 232.4831
368 1168  0.0088 -0.1030 158.3008
400 1168  0.0192 -0.0381 229.9356
432 1168 -0.0158 -0.0162 82.0098
464 1168  0.0050 -0.0395 299.4271
496 1168  0.0014 -0.0247 17.2520
528 1168  0.0027  0.0070 19.7569
560 1168 -0.0389  0.0836 14.1438
592 1168 -0.0320  0.0511 12.1001
624 1168 -0.0384  0.0066 11.9903
656 1168 -0.0277  0.0168 11.4318
688 1168  0.0122  0.0005 13.5704
720 1168  0.0482  0.0211 11.9382
752 1168  0.0107 -0.0147 16.3936
784 1168  0.0329  0.0203 13.1757
816 1168 -0.0509 -0.0017 13.3585
848 1168  0.0027 -0.0350 13.8862
880 1168 -0.0065 -0.0067 13.4782
912 1168 -0.0321  0.0413  9.5004
944 1168 -0.0072  0.0496  5.0715
1104 1168  0.0000 -0.0751  4.1163
1136 1168  0.0312 -0.0392  4.5379
1168 1168 -0.0152  0.0073  4.6448
 16 1200  0.0204  0.0181 41.9931
 48 1200  0.0446 -0.0181 26.5062
 80 1200 -0.0094 -0.0348 21.5033
112 1200  0.0243  0.0134 29.4652
144 1200  0.0341 -0.0441 114.4017
176 1200  0.1547 -0.1109 202.6536
208 1200  0.2068 -0.0530 100.7666
240 1200  0.0674 -0.0751 197.5491
272 1200  0.0098 -0.0799 182.6836
304 1200  0.0097 -0.1493 94.5815
336 1200  0.0205 -0.0676 330.1026
368 1200  0.0402 -0.0654 204.8908
400 1200  0.0546 -0.0294 213.4607
432 1200  0.0340 -0.0445 26.0026
464 1200  0.0276 -0.0358 29.3801
496 1200 -0.0192 -0.0053 22.3104
528 1200 -0.0091 -0.0051 20.2789
560 1200 -0.0013 -0.0091 12.0773
592 1200 -0.0179  0.0066 14.6269
624 1200  0.0137  0.0801 44.7441
656 1200 -0.0353 -0.0190 37.0611
688 1200 -0.0216 -0.0314 13.3337
720 1200 -0.0078  0.0190 16.9622
752 1200  0.0132 -0.0035 16.3598
784 1200 -0.0379 -0.0053 11.0437
816 1200  0.0109  0.0269 11.3814
848 1200  0.0026  0.0288 10.8474
880 1200  0.0075  0.0096 11.8830
912 1200 -0.0142  0.0010 13.3212
944 1200  0.0187  0.0208 13.3668
976 1200 -0.0003  0.0188 13.5172
1008 1200  0.0039  0.0070 10.3132
1040 1200 -0.0093 -0.0273  6.6699
1072 1200  0.0120 -0.0249  5.5166
1104 1200  0.0007  0.0801  4.7518
1136 1200  0.0000  0.1684  4.3187
1168 1200  0.0328  0.0920  4.2343
 16 1232  0.0503 -0.0308 24.5767
 48 1232  0.0197 -0.0151 22.8032
 80 1232  0.0435 -0.0428 181.0217
112 1232  0.0562 -0.0582 148.6163
144 1232  0.0200 -0.0359 113.4376
176 1232  0.0551 -0.0932 102.6549
208 1232  0.0375 -0.1238 117.8437
240 1232  0.0225 -0.0245 36.9665
272 1232  0.0091 -0.1257 112.3983
304 1232  0.0584 -0.0584 74.2372
336 1232  0.0368 -0.0896 164.9872
368 1232  0.0249 -0.0614 87.4904
400 1232  0.0232 -0.0540 90.7650
432 1232  0.0436 -0.0982 49.4996
464 1232  0.0071  0.0026 25.7666
496 1232  0.0373  0.0087 32.7859
528 1232  0.0046 -0.0074 11.4052
560 1232  0.0282 -0.0338 18.0779
592 1232 -0.0191  0.0146 13.6913
624 1232  0.0098 -0.0142 12.4875
656 1232 -0.0067  0.0202 14.1251
688 1232 -0.0166  0.0075 10.0240
720 1232 -0.0119  0.0198 12.2679
752 1232 -0.0173  0.0070 18.4039
784 1232  0.0551 -0.0126 13.7812
816 1232 -0.0029  0.0339 22.5452
848 1232  0.1444  0.0473 11.5452
880 1232 -0.0239  0.0526 16.1204
912 1232  0.0518  0.0071 13.0744
944 1232 -0.0024  0.0071 13.6521
976 1232 -0.0058  0.0390 11.6820
1008 1232  0.0157  0.0096 13.6609
1040 1232  0.0333  0.0129 12.6448
1072 1232 -0.0035 -0.0077 11.5582
1104 1232 -0.0067  0.0144 12.6262
1136 1232 -0.0112 -0.0285 11.5020
1168 1232 -0.0389  0.0050 12.8366
 16 1264  0.0477 -0.0228 21.9545
 48 1264  0.0039 -0.0193 12.4425
 80 1264  0.0136 -0.0501 161.7657
112 1264  0.0535 -0.0395 122.7495
144 1264  0.0424 -0.0783 272.2951
176 1264  0.0626 -0.1329 80.2614
208 1264  0.0905 -0.0774 76.8700
240 1264  0.0224 -0.0814 49.6097
272 1264  0.0223 -0.0618 78.8595
304 1264  0.0234 -0.0582 170.9546
336 1264  0.0390 -0.0779 203.0087
368 1264 -0.0214 -0.0100 252.6470
400 1264  0.0192 -0.0541 242.1970
432 1264 -0.0031 -0.0120 394.7719
464 1264  0.0397 -0.0102 29.9680
496 1264  0.0000  0.0165 14.0858
528 1264 -0.0227  0.0209 11.9960
560 1264 -0.0241  0.0270 13.6828
592 1264  0.0092  0.0010 12.3250
624 1264 -0.0087 -0.0321 17.3164
656 1264  0.0039 -0.0007 14.0868
688 1264 -0.0070 -0.0125 10.4338
720 1264 -0.0121  0.0169 15.2812
752 1264 -0.0041 -0.0160 24.0347
784 1264  0.0672 -0.0065 11.3194
816 1264 -0.0144 -0.0638 11.9183
848 1264 -0.0328  0.0000  8.7781
880 1264  0.0421  0.0393  8.3250
912 1264  0.0199 -0.0213  8.9772
944 1264  0.0008  0.0311 11.2556
976 1264 -0.0234 -0.0724 10.7034
1008 1264  0.0411  0.0692  9.6847
1040 1264  0.0555  0.0175 11.0648
1072 1264  0.0252  0.0273 10.5576
1104 1264  0.0280 -0.0092 10.0309
1136 1264 -0.0027 -0.0783  9.3386
1168 1264 -0.0355  0.0351 12.7694
 16 1296  0.0252 -0.0479 23.8926
 48 1296  0.0000 -0.0214 13.2893
 80 1296 -0.0093 -0.0134 116.3670
112 1296  0.0682 -0.0024 28.2147
144 1296  0.0077 -0.0062 21.4095
176 1296  0.0166 -0.0503 87.3611
208 1296  0.1739 -0.1244 211.5697
240 1296  0.0246 -0.0392 98.3387
272 1296  0.0207 -0.0311 19.7977
304 1296  0.0369 -0.1034 123.6918
336 1296  0.0305 -0.0802 69.4644
368 1296  0.0288 -0.0329 218.4408
400 1296  0.0150 -0.0236 215.9505
432 1296  0.0360  0.0156 16.5441
464 1296  0.0287  0.0034 45.7591
496 1296  0.0197 -0.0153 12.2645
528 1296 -0.0076 -0.0362 17.7576
560 1296 -0.0103 -0.0043 15.0078
592 1296  0.0072  0.0017 17.5423
624 1296 -0.0074 -0.0082 11.9691
656 1296  0.0124  0.0074 13.1608
688 1296  0.0170  0.0112 12.0406
720 1296 -0.0326 -0.0128 13.1237
752 1296 -0.0058 -0.0230 14.2923
784 1296  0.0111 -0.0278 11.3709
816 1296  0.0091  0.0091  9.0682
848 1296  0.0925 -0.0277 12.0170
880 1296 -0.0641  0.0089 10.9449
912 1296 -0.0125  0.0259 11.5944
944 1296 -0.0199  0.0160 10.5180
976 1296  0.0281 -0.0116 10.6545
1008 1296  0.0394  0.0317 10.0224
1040 1296  0.0410  0.0429  8.0783
1072 1296  0.0144 -0.0049  9.2730
1104 1296 -0.0828  0.0297 10.6535
1136 1296  0.0133 -0.0431 10.1340
1168 1296 -0.0109 -0.0287  9.9564
  0   0 -0.0092 -0.0235  0.0000
  0   0 -0.0040 -0.0505  0.0000
  0   0 -0.0197 -0.0796  0.0000
  0   0 -0.0292 -0.0326  0.0000
  0   0  0.0080 -0.0577  0.0000
  0   0  0.0131 -0.0459  0.0000
  0   0  0.0258 -0.0327  0.0000
  0   0  0.0690 -0.0258  0.0000
  0   0  0.0506 -0.0336  0.0000
  0   0  0.0709 -0.0680  0.0000
  0   0  0.1377 -0.1022  0.0000
  0   0  0.0628 -0.0598  0.0000
  0   0  0.0337 -0.0443  0.0000
  0   0  0.0258 -0.0677  0.0000
  0   0  0.0151 -0.0514  0.0000
  0   0  0.0116 -0.0116  0.0000
  0   0  0.0051  0.0182  0.0000
  0   0  0.0175  0.0641  0.0000
  0   0  0.0275  0.0436  0.0000
  0   0  0.0151  0.0087  0.0000
  0   0 -0.0069 -0.0112  0.0000
  0   0 -0.0126 -0.0050  0.0000
  0   0 -0.0060 -0.0056  0.0000
  0   0 -0.0039 -0.0138  0.0000
  0   0  0.0111 -0.0099  0.0000
  0   0  0.0123 -0.0106  0.0000
  0   0 -0.0113 -0.0225  0.0000
  0   0  0.0021 -0.0276  0.0000
  0   0  0.0180 -0.0259  0.0000
  0   0  0.0290 -0.0048  0.0000
  0   0  0.0542 -0.0090  0.0000
  0   0 -0.0237  0.0204  0.0000
  0   0 -0.0194  0.0414  0.0000
  0   0 -0.0079  0.0429  0.0000
  0   0  0.0248  0.0288  0.0000
  0   0  0.0327  0.0444  0.0000
  0   0  0.0253  0.0463  0.0000
  0   0 -0.0079  0.0141  0.0000
  0   0 -0.0646  0.0074  0.0000
  0   0 -0.0394 -0.0503  0.0000
  0   0 -0.0482 -0.0635  0.0000
  0   0 -0.0461 -0.0713  0.0000
  0   0 -0.0398 -0.0883  0.0000
  0   0 -0.0383 -0.0993  0.0000
  0   0 -0.0289 -0.0822  0.0000
  0   0  0.0007 -0.0825  0.0000
  0   0  0.0239 -0.0724  0.0000
  0   0  0.0495 -0.0608  0.0000
  0   0  0.0802 -0.0553  0.0000
  0   0  0.0880 -0.0611  0.0000
  0   0  0.1043 -0.0791  0.0000
  0   0  0.1232 -0.0910  0.0000
  0   0  0.0853 -0.0709  0.0000
  0   0  0.0517 -0.0546  0.0000
  0   0  0.0283 -0.0495  0.0000
  0   0  0.0089 -0.0276  0.0000
  0   0 -0.0047  0.0097  0.0000
  0   0 -0.0153  0.0500  0.0000
  0   0 -0.0163  0.0993  0.0000
  0   0  0.0227  0.0661  0.0000
  0   0  0.0070  0.0299  0.0000
  0   0 -0.0093  0.0052  0.0000
  0   0 -0.0158 -0.0056  0.0000
  0   0 -0.0127 -0.0144  0.0000
  0   0 -0.0058 -0.0235  0.0000
  0   0  0.0055 -0.0272  0.0000
  0   0  0.0099 -0.0308  0.0000
  0   0  0.0058 -0.0361  0.0000
  0   0  0.0145 -0.0359  0.0000
  0   0  0.0261 -0.0280  0.0000
  0   0  0.0338 -0.0095  0.0000
  0   0  0.0351  0.0067  0.0000
  0   0  0.0016  0.0349  0.0000
  0   0 -0.0051  0.0587  0.0000
  0   0  0.0029  0.0689  0.0000
  0   0  0.0193  0.0667  0.0000
  0   0  0.0215  0.0667  0.0000
  0   0  0.0069  0.0549  0.0000
  0   0 -0.0262  0.0234  0.0000
  0   0 -0.0663 -0.0099  0.0000
  0   0 -0.0763 -0.0601  0.0000
  0   0 -0.0859 -0.0923  0.0000
  0   0 -0.0854 -0.1133  0.0000
  0   0 -0.0763 -0.1285  0.0000
  0   0 -0.0617 -0.1336  0.0000
  0   0 -0.0378 -0.1242  0.0000
  0   0 -0.0027 -0.1150  0.0000
  0   0  0.0338 -0.1022  0.0000
  0   0  0.0700 -0.0903  0.0000
  0   0  0.1027 -0.0839  0.0000
  0   0  0.1220 -0.0852  0.0000
  0   0  0.1339 -0.0918  0.0000
  0   0  0.1336 -0.0933  0.0000
  0   0  0.1053 -0.0801  0.0000
  0   0  0.0692 -0.0623  0.0000
  0   0  0.0348 -0.0427  0.0000
  0   0  0.0041 -0.0129  0.0000
  0   0 -0.0213  0.0277  0.0000
  0   0 -0.0423  0.0744  0.0000
  0   0 -0.0579  0.1268  0.0000
  0   0  0.0150  0.0818  0.0000
  0   0 -0.0028  0.0442  0.0000
  0   0 -0.0177  0.0131  0.0000
  0   0 -0.0244 -0.0090  0.0000
  0   0 -0.0214 -0.0251  0.0000
  0   0 -0.0113 -0.0376  0.0000
  0   0  0.0013 -0.0462  0.0000
  0   0  0.0110 -0.0521  0.0000
  0   0  0.0179 -0.0545  0.0000
  0   0  0.0273 -0.0502  0.0000
  0   0  0.0366 -0.0367  0.0000
  0   0  0.0399 -0.0131  0.0000
  0   0  0.0326  0.0174  0.0000
  0   0  0.0153  0.0528  0.0000
  0   0  0.0071  0.0840  0.0000
  0   0  0.0117  0.1030  0.0000
  0   0  0.0203  0.1075  0.0000
  0   0  0.0177  0.0994  0.0000
  0   0 -0.0034  0.0755  0.0000
  0   0 -0.0413  0.0339  0.0000
  0   0 -0.0835 -0.0193  0.0000
  0   0 -0.1140 -0.0781  0.0000
  0   0 -0.1309 -0.1269  0.0000
  0   0 -0.1323 -0.1600  0.0000
  0   0 -0.1191 -0.1769  0.0000
  0   0 -0.0929 -0.1787  0.0000
  0   0 -0.0549 -0.1679  0.0000
  0   0 -0.0073 -0.1509  0.0000
  0   0  0.0443 -0.1325  0.0000
  0   0  0.0941 -0.1173  0.0000
  0   0  0.1357 -0.1087  0.0000
  0   0  0.1632 -0.1069  0.0000
  0   0  0.1733 -0.1080  0.0000
  0   0  0.1631 -0.1052  0.0000
  0   0  0.1319 -0.0936  0.0000
  0   0  0.0882 -0.0733  0.0000
  0   0  0.0412 -0.0447  0.0000
  0   0 -0.0027 -0.0068  0.0000
  0   0 -0.0408  0.0402  0.0000
  0   0 -0.0734  0.0937  0.0000
  0   0 -0.1027  0.1508  0.0000
