VARIABLES= "X pix", "Y pix", "U pix/dt", "V pix/dt", "CHC", ZONE I=37, J=41
304  16 -0.1563 -0.0823 59.5809
336  16 -0.1715 -0.0530 18.9118
368  16 -0.1204 -0.0831 24.6753
400  16 -0.1036 -0.0966 88.5845
496  16 -0.1022 -0.1065 89.0435
528  16 -0.0833 -0.0987 39.0095
560  16 -0.0860 -0.0897 40.9600
592  16 -0.0780 -0.0704 50.5679
624  16 -0.0432 -0.0565 54.6133
656  16 -0.0179 -0.0210 46.5454
688  16 -0.0398  0.0138 273.0666
304  48 -0.0634  0.0578 52.5128
336  48 -0.0671  0.0795 29.4676
368  48 -0.0825  0.0908 110.7027
496  48 -0.0263  0.1253 71.8596
528  48  0.0284  0.0941 27.3067
560  48  0.0068  0.0000 35.1663
592  48 -0.1199 -0.2211 221.4053
688  48 -0.1477 -0.1729 227.5554
720  48 -0.0831 -0.0888 29.2571
752  48 -0.0169 -0.0520 35.0085
784  48  0.0060  0.0369 31.1006
816  48  0.0000  0.2877 254.2344
304  80 -0.0211  0.1909 49.3494
336  80 -0.0186  0.0512 30.7970
368  80 -0.0231 -0.0133 50.5679
400  80 -0.0282 -0.0241 47.0804
432  80 -0.0233 -0.0267 43.5745
464  80  0.0094 -0.0340 4095.9939
496  80  0.0368 -0.0416 71.8596
528  80  0.0461  0.0152 28.4444
560  80 -0.0078  0.0000 39.4882
592  80  0.0403 -0.0099 50.2577
688  80  0.0269  0.0873 341.3332
720  80 -0.0302  0.0865 80.3137
752  80 -0.0904  0.0359 75.8518
784  80  0.0000  0.0222 66.9760
816  80  0.5000 -0.2211 87.1489
 16 144 -0.1982 -0.0487 33.8676
 48 144 -0.0410 -0.0259 26.0768
 80 144 -0.0534 -0.1155 164.7188
112 144 -0.0780 -0.0761 126.0893
144 144 -0.1286 -0.0297 225.2032
176 144 -0.0598 -0.0671 163.7186
208 144 -0.0751 -0.0520 80.8186
240 144 -0.0825 -0.0522 152.4687
272 144 -0.0483 -0.0233 64.8790
304 144 -0.0704 -0.0324 168.1614
336 144 -0.0740 -0.0068 121.1331
368 144 -0.0452 -0.0016 112.5257
400 144 -0.0128  0.0213 232.5224
432 144 -0.0476  0.0217 149.4861
464 144 -0.0615  0.0561 146.1199
496 144 -0.0396  0.0500 85.2165
528 144 -0.0864  0.0268 219.0206
560 144 -0.0408  0.0683 95.8399
592 144 -0.0135  0.0244 210.8402
624 144 -0.0478  0.0246 185.7200
656 144  0.0248  0.0492 99.5309
688 144 -0.0625  0.0091 107.5414
720 144 -0.0300  0.0196 124.4292
752 144 -0.0027 -0.0091 81.0627
784 144 -0.0275 -0.0003 76.6853
816 144  0.0034  0.0046 178.5243
848 144 -0.0271 -0.0057 148.1017
880 144 -0.0119 -0.0240 157.0315
912 144 -0.0166 -0.0049 171.3033
944 144 -0.0288  0.0149 146.8975
976 144 -0.0286  0.0121 85.4414
1008 144 -0.0180  0.0092 62.6420
1040 144 -0.0202 -0.0356 25.5936
1072 144 -0.0024  0.0363 92.1665
1104 144 -0.0355  0.0468 22.5480
1136 144 -0.0500  0.0346 110.5956
1168 144 -0.0436  0.0708 92.4250
 16 176 -0.0382 -0.0252 101.4289
 48 176 -0.0230 -0.1412 147.0215
 80 176 -0.0597 -0.1805 52.1932
112 176 -0.1352 -0.1481 125.0391
144 176 -0.1269 -0.1717 202.9149
176 176 -0.1116 -0.0973 137.6231
208 176 -0.0289 -0.0435 34.1202
240 176 -0.0660 -0.0105 245.8729
272 176 -0.0381 -0.0580 196.7673
304 176 -0.0349 -0.0147 176.7309
336 176 -0.0685 -0.0194 222.5480
368 176 -0.0322  0.0036 154.0403
400 176 -0.0287  0.0645 150.8662
432 176 -0.0570  0.0148 134.7926
464 176 -0.0501  0.0347 60.5724
496 176 -0.0495  0.0845 180.5996
528 176 -0.0232  0.0543 239.1572
560 176 -0.0529  0.0366 155.4933
592 176 -0.0417  0.0518 100.4614
624 176 -0.0589  0.0158 249.8724
656 176 -0.0259  0.0208 127.3348
688 176 -0.0357  0.0046 72.7861
720 176 -0.0395 -0.0223 184.8229
752 176  0.0007 -0.0138 274.7614
784 176  0.0258 -0.0422 66.0444
816 176 -0.0128 -0.0097 259.9644
848 176 -0.0175 -0.0157 305.9717
880 176  0.0045 -0.0138 120.9468
912 176 -0.0028 -0.0394 136.5453
944 176 -0.0051 -0.0055 133.4730
976 176 -0.0096 -0.0078 114.8006
1008 176 -0.0223  0.0030 120.6541
1040 176 -0.0066  0.0270 61.1880
1072 176 -0.0492  0.0437 155.9785
1104 176  0.0068  0.0338 128.0238
1136 176 -0.0532  0.0338 80.4205
1168 176 -0.0649  0.0550 205.6025
 16 208 -0.2101 -0.0951 290.9064
 48 208 -0.1277 -0.0783 19.3729
 80 208 -0.0827 -0.0717 235.5520
112 208 -0.1361 -0.0666 29.2945
144 208 -0.1691 -0.1556 334.0491
176 208 -0.0089 -0.0416 244.4460
208 208 -0.0923 -0.0762 108.8149
240 208 -0.0970 -0.0486 116.6625
272 208 -0.0854 -0.0400 171.5016
304 208 -0.0350 -0.0303 162.0035
336 208 -0.0817 -0.0645 144.7223
368 208 -0.0906 -0.0003 147.6098
400 208 -0.0799  0.0185 199.6186
432 208 -0.0850  0.0229 135.2171
464 208 -0.0015  0.0398 185.4327
496 208 -0.0750 -0.0257 202.1808
528 208 -0.0479  0.0289 209.3666
560 208 -0.0583  0.0215 92.4473
592 208 -0.0180  0.0196 48.8314
624 208 -0.0070  0.0007 121.4472
656 208 -0.0649  0.0214 99.2775
688 208 -0.0178  0.0074 98.3444
720 208 -0.0135  0.0264 139.1895
752 208 -0.0245 -0.0087 157.8427
784 208 -0.0081 -0.0035 121.4033
816 208 -0.0196 -0.0346 142.2745
848 208 -0.0031 -0.0461 165.3947
880 208  0.0003 -0.0300 234.5137
912 208 -0.0111  0.0007 133.8244
944 208 -0.0122 -0.0151 106.8141
976 208 -0.0004  0.0114 109.9254
1008 208 -0.0238  0.0080 142.3035
1040 208 -0.0308  0.0242 78.6370
1072 208 -0.0231  0.0314 146.0409
1104 208 -0.0497  0.0433 132.8826
1136 208 -0.0374  0.0569 131.2232
1168 208 -0.0181  0.0101 53.4400
 16 240 -0.0679 -0.1318 106.3236
 48 240 -0.0599 -0.0634 59.6931
 80 240 -0.2221 -0.1167 179.3391
112 240 -0.0830 -0.1250 350.4096
144 240 -0.3807 -0.0705 219.5276
176 240 -0.0930 -0.0418 222.7499
208 240 -0.0765 -0.1361 92.2506
240 240 -0.1395  0.0140 416.5208
272 240 -0.0711 -0.0679 201.7494
304 240 -0.0576 -0.0454 135.5267
336 240 -0.0579 -0.0167 109.4441
368 240 -0.0555 -0.0014 175.4247
400 240 -0.0644 -0.0030 244.4053
432 240 -0.0562  0.0292 99.9753
464 240 -0.0248  0.0561 198.0097
496 240 -0.0152  0.0146 244.9543
528 240 -0.0293  0.0390 145.1173
560 240 -0.0584  0.0276 128.7107
592 240 -0.0263  0.0322 158.0402
624 240 -0.0573  0.0200 127.2517
656 240 -0.0564  0.0115 152.1415
688 240 -0.0338  0.0037 182.2970
720 240 -0.0364  0.0263 174.9419
752 240 -0.0292 -0.0219 166.2277
784 240  0.0295 -0.0374 91.5302
816 240 -0.0154 -0.0308 172.4876
848 240 -0.0056 -0.0004 163.2551
880 240 -0.0346 -0.0101 89.0378
912 240  0.0315 -0.0402 123.6002
944 240 -0.0017 -0.0201 86.6374
976 240  0.0317 -0.0754 135.3079
1008 240 -0.0270  0.0210 137.2442
1040 240 -0.0083  0.0257 118.2595
1072 240 -0.0185  0.0061 174.8296
1104 240 -0.0342  0.0580 91.0041
1136 240 -0.0266  0.0364 264.1475
1168 240 -0.0490  0.0857 64.2336
 16 272 -0.2001 -0.2004 201.5229
 48 272 -0.1575 -0.1636 170.2268
 80 272 -0.1527 -0.0764 175.2946
112 272 -0.1561 -0.1618 205.2154
144 272 -0.1083 -0.1703 145.2092
176 272 -0.0611 -0.0740 153.3192
208 272 -0.1761 -0.1517 243.2165
240 272 -0.1246 -0.0284 198.5821
272 272 -0.0417 -0.0660 156.8296
304 272 -0.0894 -0.0496 177.6850
336 272 -0.1402 -0.0431 107.7010
368 272 -0.0582 -0.0070 196.0834
400 272 -0.0542 -0.0116 105.3908
432 272 -0.0462 -0.0035 120.6970
464 272 -0.0413  0.0157 204.3114
496 272 -0.0398  0.0144 121.9382
528 272 -0.0445  0.0249 161.3132
560 272 -0.0124  0.0329 46.9699
592 272 -0.0467  0.0586 99.2012
624 272 -0.0241  0.0185 102.7624
656 272 -0.0488 -0.0077 164.2608
688 272 -0.0294  0.0036 121.4412
720 272 -0.0243 -0.0308 177.2968
752 272 -0.0104 -0.0360 109.4100
784 272 -0.0110 -0.0528 143.9901
816 272 -0.0116  0.0331 207.7507
848 272  0.0021 -0.0356 102.2140
880 272 -0.0072 -0.0523 77.6403
912 272 -0.0010 -0.0229 59.5670
944 272 -0.0268 -0.0388 152.1803
976 272 -0.0191 -0.0102 140.7015
1008 272 -0.0296  0.0189 136.4065
1040 272 -0.0509  0.0325 87.1668
1072 272 -0.0256  0.0317 195.6497
1104 272 -0.0020  0.0353 278.5578
1136 272 -0.0683  0.0524 89.8217
1168 272 -0.0651  0.0914 53.1058
 16 304 -0.3179 -0.2187 140.2984
 48 304 -0.0702 -0.2166 267.9692
 80 304 -0.2185 -0.2097 133.1955
112 304 -0.4249 -0.3067 176.8659
144 304 -0.0760 -0.2350 153.1410
176 304 -0.1075 -0.2290 143.6182
208 304 -0.0396 -0.2111 43.2649
240 304 -0.1669 -0.0606 150.7021
272 304 -0.0207 -0.1937 273.6875
304 304 -0.0477 -0.0604 269.9042
336 304 -0.0760 -0.0504 169.1631
368 304 -0.0693 -0.0235 268.5121
400 304 -0.0578 -0.0027 67.9063
432 304 -0.0523 -0.0064 139.0550
464 304 -0.0240  0.0230 325.8242
496 304 -0.0289  0.0293 178.0606
528 304 -0.0219  0.0414 87.6104
560 304 -0.0595  0.0376 363.6642
592 304 -0.0355  0.0055 121.1456
624 304 -0.0245  0.0222 142.4484
656 304 -0.0318  0.0148 93.8418
688 304 -0.0163 -0.0033 107.1891
720 304 -0.0342 -0.0547 119.2459
752 304 -0.0239 -0.0330 83.1150
784 304 -0.0170 -0.0379 172.7066
816 304 -0.0137 -0.0863 140.9958
848 304  0.0016 -0.0755 81.5149
880 304  0.0036 -0.0579 179.5766
912 304 -0.0000 -0.0377 74.9305
944 304  0.0070 -0.0160 189.7663
976 304 -0.0082 -0.0018 138.5676
1008 304 -0.0229 -0.0087 105.0234
1040 304  0.0003  0.0035 67.5453
1072 304 -0.0249  0.0343 145.0697
1104 304 -0.0426  0.0300 112.4561
1136 304 -0.0690  0.0365 104.2818
1168 304 -0.0391  0.0442 45.8981
 16 336 -0.3198 -0.1957 250.8405
 48 336 -0.1705 -0.3175 280.7404
 80 336 -0.7624 -0.6858 87.2435
112 336 -0.1972 -0.2323 257.6066
144 336 -0.2238 -0.0521 56.1817
176 336 -0.3083 -0.1836 49.8701
208 336 -0.2043 -0.2270 258.4013
240 336 -0.0702 -0.1543 195.0196
272 336 -0.1494 -0.0866 175.7119
304 336 -0.0944 -0.0639 191.3908
336 336 -0.0448 -0.0956 150.2274
368 336 -0.0730 -0.0653 122.4070
400 336 -0.0369 -0.0284 87.5953
432 336 -0.0611 -0.0147 151.8342
464 336 -0.0470 -0.0120 206.9960
496 336 -0.0568  0.0424 159.4272
528 336 -0.0314 -0.0260 84.6452
560 336 -0.0525  0.0231 198.0926
592 336 -0.0415  0.0097 57.3964
624 336 -0.0194 -0.0221 93.1604
656 336 -0.0205 -0.0165 106.1367
688 336 -0.0410 -0.0106 148.1944
720 336 -0.0295 -0.0426 192.4133
752 336 -0.0212 -0.0147 127.7996
784 336 -0.0182 -0.0322 177.1580
816 336  0.0210 -0.0841 94.0050
848 336  0.0024 -0.0874 98.6315
880 336 -0.0035 -0.0552 107.4577
912 336  0.0085 -0.0223 125.0579
944 336  0.0156 -0.0352 192.4512
976 336 -0.0115 -0.0273 104.3173
1008 336 -0.0188  0.0004 96.8363
1040 336 -0.0396 -0.0526 51.2460
1072 336 -0.0145  0.0187 107.7566
1104 336 -0.0072  0.0305 132.0759
1136 336 -0.0659  0.0754 184.0360
1168 336 -0.0515  0.0416 82.6360
 16 368 -0.1818 -0.0639 30.1969
 48 368 -0.1493 -0.1425 152.6054
 80 368 -0.1557 -0.1813 59.9224
112 368 -0.1189 -0.2975 101.7176
144 368 -0.1436 -0.4469 169.7353
176 368 -0.1384 -0.3302 192.7954
208 368 -0.1481 -0.1809 133.4577
240 368 -0.1168 -0.1512 319.5951
272 368 -0.1880 -0.1184 36.4196
304 368 -0.1110 -0.1068 299.3732
336 368 -0.0517 -0.1261 263.6207
368 368 -0.1079 -0.0536 148.6178
400 368 -0.0783 -0.0206 136.8628
432 368 -0.0429 -0.0163 52.6942
464 368 -0.0510 -0.0084 156.2566
496 368 -0.0486  0.0070 73.7235
528 368 -0.0468  0.0358 163.6903
560 368 -0.0124  0.0061 195.0393
592 368 -0.0267  0.0089 206.6478
624 368 -0.0390 -0.0175 143.3414
656 368 -0.0304  0.0155 26.2979
688 368 -0.0059  0.0197 59.6745
720 368 -0.0289 -0.0575 112.1327
752 368 -0.0152 -0.0494 149.1019
784 368 -0.0126 -0.0956 317.1178
816 368  0.0114 -0.0830 188.8634
848 368  0.0126 -0.0895 97.9757
880 368  0.0551 -0.0868 170.7053
912 368  0.0428 -0.0693 165.7157
944 368  0.0277 -0.1353 189.9361
976 368 -0.0309  0.0062 56.0551
1008 368 -0.0262 -0.0087 274.7132
1040 368 -0.0318  0.0042 178.7347
1072 368 -0.0199  0.0214 119.4670
1104 368 -0.0364  0.0543 105.7029
1136 368 -0.0385  0.0524 82.1958
1168 368 -0.0523  0.0729 155.2668
 16 400 -0.5321 -0.2554 199.2062
 48 400 -0.3661 -0.1658 62.4546
 80 400 -0.1634 -0.4977 162.6208
112 400 -0.2130 -1.0891 190.2675
144 400 -1.0138 -0.4149 179.5009
176 400 -0.1401 -0.3644 149.6961
208 400 -0.0517 -0.1592 417.1163
240 400 -0.1371 -0.2404 61.8377
272 400 -0.1659 -0.1578 36.6640
304 400 -0.1764 -0.1341 128.7271
336 400 -0.0608 -0.1222 112.5960
368 400 -0.1391 -0.1042 181.6326
400 400 -0.0714 -0.0532 132.9661
432 400 -0.0723 -0.0416 199.0132
464 400 -0.0543 -0.0205 183.3466
496 400 -0.0519  0.0026 133.6510
528 400 -0.0532 -0.0084 178.7919
560 400 -0.0255  0.0257 127.9883
592 400 -0.0355  0.0253 143.1397
624 400  0.0146 -0.0193 117.1796
656 400 -0.0449  0.0175 165.1896
688 400  0.0121 -0.0440 242.4258
720 400 -0.0210 -0.0588 174.4772
752 400 -0.0378 -0.0386 62.6429
784 400  0.0065 -0.0420 159.3081
816 400  0.0621 -0.0829 129.1349
848 400 -0.0071 -0.0793 113.0128
880 400  0.0040 -0.1224 69.1541
912 400  0.0270 -0.0772 139.3956
944 400  0.0263 -0.0623 106.3510
976 400 -0.0341 -0.0218 92.3950
1008 400  0.0146 -0.0163 90.1162
1040 400 -0.0517  0.0114 188.9666
1072 400 -0.0791  0.0950 203.2444
1104 400 -0.0420  0.0626 129.7616
1136 400 -0.0374  0.1007 185.6799
1168 400 -0.0817  0.0891 25.0635
 16 432 -0.3402 -0.3875 42.2748
 48 432 -0.1700 -0.1676 137.1545
 80 432 -0.6839 -0.2705 69.5448
112 432 -0.5434 -0.7061 79.7906
144 432 -0.2724 -0.2061 198.1019
176 432 -0.1759 -0.2834 99.9704
208 432 -0.6814 -0.2131 209.1651
240 432 -0.2559 -0.2802 183.2284
272 432 -0.2285 -0.2065 281.2554
304 432 -0.2123 -0.2123 136.7656
336 432 -0.0540 -0.1933 410.3607
368 432 -0.1031 -0.0635 140.4581
400 432 -0.1105 -0.0889 38.1558
432 432 -0.0349 -0.0855 195.9453
464 432 -0.0589 -0.0273 107.4258
496 432 -0.0059 -0.0081 21.2182
528 432  0.0095 -0.0541 122.8081
560 432 -0.0200  0.0446 170.9763
592 432 -0.0401  0.0159 114.1909
624 432 -0.0249 -0.0084 81.4667
656 432 -0.0324 -0.0426 81.6523
688 432 -0.0242 -0.0653 248.3253
720 432  0.0235 -0.0090 147.8524
752 432 -0.0196 -0.0632 129.6919
784 432 -0.0444 -0.0903 139.0271
816 432  0.0039 -0.1032 101.3313
848 432  0.0173 -0.1218 203.5810
880 432 -0.0116 -0.0759 78.0896
912 432  0.0162 -0.0951 86.4876
944 432 -0.0042 -0.1302 34.2564
976 432 -0.0148 -0.0386 75.3071
1008 432  0.0051 -0.0473 101.1375
1040 432 -0.0227  0.0165 143.8307
1072 432 -0.0099 -0.1010 68.7974
1104 432 -0.0445  0.0493 174.6694
1136 432 -0.0312  0.0654 111.5997
1168 432 -0.0387  0.0077 109.8782
 16 464 -0.2043 -0.2236 57.6724
 48 464 -0.6228 -0.1434 88.9201
 80 464 -1.0345 -0.2501 127.9902
112 464 -0.4180 -0.2438 164.2026
144 464 -0.3647 -0.4404 85.0061
176 464 -0.1994 -0.6097 216.7068
208 464 -0.1212 -0.5451 254.1415
240 464 -0.3514 -0.2138 88.4237
272 464 -0.2507 -0.2221 16.5457
304 464 -0.1217 -0.2083 200.2628
336 464 -0.1746 -0.2784 222.7221
368 464 -0.1844 -0.0934 164.7514
400 464 -0.0901 -0.1663 124.0762
432 464 -0.0643 -0.0525 84.2419
464 464  0.0270 -0.0117 269.6013
496 464 -0.0083 -0.0086 123.4594
528 464 -0.0102 -0.0043 172.5062
560 464 -0.0249  0.0156 176.4625
592 464 -0.0053 -0.0017 185.8313
624 464 -0.0265 -0.0347 119.1060
656 464 -0.0354 -0.0132 188.4461
688 464 -0.0094 -0.0319 116.2615
720 464  0.0496 -0.0834 97.7008
752 464 -0.0194 -0.1177 182.9816
784 464 -0.0248 -0.0915 75.2502
816 464  0.0045 -0.1541 133.8995
848 464  0.0099 -0.0905 51.3206
880 464  0.0238 -0.0651 175.0331
912 464 -0.0010 -0.0547 205.8634
944 464  0.0063 -0.0621 60.1525
976 464  0.0296 -0.0167 167.7716
1008 464 -0.0287 -0.0470 56.0684
1040 464 -0.0515  0.0686 171.6016
1072 464 -0.0357  0.0503 124.9056
1104 464 -0.0329  0.0500 118.2786
1136 464 -0.1096  0.0626 76.1167
1168 464 -0.0826  0.0961 92.8420
 16 496 -0.6635 -0.2832 117.6965
 48 496 -0.5359 -0.3141 38.4279
 80 496 -0.9973 -0.5502 164.8879
112 496 -0.6753 -0.6935 271.6844
144 496 -1.0725 -0.4821 112.2701
176 496 -0.9271 -0.2401 117.3117
208 496 -0.4397 -0.4340 51.5842
240 496 -0.3210 -0.4569 133.4820
272 496 -0.3640 -0.4159 148.1744
304 496 -0.2522 -0.3898 98.0506
336 496 -0.1194 -0.1276 17.8077
368 496 -0.2476 -0.1933 130.9066
400 496 -0.0484 -0.1455 183.3157
432 496 -0.0481 -0.1443 147.0952
464 496 -0.0054 -0.0554 156.0204
496 496  0.0146 -0.0806 145.3874
528 496  0.0014  0.0144 268.8275
560 496 -0.0374  0.0367 109.4600
592 496 -0.1305  0.0386 107.2432
624 496 -0.0128  0.0157 112.0629
656 496 -0.0406  0.0119 137.1390
688 496 -0.0248 -0.0914 102.7698
720 496 -0.0558 -0.1145 336.5400
752 496 -0.0419 -0.1691 129.8983
784 496 -0.0437 -0.1889 83.8446
816 496 -0.0433 -0.1457 61.5373
848 496  0.0209 -0.1308 72.5360
880 496  0.0150 -0.0829 97.4459
912 496 -0.0145 -0.0896 63.6637
944 496  0.0356 -0.0757 243.2102
976 496 -0.0015 -0.0606 71.3220
1008 496 -0.0088 -0.0155 101.5788
1040 496 -0.0747  0.0242 168.1133
1072 496 -0.0538  0.0439 76.8645
1104 496 -0.0881  0.0705 89.0802
1136 496 -0.0941  0.1225 92.3899
1168 496 -0.0256  0.0997 36.8154
 16 528 -0.4471 -0.1575 28.9005
 48 528 -0.8126 -0.6905 41.5629
 80 528 -0.8410 -0.6561 180.9704
112 528 -0.8422 -0.7274 178.3630
144 528 -0.4692 -0.1975 253.0845
176 528 -0.8227 -0.6624 73.4318
208 528 -1.2869 -0.4071 198.3954
240 528 -0.6074 -0.6687 51.5887
272 528 -0.6661 -0.4593 84.8200
304 528 -0.4228 -0.3904 246.6535
336 528 -0.2013 -0.4570 155.4324
368 528 -0.2174 -0.2884 207.0278
400 528 -0.1127 -0.2403 44.2299
432 528 -0.0619 -0.1188 129.1046
464 528 -0.0597 -0.1743 144.3572
496 528 -0.0122 -0.0419 181.3433
528 528  0.0335 -0.0318 51.4263
560 528  0.1204  0.1157 199.3938
592 528 -0.0922 -0.0481 175.7898
624 528 -0.0194  0.0405 154.4186
656 528 -0.0223  0.0052 93.4833
688 528 -0.0323  0.0333 49.3161
720 528 -0.0215 -0.0662 91.0516
752 528 -0.0625 -0.1223 58.4103
784 528 -0.0077 -0.2122 212.2517
816 528 -0.0214 -0.1369 121.8257
848 528 -0.0201 -0.1446 45.4060
880 528  0.0025 -0.0876 101.0985
912 528 -0.0062 -0.1304 111.8041
944 528 -0.0141 -0.0548 114.5504
976 528 -0.0277 -0.0006 138.5679
1008 528 -0.0637  0.0262 117.7849
1040 528 -0.0365  0.0858 118.2480
1072 528 -0.0306  0.0571 87.6134
1104 528 -0.0718  0.0996 112.8292
1136 528 -0.0437  0.0016 231.8157
1168 528 -0.1283  0.1392 57.4943
 16 560 -0.6252 -0.3749 60.4211
 48 560 -0.5974 -0.0779 162.9663
 80 560 -0.7360 -0.2517 268.6545
112 560 -1.3068 -1.2577 153.3894
144 560 -0.9503 -0.7919 158.4119
176 560 -0.9599 -1.2420 32.5406
208 560 -0.7984 -0.6276 75.3680
240 560 -0.7656 -0.7456 61.7098
272 560 -0.7058 -0.8658 150.0390
304 560 -0.4724 -0.4045 157.6894
336 560 -0.0843 -0.0349 21.4681
368 560 -0.2725 -0.1248 113.4186
400 560 -0.0820 -0.1147 21.6503
432 560 -0.0120 -0.3585 289.1926
464 560 -0.0512 -0.2224 63.5784
496 560  0.0229 -0.1695 164.0491
528 560  0.0213 -0.0763 198.2444
560 560  0.0236 -0.0010 74.1644
592 560  0.0431  0.0184 151.2207
624 560 -0.0278  0.0767 64.9849
656 560 -0.0376  0.1058 142.1452
688 560 -0.0511  0.0338 41.5605
720 560 -0.0278 -0.0249 70.3111
752 560 -0.0872 -0.1563 136.1180
784 560 -0.0355 -0.1963 118.2666
816 560 -0.0531 -0.2446 193.7653
848 560 -0.0121 -0.2015 77.2796
880 560  0.0072 -0.1423 87.7408
912 560 -0.0542 -0.0134 328.5718
944 560 -0.0347  0.0287 87.7737
976 560 -0.0222  0.0139 54.8726
1008 560 -0.0115 -0.0924 110.9971
1040 560 -0.0913  0.0821 161.3614
1072 560 -0.0781  0.0679 112.9846
1104 560 -0.1389  0.0711 89.8071
1136 560 -0.0988  0.0550 113.6766
1168 560 -0.1290  0.1180 182.6459
 16 592 -0.8748 -0.3129 116.1152
 48 592 -0.8271 -0.6940 132.8225
 80 592 -1.1664 -0.6681 99.3247
112 592 -0.8712 -0.6487 31.5816
144 592 -0.9229 -0.7447 202.9863
176 592 -0.8665 -0.2615 77.1704
208 592 -1.0444 -0.8615 295.1656
240 592 -1.0553 -1.1236 167.2443
272 592 -0.8170 -0.6397 154.2297
304 592 -0.3521 -0.3150 17.4604
336 592 -0.3224 -0.8809 141.7697
368 592 -0.3454 -0.6558 192.1520
400 592 -0.1410 -0.7574 139.7504
432 592 -0.0093 -0.4325 45.1254
464 592  0.1720 -0.4933 119.3739
496 592  0.1400 -0.1927 32.4180
528 592  0.1863 -0.1106 188.5728
560 592  0.1036 -0.0216 140.8338
592 592  0.0914  0.0746 81.9632
624 592  0.0332  0.0866 107.2571
656 592 -0.0418  0.1141 235.8843
688 592 -0.1083  0.0311 69.1129
720 592 -0.0254  0.0507 38.1292
752 592 -0.0554 -0.0580 136.5354
784 592 -0.0237 -0.0230 160.3663
816 592  0.0022 -0.0958 140.0065
848 592 -0.0353 -0.1129 104.9924
880 592 -0.0472 -0.1129 120.3085
912 592 -0.0829 -0.0468 173.0762
944 592 -0.0578  0.0116 59.8628
976 592 -0.1008  0.1258 138.2683
1008 592 -0.1005  0.0256 67.3140
1040 592 -0.1572  0.1744 187.6293
1072 592 -0.1564 -0.0481 207.1069
1104 592 -0.1092  0.1256 68.8535
1136 592 -0.1488  0.1418 135.0527
1168 592 -0.1382  0.1357 39.7809
 16 624 -0.0353 -0.0085 25.0228
 48 624 -0.2580 -0.1236 89.7386
 80 624 -0.4031 -0.1246 105.9714
112 624 -1.1547 -0.6533 205.0921
144 624 -1.0308 -0.6856 174.3543
176 624 -0.9625 -0.3419 63.2554
208 624 -1.2386 -0.9581 27.4708
240 624 -1.0072 -0.8884 83.6712
272 624 -0.1641 -0.2552 17.3993
304 624 -0.9428 -0.9667 118.3587
336 624 -1.2857 -0.9437 50.8425
368 624 -0.3869 -1.3210 114.7588
400 624 -0.1060 -0.8772 37.8518
432 624  0.1249 -0.8361 189.5351
464 624  0.2983 -0.7544 182.5828
496 624  0.4411 -0.4026 42.7900
528 624  0.4218 -0.0811 145.3454
560 624  0.3813  0.0608 76.8357
592 624  0.1181  0.1571 106.6241
624 624  0.1433  0.3512 80.6459
656 624  0.0156  0.1177 174.6627
688 624 -0.1345  0.2759 38.2045
720 624 -0.1390  0.3795 22.2187
752 624 -0.1233  0.2491 113.9948
784 624 -0.1004  0.1239 127.4981
816 624 -0.2066  0.1642 165.9584
848 624 -0.1540  0.2505 114.8667
880 624 -0.2187  0.0710 97.4898
912 624 -0.1307  0.0510 57.4674
944 624 -0.1922  0.0784 112.7775
976 624 -0.1816  0.1046 82.0210
1008 624 -0.2792  0.1394 107.3170
1040 624 -0.1590  0.1384 150.7752
1072 624 -0.2252  0.2296 108.7418
1104 624 -0.1987  0.2258 72.0081
1136 624 -0.2041  0.1293 139.4268
1168 624 -0.1353  0.0367 85.3794
 16 656 -0.1970 -0.2549 77.0405
 48 656 -0.6725 -0.4472 60.8187
 80 656 -0.2265 -0.2596 47.9177
112 656 -0.8793 -0.5397 154.5620
144 656 -0.9459 -0.5071 129.0284
176 656 -1.2643 -0.6379 223.4296
208 656 -0.9661 -1.0340 205.5031
240 656 -1.0673 -0.8821 127.6126
272 656 -1.0055 -0.8368 17.8926
304 656 -0.8670 -1.0523 241.4771
336 656 -0.4863 -0.9939 106.1073
368 656 -0.5856 -1.4312 86.4228
400 656 -0.0865 -1.5325 51.9364
432 656  0.4578 -1.0831 135.0934
464 656  1.1618 -0.8715 213.8483
496 656  1.2263 -0.1496 153.9922
528 656  1.1792 -0.0613 65.1323
560 656  0.5161  0.3104 164.1239
592 656  0.4187  0.6403 92.3875
624 656  0.1054  0.7752 192.8912
656 656  0.0025  0.7793 83.2158
688 656 -0.1344  0.4597 111.6984
720 656 -0.1053  0.2348 64.4706
752 656  0.0218 -0.0220 23.4655
784 656 -0.0443  0.1857 63.2835
816 656 -0.1040  0.4174 85.1963
848 656 -0.2197  0.4689 46.9822
880 656 -0.3977  0.6847 48.4492
912 656 -0.2679  0.2645 65.5293
944 656 -0.1718  0.2891 61.8178
976 656 -0.3013  0.2747 102.1541
1008 656 -0.2674  0.2250 88.5966
1040 656 -0.2866  0.1871 34.9596
1072 656 -0.1559  0.1745 41.6621
1104 656 -0.1846  0.1270 218.5208
1136 656 -0.0497  0.1687 91.1381
1168 656 -0.0630  0.0937 30.9774
 16 688 -0.1883 -0.2218 96.1867
 48 688 -0.0569 -0.1314 165.8598
 80 688 -0.4910 -0.2752 109.1726
112 688 -0.8679 -0.2811 92.4553
144 688 -0.4609 -0.1633 18.0209
176 688 -0.7418 -0.4953 159.5469
208 688 -0.9972 -0.9587 168.9062
240 688 -1.3643 -0.8682 193.1678
272 688 -1.1557 -0.9980 90.1406
304 688 -1.0085 -1.2331 137.1670
336 688 -0.9985 -1.5094 119.7845
368 688 -0.9496 -1.8186 83.7100
400 688  0.0230 -3.0427 73.5099
432 688  0.7238 -2.1556 35.9417
464 688  1.6162 -2.1076 21.6130
496 688  0.9981 -0.3340 32.0650
528 688  1.5018 -0.0618 116.8271
560 688  1.0993  0.1896 83.5668
592 688  0.2997  0.0811 17.3625
624 688  0.2068  0.9125 82.1968
656 688  0.0464  0.6923 148.6477
688 688  0.1551  1.3649 71.0214
720 688  0.1050 -0.2889 24.3427
752 688  0.0385 -0.0586 19.0189
784 688 -0.2376  0.3884 24.2542
816 688 -0.3066  0.2571 50.5417
848 688 -0.4021  0.6834 136.9991
880 688 -0.7614  0.4524 153.9608
912 688 -0.3615  0.5306 52.1224
944 688 -0.1478  0.4630 76.2628
976 688 -0.5443  0.3396 61.8556
1008 688 -0.4042  0.2299 49.3763
1040 688 -0.5617  0.1090 135.2330
1072 688 -0.1774  0.1854 35.4625
1104 688 -0.2578  0.1328 134.2666
1136 688 -0.4682  0.4017 184.7869
1168 688 -0.2671  0.2675 161.3922
 16 720 -0.0966 -0.0555 33.4569
 48 720 -0.2737 -0.2663 34.0011
 80 720 -0.4116 -0.0913 31.1476
112 720 -0.6443 -0.6216 141.6994
144 720 -0.3871 -0.2632 136.4064
176 720 -0.3681 -0.4041 80.4399
208 720 -0.8134 -1.0397 13.9081
240 720 -1.4273 -1.6747 23.6232
272 720 -1.5978 -1.4654 176.8432
304 720 -1.6004 -1.4393 136.2013
336 720 -1.4726 -1.6917 28.4105
368 720 -1.7323 -2.8513 84.4267
400 720 -0.5646 -4.0878 13.7920
432 720 -3.5773  0.2545 10.2821
464 720 -0.3894  0.2691 41.7779
496 720 -0.7931 -1.3726 95.4369
528 720  1.2123 -0.0189 163.1794
560 720  1.0880  0.3687 111.3547
592 720  0.7723  1.1654 45.1251
624 720  0.1491  0.4722 38.5838
656 720  0.4083  0.2914 127.7029
688 720  0.2213  0.4158 93.8926
720 720  0.4666 -0.1136 12.7700
752 720  0.1206 -1.5016 41.0240
784 720 -0.2219 -0.3118 20.4105
816 720 -0.3646  0.3702 14.9627
848 720 -0.3616  0.3201 16.0631
880 720  0.0215  0.3191 11.9455
912 720 -0.3597  0.4091 21.7678
944 720 -0.6597  0.3040 37.9874
976 720 -0.9119  0.3861 78.9249
1008 720 -0.6907  0.3065 90.2074
1040 720 -0.3158  0.2164 22.8622
1072 720 -0.3580  0.1716 226.9339
1104 720 -0.2426  0.3194 174.4100
1136 720 -0.2535  0.0866 122.0845
1168 720 -0.2196  0.1948 178.7656
 16 752 -0.0595 -0.0354 88.4040
 48 752 -0.3952 -0.0631 87.8705
 80 752 -0.3789 -0.2809 61.2857
112 752 -0.2666 -0.1954 223.7619
144 752 -0.2082 -0.2126 276.9486
176 752 -0.6742 -0.2894 223.4598
208 752 -0.9897 -0.9193 139.4681
240 752 -1.2245 -0.8558 43.7381
272 752 -0.7091 -0.3867 86.7693
304 752 -0.5220 -0.2743 35.7987
336 752 -0.7090 -1.0880 47.0820
368 752 -1.2164 -1.9362  9.8118
400 752 -0.8309  0.1090 16.3954
432 752 -0.4202  0.0549  5.4089
464 752 -0.9270  0.2366  8.3974
496 752 -2.8785 -1.5813 39.9429
528 752 -0.7470 -1.2865 96.0582
560 752 -0.0915 -0.1710 67.3153
592 752  0.1873  1.0105 170.3850
624 752  0.0994  0.8911 21.0321
656 752  0.5674  0.7148 80.3641
688 752  0.3331  0.3033 28.7552
720 752  0.1977 -0.1976 10.1463
752 752  0.1255 -0.8231 16.5408
784 752 -0.1665 -0.3450 29.2423
816 752 -0.1535  0.0962 15.4449
848 752 -0.3432 -0.1057 38.1972
880 752 -0.0211  0.2343  9.9446
912 752  0.2172  0.0981 10.7230
944 752 -0.2297  0.2260 13.1885
976 752 -1.0570  0.3470 46.7761
1008 752 -1.1779  0.5011 103.6841
1040 752 -0.4103  0.0565 16.9175
1072 752 -0.6079  0.2548 141.4145
1104 752 -0.2328  0.1981 62.5226
1136 752 -0.2354  0.1277 130.7734
1168 752 -0.2673  0.0687 131.4236
 16 784 -0.0264 -0.0253 313.9053
 48 784 -0.0623 -0.0764 54.4962
 80 784 -0.0437 -0.0936 169.1161
112 784 -0.0919 -0.1778 345.5070
144 784 -0.7062 -0.4510 95.5781
176 784 -0.9990 -0.3573 134.0870
208 784 -0.5975 -0.4228 43.1561
240 784 -1.1089 -1.3791 242.0638
272 784 -1.6633 -1.3157 29.5268
304 784 -1.8914 -1.2560 65.6562
336 784 -2.3547 -2.0173 32.5413
368 784 -0.1357  0.3941 18.5493
400 784 -0.2655  0.0873 12.3283
432 784 -0.4085  0.4263  6.9744
464 784 -0.1808  0.1052  4.1684
496 784 -0.3288  0.3551 19.6324
528 784 -1.4621 -1.6169 37.3745
560 784 -1.5849 -1.2001 150.0449
592 784 -0.2915  0.7108 159.9344
624 784  0.0131  0.2544 88.1961
656 784  0.4629  0.2445 34.6454
688 784  0.1180  0.0839 18.5922
720 784  0.6522 -0.4758 16.6797
752 784  0.1820 -0.8771 16.7978
784 784 -0.0560 -0.6039 17.2028
816 784 -0.1729 -1.0205 37.5842
848 784 -0.0796  0.0316 10.2060
880 784  0.0417  0.0682 10.3606
912 784  0.1887  0.2453 13.3423
944 784 -0.2403  0.0225 17.1390
976 784 -0.6989  0.0997 21.0016
1008 784 -0.8420  0.3225 99.2051
1040 784 -0.9841  0.2045 63.8189
1072 784 -0.3848  0.1704 95.5265
1104 784 -0.4789  0.2956 62.8867
1136 784 -0.3499  0.0685 210.0188
1168 784 -0.3688  0.2094 84.6081
 16 816 -0.0132  0.0041 57.8261
 48 816 -0.0327 -0.0326 64.9858
 80 816 -0.0767 -0.0431 20.1493
112 816 -0.0760 -0.0763 238.6382
144 816 -0.1698 -0.1483 251.4010
176 816 -0.1199 -0.0476 13.6255
208 816 -0.7073 -0.1767 31.7884
240 816 -0.9927 -0.3426 39.5378
272 816 -1.6595 -0.9978 60.2345
304 816 -2.3898 -1.1745 24.3883
336 816 -3.5454 -3.3398 64.8419
368 816  2.3807 -0.2849 16.2803
400 816  0.1433 -0.1110  8.3427
432 816 -0.4602  0.0117  9.2736
464 816 -0.2527  0.1648  4.3915
496 816 -0.1156  0.1314  4.9280
528 816 -0.0099 -0.0739 82.3844
560 816 -1.3263 -0.9891 68.7614
592 816 -0.5839 -0.2538 159.2942
624 816 -0.2964 -0.0667 110.6410
656 816  0.0562  0.1346 146.0959
688 816  0.1943 -0.2170 29.1820
720 816  0.0639 -0.2393 10.3365
752 816 -0.0777 -0.0379 11.4403
784 816 -0.1302 -0.1519 12.7443
816 816  0.0146 -0.2798 12.2875
848 816  0.0364  0.0024 12.3071
880 816  0.0995  0.0759  9.1594
912 816  0.0427  0.0394 10.0563
944 816  0.0485  0.1278 10.9155
976 816 -0.0999 -0.0099 10.2232
1008 816 -0.2189 -0.0477 11.6961
1040 816 -0.9110  0.4141 71.4134
1072 816 -0.7772  0.2512 70.3928
1104 816 -0.3258  0.2083 90.5089
1136 816 -0.5195  0.2146 58.9809
1168 816 -0.3279  0.0264 143.6054
 16 848 -0.0196  0.0078 89.2680
 48 848 -0.0208 -0.0059 287.8165
 80 848 -0.0720 -0.0144 119.9102
112 848 -0.0720 -0.0058 287.9326
144 848 -0.1186 -0.0059 318.4567
176 848 -0.1757 -0.0544 286.7346
208 848 -0.3179 -0.0604 72.5598
240 848 -0.9757 -0.0705 81.4437
272 848 -1.8535 -0.5837 83.7110
304 848 -0.0465 -0.1092 13.5644
336 848 -0.0285 -0.4573 20.5714
368 848  0.4517 -1.3795  5.2278
400 848  0.4572 -0.4239  7.1091
432 848 -0.1357  0.0049 11.7731
464 848 -0.1463 -0.0361  4.5435
496 848 -0.1314  0.0154  4.1668
528 848  0.0053 -0.0274 27.1296
560 848 -0.1031 -0.4404 55.0901
592 848 -0.0133 -0.0561 49.0528
624 848 -0.0983 -0.2954 73.6461
656 848  0.0350 -0.1088 29.4007
688 848  0.0709  0.0008 11.6606
720 848  0.0083 -0.0418 10.8942
752 848 -0.0385 -0.0333  7.1024
784 848 -0.0016 -0.3208  9.6188
816 848 -0.0967 -0.4134 16.5150
848 848  0.0151 -0.0096 12.8826
880 848 -0.0099  0.0299 11.6518
912 848  0.0241  0.0171 15.6148
944 848 -0.0138 -0.0639 22.1087
976 848 -1.9741 -0.2119  9.5295
1008 848 -0.1037 -0.0862 12.9736
1040 848 -1.0285  0.1759 31.2467
1072 848 -0.7587  0.2049 52.2637
1104 848 -0.4688  0.1628 144.4371
1136 848 -0.8831  0.2063 72.7614
1168 848 -0.2060  0.0177 152.7503
 16 880  0.0024  0.0154 40.3164
 48 880  0.0023  0.0094 108.6381
 80 880 -0.0378 -0.0080 149.6183
112 880 -0.0284  0.0032 232.8609
144 880 -0.0429  0.0019 351.0923
176 880 -0.1568  0.0230 98.1390
208 880 -0.6068 -0.0187 64.4476
240 880 -0.7779  0.1037 31.3561
272 880 -1.8516  0.6193 25.7481
304 880 -0.0720 -0.1583 10.6672
336 880  0.3479 -0.2690  5.2531
400 880  0.0769 -0.2162  4.2043
432 880  0.1604 -0.2996  5.1771
464 880 -0.1035 -0.1221  4.7973
528 880  0.0676 -0.0552 14.7623
560 880  0.0577 -0.0684 13.3192
592 880  0.0968 -0.0513  6.5078
624 880  0.0378 -0.0164 28.5796
656 880  0.0035 -0.0332 11.3941
688 880  0.0495 -0.0335  8.7224
720 880 -0.0129 -0.0220 18.8530
752 880  0.0580 -0.1575 12.5054
784 880  0.0044 -0.0198 15.7144
816 880 -0.0137 -0.0738 10.1027
848 880  0.0041 -0.0120 16.6492
880 880 -0.0181 -0.0204 17.8867
912 880 -0.0283  0.0018 12.3892
944 880 -0.1480 -0.1430  8.5840
976 880 -0.4180 -0.0668 12.2150
1008 880 -0.9401  0.1097 46.6963
1040 880 -0.9266  0.1791 115.6013
1072 880 -1.0638  0.2299 118.6356
1104 880 -0.6222  0.2009 57.8924
1136 880 -0.5077  0.1557 136.8854
1168 880 -0.3353 -0.0021 121.4940
 16 912  0.0162 -0.0075 83.7652
 48 912  0.0254  0.0546 81.6082
 80 912 -0.0147  0.0092 194.5345
112 912 -0.0098  0.0240 136.9639
144 912 -0.0633  0.0346 116.4616
176 912 -0.0601  0.0454 87.8069
208 912 -0.1191  0.1073 65.1253
240 912 -0.6216  0.4886 44.7761
272 912 -0.8044  1.1324 146.3852
304 912 -0.8086 -0.7696 15.2127
336 912  0.1944 -0.3104 27.7782
368 912  0.3942 -0.5000  8.3476
400 912  0.0623 -0.0430  4.0434
528 912  0.0441 -0.0349  4.4662
560 912  0.0466 -0.0511  5.5809
592 912  0.0221 -0.0081  4.0675
624 912  0.0534 -0.0377  7.7166
656 912 -0.0842 -0.0370  5.7809
688 912  0.1205 -0.0155  5.6752
720 912 -0.0419 -0.0473  9.5030
752 912  0.1108 -0.0538  6.3247
784 912 -0.0179 -0.0191 15.4801
816 912  0.0011 -0.0469  4.7285
848 912  0.0967 -0.1338  7.0319
880 912  0.0267 -0.0333 11.7594
912 912 -0.0010 -0.0078 15.2308
944 912 -0.4320 -0.0604 11.8645
976 912 -1.0771 -0.1802 71.5023
1008 912 -0.8347  0.0181 59.1709
1040 912 -0.8483  0.0118 151.8453
1072 912 -0.8639  0.0720 79.9941
1104 912 -0.3016  0.0532 126.8020
1136 912 -0.4201  0.0742 104.7835
1168 912 -0.3766 -0.0180 100.9430
 16 944  0.0254  0.0319 90.6933
 48 944  0.0156  0.0310 17.9357
 80 944  0.0123  0.0314 246.1138
112 944  0.0367  0.0058 372.5626
144 944 -0.0184  0.0494 96.9985
176 944 -0.0105  0.0719 451.9787
208 944 -0.0454  0.2697 59.3809
240 944 -0.0741  0.7168 224.5547
272 944 -0.5744  0.7208 29.6559
304 944 -0.2148 -0.0607 36.0675
336 944 -0.0908 -0.6585 19.6753
368 944 -0.0736 -0.3117 13.0462
400 944  0.4258 -0.4440 11.0967
432 944 -0.0130 -0.2826  6.3505
464 944 -0.0522 -0.1100  7.2253
496 944  0.0044 -0.0410  6.9084
528 944  0.0255 -0.0221  4.1753
624 944  0.0502 -0.0281  4.6777
656 944 -0.0232 -0.0111  4.4097
688 944  0.0713  0.0003  5.4985
720 944 -0.0486 -0.0366  5.5371
752 944  0.0538 -0.0411  4.3153
816 944  0.0050  0.0027  4.7402
848 944 -0.0112  0.0006 14.4423
880 944 -0.0326 -0.0070 13.6702
912 944 -0.0304 -0.0237 21.9438
944 944 -0.4008 -0.2808 100.9862
976 944 -0.6784 -0.3091 52.2786
1008 944 -0.8552 -0.2970 84.6740
1040 944 -0.7857 -0.0806 33.4241
1072 944 -0.7945 -0.0297 38.3405
1104 944 -0.4976 -0.0077 115.1945
1136 944 -0.5568  0.1618 62.6126
1168 944 -0.4277 -0.0216 40.7625
 16 976  0.0657  0.0404 42.5105
 48 976  0.0050  0.0134 17.3812
 80 976  0.0345  0.0344 53.8395
112 976  0.0210  0.0153 276.3034
144 976 -0.0094  0.0192 12.3799
176 976  0.0878  0.0785 103.8593
208 976  0.0233  0.0926 94.9627
240 976  0.2566  0.3682 44.3584
272 976  0.2150  0.2805 105.7442
304 976  0.1378 -0.3276 98.7053
336 976 -0.4482 -1.0416 72.5637
368 976 -0.9254 -2.7177 17.1817
400 976 -0.0493 -0.0610 12.8836
432 976 -0.7149 -0.1425 19.1022
464 976  0.0041 -0.0117 35.6188
496 976 -0.0315  0.0167  7.7769
528 976 -0.0028  0.0004  4.6379
688 976  0.0000 -0.0525  4.0878
784 976  0.0028 -0.0009  4.3990
816 976  0.0248  0.0031 14.0066
848 976 -0.3796 -0.5359 75.7486
880 976 -0.3776 -0.4978 61.2938
912 976 -0.4231 -0.5432 84.9519
944 976 -0.2044 -0.3126 18.9437
976 976 -0.7017 -0.3687 100.7191
1008 976 -0.6580 -0.1972 45.4371
1040 976 -1.0434 -0.1374 27.1899
1072 976 -0.7175 -0.0102 31.8505
1104 976 -0.6351 -0.0134 85.5769
1136 976 -0.6171  0.1171 74.4463
1168 976 -0.2747 -0.0003 80.9962
 16 1008  0.0387  0.0111 17.7424
 48 1008  0.1886  0.0033 54.7546
 80 1008  0.2960  0.0802 48.2073
112 1008  0.0617  0.0207 318.6012
144 1008  0.0683  0.0231 191.5545
176 1008  0.1232  0.0820 180.1002
208 1008  0.0875  0.0069 17.8517
240 1008  0.1844  0.1165 41.7254
272 1008  0.2579  0.0664 254.3839
304 1008  0.5559 -0.1660 41.2738
336 1008  0.1558 -0.3628 19.6918
368 1008  0.0493 -1.5070 86.9200
400 1008 -1.0380 -1.8031 31.5886
432 1008 -0.3317 -0.9703 27.4852
464 1008 -0.0372 -0.0200 13.5460
496 1008  0.0016  0.0025 20.7266
528 1008 -0.0340  0.0064 10.4259
560 1008 -0.0022  0.0849  5.7640
784 1008  0.0009  0.0013  6.1751
816 1008  0.0021 -0.0083 22.7163
848 1008 -0.0549 -0.2980 14.0300
880 1008 -0.3421 -0.2537 47.6112
912 1008 -0.3708 -0.4111 25.6951
944 1008 -0.2493 -0.4953 21.4672
976 1008 -0.3459 -0.2678 37.3152
1008 1008 -0.8487 -0.2314 47.3312
1040 1008 -0.7886 -0.0587 50.1682
1072 1008 -0.3239 -0.1307 138.3195
1104 1008 -0.5837  0.0181 31.8077
1136 1008 -0.2957 -0.1330 123.8917
1168 1008 -0.2149 -0.2281 86.1108
 16 1040  0.0448  0.0439 113.9503
 48 1040  0.0311  0.0695 26.2572
 80 1040  0.1315  0.0280 202.1865
112 1040  0.0430  0.0138 48.8554
144 1040  0.0703  0.0568 177.9358
176 1040  0.0999  0.0266 276.0058
208 1040  0.1176  0.0348 34.2249
240 1040  0.3864  0.0253 97.0694
272 1040  0.4995 -0.0135 43.9086
304 1040  0.7047 -0.1358 103.8228
336 1040  0.7760 -0.8551 49.4472
368 1040  0.3405 -0.8074 25.9075
400 1040  0.0076 -0.4527 11.8905
432 1040 -0.1074 -0.3995 24.5106
464 1040  0.0240 -0.0315 29.9501
496 1040  0.0070 -0.0044 17.1702
528 1040  0.0102  0.0018 11.5699
560 1040 -0.0166 -0.0082 11.1491
592 1040 -0.0747 -0.0335  5.2775
752 1040  0.0070  0.0066  5.5179
784 1040 -0.0252 -0.0007 13.1759
816 1040 -0.0299 -0.0435 29.9632
848 1040 -0.1499 -0.0845 40.0267
880 1040 -0.1531 -0.0693 19.1230
912 1040 -0.3247 -0.2378 17.1558
944 1040 -0.3892 -0.3099 84.5990
976 1040 -0.7633 -0.1944 132.9857
1008 1040 -0.6095 -0.0950 31.9308
1040 1040 -0.4759 -0.1668 59.7680
1072 1040 -0.4944 -0.0693 34.3447
1104 1040 -0.3378 -0.0990 33.1997
1136 1040 -0.2252 -0.1296 53.8619
1168 1040 -0.5502  0.1757 61.8579
 16 1072  0.1925  0.0221 92.1864
 48 1072  0.0828  0.0326 113.1128
 80 1072  0.4297 -0.0001 198.5854
112 1072  0.0439  0.0161 150.8502
144 1072  0.0781 -0.0179 114.0910
176 1072  0.0814  0.0176 43.2835
208 1072  0.0878  0.0120 88.2076
240 1072  0.5668 -0.0466 144.5304
272 1072  0.6234 -0.0044 90.5918
304 1072  0.3820 -0.2579 71.6331
336 1072  0.1305 -0.3082 51.9040
368 1072  0.0490 -0.1615 26.2980
400 1072  0.0243 -0.0784 15.6557
432 1072 -0.0152 -0.0250 27.6410
464 1072  0.0014  0.0071  9.1598
496 1072 -0.0046 -0.0234 12.9799
528 1072 -0.0023 -0.0376 11.1433
560 1072 -0.0228  0.0335  7.2620
592 1072 -0.0020  0.0298  8.7168
624 1072  0.0000 -0.0011  4.8917
656 1072 -0.0559  0.0574  4.3972
752 1072  0.0430 -0.0430  4.2010
784 1072  0.0231 -0.0266  6.9143
816 1072  0.0180 -0.0517 11.8674
848 1072 -0.0022 -0.0159 24.2063
880 1072 -0.0521 -0.0238 19.5663
912 1072 -0.1288 -0.0523 23.8413
944 1072 -0.3069  0.0248 45.4783
976 1072 -0.2913 -0.1471 26.0896
1008 1072 -0.3727 -0.1100 24.4407
1040 1072 -0.6525 -0.0033 34.2351
1072 1072 -0.5764 -0.1652 130.3062
1104 1072 -0.3794 -0.0270 17.7104
1136 1072 -0.2130 -0.0893 35.9013
1168 1072 -0.1804 -0.1277 50.8442
 16 1104  0.0116  0.0100 22.2450
 48 1104  0.0281  0.0095 214.0842
 80 1104  0.0536  0.0306 28.7700
112 1104  0.0389  0.0125 173.4017
144 1104  0.0961  0.0121 83.1162
176 1104  0.1053  0.0297 41.3394
208 1104  0.5100 -0.0177 66.5445
240 1104  0.1367 -0.1313 91.7936
272 1104  0.1359 -0.0530 166.8869
304 1104  0.2220 -0.2360 97.8348
336 1104  0.3045 -0.3459 109.1854
368 1104  0.0070 -0.1467 16.7410
400 1104  0.0860 -0.1203 17.2555
432 1104 -0.0329 -0.0679 15.5258
464 1104 -0.0139  0.0039 18.8425
496 1104 -0.0028  0.0036 14.5435
528 1104  0.0064 -0.0338 11.2320
560 1104 -0.0799 -0.0676 13.3249
592 1104 -0.0317  0.0098  9.6618
624 1104  0.0462  0.0480  9.6049
656 1104 -0.0910  0.0710  7.7037
688 1104 -0.0167  0.0088  4.3410
848 1104  0.0026 -0.0653  4.9431
880 1104 -0.0019 -0.0497  5.8285
912 1104 -0.0334 -0.0299 11.2055
944 1104 -0.0118 -0.0153 13.2924
976 1104  0.0621 -0.0137  8.7686
1008 1104 -0.0249 -0.0187 18.7936
1040 1104 -0.1610 -0.0271 27.4356
1072 1104 -0.1957 -0.0551 18.1376
1104 1104 -0.2366 -0.0082 19.5828
1136 1104 -0.1362 -0.1107 15.6898
1168 1104 -0.1756 -0.1255 29.0488
 16 1136  0.0207 -0.0129 15.3335
 48 1136  0.0428  0.0115 80.4397
 80 1136  0.0481  0.0403 65.2326
112 1136  0.0724 -0.0260 30.2288
144 1136  0.1751  0.0046 81.0742
176 1136  0.0840 -0.0078 206.0292
208 1136  0.3871 -0.0756 96.0895
240 1136  0.0981 -0.0496 134.0650
272 1136  0.2096 -0.0522 93.1332
304 1136  0.1504 -0.1208 311.5104
336 1136  0.1830 -0.1756 136.4823
368 1136  0.1229 -0.1960 20.9679
400 1136  0.1980 -0.4129 74.7514
432 1136  0.0144 -0.2230 13.7740
464 1136  0.0250 -0.0201 23.6600
496 1136 -0.0098 -0.0547 12.6542
528 1136  0.0028 -0.0123 16.7225
560 1136 -0.0148  0.0140 10.6424
592 1136  0.0386 -0.0216 13.0954
624 1136 -0.0117  0.0039 13.9894
656 1136 -0.0056  0.0145 17.4653
688 1136  0.0076  0.0552 10.5980
720 1136  0.0281  0.0773  4.8763
752 1136  0.0302  0.0495  4.8823
784 1136  0.0606  0.0258  5.2385
816 1136  0.0175  0.0376  8.8351
848 1136 -0.0261  0.0722  8.6525
880 1136 -0.0362  0.0779  4.1331
976 1136 -0.0121 -0.0100  4.2402
1008 1136  0.0100 -0.0031  5.0324
1040 1136  0.0020 -0.0350  4.7236
1072 1136 -0.0112 -0.0610  5.2742
1104 1136 -0.0319 -0.0216  7.6628
1136 1136 -0.0240 -0.0043  8.9900
1168 1136 -0.0117  0.0081 18.4084
 16 1168  0.0482 -0.0059 16.4972
 48 1168  0.0530  0.0109 19.3454
 80 1168  0.0675 -0.0339 60.6298
112 1168  0.0157  0.0127 172.1295
144 1168  0.1590 -0.0118 82.3756
176 1168  0.0365 -0.1258 185.0315
208 1168  0.1048 -0.0574 100.1700
240 1168  0.1287 -0.0695 117.0380
272 1168  0.1477 -0.1295 133.5462
304 1168  0.1337 -0.2381 207.2164
336 1168  0.2806 -0.1549 135.2743
368 1168  0.0378 -0.2375 20.8114
400 1168  0.0250 -0.0732 20.4227
432 1168  0.0513 -0.1082 39.3913
464 1168  0.0744 -0.1564 18.1656
496 1168  0.0006 -0.0288 16.4890
528 1168  0.0058 -0.0324 18.3349
560 1168  0.0145 -0.0028 12.9102
592 1168 -0.0480 -0.0363 11.0302
624 1168  0.0085  0.0206 15.0891
656 1168  0.0331 -0.0035 13.3149
688 1168 -0.0059 -0.0393 11.7023
720 1168 -0.0308  0.0218 11.7807
752 1168  0.0210  0.0034 10.1843
784 1168  0.0794  0.0028  8.2601
816 1168 -0.0442 -0.0152 13.5988
848 1168 -0.0048  0.0104 15.6257
880 1168 -0.0144  0.0258 13.2674
912 1168 -0.0001  0.0322 10.5020
944 1168 -0.0279  0.0392  5.4586
976 1168  0.0075  0.0863  4.4745
1104 1168  0.0000 -0.0602  4.1457
1136 1168  0.0384 -0.0134  4.4984
1168 1168 -0.0102 -0.0015  4.6277
 16 1200  0.0497 -0.0006 11.8588
 48 1200  0.0408 -0.0052 19.3008
 80 1200 -0.0093  0.0018 13.8637
112 1200  0.1417 -0.0193 66.5413
144 1200  0.0628 -0.0055 48.1385
176 1200  0.0578 -0.0249 210.6819
208 1200  0.3471 -0.1699 66.7540
240 1200  0.0696 -0.0453 92.3515
272 1200  0.0603 -0.1240 156.3695
304 1200  0.4261 -0.2364 104.4264
336 1200  0.1113 -0.1849 145.7679
368 1200  0.1502 -0.2464 72.9717
400 1200  0.0221 -0.1339 21.8071
432 1200  0.0144 -0.2260 28.3742
464 1200 -0.0157 -0.0783 11.2516
496 1200  0.0034 -0.0373 24.1526
528 1200 -0.0080  0.0149 22.9437
560 1200 -0.0062  0.0087 14.6130
592 1200 -0.0007 -0.0126 13.8455
624 1200  0.0104 -0.1772 26.5697
656 1200 -0.0112 -0.0212 16.5637
688 1200 -0.0337 -0.0009 14.4574
720 1200 -0.0087 -0.0010 17.9027
752 1200  0.0268 -0.0085 15.8982
784 1200  0.0571 -0.0420 10.8268
816 1200 -0.0013  0.0124 11.8567
848 1200  0.0181 -0.0007 10.5370
880 1200  0.0150 -0.0118 14.7494
912 1200  0.0096 -0.0017 18.1099
944 1200  0.0235  0.0044 15.7240
976 1200 -0.0009 -0.0097 14.7449
1008 1200 -0.0085  0.0425 10.6093
1040 1200 -0.0203  0.1168  7.4964
1072 1200 -0.0641  0.1057  5.8232
1104 1200  0.0048  0.1175  4.8121
1136 1200 -0.0404  0.1236  4.2215
 16 1232 -0.0081 -0.0007 11.9952
 48 1232  0.0595 -0.0002 67.8593
 80 1232  0.0901 -0.0107 111.4264
112 1232  0.0593 -0.0055 22.2197
144 1232  0.2069 -0.0188 178.0455
176 1232  0.0826 -0.0382 164.2249
208 1232  0.2782 -0.1006 76.7151
240 1232  0.0731 -0.0270 31.8574
272 1232  0.1760 -0.0483 93.8986
304 1232  0.0472 -0.3607 100.0893
336 1232  0.1053 -0.0917 171.7744
368 1232  0.0247 -0.1209 77.0084
400 1232  0.0218 -0.0812 55.9087
432 1232  0.0295 -0.1548 17.2078
464 1232  0.0064 -0.0368 25.3114
496 1232  0.0055 -0.0055 14.4314
528 1232 -0.0320 -0.0213 12.4545
560 1232  0.0113 -0.0054 21.9432
592 1232  0.0121  0.0120 20.1352
624 1232 -0.0229 -0.0746 15.0475
656 1232  0.0080  0.0223 13.6713
688 1232  0.0276 -0.0021 10.3038
720 1232  0.0065 -0.0117 12.8605
752 1232  0.0290  0.0017 18.5861
784 1232  0.1305 -0.0112 14.1359
816 1232 -0.0039 -0.0296 20.1592
848 1232 -0.0064 -0.0174 12.5412
880 1232  0.0248  0.0060 10.9320
912 1232  0.0265  0.0198 11.7219
944 1232  0.0289 -0.0037 14.4688
976 1232 -0.0259  0.0109 14.2842
1008 1232  0.0147 -0.0074 16.6976
1040 1232 -0.0196 -0.0100 13.6847
1072 1232 -0.0092  0.0350 11.7840
1104 1232 -0.0100  0.0054 12.4624
1136 1232  0.0114 -0.0149 11.5962
1168 1232  0.0431  0.0012 12.5151
 16 1264  0.0745  0.0046 77.5679
 48 1264  0.1009 -0.0627 29.0788
 80 1264  0.1164 -0.0437 171.2529
112 1264  0.0237 -0.0087 55.9991
144 1264  0.0202 -0.0095 86.9489
176 1264  0.0774 -0.0378 102.8393
208 1264  0.0415 -0.1390 74.7454
240 1264  0.0584 -0.0684 78.2197
272 1264  0.0301 -0.0583 45.6469
304 1264  0.0734 -0.0461 187.9618
336 1264  0.0547 -0.1142 111.7200
368 1264  0.0279 -0.1388 64.1734
400 1264  0.0348 -0.0434 11.5832
432 1264  0.1095 -0.0760 37.2273
464 1264 -0.0534 -0.0206 12.0845
496 1264  0.0053 -0.0299 12.9936
528 1264  0.0077 -0.0023 13.9888
560 1264  0.0044 -0.0201 13.8427
592 1264 -0.0052 -0.0365 11.9138
624 1264  0.0094 -0.0132 20.3797
656 1264  0.0079  0.0012 12.5671
688 1264  0.0247 -0.0036 10.7300
720 1264  0.0395  0.0082 13.3195
752 1264 -0.0093 -0.0111 26.1772
784 1264 -0.0024 -0.0137 11.2965
816 1264 -0.0100 -0.0167 16.2491
848 1264 -0.0256 -0.0366 11.7143
880 1264  0.0478 -0.0430  9.7137
912 1264 -0.0133  0.0036 10.3519
944 1264 -0.0056  0.0080 10.2229
976 1264  0.0147 -0.0583  8.7361
1008 1264  0.0143  0.0044 11.0440
1040 1264 -0.0102  0.0147 11.0526
1072 1264  0.0292  0.0004 10.1619
1104 1264  0.0195  0.0202 10.1629
1136 1264 -0.0172  0.0122 10.0403
1168 1264  0.0181  0.0368 13.2478
 16 1296  0.0161 -0.0237 26.6510
 48 1296  0.0286  0.0004 20.5248
 80 1296  0.0036 -0.0119 26.7130
112 1296  0.0440 -0.0240 48.6579
144 1296  0.0266 -0.0323 36.5067
176 1296  0.1260 -0.0902 71.8213
208 1296  0.0669 -0.0777 87.9731
240 1296  0.0387 -0.0522 62.8012
272 1296  0.0269 -0.0810 31.3437
304 1296  0.0377 -0.0450 37.9024
336 1296  0.0856 -0.0845 189.9230
368 1296  0.0138 -0.0785 28.3498
400 1296  0.0577 -0.1130 79.4538
432 1296  0.0048 -0.0160 18.2029
464 1296  0.0022  0.0148 27.4584
496 1296  0.0054  0.0000 20.8330
528 1296  0.0227  0.0243 11.4876
560 1296 -0.0151 -0.0007 19.3058
592 1296 -0.0038  0.0353 15.8509
624 1296  0.0050 -0.0026 14.9374
656 1296  0.0033 -0.0299 16.1413
688 1296  0.0237  0.0145 11.6988
720 1296  0.0046 -0.0018 11.5828
752 1296 -0.0085  0.0172 15.7821
784 1296  0.0103  0.0090 10.7514
816 1296 -0.0600 -0.0029 11.2649
848 1296 -0.0109  0.0024 11.3922
880 1296 -0.0583  0.0119 11.7625
912 1296  0.0027 -0.0282 10.9604
944 1296 -0.0017 -0.0369 12.1359
976 1296 -0.0106  0.0047 11.2003
1008 1296 -0.0204 -0.0014  9.4669
1040 1296 -0.0117  0.0223  8.4407
1072 1296  0.0290  0.0802  9.4247
1104 1296 -0.0137 -0.0155 10.9547
1136 1296  0.0020  0.0116 10.3239
1168 1296  0.0707  0.0193  9.7717
  0   0  0.0760  0.0172  0.0000
  0   0  0.0588  0.0254  0.0000
  0   0  0.0320  0.0232  0.0000
  0   0  0.0427  0.0229  0.0000
  0   0  0.0423 -0.0154  0.0000
  0   0  0.0421 -0.0178  0.0000
  0   0  0.0277 -0.0315  0.0000
  0   0  0.0402 -0.0509  0.0000
  0   0  0.0414 -0.0721  0.0000
  0   0  0.0844 -0.1066  0.0000
  0   0  0.0591 -0.1087  0.0000
  0   0  0.0406 -0.0990  0.0000
  0   0  0.0308 -0.1028  0.0000
  0   0  0.0346 -0.0783  0.0000
  0   0  0.0519 -0.0800  0.0000
  0   0  0.0171 -0.0740  0.0000
  0   0  0.0200 -0.0659  0.0000
  0   0 -0.0156  0.0094  0.0000
  0   0 -0.0282  0.0629  0.0000
  0   0 -0.0294  0.0799  0.0000
  0   0 -0.0280  0.0932  0.0000
  0   0 -0.0468  0.0888  0.0000
  0   0 -0.0271  0.1015  0.0000
  0   0  0.0136 -0.0070  0.0000
  0   0  0.0126 -0.0119  0.0000
  0   0  0.0160  0.0155  0.0000
  0   0 -0.0011  0.0192  0.0000
  0   0 -0.0202  0.0269  0.0000
  0   0 -0.0308  0.0197  0.0000
  0   0 -0.0722  0.0094  0.0000
  0   0 -0.0614  0.0076  0.0000
  0   0 -0.0700  0.0074  0.0000
  0   0 -0.0350 -0.0127  0.0000
  0   0 -0.0251 -0.0121  0.0000
  0   0 -0.0257  0.0183  0.0000
  0   0 -0.0285  0.0327  0.0000
  0   0 -0.0112  0.0557  0.0000
  0   0  0.0168  0.0825  0.0000
  0   0  0.0113  0.0419  0.0000
  0   0  0.0367  0.0400  0.0000
  0   0  0.0893  0.0395  0.0000
  0   0  0.1047  0.0364  0.0000
  0   0  0.0969  0.0348  0.0000
  0   0  0.0807  0.0275  0.0000
  0   0  0.0760  0.0143  0.0000
  0   0  0.0691 -0.0141  0.0000
  0   0  0.0605 -0.0331  0.0000
  0   0  0.0487 -0.0553  0.0000
  0   0  0.0478 -0.0810  0.0000
  0   0  0.0492 -0.1076  0.0000
  0   0  0.0623 -0.1335  0.0000
  0   0  0.0518 -0.1420  0.0000
  0   0  0.0394 -0.1382  0.0000
  0   0  0.0306 -0.1298  0.0000
  0   0  0.0276 -0.1071  0.0000
  0   0  0.0261 -0.0872  0.0000
  0   0  0.0049 -0.0617  0.0000
  0   0 -0.0103 -0.0245  0.0000
  0   0 -0.0375  0.0419  0.0000
  0   0 -0.0558  0.1017  0.0000
  0   0 -0.0660  0.1396  0.0000
  0   0 -0.0735  0.1638  0.0000
  0   0 -0.0830  0.1762  0.0000
  0   0 -0.0745  0.1877  0.0000
  0   0  0.0307 -0.0134  0.0000
  0   0  0.0215 -0.0004  0.0000
  0   0  0.0099  0.0211  0.0000
  0   0 -0.0123  0.0323  0.0000
  0   0 -0.0388  0.0369  0.0000
  0   0 -0.0639  0.0311  0.0000
  0   0 -0.0926  0.0210  0.0000
  0   0 -0.0974  0.0138  0.0000
  0   0 -0.0948  0.0088  0.0000
  0   0 -0.0733  0.0027  0.0000
  0   0 -0.0572  0.0112  0.0000
  0   0 -0.0467  0.0365  0.0000
  0   0 -0.0357  0.0604  0.0000
  0   0 -0.0138  0.0836  0.0000
  0   0  0.0144  0.0986  0.0000
  0   0  0.0359  0.0848  0.0000
  0   0  0.0703  0.0758  0.0000
  0   0  0.1125  0.0677  0.0000
  0   0  0.1346  0.0587  0.0000
  0   0  0.1363  0.0484  0.0000
  0   0  0.1260  0.0335  0.0000
  0   0  0.1136  0.0121  0.0000
  0   0  0.0984 -0.0175  0.0000
  0   0  0.0822 -0.0475  0.0000
  0   0  0.0667 -0.0797  0.0000
  0   0  0.0574 -0.1132  0.0000
  0   0  0.0528 -0.1449  0.0000
  0   0  0.0527 -0.1706  0.0000
  0   0  0.0458 -0.1826  0.0000
  0   0  0.0367 -0.1804  0.0000
  0   0  0.0278 -0.1657  0.0000
  0   0  0.0194 -0.1371  0.0000
  0   0  0.0081 -0.1001  0.0000
  0   0 -0.0124 -0.0534  0.0000
  0   0 -0.0353  0.0052  0.0000
  0   0 -0.0624  0.0769  0.0000
  0   0 -0.0859  0.1452  0.0000
  0   0 -0.1038  0.1991  0.0000
  0   0 -0.1177  0.2384  0.0000
  0   0 -0.1286  0.2662  0.0000
  0   0 -0.1313  0.2881  0.0000
  0   0  0.0519 -0.0181  0.0000
  0   0  0.0322  0.0082  0.0000
  0   0  0.0085  0.0328  0.0000
  0   0 -0.0230  0.0486  0.0000
  0   0 -0.0600  0.0526  0.0000
  0   0 -0.0967  0.0452  0.0000
  0   0 -0.1259  0.0316  0.0000
  0   0 -0.1374  0.0182  0.0000
  0   0 -0.1317  0.0099  0.0000
  0   0 -0.1127  0.0106  0.0000
  0   0 -0.0909  0.0261  0.0000
  0   0 -0.0706  0.0552  0.0000
  0   0 -0.0488  0.0881  0.0000
  0   0 -0.0201  0.1157  0.0000
  0   0  0.0156  0.1299  0.0000
  0   0  0.0561  0.1264  0.0000
  0   0  0.1024  0.1144  0.0000
  0   0  0.1471  0.0996  0.0000
  0   0  0.1761  0.0839  0.0000
  0   0  0.1842  0.0663  0.0000
  0   0  0.1748  0.0443  0.0000
  0   0  0.1548  0.0156  0.0000
  0   0  0.1297 -0.0201  0.0000
  0   0  0.1039 -0.0607  0.0000
  0   0  0.0811 -0.1043  0.0000
  0   0  0.0644 -0.1483  0.0000
  0   0  0.0539 -0.1883  0.0000
  0   0  0.0475 -0.2191  0.0000
  0   0  0.0414 -0.2352  0.0000
  0   0  0.0344 -0.2338  0.0000
  0   0  0.0255 -0.2139  0.0000
  0   0  0.0134 -0.1760  0.0000
  0   0 -0.0040 -0.1221  0.0000
  0   0 -0.0282 -0.0537  0.0000
  0   0 -0.0577  0.0268  0.0000
  0   0 -0.0894  0.1139  0.0000
  0   0 -0.1193  0.1971  0.0000
  0   0 -0.1445  0.2671  0.0000
  0   0 -0.1645  0.3210  0.0000
  0   0 -0.1798  0.3617  0.0000
  0   0 -0.1916  0.3954  0.0000
