VARIABLES= "X pix", "Y pix", "U pix/dt", "V pix/dt", "CHC", ZONE I=37, J=41
304  16 -0.0481 -0.0049 59.5809
336  16 -0.0704 -0.0399 18.9118
368  16 -0.0568 -0.0533 24.6753
400  16 -0.0708 -0.0742 88.5845
496  16 -0.0643 -0.0693 89.0435
528  16 -0.0598 -0.0627 39.0095
560  16 -0.0368 -0.0355 40.9600
592  16 -0.0059 -0.0089 50.5679
624  16  0.0100  0.0255 54.6133
656  16  0.0011  0.0328 46.5454
688  16  0.0276  0.0628 273.0666
304  48 -0.0101  0.0982 52.5128
336  48 -0.0557  0.1143 29.4676
368  48 -0.0613  0.0676 110.7027
496  48 -0.0826  0.0612 71.8596
528  48 -0.0528  0.0393 27.3067
560  48 -0.0337 -0.0045 41.3737
592  48  0.0000 -0.0523 91.6489
688  48 -0.0066 -0.0055 227.5554
720  48 -0.0235  0.0077 29.2571
752  48 -0.0291  0.0009 36.2478
784  48  0.0062  0.0412 32.0683
816  48  0.0000  0.2877 254.2344
304  80  0.0066  0.2179 49.3494
336  80  0.0047  0.1129 30.7970
368  80  0.0118  0.0487 50.5679
400  80 -0.0050  0.0086 47.0804
432  80 -0.0303  0.0250 43.5745
464  80  0.0014  0.0559 4095.9939
496  80  0.0409  0.0849 71.8596
528  80  0.0089  0.0718 28.4444
560  80  0.0215  0.0177 48.1882
592  80  0.0277 -0.0178 37.2798
688  80  0.0127  0.0184 341.3332
720  80 -0.0536 -0.0174 80.3137
752  80 -0.1487 -0.0261 87.1489
784  80  0.0000  0.0286 70.9264
816  80  0.5000 -0.2211 87.1489
 16 144 -0.1430 -0.0652 148.9723
 48 144 -0.0691 -0.0842 146.6309
 80 144 -0.0347 -0.0209 168.2242
112 144 -0.0356 -0.0147 104.0749
144 144 -0.0666 -0.0352 173.0979
176 144 -0.0316 -0.0144 196.6412
208 144 -0.0621 -0.0357 86.4571
240 144 -0.0436 -0.0112 145.9231
272 144 -0.0501 -0.0094 35.4823
304 144 -0.0419  0.0176 100.0640
336 144 -0.0278  0.0148 68.2671
368 144 -0.0133  0.0615 106.1820
400 144 -0.0501  0.0280 62.5524
432 144 -0.0191  0.0289 179.0792
464 144 -0.0283  0.0720 116.7147
496 144 -0.0558  0.1112 185.7972
528 144 -0.0271  0.0387 188.6320
560 144 -0.0725  0.0774 72.3428
592 144 -0.0262  0.0591 172.1488
624 144 -0.0417  0.0471 94.8233
656 144 -0.0099  0.0339 267.4708
688 144 -0.0224  0.0546 114.4851
720 144 -0.0376  0.0425 193.4227
752 144 -0.0599  0.0474 162.6055
784 144 -0.0370  0.0241 100.7930
816 144 -0.0705  0.0454 131.3028
848 144 -0.0409  0.0229 169.7192
880 144 -0.0349  0.0321 78.0949
912 144 -0.0174  0.0553 150.5465
944 144 -0.0243  0.0460 112.2507
976 144 -0.0519  0.0526 63.2830
1008 144 -0.0304  0.0621 51.5798
1040 144  0.0146  0.1113 90.0643
1072 144 -0.0631  0.0636 184.4323
1104 144 -0.0900  0.0213 89.6590
1136 144 -0.0863  0.1076 58.9948
1168 144 -0.0526  0.0503 99.6686
 16 176 -0.0628 -0.0604 33.7740
 48 176 -0.1691 -0.1546 140.6762
 80 176 -0.2232 -0.0724 266.7274
112 176 -0.1161 -0.0445 88.8737
144 176 -0.0533 -0.0489 197.5923
176 176 -0.1642 -0.0302 183.2247
208 176 -0.0317 -0.0548 93.8250
240 176 -0.0590 -0.0460 218.1279
272 176 -0.0289 -0.0214 177.9837
304 176 -0.0530  0.0044 184.1742
336 176 -0.0311  0.0144 145.9600
368 176 -0.0411  0.0265 236.4344
400 176 -0.0241  0.0592 242.8967
432 176 -0.0403  0.0705 141.1742
464 176 -0.0637  0.0325 183.1991
496 176 -0.0550  0.0930 188.2574
528 176 -0.0091  0.0559 84.4726
560 176 -0.1818 -0.0401 196.9577
592 176 -0.0195  0.0685 93.3578
624 176 -0.0087  0.0736 300.1289
656 176 -0.0415  0.0572 224.4373
688 176 -0.0253  0.1014 151.1938
720 176 -0.0250  0.0486 92.9580
752 176 -0.0170  0.0188 296.0808
784 176 -0.0265  0.0460 92.6268
816 176 -0.0275  0.0054 120.5487
848 176 -0.0523  0.0070 187.7463
880 176 -0.0243  0.0301 61.2704
912 176 -0.0317  0.0295 142.9556
944 176 -0.0303  0.0361 143.5690
976 176 -0.1030  0.0008 95.4209
1008 176 -0.0361  0.0304 134.9705
1040 176 -0.0703  0.0452 47.2978
1072 176 -0.0730  0.1421 161.6081
1104 176 -0.0075  0.0514 118.6960
1136 176 -0.0559  0.0526 168.4169
1168 176 -0.0843  0.1932 110.4652
 16 208 -0.0187 -0.0082 29.6560
 48 208 -0.2682 -0.0978 123.5765
 80 208 -0.1655 -0.0625 251.9793
112 208 -0.1263 -0.1074 189.0172
144 208 -0.2263 -0.0572 158.3017
176 208 -0.0761 -0.0554 208.4740
208 208 -0.0537 -0.0559 234.2595
240 208 -0.0215 -0.0270 181.0010
272 208 -0.0404 -0.0111 158.0555
304 208 -0.0657  0.0134 152.2993
336 208 -0.0456  0.0368 196.5526
368 208 -0.0337  0.0592 160.1799
400 208 -0.0212  0.0190 138.8336
432 208 -0.0290  0.0312 153.7093
464 208 -0.0327  0.0573 248.9770
496 208 -0.0213  0.0775 141.6617
528 208 -0.0072  0.0740 166.4897
560 208 -0.0378  0.0734 91.0059
592 208 -0.0828  0.0712 83.3999
624 208 -0.0341  0.0165 88.8134
656 208 -0.0581  0.0757 116.7175
688 208 -0.0491  0.0621 123.7403
720 208 -0.0146  0.0600 114.9457
752 208 -0.0339  0.0532 155.2805
784 208  0.0017  0.0040 189.0973
816 208 -0.0373  0.0176 184.9073
848 208 -0.0161  0.0183 155.2071
880 208 -0.0388  0.0255 272.6550
912 208 -0.0679  0.0437 75.6148
944 208 -0.0316  0.0566 77.7901
976 208 -0.0362  0.0254 148.6514
1008 208 -0.0785  0.0663 157.8334
1040 208 -0.0711  0.0825 94.8179
1072 208 -0.0875  0.0834 142.0765
1104 208 -0.0657  0.0843 81.4358
1136 208 -0.0876  0.1588 96.0420
1168 208 -0.0764  0.1096 71.6159
 16 240 -0.1359 -0.1662 41.3633
 48 240 -0.0616 -0.0853 16.4625
 80 240 -0.3945 -0.1548 67.5545
112 240 -0.0989 -0.1553 73.2198
144 240 -0.2026 -0.1056 180.8974
176 240 -0.1273 -0.0701 172.6700
208 240 -0.0546 -0.0683 27.3795
240 240 -0.0789 -0.0579 216.0016
272 240 -0.0594 -0.0251 130.2790
304 240 -0.0649 -0.0064 239.1475
336 240 -0.0734 -0.0018 109.2298
368 240 -0.0125  0.0453 104.0290
400 240 -0.0299  0.0587 201.4960
432 240 -0.0169  0.1108 177.8069
464 240 -0.0461  0.0898 143.2018
496 240 -0.0240  0.0399 229.3166
528 240 -0.0670  0.0777 72.9630
560 240 -0.0256  0.0456 128.2519
592 240 -0.0139  0.0648 173.3602
624 240 -0.0308  0.0669 120.6570
656 240 -0.0361  0.0215 159.3237
688 240 -0.0583  0.0344 80.9943
720 240 -0.0215  0.0629 96.2983
752 240 -0.0345  0.0226 255.8653
784 240 -0.0101  0.0084 91.2244
816 240 -0.0220  0.0192 162.7993
848 240 -0.0469  0.0329 132.7812
880 240 -0.0194  0.0249 108.2314
912 240  0.0059  0.0066 114.2961
944 240 -0.0406  0.0255 70.9644
976 240 -0.0642  0.0498 102.5397
1008 240 -0.0581  0.0762 136.2848
1040 240 -0.0775  0.0341 110.0966
1072 240 -0.0324  0.0436 143.8656
1104 240 -0.1019  0.1331 119.4312
1136 240 -0.0088  0.1165 103.5621
1168 240 -0.0827  0.0741 58.3578
 16 272 -0.1463 -0.1341 29.7658
 48 272 -0.1540 -0.1089 241.9417
 80 272 -0.1920 -0.1764 179.9727
112 272 -0.4628 -0.1147 210.2850
144 272 -0.1705 -0.0566 212.4936
176 272 -0.1151 -0.1245 148.7244
208 272 -0.1577 -0.0968 50.6749
240 272 -0.0541 -0.0271 127.6115
272 272 -0.0773 -0.0237 49.3274
304 272 -0.0370 -0.0390 126.9631
336 272 -0.0635  0.0340 123.0820
368 272 -0.0240 -0.0073 160.2522
400 272 -0.0740  0.0250 260.1702
432 272  0.0098  0.0490 186.2693
464 272 -0.0327  0.0794 55.6455
496 272 -0.0076  0.0790 160.5507
528 272 -0.0042  0.0370 196.8526
560 272  0.0052  0.0504 16.6877
592 272 -0.0321  0.0757 165.3843
624 272 -0.0010  0.0683 112.7512
656 272 -0.0274  0.0286 152.9655
688 272 -0.0173  0.0260 96.8222
720 272 -0.0206  0.0233 92.4713
752 272 -0.0193  0.0134 95.7018
784 272 -0.0173  0.0046 120.6612
816 272 -0.0147  0.0064 229.7805
848 272 -0.0623 -0.0471 97.1075
880 272 -0.0172  0.0098 73.7635
912 272 -0.0084  0.0194 93.6287
944 272 -0.0348  0.0200 152.4674
976 272 -0.0469  0.0324 190.8260
1008 272 -0.0445  0.0337 128.3257
1040 272 -0.0392  0.1542 96.0613
1072 272 -0.0932  0.1562 69.1064
1104 272 -0.0656  0.0883 122.0922
1136 272 -0.0524  0.0612 52.2560
1168 272 -0.0692  0.0859 19.9253
 16 304 -0.5193 -0.2871 109.2591
 48 304 -0.2004 -0.0781 61.1823
 80 304 -0.1373 -0.2910 135.6786
112 304 -0.3114 -0.1506 233.5364
144 304 -0.2472 -0.0849 79.9127
176 304 -0.0292 -0.3220 198.4267
208 304 -0.1372 -0.1156 344.0760
240 304 -0.0708 -0.0502 99.0850
272 304 -0.0811 -0.0306 220.5124
304 304 -0.0718 -0.0472 163.1429
336 304 -0.0591 -0.0332 99.9821
368 304 -0.0414  0.0159 133.2101
400 304 -0.0239  0.0527 61.8420
432 304 -0.0536  0.0207 54.5883
464 304 -0.1340  0.0706 169.3937
496 304 -0.0382  0.0593 154.6655
528 304 -0.0563  0.0426 164.1803
560 304 -0.0484  0.0631 197.5594
592 304 -0.0209  0.0822 170.5232
624 304  0.0010  0.0600 329.3908
656 304 -0.0389  0.0525 116.0585
688 304 -0.0359  0.0138 87.7617
720 304 -0.0297  0.0336 115.0945
752 304 -0.0403 -0.0008 84.1644
784 304 -0.0169  0.0127 149.4068
816 304  0.0002 -0.0128 124.3265
848 304 -0.0571  0.0402 97.4643
880 304 -0.0383  0.0370 149.6776
912 304 -0.0161  0.0213 99.7915
944 304 -0.0236  0.0199 142.6003
976 304 -0.0279  0.0409 192.7140
1008 304 -0.0518  0.0462 56.5196
1040 304 -0.0486  0.0484 49.8872
1072 304 -0.0450  0.0382 138.9925
1104 304 -0.0881 -0.0182 259.8458
1136 304 -0.1326 -0.0598 90.4903
1168 304 -0.2052 -0.0662 79.9432
 16 336 -0.2847 -0.1685 68.1524
 48 336  0.0393 -0.0553 17.0907
 80 336 -0.4961 -0.2230 186.9570
112 336 -0.3295 -0.2857 123.0131
144 336 -0.1238 -0.1685 250.1058
176 336 -0.2897 -0.1645 244.7683
208 336 -0.0795 -0.0778 40.7931
240 336 -0.2597 -0.0910 146.1811
272 336 -0.1579 -0.0302 28.6298
304 336 -0.0901 -0.1125 181.2782
336 336 -0.0747 -0.0556 265.6432
368 336 -0.0514 -0.0045 161.6749
400 336 -0.0464  0.0149 68.4198
432 336 -0.0436  0.0300 171.2531
464 336 -0.0441  0.0462 202.3737
496 336 -0.0110  0.0801 73.9328
528 336  0.0162  0.0527 172.7689
560 336 -0.0518  0.0291 173.5253
592 336 -0.0312  0.0144 236.6928
624 336 -0.0221  0.0385 124.6569
656 336 -0.0406  0.0380 103.0266
688 336 -0.0231  0.0059 143.4773
720 336 -0.0118  0.0093 141.5809
752 336 -0.0155  0.0028 159.9367
784 336 -0.0123  0.0133 175.9248
816 336  0.0026 -0.0199 98.9812
848 336 -0.0042 -0.0081 134.5712
880 336 -0.0280 -0.0019 125.2934
912 336 -0.0151  0.0394 89.2713
944 336  0.0267  0.0026 192.3067
976 336 -0.0272  0.0384 92.9425
1008 336 -0.0313  0.0636 116.0828
1040 336 -0.0656  0.0591 104.8229
1072 336 -0.0725  0.0761 138.3984
1104 336 -0.0975  0.0817 192.7385
1136 336 -0.1143  0.1035 88.5561
1168 336 -0.0716  0.1369 86.2694
 16 368 -0.0685 -0.0644 34.3661
 48 368 -0.1533 -0.1352 223.9873
 80 368 -0.1817 -0.1702 100.9237
112 368 -0.2512 -0.1554 29.6477
144 368 -0.3749 -0.1481 35.1308
176 368 -0.1244 -0.1813 125.1366
208 368 -0.2273 -0.2276 110.1822
240 368 -0.1706 -0.1915 134.4608
272 368 -0.0816 -0.0282 77.5104
304 368 -0.1523 -0.0490 372.3237
336 368 -0.0703 -0.0379 479.6516
368 368 -0.0567 -0.0320 205.0332
400 368 -0.0144  0.0194 378.5026
432 368 -0.0481  0.0431 185.9523
464 368 -0.0338  0.0820 79.7221
496 368 -0.0701  0.0239 435.2841
528 368 -0.0349  0.0818 109.9366
560 368 -0.0338  0.0532 59.3178
592 368 -0.1699  0.0517 151.7081
624 368 -0.0169  0.0194 175.6667
656 368 -0.0580  0.0581 132.3159
688 368  0.0001  0.0401 81.3550
720 368 -0.0132  0.0015 163.5097
752 368 -0.0045 -0.0054 110.0340
784 368 -0.0095 -0.0047 134.7127
816 368 -0.0008 -0.0052 234.9928
848 368 -0.0151 -0.0170 73.6398
880 368 -0.0206 -0.0020 158.9057
912 368 -0.0007  0.0040 117.3027
944 368 -0.0177  0.0328 185.8534
976 368 -0.0110  0.0598 49.7869
1008 368 -0.0354  0.1239 338.2063
1040 368 -0.0746  0.0755 200.1855
1072 368 -0.1026  0.1152 80.9361
1104 368 -0.0988  0.1483 122.6236
1136 368 -0.1287  0.1029 119.7366
1168 368 -0.1493  0.1394 106.6877
 16 400 -0.1519 -0.2032 127.1771
 48 400 -0.2658 -0.2200 140.6583
 80 400 -0.3227 -0.3366 171.6480
112 400 -0.2503 -0.3041 68.8795
144 400 -0.3293 -0.4841 38.4486
176 400 -0.3001 -0.2841 120.7306
208 400 -0.1728 -0.2591 136.1189
240 400 -0.1272 -0.1870 234.2299
272 400 -0.2629 -0.1726 118.6367
304 400 -0.1082 -0.0383 236.7672
336 400 -0.1015 -0.0490 104.1737
368 400 -0.0909 -0.0132 45.1959
400 400 -0.0611 -0.0807 40.7835
432 400 -0.0440  0.0030 215.6814
464 400 -0.0419  0.0670 212.4261
496 400 -0.0355  0.0246 27.0890
528 400 -0.0277  0.0821 153.2749
560 400 -0.0298  0.0187 206.0734
592 400 -0.0327  0.0821 189.6643
624 400 -0.0103  0.0431 145.7777
656 400 -0.0209  0.0117 162.8197
688 400 -0.0066  0.0156 145.5377
720 400 -0.0128 -0.0073 114.8725
752 400  0.0136  0.0023 83.0089
784 400  0.0020 -0.0278 124.6945
816 400  0.0272 -0.0144 149.3306
848 400 -0.0319  0.0025 201.5312
880 400 -0.0087  0.0106 91.7758
912 400  0.0341 -0.0163 105.8435
944 400 -0.0411  0.0170 121.4944
976 400 -0.0423  0.0220 77.4552
1008 400 -0.0397  0.0482 60.7098
1040 400 -0.0971  0.1262 239.6322
1072 400 -0.0723  0.0790 109.9435
1104 400 -0.1876  0.1316 106.5782
1136 400 -0.1166  0.0716 63.0553
1168 400 -0.1060  0.1105 141.9297
 16 432 -0.1553 -0.1016 135.7905
 48 432 -0.2332 -0.2474 102.1026
 80 432 -1.3086 -0.1995 173.1750
112 432 -0.7404 -0.1284 129.9995
144 432 -0.3571 -0.4284 211.8818
176 432 -0.5398 -0.1128 132.0893
208 432 -0.2388 -0.1590 103.1974
240 432 -0.1222 -0.0446 247.5420
272 432 -0.2403 -0.2988 151.9782
304 432 -0.3127 -0.0762 24.4952
336 432 -0.1169 -0.1807 183.9413
368 432 -0.0640  0.0173 183.9785
400 432 -0.0439  0.0223 198.2063
432 432 -0.0615 -0.0162 109.4688
464 432 -0.0507  0.0483 147.9952
496 432 -0.0231  0.0453 167.3507
528 432 -0.0416  0.0611 97.5718
560 432 -0.0292  0.0463 100.8557
592 432 -0.0212  0.0184 91.4433
624 432 -0.0160  0.0291 140.6215
656 432  0.0007  0.0568 118.9102
688 432 -0.0432  0.0347 69.8771
720 432 -0.0034 -0.0025 100.1024
752 432  0.0086  0.0149 116.1523
784 432 -0.0049 -0.0248 110.0969
816 432 -0.0146 -0.0473 110.2400
848 432  0.0066 -0.0216 235.9423
880 432  0.0177 -0.0256 98.9678
912 432 -0.0126  0.0138 99.2235
944 432 -0.0231  0.0147 91.7108
976 432 -0.0761  0.0413 96.7829
1008 432 -0.1314  0.0612 152.3618
1040 432 -0.0565  0.0784 134.8605
1072 432 -0.0539  0.0503 190.6850
1104 432 -0.1738  0.1607 111.1520
1136 432 -0.1071  0.2375 146.2097
1168 432 -0.1360  0.1988 142.9982
 16 464 -0.1661 -0.1733 99.9267
 48 464 -0.7468 -0.3170 154.6757
 80 464 -0.2111 -0.6920 172.2175
112 464 -0.6647 -0.6665 133.7939
144 464 -0.4284 -0.6863 144.0499
176 464 -0.2295 -0.5459 149.8594
208 464 -0.3922 -0.2932 153.4974
240 464 -0.2958 -0.2760 208.3451
272 464 -0.0147 -0.0506 17.9910
304 464 -0.2184 -0.2324 119.6454
336 464 -0.2337 -0.1746 146.8795
368 464 -0.0686 -0.0017 322.3520
400 464 -0.0477 -0.0172 62.8289
432 464 -0.0620 -0.0175 48.1458
464 464 -0.0638  0.0210 77.1694
496 464 -0.0529  0.0248 140.4440
528 464 -0.0503  0.0340 136.4120
560 464  0.0079  0.0426 166.9840
592 464 -0.0192  0.0465 136.5771
624 464  0.0000 -0.0206 130.2616
656 464 -0.0120  0.0029 196.4795
688 464  0.0019  0.0007 119.7678
720 464  0.0573 -0.0284 74.9228
752 464 -0.0042 -0.0198 22.7518
784 464 -0.0152 -0.0423 101.1689
816 464  0.0028 -0.0572 85.2019
848 464 -0.0158 -0.0411 120.6707
880 464  0.0017 -0.0214 53.0534
912 464 -0.0114 -0.0068 183.8969
944 464 -0.0175  0.0450 59.4313
976 464 -0.1154  0.1202 102.1007
1008 464 -0.0216  0.0229 43.4828
1040 464 -0.1126  0.1043 176.5380
1072 464 -0.0695  0.0890 44.7543
1104 464 -0.1376  0.1733 152.0903
1136 464 -0.0576  0.1343 64.0029
1168 464 -0.1635  0.1662 186.4200
 16 496 -0.1340  0.0438 31.9927
 48 496 -0.2346 -0.1584 13.0713
 80 496 -0.3971 -0.4643 118.9505
112 496 -0.6827 -0.7072 126.9416
144 496 -0.4377 -0.6780 206.7370
176 496 -0.6173 -0.5377 97.8176
208 496 -0.6559 -0.1220 100.9676
240 496 -0.2922 -0.4286 39.2068
272 496 -0.1931 -0.4434 264.2843
304 496 -0.1558 -0.4913 69.5149
336 496 -0.1338 -0.2555 244.6030
368 496 -0.1211 -0.0717 50.6132
400 496 -0.0335 -0.0280 21.0380
432 496 -0.0526  0.0328 155.2774
464 496 -0.0425  0.0025 281.2867
496 496 -0.0588  0.0215 151.4344
528 496 -0.0347  0.0466 100.7328
560 496 -0.0266  0.0258 102.5062
592 496 -0.0364 -0.0052 26.4060
624 496 -0.0211 -0.0149 91.5316
656 496  0.0189 -0.0096 145.1589
688 496 -0.0019 -0.0158 127.1853
720 496 -0.0063 -0.0253 55.0169
752 496  0.0171 -0.1131 52.7453
784 496  0.0236 -0.0572 104.9253
816 496  0.0299 -0.0330 166.1314
848 496  0.0110 -0.0816 44.6361
880 496 -0.0015 -0.0379 149.7123
912 496 -0.0150 -0.0137 85.3464
944 496 -0.0378  0.0264 309.7842
976 496 -0.0994  0.0386 55.4647
1008 496 -0.0931  0.1529 194.5117
1040 496 -0.1505  0.1189 20.6682
1072 496 -0.1353  0.0857 89.5630
1104 496 -0.1432  0.1931 118.3719
1136 496 -0.1370  0.2010 71.0416
1168 496 -0.1511  0.1613 73.7802
 16 528 -0.2703 -0.0157 16.7462
 48 528 -0.3530 -0.0488 72.0448
 80 528 -0.3299 -0.1590 181.3898
112 528 -0.4051 -0.2973 23.6318
144 528 -0.2584 -0.2130 15.0295
176 528 -0.5354 -0.4861 141.2218
208 528 -0.5831 -0.6239 134.1266
240 528 -0.2384 -0.5440 167.1124
272 528 -0.2234 -0.4117 82.9617
304 528 -0.2318 -0.2428 400.5712
336 528 -0.0576 -0.1691 22.3965
368 528 -0.2019 -0.0634 135.7627
400 528 -0.1116 -0.0411 256.1137
432 528 -0.0248  0.0033 78.8926
464 528 -0.0791  0.0019 151.7637
496 528 -0.0982  0.0334 61.4039
528 528 -0.0980  0.0277 155.3040
560 528 -0.0320 -0.0107 150.0579
592 528 -0.0059 -0.0023 196.2051
624 528 -0.0016 -0.0124 53.8878
656 528  0.0071 -0.0303 137.9758
688 528  0.0326 -0.0290 111.5909
720 528  0.0288 -0.0529 91.5016
752 528  0.0333 -0.0725 252.2817
784 528  0.0164 -0.0742 315.5547
816 528  0.0027 -0.0920 108.0607
848 528  0.0739 -0.0703 153.9771
880 528 -0.0044 -0.0658 157.1031
912 528 -0.0770  0.0375 174.7772
944 528 -0.0881  0.0107 84.6139
976 528 -0.1858  0.0882 130.7841
1008 528 -0.1083  0.1356 57.4184
1040 528 -0.1086  0.0849 122.9285
1072 528 -0.1342  0.1028 57.6628
1104 528 -0.1361  0.1154 43.1736
1136 528 -0.0721  0.2225 160.3827
1168 528 -0.0985  0.1761 171.0804
 16 560 -0.4496 -0.1812 59.9467
 48 560 -1.0024 -0.3896 227.6688
 80 560 -0.4697 -0.2754 40.0449
112 560 -0.9042 -0.7036 63.5331
144 560 -0.6806 -0.5051 22.0751
176 560 -0.6535 -0.3411 23.8009
208 560 -0.4941 -0.3950 185.6656
240 560 -0.3884 -0.6508 75.0951
272 560 -0.1652 -0.7138 110.9797
304 560 -0.2005 -0.4052 89.5909
336 560 -0.1626 -0.1776 303.2070
368 560 -0.2502 -0.1028 52.7491
400 560 -0.0319 -0.0064 17.3230
432 560 -0.0841 -0.0264 28.8634
464 560 -0.1954 -0.0031 215.8717
496 560 -0.1252 -0.0254 73.2720
528 560 -0.1204  0.0163 172.2493
560 560 -0.0391 -0.0142 120.6452
592 560 -0.0423 -0.0169 192.9894
624 560  0.0192 -0.0383 150.0620
656 560  0.0276 -0.0171 86.2225
688 560  0.0874 -0.1116 69.8735
720 560  0.0810 -0.1497 62.9322
752 560  0.0473 -0.2974 88.5493
784 560  0.0335 -0.1985 100.1032
816 560  0.0259 -0.1370 81.1115
848 560 -0.0389 -0.1997 120.3982
880 560 -0.0286 -0.1167 96.2183
912 560 -0.0757 -0.0415 62.8363
944 560 -0.1166  0.0321 139.2429
976 560 -0.0502  0.0886 184.7147
1008 560 -0.1937  0.1751 164.8365
1040 560 -0.1626  0.1588 208.8687
1072 560 -0.0555  0.2298 225.6519
1104 560 -0.1224  0.1632 88.6098
1136 560 -0.1522  0.1866 77.6894
1168 560 -0.1472  0.1772 89.7017
 16 592 -0.8246 -0.6037 42.5460
 48 592 -0.2446 -0.1834 191.2433
 80 592 -0.8569 -0.3304 44.0578
112 592 -0.7361 -0.5805 120.9485
144 592 -0.7838 -0.7697 169.6460
176 592 -0.8022 -0.8613 113.6735
208 592 -0.6146 -0.6502 33.9150
240 592 -0.5420 -1.2056 56.0801
272 592 -0.5207 -0.6383 19.7094
304 592 -0.8356 -0.3147 127.0585
336 592 -0.5347 -0.2017 185.1594
368 592 -0.3948 -0.2573 98.9287
400 592 -0.5937 -0.2781 188.0448
432 592 -0.2945 -0.0555 106.1190
464 592 -0.2519  0.0135 179.4523
496 592 -0.2891 -0.0062 158.6954
528 592 -0.1108 -0.0378 132.3410
560 592 -0.0263 -0.0801 140.3578
592 592  0.0109 -0.1198 89.7116
624 592  0.0304 -0.2042 113.7602
656 592  0.0514 -0.1797 185.9806
688 592  0.1468 -0.1188 62.3259
720 592  0.0471 -0.2376 49.1907
752 592  0.0645 -0.1662 197.8789
784 592  0.0030 -0.1838 27.7975
816 592  0.0481 -0.4328 152.2013
848 592 -0.0462 -0.2115 92.6949
880 592 -0.0678 -0.1695 115.0188
912 592 -0.0455 -0.0844 70.5398
944 592 -0.0861 -0.0093 111.3752
976 592 -0.1328  0.1286 150.5918
1008 592 -0.2191  0.1494 84.6471
1040 592 -0.1735  0.3177 127.4058
1072 592 -0.0841  0.1133 72.2505
1104 592 -0.2001  0.1382 112.8319
1136 592 -0.2135  0.1512 124.8578
1168 592 -0.2289  0.2234 79.6787
 16 624 -0.4194 -0.0539 57.2318
 48 624 -0.2596 -0.0620 73.7134
 80 624 -0.9691 -0.4515 62.6984
112 624 -1.1497 -0.5925 175.0495
144 624 -0.9100 -0.8749 121.2180
176 624 -1.3373 -0.9470 97.6943
208 624 -0.8891 -1.0435 161.3666
240 624 -0.8896 -1.0504 31.5631
272 624 -0.4183 -0.3870 38.1928
304 624 -0.6936 -0.4164 75.3384
336 624 -0.8311 -0.4609 174.1332
368 624 -0.9571 -0.4109 96.9120
400 624 -0.3815 -0.0897 67.3821
432 624 -1.0945 -0.0773 189.3682
464 624 -0.4888  0.0001 34.0481
496 624 -0.6210 -0.0387 152.0917
528 624 -0.4687 -0.1437 142.1323
560 624 -0.0778 -0.1577 109.0603
592 624 -0.0140 -0.3053 114.7170
624 624  0.0207 -0.1144 51.9125
656 624  0.1650 -0.1779 324.6282
688 624  0.1497 -0.3196 119.0791
720 624  0.0822 -0.2835 98.1630
752 624  0.1049 -0.5686 76.6600
784 624 -0.0551 -0.6452 122.9364
816 624  0.0005 -0.5309 153.3405
848 624 -0.0281 -0.4838 102.6194
880 624  0.0412 -0.2691 148.0726
912 624 -0.0494 -0.1208 126.2800
944 624 -0.0971 -0.0060 140.7513
976 624 -0.1395  0.0513 60.4037
1008 624 -0.2729  0.1442 118.1605
1040 624 -0.2699  0.0621 221.3392
1072 624 -0.2298  0.1088 290.2467
1104 624 -0.2547  0.1983 122.2139
1136 624 -0.1605  0.2405 63.7139
1168 624 -0.1556  0.2533 98.3098
 16 656  0.0095 -0.0064 13.3611
 48 656 -0.1281 -0.1069 206.8786
 80 656 -0.3377 -0.1710 180.3534
112 656 -0.7553 -0.8679 45.5028
144 656 -0.9390 -0.8161 35.4357
176 656 -0.9137 -0.7712 227.3468
208 656 -0.9674 -1.0895 59.2247
240 656 -1.0582 -0.6754 112.6168
272 656 -1.2337 -1.0662 89.8785
304 656 -1.0469 -0.5072 36.1294
336 656 -1.1260 -0.4183 114.4397
368 656 -0.9987 -0.1630 79.6610
400 656 -0.8740 -0.0568 158.4255
432 656 -1.0708  0.0266 185.7258
464 656 -0.6866  0.0692 110.7426
496 656 -0.9181 -0.0456 175.2781
528 656 -0.4650 -0.2221 66.4054
560 656 -0.3350 -0.2810 41.4943
592 656 -0.0541 -0.4100 141.9542
624 656  0.0825 -0.4442 111.7379
656 656  0.0747 -0.7073 158.9245
688 656  0.1606 -0.4354 42.7300
720 656  0.1268 -0.3219 83.4635
752 656 -0.1274 -0.5418 60.8444
784 656 -0.0444 -0.6724 141.1433
816 656  0.0315 -0.9705 158.0780
848 656 -0.0018 -0.8602 157.0484
880 656 -0.0942 -0.5581 58.7619
912 656  0.0253 -0.4530 117.9952
944 656 -0.1303 -0.0521 75.2506
976 656 -0.2202  0.0047 76.1517
1008 656 -0.2402  0.1236 81.1641
1040 656 -0.1123  0.0726 151.1327
1072 656 -0.3266  0.1504 84.5947
1104 656 -0.1971  0.1190 67.0419
1136 656 -0.1085  0.1715 150.4809
1168 656 -0.4256  0.1558 84.8232
 16 688 -0.1405 -0.0599 114.4284
 48 688 -0.3307 -0.1824 223.2396
 80 688 -0.6527 -0.1857 174.9431
112 688 -0.0877 -0.0870 48.3146
144 688 -0.9559 -0.5562 186.4969
176 688 -1.1237 -0.8120 191.0330
208 688 -1.0338 -0.8886 238.5125
240 688 -1.4112 -0.8393 137.7695
272 688 -1.3335 -0.7311 55.9463
304 688 -0.9763 -0.7760 38.3221
336 688 -0.7474 -0.4470 92.4834
368 688 -0.3973 -0.0109 110.3544
400 688 -0.7056  0.1574 114.8461
432 688 -0.7408  0.4202 67.8927
464 688 -0.8882  0.0274 83.8153
496 688 -0.9673 -0.3021 167.4781
528 688  0.1742 -0.0010 39.3429
560 688 -0.6491 -0.8695 97.0809
592 688 -0.1290 -0.6590 275.3679
624 688 -0.0180 -0.4895 58.2014
656 688  0.0249 -0.8097 61.8832
688 688  0.0819 -0.3754 75.5072
720 688 -0.3337 -0.0258 34.0935
752 688 -0.2650 -0.5946 54.4867
784 688 -0.0702 -1.0934 52.3895
816 688  0.0326 -0.8856 113.5835
848 688 -0.5509 -0.1151 40.0286
880 688 -0.0637 -0.9994 80.7128
912 688  0.0242 -0.4335 93.2447
944 688 -0.1162 -0.2657 103.3095
976 688 -0.1175  0.0042 63.7654
1008 688 -0.2476  0.1260 73.7640
1040 688 -0.4127  0.1138 141.2403
1072 688 -0.4071  0.0407 54.3507
1104 688 -0.2770  0.0741 109.5680
1136 688 -0.2971  0.1420 86.8423
1168 688 -0.2152  0.1118 24.8603
 16 720 -0.0856 -0.0636 69.0959
 48 720 -0.0624 -0.0108 60.1405
 80 720 -0.2765 -0.2240 258.0389
112 720 -0.4604 -0.1881 106.5012
144 720 -0.6370 -0.3566 92.3623
176 720 -1.1461 -0.7819 153.5406
208 720 -1.2122 -1.2311 97.8921
240 720 -0.9460 -0.8838 21.5230
272 720 -1.1849 -0.9710 33.9273
304 720 -1.3729 -0.3655 146.9855
336 720 -0.9734 -0.5229 122.5605
368 720 -0.3793  0.2461 40.4149
400 720 -0.3089  0.3337 73.9360
432 720 -0.0788  0.4794 218.8887
464 720 -0.3066 -0.1117 227.6355
496 720 -0.6797 -0.9871 21.0714
528 720  0.1742  0.0448 12.9362
560 720  0.3863 -0.0451 11.6846
592 720 -0.1195 -0.7042 64.5147
624 720 -0.2190  0.0438 34.5609
656 720 -0.1068 -0.2025 126.7386
688 720 -0.1033  0.2437 20.5331
720 720 -0.2128  0.1812 10.7825
752 720 -0.1441 -0.0879 13.2045
784 720 -0.0797 -0.0083 37.6391
816 720 -0.1234  0.1107 23.6254
848 720 -0.3572  0.0235  5.3019
880 720 -0.2350 -0.2691 27.4139
912 720  0.2581 -0.2160 59.0965
944 720 -0.0851 -0.1841 70.3264
976 720 -0.2027 -0.1255 141.0163
1008 720 -0.3334  0.0016 39.8538
1040 720 -0.3380  0.0562 89.6305
1072 720 -0.2047  0.0386 101.5987
1104 720 -0.2609  0.1077 87.8023
1136 720 -0.2846  0.0793 75.1282
1168 720 -0.2095  0.1328 51.3400
 16 752 -0.0226 -0.0094 22.9706
 48 752 -0.0383 -0.0265 277.2205
 80 752 -0.0693 -0.0357 159.9968
112 752 -0.2233 -0.1704 145.8881
144 752 -0.1500 -0.1791 177.5344
176 752 -0.5606 -0.3720 125.0605
208 752 -0.7073 -0.9264 169.4177
240 752 -0.9586 -0.9720 152.1692
272 752 -0.6033 -0.6326 284.9321
304 752 -0.6963 -0.4852 45.1364
336 752 -1.3287 -0.3799 135.0063
368 752  0.1445  0.2691 140.6365
400 752  0.7114  0.6723 134.6859
432 752  0.8408  0.5400 59.0532
464 752  1.3739 -0.0020 97.4294
496 752  0.6174  0.0337 129.8938
528 752  0.3265 -0.1444  9.5896
560 752  1.3932  0.2224  9.1395
592 752 -0.1126 -0.6031 54.1912
624 752 -0.6408  0.0505  9.7807
656 752 -0.1324 -0.0836 13.8656
688 752 -0.1456  0.3305  7.1905
720 752  0.0091  0.0290  4.3713
752 752 -0.1166 -0.0181  5.3446
784 752 -0.1719 -0.0299 11.8062
816 752 -0.0013  0.0470  5.3965
848 752  0.0081  0.0000  4.0756
880 752 -0.2178 -0.2474 12.3265
912 752  0.1738 -1.0665 17.5839
944 752 -0.0648 -0.4576 50.1731
976 752 -0.2546 -0.0985 107.9010
1008 752 -0.2761 -0.0208 115.2657
1040 752 -0.4369  0.0557 105.5768
1072 752 -0.4210  0.1693 124.5332
1104 752 -0.4576  0.0086 56.3356
1136 752 -0.2940  0.0641 66.4592
1168 752 -0.2434  0.1293 125.6492
 16 784 -0.0350 -0.0238 28.2045
 48 784 -0.0056 -0.0767 271.0957
 80 784 -0.0321 -0.0322 244.5157
112 784 -0.0462 -0.1724 275.1165
144 784 -0.0612 -0.1790 68.8862
176 784 -0.4981 -0.3101 81.0726
208 784 -0.1534 -0.3737 182.0044
240 784 -0.6208 -0.7356 127.3661
272 784 -0.8345 -0.8516 137.6561
304 784 -0.0754 -0.1807 197.2521
336 784 -0.1314 -0.0480 210.3987
368 784  0.4724  0.1455 86.6388
400 784  1.4826  0.7405 180.1673
432 784  1.9959  0.5743 57.5458
464 784  2.1674 -0.1968 79.4919
496 784  2.1414 -0.8688 26.5419
528 784  0.7575 -0.0588 12.9202
560 784  0.5253  0.0315  8.6396
592 784 -0.0288  0.1701 13.4015
624 784 -0.0329  0.0191 27.9241
656 784 -0.1222  0.1459  8.9689
688 784 -0.1222  0.1298 12.3037
720 784 -0.1237  0.1329  5.4698
752 784  0.0297  0.1019  5.8903
784 784 -0.1915  0.1422  6.0670
816 784 -0.0453  0.0502  4.8621
848 784 -0.0389 -0.0238  4.3472
880 784 -0.1559 -0.1662 12.0991
912 784 -0.0693 -0.0747 21.4368
944 784 -0.1631  0.0064 11.8884
976 784 -0.2207 -0.0271 49.2979
1008 784 -0.3344 -0.0665 116.6671
1040 784 -0.2701 -0.0922 50.0797
1072 784 -0.1342  0.0379 171.8815
1104 784 -0.2552 -0.0203 113.9857
1136 784 -0.4282 -0.0313 79.1862
1168 784 -0.4032 -0.0198 76.6321
 16 816 -0.0174 -0.0059 35.8894
 48 816  0.0093 -0.0037 181.1844
 80 816  0.0161 -0.0465 124.5597
112 816 -0.0025 -0.0398 144.1591
144 816  0.0104 -0.0617 70.1075
176 816  0.0261 -0.3009 71.3073
208 816 -0.0884 -0.4930 77.3778
240 816 -0.0606 -0.3841 37.4621
272 816 -0.1401 -0.6345 103.2933
304 816 -0.0138 -0.2611 299.7222
336 816  0.3298 -0.0750 45.6326
368 816  0.8455  0.1441 48.7783
400 816  2.3041  0.6504 146.4431
432 816  2.3296  0.8565 59.6802
464 816  2.8914  0.1673 104.0214
496 816  0.0323  0.0399 14.3324
528 816  0.3661 -0.0322  7.5376
560 816  0.1719  0.2087 19.7282
592 816  0.0564  0.0193 67.0279
624 816 -0.0260  0.0387 11.8531
656 816 -0.0333  0.0542 21.8109
688 816 -0.1000  0.0956  7.6808
720 816 -0.0774  0.0914 11.6962
752 816  0.0024  0.1003  7.5093
784 816 -0.1104  0.0701  7.2765
816 816  0.0138  0.1176  7.3735
848 816 -0.1759  0.0148  4.7912
880 816 -0.0605 -0.0404  8.4274
912 816 -0.0403 -0.0430  4.1584
944 816 -0.0637  0.0022  4.7234
976 816 -0.0669 -0.0651 24.4460
1008 816 -0.1990 -0.1752 48.6936
1040 816 -0.2482 -0.1563 25.8940
1072 816 -0.2337 -0.0090 98.2878
1104 816 -0.3498 -0.0287 43.6472
1136 816 -0.1075 -0.0247 74.8828
1168 816 -0.2338  0.0042 50.0201
 16 848  0.0074 -0.0401 23.5209
 48 848  0.0398 -0.0458 46.5342
 80 848  0.0583 -0.0190 80.4353
112 848  0.2570 -0.0259 43.6696
144 848  0.0634 -0.1479 173.3255
176 848  0.5487 -0.1030 90.3715
208 848  0.1748 -0.2035 50.4253
240 848  0.1304 -0.6835 200.8949
272 848  0.1180 -0.2578 41.1217
304 848  0.4684 -0.3138 27.8101
336 848  0.9738 -0.7023 31.5932
368 848  1.4437 -0.0647 89.2048
400 848  2.5698  0.5968 90.8510
432 848  3.0347  0.5559 33.2633
464 848  0.0349  0.0742 15.3889
496 848  0.0920 -0.0619 10.3999
528 848  0.1164  0.0789  6.1245
560 848  0.0672  0.2017 82.7474
592 848  0.0446  0.2258 98.1346
624 848 -0.0196  0.1429 54.6143
656 848 -0.0262  0.0401 27.0814
688 848 -0.0090  0.0365 13.3269
720 848 -0.0689  0.0812  7.6944
752 848  0.0527 -0.1453  7.0420
784 848  0.0413  0.0093  9.1756
816 848 -0.0543 -0.0301 10.9238
848 848 -0.1215  0.0788  7.5112
880 848 -0.1218  0.0187  6.5284
944 848 -0.0177  0.0093  4.8225
976 848 -0.0260 -0.0085 36.2171
1008 848 -0.0555 -0.2911 163.1751
1040 848 -0.0957 -0.2518 136.4545
1072 848 -0.1706 -0.2228 101.6442
1104 848 -0.3173 -0.1146 157.8264
1136 848 -0.4000  0.0198 82.3045
1168 848 -0.2542 -0.1000 179.6115
 16 880 -0.0006 -0.0262 15.6887
 48 880  0.0745 -0.0439 17.3069
 80 880  0.1330 -0.0984 151.8090
112 880  0.0986 -0.0527 65.0964
144 880  0.1917 -0.1423 201.8663
176 880  0.2260 -0.2257 80.8126
208 880  0.4038 -0.3756 165.9544
240 880  0.2622 -0.4940 116.4197
272 880  0.1930 -0.4144 100.2166
304 880  1.0524 -1.1207 105.5257
336 880  1.1635 -0.4347 202.8520
368 880  1.8431 -0.1009 106.0418
400 880  2.9694  0.8363 98.0944
432 880  1.8862  0.7580 30.1064
464 880  0.0246  0.0248 21.7581
496 880 -0.0391 -0.0604  5.7410
528 880  0.0712  0.0413 12.5766
560 880  0.0297  0.1271 34.5621
592 880  0.0040  0.1138 46.2449
624 880 -0.0126  0.1351 115.8376
656 880 -0.0599  0.0947 80.8828
688 880 -0.0327  0.1608 16.8546
720 880 -0.0274 -0.0182 16.6441
752 880  0.1421 -0.0154  5.0988
784 880 -0.0087  0.0494  7.9124
816 880 -0.0866 -0.0306  7.2458
848 880 -0.0413 -0.1937  5.6963
880 880  0.0382  0.0580  5.5917
912 880 -0.0267  0.0221  9.8373
944 880 -0.0359 -0.0047 41.8727
976 880 -0.0005 -0.0995 27.7603
1008 880  0.0270 -0.2574 78.1744
1040 880 -0.1091 -0.2268 84.5695
1072 880 -0.2120 -0.1956 55.2866
1104 880 -0.2533 -0.1472 127.0212
1136 880 -0.2297 -0.1106 146.0823
1168 880 -0.1921 -0.0123 85.1932
 16 912  0.0874 -0.0163 325.5545
 48 912  0.0206  0.0231 14.9904
 80 912  0.2563 -0.0349 163.4607
112 912  0.1228 -0.0811 133.6744
144 912  0.1281 -0.0892 281.9437
176 912  0.1241 -0.1622 170.6482
208 912  0.3550 -0.2225 64.7589
240 912  0.2514 -0.7529 52.8220
272 912  0.5746 -0.8135 85.8632
304 912  0.5850 -0.7838 17.1900
336 912  1.1483 -1.1732 68.8157
368 912  1.3665 -0.1335 20.5948
400 912  0.1632  0.0434 17.6712
432 912  0.0406  0.0165 21.3176
464 912 -0.0300 -0.0224  9.4597
496 912  0.0000  0.0000  4.0514
528 912  0.0388 -0.0391  4.9154
560 912  0.0319 -0.0283 12.7974
592 912 -0.0136  0.0431 24.6483
624 912 -0.0582  0.1106 36.9810
656 912 -0.0295  0.1460 75.1139
688 912 -0.0738  0.1506 48.9654
720 912 -0.0410 -0.0178 10.3602
752 912  0.2054  0.0081  5.3210
784 912 -0.0160  0.0014  9.1413
816 912 -0.1882 -0.0497  5.4778
880 912  0.0564  0.0398  7.4389
912 912  0.0084 -0.0327  8.8588
944 912 -0.0360 -0.0380  8.1788
976 912 -0.0410 -0.0275 12.0682
1008 912 -0.0246 -0.0056 54.5288
1040 912 -0.0993  0.0301 68.1631
1072 912 -0.0840 -0.0122 81.9405
1104 912 -0.3010 -0.1582 66.5762
1136 912 -0.1633 -0.1742 102.5088
1168 912 -0.1112 -0.1631 134.2473
 16 944  0.0373  0.0069 24.1331
 48 944  0.2072 -0.0308 21.9210
 80 944  0.0749 -0.0721 234.5416
112 944  0.1218 -0.0520 223.6986
144 944  0.1487 -0.0582 218.9525
176 944  0.2253 -0.1649 272.0977
208 944  0.2214 -0.3912 169.6306
240 944  0.9483 -0.6388 47.6869
272 944  0.1291 -0.7265 50.1103
304 944  0.4870 -0.7261 167.0031
336 944  0.7633 -0.8319 49.3130
368 944  0.6299 -0.0229 43.8765
400 944  0.0644  0.2624 14.2754
432 944 -0.0006  0.1020 12.5752
464 944 -0.1232  0.0249  6.0351
496 944  0.0070  0.0014  7.7759
528 944 -0.0000 -0.0000  4.5919
592 944  0.0410 -0.0614  6.0515
624 944  0.0847 -0.0827 13.4043
656 944 -0.0269 -0.0057 25.3844
688 944 -0.1389  0.1463 68.8376
720 944 -0.0550 -0.0221  6.5700
752 944  0.0270 -0.0136  5.0632
784 944  0.0000 -0.1650  5.2628
816 944 -0.0240 -0.1103  5.3702
848 944 -0.0192  0.0650  8.1618
880 944  0.0862 -0.0138  8.0584
912 944 -0.0106  0.0188  9.3594
944 944 -0.0434  0.0264 11.1327
976 944 -0.0445  0.0343  5.9114
1008 944 -0.0317 -0.0001  6.3316
1040 944 -0.0350  0.0786 69.1903
1072 944 -0.1109 -0.0768 141.4434
1104 944 -0.0739 -0.1029 79.8419
1136 944 -0.1942 -0.1077 75.1385
1168 944 -0.1022 -0.2131 77.0220
 16 976  0.1503 -0.0179 46.3358
 48 976  0.0476 -0.0115 25.3149
 80 976  0.0936 -0.0235 66.6429
112 976  0.1465 -0.1767 326.7865
144 976  0.1177 -0.1379 269.1690
176 976  0.1513 -0.1348 179.4585
208 976  0.1168 -0.2460 104.7398
240 976  0.1844 -0.6969 84.4365
272 976  0.1490 -1.0146 69.8452
304 976  0.3955 -0.8715 48.3964
336 976 -0.0490 -0.1065 145.6903
368 976  0.0347  0.0187 23.9133
400 976 -0.0128  0.0204 12.6632
432 976  0.0813  0.0932  7.4236
464 976  0.0086  0.0098 20.9883
496 976 -0.0165 -0.0249 25.5070
528 976 -0.0056 -0.0007 34.7096
560 976  0.0031  0.0715  6.5211
592 976 -0.3773 -0.1823  4.6077
624 976  0.0771 -0.0678  4.4510
656 976  0.0990 -0.2039  8.0662
688 976  0.0207 -0.0444 10.0742
720 976 -0.0271 -0.0214  4.5721
784 976 -0.0195 -0.0009  4.3187
816 976 -0.0026  0.0149 13.6952
848 976 -0.0094  0.0153 18.2132
880 976  0.0487  0.0054  8.2579
912 976  0.0184  0.0064 10.4785
944 976 -0.0088 -0.0578  7.7904
976 976 -0.0217 -0.0002 11.6459
1008 976 -0.0691  0.0530  9.4647
1040 976 -0.1257  0.1717 17.4962
1072 976 -0.0302 -0.0147 148.2987
1104 976 -0.0708 -0.0212 214.4745
1136 976 -0.1275 -0.1104 62.8405
1168 976 -0.2318 -0.0816 112.3128
 16 1008  0.0354 -0.0777 53.4053
 48 1008  0.0652 -0.0189 154.6136
 80 1008  0.0456 -0.0155 109.1352
112 1008  0.1549 -0.0573 47.9829
144 1008  0.0372 -0.1032 88.5003
176 1008  0.1951 -0.1738 169.4149
208 1008  0.3807 -0.1854 70.3914
240 1008  0.1018 -0.3798 48.0410
272 1008  0.1067 -1.2402 107.2024
304 1008 -0.0603 -1.2007 75.0760
336 1008 -0.0414 -0.1823 19.2162
368 1008 -0.0138  0.1260  9.9600
400 1008  0.0909  0.1730  8.2981
432 1008  0.0503  0.0528 18.8688
464 1008  0.0396  0.0153 50.2488
496 1008  0.0059  0.0059 36.7290
528 1008 -0.0195 -0.0158 25.4170
560 1008  0.0266 -0.0427  8.9169
592 1008 -0.5000  0.0784  4.5193
752 1008 -0.2281  0.0627  4.0837
784 1008 -0.0228 -0.0072  6.3121
816 1008  0.0101  0.0080 23.6072
848 1008 -0.0100  0.0335 19.4632
880 1008  0.0166 -0.0053 13.8301
912 1008 -0.0055  0.0458 10.8197
944 1008 -0.0005 -0.0020 15.1129
976 1008  0.0341 -0.0596  8.1691
1008 1008  0.0090 -0.0015 12.6132
1040 1008 -0.0198  0.0086 45.4999
1072 1008 -0.0570  0.0124 90.8167
1104 1008 -0.1331 -0.0120 170.0422
1136 1008 -0.0598 -0.1813 90.6521
1168 1008 -0.0739 -0.1054 99.0996
 16 1040  0.0801 -0.0070 28.2233
 48 1040  0.2092 -0.1078 227.9626
 80 1040  0.1172 -0.0712 194.2040
112 1040  0.1038 -0.1093 148.9178
144 1040  0.0150 -0.0355 110.3809
176 1040  0.0613 -0.1357 191.5411
208 1040  0.0769 -0.1296 230.0649
240 1040 -0.0209 -0.2477 28.3538
272 1040  0.0202 -0.4580 68.3572
304 1040 -0.0786 -1.1322 104.9230
336 1040  0.0029  0.2712 28.5075
368 1040  0.1420  0.1266 12.2395
400 1040  0.0298  0.0444 69.0985
432 1040  0.0817  0.0354 20.5008
464 1040  0.0562 -0.0184 111.3929
496 1040  0.0976 -0.0504 38.5684
528 1040 -0.0096 -0.0149 28.6377
560 1040 -0.0152  0.0595  7.8029
592 1040 -0.1654  0.1769 14.1104
624 1040 -0.0341  0.2557  8.2029
656 1040 -0.0753  0.2567  6.1695
752 1040  0.0053  0.0030  5.5612
784 1040 -0.0159  0.0020 15.2643
816 1040  0.0007  0.0211 27.5463
848 1040 -0.0685  0.0182 23.1510
880 1040 -0.0356  0.0309 13.5452
912 1040 -0.0703  0.0104 17.0983
944 1040 -0.0152 -0.0042 21.5073
976 1040 -0.0710  0.0050 47.9835
1008 1040  0.0034 -0.0056 13.2870
1040 1040 -0.0521  0.0071 54.9407
1072 1040 -0.0623 -0.0145 69.1413
1104 1040 -0.0862 -0.0717 64.5150
1136 1040 -0.0620 -0.0605 78.4893
1168 1040 -0.1058 -0.0954 72.2721
 16 1072  0.0645 -0.0055 157.5223
 48 1072  0.0398 -0.0120 77.8308
 80 1072  0.0328 -0.0075 273.5222
112 1072  0.0276 -0.0373 96.5580
144 1072  0.0798 -0.0848 109.8797
176 1072  0.0787 -0.4035 119.7133
208 1072  0.0292  0.0092 23.8788
240 1072  0.0350 -0.2501 90.9994
272 1072 -0.0058 -0.1431 99.8632
304 1072 -0.0184 -0.1326 112.3586
336 1072 -0.0979 -0.1240 204.8080
368 1072 -0.0100 -0.0688 178.5061
400 1072 -0.0412  0.0179 27.1873
432 1072  0.0186 -0.0214 272.3817
464 1072  0.0546  0.0090 65.8540
496 1072  0.0125 -0.0057 28.3834
528 1072  0.1147 -0.2124 51.6363
560 1072  0.0073 -0.0190 12.9206
592 1072 -0.1143  0.0277  8.7163
624 1072 -0.0312  0.0003  9.3794
656 1072  0.0124  0.0127 18.7349
688 1072 -0.0081  0.0074  4.3831
752 1072  0.0232 -0.0232  4.2279
784 1072  0.0298 -0.0464  7.1665
816 1072 -0.0042 -0.0220 11.5809
848 1072  0.0057  0.0021 34.0645
880 1072 -0.0245  0.0070 20.1198
912 1072 -0.0533 -0.0371 18.9292
944 1072 -0.0014 -0.0064 63.0196
976 1072 -0.0239 -0.0034 32.8403
1008 1072 -0.0544  0.0492 35.8473
1040 1072 -0.0805 -0.0120 170.9526
1072 1072 -0.0545 -0.0141 16.2291
1104 1072 -0.0435 -0.0470 211.6579
1136 1072 -0.0918 -0.0611 47.5832
1168 1072 -0.0695 -0.0531 68.4968
 16 1104  0.0129 -0.0396 112.3105
 48 1104  0.0113  0.0041 30.6186
 80 1104  0.1038 -0.0597 45.4128
112 1104  0.0429 -0.0719 217.3639
144 1104  0.0617 -0.0541 88.2062
176 1104  0.1192 -0.0539 116.2542
208 1104  0.0549 -0.1112 44.1017
240 1104  0.0326 -0.1577 106.8923
272 1104  0.0043 -0.1257 79.1393
304 1104 -0.0214 -0.1292 144.1640
336 1104 -0.0238 -0.1248 195.8070
368 1104 -0.0225 -0.0749 163.6701
400 1104 -0.0027 -0.0416 126.9534
432 1104  0.0286 -0.0357 60.9556
464 1104  0.0467 -0.0521 50.4664
496 1104  0.0189 -0.0260 14.8734
528 1104  0.0129 -0.0131 19.6395
560 1104 -0.0218 -0.0060 21.4239
592 1104 -0.0233  0.0103 12.7800
624 1104  0.0071  0.0215 10.1407
656 1104  0.0293  0.0182 17.8485
688 1104 -0.0503  0.0375  7.0006
720 1104  0.0065  0.0820  4.2479
848 1104 -0.0065 -0.0211  5.3467
880 1104  0.0446 -0.0133  7.8226
912 1104  0.0085 -0.0355 11.9666
944 1104 -0.0021 -0.0192 15.2623
976 1104 -0.0168 -0.0252  9.4634
1008 1104 -0.0150 -0.0113 19.5767
1040 1104 -0.0188 -0.0201 27.4513
1072 1104 -0.0112  0.0156 18.2817
1104 1104 -0.0370  0.0167 20.9744
1136 1104 -0.0171 -0.0222 16.9425
1168 1104 -0.0430 -0.0392 27.6658
 16 1136  0.0059 -0.0320 16.4184
 48 1136  0.0029 -0.0430 17.1145
 80 1136  0.0408 -0.0526 250.1856
112 1136  0.0017 -0.0323 46.5086
144 1136  0.0285 -0.1995 116.8681
176 1136  0.0791 -0.1021 111.2470
208 1136  0.0193 -0.0700 183.6326
240 1136  0.0675 -0.1406 65.7654
272 1136  0.0115 -0.0624 195.4880
304 1136  0.0127 -0.0525 278.2437
336 1136  0.0161 -0.1182 80.9459
368 1136  0.0446 -0.1339 168.7367
400 1136  0.0274 -0.0673 110.6034
432 1136  0.0260 -0.0682 100.1946
464 1136  0.0098 -0.0276 20.9746
496 1136  0.1076 -0.0436 17.2850
528 1136 -0.0227  0.0054 15.5064
560 1136  0.0101 -0.0132 16.7925
592 1136 -0.0137  0.0032 11.9464
624 1136  0.0014 -0.0072 26.8008
656 1136  0.0200 -0.0150 32.7844
688 1136 -0.0253  0.0089 15.3265
720 1136  0.0447  0.0301 11.7375
752 1136 -0.0542  0.0527  7.1602
784 1136  0.0365  0.0528  6.3651
816 1136 -0.0211  0.1231  8.8488
848 1136 -0.1091  0.1228  6.9745
880 1136 -0.0175  0.1408  4.2182
944 1136  0.0430 -0.0235  4.0919
976 1136  0.0052 -0.0075  4.3099
1008 1136 -0.0072 -0.0108  5.1039
1040 1136  0.0073 -0.0211  4.6926
1072 1136  0.0042 -0.0667  5.2461
1104 1136  0.0305  0.0216  7.4977
1136 1136 -0.0074  0.0004  9.3030
1168 1136  0.0131 -0.0065 17.9858
 16 1168 -0.0400 -0.0067 15.6963
 48 1168  0.0252 -0.0180 18.9533
 80 1168  0.0077 -0.0498 41.3137
112 1168  0.0515 -0.0629 79.9530
144 1168  0.0243 -0.0633 143.0127
176 1168 -0.0005 -0.0570 116.0437
208 1168  0.0927 -0.0837 156.5052
240 1168  0.0398 -0.1154 101.8272
272 1168  0.0007 -0.0895 48.5543
304 1168  0.0054 -0.0731 54.2013
336 1168  0.0112 -0.0781 269.8379
368 1168  0.0141 -0.1265 167.7285
400 1168  0.0338 -0.1161 188.1318
432 1168  0.0246 -0.0749 144.3847
464 1168  0.0175 -0.0774 281.0380
496 1168  0.0005  0.0078 17.2251
528 1168  0.0269 -0.0383 14.0473
560 1168 -0.0018 -0.0032 13.4293
592 1168 -0.0095 -0.0180 14.3085
624 1168  0.0321  0.0062 11.8792
656 1168 -0.0125  0.0074 11.7983
688 1168 -0.0017 -0.0032 18.8486
720 1168 -0.0103  0.0127 12.1666
752 1168 -0.0199  0.0096 14.9474
784 1168  0.0044  0.0502 12.2474
816 1168  0.0506 -0.0024 13.0976
848 1168 -0.0154 -0.0115 13.8029
880 1168 -0.0189  0.0369 12.9886
912 1168 -0.0579  0.0757  9.3266
944 1168 -0.0391  0.1819  5.0085
1136 1168  0.0021 -0.0543  4.4941
1168 1168 -0.0428 -0.0211  4.5955
 16 1200 -0.0209 -0.0062 26.0614
 48 1200  0.0262 -0.0077 23.1838
 80 1200  0.0064 -0.0153 18.4092
112 1200 -0.0135  0.0076 33.1057
144 1200  0.0558 -0.1258 78.1844
176 1200  0.0022 -0.0145 77.8479
208 1200  0.0397 -0.0726 77.2223
240 1200  0.0340 -0.1649 225.5419
272 1200  0.0142 -0.1198 91.8041
304 1200  0.0072 -0.0738 31.8033
336 1200  0.0138 -0.0441 298.4058
368 1200  0.0520 -0.0964 138.9082
400 1200  0.0693 -0.0857 240.6048
432 1200  0.0154 -0.0320 36.7375
464 1200  0.0233 -0.2066 95.2774
496 1200 -0.0101 -0.0172 22.4285
528 1200 -0.0104 -0.0033 15.9749
560 1200 -0.0090 -0.0227 12.8346
592 1200 -0.0170 -0.0072 15.5465
624 1200 -0.0266  0.0080 46.3119
656 1200  0.0212  0.0160 45.0868
688 1200 -0.0286  0.0205 12.2627
720 1200  0.0052  0.0165 17.6881
752 1200 -0.0345 -0.0052 16.2355
784 1200 -0.0422  0.0316 10.7771
816 1200 -0.0232 -0.0127 11.3565
848 1200  0.0138 -0.0014 11.2497
880 1200 -0.0055 -0.0132 12.3994
912 1200 -0.0142  0.0224 13.4906
944 1200 -0.0535 -0.0165 13.9048
976 1200 -0.0197  0.0350 13.4890
1008 1200 -0.0401  0.0819  9.9665
1040 1200 -0.1097  0.1821  6.6087
1072 1200 -0.0539  0.1894  5.4615
1104 1200 -0.0300  0.1474  4.7439
1136 1200 -0.0042  0.1645  4.2605
1168 1200 -0.0081  0.1909  4.2311
 16 1232 -0.0058 -0.0041 20.4634
 48 1232  0.0155 -0.0330 21.0566
 80 1232  0.0405 -0.0431 180.8484
112 1232  0.0411 -0.0510 108.6231
144 1232  0.0035 -0.0561 92.2503
176 1232  0.0141 -0.0835 197.3422
208 1232 -0.0059 -0.0282 22.1853
240 1232  0.0187 -0.0423 45.9428
272 1232  0.0281 -0.1759 202.6108
304 1232  0.0079 -0.0634 211.1058
336 1232  0.0298 -0.1049 206.5937
368 1232  0.0099 -0.0669 246.1359
400 1232  0.0379 -0.0541 88.4364
432 1232  0.0647 -0.0999 62.9850
464 1232  0.0066 -0.0082 20.1171
496 1232  0.0185 -0.0170 19.8248
528 1232 -0.0146 -0.0019 12.7037
560 1232  0.0176 -0.0221 15.8783
592 1232 -0.0211 -0.0213 16.0908
624 1232  0.0449 -0.0119 12.9460
656 1232 -0.0165  0.0254 13.5714
688 1232  0.0208  0.0499 10.1877
720 1232 -0.0230 -0.0138 12.3029
752 1232 -0.0158 -0.0079 18.1601
784 1232  0.0298 -0.0051 13.8393
816 1232 -0.0077 -0.0516 22.9545
848 1232 -0.0691 -0.0592 11.1279
880 1232  0.0087  0.0175 15.0232
912 1232 -0.0104  0.0259 13.3357
944 1232  0.0050  0.0070 13.3601
976 1232  0.0316  0.0094 11.9325
1008 1232 -0.0277  0.0069 13.5196
1040 1232 -0.0379 -0.0033 12.8227
1072 1232 -0.0542 -0.0009 12.0730
1104 1232  0.0040  0.0042 12.5355
1136 1232 -0.0233  0.0057 11.4096
1168 1232  0.0054  0.0099 12.5617
 16 1264  0.0072 -0.0062 18.6295
 48 1264  0.0173 -0.0360 28.7712
 80 1264  0.0477 -0.0174 113.3172
112 1264  0.0013 -0.0714 134.0690
144 1264  0.0232 -0.0709 282.0086
176 1264  0.0181 -0.0721 167.7176
208 1264  0.0069 -0.0745 69.7938
240 1264  0.0244 -0.0807 38.4907
272 1264 -0.0040 -0.0773 94.9744
304 1264  0.0042 -0.1487 168.0680
336 1264  0.0326 -0.0293 294.3197
368 1264  0.0264 -0.1229 250.6822
400 1264  0.0239 -0.0454 415.7072
432 1264  0.0373 -0.0440 343.3700
464 1264  0.0430 -0.0455 30.2400
496 1264  0.0306 -0.0219 12.7637
528 1264 -0.0072  0.0028 14.0321
560 1264  0.0096  0.0005 13.5364
592 1264  0.0190  0.0189 13.0878
624 1264  0.0032 -0.0084 16.7246
656 1264 -0.0042 -0.0129 14.2023
688 1264  0.0091  0.0317 10.8870
720 1264  0.0171  0.0088 14.2962
752 1264  0.0092  0.0019 26.1934
784 1264  0.0302 -0.0244 10.9842
816 1264  0.0015 -0.0016 12.2058
848 1264 -0.0211  0.0036 10.4013
880 1264  0.0047 -0.0443  7.7698
912 1264 -0.0302  0.0254 10.4046
944 1264  0.0003  0.0299 11.8232
976 1264  0.0294  0.0029  9.9111
1008 1264  0.0553  0.0629 10.6456
1040 1264  0.0105  0.0578 10.9406
1072 1264 -0.0515  0.0085 10.2934
1104 1264  0.0531  0.0308  9.7684
1136 1264 -0.0583  0.0025  9.6359
1168 1264  0.0327 -0.0252 12.6196
 16 1296 -0.0055 -0.0406 19.0223
 48 1296  0.0189 -0.0562 21.6014
 80 1296 -0.0041 -0.0292 68.3011
112 1296 -0.0066 -0.0322 15.6040
144 1296 -0.0034  0.0032 19.8613
176 1296  0.0023 -0.0509 66.3683
208 1296  0.1089 -0.0443 184.8243
240 1296  0.0082 -0.0828 36.5848
272 1296 -0.0162 -0.0335 28.4057
304 1296  0.0167 -0.0589 70.0325
336 1296  0.0066 -0.0720 70.3281
368 1296  0.0087 -0.0825 215.7848
400 1296  0.0077 -0.0697 110.9567
432 1296  0.0085 -0.0374 52.0151
464 1296 -0.0172 -0.0258 109.4187
496 1296 -0.0432 -0.0314 21.7549
528 1296  0.0136 -0.0328 16.0791
560 1296  0.0086 -0.0046 19.7364
592 1296 -0.0014 -0.0249 16.4999
624 1296 -0.0463 -0.0169 12.3885
656 1296  0.0157  0.0267 14.4199
688 1296  0.0023  0.0407 12.8119
720 1296 -0.0058 -0.0118 11.5484
752 1296 -0.0006  0.0261 14.7410
784 1296 -0.0213 -0.0331 11.3798
816 1296  0.0495  0.0039 10.3659
848 1296  0.0490  0.0234 12.4077
880 1296 -0.0354 -0.0310 11.1364
912 1296 -0.0124  0.0046 12.0802
944 1296  0.0138  0.0606 10.8319
976 1296  0.0283  0.0656 11.3399
1008 1296  0.0092  0.0370  9.7429
1040 1296  0.0103 -0.0081  8.1438
1072 1296 -0.0164  0.0011  9.8109
1104 1296  0.0061  0.0808 10.6619
1136 1296 -0.0691  0.0093  9.8053
1168 1296 -0.0623 -0.0341  9.4827
  0   0 -0.0677 -0.0389  0.0000
  0   0 -0.0127 -0.0247  0.0000
  0   0 -0.0315 -0.0408  0.0000
  0   0  0.0218 -0.0659  0.0000
  0   0  0.0281 -0.0871  0.0000
  0   0  0.0460 -0.1017  0.0000
  0   0  0.0457 -0.0919  0.0000
  0   0 -0.0172 -0.0320  0.0000
  0   0 -0.0006 -0.0191  0.0000
  0   0  0.0216 -0.0465  0.0000
  0   0  0.0714 -0.0547  0.0000
  0   0  0.0271 -0.0671  0.0000
  0   0  0.0020 -0.0444  0.0000
  0   0  0.0097 -0.0515  0.0000
  0   0  0.0042 -0.0575  0.0000
  0   0 -0.0003 -0.0558  0.0000
  0   0 -0.0060 -0.0356  0.0000
  0   0 -0.0176 -0.0031  0.0000
  0   0 -0.0436  0.0089  0.0000
  0   0 -0.0598  0.0133  0.0000
  0   0 -0.0349  0.0113  0.0000
  0   0 -0.0342  0.0206  0.0000
  0   0 -0.0425  0.0109  0.0000
  0   0 -0.0557  0.0141  0.0000
  0   0 -0.0201  0.0344  0.0000
  0   0 -0.0153  0.0366  0.0000
  0   0 -0.0144  0.0074  0.0000
  0   0 -0.0068  0.0117  0.0000
  0   0 -0.0025 -0.0156  0.0000
  0   0  0.0362 -0.0018  0.0000
  0   0  0.0346  0.0127  0.0000
  0   0 -0.0086  0.0019  0.0000
  0   0 -0.0030  0.0359  0.0000
  0   0  0.0182  0.0801  0.0000
  0   0  0.0294  0.0902  0.0000
  0   0  0.0152  0.0679  0.0000
  0   0  0.0004  0.0284  0.0000
  0   0 -0.0317  0.0223  0.0000
  0   0 -0.0524  0.0430  0.0000
  0   0 -0.1060 -0.0122  0.0000
  0   0 -0.1122 -0.0603  0.0000
  0   0 -0.1009 -0.0779  0.0000
  0   0 -0.0623 -0.0821  0.0000
  0   0 -0.0370 -0.0970  0.0000
  0   0  0.0108 -0.1189  0.0000
  0   0  0.0459 -0.1403  0.0000
  0   0  0.0801 -0.1565  0.0000
  0   0  0.1070 -0.1617  0.0000
  0   0 -0.0201 -0.0245  0.0000
  0   0  0.0059 -0.0296  0.0000
  0   0  0.0312 -0.0470  0.0000
  0   0  0.0546 -0.0576  0.0000
  0   0  0.0388 -0.0623  0.0000
  0   0  0.0206 -0.0524  0.0000
  0   0  0.0128 -0.0484  0.0000
  0   0  0.0021 -0.0423  0.0000
  0   0 -0.0101 -0.0284  0.0000
  0   0 -0.0249 -0.0031  0.0000
  0   0 -0.0445  0.0268  0.0000
  0   0 -0.0684  0.0451  0.0000
  0   0 -0.0834  0.0539  0.0000
  0   0 -0.0795  0.0547  0.0000
  0   0 -0.0786  0.0546  0.0000
  0   0 -0.0791  0.0473  0.0000
  0   0 -0.0751  0.0436  0.0000
  0   0 -0.0519  0.0446  0.0000
  0   0 -0.0362  0.0364  0.0000
  0   0 -0.0234  0.0160  0.0000
  0   0 -0.0090  0.0054  0.0000
  0   0  0.0059 -0.0080  0.0000
  0   0  0.0278 -0.0015  0.0000
  0   0  0.0303  0.0143  0.0000
  0   0  0.0157  0.0305  0.0000
  0   0  0.0175  0.0654  0.0000
  0   0  0.0277  0.1012  0.0000
  0   0  0.0297  0.1136  0.0000
  0   0  0.0132  0.0985  0.0000
  0   0 -0.0157  0.0666  0.0000
  0   0 -0.0580  0.0413  0.0000
  0   0 -0.1008  0.0190  0.0000
  0   0 -0.1455 -0.0322  0.0000
  0   0 -0.1596 -0.0824  0.0000
  0   0 -0.1464 -0.1149  0.0000
  0   0 -0.1084 -0.1355  0.0000
  0   0 -0.0609 -0.1555  0.0000
  0   0 -0.0011 -0.1774  0.0000
  0   0  0.0583 -0.1991  0.0000
  0   0  0.1166 -0.2184  0.0000
  0   0  0.1722 -0.2334  0.0000
  0   0 -0.0178 -0.0167  0.0000
  0   0  0.0154 -0.0340  0.0000
  0   0  0.0434 -0.0517  0.0000
  0   0  0.0588 -0.0638  0.0000
  0   0  0.0536 -0.0668  0.0000
  0   0  0.0376 -0.0603  0.0000
  0   0  0.0202 -0.0490  0.0000
  0   0  0.0018 -0.0317  0.0000
  0   0 -0.0188 -0.0059  0.0000
  0   0 -0.0429  0.0276  0.0000
  0   0 -0.0708  0.0616  0.0000
  0   0 -0.0982  0.0866  0.0000
  0   0 -0.1174  0.0993  0.0000
  0   0 -0.1247  0.1006  0.0000
  0   0 -0.1249  0.0946  0.0000
  0   0 -0.1190  0.0840  0.0000
  0   0 -0.1049  0.0723  0.0000
  0   0 -0.0816  0.0593  0.0000
  0   0 -0.0568  0.0410  0.0000
  0   0 -0.0330  0.0180  0.0000
  0   0 -0.0100 -0.0014  0.0000
  0   0  0.0115 -0.0123  0.0000
  0   0  0.0289 -0.0066  0.0000
  0   0  0.0359  0.0158  0.0000
  0   0  0.0358  0.0513  0.0000
  0   0  0.0391  0.0960  0.0000
  0   0  0.0443  0.1352  0.0000
  0   0  0.0404  0.1521  0.0000
  0   0  0.0174  0.1406  0.0000
  0   0 -0.0265  0.1067  0.0000
  0   0 -0.0867  0.0622  0.0000
  0   0 -0.1505  0.0099  0.0000
  0   0 -0.2027 -0.0520  0.0000
  0   0 -0.2246 -0.1115  0.0000
  0   0 -0.2107 -0.1576  0.0000
  0   0 -0.1650 -0.1902  0.0000
  0   0 -0.0974 -0.2153  0.0000
  0   0 -0.0167 -0.2382  0.0000
  0   0  0.0684 -0.2609  0.0000
  0   0  0.1538 -0.2835  0.0000
  0   0  0.2383 -0.3056  0.0000
