VARIABLES= "X pix", "Y pix", "U pix/dt", "V pix/dt", "CHC", ZONE I=37, J=41
304  16 -0.0742 -0.0225 59.5809
336  16 -0.0528 -0.0273 18.9118
368  16 -0.0516 -0.0491 24.6753
400  16 -0.0485 -0.0549 88.5845
496  16 -0.0325 -0.0601 89.0435
528  16 -0.0409 -0.0609 39.0095
560  16 -0.0204 -0.0377 40.9600
592  16  0.0067 -0.0020 50.5679
624  16  0.0022 -0.0229 54.6133
656  16 -0.0161 -0.0575 46.5454
688  16  0.0034 -0.0174 273.0666
304  48  0.0511  0.0459 52.5128
336  48  0.0698  0.0955 29.4676
368  48  0.0700  0.0976 110.7027
496  48 -0.0028  0.0789 71.8596
528  48 -0.0385  0.0456 27.3067
560  48 -0.0113 -0.0390 41.3737
592  48  0.0000 -0.0965 87.1489
688  48 -0.0013 -0.0236 227.5554
720  48 -0.0108 -0.0172 29.2571
752  48 -0.0050 -0.0523 35.0085
784  48 -0.0061 -0.0128 32.9175
816  48  0.0000  0.2877 254.2344
304  80 -0.0092  0.2216 49.3494
336  80  0.0069  0.0848 30.7970
368  80  0.0278  0.0078 50.5679
400  80 -0.0129 -0.0070 47.0804
432  80 -0.0438  0.0138 43.5745
464  80 -0.0441  0.0322 4095.9939
496  80  0.0068  0.0200 71.8596
528  80  0.1017  0.0522 28.4444
560  80  0.1360  0.0430 50.5679
592  80  0.0301 -0.0200 40.0783
688  80 -0.0886  0.0316 341.3332
720  80 -0.2101  0.0059 80.3137
752  80 -0.2206  0.0370 75.8518
784  80  0.0000  0.0194 71.1464
816  80  0.5000 -0.2211 87.1489
 16 144 -0.0637 -0.0236 36.6301
 48 144 -0.0070 -0.0701 23.7400
 80 144 -0.0398 -0.1211 198.7005
112 144 -0.0217 -0.0322 166.4619
144 144 -0.0166 -0.0162 191.4427
176 144 -0.0313 -0.0309 178.4418
208 144 -0.0251 -0.0146 100.2511
240 144  0.0077 -0.0124 68.9400
272 144 -0.0199 -0.0204 24.1059
304 144  0.0037 -0.0048 170.1630
336 144  0.0330  0.0500 44.1832
368 144  0.0126  0.0321 118.0768
400 144  0.0018 -0.0145 37.0208
432 144  0.0082  0.0492 148.9136
464 144  0.0454  0.0672 202.4534
496 144  0.0381  0.0859 110.2061
528 144  0.0754  0.0586 233.5564
560 144 -0.0056  0.0410 108.7538
592 144 -0.0306  0.0619 214.6897
624 144  0.0154  0.0247 71.4654
656 144  0.0225  0.0110 143.3068
688 144  0.0110  0.0519 102.1623
720 144 -0.0012  0.0244 113.3645
752 144  0.0151  0.0123 120.1940
784 144  0.0102  0.0163 89.3458
816 144  0.0046  0.0571 188.9518
848 144  0.0182  0.0273 158.0411
880 144  0.0140 -0.0013 172.9525
912 144  0.0528  0.0033 142.1766
944 144  0.0004  0.0112 160.0039
976 144 -0.0236  0.0334 66.1440
1008 144 -0.0325  0.0485 60.3339
1040 144 -0.0270 -0.0055 53.4709
1072 144  0.0057  0.0142 84.9590
1104 144  0.0431  0.0300 44.2555
1136 144 -0.0173  0.0302 94.4202
1168 144 -0.0304  0.0614 100.9094
 16 176 -0.0952 -0.0731 29.6656
 48 176 -0.1085 -0.0554 88.6147
 80 176 -0.0195 -0.0770 81.1170
112 176 -0.0636 -0.0583 378.9798
144 176 -0.0291 -0.0469 241.0164
176 176 -0.0211 -0.0547 143.3365
208 176 -0.0023 -0.0383 29.8288
240 176  0.0511 -0.0248 217.0246
272 176 -0.0030 -0.0246 216.5165
304 176 -0.0207  0.0045 182.6587
336 176  0.0198  0.0210 222.9119
368 176  0.0179  0.0293 85.4605
400 176  0.0256  0.0280 207.7465
432 176  0.0381  0.0460 125.8427
464 176  0.0531  0.0629 84.1378
496 176 -0.0204  0.0699 219.5628
528 176  0.0640  0.0587 213.2244
560 176  0.0293  0.1465 157.9015
592 176  0.0165  0.0847 69.2667
624 176  0.0271  0.0619 197.1852
656 176  0.0342  0.0303 139.7882
688 176  0.0201  0.0078 82.3709
720 176  0.0109  0.0209 173.3986
752 176 -0.0014  0.0401 248.7473
784 176  0.0420 -0.0013 94.8912
816 176  0.0053 -0.0262 301.1919
848 176  0.0255 -0.0401 310.2881
880 176  0.0203 -0.0100 93.8424
912 176  0.0333  0.0143 144.6785
944 176  0.0242  0.0124 134.6523
976 176  0.1246 -0.0029 121.1815
1008 176  0.0239  0.0077 156.8813
1040 176  0.0317  0.0244 55.7031
1072 176  0.0353  0.0264 104.9838
1104 176 -0.0176  0.0504 156.9361
1136 176 -0.0079  0.0305 101.7815
1168 176  0.0093  0.0561 134.1951
 16 208 -0.1200 -0.0935 173.5892
 48 208 -0.1589 -0.1476 77.4560
 80 208 -0.0475 -0.1143 113.3177
112 208 -0.0242 -0.0689 293.8663
144 208 -0.0379 -0.0643 268.6875
176 208 -0.0271 -0.0403 182.1967
208 208 -0.0057 -0.0632 171.0938
240 208 -0.0056 -0.0334 125.7420
272 208 -0.0185 -0.0348 233.0708
304 208  0.0121  0.0229 169.7742
336 208  0.0275  0.0344 113.1447
368 208  0.0266  0.0348 96.6995
400 208  0.0700  0.0193 165.6538
432 208  0.0211  0.0469 170.4292
464 208  0.0426  0.0866 202.2094
496 208  0.0284  0.0852 153.0141
528 208 -0.0002  0.0645 163.5022
560 208  0.0007  0.0690 106.0519
592 208  0.0071  0.0216 42.4946
624 208  0.0066  0.0509 107.7291
656 208 -0.0067  0.0303 91.7819
688 208  0.0161  0.0324 81.3685
720 208 -0.0153  0.0156 110.4619
752 208  0.0018  0.0365 166.5948
784 208  0.0195  0.0185 134.9488
816 208  0.0294 -0.0037 132.1847
848 208  0.0313 -0.0104 193.0992
880 208  0.0108 -0.0001 244.5995
912 208  0.0333 -0.0031 84.0287
944 208  0.0648 -0.0147 117.2841
976 208  0.0341  0.0261 121.7332
1008 208  0.0149  0.0308 175.5661
1040 208  0.0074  0.0316 91.6905
1072 208  0.0191  0.0351 200.3801
1104 208 -0.0121  0.0336 139.4580
1136 208 -0.0094  0.0676 127.0526
1168 208 -0.0180  0.0644 153.9177
 16 240 -0.0546 -0.2166 56.2787
 48 240 -0.1074 -0.1228 46.9889
 80 240 -0.0431 -0.1106 244.8021
112 240 -0.0318 -0.1221 243.4345
144 240 -0.0252 -0.1743 218.7318
176 240 -0.0350 -0.1399 167.2019
208 240 -0.0832 -0.0459 73.5987
240 240  0.0216 -0.0403 244.4303
272 240 -0.0284 -0.0261 152.6544
304 240 -0.0273 -0.0144 146.0276
336 240 -0.0160  0.0085 138.9176
368 240  0.0092  0.0239 57.1690
400 240 -0.0039  0.0242 257.3175
432 240  0.0174  0.0590 76.6520
464 240  0.0164  0.0813 236.1006
496 240  0.0393  0.0582 244.0071
528 240  0.0584  0.1164 86.2242
560 240  0.0323  0.0471 116.3320
592 240  0.0147  0.0478 188.4843
624 240  0.0271  0.0442 170.0603
656 240  0.0191  0.0419 143.4611
688 240  0.0364  0.0267 183.7253
720 240 -0.0758  0.0593 152.4141
752 240  0.0362  0.0126 182.5583
784 240  0.0423 -0.0110 109.4138
816 240  0.0190 -0.0102 175.2569
848 240  0.0139 -0.0097 167.8838
880 240  0.0106  0.0119 88.6139
912 240  0.0158  0.0112 78.3607
944 240  0.0177 -0.0229 73.6997
976 240  0.0671 -0.0231 80.0260
1008 240 -0.0169  0.0252 155.2716
1040 240  0.0288  0.0123 118.8997
1072 240  0.0137  0.0396 171.0261
1104 240 -0.0067  0.0389 108.1777
1136 240 -0.0029  0.0791 249.5552
1168 240  0.0083  0.0184 74.5469
 16 272 -0.0659 -0.0716 235.2738
 48 272 -0.0752 -0.1397 196.3645
 80 272 -0.3863 -0.1397 141.9490
112 272 -0.0317 -0.1842 252.5905
144 272 -0.0441 -0.2032 150.3299
176 272 -0.0964 -0.0989 120.4038
208 272 -0.0994 -0.1414 318.3643
240 272 -0.0887 -0.0676 186.7987
272 272 -0.0946 -0.0108 185.3393
304 272 -0.0022 -0.0252 197.0736
336 272  0.0060 -0.0068 150.0167
368 272  0.0142  0.0050 194.8022
400 272  0.0326  0.0340 270.6144
432 272  0.0203  0.0284 162.7255
464 272  0.0410  0.0631 192.9081
496 272 -0.0008  0.0720 72.6071
528 272  0.0315  0.0525 111.3494
560 272  0.0205  0.0107 23.9312
592 272  0.0266  0.0897 174.4553
624 272  0.0220  0.0402 129.0355
656 272 -0.0081  0.0285 134.7881
688 272  0.0226  0.0293 126.5515
720 272  0.0360  0.0101 118.8330
752 272  0.0137 -0.0017 116.1332
784 272  0.0214 -0.0156 154.2068
816 272  0.0600 -0.0467 175.5514
848 272  0.0405 -0.0187 97.1282
880 272  0.0466 -0.0282 82.2232
912 272  0.0446 -0.0210 58.3997
944 272  0.0478 -0.0130 145.1067
976 272  0.0145  0.0022 156.5026
1008 272  0.0355  0.0040 114.5452
1040 272  0.0361  0.0289 131.0009
1072 272  0.0166  0.0410 67.0186
1104 272  0.0155  0.0098 127.7389
1136 272  0.0144  0.0283 91.1864
1168 272 -0.0239  0.0759 90.6569
 16 304 -0.2903 -0.2345 203.4727
 48 304 -0.3342 -0.0901 112.0347
 80 304 -0.2499 -0.2227 138.2041
112 304 -0.0779 -0.2783 206.6567
144 304 -0.0632 -0.0876 228.0523
176 304 -0.1374 -0.0965 104.9169
208 304 -0.0746 -0.0906 303.1541
240 304 -0.0320 -0.0764 322.4581
272 304  0.0099 -0.0312 36.9029
304 304 -0.0357 -0.0343 219.4779
336 304  0.0058 -0.0203 150.1287
368 304  0.0040 -0.0100 237.3247
400 304  0.0278  0.0116 55.8627
432 304  0.0803  0.0380 200.4202
464 304  0.0511  0.0364 116.7849
496 304  0.0152  0.0531 204.5339
528 304  0.0028  0.0239 116.1083
560 304 -0.0032  0.0198 342.8908
592 304 -0.0047  0.0194 153.3182
624 304  0.0049  0.0259 168.7040
656 304  0.0454  0.0827 105.3545
688 304  0.0204  0.0164 116.3252
720 304  0.0325  0.0394 196.4855
752 304  0.0099 -0.0170 82.1286
784 304  0.0413 -0.0274 178.9166
816 304  0.0323 -0.0269 160.9736
848 304  0.0156  0.0064 93.9569
880 304  0.0904  0.0053 177.2345
912 304  0.0614 -0.0062 78.7148
944 304  0.0321 -0.0133 106.1676
976 304  0.0072  0.0311 75.6190
1008 304  0.0406  0.0120 67.3094
1040 304  0.0278  0.0200 44.2002
1072 304  0.0039  0.0470 131.8646
1104 304 -0.0207  0.0883 138.1852
1136 304  0.0011  0.0674 76.4039
1168 304 -0.0164  0.0827 50.6444
 16 336 -0.1745 -0.2163 223.0944
 48 336 -0.5357 -0.1209 220.4551
 80 336 -0.1211 -0.1723 123.1044
112 336 -0.2300 -0.1694 307.7347
144 336 -0.1591 -0.1618 106.9676
176 336  0.0548 -0.1740 289.1024
208 336 -0.1435 -0.2211 256.2010
240 336 -0.0956 -0.1377 217.1900
272 336 -0.0957 -0.0801 28.0554
304 336 -0.0022 -0.0646 47.3206
336 336 -0.0236 -0.0293 182.1898
368 336  0.0035 -0.0042 136.3057
400 336  0.0371 -0.0042 54.1484
432 336  0.0522  0.0548 162.3696
464 336  0.0314  0.0472 253.5170
496 336  0.0438  0.0624 191.0567
528 336  0.0261  0.0741 111.3185
560 336  0.0571  0.0484 153.5894
592 336  0.0221  0.0576 183.4390
624 336  0.0215  0.0334 95.9228
656 336  0.0137  0.0245 84.6570
688 336  0.0697  0.0623 163.3907
720 336  0.0200 -0.0108 121.3787
752 336  0.0211 -0.0181 98.0612
784 336  0.0726 -0.0117 78.6534
816 336  0.0399 -0.0611 106.1814
848 336  0.0495 -0.0392 126.8695
880 336  0.0498 -0.0231 115.6243
912 336  0.0520 -0.0265 163.2498
944 336  0.0568 -0.0094 164.7485
976 336  0.0317 -0.0049 126.3734
1008 336  0.0258  0.0022 129.4838
1040 336  0.0201  0.0012 74.5248
1072 336  0.0031  0.0440 117.5506
1104 336 -0.0032  0.0716 123.3346
1136 336 -0.0464  0.0599 163.5892
1168 336 -0.0121  0.0410 107.4417
 16 368 -0.1387 -0.8258 171.3739
 48 368 -0.0021 -0.1766 20.2809
 80 368 -0.3307 -0.1750 129.6121
112 368 -0.2521 -0.1441 137.1836
144 368 -0.2073 -0.3129 256.9680
176 368 -0.1247 -0.1452 73.5652
208 368 -0.0594 -0.1205 299.7227
240 368 -0.0381 -0.0598 100.7119
272 368 -0.1112 -0.1006 64.9937
304 368 -0.0450 -0.1119 273.9718
336 368 -0.0182 -0.0324 36.3936
368 368 -0.0152 -0.0180 296.2673
400 368  0.0213 -0.0031 102.7149
432 368  0.0284  0.0008 228.8174
464 368  0.0533  0.0414 141.6250
496 368  0.0388  0.0243 221.6859
528 368  0.0680  0.0455 184.3181
560 368  0.0194  0.0529 246.6472
592 368  0.0695  0.0609 204.0206
624 368  0.0253  0.0632 129.4204
656 368  0.0123  0.0255 86.7653
688 368  0.0333  0.0131 85.0624
720 368  0.0179 -0.0167 105.6188
752 368  0.0359 -0.0270 122.9074
784 368  0.0092  0.0024 196.8934
816 368  0.0210 -0.0590 165.9914
848 368  0.0887 -0.0626 96.6938
880 368  0.0810 -0.0308 160.9576
912 368  0.0396 -0.0514 154.0863
944 368  0.0436 -0.0239 196.0764
976 368  0.0284 -0.0051 39.3985
1008 368  0.0086  0.0006 275.1816
1040 368  0.0348  0.0233 190.2305
1072 368  0.0002  0.0257 110.3815
1104 368 -0.0028  0.0595 127.8949
1136 368 -0.0043  0.0526 84.1446
1168 368 -0.0109  0.0819 157.1544
 16 400 -0.2490 -0.1734 91.6443
 48 400 -0.8315 -0.4742 133.5382
 80 400 -0.4685 -0.4930 157.6070
112 400 -0.0281 -0.3365 110.8547
144 400 -0.0987 -0.2088 72.4895
176 400 -0.1287 -0.0333 14.7801
208 400 -0.2033 -0.1789 122.7666
240 400 -0.1056 -0.2400 114.5604
272 400 -0.1308 -0.1642 218.6058
304 400 -0.0733 -0.0999 200.3401
336 400 -0.0247 -0.0846 163.2587
368 400 -0.0035 -0.0664 190.0206
400 400  0.0140 -0.0011 93.1911
432 400  0.0142  0.0113 163.3077
464 400  0.0602  0.0377 214.1980
496 400  0.0507  0.0647 150.5225
528 400  0.0447  0.0258 155.0698
560 400  0.0221  0.0351 178.6381
592 400  0.0102  0.0883 197.8564
624 400  0.0130  0.0658 124.0927
656 400  0.0185  0.0569 182.5526
688 400 -0.0275  0.0246 225.6603
720 400  0.0197 -0.0287 188.9453
752 400  0.0223 -0.0200 70.4629
784 400  0.0701 -0.0226 195.0535
816 400  0.0553 -0.0687 115.9643
848 400  0.0200 -0.0464 115.4250
880 400  0.0059 -0.0239 87.1709
912 400  0.0423 -0.0368 123.5236
944 400  0.0537 -0.0265 111.7069
976 400  0.0342 -0.0156 120.9934
1008 400  0.0003  0.0197 72.4731
1040 400  0.0417 -0.0032 224.4261
1072 400 -0.0226  0.0466 182.5714
1104 400 -0.0241  0.0614 136.6834
1136 400 -0.0270  0.0741 144.6904
1168 400 -0.0482  0.0982 22.8624
 16 432 -0.4015 -0.3336 22.1917
 48 432 -0.1816 -0.5216 40.2165
 80 432 -0.6544 -0.2730 219.3235
112 432 -0.3324 -0.3275 172.2308
144 432 -0.1375 -0.2483 52.6050
176 432 -0.4206 -0.3694 151.1964
208 432 -0.1976 -0.3053 164.2100
240 432 -0.1937 -0.3811 213.8564
272 432 -0.1731 -0.3401 209.9986
304 432 -0.1115 -0.1601 268.2891
336 432 -0.0962 -0.0999 153.9810
368 432 -0.0226 -0.1173 163.1743
400 432  0.0163 -0.0441 88.9307
432 432  0.0307 -0.0183 190.7690
464 432  0.0408  0.0287 101.2939
496 432 -0.0058  0.0371 158.0802
528 432  0.0377  0.0489 198.0604
560 432  0.0458  0.0645 130.7846
592 432  0.0692  0.0632 116.7768
624 432  0.0329  0.0613 117.0429
656 432  0.0036  0.0246 143.0178
688 432 -0.0013  0.0221 122.1727
720 432  0.0339 -0.0219 135.8109
752 432 -0.0145 -0.0095 153.9070
784 432  0.0586 -0.0624 178.1048
816 432  0.0321 -0.0851 100.0392
848 432  0.0563 -0.0403 214.0379
880 432  0.0568 -0.0815 88.4108
912 432  0.0445 -0.0293 102.8535
944 432  0.0518 -0.0403 34.5442
976 432  0.0216 -0.0030 69.2427
1008 432  0.0086  0.0286 92.4858
1040 432 -0.0004  0.0377 216.3120
1072 432  0.0082  0.0174 38.9048
1104 432 -0.0061  0.0136 30.4484
1136 432  0.0288  0.0838 144.2461
1168 432  0.0302  0.0406 133.8852
 16 464 -0.3961 -0.3896 35.2933
 48 464 -0.1777 -0.3118 282.4096
 80 464 -0.1913 -0.3749 207.2770
112 464 -0.2764 -1.0515 139.0124
144 464 -0.4703 -0.2461 24.7440
176 464 -0.4336 -0.7341 89.8985
208 464 -0.1635 -0.6482 146.6499
240 464 -0.1806 -0.6500 77.5141
272 464 -0.2276 -0.4159 327.1791
304 464 -0.0965 -0.2320 226.6209
336 464 -0.1090 -0.0747 158.8991
368 464 -0.0139 -0.1752 152.2830
400 464  0.0093 -0.0863 98.1279
432 464  0.0058 -0.1313 144.9695
464 464  0.0571 -0.0120 186.6878
496 464  0.0350  0.0200 53.8202
528 464  0.0579 -0.0211 161.3557
560 464  0.0586  0.0987 178.9009
592 464  0.0618  0.0603 112.4050
624 464  0.0400  0.0034 121.0219
656 464  0.0091  0.0317 224.8582
688 464  0.0219  0.0342 104.1654
720 464 -0.0242  0.0067 112.3635
752 464  0.0630 -0.0241 177.4183
784 464  0.0251 -0.0372 72.9432
816 464  0.0879 -0.1064 105.0761
848 464  0.0331 -0.0733 47.6925
880 464  0.0529 -0.0790 66.7669
912 464  0.0615 -0.0204 249.3613
944 464  0.0767 -0.0077 36.6362
976 464  0.0456  0.0039 153.5069
1008 464  0.0043 -0.0030 33.6523
1040 464 -0.0436  0.0295 189.1589
1072 464 -0.0218  0.0688 143.3518
1104 464 -0.0341  0.0964 136.1707
1136 464 -0.0388  0.0913 80.1104
1168 464 -0.0597  0.0937 83.9467
 16 496 -0.2847 -0.1838 43.8939
 48 496 -0.3821 -0.3135 252.0848
 80 496 -0.7267 -0.7367 201.1761
112 496 -0.8124 -0.3707 213.6503
144 496 -1.0934 -0.2256 202.7886
176 496 -0.1820 -0.2724 17.3308
208 496 -0.3685 -0.3430 83.8037
240 496 -0.2937 -0.5677 155.9125
272 496 -0.2613 -0.3475 36.2851
304 496 -0.2136 -0.2998 80.5420
336 496 -0.0539 -0.2214 85.8140
368 496 -0.0605 -0.1682 144.5900
400 496  0.0050 -0.0804 25.7984
432 496  0.0549 -0.0908 187.5297
464 496  0.0577 -0.0146 257.2074
496 496  0.0549  0.0343 183.8064
528 496  0.0770  0.0743 202.6565
560 496  0.0441 -0.0295 29.1942
592 496  0.0350  0.1035 50.6869
624 496  0.0092  0.0809 81.4775
656 496  0.0030  0.0722 121.2990
688 496  0.0275  0.0240 100.5025
720 496 -0.0068  0.0655 174.4227
752 496  0.0570  0.0047 163.3787
784 496  0.0171 -0.0575 131.4671
816 496  0.0239 -0.1053 72.9153
848 496  0.0212 -0.0871 63.9229
880 496  0.0764 -0.0887 105.1948
912 496  0.0125  0.0009 53.4208
944 496  0.0463 -0.0263 260.6526
976 496  0.0174  0.0061 87.7395
1008 496  0.0018  0.0598 157.5575
1040 496 -0.0343  0.0678 187.6459
1072 496 -0.0008  0.0555 72.0806
1104 496 -0.0637  0.0743 97.5172
1136 496 -0.0427  0.0801 47.8451
1168 496 -0.0417  0.0598 34.8944
 16 528 -0.1751 -0.1295 23.6257
 48 528 -0.6233 -0.5222 155.3209
 80 528 -0.3741 -0.2329 135.7972
112 528 -1.2143 -0.6966 59.6231
144 528 -0.5741 -0.0658 78.0696
176 528 -0.4096 -0.6948 62.2022
208 528 -0.6325 -0.7939 138.8275
240 528 -0.2129 -0.6446 95.7886
272 528 -0.1000 -0.7711 230.1164
304 528 -0.3894 -0.3260 390.5519
336 528 -0.1475 -0.5242 150.6516
368 528 -0.0720 -0.1116 197.4888
400 528 -0.0170 -0.1058 186.2458
432 528  0.0587 -0.1009 177.0529
464 528  0.1178 -0.0480 199.1047
496 528  0.1527  0.0150 224.6054
528 528  0.0730  0.0281 30.0573
560 528  0.0756  0.0598 139.6199
592 528  0.0757  0.1398 150.5447
624 528 -0.0102  0.0632 275.4034
656 528  0.0077  0.0531 116.8883
688 528 -0.0021  0.0594 46.7741
720 528 -0.0167  0.0422 77.3742
752 528  0.0003  0.0317 33.4116
784 528  0.0083 -0.0759 66.2943
816 528  0.0472 -0.0837 107.8652
848 528  0.0577 -0.0479 81.0749
880 528  0.0080 -0.0462 94.2425
912 528  0.0122  0.0031 144.4581
944 528  0.0027  0.0172 113.3604
976 528  0.0113  0.0483 108.3970
1008 528 -0.0227  0.0540 137.6516
1040 528 -0.0521  0.0429 90.1191
1072 528 -0.0930  0.1638 192.8583
1104 528 -0.0865  0.1006 159.7466
1136 528 -0.0322  0.1270 83.3203
1168 528 -0.0686  0.1453 59.8991
 16 560 -0.3616 -0.1841 24.6845
 48 560 -0.2620 -0.2647 322.7675
 80 560 -0.4464 -0.2280 70.4398
112 560 -0.8197 -0.7625 68.2889
144 560 -0.7416 -0.6219 69.4822
176 560 -1.0118 -0.8946 37.4895
208 560 -0.7906 -0.6993 193.8292
240 560 -0.5927 -0.8135 148.2440
272 560 -0.1088 -0.0485 26.7672
304 560 -0.3302 -0.5504 201.7827
336 560 -0.2014 -0.5238 49.5128
368 560 -0.0824 -0.6361 152.3259
400 560  0.0189 -0.1923 80.7867
432 560  0.1471 -0.2353 223.2032
464 560  0.1535 -0.0643 88.3347
496 560  0.1006 -0.0085 39.9403
528 560  0.1778  0.0422 192.4696
560 560  0.0901  0.1063 78.7638
592 560  0.1313  0.1672 151.8170
624 560  0.0851  0.0742 41.0720
656 560  0.0440  0.2068 117.3872
688 560  0.0286  0.0649 106.2671
720 560 -0.0126  0.0775 70.5675
752 560 -0.0064  0.0254 88.2240
784 560 -0.0017 -0.0174 129.5318
816 560 -0.0010 -0.0111 79.1734
848 560  0.0558 -0.0609 92.0878
880 560 -0.0100 -0.0332 80.2686
912 560 -0.0189  0.0236 150.9947
944 560 -0.0327  0.0931 72.5319
976 560 -0.0087  0.0564 37.9015
1008 560 -0.0691  0.0916 143.1513
1040 560 -0.0612  0.1173 133.3341
1072 560 -0.1275  0.1543 95.2791
1104 560 -0.0631  0.1193 97.5079
1136 560 -0.1107  0.1211 106.0667
1168 560 -0.1094  0.1765 60.2683
 16 592 -0.4761 -0.2352 74.4430
 48 592 -0.3250 -0.1751 96.9432
 80 592 -1.1695 -0.5313 117.7278
112 592 -0.9581 -0.7114 90.6391
144 592 -0.8932 -0.6984 222.5243
176 592 -0.7376 -1.2782 211.2436
208 592 -1.0145 -0.7750 195.7850
240 592 -0.5956 -1.0233 19.1939
272 592 -0.6494 -0.9530 223.3669
304 592 -0.4796 -0.9761 100.7052
336 592 -0.0978 -0.7830 333.2390
368 592 -0.0510 -0.6962 244.6590
400 592  0.0819 -0.5000 41.2258
432 592  0.2938 -0.2175 81.8107
464 592  0.2996 -0.0629 223.3017
496 592  0.2843 -0.0315 179.9823
528 592  0.1498  0.1750 235.4734
560 592  0.1705  0.1667 148.3550
592 592  0.1553  0.1253 53.0790
624 592  0.0694  0.1994 185.8322
656 592  0.0144  0.1875 180.7254
688 592 -0.0697  0.1387 185.1299
720 592 -0.0353  0.0827 102.6044
752 592 -0.0215  0.0541 120.4626
784 592 -0.1417  0.1222 138.3410
816 592 -0.0091  0.0222 51.4198
848 592 -0.1281  0.0523 138.5672
880 592 -0.0910  0.1058 130.0806
912 592 -0.0719  0.0251 161.9381
944 592 -0.0531  0.0945 72.6445
976 592 -0.1183  0.0990 134.1588
1008 592 -0.0553  0.1114 105.2101
1040 592 -0.0890  0.1581 55.2101
1072 592 -0.0966  0.1696 143.9232
1104 592 -0.1092  0.1339 81.1647
1136 592 -0.1734  0.1895 128.4574
1168 592 -0.1060  0.1958 53.9562
 16 624 -0.1519 -0.0800 36.7815
 48 624 -0.2082 -0.5735 80.6440
 80 624 -1.2521 -0.2994 96.6634
112 624 -0.6991 -1.1666 62.2725
144 624 -0.9734 -0.7062 197.5650
176 624 -0.9331 -0.6672 93.2305
208 624 -0.9307 -1.0109 59.7723
240 624 -1.3197 -1.1147 28.4437
272 624 -1.1177 -1.0876 22.0416
304 624 -0.3363 -0.9195 237.5154
336 624 -0.1255 -1.0259 136.8832
368 624  0.0525 -1.1145 110.4243
400 624  0.1403 -0.7512 261.1306
432 624  0.3718 -0.4810 29.4831
464 624  0.5766 -0.1988 165.8578
496 624  0.6660  0.0252 93.0786
528 624  0.3364  0.2500 50.9724
560 624  0.3363  0.2133 58.3196
592 624  0.2459  0.2075 150.8807
624 624  0.0778  0.0962 165.7855
656 624 -0.0304  0.1942 168.0321
688 624  0.0203  0.1153 275.9220
720 624 -0.0373  0.0620 146.3826
752 624 -0.0143  0.1202 140.2405
784 624 -0.0246  0.0284 107.1895
816 624 -0.0447  0.0597 62.3186
848 624 -0.0910  0.0457 119.3895
880 624 -0.1090  0.1497 48.3152
912 624 -0.1913  0.2550 90.3931
944 624 -0.1268  0.2130 191.9488
976 624 -0.2049  0.1857 90.9923
1008 624 -0.1640  0.1535 104.2649
1040 624 -0.1419  0.1356 123.9960
1072 624 -0.1871  0.1398 130.4633
1104 624 -0.0821  0.0254 135.7900
1136 624 -0.0993  0.1226 154.6876
1168 624 -0.1187  0.1170 126.6063
 16 656 -0.0997 -0.0933 197.3879
 48 656 -0.2363 -0.1187 22.6776
 80 656 -0.5300 -0.4288 174.7244
112 656 -0.8169 -0.2466 194.5406
144 656 -0.8111 -0.8302 38.8731
176 656 -0.9060 -1.0253 147.4392
208 656 -0.8327 -0.8756 128.4256
240 656 -1.2339 -1.2384 147.8212
272 656 -0.6412 -1.7946 40.2759
304 656 -0.3995 -1.2385 31.6574
336 656 -0.2557 -1.3116 56.7927
368 656 -1.2993 -1.1512 259.4292
400 656 -0.9190 -1.2989 69.4035
432 656 -0.0170 -0.5457 78.7951
464 656  0.3933 -0.2983 204.7916
496 656  0.2983 -0.0110 63.4873
528 656  0.4465  0.3471 99.2411
560 656  0.4112  0.2678 127.2485
592 656  0.3728  0.3498 120.8643
624 656  0.1761  0.2516 107.5670
656 656  0.1728  0.3529 169.6899
688 656  0.0526  0.0539 207.1119
720 656  0.0430  0.0278 111.0135
752 656  0.0034 -0.0473 179.0589
784 656 -0.0661 -0.1327 105.8251
816 656 -0.1254  0.0235 145.5177
848 656 -0.0898  0.1187 92.3566
880 656 -0.1999  0.1795 193.9204
912 656 -0.2359  0.2459 100.1322
944 656 -0.2245  0.1239 52.3025
976 656 -0.1989  0.1793 75.1880
1008 656 -0.1003  0.2779 78.2459
1040 656 -0.1901  0.1967 53.6877
1072 656 -0.2329  0.1915 144.6967
1104 656 -0.1734  0.1972 149.5126
1136 656 -0.0863  0.1449 184.8423
1168 656 -0.1036  0.1245 43.2165
 16 688 -0.0133 -0.0470 22.9184
 48 688 -0.1166 -0.1604 108.2692
 80 688 -0.3928 -0.2533 191.9642
112 688 -0.7963 -0.6039 174.6639
144 688 -0.6472 -0.7074 61.0203
176 688 -0.2975 -0.1453 21.2714
208 688 -0.7018 -0.9811 44.7189
240 688 -1.2458 -1.2350 122.9540
272 688 -1.0637 -1.3374 56.8319
304 688 -0.9241 -1.6800 18.3069
336 688 -1.7986 -1.6236 27.5758
368 688 -1.9013 -1.0439 78.3331
400 688 -1.8504 -1.5596 107.7359
432 688 -1.2492 -0.9215 210.1192
464 688 -1.0143 -0.5026 66.8040
496 688 -0.2397 -0.2730 111.3671
528 688  0.2498  0.1257 226.6948
560 688  0.4820  0.3761 37.4000
592 688  0.2871  0.3893 102.3596
624 688  0.2065  0.2679 44.6952
656 688  0.2811  0.5675 84.9136
688 688 -0.0126  0.0989 235.1927
720 688  0.0523  0.0152 71.6587
752 688 -0.0547 -0.2703 67.4867
784 688 -0.1705 -0.1375 32.5681
816 688 -0.0982 -0.1450 94.7875
848 688 -0.2013 -0.0280 182.0947
880 688 -0.3033  0.1120 98.5573
912 688 -0.3450  0.1624 80.5646
944 688 -0.2930  0.1611 55.9507
976 688 -0.3617  0.2969 65.9256
1008 688 -0.2698  0.1281 81.2112
1040 688 -0.3728  0.3069 52.3372
1072 688 -0.1763  0.1067 210.1408
1104 688 -0.2701  0.1763 171.3107
1136 688 -0.1819  0.1095 249.7723
1168 688 -0.2270  0.1083 123.5317
 16 720 -0.0470 -0.1819 63.1570
 48 720 -0.2024 -0.0774 62.4842
 80 720 -0.2592 -0.1253 81.9983
112 720 -0.8217 -0.2365 78.2081
144 720 -0.2174 -0.0819 12.8183
176 720 -0.9394 -0.6364 55.7340
208 720 -1.1135 -0.7457 67.6793
240 720 -1.5074 -1.1810 22.5407
272 720 -1.8091 -1.9518 13.6817
304 720 -1.9330 -2.2876 108.8271
336 720 -1.6100 -0.4702 44.3732
368 720 -2.2303 -0.8723 89.1895
400 720 -2.2414 -1.1912 52.8964
432 720 -2.5999 -1.2556 51.4704
464 720 -1.4808 -0.9341 77.9626
496 720 -1.7979 -1.1395 73.8728
528 720 -0.3950 -0.1099 55.6233
560 720 -0.0294  0.0620 90.9997
592 720  0.0294  0.3154 51.4565
624 720  0.1700  0.6412 158.3907
656 720  0.4037  0.5781 122.3269
688 720  0.1598  0.1109 94.5549
720 720  0.4044 -0.2528 56.0313
752 720  0.0418 -0.1191 19.1520
784 720 -0.0556 -0.1523 20.0286
816 720 -0.1397 -0.4021 28.1967
848 720 -0.2651 -0.1404 73.7670
880 720 -0.2103 -0.0152 112.0209
912 720 -0.3936  0.1844 189.3443
944 720 -0.3518  0.1057 235.7531
976 720 -0.5257  0.1389 113.6576
1008 720 -0.3066  0.1324 20.8505
1040 720 -0.3406  0.2491 181.7030
1072 720 -0.2123  0.1810 49.7451
1104 720 -0.3862  0.1378 117.3827
1136 720 -0.1807  0.1065 65.6367
1168 720 -0.1132  0.0265 210.9053
 16 752 -0.0555 -0.0374 153.9366
 48 752 -0.1294 -0.0478 30.2567
 80 752  0.0157 -0.0710 246.4298
112 752 -0.1737 -0.1143 249.6980
144 752 -0.6470 -0.3373 73.5171
176 752 -0.9161 -0.5316 118.3967
208 752 -0.9044 -0.3923 22.9950
240 752 -1.3798 -0.5502 149.1534
272 752 -2.1152 -1.7127 137.8997
304 752 -1.6361 -1.0298 40.1951
336 752 -1.3071 -0.6130 85.5771
368 752 -1.6615 -0.5001 86.4695
400 752 -2.2946 -0.2021 84.0915
432 752 -2.0350 -0.6025 18.0131
464 752 -2.7539 -1.1805 58.4893
496 752 -1.8044 -1.1653 147.7306
528 752 -1.2279 -0.5522 77.9150
560 752 -0.5026 -0.3641 85.5768
592 752 -0.1418 -0.0126 87.3033
624 752  0.0524  0.3443 45.1527
656 752  0.1036  0.2540 26.3044
688 752  0.4702  0.0227 74.5613
720 752  0.1567 -0.2337 15.1450
752 752  0.1182 -0.4748 14.4409
784 752 -0.0474 -0.2372 33.4243
816 752 -0.0716 -0.7036 19.0899
848 752 -0.2837 -0.5013 62.0664
880 752 -0.1799 -0.1816 71.2766
912 752 -0.2533 -0.0494 14.2864
944 752 -0.5153  0.0206 30.7075
976 752 -0.5882  0.0006 115.1895
1008 752 -0.5986  0.0538 110.5278
1040 752 -0.6701  0.2870 152.0803
1072 752 -0.2840  0.2191 21.6118
1104 752 -0.1907  0.2182 46.0678
1136 752 -0.1472  0.1303 157.1586
1168 752 -0.3081  0.1372 146.8951
 16 784 -0.0523 -0.0103 23.2110
 48 784 -0.0451 -0.0188 71.7112
 80 784 -0.0262 -0.0567 304.1649
112 784 -0.0144 -0.0928 169.2818
144 784 -0.5937 -0.3475 212.3135
176 784 -0.8909 -0.9397 24.3476
208 784 -1.2744 -0.1838 98.0900
240 784 -1.4045 -1.0528 113.2721
272 784 -1.7311 -2.4930 14.7324
304 784 -2.1663 -2.2114 15.2327
336 784 -0.6187 -0.0440 47.8073
368 784 -0.0239  0.3868 10.9917
400 784 -0.1477  0.2652  8.3929
432 784 -0.5840  0.0942 19.2782
464 784 -0.3556 -0.0560 26.9604
496 784 -0.6213 -0.4347 28.0690
528 784 -0.8668 -0.8050 88.3460
560 784 -0.6727 -0.3864 45.4402
592 784 -0.5258 -0.0211 158.6566
624 784  0.0723  0.0964 60.1183
656 784  0.2170  0.4627 60.4508
688 784  0.1212  0.0547 27.8732
720 784  0.2615 -0.1954 14.0159
752 784  0.2023 -0.3563 16.3732
784 784  0.1237 -0.1119 12.3009
816 784 -0.0272 -0.5950 18.5439
848 784 -0.0242 -0.2140 12.9717
880 784 -0.0210 -0.4437 16.2590
912 784 -0.0171  0.0525  9.0094
944 784 -0.1639 -0.0028 10.0593
976 784 -0.6605  0.0688 66.4284
1008 784 -0.4964  0.1349 76.4440
1040 784 -0.4399  0.1496 79.6317
1072 784 -0.4574  0.0565 75.4476
1104 784 -0.1738  0.0552 80.7780
1136 784 -0.2431  0.1444 171.1262
1168 784 -0.3084  0.1862 82.3491
 16 816  0.0198  0.0208 94.0015
 48 816 -0.0248 -0.0036 47.7754
 80 816 -0.0698 -0.0624 39.3576
112 816 -0.1342 -0.0587 162.7943
144 816 -0.5092 -0.2639 83.8952
176 816 -0.1853 -0.0082 16.3415
208 816 -0.9486 -0.1089 84.9423
240 816 -0.6780 -1.3337 241.4849
272 816 -0.7722 -0.9275 38.8000
304 816 -1.0240 -1.0061 10.9944
336 816 -1.2715 -0.8501 52.5752
368 816 -0.1145  0.3852  5.1139
464 816 -0.0418  0.1020  4.5260
496 816 -0.0197  0.0112 12.6718
528 816 -0.3855 -0.3590 70.3593
560 816 -0.4536 -0.4015 45.0369
592 816 -0.2690 -0.1124 115.8925
624 816 -0.0178  0.0989 38.8605
656 816  0.1151  0.0915 23.1073
688 816  0.1444 -0.0903 64.1734
720 816  0.0888 -0.0218  9.7759
752 816  0.0900 -0.0843 12.0698
784 816  0.0428 -0.0662 12.2823
816 816  0.0575 -0.1372 12.1590
848 816 -0.0231 -0.1616 10.6754
880 816  0.0374 -0.1207 11.6926
912 816  0.0173 -0.0742 12.7946
944 816  0.0178  0.1678 12.9872
976 816  0.0396  0.1036  8.1395
1008 816 -0.2194  0.0498 13.8093
1040 816 -0.5350  0.0936 60.9813
1072 816 -0.6041  0.1423 35.3806
1104 816 -0.2424  0.1238 82.3151
1136 816 -0.4156  0.0269 84.6043
1168 816 -0.2458 -0.0022 96.9767
 16 848 -0.0415  0.0290 44.2063
 48 848  0.0134 -0.0101 123.9287
 80 848  0.0099 -0.0080 40.6915
112 848 -0.1268  0.0208 87.2973
144 848 -0.3874  0.0333 60.5332
176 848 -0.2727  0.0119 62.1755
208 848 -0.2299  0.0924 161.7477
240 848 -1.0907 -1.1268 178.3437
272 848 -1.0522 -1.2530 58.3626
304 848 -0.1820 -0.4336 11.0205
336 848  0.0361  0.2037 29.0402
368 848  0.0602  0.0250  4.0797
496 848  0.0133 -0.0066  4.3223
528 848  0.0323 -0.0536 77.3491
560 848 -0.1958 -0.0468 41.1124
592 848 -0.2626 -0.0590 51.1627
624 848 -0.0265  0.0347 97.9240
656 848 -0.1215 -0.0207 40.1941
688 848 -0.3625 -0.0352 22.2291
720 848  0.0203 -0.0312 11.2717
752 848 -0.0303  0.0232  7.1599
784 848  0.0125 -0.0609  9.8057
816 848 -0.0464 -0.4194 23.8288
848 848  0.0015 -0.0031 11.4842
880 848  0.0149 -0.0054  9.6884
912 848  0.0690  0.0472  8.3799
944 848 -0.0136 -0.0017 11.4823
976 848  0.1879  0.1418  9.5216
1008 848 -0.0605  0.0448 12.1812
1040 848 -0.3335  0.0591 54.6505
1072 848 -0.4960  0.0831 67.8184
1104 848 -0.4276 -0.0461 51.1976
1136 848 -0.4817  0.1148 102.2131
1168 848 -0.3292  0.0961 101.4008
 16 880  0.0440  0.0291 20.3341
 48 880  0.0565  0.0220 76.1171
 80 880  0.0193  0.0006 147.4621
112 880 -0.0111  0.0235 85.4422
144 880 -0.0121  0.0299 95.2553
176 880 -0.0652  0.0640 120.6330
208 880 -0.2295  0.0385 43.7879
240 880 -0.6746 -0.2864 44.3771
272 880 -0.2283 -0.1258 10.7774
304 880  0.0245 -0.0217 11.1505
336 880 -0.0315 -0.0201 30.3808
368 880 -0.1319  0.1821  5.8422
528 880  0.0216 -0.0278 15.3628
560 880 -0.4640 -0.2667  8.2601
592 880 -0.8176 -0.0368  6.4626
624 880 -0.0920 -0.0350 25.6364
656 880 -0.2046  0.0257  8.0177
688 880 -0.1563 -0.0921  9.2852
720 880 -0.0095 -0.0030 19.2571
752 880 -0.0340 -0.0437 12.1810
784 880 -0.0296 -0.0353 14.0458
816 880  0.0601 -0.0367  9.9168
848 880  0.0041 -0.0044 15.3811
880 880 -0.0300 -0.0006 16.6423
912 880  0.0218  0.0415 14.0980
944 880  0.1586  0.1176 13.4212
976 880  0.0805  0.0679  9.0033
1008 880 -0.5180 -0.0145 63.4032
1040 880 -0.5191  0.0460 125.4348
1072 880 -0.7521  0.1075 105.4906
1104 880 -0.3295  0.0414 146.3884
1136 880 -0.5274  0.0806 140.3313
1168 880 -0.2463 -0.0573 46.2460
 16 912  0.0918  0.0109 40.4198
 48 912  0.0246  0.0220 43.8086
 80 912  0.0277  0.0100 270.0169
112 912  0.0577  0.0580 113.4802
144 912  0.0134  0.0362 149.0274
176 912 -0.0066  0.0503 138.7944
208 912  0.0507  0.0260 55.5563
240 912 -0.0341 -0.1135 146.8798
272 912 -0.6239 -0.8024 47.5041
304 912 -1.2112 -1.6316 40.5415
336 912 -1.4133 -1.6985 32.2613
368 912 -0.2363  0.2056 76.9580
400 912 -0.1226  0.1586  5.6246
528 912  0.0064 -0.0091  4.4684
560 912 -0.1052 -0.0525  4.2684
624 912 -0.2585  0.0704  8.2908
688 912 -0.1522  0.0178 10.4844
720 912 -0.0124 -0.0042  9.6498
752 912  0.0614 -0.0118  5.9692
784 912  0.0167  0.0310 19.2495
816 912  0.0036  0.0041  4.9888
848 912 -0.0115  0.0096  7.3089
880 912 -0.0138 -0.0023 11.9120
912 912  0.0584  0.0488 14.0607
944 912  0.0814  0.9491  9.1601
976 912 -0.3516 -0.1205 38.6244
1008 912 -0.4206 -0.0937 158.4606
1040 912 -0.4786 -0.0150 71.4090
1072 912 -0.5451  0.1184 70.4302
1104 912 -0.3880 -0.0166 121.1548
1136 912 -0.2354 -0.0355 108.0288
1168 912 -0.2362 -0.0175 142.2156
 16 944  0.0110  0.0211 20.7500
 48 944  0.2316  0.0256 49.0906
 80 944  0.1508 -0.0253 112.0574
112 944  0.0356  0.0367 173.8923
144 944  0.0643  0.0175 159.2824
176 944  0.0691  0.0812 287.2422
208 944  0.1418  0.0605 110.3469
240 944  0.6223  0.1003 142.0617
272 944  0.0871 -0.2276 111.9084
304 944 -0.1430 -1.0039 125.9512
336 944 -0.6471 -1.9674 78.0242
368 944 -0.1124 -0.4751 13.4140
400 944 -0.1190  0.1733 25.7712
432 944 -0.0686  0.1925  7.3888
464 944  0.0251  0.0916  6.9687
496 944  0.0569  0.0046  6.8231
624 944 -0.0704 -0.0376  4.1122
688 944 -0.1978 -0.0441  7.6978
720 944 -0.1175 -0.1228  4.7850
784 944  0.0081  0.0995  4.1249
816 944  0.0258  0.0247  4.5363
848 944 -0.0154 -0.0074 12.1038
880 944  0.0104  0.0674  9.9106
912 944  0.0553  0.1031 12.8969
944 944 -0.0757 -0.0314 40.4148
976 944 -0.4407 -0.2294 68.6196
1008 944 -0.4693 -0.1675 29.6893
1040 944 -0.4373 -0.1296 37.7502
1072 944 -0.2552 -0.1316 54.3428
1104 944 -0.4967 -0.0500 85.4222
1136 944 -0.2307 -0.1343 34.0220
1168 944 -0.1354  0.0436 62.2255
 16 976  0.0457 -0.0044 28.3158
 48 976  0.0908  0.0112 91.4330
 80 976  0.2574  0.0046 37.9989
112 976  0.1643 -0.0059 226.3743
144 976  0.4923 -0.0178 41.6708
176 976  0.1831  0.0642 116.2361
208 976  0.1324  0.0535 91.4933
240 976  0.2072 -0.0106 148.8029
272 976  0.2310 -0.1842 67.8805
304 976  0.0672 -0.4691 117.1554
336 976 -0.0443 -1.3826 173.0042
368 976 -0.1171 -0.8522 92.6567
400 976 -0.0333 -0.1511 13.3006
432 976  0.0204 -0.0792 15.4060
464 976  0.0259  0.0409 27.2354
496 976  0.0736  0.0295  7.7896
528 976  0.0511 -0.0228  4.3161
784 976  0.0571  0.0432  4.3113
816 976  0.0056  0.0129 12.9649
848 976 -0.2232 -0.2107 32.2037
880 976 -0.3053 -0.1656 109.1154
912 976 -0.2498 -0.2210 70.2748
944 976 -0.4100 -0.0216 38.0358
976 976 -0.2889 -0.1778 76.3957
1008 976 -0.2741 -0.2299 59.2300
1040 976 -0.0824 -0.0721 13.2496
1072 976 -0.2111 -0.0920 106.1105
1104 976 -0.3896 -0.0961 74.5127
1136 976 -0.2749 -0.1470 86.2853
1168 976 -0.3614 -0.0256 91.3904
 16 1008  0.0454  0.0230 42.0894
 48 1008  0.1418  0.0236 105.7051
 80 1008  0.1206 -0.0070 208.1547
112 1008  0.0545  0.0308 67.3588
144 1008  0.1700  0.0491 253.0169
176 1008  0.2969 -0.0213 137.1103
208 1008  0.2744 -0.0121 253.5207
240 1008  0.6111 -0.0089 111.9303
272 1008  0.2888 -0.1325 194.4230
304 1008  0.1437 -0.2851 19.3996
336 1008  0.3035 -0.4891 60.6074
368 1008  0.0215 -0.2850 21.4993
400 1008 -0.0183 -0.0837 13.3597
432 1008 -0.0259 -0.0759 14.0975
464 1008  0.2839 -0.2097 18.9281
496 1008  0.0239 -0.0365 22.7809
528 1008  0.0245  0.0037  8.8999
560 1008  0.0076  0.0461  5.0752
784 1008 -0.0016  0.0093  6.0460
816 1008 -0.0094 -0.0014 21.3347
848 1008 -0.1498 -0.1034 60.2125
880 1008 -0.1345 -0.1360 30.3372
912 1008 -0.1236 -0.0670 20.6713
944 1008 -0.4298 -0.1528 30.7307
976 1008 -0.2503 -0.2660 44.3343
1008 1008 -0.2410 -0.0435 29.0950
1040 1008 -0.3483 -0.0841 54.2340
1072 1008 -0.3932 -0.0880 65.5681
1104 1008 -0.3320 -0.0781 80.3912
1136 1008 -0.3313 -0.0205 27.6600
1168 1008 -0.1658 -0.0930 56.4669
 16 1040  0.1412  0.0069 188.6037
 48 1040  0.0609  0.0124 24.8367
 80 1040  0.1206  0.0241 214.7377
112 1040  0.1773  0.0094 58.8045
144 1040  0.1461  0.0034 130.4726
176 1040  0.3614  0.0525 217.4371
208 1040  0.4384 -0.0228 95.3531
240 1040  0.2986 -0.0146 109.0714
272 1040  0.8401 -0.0716 155.8870
304 1040  0.1391 -0.0631 20.9531
336 1040  0.3615 -0.8420 42.4949
368 1040  0.0725 -0.5713 138.0829
400 1040  0.0361 -0.0440 12.3795
432 1040  0.0187 -0.0812 15.0503
464 1040 -0.0204 -0.0813 45.3761
496 1040  0.0622 -0.0754 11.2722
528 1040  0.0577 -0.0619 11.8110
560 1040 -0.0039 -0.0005  8.9632
592 1040 -0.0581 -0.0404  4.5232
752 1040 -0.0052  0.0001  5.4244
784 1040 -0.0401 -0.0117 13.2298
816 1040 -0.0095  0.0093 25.6096
848 1040 -0.1199 -0.0626 50.1160
880 1040 -0.0451 -0.0130 18.6110
912 1040 -0.1869 -0.1369 31.5889
944 1040 -0.1806 -0.1929 116.8020
976 1040 -0.3676 -0.0929 118.7557
1008 1040 -0.2667 -0.0872 69.6844
1040 1040 -0.3398 -0.1433 41.4445
1072 1040 -0.2672 -0.0763 52.5838
1104 1040 -0.1703 -0.0647 21.6661
1136 1040 -0.1954 -0.1116 29.7504
1168 1040 -0.2742  0.0006 113.7658
 16 1072  0.2530  0.0014 213.1498
 48 1072  0.1927  0.0467 52.1524
 80 1072  0.2580  0.0309 177.8927
112 1072  0.1154 -0.0205 105.8108
144 1072  0.0867 -0.0235 52.1589
176 1072  0.1777 -0.0041 69.5261
208 1072  0.1342  0.0004 93.2945
240 1072  0.9864 -0.0485 194.1984
272 1072  0.3592 -0.1460 79.4833
304 1072  0.1607 -0.1966 167.6567
336 1072  0.1925 -0.5084 108.1374
368 1072  0.3056 -0.2726 57.3735
400 1072  0.0087  0.0059 15.5741
432 1072  0.0249 -0.0732 28.6594
464 1072  0.0242 -0.4366  9.0170
496 1072 -0.0091 -1.0559 14.2803
528 1072 -0.0858 -0.3665 10.1895
560 1072  0.0089 -0.0573  9.8535
592 1072  0.0127 -0.0053 10.2072
624 1072  0.0248  0.0373  5.1520
656 1072 -0.0089 -0.0153  4.6589
752 1072 -0.0081  0.0081  4.1924
784 1072 -0.0043 -0.0142  6.9111
816 1072  0.0058 -0.0193 11.7082
848 1072 -0.0140 -0.0163 25.2501
880 1072 -0.0392 -0.0127 19.3046
912 1072 -0.0796  0.0212 43.5294
944 1072 -0.0601 -0.0143 57.9384
976 1072 -0.2522 -0.0820 33.0363
1008 1072 -0.1603 -0.0389 26.2970
1040 1072 -0.2092 -0.0886 122.9232
1072 1072 -0.1660  0.0223 25.9997
1104 1072 -0.2263 -0.0483 50.3142
1136 1072 -0.0752 -0.0428 22.0761
1168 1072 -0.1582 -0.1950 49.3768
 16 1104  0.0295  0.0365 53.9181
 48 1104  0.1947  0.0319 89.8107
 80 1104  0.0683 -0.0162 82.2654
112 1104  0.3284 -0.0211 83.1417
144 1104  0.0306  0.0186 186.4284
176 1104  0.1978 -0.0195 60.3449
208 1104  0.2135 -0.0046 60.3575
240 1104  0.1229 -0.0560 184.3955
272 1104  0.2615 -0.1541 63.0967
304 1104  0.3492 -0.1714 121.7377
336 1104  0.4782 -0.2788 142.1996
368 1104  0.0754 -0.1199 226.8447
400 1104  0.0333 -0.0675 19.7414
432 1104 -0.0036 -0.0142 15.9347
464 1104  0.0500 -0.0392 14.9079
496 1104 -0.0094  0.0120 11.1182
528 1104  0.0254 -0.0513 13.1093
560 1104  0.0287 -0.4389 13.8254
592 1104 -0.0317 -0.1463 13.2799
624 1104 -0.0061 -0.0329 14.8847
656 1104 -0.1894 -0.0306  8.4451
688 1104 -0.0158  0.0178  5.6224
848 1104 -0.0013 -0.0031  4.9834
880 1104 -0.0158 -0.0193  5.8801
912 1104 -0.0045 -0.0105 11.4235
944 1104 -0.0004  0.0007 13.6129
976 1104 -0.0021  0.0236  8.8141
1008 1104 -0.0122  0.0002 19.1665
1040 1104 -0.0145 -0.0161 28.1772
1072 1104 -0.0407  0.0109 18.4969
1104 1104 -0.0856 -0.0050 20.3037
1136 1104 -0.0943 -0.0049 18.4979
1168 1104 -0.0635 -0.0583 50.9173
 16 1136  0.0117 -0.0105 15.1421
 48 1136  0.2706  0.0100 33.4876
 80 1136  0.1157 -0.0032 479.8057
112 1136  0.0517 -0.0050 92.1705
144 1136  0.0847 -0.0607 87.7129
176 1136  0.1124 -0.0535 284.2782
208 1136  0.1371 -0.0173 82.8364
240 1136  0.5829 -0.0209 115.1121
272 1136  0.1317 -0.3075 83.6710
304 1136  0.1461 -0.1285 49.1599
336 1136  0.2889 -0.2438 165.1932
368 1136  0.2693 -0.3054 137.5421
400 1136 -0.0013 -0.0190 15.7080
432 1136  0.0284  0.0043 10.2673
464 1136  0.0069  0.0161 19.6403
496 1136 -0.0037 -0.0536 11.5767
528 1136 -0.0222 -0.0510 17.1482
560 1136 -0.0064  0.0474 11.9002
592 1136 -0.2939 -0.0824  9.5646
624 1136 -0.0319 -0.0228 13.2625
656 1136 -0.0437 -0.0142 15.6497
688 1136 -0.0163  0.0104 16.7193
720 1136 -0.0066  0.0211  4.9274
752 1136  0.0060  0.0186  4.9754
784 1136  0.0308  0.0150  5.2025
816 1136  0.0177 -0.0041  8.7972
848 1136 -0.0380  0.0408  8.9244
880 1136 -0.0258  0.0646  4.1838
976 1136 -0.0234  0.0000  4.2314
1008 1136  0.0148  0.0163  5.0639
1040 1136 -0.0069 -0.0096  4.7454
1072 1136 -0.0231 -0.0248  5.3807
1104 1136 -0.0021  0.0274  7.6152
1136 1136 -0.0130 -0.0042  9.1299
1168 1136  0.0176 -0.0152 17.2407
 16 1168 -0.0069  0.0011 13.1568
 48 1168  0.0527  0.0166 15.6210
 80 1168  0.1247 -0.0190 70.2389
112 1168  0.1179 -0.0316 69.8406
144 1168  0.2136 -0.0349 146.0634
176 1168  0.0968 -0.0127 251.5136
208 1168  0.1088 -0.3066 120.1850
240 1168  0.0789 -0.0666 62.1669
272 1168  0.1782 -0.1284 116.2577
304 1168  0.1020 -0.0489 110.3550
336 1168  0.1251 -0.1937 138.3694
368 1168  0.1453 -0.2032 255.0049
400 1168  0.0033 -0.0470 13.3003
432 1168  0.0352 -0.0890 13.5568
464 1168  0.0628 -0.1067 42.9711
496 1168 -0.0075 -0.0172 20.2592
528 1168 -0.0119 -0.0717 15.2491
560 1168 -0.3068 -0.2457  9.3605
592 1168 -0.0311 -0.0471 11.9857
624 1168 -0.0399 -0.0242 13.7684
656 1168 -0.0255 -0.0099 11.5642
688 1168 -0.0236  0.0007 11.2551
720 1168  0.0015 -0.0033 11.8907
752 1168 -0.0036 -0.0075 10.0223
784 1168  0.0002 -0.0047  8.2405
816 1168 -0.0241 -0.0107 13.4506
848 1168 -0.0312 -0.0038 15.1581
880 1168  0.0169  0.0057 13.1571
912 1168 -0.0023  0.0004 11.1375
944 1168  0.0020  0.0160  5.7109
976 1168  0.0050  0.0276  4.7155
1104 1168 -0.0066  0.0000  4.1668
1136 1168 -0.0579  0.0387  4.5060
1168 1168 -0.0176 -0.0010  4.6224
 16 1200  0.0160  0.0202 12.0854
 48 1200  0.0884 -0.0275 17.0485
 80 1200  0.0339 -0.0087 14.9497
112 1200  0.0509 -0.0263 97.3324
144 1200  0.0823 -0.0101 59.2505
176 1200  0.0944 -0.0095 137.8268
208 1200  0.0250 -0.0619 61.7831
240 1200  0.0852 -0.1547 118.3071
272 1200  0.0788 -0.1682 141.0568
304 1200  0.1396 -0.0912 68.9607
336 1200  0.1612 -0.1570 175.0659
368 1200  0.2608 -0.2538 50.7156
400 1200  0.0093 -0.0215 11.6586
432 1200  0.0250 -0.0245 13.9065
464 1200  0.0261 -0.0336 15.3379
496 1200 -0.0225  0.0047 14.1523
528 1200 -0.0054 -0.0647 24.0416
560 1200 -0.2651 -0.0655 11.0891
592 1200 -0.0425 -0.1050 19.5990
624 1200  0.0248 -0.1827 30.7987
656 1200  0.0083 -0.1463 26.8296
688 1200  0.0077 -0.0181 12.9950
720 1200 -0.0106  0.0088 17.7004
752 1200 -0.0431  0.0027 16.1203
784 1200 -0.0073  0.0371 10.7400
816 1200 -0.0316 -0.0221 12.2147
848 1200  0.0358 -0.0340 10.2358
880 1200  0.0230 -0.0075 16.1285
912 1200 -0.0342 -0.0102 18.7511
944 1200  0.0040  0.0138 15.5973
976 1200  0.0016 -0.0123 15.1735
1008 1200 -0.0141 -0.0018 12.0274
1040 1200 -0.0054  0.0164  7.6670
1072 1200  0.0099  0.0219  5.8561
1104 1200 -0.0252  0.0084  4.7543
1136 1200  0.0000  0.0211  4.1649
 16 1232  0.0259  0.0069  9.9899
 48 1232  0.0224  0.0036 32.5490
 80 1232  0.1382 -0.0190 107.5562
112 1232  0.0148  0.0053 24.3789
144 1232  0.0926 -0.0446 238.7018
176 1232  0.0909 -0.0255 256.1865
208 1232  0.1746 -0.1903 117.5929
240 1232  0.1302 -0.0155 23.6366
272 1232  0.1499 -0.0629 47.7388
304 1232  0.4701 -0.1604 106.8185
336 1232  0.1179 -0.1008 193.5733
368 1232  0.0729 -0.2162 62.0361
400 1232 -0.0346 -0.0021 40.1404
432 1232  0.0082 -0.0362 15.8720
464 1232  0.0254  0.0085 29.8631
496 1232  0.0143 -0.0209 24.6328
528 1232  0.0148  0.0021 16.0865
560 1232  0.0338 -0.0243 17.1898
592 1232 -0.0111 -0.0050 15.4475
624 1232  0.0139 -0.0918 14.3486
656 1232  0.0227 -0.0984 13.6749
688 1232  0.0076  0.0204 11.0380
720 1232 -0.0108  0.0009 13.0497
752 1232 -0.0422 -0.0052 18.3727
784 1232  0.0876  0.0017 13.9077
816 1232 -0.0016 -0.0262 21.1801
848 1232  0.0180  0.0156 10.8981
880 1232  0.0620 -0.0040  8.6029
912 1232  0.0701  0.0201  8.2564
944 1232 -0.0057 -0.0325 14.1775
976 1232 -0.0261  0.0175 12.7550
1008 1232  0.0162  0.0063 16.2325
1040 1232 -0.0374  0.0139 14.0050
1072 1232 -0.0353 -0.0142 11.9093
1104 1232 -0.0301 -0.0047 12.8938
1136 1232 -0.0065  0.0060 11.7780
1168 1232  0.0016  0.0213 12.4204
 16 1264  0.0392 -0.0012 82.3250
 48 1264 -0.0194 -0.0044 30.8339
 80 1264  0.1760 -0.0731 191.5292
112 1264  0.0403 -0.0716 61.5909
144 1264  0.0145  0.0154 60.3992
176 1264  0.1097 -0.0898 86.8413
208 1264  0.0723 -0.2282 41.7271
240 1264  0.1665 -0.1083 71.6490
272 1264  0.0524 -0.0606 73.7330
304 1264  0.0561 -0.0749 45.4967
336 1264  0.1275 -0.2971 80.0997
368 1264  0.0671 -0.1923 68.9098
400 1264  0.0039 -0.0143 14.0988
432 1264 -0.0139 -0.0218 16.9892
464 1264  0.0290  0.0087 10.3459
496 1264  0.0300 -0.0457 13.4021
528 1264 -0.0198 -0.0137 13.6489
560 1264  0.0154 -0.0101 15.7407
592 1264  0.0009  0.0230  9.5186
624 1264 -0.0043  0.0035 15.3544
656 1264 -0.0003  0.0068 13.2042
688 1264 -0.0422 -0.0453 11.3423
720 1264  0.0305  0.0047 13.5350
752 1264  0.0001  0.0193 24.2639
784 1264  0.0125 -0.0143 11.6756
816 1264 -0.0220 -0.0168 16.3190
848 1264  0.0117 -0.0157 10.3088
880 1264 -0.0430  0.0491  8.0882
912 1264 -0.0117 -0.0280 11.7926
944 1264 -0.0440  0.0340  9.2362
976 1264  0.0551 -0.0931  7.8526
1008 1264  0.0435  0.0038  9.5527
1040 1264 -0.0443  0.0435 10.8703
1072 1264  0.0840 -0.0530 10.2610
1104 1264 -0.0521 -0.0243  9.9677
1136 1264  0.0368 -0.0948 10.5042
1168 1264 -0.0398  0.0166 13.1098
 16 1296  0.0074  0.0048 13.1697
 48 1296  0.0633  0.0077 21.2606
 80 1296  0.0372 -0.0189 47.1940
112 1296  0.0114 -0.0182 30.0903
144 1296  0.0281 -0.0250 27.2659
176 1296  0.0918 -0.0104 62.8852
208 1296  0.2447 -0.0640 97.1429
240 1296  0.0634 -0.0340 61.1349
272 1296  0.0827 -0.0368 70.9702
304 1296  0.1071 -0.1730 28.1289
336 1296  0.1852 -0.1221 194.9682
368 1296  0.0446 -0.1326 80.2797
400 1296  0.0062 -0.0079 40.6046
432 1296 -0.0069 -0.0087 22.4531
464 1296  0.0311  0.0241 18.3666
496 1296  0.0194  0.0048 22.5452
528 1296  0.0353  0.0267 11.8132
560 1296  0.0208  0.0117 20.7680
592 1296  0.0106  0.0012 14.8034
624 1296 -0.0124 -0.0256 13.7064
656 1296 -0.0075  0.0141 11.6830
688 1296  0.0202  0.0024 11.1883
720 1296 -0.0068 -0.0156 15.1370
752 1296  0.0113  0.0098 17.0925
784 1296 -0.0181 -0.0052 11.3778
816 1296  0.0405  0.0454  9.7767
848 1296  0.0096  0.0015 12.3390
880 1296 -0.0095  0.0031 11.2271
912 1296 -0.0208  0.0137 11.5108
944 1296  0.0699  0.0076 11.7269
976 1296 -0.0388  0.0394 11.1214
1008 1296 -0.0036  0.0152 10.1857
1040 1296 -0.0249  0.0175  8.4154
1072 1296 -0.0141 -0.0254  9.4802
1104 1296  0.0094  0.0049 10.4776
1136 1296  0.0192 -0.0401 10.2045
1168 1296 -0.0306  0.0169  9.4806
  0   0  0.0259 -0.0336  0.0000
  0   0 -0.0152 -0.0479  0.0000
  0   0  0.0188 -0.0763  0.0000
  0   0  0.0047 -0.0221  0.0000
  0   0  0.0417 -0.0117  0.0000
  0   0  0.0833 -0.0129  0.0000
  0   0  0.0791 -0.0310  0.0000
  0   0  0.0710 -0.0381  0.0000
  0   0  0.0939 -0.0413  0.0000
  0   0  0.1544 -0.0377  0.0000
  0   0  0.2199 -0.0577  0.0000
  0   0  0.1433 -0.0509  0.0000
  0   0  0.1311 -0.0676  0.0000
  0   0  0.1321 -0.1224  0.0000
  0   0  0.1404 -0.0862  0.0000
  0   0  0.0418 -0.0557  0.0000
  0   0 -0.0107  0.0367  0.0000
  0   0 -0.0320  0.0861  0.0000
  0   0 -0.0205  0.1338  0.0000
  0   0 -0.0130  0.1245  0.0000
  0   0  0.0050  0.1063  0.0000
  0   0  0.0033  0.0759  0.0000
  0   0 -0.0068  0.0472  0.0000
  0   0 -0.0182  0.0236  0.0000
  0   0 -0.0098  0.0279  0.0000
  0   0  0.0059  0.0138  0.0000
  0   0  0.0009 -0.0016  0.0000
  0   0  0.0105  0.0084  0.0000
  0   0  0.0080  0.0112  0.0000
  0   0  0.0384  0.0371  0.0000
  0   0  0.0255  0.0178  0.0000
  0   0  0.0174  0.0156  0.0000
  0   0  0.0253  0.0262  0.0000
  0   0  0.0698  0.0357  0.0000
  0   0  0.0169  0.0657  0.0000
  0   0  0.0032  0.0134  0.0000
  0   0 -0.0184  0.0137  0.0000
  0   0 -0.0179 -0.0089  0.0000
  0   0 -0.0124  0.0001  0.0000
  0   0 -0.0100 -0.0248  0.0000
  0   0 -0.0247 -0.0121  0.0000
  0   0 -0.0033 -0.0357  0.0000
  0   0 -0.0036 -0.0538  0.0000
  0   0  0.0189 -0.0660  0.0000
  0   0  0.0349 -0.0457  0.0000
  0   0  0.0699 -0.0363  0.0000
  0   0  0.1063 -0.0376  0.0000
  0   0  0.1230 -0.0484  0.0000
  0   0  0.1360 -0.0565  0.0000
  0   0  0.1630 -0.0609  0.0000
  0   0  0.2038 -0.0625  0.0000
  0   0  0.2307 -0.0693  0.0000
  0   0  0.1982 -0.0678  0.0000
  0   0  0.1722 -0.0717  0.0000
  0   0  0.1474 -0.0760  0.0000
  0   0  0.1136 -0.0368  0.0000
  0   0  0.0392  0.0190  0.0000
  0   0 -0.0183  0.1004  0.0000
  0   0 -0.0496  0.1659  0.0000
  0   0 -0.0549  0.2116  0.0000
  0   0 -0.0488  0.2141  0.0000
  0   0 -0.0354  0.1907  0.0000
  0   0 -0.0292  0.1524  0.0000
  0   0 -0.0288  0.1114  0.0000
  0   0 -0.0277  0.0760  0.0000
  0   0 -0.0176  0.0539  0.0000
  0   0 -0.0043  0.0312  0.0000
  0   0  0.0028  0.0140  0.0000
  0   0  0.0136  0.0122  0.0000
  0   0  0.0233  0.0158  0.0000
  0   0  0.0421  0.0271  0.0000
  0   0  0.0467  0.0239  0.0000
  0   0  0.0536  0.0265  0.0000
  0   0  0.0716  0.0379  0.0000
  0   0  0.0995  0.0538  0.0000
  0   0  0.0927  0.0800  0.0000
  0   0 -0.0017  0.0198  0.0000
  0   0 -0.0207  0.0147  0.0000
  0   0 -0.0292  0.0017  0.0000
  0   0 -0.0325 -0.0037  0.0000
  0   0 -0.0337 -0.0195  0.0000
  0   0 -0.0348 -0.0264  0.0000
  0   0 -0.0207 -0.0433  0.0000
  0   0 -0.0046 -0.0588  0.0000
  0   0  0.0228 -0.0676  0.0000
  0   0  0.0548 -0.0627  0.0000
  0   0  0.0956 -0.0591  0.0000
  0   0  0.1371 -0.0613  0.0000
  0   0  0.1706 -0.0690  0.0000
  0   0  0.2001 -0.0774  0.0000
  0   0  0.2312 -0.0841  0.0000
  0   0  0.2599 -0.0882  0.0000
  0   0  0.2706 -0.0902  0.0000
  0   0  0.2482 -0.0846  0.0000
  0   0  0.2117 -0.0715  0.0000
  0   0  0.1644 -0.0440  0.0000
  0   0  0.1051  0.0119  0.0000
  0   0  0.0313  0.0873  0.0000
  0   0 -0.0323  0.1741  0.0000
  0   0 -0.0738  0.2490  0.0000
  0   0 -0.0909  0.2974  0.0000
  0   0 -0.0902  0.3066  0.0000
  0   0 -0.0789  0.2825  0.0000
  0   0 -0.0663  0.2364  0.0000
  0   0 -0.0550  0.1813  0.0000
  0   0 -0.0432  0.1281  0.0000
  0   0 -0.0283  0.0840  0.0000
  0   0 -0.0124  0.0481  0.0000
  0   0  0.0017  0.0235  0.0000
  0   0  0.0168  0.0131  0.0000
  0   0  0.0328  0.0126  0.0000
  0   0  0.0519  0.0187  0.0000
  0   0  0.0687  0.0234  0.0000
  0   0  0.0889  0.0319  0.0000
  0   0  0.1164  0.0461  0.0000
  0   0  0.1481  0.0649  0.0000
  0   0  0.1704  0.0889  0.0000
  0   0 -0.0108  0.0285  0.0000
  0   0 -0.0303  0.0198  0.0000
  0   0 -0.0455  0.0088  0.0000
  0   0 -0.0555 -0.0032  0.0000
  0   0 -0.0596 -0.0189  0.0000
  0   0 -0.0558 -0.0350  0.0000
  0   0 -0.0407 -0.0525  0.0000
  0   0 -0.0146 -0.0677  0.0000
  0   0  0.0224 -0.0768  0.0000
  0   0  0.0683 -0.0790  0.0000
  0   0  0.1200 -0.0794  0.0000
  0   0  0.1729 -0.0825  0.0000
  0   0  0.2223 -0.0900  0.0000
  0   0  0.2670 -0.1001  0.0000
  0   0  0.3052 -0.1104  0.0000
  0   0  0.3308 -0.1179  0.0000
  0   0  0.3346 -0.1194  0.0000
  0   0  0.3102 -0.1096  0.0000
  0   0  0.2604 -0.0821  0.0000
  0   0  0.1900 -0.0303  0.0000
  0   0  0.1054  0.0494  0.0000
  0   0  0.0167  0.1504  0.0000
  0   0 -0.0606  0.2578  0.0000
  0   0 -0.1143  0.3505  0.0000
  0   0 -0.1400  0.4092  0.0000
  0   0 -0.1415  0.4224  0.0000
  0   0 -0.1271  0.3922  0.0000
  0   0 -0.1059  0.3306  0.0000
  0   0 -0.0834  0.2537  0.0000
  0   0 -0.0615  0.1762  0.0000
  0   0 -0.0403  0.1087  0.0000
  0   0 -0.0198  0.0565  0.0000
  0   0 -0.0004  0.0221  0.0000
  0   0  0.0190  0.0052  0.0000
  0   0  0.0395  0.0022  0.0000
  0   0  0.0624  0.0079  0.0000
  0   0  0.0884  0.0182  0.0000
  0   0  0.1203  0.0323  0.0000
  0   0  0.1591  0.0503  0.0000
  0   0  0.2029  0.0718  0.0000
  0   0  0.2474  0.0956  0.0000
