VARIABLES= "X pix", "Y pix", "U pix/dt", "V pix/dt", "CHC", ZONE I=37, J=41
304  16 -0.1659 -0.1447 59.5809
336  16 -0.1150 -0.1005 18.9118
368  16 -0.1120 -0.0738 24.6753
400  16 -0.1025 -0.0581 88.5845
496  16 -0.1320 -0.0492 89.0435
528  16 -0.0487 -0.0182 39.0095
560  16 -0.0104 -0.0307 40.9600
592  16  0.0032 -0.0153 50.5679
624  16 -0.0376 -0.0126 54.6133
656  16 -0.0232 -0.0148 46.5454
688  16 -0.0396 -0.0019 273.0666
304  48 -0.0233  0.0113 52.5128
336  48 -0.0206  0.0523 29.4676
368  48 -0.0246  0.0836 110.7027
496  48  0.0092  0.0972 71.8596
528  48  0.0468  0.0870 27.3067
560  48  0.0068  0.0000 34.8683
592  48 -0.1199 -0.2211 221.4053
688  48 -0.1019 -0.1527 227.5554
720  48 -0.0533 -0.0803 29.2571
752  48 -0.0017 -0.0489 35.0085
784  48  0.0059  0.0242 32.4551
816  48  0.0000  0.2877 254.2344
304  80 -0.0030  0.2030 49.3494
336  80 -0.0099  0.0803 30.7970
368  80 -0.0170  0.0011 50.5679
400  80 -0.0175 -0.0207 47.0804
432  80 -0.0270 -0.0178 43.5745
464  80 -0.0547  0.0098 4095.9939
496  80 -0.0506  0.0154 71.8596
528  80 -0.0308  0.0429 28.4444
560  80 -0.0078  0.0000 39.4882
592  80  0.0403 -0.0099 50.2577
688  80 -0.0068  0.0904 341.3332
720  80 -0.0592  0.0078 80.3137
752  80  0.0551 -0.1311 75.8518
784  80  0.3078 -0.3052 97.5238
816  80  0.5000 -0.2211 87.1489
 16 144 -0.0347 -0.0477 42.8277
 48 144 -0.1275 -0.0133 25.2525
 80 144 -0.0553 -0.1031 221.1330
112 144 -0.0819 -0.0666 229.6917
144 144 -0.0601 -0.0580 103.3146
176 144 -0.0979 -0.0448 125.2141
208 144 -0.0434 -0.0270 102.7287
240 144 -0.1383 -0.0372 163.2410
272 144 -0.0221  0.0197 32.3724
304 144 -0.0302 -0.0237 183.1005
336 144 -0.0088  0.0075 99.7864
368 144 -0.0658  0.0164 105.5025
400 144 -0.0021  0.0150 60.2501
432 144 -0.0495  0.0447 136.8444
464 144 -0.0131  0.0353 208.6069
496 144 -0.0110  0.0593 120.9494
528 144 -0.0371  0.0511 201.9272
560 144 -0.0239  0.0382 86.7811
592 144  0.0100  0.0381 206.7289
624 144 -0.0254  0.0187 75.4412
656 144 -0.0001  0.0336 110.8873
688 144 -0.0104  0.0358 103.6894
720 144 -0.0208  0.0176 116.4630
752 144  0.0038 -0.0027 68.8653
784 144 -0.0197 -0.0068 123.2404
816 144 -0.0418  0.0519 150.5360
848 144 -0.0095  0.0006 134.7874
880 144 -0.0165  0.0148 156.9442
912 144 -0.0157  0.0052 167.7845
944 144 -0.0175  0.0189 117.4875
976 144 -0.0131  0.0119 81.3301
1008 144 -0.0619  0.0428 55.9018
1040 144 -0.0494  0.0008 44.4213
1072 144 -0.0441  0.0284 124.1125
1104 144 -0.0333  0.0432 27.1798
1136 144 -0.0150  0.0161 74.6862
1168 144 -0.0674  0.0768 105.4150
 16 176 -0.1282 -0.0424 37.7628
 48 176 -0.0877 -0.0512 89.6917
 80 176 -0.0882 -0.2598 41.5426
112 176 -0.0280 -0.1478 395.0817
144 176 -0.1155 -0.1565 229.3720
176 176 -0.0793 -0.0626 149.7819
208 176 -0.0989 -0.0246 68.1319
240 176  0.0499  0.0290 253.7516
272 176 -0.0479 -0.0445 189.8246
304 176 -0.0761 -0.0177 166.9426
336 176 -0.0320  0.0070 243.1592
368 176 -0.0461  0.0025 101.2830
400 176 -0.0493  0.0208 162.3698
432 176 -0.0295  0.0207 128.1943
464 176 -0.0817  0.0042 56.9416
496 176 -0.0191  0.0434 229.5546
528 176 -0.0193  0.0487 212.3297
560 176 -0.0332  0.0880 139.9621
592 176 -0.0219  0.0907 69.5854
624 176 -0.0104  0.0696 253.4474
656 176 -0.0108  0.0207 143.5174
688 176 -0.0303  0.0137 79.5187
720 176 -0.0296  0.0130 135.7004
752 176 -0.0238  0.0360 341.6764
784 176 -0.0387 -0.0206 90.7910
816 176 -0.0049  0.0045 262.5436
848 176 -0.0043 -0.0104 308.0785
880 176 -0.0200 -0.0386 120.4939
912 176 -0.0047  0.0037 139.9705
944 176  0.0708 -0.0108 98.5309
976 176  0.0127 -0.0391 98.9558
1008 176 -0.0342  0.0407 131.3147
1040 176  0.0109  0.0329 173.9676
1072 176 -0.0304  0.0466 124.0393
1104 176 -0.0048  0.0503 109.3218
1136 176 -0.0644  0.0584 83.0082
1168 176 -0.0446  0.0525 273.5758
 16 208 -0.0972 -0.1689 110.7129
 48 208 -0.1742 -0.0583 129.7649
 80 208 -0.1138 -0.0784 117.0971
112 208 -0.2011 -0.1766 79.3916
144 208 -0.0985 -0.0975 322.7493
176 208 -0.0189 -0.0436 183.9960
208 208 -0.0774 -0.0729 130.3625
240 208 -0.1121 -0.0627 108.8847
272 208 -0.0783 -0.0466 208.2771
304 208 -0.0689 -0.0090 162.5106
336 208 -0.0417  0.0042 174.9185
368 208 -0.0165  0.0595 86.3479
400 208 -0.0042 -0.0173 175.2633
432 208 -0.0250  0.0302 169.4911
464 208 -0.0193  0.0554 183.1918
496 208 -0.0023  0.0575 194.0250
528 208 -0.0175  0.0758 172.7198
560 208 -0.0218  0.0254 112.1193
592 208 -0.0322  0.0463 53.5527
624 208 -0.0302  0.0332 81.8611
656 208 -0.0443  0.0430 92.9697
688 208 -0.0443  0.0114 95.1151
720 208  0.0114  0.0245 103.5954
752 208 -0.0237  0.0153 132.9906
784 208 -0.0177 -0.0006 118.1501
816 208 -0.0037 -0.0097 131.2496
848 208 -0.0134 -0.0138 160.7385
880 208 -0.0011 -0.0263 240.5133
912 208 -0.0232 -0.0162 88.1462
944 208 -0.0029 -0.0053 102.9733
976 208 -0.0011 -0.0011 119.4559
1008 208 -0.0253  0.0289 168.0011
1040 208 -0.0005  0.0431 73.1137
1072 208 -0.0292  0.0318 148.9677
1104 208 -0.0245  0.0446 145.8677
1136 208 -0.0601  0.0671 136.5451
1168 208 -0.0223  0.0201 206.7135
 16 240 -0.0833 -0.0959 136.7654
 48 240 -0.0859 -0.0096 61.0645
 80 240 -0.2387 -0.1607 291.1541
112 240 -0.2339 -0.1873 241.7301
144 240 -0.0664 -0.0938 171.3062
176 240 -0.0914 -0.0983 257.8861
208 240 -0.0334 -0.0835 80.1000
240 240 -0.0632 -0.1154 421.0436
272 240 -0.0884 -0.0651 204.2520
304 240 -0.0573 -0.0239 96.8501
336 240 -0.0348 -0.0121 118.0311
368 240 -0.0636 -0.0014 142.7047
400 240 -0.0607  0.0256 242.6545
432 240 -0.0131  0.0390 89.8451
464 240 -0.0156  0.0315 204.2717
496 240 -0.0087  0.0542 249.0700
528 240 -0.0283  0.0192 143.0333
560 240 -0.0056  0.0527 131.8276
592 240 -0.0405  0.0564 161.7176
624 240 -0.0815  0.0322 134.9772
656 240 -0.0237  0.0237 185.2318
688 240 -0.0091  0.0032 176.2502
720 240  0.0076 -0.0094 146.8492
752 240 -0.0185 -0.0044 187.2584
784 240  0.0219 -0.0119 106.1083
816 240 -0.0054 -0.0156 166.7951
848 240  0.0039 -0.0062 188.8628
880 240  0.0104 -0.0081 93.0233
912 240 -0.0096 -0.0125 94.7952
944 240  0.0002  0.0226 88.7928
976 240 -0.0165  0.0939 144.9553
1008 240 -0.0068  0.0026 140.1147
1040 240 -0.0073  0.0005 156.6031
1072 240  0.0022  0.0211 178.9987
1104 240 -0.0307  0.0505 96.6329
1136 240 -0.0509  0.0433 239.3533
1168 240 -0.0169  0.0578 38.7693
 16 272 -0.0851 -0.1820 229.0110
 48 272 -0.0210 -0.1208 267.4343
 80 272 -0.2219 -0.1414 94.1480
112 272 -0.0515 -0.1632 215.5095
144 272 -0.1584 -0.0378 147.8230
176 272 -0.1860 -0.1529 116.7870
208 272 -0.0987 -0.1117 315.8133
240 272 -0.1054 -0.0812 223.5747
272 272 -0.0349 -0.0588 295.4273
304 272 -0.0660 -0.0640 190.7905
336 272 -0.0588 -0.0357 151.4822
368 272 -0.0256  0.0053 177.6264
400 272 -0.0402  0.0405 144.7482
432 272 -0.0231  0.0157 164.6117
464 272 -0.0271  0.0440 185.4231
496 272 -0.0185  0.0463 110.6888
528 272  0.0055  0.0835 133.8013
560 272 -0.0295  0.0770 28.9713
592 272 -0.0526  0.0397 126.0506
624 272 -0.0217  0.0355 110.1672
656 272 -0.0301  0.0044 160.4691
688 272 -0.0418  0.0230 126.3595
720 272 -0.0102 -0.0284 118.7201
752 272 -0.0214 -0.0287 101.7875
784 272 -0.0179 -0.0409 156.4151
816 272  0.0564 -0.0857 164.2533
848 272  0.0038 -0.0247 88.5006
880 272  0.0070 -0.0141 81.7198
912 272  0.0031 -0.0205 59.2668
944 272  0.0039 -0.0089 164.7983
976 272  0.0089  0.0193 140.0599
1008 272 -0.0075  0.0174 142.6587
1040 272 -0.0223  0.0511 85.0877
1072 272 -0.0354  0.0560 174.8881
1104 272  0.0247  0.0229 301.0815
1136 272 -0.0314  0.0362 136.4844
1168 272 -0.0138  0.0454 88.8231
 16 304 -0.1550 -0.1659 222.9600
 48 304 -0.0615 -0.0840 233.9597
 80 304 -0.2997 -0.2231 165.4593
112 304 -0.3740 -0.3398 196.5559
144 304 -0.1370 -0.1637 260.9927
176 304 -0.2625 -0.1314 195.4630
208 304 -0.1583 -0.1025 236.1649
240 304 -0.0899 -0.1225 239.2344
272 304 -0.1292 -0.0893 31.2735
304 304 -0.0933 -0.1115 293.8967
336 304 -0.0802 -0.0326 174.7064
368 304 -0.0594 -0.0120 272.0657
400 304 -0.0428  0.0043 57.6281
432 304 -0.0666  0.0042 181.0205
464 304 -0.0323  0.0544 236.5688
496 304 -0.0433  0.0441 195.1972
528 304  0.0030  0.0668 86.0111
560 304 -0.0239  0.0744 249.0166
592 304 -0.0020  0.0314 125.4323
624 304 -0.0314  0.0283 158.6921
656 304 -0.0221  0.0041 76.5596
688 304 -0.0045 -0.0072 97.9258
720 304 -0.0020 -0.0560 154.2630
752 304 -0.0227 -0.0143 80.2914
784 304  0.0037 -0.0356 171.7814
816 304 -0.0017 -0.0414 153.4690
848 304  0.0592 -0.0723 92.6509
880 304 -0.0332  0.0166 160.8106
912 304 -0.0049 -0.0198 111.4032
944 304 -0.0032 -0.0129 111.3554
976 304 -0.0174  0.0238 141.8012
1008 304 -0.0023 -0.0026 76.2657
1040 304 -0.0072  0.0030 102.1758
1072 304 -0.0225  0.0492 138.5700
1104 304  0.0016  0.0277 127.2929
1136 304 -0.0127  0.0403 97.1569
1168 304 -0.0519  0.1193 51.0388
 16 336 -0.3709 -0.2393 270.3886
 48 336 -0.1468 -0.1644 278.9490
 80 336 -0.2582 -0.1382 276.7047
112 336 -0.3511 -0.3304 246.6216
144 336 -0.0905 -0.1648 102.7871
176 336 -0.1617 -0.1222 37.2930
208 336 -0.1138 -0.1253 282.8757
240 336 -0.1190 -0.0980 175.5174
272 336 -0.0440 -0.0993 37.6166
304 336 -0.0623 -0.0738 84.2632
336 336 -0.0614 -0.0293 180.9938
368 336 -0.0349 -0.0118 125.7106
400 336 -0.0657 -0.0150 71.8296
432 336 -0.0123  0.0389 146.4819
464 336 -0.0111  0.0356 161.8575
496 336  0.0052  0.0124 186.7112
528 336 -0.0561  0.0500 142.4200
560 336 -0.0086  0.0696 103.5547
592 336 -0.0121 -0.0097 80.7761
624 336 -0.0281  0.0046 95.8167
656 336 -0.0202  0.0290 75.2419
688 336 -0.0140 -0.0024 148.9058
720 336  0.0098 -0.0256 119.1515
752 336 -0.0052 -0.0349 81.0438
784 336 -0.0381 -0.0278 53.8710
816 336  0.0069 -0.0765 90.7186
848 336 -0.0019 -0.0667 107.8438
880 336  0.0031 -0.0548 94.1232
912 336  0.0060 -0.0568 140.8586
944 336  0.0225 -0.0595 180.5594
976 336  0.0017 -0.0162 108.9383
1008 336 -0.0010 -0.0089 97.3377
1040 336 -0.0237  0.0551 79.1601
1072 336 -0.0226  0.0410 120.2735
1104 336 -0.0418  0.0734 111.0393
1136 336 -0.0225  0.0641 175.8676
1168 336 -0.0185  0.0395 130.2697
 16 368 -0.5303 -0.3353 57.7818
 48 368 -0.3902 -0.1117 110.0226
 80 368 -0.4104 -0.2364 151.0672
112 368 -0.2231 -0.1713 20.2951
144 368 -0.2947 -0.1745 236.2309
176 368 -0.4225 -0.1735 73.3576
208 368 -0.2221 -0.2013 99.1935
240 368 -0.1783 -0.2483 86.0818
272 368 -0.0850 -0.1574 75.9333
304 368 -0.0779 -0.1536 228.4735
336 368 -0.0582 -0.1014 52.8349
368 368 -0.0919 -0.0618 213.8767
400 368 -0.0652 -0.0110 80.3471
432 368 -0.0413  0.0002 128.3691
464 368 -0.0267  0.0270 136.9488
496 368 -0.0346  0.0023 114.2069
528 368 -0.0149  0.0228 159.6688
560 368  0.0039  0.0957 224.3893
592 368 -0.0228  0.0409 132.0621
624 368 -0.0186  0.0407 158.8434
656 368 -0.0010  0.0215 45.0199
688 368 -0.0172 -0.0211 168.2536
720 368 -0.0035 -0.0231 107.6428
752 368 -0.0205 -0.0695 143.8607
784 368 -0.0242 -0.0029 300.4601
816 368  0.0242 -0.0943 188.9238
848 368 -0.0068 -0.1086 81.4989
880 368 -0.0209 -0.0993 182.8804
912 368  0.0227 -0.0713 158.9796
944 368  0.0079  0.0133 199.3281
976 368 -0.0397 -0.0312 35.2741
1008 368 -0.0288  0.0079 256.6277
1040 368 -0.0204  0.0135 203.0643
1072 368 -0.0128  0.0232 98.2963
1104 368 -0.0419  0.0437 116.6069
1136 368 -0.0419  0.1292 92.3419
1168 368 -0.0344  0.0662 150.0674
 16 400 -0.1650 -0.1279 69.5733
 48 400 -0.1703 -0.3743 145.0403
 80 400 -0.2927 -0.7313 145.1993
112 400 -0.1480 -0.4372 349.6410
144 400 -0.1566 -0.4467 234.0595
176 400 -0.0690 -0.4407 58.0397
208 400 -0.2788 -0.6072 118.7529
240 400 -0.0733 -0.3142 204.7837
272 400 -0.0452 -0.0652 27.4882
304 400 -0.1345 -0.1240 172.1896
336 400 -0.0524 -0.0530 38.4459
368 400 -0.1126 -0.0901 126.0327
400 400 -0.0445 -0.0372 103.2716
432 400 -0.0309 -0.0093 162.3806
464 400 -0.0242 -0.0212 180.9306
496 400 -0.0157  0.0239 143.8625
528 400 -0.0071  0.0040 163.8781
560 400  0.0002  0.0143 172.0271
592 400 -0.0426  0.0342 198.2418
624 400  0.0081  0.0273 117.2071
656 400 -0.0111 -0.0036 199.5061
688 400 -0.0448 -0.0441 261.2162
720 400 -0.0001 -0.0337 192.1601
752 400 -0.0069 -0.0176 71.6101
784 400 -0.0027 -0.0323 176.6995
816 400  0.0241 -0.1262 112.0023
848 400  0.0303 -0.0902 114.4540
880 400  0.0011 -0.0960 72.3847
912 400 -0.0147 -0.0601 123.1196
944 400  0.0053 -0.0595 107.1245
976 400 -0.0070 -0.0272 108.8570
1008 400 -0.0100  0.0531 100.9161
1040 400 -0.0319  0.0044 209.2106
1072 400 -0.0278  0.0804 172.2672
1104 400 -0.0758  0.0511 140.3465
1136 400 -0.0940  0.1426 139.7178
1168 400 -0.0618  0.0252 31.1246
 16 432 -0.1306 -0.1565 40.9265
 48 432 -0.2383 -0.3443 63.3060
 80 432 -0.4175 -0.6022 46.2413
112 432 -0.2236 -0.5992 138.7688
144 432 -0.6047 -0.2177 71.9362
176 432 -0.3309 -0.3141 103.4489
208 432 -0.1932 -0.5287 114.8310
240 432 -0.2087 -0.2177 148.4195
272 432 -0.3535 -0.1863 168.6670
304 432 -0.1569 -0.1469 157.3227
336 432 -0.2911 -0.0958 144.5621
368 432 -0.1222 -0.0785 138.8663
400 432 -0.0520 -0.0361 20.7344
432 432 -0.0227 -0.0416 181.9432
464 432 -0.0093 -0.0084 95.1778
496 432 -0.0141 -0.0118 41.4867
528 432  0.0017  0.0220 156.0574
560 432 -0.0081  0.0535 130.5212
592 432 -0.0020  0.0161 168.1219
624 432 -0.0211  0.0258 113.2501
656 432 -0.0086  0.0448 143.6273
688 432 -0.0267  0.0080 86.4783
720 432 -0.0306 -0.0429 160.8198
752 432 -0.0052 -0.0750 144.3985
784 432 -0.0143 -0.0412 162.7162
816 432 -0.0024 -0.0722 87.2027
848 432  0.0153 -0.0960 196.6832
880 432 -0.0025 -0.1076 91.4402
912 432  0.0335 -0.0507 82.6855
944 432 -0.0048 -0.0569 62.6967
976 432  0.0091 -0.0255 74.6958
1008 432 -0.0009 -0.0135 84.7720
1040 432 -0.0390  0.0296 185.1244
1072 432 -0.0317  0.0597 44.4738
1104 432 -0.0161  0.0463 123.1394
1136 432 -0.0639  0.0721 81.2681
1168 432 -0.0416  0.0732 100.3874
 16 464 -0.3574 -0.4054 32.2729
 48 464 -1.4045 -0.8579 135.9752
 80 464 -0.6388 -0.5224 84.6882
112 464 -0.3884 -0.3370 166.8936
144 464 -0.9223 -0.7126 85.3184
176 464 -0.3643 -0.5326 249.6157
208 464 -0.1666 -0.5563 103.2839
240 464 -0.5445 -0.3376 112.7046
272 464 -0.3682 -0.3613 285.6949
304 464 -0.1804 -0.2615 153.8004
336 464 -0.1782 -0.1587 259.3712
368 464 -0.1500 -0.1281 155.2759
400 464 -0.0729 -0.1320 138.6061
432 464 -0.0525 -0.0382 62.9136
464 464 -0.0063 -0.0216 262.8711
496 464 -0.0097 -0.0019 148.9400
528 464 -0.0368  0.0269 161.7225
560 464  0.0022  0.0305 211.2205
592 464  0.0156  0.0564 176.6203
624 464 -0.0148  0.0014 149.3991
656 464 -0.0378  0.0068 235.4695
688 464 -0.0158 -0.0126 113.3514
720 464 -0.0474 -0.0206 134.6707
752 464  0.0105  0.0019 206.4386
784 464  0.0054 -0.1046 65.3547
816 464  0.0066 -0.0803 152.1292
848 464  0.0109 -0.1117 46.6595
880 464  0.0142 -0.0903 61.4430
912 464  0.0062 -0.0022 229.1152
944 464  0.0635 -0.0559 55.5051
976 464 -0.0098 -0.0396 174.2528
1008 464 -0.0200  0.0232 38.3578
1040 464 -0.0200  0.0377 183.8895
1072 464 -0.0131  0.1256 165.8649
1104 464 -0.0280  0.0447 137.1758
1136 464 -0.0721  0.0839 66.9543
1168 464 -0.0979  0.1363 79.5438
 16 496 -0.7169 -0.5333 46.5902
 48 496 -1.4267 -1.3527 78.0616
 80 496 -0.7891 -0.6549 149.8979
112 496 -0.5798 -0.4866 41.9502
144 496 -0.2931 -0.7849 155.7185
176 496 -1.1412 -0.3291 133.8304
208 496 -0.6948 -0.2852 91.5464
240 496 -0.2108 -0.5692 247.3418
272 496 -0.3781 -0.1970 27.2672
304 496 -0.2970 -0.2719 70.7179
336 496 -0.1713 -0.1887 203.2159
368 496 -0.1043 -0.2019 165.1541
400 496 -0.0669 -0.0997 52.8464
432 496 -0.0228 -0.1408 150.4096
464 496 -0.0029 -0.0371 160.4510
496 496  0.0250 -0.0199 145.5466
528 496  0.1268  0.0090 238.0527
560 496  0.0235  0.0026 71.1184
592 496 -0.0480  0.0726 75.5357
624 496 -0.0035  0.0707 94.3411
656 496 -0.0305  0.0355 113.4764
688 496 -0.0552  0.0017 93.7165
720 496 -0.0515 -0.0624 372.6087
752 496  0.0052 -0.0821 134.3886
784 496 -0.1022 -0.1935 105.9203
816 496 -0.0038 -0.0779 71.4302
848 496 -0.0124 -0.0920 80.0729
880 496  0.0050 -0.0984 96.6339
912 496  0.0166 -0.0678 71.6242
944 496  0.0065 -0.0963 207.6599
976 496  0.0366  0.0195 80.7200
1008 496 -0.0516  0.0436 106.0924
1040 496 -0.0758  0.0563 172.0054
1072 496 -0.0840  0.0633 70.9513
1104 496 -0.0926  0.0691 106.8513
1136 496 -0.0954  0.0990 61.9503
1168 496 -0.0528  0.0727 37.4764
 16 528 -0.9408 -0.6301 25.3149
 48 528 -1.1184 -0.5762 102.5380
 80 528 -0.7864 -0.5437 172.9814
112 528 -0.8282 -0.5798 70.6600
144 528 -1.1232 -1.1029 209.0312
176 528 -0.7677 -0.6486 29.9638
208 528 -0.5183 -0.4889 66.5291
240 528 -0.3295 -0.4918 80.3733
272 528 -0.5732 -0.5334 84.8609
304 528 -0.3760 -0.4037 183.7544
336 528 -0.4289 -0.4099 184.3489
368 528 -0.2012 -0.4798 214.1068
400 528 -0.1405 -0.2228 39.1258
432 528 -0.0463 -0.1506 133.6898
464 528 -0.0001 -0.1116 168.3075
496 528  0.0465 -0.0391 214.2162
528 528  0.0544 -0.0134 32.8019
560 528  0.0092  0.0385 188.8642
592 528  0.1191  0.1582 221.9739
624 528 -0.0354  0.0755 161.4276
656 528 -0.0082  0.0664 94.6438
688 528 -0.0393  0.0588 49.2221
720 528 -0.0497 -0.0234 97.9537
752 528 -0.0703 -0.0510 43.4529
784 528 -0.0439 -0.0542 206.3686
816 528 -0.0101 -0.1210 107.4023
848 528  0.0086 -0.1158 55.3678
880 528 -0.0059 -0.0780 133.2124
912 528 -0.0229 -0.0563 132.0852
944 528 -0.0583 -0.0106 97.0502
976 528 -0.0526  0.0367 127.4946
1008 528 -0.1099  0.0536 103.6068
1040 528 -0.0660  0.0597 145.7246
1072 528 -0.0535  0.0465 172.6132
1104 528 -0.1156  0.0872 131.6720
1136 528 -0.0632  0.0434 107.7324
1168 528 -0.0939  0.1143 56.6004
 16 560 -0.2594 -0.1182 39.4947
 48 560 -0.5550 -0.2680 40.0846
 80 560 -0.5256 -0.2240 98.5246
112 560 -1.0147 -0.6482 112.6500
144 560 -1.1974 -0.7303 51.5422
176 560 -0.1596 -0.2115 19.3210
208 560 -0.7304 -0.7268 253.9966
240 560 -0.7992 -0.8685 108.6374
272 560 -0.6459 -0.6764 133.1921
304 560 -0.6289 -0.6956 88.1019
336 560 -0.6716 -0.8458 100.4115
368 560 -0.3722 -0.6848 184.0745
400 560 -0.0387 -0.2122 121.1082
432 560  0.0130 -0.2492 212.2451
464 560  0.0695 -0.0983 113.8424
496 560  0.0167 -0.0345 240.9856
528 560  0.0434 -0.0335 201.1193
560 560  0.0398  0.1219 68.1328
592 560  0.0654  0.0704 228.0531
624 560  0.0311  0.0512 67.7339
656 560  0.0124  0.0990 92.8943
688 560 -0.0514  0.0688 37.5591
720 560 -0.0736  0.0339 85.5328
752 560 -0.0681 -0.0247 133.1620
784 560 -0.0684 -0.0365 116.7418
816 560 -0.0372 -0.0873 219.3654
848 560 -0.0219 -0.0545 76.2477
880 560  0.0022 -0.0949 73.4358
912 560 -0.0916  0.0372 212.6169
944 560 -0.0835  0.0377 79.0599
976 560 -0.0485  0.0666 30.8135
1008 560 -0.1713  0.1611 172.9986
1040 560 -0.0882  0.0935 180.4881
1072 560 -0.1199  0.1190 120.5192
1104 560 -0.1317  0.0844 121.7046
1136 560 -0.1135  0.1140 157.9589
1168 560 -0.1097  0.1525 72.3729
 16 592 -0.0722 -0.1534 119.8966
 48 592 -0.4457 -0.3926 118.1225
 80 592 -0.6793 -0.3359 167.2355
112 592 -1.0007 -0.9705 19.6254
144 592 -1.3621 -0.5611 97.1331
176 592 -1.2906 -0.8782 91.1804
208 592 -0.8099 -0.7034 51.9353
240 592 -1.1436 -1.0205 170.3608
272 592 -0.7485 -0.7896 272.3092
304 592 -0.2197 -0.3127 12.7632
336 592 -0.4215 -0.5100 59.1822
368 592 -0.2008 -1.0182 117.0281
400 592 -0.0865 -0.6638 68.2895
432 592  0.0725 -0.2319 71.8220
464 592  0.1711 -0.3541 184.9558
496 592  0.1369 -0.0851 24.9042
528 592  0.1849  0.0312 174.1483
560 592  0.1346  0.1168 142.9705
592 592  0.1475  0.0800 50.2189
624 592 -0.0030  0.1550 152.5854
656 592 -0.0102  0.1087 109.6000
688 592 -0.0497  0.1553 39.1435
720 592  0.0044  0.0965 40.0904
752 592 -0.0625  0.0129 122.7817
784 592 -0.0275  0.1026 98.6547
816 592 -0.0745  0.0045 149.2764
848 592 -0.0417  0.0061 176.7421
880 592 -0.0696 -0.0366 127.1478
912 592 -0.0677 -0.0119 118.5402
944 592 -0.1064  0.0381 68.4065
976 592 -0.1516  0.1154 151.0040
1008 592 -0.1262  0.1264 103.4039
1040 592 -0.0175  0.0889 187.0766
1072 592 -0.1319  0.0475 118.6254
1104 592 -0.1381  0.0841 60.6440
1136 592 -0.0881  0.1229 166.8263
1168 592 -0.1740  0.1036 56.8249
 16 624 -0.0673 -0.0106 14.1075
 48 624 -0.3936 -0.1978 38.4504
 80 624 -0.7558 -0.4491 57.2785
112 624 -0.8050 -0.6804 147.3945
144 624 -0.2513 -0.6735 82.7695
176 624 -0.7740 -0.6743 140.5951
208 624 -0.9747 -0.9534 113.2347
240 624 -1.0641 -0.8023 231.3001
272 624 -1.3269 -1.0333 31.9669
304 624 -0.9466 -1.0703 46.2641
336 624 -0.7085 -1.2146 94.6799
368 624 -0.1409 -1.0388 177.4901
400 624  0.2459 -0.7313 29.4948
432 624  0.2139 -0.6835 74.1018
464 624  0.4972 -0.3181 139.4869
496 624  0.8173 -0.1685 120.7413
528 624  0.2662  0.0151 129.4826
560 624  0.0883  0.0019 98.9052
592 624  0.2882  0.1880 73.0798
624 624  0.1195  0.3580 143.2819
656 624 -0.1256  0.2429 215.7529
688 624 -0.0813  0.4234 47.6585
720 624 -0.0748  0.1718 22.0607
752 624 -0.0999  0.1905 231.3161
784 624 -0.0470  0.1858 68.9797
816 624 -0.1116  0.3671 161.6465
848 624 -0.1509  0.0635 138.7650
880 624 -0.1697  0.1744 58.0974
912 624 -0.1647  0.0993 65.3048
944 624 -0.2079  0.1035 183.6320
976 624 -0.2436  0.1326 94.5248
1008 624 -0.2135  0.1264 95.7481
1040 624 -0.2080  0.3002 119.0201
1072 624 -0.2194  0.1357 130.4722
1104 624 -0.1948  0.1788 59.6597
1136 624 -0.2101  0.1904 134.2758
1168 624 -0.1767  0.2052 100.8347
 16 656 -0.7346 -0.2641 137.8817
 48 656 -0.8077 -0.6172 63.8598
 80 656 -0.4579 -0.2865 97.5515
112 656 -0.8049 -0.4005 222.8215
144 656 -0.9165 -0.9458 144.7803
176 656 -0.8157 -0.7429 104.5338
208 656 -1.0120 -0.8938 133.2985
240 656 -0.7369 -0.3575 121.4151
272 656 -1.1294 -1.1363 119.6984
304 656 -1.3168 -1.3383 184.7285
336 656 -1.1690 -1.5660 131.9795
368 656 -0.1207 -1.3934 90.9357
400 656  0.2355 -1.2327 30.9525
432 656  0.1819 -0.8130 71.4413
464 656  0.3204 -0.8504 250.1677
496 656  0.9172 -0.1766 115.5833
528 656  0.6967  0.1413 94.9613
560 656  0.5151  0.3327 71.7590
592 656  0.4029  0.4670 115.5340
624 656  0.2470  0.5215 138.6217
656 656  0.0679  0.5505 96.5206
688 656  0.0775  0.5431 149.6121
720 656  0.0066  0.1573 109.0474
752 656 -0.0545  0.0515 83.4799
784 656 -0.0992  0.0765 112.5255
816 656 -0.1770  0.5072 158.1516
848 656 -0.2022  0.0531 128.4510
880 656 -0.3090  0.5256 147.2924
912 656 -0.4050  0.3255 59.1597
944 656 -0.3755  0.1410 70.5343
976 656 -0.3256  0.2983 106.3199
1008 656 -0.3389  0.1709 83.3518
1040 656 -0.2580  0.2074 49.6724
1072 656 -0.2467  0.1129 46.9406
1104 656 -0.3690  0.0659 189.3866
1136 656 -0.1071  0.1767 85.1127
1168 656 -0.1098  0.0622 28.0323
 16 688 -0.7336 -0.2048 159.7087
 48 688 -0.1793 -0.0844 31.9066
 80 688 -0.7776 -0.5403 118.7984
112 688 -0.6133 -0.4911 102.9355
144 688 -0.7939 -0.4852 181.1330
176 688 -1.0661 -0.8455 162.6311
208 688 -1.0976 -0.9754 138.9073
240 688 -1.0468 -1.2000 113.2830
272 688 -0.9846 -1.2239  9.7989
304 688 -0.9368 -1.2349 133.2717
336 688 -0.7466 -1.7062 32.7602
368 688 -0.1821 -2.4305 53.1094
400 688 -1.1298 -1.8102 77.5386
432 688 -0.6980 -0.8915 41.8290
464 688 -0.1221 -0.2931 14.1857
496 688  0.3453 -0.0982 31.6822
528 688  0.9130  0.0786 87.3386
560 688  0.6264  0.3497 17.1064
592 688  0.3154  0.2369 19.5244
624 688  0.1886  0.4446 137.6311
656 688  0.1603  0.5453 82.1114
688 688  0.1218  0.4298 36.6709
720 688  0.1094 -0.0517 122.4583
752 688  0.0885 -0.3621 16.1839
784 688 -0.1703  0.1829 15.5486
816 688 -0.2959  0.3822 155.3060
848 688 -0.2921  0.3623 106.8006
880 688 -0.4770  0.3736 111.1922
912 688 -0.4410  0.4684 55.6719
944 688 -0.4328  0.3182 35.6855
976 688 -0.3837  0.2795 61.3670
1008 688 -0.4443  0.2110 58.5916
1040 688 -0.3430  0.2614 39.2776
1072 688 -0.1649  0.1231 48.5081
1104 688 -0.3382  0.1305 134.7192
1136 688 -0.2133  0.2143 168.1686
1168 688 -0.2179  0.2090 74.8711
 16 720 -0.2009 -0.0947 61.6512
 48 720 -0.1301 -0.0320 155.5775
 80 720 -0.1710 -0.0534  1.0000
112 720 -0.4014 -0.2866 59.5754
144 720 -0.9214 -0.7281 91.2628
176 720 -1.0726 -0.5543 30.2085
208 720 -1.2236 -1.2070 43.5098
240 720 -1.1691 -1.1182 198.9947
272 720 -1.4533 -1.2175 167.4496
304 720 -1.4361 -1.7374 18.8896
336 720 -0.8291 -0.8907 17.3535
368 720 -0.0474 -0.2489  9.7661
400 720 -0.4885 -0.5520 95.2911
432 720 -0.9678 -0.7011 39.6276
464 720 -1.1092 -0.7958 152.0280
496 720 -1.3553 -0.9931 117.8580
528 720 -0.7417 -0.7905 119.9967
560 720  0.1353  0.1632 111.8703
592 720  0.3694  0.7898 31.9968
624 720  0.2978  0.7633 52.5692
656 720  0.3110  0.3940 77.6415
688 720  0.3567  0.1440 69.7939
720 720  0.1778 -0.3211 73.3908
752 720  0.0418 -0.2361 10.0149
784 720 -0.0877 -0.2640 14.1219
816 720 -0.2831 -0.0285 12.2380
848 720 -0.4967  0.1624 67.4940
880 720 -0.5596  0.1097 66.3998
912 720 -0.3660  0.0743 29.7997
944 720 -0.2394  0.0814 16.1367
976 720 -0.8742  0.4099 102.4221
1008 720 -0.8625  0.1232 141.4439
1040 720 -0.3011  0.2955 125.3404
1072 720 -0.0938  0.2691 249.7996
1104 720 -0.3876  0.0233 206.2112
1136 720 -0.2182  0.1247 76.4093
1168 720 -0.1931  0.1544 205.4862
 16 752 -0.0435 -0.0178 190.4540
 48 752 -0.0892 -0.1170 37.6590
 80 752 -0.1495 -0.0537 123.3517
112 752 -0.2801 -0.3013 188.7697
144 752 -0.3103 -0.1317 220.8550
176 752 -0.7979 -0.4940 114.1721
208 752 -0.8488 -0.4855 75.6879
240 752 -1.4358 -0.9442 61.1280
272 752 -1.5254 -1.4469 86.3148
304 752 -2.4936 -1.5205 97.0583
336 752 -0.0525  0.0169 12.4784
368 752  0.2588 -0.1682 20.9173
400 752 -0.3792  0.3194  5.9058
432 752 -1.5420  0.4126 17.0259
464 752 -0.7262  0.1708 89.6362
496 752 -0.0803  0.3198 27.8332
528 752 -0.2327 -0.1038 95.7961
560 752 -0.7066 -0.0921 29.2602
592 752 -0.3665  0.3556 148.6750
624 752  0.1575  0.8625 28.1691
656 752  0.4151  0.0549 143.9807
688 752  0.4458  0.2116 88.9718
720 752  0.0585 -0.0114 10.1587
752 752  0.1303 -0.7980 20.7309
784 752 -0.0935 -0.1920 28.7996
816 752 -0.0650 -0.0092 16.1803
848 752 -0.1433 -0.3641 77.4345
880 752  0.0088 -0.0453 10.0005
912 752 -0.5947  0.2159 10.2624
944 752 -0.0174  0.1436 17.1557
976 752 -0.4006  0.2981 69.9339
1008 752 -0.4401  0.2428 100.2732
1040 752 -0.3587  0.6167 137.4307
1072 752 -0.1814  0.0133 21.8776
1104 752 -0.3069  0.1148 151.0485
1136 752 -0.3766  0.1234 81.5498
1168 752 -0.2532  0.1893 131.5305
 16 784 -0.0487 -0.0617 106.0848
 48 784 -0.1538 -0.1566 260.3072
 80 784 -0.1208 -0.2675 75.1154
112 784 -0.6386 -0.1406 270.8076
144 784 -0.3843 -0.1636 80.9746
176 784 -0.4039 -0.1490 175.3798
208 784 -0.7432 -0.4850 16.4306
240 784 -1.4011 -0.7752 15.3276
272 784 -1.4839 -0.3175 36.8980
304 784 -3.7073 -1.9967 108.9880
336 784 -1.7166 -0.6347 24.8130
368 784 -0.2766  0.4930 11.7551
432 784 -0.1169  0.1169  4.1967
464 784 -0.6185  0.2641  8.4666
496 784 -0.2198  0.2292 125.9058
528 784 -2.6693 -1.8671 103.1499
560 784 -1.2557 -0.9783 34.9283
592 784 -0.3909  0.1565 162.2686
624 784 -0.0060  0.1683 110.5119
656 784  0.1376  0.5257 47.8453
688 784  0.3043 -0.1355 25.3934
720 784  0.3071 -0.0340 11.3453
752 784  0.2716 -0.4166 12.9090
784 784  0.0362 -0.3558 13.7992
816 784 -0.2081 -0.8556 24.2537
848 784 -0.1431 -0.1796 15.5120
880 784 -0.0346 -0.0641  9.5370
912 784  0.2119  0.0611 14.5665
944 784 -0.0990  0.0024 10.0009
976 784 -0.4866  0.1309 15.3045
1008 784 -0.9111  0.2332 125.3991
1040 784 -0.8903  0.1953 80.9495
1072 784 -0.6053  0.0983 78.7081
1104 784 -0.3686  0.1166 126.8095
1136 784 -0.4447  0.1555 178.6567
1168 784 -0.3852  0.1261 89.0987
 16 816 -0.0273 -0.0206 42.4726
 48 816 -0.0232 -0.0299 156.8862
 80 816 -0.0275 -0.0803 23.4445
112 816 -0.1859 -0.1933 146.7380
144 816 -0.1990 -0.1495 107.7290
176 816 -0.1847 -0.0605 14.4591
208 816 -0.6749 -0.1783 21.7764
240 816 -1.3369 -0.2321 83.1891
272 816 -1.6088 -0.3051 34.3842
304 816 -2.3652 -1.5848 22.6244
336 816  0.0412 -0.1672 23.0823
368 816 -0.0989 -0.0356  7.4043
496 816 -0.2377  0.1930  6.4304
528 816 -1.2629 -1.3403 73.9461
560 816 -0.7629 -0.9568 54.1820
592 816 -0.4723 -0.3129 118.4517
624 816 -0.1730 -0.3397 124.7711
656 816  0.0517 -0.0026 73.4852
688 816  0.2101 -0.3009 46.6337
720 816  0.1894 -0.1255  9.3879
752 816  0.1184 -0.0787 11.8665
784 816  0.0638 -0.1886 13.1768
816 816 -0.0469 -0.3349 12.3680
848 816  0.0469  0.0324 12.0535
880 816 -0.0091  0.0533 12.1738
912 816  0.1049  0.0116 13.7143
944 816  0.0521  0.0859  8.9796
976 816 -0.1306  0.0180 10.1737
1008 816 -0.0186  0.0150 13.4660
1040 816 -0.9325  0.1293 84.1436
1072 816 -0.4068  0.2000 95.0167
1104 816 -0.3792  0.1301 86.7707
1136 816 -0.3183  0.1519 79.2522
1168 816 -0.2502 -0.1205 97.9957
 16 848 -0.0082 -0.0074 142.2814
 48 848 -0.0249 -0.0081 179.9132
 80 848 -0.0304 -0.0059 137.7857
112 848 -0.1041 -0.0136 225.0825
144 848 -0.0729 -0.0105 142.7679
176 848 -0.6040 -0.1787 63.6326
208 848 -1.0125 -0.0181 102.3580
240 848 -1.3241  0.1189 90.0041
272 848 -1.7262 -0.0880 12.4974
304 848 -0.5281 -0.2050 17.1295
336 848  0.2078 -0.3956 15.5635
528 848 -0.0349  0.0617 34.3899
560 848 -0.6109 -0.8990 33.7133
592 848 -0.0188 -0.0661 46.5448
624 848 -0.1234 -0.2969 100.6700
656 848  0.0069 -0.0441 34.2580
688 848  0.0386 -0.0003 11.3483
720 848  0.0073 -0.0550 11.1555
752 848 -0.0157 -0.0185  6.9962
784 848  0.0106 -0.2298  9.9222
816 848  0.0089 -0.3257 15.4279
848 848 -0.0127 -0.0069 11.1272
880 848  0.0035  0.0019  9.8985
912 848  0.0121  0.0300  9.6703
944 848 -0.0024  0.0230 15.0881
976 848 -0.0408 -0.0316  7.5106
1008 848 -0.1553  0.0114 20.8147
1040 848 -0.6507  0.1049 33.2443
1072 848 -0.5805  0.1111 34.2081
1104 848 -0.5497  0.0400 149.2386
1136 848 -0.2488  0.0669 82.5594
1168 848 -0.3105 -0.0523 122.9864
 16 880  0.0377  0.0010 33.5817
 48 880  0.0021  0.0215 172.4770
 80 880 -0.0227  0.0049 194.1604
112 880 -0.0095  0.0137 288.4127
144 880 -0.1588  0.0548 45.7846
176 880 -0.1960  0.0557 90.8509
208 880 -0.4373  0.0726 75.8881
240 880 -0.8121  0.1545 46.7985
272 880 -1.4295 -0.1328 161.7453
304 880  0.0260  0.0514 11.7502
336 880  0.1883 -0.2210 39.6742
368 880  0.2246 -0.2828  5.2528
528 880 -0.0018 -0.0043 13.3992
560 880  0.0736 -0.0639 15.9003
592 880  0.1164 -0.0590  6.3296
624 880  0.0541 -0.0218 24.9879
656 880  0.0042 -0.0262 11.6579
688 880  0.1016 -0.0314  8.8728
720 880 -0.0108 -0.0158 18.9529
752 880  0.0609 -0.1024 10.9775
784 880 -0.0481 -0.0434 14.4260
816 880  0.0960 -0.1452  9.8438
848 880  0.0101 -0.0016 15.5518
880 880 -0.0052  0.0332 15.2074
912 880 -0.0070 -0.0036 12.6997
944 880  0.0686  0.0113  8.2480
976 880 -0.4705 -0.0636 16.4934
1008 880 -0.9197  0.0051 70.4304
1040 880 -0.7583  0.1630 168.2167
1072 880 -0.6249  0.1060 63.2292
1104 880 -0.7585  0.0639 65.0229
1136 880 -0.3249  0.0428 150.6488
1168 880 -0.2032  0.0717 40.7181
 16 912  0.0002  0.0428 85.4920
 48 912  0.0332  0.0256 48.8637
 80 912  0.0026  0.0256 147.2214
112 912 -0.0155  0.0083 178.4363
144 912 -0.0279  0.0251 103.5101
176 912  0.0200  0.0520 84.0556
208 912 -0.0694  0.0896 136.4467
240 912 -0.3031  0.4370 154.0114
272 912 -0.3893  0.1543 28.8377
304 912 -1.1543 -2.3760 88.7654
336 912 -0.9463 -2.2726 20.1970
368 912  0.1861 -0.2133 67.7635
400 912  0.1290 -0.1733  4.9718
528 912  0.0147 -0.0147  4.3741
560 912  0.0377 -0.0443  5.6427
592 912  0.0000 -0.0081  4.0756
624 912  0.0793 -0.0482  7.1851
656 912 -0.0476 -0.0256  5.9357
688 912  0.0907 -0.0199  5.3731
720 912 -0.0135 -0.0157  9.8570
752 912  0.0899 -0.0358  5.9571
784 912 -0.0010 -0.0084 16.0532
816 912  0.0054 -0.0112  4.8590
848 912  0.0795 -0.1018  6.9005
880 912  0.0165 -0.0141 11.6667
912 912  0.0048  0.0230 14.4938
944 912 -0.1317 -0.1198 11.4100
976 912 -0.7523 -0.3391 87.5764
1008 912 -0.9103 -0.0441 186.9106
1040 912 -0.4202 -0.0797 145.8092
1072 912 -0.9467  0.0279 51.2677
1104 912 -0.6259  0.1294 140.8054
1136 912 -0.4491  0.0220 125.8684
1168 912 -0.3181 -0.0442 140.0958
 16 944  0.0354  0.0051 25.1322
 48 944  0.0239 -0.0156 21.1961
 80 944  0.1410  0.0425 119.9866
112 944  0.0278  0.0310 330.0020
144 944 -0.0106  0.0083 216.4869
176 944  0.0016  0.1299 348.6076
208 944  0.0221  0.1330 58.4864
240 944 -0.0628  0.2228 141.8111
272 944 -0.0675  0.3020 110.0956
304 944 -0.0291 -0.2869 33.4319
336 944 -0.4805 -1.6044 40.7527
368 944 -0.9512 -1.9044 27.9128
400 944  0.0558 -0.0476 32.4157
432 944  0.0181 -0.0405  9.3406
464 944 -0.0052 -0.0136  8.2448
496 944  0.0415 -0.0371  7.0841
528 944  0.0170 -0.0174  4.2212
624 944  0.0226 -0.0035  4.5377
656 944 -0.0361  0.0123  4.4731
688 944  0.0823  0.0039  5.2765
720 944 -0.0317 -0.0270  5.6204
752 944  0.0117 -0.0124  4.2665
784 944 -0.0164 -0.0250  4.1457
816 944  0.0264  0.0233  4.6130
848 944 -0.0299 -0.0001 13.4616
880 944  0.0267  0.0207 13.3766
912 944 -0.0166 -0.0184 21.7364
944 944 -0.4818 -0.3917 99.2686
976 944 -0.6141 -0.3284 47.2680
1008 944 -0.6786 -0.3615 37.3506
1040 944 -0.6866 -0.1076 21.7704
1072 944 -0.7284  0.1206 41.7908
1104 944 -0.4729 -0.0247 81.7710
1136 944 -0.6523  0.1171 74.8954
1168 944 -0.0978 -0.0235 67.1879
 16 976  0.0221 -0.0004 20.6230
 48 976  0.0239  0.0148 68.9342
 80 976  0.0362  0.0211 67.9659
112 976  0.0706  0.0366 166.1044
144 976 -0.0090  0.0784 179.7341
176 976  0.0894  0.1615 189.4641
208 976  0.0388  0.0686 79.5001
240 976  0.5816  0.2395 64.5089
272 976  0.1856  0.1083 104.9933
304 976  0.1188 -0.6457 65.2357
336 976 -0.1654 -1.2561 53.5409
368 976  0.0020 -0.3044 13.8941
400 976  0.0030 -0.1727 11.2088
432 976 -0.0798 -0.1100 14.8443
464 976  0.0095 -0.0395 37.2417
496 976 -0.0017 -0.0068  7.8093
528 976  0.0125 -0.0634  4.7478
784 976  0.0094  0.0037  4.3442
816 976  0.0098  0.0135 13.1565
848 976 -0.1231 -0.3441 45.5332
880 976 -0.3397 -0.3961 51.0624
912 976 -0.4949 -0.3696 75.9528
944 976 -0.4031 -0.1770 128.1177
976 976 -0.3434 -0.3760 96.7909
1008 976 -0.2712 -0.1075 44.6365
1040 976 -0.3015 -0.0400 20.5955
1072 976 -0.7856  0.0351 118.1278
1104 976 -0.4433 -0.0875 97.0723
1136 976 -0.5125  0.1315 92.8842
1168 976 -0.2259 -0.0301 141.8221
 16 1008  0.0366  0.0110 14.4088
 48 1008  0.1429  0.0218 129.8787
 80 1008  0.0603  0.0399 187.6413
112 1008  0.1467  0.0676 87.0378
144 1008  0.0633  0.0323 236.7636
176 1008  0.1661  0.0483 143.8798
208 1008  0.0170  0.0689 314.5536
240 1008  0.1696  0.0138 117.0881
272 1008  0.5080  0.1208 220.7371
304 1008  0.2444 -0.0676 68.9426
336 1008  0.1422 -1.5484 202.4580
368 1008 -0.0568 -0.8400 22.6504
400 1008 -0.0086  0.0028 11.8642
432 1008 -0.2242 -0.7812 14.1462
464 1008 -0.1131 -0.1383 16.2596
496 1008  0.0126  0.0007 23.1392
528 1008 -0.0238 -0.0072 10.8167
560 1008 -0.0358  0.0179  5.9841
784 1008  0.0157  0.0084  6.1012
816 1008  0.0031 -0.0018 22.2009
848 1008 -0.0506 -0.0579 20.4903
880 1008 -0.2520 -0.2431 52.9487
912 1008 -0.2594 -0.1897 19.5542
944 1008 -0.5182 -0.1321 34.1026
976 1008 -0.7504 -0.1314 54.9520
1008 1008 -0.5604 -0.1320 27.9414
1040 1008 -0.4296 -0.2079 35.3445
1072 1008 -0.7865  0.0092 129.5512
1104 1008 -0.3485 -0.0427 45.9015
1136 1008 -0.4124 -0.1167 90.0311
1168 1008 -0.2130 -0.1262 107.4496
 16 1040  0.0859  0.0149 108.1906
 48 1040  0.0309  0.0236 40.6891
 80 1040  0.0497  0.0353 197.8027
112 1040  0.1053  0.0315 87.6297
144 1040  0.0634  0.0292 255.9228
176 1040  0.1293  0.0077 343.3799
208 1040  0.0742  0.0273 17.8922
240 1040  0.1303 -0.0415 116.2664
272 1040  0.4105 -0.1291 35.0599
304 1040 -0.6208 -1.4844 41.2064
336 1040  0.4736 -0.7187 55.0381
368 1040  0.1079 -0.3952 21.2995
400 1040 -0.0484 -0.1987 14.8231
432 1040  0.0036 -0.0790 11.6250
464 1040  0.0010 -0.0232 31.2214
496 1040 -0.0048 -0.0030 17.5383
528 1040  0.0013 -0.0110 11.5200
560 1040 -0.0219 -0.0176 11.2695
592 1040 -0.0337 -0.0305  5.3227
752 1040 -0.0010  0.0056  5.4249
784 1040 -0.0126 -0.0133 13.4407
816 1040 -0.0052 -0.0222 29.0608
848 1040 -0.1311 -0.1677 40.4348
880 1040 -0.0730 -0.0421 23.6652
912 1040 -0.1342 -0.2028 18.5768
944 1040 -0.4343 -0.1418 45.4803
976 1040 -0.5402 -0.2274 132.4353
1008 1040 -0.4077 -0.2614 38.2632
1040 1040 -0.3134 -0.1378 113.0419
1072 1040 -0.3744 -0.0956 43.2616
1104 1040 -0.5270  0.0862 31.1430
1136 1040 -0.2723 -0.1933 38.2267
1168 1040 -0.4029 -0.0812 142.7248
 16 1072  0.0709  0.0163 83.8158
 48 1072  0.0181  0.0184 250.9739
 80 1072  0.0951  0.0276 274.2872
112 1072  0.0844  0.0031 209.0830
144 1072  0.1813  0.0200 20.5801
176 1072  0.1406  0.0112 40.4602
208 1072  0.6180 -0.0395 56.6236
240 1072  0.1999 -0.0524 205.7811
272 1072  0.0747 -0.1289 174.3611
304 1072  0.2741 -0.2308 293.4633
336 1072  0.2104 -0.2893 151.3871
368 1072  0.3136 -0.6409 146.5192
400 1072  0.0096 -0.0376 12.0969
432 1072 -0.0052 -0.0058 19.9337
464 1072  0.0143  0.0028  9.4003
496 1072 -0.0608 -0.0069 13.3262
528 1072 -0.0457 -0.0738 11.2993
560 1072 -0.0072  0.0422  7.5434
592 1072 -0.0268  0.0151  8.9622
624 1072 -0.0123 -0.0476  4.9159
656 1072 -0.0771  0.0580  4.4493
752 1072  0.0020 -0.0020  4.1881
784 1072  0.0199 -0.0305  6.9204
816 1072 -0.0019 -0.0239 11.7138
848 1072  0.0099 -0.0025 24.1974
880 1072 -0.0354 -0.0008 19.6592
912 1072 -0.0935 -0.0137 43.3350
944 1072 -0.0837 -0.0206 51.7832
976 1072 -0.2607 -0.1165 32.3053
1008 1072 -0.4042 -0.1392 25.2268
1040 1072 -0.1894 -0.1272 70.0727
1072 1072 -0.2138 -0.0395 124.8865
1104 1072 -0.0881 -0.0504 29.9076
1136 1072 -0.1540 -0.1064 27.3512
1168 1072 -0.4118 -0.1984 51.0950
 16 1104  0.0543 -0.0155 28.0616
 48 1104  0.0255  0.0271 162.2063
 80 1104  0.3444  0.0528 95.8065
112 1104  0.2397 -0.0249 48.7611
144 1104  0.0504  0.0161 145.6936
176 1104  0.0752 -0.0328 80.1002
208 1104  0.0836 -0.0557 67.3380
240 1104  0.3719 -0.1102 90.7775
272 1104  0.3209 -0.1786 80.9688
304 1104  0.3048 -0.2148 133.5912
336 1104  0.4348 -0.2582 69.2836
368 1104  0.1280  0.0236 17.8511
400 1104  0.0205 -0.0333 17.8077
432 1104  0.0067 -0.0385 18.3058
464 1104  0.0872 -0.0561 19.0856
496 1104 -0.0015  0.0017 14.1784
528 1104  0.0048 -0.0448 10.9118
560 1104  0.0465 -0.0350 13.2304
592 1104 -0.0339  0.0023  9.7579
624 1104  0.0252  0.0519  9.7577
656 1104 -0.0366  0.0286  7.9312
688 1104  0.0199  0.0544  4.2594
848 1104 -0.0070 -0.0559  4.9239
880 1104  0.0240 -0.0369  5.9112
912 1104  0.0016 -0.0331 11.3142
944 1104 -0.0101 -0.0165 13.5350
976 1104  0.0466 -0.0339  8.7915
1008 1104 -0.0097  0.0060 18.5662
1040 1104 -0.0256 -0.0412 27.3620
1072 1104 -0.1759  0.0025 16.1973
1104 1104 -0.0405 -0.0289 19.6516
1136 1104 -0.1571 -0.0435 14.1149
1168 1104 -0.0898 -0.0624 36.6604
 16 1136  0.0161 -0.0098 14.6972
 48 1136  0.1265 -0.0103 38.4198
 80 1136  0.1290  0.0221 80.5113
112 1136  0.0554  0.0140 41.1871
144 1136  0.0396 -0.0166 143.6595
176 1136  0.0689 -0.0119 169.2395
208 1136  0.0687 -0.0972 223.0736
240 1136  0.1174 -0.1637 64.3232
272 1136  0.1178 -0.1154 82.1422
304 1136  0.1189 -0.1692 25.9279
336 1136  0.1708 -0.2855 141.8355
368 1136  0.1000 -0.2400 197.9170
400 1136  0.0103 -0.0167 14.0653
432 1136 -0.0070 -0.0085 12.8384
464 1136  0.0036  0.0046 18.4506
496 1136 -0.0300  0.0141 12.6457
528 1136 -0.0338 -0.0459 15.3270
560 1136  0.0190 -0.0191 10.4546
592 1136 -0.0678 -0.0261 12.3809
624 1136 -0.0025 -0.0103 13.6088
656 1136 -0.0129  0.0203 17.5276
688 1136 -0.0101  0.0610 10.2764
720 1136 -0.0798  0.0791  4.8501
752 1136  0.0100  0.0164  4.8985
784 1136  0.0590  0.0278  5.2085
816 1136  0.0583  0.0994  8.7618
848 1136 -0.0295  0.0747  8.8431
880 1136 -0.0563  0.0894  4.1708
976 1136 -0.0259  0.0172  4.2402
1008 1136 -0.0259 -0.0533  5.0567
1040 1136  0.0208 -0.0213  4.7067
1072 1136  0.0137 -0.0698  5.3733
1104 1136 -0.0293 -0.0628  7.6340
1136 1136  0.0199 -0.0034  9.2576
1168 1136  0.0249 -0.0194 18.2010
 16 1168 -0.0169 -0.0121 15.8347
 48 1168  0.0388 -0.0029 16.2287
 80 1168  0.0540  0.0198 103.1268
112 1168  0.0653 -0.0127 146.9258
144 1168  0.0497 -0.0165 268.8333
176 1168  0.1964 -0.0408 146.4670
208 1168  0.0964 -0.2000 188.7501
240 1168  0.0877 -0.0485 99.8377
272 1168  0.0558 -0.1175 184.0287
304 1168  0.0330 -0.2174 151.8134
336 1168  0.1651 -0.2181 107.3283
368 1168  0.0055 -0.0605 15.2741
400 1168  0.0119 -0.0254 11.5642
432 1168  0.1279 -0.0660 20.4816
464 1168  0.0419 -0.5760 96.9667
496 1168 -0.0107 -0.0038 21.0092
528 1168  0.0201 -0.0181 18.0190
560 1168  0.0095 -0.0101 12.7906
592 1168  0.0472 -0.0226 10.6964
624 1168 -0.0125 -0.0132 14.9480
656 1168  0.0050  0.0062 13.2338
688 1168 -0.0222 -0.0285 12.1490
720 1168 -0.0301  0.0090 11.6769
752 1168 -0.0092  0.0223 10.0271
784 1168  0.0172  0.0087  8.1927
816 1168  0.0484  0.0014 13.5209
848 1168 -0.0306 -0.0015 15.3024
880 1168 -0.0039  0.0245 13.2865
912 1168 -0.0199  0.0281 10.6634
944 1168 -0.0319  0.0742  5.5047
976 1168 -0.0256  0.0729  4.4837
1104 1168  0.0074 -0.0430  4.1626
1136 1168  0.0041 -0.0305  4.4905
1168 1168 -0.0256 -0.0153  4.6258
 16 1200  0.0743  0.0025 13.4929
 48 1200  0.0362 -0.0026 20.2581
 80 1200 -0.0035 -0.0142 13.2048
112 1200  0.0713 -0.0076 170.5967
144 1200  0.0872 -0.0224 32.5287
176 1200  0.1460 -0.0184 129.9819
208 1200  0.1012 -0.0292 140.6699
240 1200  0.0686 -0.0356 205.2572
272 1200  0.0520 -0.0614 172.3850
304 1200  0.1502 -0.1064 55.9610
336 1200  0.0858 -0.2064 167.3476
368 1200  0.0509 -0.2525 129.6565
400 1200 -0.0128 -0.0139 10.2555
432 1200  0.0272 -0.0179 12.8221
464 1200 -0.0203  0.0076 10.7839
496 1200  0.0063  0.0100 17.0303
528 1200 -0.0201  0.0108 20.4967
560 1200 -0.0066  0.0434 14.6978
592 1200  0.0082  0.0199 14.0992
624 1200 -0.0489 -0.0578 27.6205
656 1200 -0.0044 -0.0011 17.8529
688 1200  0.0537  0.0158 14.6105
720 1200 -0.0347 -0.0379 17.2151
752 1200  0.0030 -0.0000 16.1391
784 1200 -0.0363 -0.0168 10.7260
816 1200  0.0116  0.0482 12.0879
848 1200 -0.0179  0.0193 10.4827
880 1200 -0.0398 -0.0124 15.7394
912 1200 -0.0010  0.0113 18.3147
944 1200  0.0188 -0.0016 15.3788
976 1200  0.0405  0.0104 14.5338
1008 1200 -0.0227  0.0337 10.8601
1040 1200 -0.0262  0.0609  7.5048
1072 1200  0.0010  0.1001  5.8969
1104 1200 -0.0284  0.1315  4.7777
1136 1200  0.0250  0.1601  4.2217
 16 1232  0.0374  0.0000 11.1525
 48 1232  0.0571 -0.0192 54.2642
 80 1232  0.0555 -0.0045 146.4404
112 1232  0.0501 -0.0117 27.2306
144 1232  0.1099 -0.0162 235.4566
176 1232  0.0442 -0.0386 164.9652
208 1232  0.0476 -0.1586 176.2960
240 1232  0.0505 -0.0648 72.4162
272 1232  0.0532 -0.0868 108.1249
304 1232  0.0349 -0.0597 211.6709
336 1232  0.0376 -0.0856 206.9255
368 1232  0.0307 -0.0427 54.6730
400 1232  0.0348 -0.0017 43.0598
432 1232 -0.0182 -0.0154 13.8204
464 1232  0.0350  0.0170 24.6714
496 1232  0.0231 -0.0045 17.0017
528 1232 -0.0200 -0.0151 12.2733
560 1232  0.0204 -0.0012 21.6528
592 1232 -0.0002 -0.0135 22.2081
624 1232  0.0091 -0.0142 13.5472
656 1232  0.0030  0.0111 13.3208
688 1232  0.0589 -0.0297 11.4257
720 1232 -0.0010  0.0002 13.5844
752 1232 -0.0080 -0.0158 18.7061
784 1232  0.1656 -0.0363 14.2609
816 1232 -0.0041 -0.0288 20.2134
848 1232  0.0042  0.0098 11.4421
880 1232 -0.0702 -0.1430  7.9320
912 1232  0.0326  0.0597  9.8357
944 1232  0.0064  0.0771 15.2093
976 1232 -0.0280  0.0109 15.7780
1008 1232  0.0351  0.0159 16.2297
1040 1232 -0.0263  0.0025 13.0784
1072 1232 -0.0507 -0.0103 11.6251
1104 1232 -0.0069  0.0002 12.5480
1136 1232  0.0340  0.0251 11.5550
1168 1232  0.0072 -0.0151 12.8110
 16 1264  0.0465 -0.0278 41.7704
 48 1264  0.0530 -0.0153 22.8169
 80 1264  0.0703 -0.0490 199.1038
112 1264  0.0653 -0.0359 36.7764
144 1264  0.1147 -0.0191 36.6332
176 1264  0.0464 -0.0558 124.9990
208 1264  0.0314 -0.1795 175.4502
240 1264  0.0959 -0.1198 105.5972
272 1264  0.0313 -0.0555 69.6577
304 1264  0.0635 -0.2130 68.0489
336 1264  0.0190 -0.1274 98.6387
368 1264  0.0217 -0.1011 109.3204
400 1264  0.0318  0.0077 11.0765
432 1264  0.0213 -0.0352 12.8458
464 1264  0.0214  0.0226 11.6125
496 1264  0.0254  0.0123 12.8606
528 1264  0.0141 -0.0181 14.1029
560 1264 -0.0193 -0.0195 11.5228
592 1264 -0.0311  0.0270 12.4221
624 1264 -0.0116  0.0085 15.5973
656 1264  0.0048 -0.0111 12.7220
688 1264  0.0250  0.0426 11.5730
720 1264 -0.0259 -0.0233 13.3674
752 1264 -0.0094 -0.0147 23.4644
784 1264 -0.0480 -0.0145 11.4786
816 1264  0.0147 -0.0236 15.6175
848 1264  0.0027 -0.0454  9.3168
880 1264  0.0438  0.0369  9.1387
912 1264 -0.0666 -0.0570 12.8229
944 1264  0.0593  0.0147  8.8723
976 1264 -0.0794 -0.0547  8.8181
1008 1264  0.0518 -0.0092 10.7622
1040 1264  0.0229  0.0122 11.1493
1072 1264  0.0032  0.0174 10.2527
1104 1264 -0.0293  0.0072  9.7364
1136 1264  0.0402 -0.0418 10.4326
1168 1264 -0.0697  0.0387 13.2052
 16 1296  0.0244 -0.0014 18.3667
 48 1296  0.0699 -0.0004 16.6951
 80 1296  0.0512 -0.0214 20.8175
112 1296  0.0588 -0.0119 34.7515
144 1296  0.1545 -0.0376 28.9815
176 1296  0.1038 -0.0527 117.7208
208 1296  0.0608 -0.0400 125.5869
240 1296  0.0556 -0.0400 29.8991
272 1296  0.0706 -0.0838 35.4668
304 1296  0.0538 -0.1555 26.9295
336 1296  0.1246 -0.1914 221.1996
368 1296  0.0871 -0.0624 28.5822
400 1296  0.0028 -0.0149 33.4549
432 1296 -0.0163 -0.0121 17.1955
464 1296  0.0138 -0.0017 14.8388
496 1296  0.0093  0.0072 16.3916
528 1296 -0.0054 -0.0162 11.9905
560 1296 -0.0098  0.0076 16.5646
592 1296 -0.0213  0.0004 14.8543
624 1296 -0.0071 -0.0549 14.3825
656 1296  0.0285 -0.0144 13.4468
688 1296  0.0313  0.0103 12.1682
720 1296 -0.0328  0.0012 11.9295
752 1296  0.0023  0.0145 14.5009
784 1296 -0.0006 -0.0165 11.3010
816 1296  0.0282 -0.0190  9.9486
848 1296 -0.0282 -0.0055 12.4240
880 1296  0.0158  0.0728 11.1895
912 1296 -0.0179  0.0134 11.8392
944 1296  0.0118  0.0657 10.9239
976 1296 -0.0243  0.0338 10.9916
1008 1296 -0.0067 -0.0170  9.8252
1040 1296  0.0902  0.0060  8.2109
1072 1296 -0.0616  0.0382  8.9034
1104 1296 -0.0196  0.0441 10.6046
1136 1296  0.0844 -0.0452 10.0538
1168 1296 -0.0019 -0.0266  8.6481
  0   0 -0.0151 -0.0192  0.0000
  0   0 -0.0190 -0.0213  0.0000
  0   0  0.0110 -0.0355  0.0000
  0   0 -0.0142  0.0025  0.0000
  0   0  0.0475 -0.0094  0.0000
  0   0  0.0916 -0.0180  0.0000
  0   0  0.0994 -0.0345  0.0000
  0   0  0.1208 -0.0372  0.0000
  0   0  0.1673 -0.0550  0.0000
  0   0  0.1389 -0.0685  0.0000
  0   0  0.0986 -0.0668  0.0000
  0   0  0.0802 -0.0767  0.0000
  0   0  0.0780 -0.1120  0.0000
  0   0  0.0778 -0.1488  0.0000
  0   0  0.1037 -0.1368  0.0000
  0   0  0.0664 -0.0416  0.0000
  0   0  0.0026  0.0247  0.0000
  0   0 -0.0268  0.0615  0.0000
  0   0 -0.0187  0.0720  0.0000
  0   0 -0.0222  0.0644  0.0000
  0   0 -0.0326  0.0350  0.0000
  0   0 -0.0364  0.0274  0.0000
  0   0 -0.0365  0.0025  0.0000
  0   0 -0.0178 -0.0336  0.0000
  0   0  0.0128 -0.0186  0.0000
  0   0  0.0209 -0.0043  0.0000
  0   0 -0.0053 -0.0083  0.0000
  0   0  0.0063 -0.0054  0.0000
  0   0  0.0090 -0.0183  0.0000
  0   0  0.0184 -0.0148  0.0000
  0   0 -0.0021  0.0161  0.0000
  0   0  0.0116  0.0708  0.0000
  0   0 -0.0008  0.0704  0.0000
  0   0  0.0049  0.1149  0.0000
  0   0 -0.0290  0.0498  0.0000
  0   0  0.0062  0.0155  0.0000
  0   0  0.0541  0.0291  0.0000
  0   0 -0.0140  0.0448  0.0000
  0   0  0.0057  0.0374  0.0000
  0   0  0.0463 -0.0218  0.0000
  0   0  0.0061 -0.0349  0.0000
  0   0 -0.0106 -0.0383  0.0000
  0   0 -0.0095 -0.0407  0.0000
  0   0  0.0100 -0.0425  0.0000
  0   0  0.0239 -0.0278  0.0000
  0   0  0.0708 -0.0304  0.0000
  0   0  0.1144 -0.0389  0.0000
  0   0  0.1410 -0.0521  0.0000
  0   0  0.1660 -0.0627  0.0000
  0   0  0.1876 -0.0784  0.0000
  0   0  0.1720 -0.0917  0.0000
  0   0  0.1413 -0.0983  0.0000
  0   0  0.1167 -0.1077  0.0000
  0   0  0.1013 -0.1221  0.0000
  0   0  0.0905 -0.1242  0.0000
  0   0  0.0828 -0.0887  0.0000
  0   0  0.0462 -0.0113  0.0000
  0   0 -0.0035  0.0591  0.0000
  0   0 -0.0364  0.1063  0.0000
  0   0 -0.0473  0.1236  0.0000
  0   0 -0.0549  0.1152  0.0000
  0   0 -0.0610  0.0870  0.0000
  0   0 -0.0602  0.0589  0.0000
  0   0 -0.0514  0.0238  0.0000
  0   0 -0.0305 -0.0095  0.0000
  0   0 -0.0045 -0.0184  0.0000
  0   0  0.0094 -0.0199  0.0000
  0   0  0.0074 -0.0242  0.0000
  0   0  0.0140 -0.0241  0.0000
  0   0  0.0181 -0.0233  0.0000
  0   0  0.0209 -0.0087  0.0000
  0   0  0.0134  0.0264  0.0000
  0   0  0.0138  0.0732  0.0000
  0   0  0.0061  0.1056  0.0000
  0   0  0.0015  0.1528  0.0000
  0   0 -0.0120  0.0544  0.0000
  0   0  0.0180  0.0414  0.0000
  0   0  0.0396  0.0455  0.0000
  0   0  0.0184  0.0471  0.0000
  0   0  0.0201  0.0306  0.0000
  0   0  0.0266 -0.0094  0.0000
  0   0  0.0061 -0.0353  0.0000
  0   0 -0.0066 -0.0498  0.0000
  0   0 -0.0034 -0.0567  0.0000
  0   0  0.0170 -0.0576  0.0000
  0   0  0.0479 -0.0522  0.0000
  0   0  0.0951 -0.0531  0.0000
  0   0  0.1432 -0.0604  0.0000
  0   0  0.1815 -0.0730  0.0000
  0   0  0.2097 -0.0881  0.0000
  0   0  0.2235 -0.1057  0.0000
  0   0  0.2127 -0.1217  0.0000
  0   0  0.1864 -0.1320  0.0000
  0   0  0.1565 -0.1366  0.0000
  0   0  0.1283 -0.1319  0.0000
  0   0  0.1010 -0.1075  0.0000
  0   0  0.0712 -0.0538  0.0000
  0   0  0.0291  0.0238  0.0000
  0   0 -0.0178  0.0994  0.0000
  0   0 -0.0551  0.1544  0.0000
  0   0 -0.0775  0.1786  0.0000
  0   0 -0.0898  0.1720  0.0000
  0   0 -0.0935  0.1413  0.0000
  0   0 -0.0874  0.0991  0.0000
  0   0 -0.0713  0.0515  0.0000
  0   0 -0.0464  0.0081  0.0000
  0   0 -0.0188 -0.0202  0.0000
  0   0  0.0023 -0.0370  0.0000
  0   0  0.0141 -0.0462  0.0000
  0   0  0.0236 -0.0462  0.0000
  0   0  0.0290 -0.0366  0.0000
  0   0  0.0301 -0.0125  0.0000
  0   0  0.0255  0.0278  0.0000
  0   0  0.0201  0.0782  0.0000
  0   0  0.0110  0.1287  0.0000
  0   0  0.0012  0.1851  0.0000
  0   0  0.0147  0.0585  0.0000
  0   0  0.0357  0.0605  0.0000
  0   0  0.0471  0.0630  0.0000
  0   0  0.0414  0.0567  0.0000
  0   0  0.0321  0.0335  0.0000
  0   0  0.0191 -0.0041  0.0000
  0   0  0.0002 -0.0398  0.0000
  0   0 -0.0124 -0.0643  0.0000
  0   0 -0.0082 -0.0758  0.0000
  0   0  0.0169 -0.0771  0.0000
  0   0  0.0610 -0.0736  0.0000
  0   0  0.1186 -0.0729  0.0000
  0   0  0.1785 -0.0789  0.0000
  0   0  0.2295 -0.0927  0.0000
  0   0  0.2641 -0.1127  0.0000
  0   0  0.2768 -0.1359  0.0000
  0   0  0.2661 -0.1578  0.0000
  0   0  0.2374 -0.1727  0.0000
  0   0  0.1992 -0.1745  0.0000
  0   0  0.1575 -0.1555  0.0000
  0   0  0.1136 -0.1086  0.0000
  0   0  0.0660 -0.0328  0.0000
  0   0  0.0135  0.0613  0.0000
  0   0 -0.0394  0.1533  0.0000
  0   0 -0.0845  0.2224  0.0000
  0   0 -0.1162  0.2546  0.0000
  0   0 -0.1329  0.2470  0.0000
  0   0 -0.1347  0.2065  0.0000
  0   0 -0.1223  0.1459  0.0000
  0   0 -0.0977  0.0786  0.0000
  0   0 -0.0646  0.0170  0.0000
  0   0 -0.0296 -0.0307  0.0000
  0   0  0.0007 -0.0622  0.0000
  0   0  0.0229 -0.0780  0.0000
  0   0  0.0372 -0.0782  0.0000
  0   0  0.0441 -0.0622  0.0000
  0   0  0.0443 -0.0290  0.0000
  0   0  0.0389  0.0200  0.0000
  0   0  0.0294  0.0802  0.0000
  0   0  0.0167  0.1460  0.0000
  0   0  0.0025  0.2146  0.0000
