VARIABLES= "X pix", "Y pix", "U pix/dt", "V pix/dt", "CHC", ZONE I=37, J=41
304  16 -0.1535 -0.1690 59.5809
336  16 -0.0768 -0.1751 18.9118
368  16 -0.0606 -0.0907 24.6753
400  16 -0.0611 -0.0699 88.5845
496  16 -0.0822 -0.0825 89.0435
528  16 -0.0686 -0.0704 39.0095
560  16 -0.0787 -0.0884 40.9600
592  16 -0.0589 -0.0759 50.5679
624  16 -0.0549 -0.0637 54.6133
656  16 -0.0588 -0.0329 46.5454
688  16 -0.0614  0.0136 273.0666
304  48 -0.0515  0.0409 52.5128
336  48 -0.0408  0.0555 29.4676
368  48 -0.0226  0.0459 110.7027
496  48  0.0018  0.0588 71.8596
528  48  0.0215  0.0598 27.3067
560  48 -0.0068 -0.0065 36.1985
592  48 -0.0454 -0.0020 260.6544
688  48 -0.0303  0.0069 227.5554
720  48  0.0119 -0.0021 29.2571
752  48  0.0160 -0.0117 35.0085
784  48 -0.0057 -0.0058 33.5715
816  48 -0.0693  0.0000 204.7999
304  80 -0.0203 -0.0212 49.3494
336  80 -0.0153 -0.0497 30.7970
368  80 -0.0016 -0.0446 50.5679
400  80  0.0028 -0.0619 47.0804
432  80  0.0125 -0.0445 43.5745
464  80  0.0313 -0.0249 4095.9939
496  80  0.0207  0.0008 71.8596
528  80 -0.0158  0.0350 28.4444
560  80  0.0000 -0.0077 38.4026
592  80  0.0054  0.0811 52.9823
688  80 -0.0003  0.0595 341.3332
720  80 -0.0222 -0.0573 80.3137
752  80 -0.0220 -0.0294 75.8518
784  80 -0.0220 -0.0449 66.6891
816  80  0.0000 -0.2158 156.6775
 16 144 -0.0159 -0.1873 48.0801
 48 144 -0.0235 -0.0473 36.1565
 80 144 -0.0433 -0.0949 61.1949
112 144 -0.1350 -0.0409 184.4213
144 144 -0.0534 -0.1249 181.9670
176 144 -0.0544 -0.0234 152.7498
208 144 -0.0450 -0.0373 113.4304
240 144 -0.0739 -0.0621 202.4881
272 144 -0.0260 -0.0239 64.5739
304 144 -0.0631 -0.0492 184.0388
336 144 -0.0181 -0.0099 87.1830
368 144 -0.0307 -0.0056 132.3330
400 144 -0.0305  0.0059 259.8400
432 144 -0.0276  0.0281 146.0746
464 144 -0.0211  0.0334 150.9745
496 144 -0.0287  0.0419 69.0975
528 144 -0.0246  0.0098 217.1859
560 144 -0.0169  0.0276 97.9827
592 144  0.0084  0.0719 177.2982
624 144 -0.0435  0.0254 190.9120
656 144 -0.0567  0.0116 117.3307
688 144 -0.0226 -0.0025 107.8058
720 144  0.0157 -0.0095 131.7160
752 144  0.0066 -0.0200 105.1774
784 144  0.0003 -0.0164 59.8363
816 144 -0.0208  0.0079 172.0955
848 144  0.0030 -0.0060 144.3854
880 144 -0.0219 -0.0453 171.3189
912 144 -0.0063 -0.0120 132.5939
944 144 -0.0067 -0.0399 148.5387
976 144 -0.0025 -0.0106 76.2076
1008 144  0.0139 -0.0078 72.1247
1040 144  0.0060  0.0066 45.6066
1072 144 -0.0573  0.0654 86.0227
1104 144  0.0261  0.0001 41.1798
1136 144 -0.0228  0.0259 66.0972
1168 144 -0.0241  0.0257 69.0944
 16 176 -0.0663 -0.1678 257.6528
 48 176 -0.0519 -0.0668 118.6590
 80 176 -0.0827 -0.1037 80.4626
112 176 -0.1061 -0.0416 100.0438
144 176 -0.0611 -0.0684 287.1208
176 176 -0.1293 -0.0714 154.5915
208 176 -0.0709 -0.0470 98.2402
240 176 -0.0562 -0.0030 295.9796
272 176 -0.0514 -0.0163 176.4192
304 176 -0.0112 -0.0244 185.7505
336 176 -0.0496 -0.0216 230.3170
368 176 -0.0290  0.0082 167.1523
400 176 -0.0102 -0.0292 242.4998
432 176 -0.0304  0.0165 124.0167
464 176  0.0267  0.0417 121.0279
496 176 -0.0210  0.0671 143.1276
528 176 -0.0066  0.0659 198.8501
560 176  0.0252  0.0181 126.0273
592 176  0.0052  0.0406 87.2450
624 176 -0.0205  0.0105 257.0732
656 176 -0.0208  0.0050 82.4404
688 176 -0.0207 -0.0092 71.1007
720 176 -0.0084 -0.0187 203.4038
752 176  0.0202 -0.0046 221.1526
784 176 -0.0245 -0.0188 72.5121
816 176  0.0195 -0.0585 203.4675
848 176 -0.0109 -0.0122 301.3542
880 176  0.0228 -0.0104 119.9269
912 176  0.0110 -0.0233 151.0776
944 176  0.0507  0.0315 116.3473
976 176 -0.1343  0.0132 112.2102
1008 176  0.0022 -0.0164 132.7624
1040 176 -0.0282 -0.0315 68.0820
1072 176 -0.0096  0.0147 145.9171
1104 176  0.0129  0.0132 113.6115
1136 176 -0.0217 -0.0009 81.7067
1168 176 -0.0276  0.0561 270.9704
 16 208 -0.1050 -0.0741 265.3524
 48 208 -0.0539 -0.0959 38.6602
 80 208 -0.0942 -0.2599 207.8333
112 208 -0.0506 -0.0398 56.3606
144 208 -0.1061 -0.1447 356.4180
176 208 -0.0812 -0.0423 178.7145
208 208 -0.1001 -0.1984 226.6889
240 208 -0.0370 -0.0688 145.5059
272 208 -0.0829 -0.0871 75.3418
304 208 -0.0691 -0.0108 151.1984
336 208 -0.1021 -0.0077 200.9652
368 208 -0.0266 -0.0073 179.6914
400 208 -0.0180  0.0152 117.6935
432 208 -0.0097  0.0281 149.1914
464 208 -0.0295  0.0066 164.7580
496 208 -0.0333 -0.0152 182.7269
528 208 -0.0263  0.0262 223.2096
560 208 -0.0005 -0.0055 93.5419
592 208 -0.0288 -0.0153 84.3222
624 208 -0.0016  0.0500 132.0157
656 208 -0.0218 -0.0133 84.1764
688 208 -0.0087 -0.0161 94.6688
720 208 -0.0026 -0.0284 167.3712
752 208 -0.0068 -0.0291 193.4928
784 208 -0.0082 -0.0129 138.3904
816 208  0.0273 -0.0460 138.0725
848 208 -0.0126 -0.0095 181.8010
880 208 -0.0248 -0.0773 234.1473
912 208  0.0039 -0.0319 134.7324
944 208  0.0311 -0.0498 77.9036
976 208 -0.0069 -0.0011 146.4078
1008 208 -0.0232 -0.0177 87.1202
1040 208  0.0058  0.0049 112.6075
1072 208 -0.0020  0.0034 245.3236
1104 208 -0.0226  0.0409 102.2050
1136 208  0.0078  0.0563 132.2927
1168 208  0.0039 -0.0074 35.0423
 16 240 -0.0429 -0.1626 103.5982
 48 240 -0.0348 -0.0409 59.4237
 80 240 -0.0735 -0.1140 232.3999
112 240 -0.0847 -0.1165 249.9949
144 240 -0.0857 -0.1500 333.3697
176 240 -0.2348 -0.0605 232.0455
208 240 -0.0376 -0.0295 98.3171
240 240 -0.0087 -0.0300 21.9902
272 240 -0.0730 -0.0450 247.2557
304 240 -0.0134 -0.0609 203.3608
336 240 -0.0224 -0.0137 103.1478
368 240 -0.0427 -0.0247 167.8269
400 240 -0.0343  0.0193 191.4016
432 240 -0.0452  0.0127 100.3965
464 240 -0.0247 -0.0067 198.7439
496 240 -0.0275  0.0076 218.3708
528 240 -0.0197  0.0501 172.6352
560 240 -0.0339  0.0508 162.4456
592 240 -0.0406  0.0299 146.7411
624 240  0.0247  0.0064 87.7508
656 240 -0.0059  0.0022 167.6168
688 240 -0.0176 -0.0078 216.8595
720 240  0.0484 -0.0793 175.7502
752 240  0.0176 -0.0532 169.6035
784 240  0.0054 -0.0250 95.5814
816 240  0.0214 -0.0402 185.3711
848 240  0.0103 -0.0123 128.9154
880 240 -0.0257 -0.0078 89.9208
912 240  0.0054 -0.0384 111.1963
944 240  0.0156 -0.0450 84.3080
976 240  0.0125 -0.0216 103.0218
1008 240  0.0271  0.0240 100.7091
1040 240  0.0068  0.0176 132.1511
1072 240  0.0156  0.0147 187.1915
1104 240 -0.0523  0.0239 96.3226
1136 240 -0.0287  0.0255 176.7919
1168 240 -0.0384  0.0543 48.1407
 16 272 -0.1545 -0.1789 243.4665
 48 272 -0.1172 -0.2159 164.4848
 80 272 -0.0522 -0.2200 270.6494
112 272 -0.1089 -0.2298 232.3125
144 272 -0.0931 -0.1446 295.8668
176 272 -0.1127 -0.0952 168.5317
208 272 -0.1077 -0.1158 209.1763
240 272 -0.0625 -0.0954 263.5039
272 272 -0.0893 -0.1389 244.3753
304 272 -0.1081 -0.0407 162.6207
336 272 -0.0379 -0.0538 171.9119
368 272 -0.0450 -0.0032 126.2310
400 272 -0.0175  0.0033 161.3043
432 272 -0.0283  0.0012 100.9828
464 272 -0.0250  0.0140 172.9560
496 272 -0.0261  0.0215 152.4129
528 272 -0.0304  0.0272 192.2953
560 272 -0.0749  0.0094 16.3798
592 272 -0.0260  0.0211 105.7785
624 272  0.0002 -0.0301 114.8775
656 272 -0.0523  0.0023 165.0749
688 272  0.0212 -0.0215 113.0612
720 272 -0.0045 -0.0189 141.8084
752 272  0.0159 -0.0449 118.1812
784 272  0.0058 -0.0556 141.5576
816 272  0.0075 -0.0358 211.3824
848 272  0.0195 -0.0526 93.0232
880 272 -0.0160 -0.0626 65.7138
912 272  0.0265 -0.0576 63.6576
944 272  0.0006  0.0009 203.4830
976 272  0.0051 -0.0255 149.3059
1008 272  0.0431 -0.0015 139.0726
1040 272 -0.0010  0.0089 132.8365
1072 272 -0.0020  0.0420 137.6393
1104 272  0.0212 -0.0042 197.3074
1136 272 -0.0432  0.0101 107.0493
1168 272 -0.0364  0.0070 81.2710
 16 304 -0.2672 -0.4278 251.0915
 48 304 -0.3187 -0.4281 175.0630
 80 304 -0.1150 -0.2275 163.0707
112 304 -0.0989 -0.2298 192.9873
144 304 -0.1339 -0.1648 225.6675
176 304 -0.1116 -0.2165 131.3956
208 304 -0.0625 -0.0218 21.2101
240 304 -0.0934 -0.0707 302.7460
272 304 -0.0415 -0.0659 168.0491
304 304 -0.0987 -0.0350 253.3216
336 304 -0.0581 -0.0453 111.4902
368 304 -0.1147 -0.0274 139.9361
400 304 -0.0652 -0.0069 61.1489
432 304 -0.0638 -0.0077 123.0426
464 304 -0.0018  0.0755 410.2094
496 304 -0.0226  0.0276 131.7858
528 304 -0.0207  0.0024 56.7971
560 304 -0.0358 -0.0047 303.6257
592 304 -0.0200  0.0056 123.6653
624 304 -0.0047  0.0043 137.2229
656 304 -0.0000  0.0022 194.4536
688 304  0.0235 -0.0255 75.3783
720 304  0.0318 -0.0457 151.6897
752 304 -0.0087 -0.0568 91.9693
784 304 -0.0102 -0.0650 223.5443
816 304  0.0015 -0.0685 141.4669
848 304  0.0156 -0.0798 91.8842
880 304  0.0003 -0.0481 80.7307
912 304  0.0063 -0.0367 82.7492
944 304  0.0028 -0.0458 186.3959
976 304 -0.0264  0.0045 142.7271
1008 304  0.0383 -0.0102 97.6948
1040 304 -0.0472 -0.0128 78.5866
1072 304 -0.0137  0.0143 136.9387
1104 304  0.0271 -0.1020 101.2471
1136 304 -0.0423  0.0339 106.9680
1168 304 -0.0182  0.0561 52.4756
 16 336 -0.1078 -0.2217 98.9256
 48 336 -0.4005 -0.2931 70.1053
 80 336 -0.1751 -0.3700 114.0237
112 336 -0.1749 -0.3085 62.1439
144 336 -0.0589 -0.4363 82.3880
176 336 -0.0924 -0.3441 63.2679
208 336 -0.2134 -0.1770 245.5820
240 336 -0.0865 -0.1042 223.2762
272 336 -0.0338 -0.0300 256.2612
304 336 -0.0978 -0.1232 236.8082
336 336 -0.0916 -0.0311 167.0716
368 336 -0.0611 -0.0077 128.1998
400 336 -0.0668 -0.0154 78.4029
432 336 -0.0324 -0.0225 254.0753
464 336 -0.0318 -0.0005 172.9381
496 336 -0.0294  0.0001 139.7747
528 336 -0.0055 -0.0002 198.5747
560 336 -0.0210  0.0062 209.5500
592 336 -0.0034 -0.0192 49.3624
624 336 -0.0162 -0.0101 122.6871
656 336 -0.0137 -0.0161 88.7479
688 336 -0.0078 -0.0128 149.2942
720 336  0.0307 -0.0997 235.4905
752 336 -0.0081 -0.0112 134.7616
784 336  0.0118 -0.0475 149.5730
816 336  0.0269 -0.0842 102.6263
848 336 -0.0121 -0.0444 102.3762
880 336  0.0626 -0.0669 117.8354
912 336  0.0157 -0.1213 110.4272
944 336  0.0329 -0.0491 191.1958
976 336  0.0138 -0.0280 95.0724
1008 336 -0.0022 -0.0029 119.6444
1040 336 -0.0087  0.0229 103.7364
1072 336 -0.0044  0.0148 154.1927
1104 336 -0.0187  0.0182 139.9565
1136 336  0.0268 -0.0088 180.1467
1168 336 -0.0444  0.0359 119.3288
 16 368 -0.1335 -0.2053 49.4911
 48 368 -0.1462 -0.2788 189.9934
 80 368 -0.2037 -0.1256 67.8760
112 368 -0.5767 -0.2429 64.0628
144 368 -0.2245 -0.2610 53.6627
176 368 -0.3519 -0.4061 139.9403
208 368 -0.0765 -0.1237 49.7258
240 368 -0.1857 -0.2003 158.5134
272 368 -0.0355 -0.0915 39.2123
304 368 -0.1055 -0.1136 175.7721
336 368 -0.1292 -0.0670 282.9263
368 368 -0.0424 -0.0809 217.0294
400 368 -0.0406 -0.0221 120.0068
432 368 -0.0242 -0.0195 64.0089
464 368 -0.0675 -0.0113 214.5296
496 368 -0.0790  0.0140 88.1830
528 368 -0.0387 -0.0069 186.5259
560 368 -0.0206  0.0120 175.9645
592 368 -0.0202 -0.0111 189.5311
624 368 -0.0128 -0.0196 151.1033
656 368 -0.0144 -0.0145 80.3721
688 368 -0.0001 -0.0979 78.5615
720 368 -0.0090 -0.0561 125.8311
752 368  0.0130 -0.0770 164.2665
784 368  0.0021 -0.0941 244.6954
816 368  0.0157 -0.0755 163.8592
848 368  0.0580 -0.0566 84.6693
880 368  0.0965 -0.0974 173.7324
912 368  0.0257 -0.0395 185.0659
944 368  0.0518 -0.1138 183.4276
976 368  0.0539 -0.0221 24.0052
1008 368  0.0131 -0.0149 263.5428
1040 368  0.0075  0.0020 206.4847
1072 368 -0.0144  0.0098 102.1564
1104 368 -0.0387  0.0402 97.2798
1136 368 -0.0746  0.1133 95.8822
1168 368  0.0086  0.0414 156.9661
 16 400 -0.2391 -0.2037 89.7436
 48 400 -0.2785 -0.1904 36.6832
 80 400 -0.3094 -0.4058 231.8573
112 400 -0.5164 -0.1068 210.0583
144 400 -0.1832 -0.3831 179.8512
176 400 -0.5826 -0.1841 160.1643
208 400 -0.0626 -0.4169 47.1337
240 400 -0.3128 -0.1395 198.4198
272 400 -0.1643 -0.1888 39.2148
304 400 -0.1021 -0.1018 164.4052
336 400 -0.0830 -0.0576 184.1758
368 400 -0.0913 -0.0776 226.8607
400 400 -0.0866 -0.0110 129.1492
432 400 -0.0399 -0.0222 208.9427
464 400 -0.0737 -0.0023 150.9116
496 400 -0.0668 -0.0098 145.8487
528 400 -0.0426 -0.0199 181.8115
560 400 -0.0322  0.0037 96.2327
592 400 -0.0109 -0.0437 167.0846
624 400 -0.0033 -0.0199 154.8915
656 400  0.0113 -0.0376 147.6339
688 400 -0.0214 -0.0365 200.1707
720 400  0.0028 -0.0571 173.7045
752 400  0.0072 -0.0919 72.2238
784 400  0.0158 -0.1134 128.5585
816 400  0.0158 -0.0876 177.6969
848 400  0.0129 -0.0887 106.5704
880 400  0.0047 -0.1289 59.3476
912 400  0.0335 -0.1193 139.6563
944 400  0.0929 -0.1044 105.8093
976 400  0.0692 -0.0656 102.3806
1008 400 -0.0190  0.0098 81.3792
1040 400  0.0125 -0.0187 234.9560
1072 400 -0.0184  0.0563 188.2170
1104 400 -0.0366  0.0382 118.5064
1136 400 -0.0207  0.0192 229.4585
1168 400 -0.0552  0.0551 49.6952
 16 432 -0.3631 -0.2809 137.8064
 48 432 -0.2702 -0.6945 88.4619
 80 432 -0.1720 -0.2306 141.6504
112 432 -0.3560 -0.1993 97.4069
144 432 -0.2726 -0.4054 191.1400
176 432 -0.2002 -0.1207 330.4294
208 432 -0.3348 -0.1739 200.9370
240 432 -0.2089 -0.2432 92.8757
272 432 -0.1183 -0.1797 50.6610
304 432 -0.1539 -0.1291 120.7591
336 432 -0.1237 -0.0956 158.1075
368 432 -0.1720 -0.0660 103.9732
400 432 -0.0270 -0.0070 327.9585
432 432 -0.0751 -0.0498 204.8961
464 432 -0.0563  0.0052 79.0225
496 432 -0.0368 -0.0223 21.6926
528 432 -0.0569  0.0140 185.8660
560 432 -0.0430 -0.0145 103.6982
592 432 -0.0168 -0.0230 130.2905
624 432 -0.0244 -0.0311 133.1360
656 432  0.0475  0.0319 90.1059
688 432 -0.0516 -0.0528 124.0915
720 432  0.0540 -0.0959 139.1254
752 432 -0.0291 -0.1093 99.4422
784 432 -0.0019 -0.1662 120.7001
816 432  0.0223 -0.0836 128.8806
848 432  0.0474 -0.1564 177.5993
880 432  0.0484 -0.0928 99.1853
912 432  0.0423 -0.1234 99.4386
944 432  0.0342 -0.1001 65.2316
976 432  0.0197 -0.0747 91.7390
1008 432  0.0167 -0.0330 90.4473
1040 432  0.0089 -0.0109 161.8041
1072 432 -0.0138 -0.0056 29.7086
1104 432  0.0024  0.0585 146.8888
1136 432 -0.0166  0.0808 129.5576
1168 432 -0.0273  0.0517 94.2501
 16 464 -0.2934 -0.1531 32.8889
 48 464 -0.2051 -0.2870 73.1653
 80 464 -0.7544 -0.3278 141.4979
112 464 -0.5360 -0.2343 64.6919
144 464 -0.5276 -0.2810 146.5803
176 464 -0.9354 -0.1938 193.0214
208 464 -0.1932 -0.5490 166.2773
240 464 -0.1429 -0.3620 237.8179
272 464 -0.1493 -0.1717 129.9115
304 464 -0.2530 -0.2329 191.9696
336 464 -0.1588 -0.1244 164.0760
368 464 -0.0905 -0.0713 147.5920
400 464 -0.1050 -0.0346 129.0096
432 464 -0.1103 -0.0484 68.8165
464 464 -0.0911 -0.0075 140.1577
496 464 -0.0730 -0.0428 81.7622
528 464 -0.0807 -0.0515 137.4530
560 464 -0.0403 -0.0260 119.4059
592 464 -0.0347 -0.0250 177.4097
624 464 -0.0158 -0.0264 169.9154
656 464 -0.0380 -0.0510 180.6031
688 464 -0.0038 -0.0663 93.8005
720 464  0.0135 -0.1250 75.3809
752 464 -0.0054 -0.1782 137.2695
784 464  0.0141 -0.1379 77.3407
816 464  0.0248 -0.1549 101.3904
848 464  0.0103 -0.0703 38.6989
880 464  0.0372 -0.2127 103.8863
912 464 -0.0327 -0.1175 181.4375
944 464  0.0325 -0.0822 40.2788
976 464  0.0036 -0.0613 159.8545
1008 464  0.0209 -0.0849 65.2473
1040 464 -0.0048 -0.0034 183.1664
1072 464 -0.0924 -0.0056 136.3109
1104 464 -0.0216  0.0262 71.4682
1136 464 -0.0414  0.0453 81.5837
1168 464 -0.0576  0.0711 96.0958
 16 496 -0.5923 -0.2532 73.1374
 48 496 -0.1055 -0.5300 68.2234
 80 496 -0.7198 -0.3183 129.7200
112 496 -0.8242 -0.6222 194.8220
144 496 -0.2689 -0.7782 119.6036
176 496 -0.1438 -0.8058 142.3487
208 496 -0.2680 -0.4524 32.9770
240 496 -0.1812 -0.2412 42.2028
272 496 -0.1736 -0.2724 138.7237
304 496 -0.3031 -0.2466 104.4696
336 496 -0.1165 -0.0805 18.7850
368 496 -0.1663 -0.1638 170.9034
400 496 -0.1325 -0.0793 176.9803
432 496 -0.1047 -0.0781 156.2703
464 496 -0.1070 -0.0627 111.7839
496 496 -0.0819 -0.0418 196.4527
528 496 -0.0552 -0.0243 159.2683
560 496 -0.0549 -0.0060 99.3551
592 496  0.0058 -0.0780 116.6957
624 496 -0.0340 -0.0664 81.9938
656 496  0.0195 -0.0171 118.6042
688 496  0.0276 -0.0499 91.6209
720 496  0.0302 -0.1318 97.9430
752 496  0.0154 -0.1956 125.3451
784 496  0.0223 -0.2463 68.8886
816 496  0.0428 -0.3013 48.7574
848 496  0.0379 -0.1950 94.0083
880 496  0.0486 -0.1743 134.7943
912 496  0.0739 -0.2029 46.5002
944 496  0.0608 -0.2392 262.1762
976 496  0.0226 -0.0865 77.6740
1008 496  0.0098 -0.0332 110.1725
1040 496 -0.0148  0.0264 153.0583
1072 496 -0.0325 -0.0150 69.2387
1104 496 -0.0459  0.0261 95.0659
1136 496 -0.0417  0.0429 97.7273
1168 496 -0.0174  0.0639 49.6025
 16 528 -0.1912 -0.2039 41.9770
 48 528 -0.3709 -0.4626 108.3767
 80 528 -0.3237 -0.2538 143.0143
112 528 -0.6525 -0.5220 245.6797
144 528 -0.5261 -0.4363 40.7839
176 528 -0.3816 -0.3364 123.2783
208 528 -0.3937 -0.3397 27.1146
240 528 -0.4759 -0.2987 128.1543
272 528 -0.4046 -0.4218 70.1882
304 528 -0.2861 -0.3098 310.9181
336 528 -0.2274 -0.2816 205.1640
368 528 -0.1792 -0.2304 136.9933
400 528 -0.1449 -0.1203 64.3242
432 528 -0.0994 -0.1157 91.6524
464 528 -0.0643 -0.0993 122.0039
496 528 -0.0873 -0.1587 126.6520
528 528 -0.0432 -0.0305 86.8936
560 528 -0.0422 -0.0520 94.7013
592 528  0.0699 -0.0640 141.1522
624 528 -0.0277 -0.0992 105.4524
656 528  0.0012 -0.1622 71.7656
688 528  0.0053 -0.0721 58.3488
720 528 -0.0375 -0.1159 48.5265
752 528  0.0362 -0.2357 153.3722
784 528 -0.0058 -0.1837 185.5893
816 528  0.0235 -0.2028 55.3273
848 528  0.0101 -0.2140 36.4963
880 528  0.0941 -0.2568 100.0221
912 528  0.0586 -0.1280 126.3957
944 528  0.0305 -0.1900 193.1680
976 528  0.0167 -0.0337 135.2633
1008 528  0.0059 -0.0260 121.8468
1040 528 -0.0526  0.0154 71.6316
1072 528 -0.0320  0.0402 29.3403
1104 528 -0.0817  0.0726 110.1460
1136 528 -0.0557  0.0832 161.7411
1168 528 -0.0484  0.0845 77.9373
 16 560 -0.2369 -0.1592 48.5772
 48 560 -1.0760 -0.4616 149.1117
 80 560 -0.2488 -0.5748 282.5933
112 560 -0.4679 -0.5571 147.2207
144 560 -0.7740 -0.5673 17.2125
176 560 -0.8944 -0.9094 32.4548
208 560 -0.8976 -0.6969 21.5596
240 560 -0.6574 -0.7834 139.2578
272 560 -0.2310 -0.3051 23.9354
304 560 -0.7441 -0.3587 119.0779
336 560 -0.2935 -0.3478 31.6683
368 560 -0.1322 -0.2162 192.1082
400 560 -0.0857 -0.0357 338.0454
432 560 -0.1661 -0.2300 218.8065
464 560 -0.0718 -0.1151 142.0851
496 560 -0.0215 -0.1672 247.9495
528 560 -0.0529 -0.0999 312.2621
560 560 -0.0365 -0.0953 170.6492
592 560  0.0109 -0.0443 176.0489
624 560  0.0127 -0.0883 94.5933
656 560  0.0046 -0.1189 141.8783
688 560 -0.0069 -0.1097 28.3215
720 560  0.0088 -0.1666 146.5050
752 560  0.0460 -0.3041 169.9751
784 560  0.0252 -0.3506 120.9335
816 560  0.0713 -0.2445 122.2822
848 560  0.0014 -0.3458 88.8360
880 560  0.0156 -0.3151 93.7387
912 560  0.0643 -0.1871 269.7236
944 560  0.0424 -0.0763 85.3667
976 560  0.0134 -0.1015 72.3958
1008 560  0.0458 -0.0739 162.6687
1040 560 -0.0121 -0.0139 249.7363
1072 560 -0.0232  0.0939 88.7935
1104 560 -0.0414  0.0467 77.0106
1136 560 -0.0478  0.0678 141.5381
1168 560 -0.1359  0.1141 177.7720
 16 592 -0.7401 -0.2307 82.9229
 48 592 -0.9748 -0.9098 140.2807
 80 592 -0.8188 -0.7940 175.3058
112 592 -0.9129 -0.7760 31.4278
144 592 -1.1747 -0.9938 80.0471
176 592 -1.1965 -0.7511 224.2479
208 592 -0.2182 -0.1576 11.5435
240 592 -0.7666 -0.5154 89.5719
272 592 -0.7770 -0.3820 190.0712
304 592 -0.5074 -0.2622 32.5640
336 592 -1.0972 -0.6073 58.6727
368 592 -0.3253 -0.1138 80.4588
400 592 -0.3301 -0.1830 276.6878
432 592 -0.2718 -0.1879 282.6119
464 592 -0.2047 -0.2229 122.6451
496 592 -0.0064 -0.2928 272.3266
528 592 -0.1111 -0.4128 378.0680
560 592 -0.1231 -0.1972 132.4190
592 592  0.0243 -0.1204 71.0136
624 592  0.0045 -0.0819 45.7382
656 592  0.0076 -0.0808 211.8965
688 592 -0.0701 -0.2450 182.3581
720 592 -0.0335 -0.2317 41.0198
752 592 -0.0066 -0.3524 112.2840
784 592 -0.0052 -0.2709 161.5169
816 592  0.0661 -0.3090 117.1022
848 592  0.0219 -0.3533 101.7824
880 592 -0.0199 -0.3900 115.2873
912 592  0.0313 -0.2103 192.6858
944 592 -0.0258 -0.0789 39.9475
976 592 -0.0215 -0.0412 139.8471
1008 592 -0.0155 -0.0334 77.7651
1040 592 -0.0741  0.0196 171.1556
1072 592 -0.0587  0.1289 179.6419
1104 592 -0.0599  0.1013 81.4612
1136 592 -0.0863  0.0890 141.9410
1168 592 -0.0919  0.0903 44.0462
 16 624 -0.2928 -0.1052 45.3140
 48 624 -0.8963 -1.0299 127.8585
 80 624 -0.4522 -0.2429 86.4565
112 624 -0.4738 -0.1712 65.1127
144 624 -0.9247 -0.7055 98.7613
176 624 -1.1219 -0.5435 201.2971
208 624 -0.8690 -0.7812 141.4614
240 624 -0.6070 -0.3899 21.2497
272 624 -0.6779 -0.0502 297.2006
304 624 -0.8003 -0.3791 30.4271
336 624 -0.5406 -0.3710 122.3888
368 624 -0.3938 -0.3592 57.4653
400 624 -0.2929 -0.2738 133.1000
432 624 -0.1953 -0.1819 235.9389
464 624 -0.1425 -0.1859 60.5114
496 624 -0.0519 -0.3445 124.9620
528 624  0.0101 -0.1960 155.1017
560 624  0.1910 -0.1800 218.7671
592 624  0.0735 -0.0946 130.6992
624 624  0.0140  0.0292 272.1115
656 624 -0.0453 -0.0329 66.5593
688 624 -0.2128 -0.0557 145.6847
720 624 -0.0333 -0.2221 57.6830
752 624  0.0001 -0.2254 41.7394
784 624  0.1051 -0.2867 194.3069
816 624  0.0343 -0.1237 181.9712
848 624 -0.0065 -0.1195 139.0142
880 624 -0.0067 -0.1269 131.5268
912 624 -0.0108 -0.0756 65.6449
944 624 -0.0530 -0.0438 107.1222
976 624 -0.0404 -0.0726 92.0266
1008 624 -0.0816 -0.0103 137.9577
1040 624 -0.0515  0.0539 161.2422
1072 624 -0.0959  0.0560 110.0727
1104 624 -0.0937  0.0590 64.5825
1136 624 -0.1001  0.0905 125.6661
1168 624 -0.0607  0.0694 72.4877
 16 656 -0.1602 -0.4051 64.8755
 48 656 -0.4594 -0.0596 171.6272
 80 656 -0.9376 -0.2116 117.3131
112 656 -0.3163 -0.1955 223.7868
144 656 -0.8514 -0.4607 167.0665
176 656 -0.3649 -0.2501 60.9283
208 656 -1.2000 -1.1968 42.1872
240 656 -0.7934 -0.4024 130.0395
272 656 -1.2717 -0.8457 62.5161
304 656 -0.9207 -0.5782 159.3484
336 656 -0.5002 -0.3797 187.6418
368 656 -0.3188 -0.2540 154.0577
400 656 -0.2579 -0.3985 108.5426
432 656 -0.1552 -0.3187 124.7965
464 656  0.0869 -0.6090 113.1447
496 656  0.1031 -0.6933 120.7992
528 656  0.1526 -0.2440 145.2974
560 656  0.3929 -0.2445 93.1558
592 656  0.2992  0.0186 95.5537
624 656  0.0305  0.0970 147.2628
656 656 -0.1249  0.2114 33.5712
688 656 -0.2724  0.1911 156.1236
720 656 -0.1785 -0.2354 85.4315
752 656  0.3427 -0.2515 106.0993
784 656  0.3890  0.1409 87.0607
816 656  0.0021  0.1865 112.1823
848 656 -0.0571  0.2635 131.9944
880 656 -0.0445  0.0073 199.8936
912 656 -0.1725  0.0061 96.4572
944 656 -0.1747 -0.0374 72.5272
976 656 -0.1020  0.0023 122.8339
1008 656 -0.0806  0.0064 94.6644
1040 656 -0.0842  0.0529 46.7831
1072 656 -0.0694  0.0395 31.9837
1104 656 -0.1021  0.2137 198.6004
1136 656 -0.1833  0.1289 67.7621
1168 656 -0.1329  0.0501 96.5636
 16 688 -0.0913 -0.0532 75.8562
 48 688 -0.2091 -0.2006 169.6296
 80 688 -0.1678 -0.0993 150.4513
112 688 -1.1210 -0.9544 61.0716
144 688 -0.7157 -0.7165 46.7468
176 688 -0.9448 -0.7992 193.2847
208 688 -0.0503 -0.4318 25.5492
240 688 -0.2286 -0.2660 72.7204
272 688 -1.1960 -0.8128 82.8875
304 688 -0.6282 -0.7072 203.3824
336 688 -0.6434 -0.6845 194.7285
368 688 -0.3841 -0.5002 144.6026
400 688 -0.1835 -0.4316 60.3152
432 688 -0.0524 -0.3304 16.8300
464 688  0.2391 -0.5548 171.2239
496 688  0.6413 -1.0263 77.5321
528 688  0.7921 -0.2043 76.3545
560 688  1.5098 -0.2543 47.2729
592 688  1.0036  0.1584 55.9497
624 688  0.2085  0.6039 80.4791
656 688  0.1687 -0.0903 22.0887
688 688 -1.0511  0.3694 67.7583
720 688 -0.2490  0.0274 21.4686
752 688  0.3297 -0.3584 18.7588
784 688  0.1398 -0.1898 15.9704
816 688 -0.3861 -0.1835 16.7294
848 688 -0.7628 -0.2689 17.2295
880 688 -0.4426 -0.0655 35.2900
912 688 -0.5502  0.1702 88.2666
944 688 -0.1497  0.0500 96.6521
976 688 -0.3150  0.1037 146.8515
1008 688 -0.1163  0.1055 94.3048
1040 688 -0.0370  0.0636 89.3728
1072 688 -0.0738  0.0515 105.3828
1104 688 -0.1386  0.0863 159.7175
1136 688 -0.1477  0.1323 222.3601
1168 688 -0.2216  0.1275 195.2679
 16 720 -0.1160 -0.0470 24.0436
 48 720 -0.1137 -0.0442 67.9853
 80 720 -0.0389 -0.0973 23.7550
112 720 -0.3000 -0.3132 299.9269
144 720 -0.1406 -0.4578 137.6407
176 720 -0.6664 -0.9185 86.8824
208 720 -0.7426 -0.8461 116.9990
240 720 -0.6309 -0.8031 37.8407
272 720 -1.0841 -0.8778 147.4157
304 720 -1.0662 -0.8159 220.2203
336 720 -0.3153 -0.3617 71.8713
368 720 -0.1654 -0.5496 116.9537
400 720 -0.0808 -0.5916 262.7661
432 720  0.2409 -0.8617 207.6933
464 720  0.2377 -0.3728 52.8407
496 720  0.9153 -1.2093 63.8296
528 720  0.0954 -0.3847 51.7520
560 720  0.1672 -0.3343 30.3835
592 720  0.3205 -0.9565 103.5819
624 720  0.6126 -1.4114 26.2260
656 720  0.2059 -1.6283  9.7379
688 720  0.0562 -3.7017 12.3529
720 720  0.1474 -2.4396  7.2620
752 720 -0.0360 -2.3716  5.6891
784 720  0.1560 -1.0664  7.4420
816 720 -0.0109 -0.4153 13.1809
848 720 -0.3694 -0.2894 14.6946
880 720  0.1949  0.2297 10.1073
912 720  0.1485  0.0721 17.6983
944 720 -0.8701  0.4772 68.8876
976 720 -0.5832  0.2129 97.4105
1008 720 -0.3881  0.2340 74.5717
1040 720 -0.2778  0.0652 69.6300
1072 720 -0.2589  0.0679 208.0766
1104 720 -0.1826  0.0389 61.1942
1136 720 -0.1882  0.1809 169.9809
1168 720 -0.1238  0.0976 151.8856
 16 752 -0.0201 -0.0174 84.7211
 48 752 -0.0434 -0.0548 88.5373
 80 752 -0.0732 -0.1203 283.1611
112 752 -0.1005 -0.4203 190.2335
144 752 -0.5293 -0.4089 92.3303
176 752 -0.1956 -0.0999 68.7580
208 752 -0.8227 -1.3008 167.7272
240 752 -0.3379 -0.6838 136.3932
272 752 -0.6036 -0.7660 217.3845
304 752 -0.5372 -0.8243 141.9025
336 752 -0.9330 -0.8095 94.5665
368 752 -0.0992 -0.5032 27.4763
400 752 -0.0077 -0.7482 190.7247
432 752  0.1807 -0.3817 36.9746
464 752  0.5292 -1.1951 68.5073
496 752  0.6922 -2.3343 25.5152
528 752  0.3438 -0.9686  8.1623
560 752  0.1490 -0.6273  8.8007
592 752 -0.0852 -0.0292 13.5577
624 752  0.0838  1.1745 16.1214
656 752  0.4319  1.5985 27.0432
688 752  0.3032  0.3727  8.9612
720 752  0.1397 -0.8281 13.5924
752 752  0.6664 -0.6912  8.5284
784 752 -0.0918  0.5818 16.1022
816 752  0.5181  0.9462 31.9101
848 752 -0.0810 -0.3320 11.4544
880 752 -0.1869 -0.1697 11.8101
912 752 -0.0491 -0.0563 11.0830
944 752  0.0982 -0.5498 14.6733
976 752  1.3484 -0.5173 11.0268
1008 752 -0.4638  0.3943 84.8001
1040 752 -0.2221  0.1752 56.8679
1072 752 -0.3664  0.0695 42.0036
1104 752 -0.1816  0.1424 72.2722
1136 752 -0.1914  0.1188 80.7584
1168 752 -0.2127  0.1651 115.0764
 16 784 -0.0307 -0.0627 87.9087
 48 784 -0.0170 -0.0623 67.1726
 80 784 -0.0209 -0.1167 101.9568
112 784 -0.1009 -0.1044 370.2293
144 784 -0.0795 -0.2513 198.0184
176 784 -0.1925 -0.4556 132.9833
208 784 -0.1575 -1.0360 168.9718
240 784 -0.3620 -0.5738 234.4296
272 784 -0.1789 -0.6491 117.2714
304 784 -0.1298 -0.4216 106.4513
336 784 -0.3112 -0.7202 212.5376
368 784 -0.0429 -0.8031 163.0617
400 784  0.0415 -0.8309 52.3784
432 784  0.2802 -0.8960 31.7829
464 784 -1.8515 -0.1527 13.3516
496 784 -0.0366  0.0012 12.0078
528 784  0.3140 -0.2387  6.7815
560 784  0.2652 -0.2351 11.3382
592 784 -0.3005 -0.1719 22.9144
624 784  0.0496  0.7896 100.4237
656 784  0.0706  0.7000 43.5983
688 784  0.1437 -0.0486 10.1147
720 784  0.2118 -0.1295 14.8548
752 784  0.2038 -0.1628  9.1017
784 784 -0.0805 -0.1659  8.9976
816 784  0.1276 -0.0746 13.5019
848 784 -0.0600 -0.1554 55.2833
880 784  0.3586  0.1103 10.9908
912 784 -0.0467  0.5262  9.0009
944 784 -0.0304 -0.2036 13.7798
976 784  0.0449 -0.1316 12.8150
1008 784 -0.8917  0.3712 43.5225
1040 784 -0.6063  0.3251 133.1864
1072 784 -0.4343  0.2277 90.4116
1104 784 -0.3959  0.3178 73.2156
1136 784 -0.2132  0.0768 92.9854
1168 784 -0.1311  0.0732 116.8879
 16 816 -0.0123  0.0009 47.6783
 48 816  0.0055 -0.0377 66.9877
 80 816 -0.0145 -0.0770 44.4527
112 816 -0.0654 -0.1328 265.3697
144 816 -0.0695 -0.1679 159.4464
176 816 -0.0408 -0.1655 354.7896
208 816 -0.1287 -0.3209 170.1721
240 816 -0.1415 -0.4400 41.0998
272 816 -0.2500 -0.6663 57.4190
304 816  0.0339 -0.2128 17.3293
336 816 -0.0991 -0.7402 150.3782
368 816 -0.1092 -1.1088 111.8306
400 816  0.0337 -1.1515 179.2021
432 816 -0.1017 -0.4474 12.6632
464 816 -0.1409 -1.0805 16.7073
496 816 -0.4342  0.3660  9.5463
528 816 -0.4016 -0.0769  7.7522
560 816 -0.4837 -0.3204 25.9637
592 816 -0.1953  0.2689 68.8708
624 816 -0.0298  0.1979 121.6236
656 816  0.1846  0.0297 25.6064
688 816  0.1063 -0.0768 17.7384
720 816  0.3434 -0.3608 10.3057
752 816 -0.1191  0.0106  9.6812
784 816 -0.0142 -0.0765 12.9790
816 816  1.1405 -0.0635 11.1441
848 816  0.1881  0.0038 13.0716
880 816  0.0368 -0.0174 11.6709
912 816 -0.0897 -0.1155 12.6550
944 816 -0.3824 -1.3901  9.1476
976 816 -0.0772 -0.1618 12.6459
1008 816 -1.4851  0.1825 138.9910
1040 816 -0.6568  0.2822 99.2389
1072 816 -0.1811  0.1794 66.8191
1104 816 -0.2251  0.1428 129.0669
1136 816 -0.2312  0.1433 94.1330
1168 816 -0.2280 -0.0132 129.1036
 16 848  0.0433 -0.0516 46.9030
 48 848  0.0293 -0.0984 100.3875
 80 848  0.0190 -0.0510 178.2257
112 848 -0.0061 -0.1344 143.5746
144 848 -0.0186 -0.1344 299.6959
176 848 -0.0893 -0.3114 103.2197
208 848 -0.1047 -0.2115 98.8767
240 848 -0.1503 -0.3358 102.0598
272 848 -0.2435 -0.6520 57.7786
304 848 -0.2885 -0.6819 121.7629
336 848 -0.2098 -0.8464 74.9039
368 848 -0.0671 -0.9469 114.0376
400 848 -0.0154 -0.4884 19.7556
432 848 -0.0724 -0.6549 13.1802
464 848 -0.1030 -0.2849 19.4999
496 848 -0.0779 -0.0609  8.1093
528 848 -0.3002 -0.2324  7.2695
560 848 -0.0665 -0.0604 36.1631
592 848 -0.0951 -0.0677 41.9726
624 848  0.0028 -0.1641 128.1923
656 848  0.1308 -0.1021 18.2329
688 848  0.1143 -0.0349 14.7949
720 848  0.0130 -0.0312 11.6091
752 848  0.0991 -0.2662  6.2093
784 848 -0.1164 -0.1155  9.8794
816 848  0.0111 -0.1538 13.0444
848 848  0.0243 -0.0255 10.1751
880 848 -0.0368 -0.1209 11.7819
912 848 -0.0502 -0.2016  9.6481
944 848 -0.1750 -0.1699 12.0971
976 848 -0.3882 -0.0448 11.3021
1008 848 -1.7935 -0.1362  8.3382
1040 848  0.0692 -0.1029 14.0019
1072 848 -0.3518  0.1600 23.2239
1104 848 -0.1998  0.2319 50.4544
1136 848 -0.4323  0.0810 193.9682
1168 848 -0.1673  0.1035 30.6927
 16 880 -0.0005  0.0016 40.3179
 48 880  0.0199 -0.0189 135.7578
 80 880  0.0252 -0.0383 146.2133
112 880  0.0613 -0.2337 146.9840
144 880  0.0084 -0.0944 30.1653
176 880 -0.0099 -0.1619 220.4449
208 880 -0.0903 -0.1309 165.8997
240 880 -0.0673 -0.2806 48.8929
272 880 -0.2266 -0.3898 75.9960
304 880 -0.2533 -0.3685 162.3546
336 880 -0.4463 -0.7975 108.0863
368 880 -0.0378 -0.8907 13.0599
400 880 -0.0233 -0.9857 14.1490
432 880 -0.0418 -0.1321 10.3980
464 880 -0.1095 -0.1055 10.7734
496 880 -0.1014 -0.0861  4.2226
528 880 -0.0738 -0.0547 17.6140
560 880  0.0987  0.0185  8.5724
592 880  0.1152  0.0096  8.2815
624 880  0.0127 -0.0719 37.3665
656 880  0.0630  0.0154 10.5298
688 880  0.0140  0.0218 10.3195
720 880  0.0119  0.0053 21.1041
752 880 -0.1563  0.1583  8.4335
784 880  0.0061 -0.1008 12.7682
816 880  0.0156 -0.0975  8.6631
848 880 -0.1069 -0.0399 11.7828
880 880  0.0552 -0.0181  9.2330
912 880 -0.0422 -0.0842 14.9865
944 880 -0.0795 -0.2274  8.2686
976 880 -0.1362 -2.1697  9.2178
1008 880 -0.0404 -3.0953 10.1279
1040 880 -0.1749 -1.0596  9.4283
1072 880 -0.5174  0.3425 53.1930
1104 880 -0.5044  0.1830 62.5121
1136 880 -0.5013  0.1814 117.5533
1168 880 -0.2602  0.2042 138.7791
 16 912  0.0287  0.0096 20.8130
 48 912  0.0907 -0.0476 55.0754
 80 912  0.0344 -0.1549 220.8707
112 912  0.0304 -0.1027 99.7945
144 912  0.0294 -0.1521 238.4161
176 912 -0.0135 -0.1349 39.7996
208 912 -0.0252 -0.0543 42.7900
240 912 -0.0630 -0.3290 40.1234
272 912 -0.4175 -0.2704 142.9697
304 912 -1.0857 -0.8587 135.3946
336 912 -1.2902 -0.8868 159.8520
368 912 -0.0021 -0.0305 10.6785
400 912 -0.0621 -0.9951 12.0907
432 912 -0.0814 -0.4336  9.1393
464 912 -0.0698 -0.0677  5.0287
528 912  0.0110 -0.0075  5.2390
560 912  0.0714  0.0125  5.4100
624 912 -0.0100  0.0222  9.2432
656 912  0.1534  0.0154  5.7636
688 912 -0.0365  0.0282  6.8724
720 912  0.0448  0.0056 10.8099
752 912 -0.1544  0.0070  7.0824
784 912  0.0027 -0.0009 22.5284
816 912  0.0344  0.0833  4.8599
848 912 -0.0625  0.0816  6.6924
880 912  0.0506  0.0685 10.9539
912 912  0.0559 -0.0232 13.5296
944 912 -0.0231 -0.1015 12.4541
976 912  0.1068 -1.1935  9.4784
1008 912  0.1362 -2.8711  8.8384
1040 912 -0.0532 -0.4988 16.3501
1072 912 -0.7429  0.2648 34.5555
1104 912 -0.5107  0.2379 42.5799
1136 912 -0.4311  0.0817 87.4038
1168 912 -0.3662 -0.0026 133.2470
 16 944  0.0742 -0.0133 63.2758
 48 944  0.0175 -0.0143 17.1694
 80 944  0.0228 -0.0518 299.5599
112 944  0.0485 -0.0534 279.3086
144 944  0.0177 -0.0249 31.9864
176 944 -0.0048 -0.0536 346.5143
208 944 -0.0242 -0.0754 166.4230
240 944 -0.1181 -0.0209 108.9503
272 944 -0.5272 -0.1389 42.8406
304 944 -1.2061  0.0550 117.9835
336 944 -0.5358 -0.0385 26.3601
368 944 -0.1743 -0.1581 10.8784
400 944 -0.1778 -0.4739  7.2540
432 944 -0.2131 -0.2329  4.9178
464 944 -0.0588 -0.0790  4.6530
496 944  0.0287 -0.0055  4.9215
624 944 -0.0483  0.0010  5.0350
656 944  0.0338  0.0000  4.3834
688 944 -0.0145 -0.0006  6.0612
720 944  0.0262  0.0182  5.8095
752 944 -0.0723  0.1043  4.7514
784 944 -0.0081 -0.0040  4.3207
816 944 -0.0364 -0.0375  4.6851
848 944 -0.0127 -0.0713 12.0405
880 944 -0.0099 -0.2062  7.8727
912 944 -0.0531 -0.3109  8.4809
944 944 -0.0556 -0.2534 10.0072
976 944 -0.2892 -0.1723 15.9455
1008 944  0.0052 -0.2363 15.8236
1040 944 -0.9863 -0.1162 33.8591
1072 944 -0.8688  0.1074 39.3535
1104 944 -0.4865 -0.0380 51.5194
1136 944 -0.4539  0.1376 112.2325
1168 944 -0.1349 -0.0601 89.9089
 16 976  0.1009 -0.0051 120.3677
 48 976  0.0838 -0.0318 38.2204
 80 976  0.0768 -0.0102 42.1135
112 976  0.0176 -0.0311 198.8198
144 976  0.0936  0.0286 26.9195
176 976  0.0266 -0.0036 139.4550
208 976 -0.0452 -0.0157 143.6959
240 976 -0.0636  0.0868 52.8500
272 976 -0.3421  0.2174 55.4063
304 976 -0.6762  0.6919 23.9220
336 976 -0.3209 -0.8275 10.9086
368 976 -0.3476 -2.8997  7.1576
400 976 -0.0062 -0.4637  8.3843
432 976 -0.3176 -0.3610 14.5947
464 976 -0.0571 -0.1081 28.7676
496 976  0.0731 -0.0412  5.7324
528 976  0.0425  0.0000  4.2402
688 976 -0.0178  0.0161  4.1967
784 976 -0.0020 -0.0013  4.4360
816 976 -0.0097 -0.0200 14.1196
848 976 -0.1467 -0.4215 67.4354
880 976 -0.1508 -0.5640 82.4701
912 976 -0.2461 -0.4447 68.0713
944 976 -0.4244 -0.2532 28.8823
976 976 -0.3100 -0.0544 28.4938
1008 976 -0.9444 -0.3102 99.1918
1040 976 -0.9404 -0.0660 65.1307
1072 976 -0.2992 -0.1278 23.9901
1104 976 -0.6662  0.1702 54.2395
1136 976 -0.4391 -0.0947 112.6901
1168 976 -0.2197 -0.0497 48.6742
 16 1008  0.0232 -0.0205 25.0270
 48 1008  0.0866 -0.0191 110.4586
 80 1008  0.1627  0.0017 102.5988
112 1008  0.0385 -0.0092 166.9220
144 1008  0.0960 -0.0092 149.5586
176 1008  0.0493  0.0005 228.9384
208 1008  0.0244 -0.0217 33.0383
240 1008  0.0280  0.0894 45.4094
272 1008 -0.0162  0.1333 355.9297
304 1008  0.0346  0.1672 12.9936
336 1008 -0.1243 -0.0721 16.8271
368 1008 -0.6346 -0.7971 44.2760
400 1008 -1.5516 -2.2588 15.7130
432 1008 -0.0469 -0.0952 12.7799
464 1008 -0.6615 -0.6864 89.3533
496 1008 -0.0024 -0.0130 18.9914
528 1008  0.0614 -0.0482  8.1457
560 1008  0.0528 -0.0928  4.9993
752 1008 -0.0150 -0.0070  4.0919
784 1008  0.0072 -0.0037  6.4924
816 1008  0.0073 -0.0022 24.6932
848 1008 -0.0412 -0.5516 29.9361
880 1008 -0.1643 -0.2931 60.4708
912 1008 -0.3042 -0.2800 125.3164
944 1008 -0.1988 -0.2743 18.0000
976 1008 -0.5453 -0.1913 124.5628
1008 1008 -0.7890 -0.2119 91.1429
1040 1008 -0.1777 -0.2370 60.3109
1072 1008 -0.6241  0.0418 56.6377
1104 1008 -0.4269  0.0150 27.9052
1136 1008 -0.3733 -0.0770 144.7481
1168 1008 -0.2201 -0.1247 64.5643
 16 1040  0.1101 -0.0022 178.0122
 48 1040  0.0687  0.0183 51.8508
 80 1040  0.0839  0.0047 177.5518
112 1040  0.0380 -0.0046 43.8773
144 1040  0.0337 -0.0181 289.3635
176 1040  0.0527  0.0007 318.6165
208 1040  0.0518  0.0213 227.3165
240 1040  0.0649  0.0297 98.8801
272 1040  0.2735  0.0479 134.3967
304 1040  0.5665  0.4051 32.7021
336 1040  1.0932  0.4408 142.6717
368 1040  1.0779 -0.1836 166.1731
400 1040  0.4765 -0.5632 15.9103
432 1040 -0.1309 -1.3425 56.8141
464 1040 -0.1243 -0.1191 45.6110
496 1040  0.0054  0.0069 15.5981
528 1040 -0.0359  0.0147 11.1671
560 1040  0.0023  0.0087 10.5655
592 1040  0.1170 -0.0118  5.0179
752 1040  0.0017  0.0033  5.7606
784 1040  0.0152 -0.0168 15.2720
816 1040 -0.0130 -0.0802 28.2803
848 1040 -0.0271 -0.1352 27.7209
880 1040 -0.1540 -0.1799 38.0878
912 1040 -0.2697 -0.2597 23.2358
944 1040 -0.3588 -0.3125 63.3338
976 1040 -0.3984 -0.2383 15.6228
1008 1040 -0.5578 -0.1736 118.8350
1040 1040 -0.7192 -0.0760 131.6026
1072 1040 -0.4858 -0.2297 45.3025
1104 1040 -0.3417 -0.3695 58.4323
1136 1040 -0.2884 -0.1873 39.4542
1168 1040 -0.3509 -0.1198 90.3766
 16 1072  0.1419  0.0017 114.1328
 48 1072  0.1626 -0.0105 105.1903
 80 1072  0.1140 -0.0069 270.0893
112 1072  0.0765  0.0097 206.8226
144 1072  0.0618  0.0090 23.7200
176 1072  0.0728  0.0026 54.1704
208 1072  0.1854  0.0393 56.0138
240 1072  0.1776 -0.0132 91.2065
272 1072  0.8664  0.0538 105.2773
304 1072  0.3345  0.0018 60.0489
336 1072  0.4324 -0.0374 142.3966
368 1072  0.6832 -0.6137 165.7501
400 1072  0.1725 -0.7241 24.1872
432 1072  0.0071 -0.5067 28.5580
464 1072 -0.0295 -0.2809  8.7119
496 1072 -0.0294  0.0441 14.3513
528 1072  0.0318  0.0925 10.7053
560 1072  0.0152 -0.1079  6.7534
592 1072 -0.0092 -0.0804  8.1660
624 1072  0.0581 -0.0075  4.8135
656 1072 -0.0023 -0.0366  4.6673
752 1072  0.0034 -0.0046  4.2597
784 1072 -0.0161  0.0187  7.6028
816 1072 -0.0066  0.0255 12.1749
848 1072 -0.0230 -0.0154 25.7934
880 1072 -0.0392 -0.0116 18.9638
912 1072 -0.4298 -0.2277 26.1333
944 1072 -0.1947 -0.0527 45.6335
976 1072 -0.3798 -0.1091 53.2191
1008 1072 -0.3924 -0.1428 30.4004
1040 1072 -0.3547 -0.0850 20.9999
1072 1072 -0.4914 -0.1068 91.9886
1104 1072 -0.3783 -0.1019 29.8525
1136 1072 -0.3866 -0.0885 23.9493
1168 1072 -0.2991 -0.1152 35.9897
 16 1104  0.0251  0.0166 15.1728
 48 1104  0.0300 -0.0057 107.3863
 80 1104  0.0387 -0.0286 44.7092
112 1104  0.0795  0.0088 192.8481
144 1104  0.0624 -0.0338 58.1846
176 1104  0.0770 -0.0109 59.6737
208 1104  0.1489 -0.0416 88.1166
240 1104  0.0896 -0.0169 141.2142
272 1104  0.5298 -0.0309 100.1869
304 1104  0.3435 -0.0779 71.3439
336 1104  0.3788 -0.2208 115.2743
368 1104  0.1235 -0.2124 94.4776
400 1104  0.0448 -0.1473 23.4740
432 1104  0.0054 -0.2129 30.2011
464 1104  0.0045 -0.0689 24.3361
496 1104 -0.0099 -0.0017 14.2438
528 1104 -0.0253 -0.0157 11.9946
560 1104 -0.0029 -0.0412 13.1760
592 1104  0.0098 -0.0377  9.2769
624 1104 -0.0293 -0.0393  9.2169
656 1104  0.0260 -0.0016  8.9663
688 1104 -0.0127  0.0272  6.4032
848 1104 -0.0066  0.0386  5.0372
880 1104 -0.0758  0.1045  6.0126
912 1104 -0.0001  0.0098 12.5039
944 1104  0.0141  0.0247 13.4675
976 1104 -0.0196  0.0090  8.9299
1008 1104 -0.0821 -0.0122 19.8213
1040 1104 -0.0407  0.0179 27.3900
1072 1104 -0.1700 -0.0114 15.3392
1104 1104 -0.3441 -0.0347 22.6810
1136 1104 -0.2945 -0.0656 14.6222
1168 1104 -0.2615 -0.1227 24.9324
 16 1136  0.0450 -0.0017 21.3486
 48 1136  0.0461 -0.0127 96.5262
 80 1136  0.0204 -0.0184 64.2519
112 1136  0.0294  0.0111 50.1079
144 1136  0.0670 -0.0023 174.0186
176 1136  0.0512 -0.0128 105.9966
208 1136  0.2605 -0.0017 159.2411
240 1136  0.1264 -0.0016 53.9805
272 1136  0.1391 -0.0118 62.8710
304 1136  0.1496 -0.1900 292.2298
336 1136  0.1527 -0.1883 159.9295
368 1136  0.1985 -0.1321 49.8063
400 1136  0.2616 -0.2452 206.3053
432 1136 -0.0029 -0.0887 14.0089
464 1136  0.0849 -0.8964 77.8544
496 1136  0.0294 -0.1369 21.2055
528 1136  0.0398 -0.0240 21.9918
560 1136 -0.0035  0.0309 11.3685
592 1136  0.0438  0.0155 13.4386
624 1136 -0.0024  0.0317 14.3182
656 1136 -0.0124  0.0537 17.4649
688 1136 -0.0130  0.0419 13.5473
720 1136  0.0125  0.0423  9.5446
752 1136 -0.0626  0.1737  6.4383
784 1136 -0.0048 -0.0009  5.8827
816 1136 -0.0276 -0.0032 10.7364
848 1136  0.0595 -0.0285 10.2101
880 1136  0.0623 -0.0564  4.2400
976 1136 -0.0353  0.0208  4.2329
1008 1136  0.0297  0.0371  5.0740
1040 1136 -0.0096 -0.0031  4.7261
1072 1136  0.0147  0.1210  5.3287
1104 1136 -0.0357  0.0177  7.8447
1136 1136 -0.0369 -0.0126  8.9418
1168 1136 -0.0420  0.0218 18.9495
 16 1168  0.0084 -0.0061 28.7441
 48 1168  0.0271 -0.0011 25.8686
 80 1168  0.0480 -0.0038 69.6597
112 1168  0.0133  0.0247 151.4301
144 1168  0.0674 -0.0103 296.2968
176 1168  0.0589 -0.0383 85.7859
208 1168  0.0722 -0.0416 62.1119
240 1168  0.0601 -0.0603 151.4964
272 1168  0.1218 -0.1248 143.4429
304 1168  0.1027 -0.1066 242.6303
336 1168  0.1552 -0.1246 124.0538
368 1168  0.1296 -0.2030 109.1180
400 1168  0.0174 -0.1253 46.5852
432 1168 -0.0042 -0.0640 16.8598
464 1168  0.0258 -0.5934 80.3496
496 1168  0.0162 -0.0286 22.1340
528 1168  0.0010  0.0140 20.2267
560 1168  0.0108  0.0086 12.2413
592 1168  0.0250  0.0268 11.9484
624 1168  0.0261 -0.0041 14.5633
656 1168 -0.0109 -0.0094 12.9070
688 1168  0.0247  0.0044 12.3564
720 1168  0.0096 -0.0052 12.0405
752 1168 -0.0028 -0.0189 12.7928
784 1168 -0.0502 -0.0069 10.1699
816 1168 -0.1229 -0.0105 13.0380
848 1168  0.0046 -0.0046 14.3831
880 1168  0.0160 -0.0266 13.7006
912 1168  0.0190 -0.0577 11.1043
944 1168  0.0492 -0.1544  5.6673
976 1168  0.0195 -0.1241  5.2388
1008 1168  0.0169 -0.1013  4.1922
1104 1168  0.0000  0.0974  4.1245
1136 1168  0.0021  0.0780  4.5422
1168 1168 -0.0061  0.0073  4.6154
 16 1200  0.0500  0.0002 16.5380
 48 1200  0.0393 -0.0041 27.6415
 80 1200  0.0379 -0.0178 16.2671
112 1200  0.0483  0.0139 74.0479
144 1200  0.0416  0.0057 26.2890
176 1200  0.0913 -0.0383 162.8031
208 1200  0.1580 -0.0444 48.9048
240 1200  0.0527 -0.0679 58.6042
272 1200  0.0608 -0.1031 95.6321
304 1200  0.0694 -0.1223 201.2099
336 1200  0.1211 -0.1152 159.4861
368 1200  0.1241 -0.0677 184.0889
400 1200  0.3560 -0.2530 52.9941
432 1200  0.0879 -0.1754 127.6477
464 1200  0.0646 -0.1267 82.9549
496 1200  0.0243 -0.0327 20.4740
528 1200 -0.0231  0.0110 23.1305
560 1200  0.0555 -0.0004 13.4125
592 1200 -0.0168  0.0198 15.2151
624 1200  0.0297 -0.1304 26.7754
656 1200  0.0198 -0.0327 13.9387
688 1200 -0.0223 -0.0206 13.3840
720 1200  0.0314 -0.0164 16.2182
752 1200  0.0079  0.0052 15.8291
784 1200 -0.0176 -0.0347 11.2433
816 1200 -0.0027  0.0183 12.2146
848 1200  0.0138  0.0293 11.3865
880 1200  0.0110  0.0009 13.3165
912 1200  0.0248 -0.0113 18.0984
944 1200  0.0404  0.0018 15.1774
976 1200 -0.0022 -0.0249 13.2793
1008 1200  0.0129 -0.0248 15.3726
1040 1200  0.0487 -0.0898 10.0241
1072 1200  0.0499 -0.1132  6.4883
1104 1200  0.0308 -0.1170  4.9893
1136 1200 -0.0454 -0.1843  4.3281
1168 1200 -0.0070 -0.0376  4.2051
 16 1232  0.0364 -0.0063 12.9220
 48 1232  0.0392 -0.0075 117.2225
 80 1232  0.0666 -0.0147 94.3640
112 1232  0.0409  0.0266 22.4160
144 1232  0.1211  0.0562 258.8968
176 1232  0.1157 -0.0691 104.1946
208 1232  0.0453 -0.0619 158.2101
240 1232  0.0541 -0.0248 30.1377
272 1232  0.0786 -0.1047 150.3471
304 1232  0.1196 -0.0538 103.2865
336 1232  0.0755 -0.1314 149.1624
368 1232  0.1255 -0.1111 245.1833
400 1232  0.0342 -0.1215 135.1175
432 1232  0.0076 -0.0581 28.9270
464 1232  0.0273 -0.0374 24.5777
496 1232 -0.0178 -0.0309 19.4338
528 1232  0.0105  0.0165 13.2844
560 1232 -0.0124 -0.0183 14.8417
592 1232  0.0057 -0.0019 15.9669
624 1232  0.0066 -0.0052 13.5123
656 1232 -0.0314  0.0201 12.8873
688 1232  0.0223  0.0332  9.9805
720 1232 -0.0270 -0.0196 12.1415
752 1232 -0.0294  0.0271 17.0608
784 1232 -0.0104  0.0221 14.2006
816 1232 -0.0181  0.0304 21.9833
848 1232  0.0179  0.0202 14.9241
880 1232  0.0037 -0.0227 13.9217
912 1232 -0.0097  0.0487 12.0567
944 1232  0.0382  0.0240 13.8391
976 1232 -0.0115 -0.0037 13.3666
1008 1232  0.0140  0.0238 16.6739
1040 1232 -0.0161  0.0304 12.9374
1072 1232  0.0055 -0.0098 11.5436
1104 1232 -0.0201  0.0021 12.8718
1136 1232  0.0047  0.0166 11.6735
1168 1232 -0.0084  0.0256 12.6794
 16 1264  0.0597 -0.0188 39.5291
 48 1264  0.0835  0.0041 150.1114
 80 1264  0.0132 -0.0242 204.2001
112 1264  0.0512 -0.0268 70.6319
144 1264  0.0735 -0.0248 41.5811
176 1264  0.0480 -0.0894 76.0010
208 1264  0.0365  0.0064 26.4043
240 1264  0.1019 -0.0532 67.5497
272 1264  0.0818 -0.0594 53.7808
304 1264  0.0524 -0.0734 211.2343
336 1264  0.2755 -0.1493 62.8866
368 1264  0.0377 -0.1027 183.3964
400 1264  0.0653 -0.4031 125.7560
432 1264  0.0718 -0.0976 50.3335
464 1264  0.0612 -0.0164 11.6195
496 1264  0.0236  0.0057 10.6033
528 1264  0.0054 -0.0308 17.7435
560 1264  0.0335 -0.0144 16.2204
592 1264  0.0219 -0.0120 13.8839
624 1264  0.0113  0.0008 17.3890
656 1264  0.0043  0.0043 14.8854
688 1264 -0.0227 -0.0006 11.8638
720 1264 -0.0106 -0.0378 13.3585
752 1264 -0.0298  0.0029 26.1988
784 1264  0.0254 -0.0516 11.0465
816 1264  0.0041 -0.0267 17.7993
848 1264  0.0186 -0.0322 10.9135
880 1264 -0.0125 -0.0459  8.6125
912 1264 -0.0009  0.0112 11.2020
944 1264  0.0195  0.0191  9.1404
976 1264  0.0173  0.0313 10.5487
1008 1264 -0.0564 -0.0294 10.5238
1040 1264  0.0213 -0.0052 11.3891
1072 1264 -0.0573 -0.0008 10.2062
1104 1264 -0.0209  0.0203 10.4469
1136 1264 -0.0271  0.0298 10.3244
1168 1264  0.0286  0.0120 13.5901
 16 1296  0.0386 -0.0440 18.6567
 48 1296  0.0679 -0.0667 24.1492
 80 1296  0.0174 -0.0211 22.7059
112 1296  0.0350 -0.0785 60.1643
144 1296  0.0327 -0.0594 39.6731
176 1296  0.0464 -0.0314 224.2630
208 1296  0.0215 -0.0636 154.9057
240 1296 -0.0049 -0.0562 30.9709
272 1296  0.0292 -0.0445 129.8800
304 1296 -0.0112 -0.0387 28.2136
336 1296  0.0627 -0.0884 234.6813
368 1296  0.2006 -0.1140 49.0641
400 1296  0.0588 -0.0743 51.8499
432 1296  0.0313 -0.0189 25.2417
464 1296  0.0146  0.0073 15.1445
496 1296  0.0258 -0.0234 27.8578
528 1296 -0.0075 -0.0081 11.8095
560 1296  0.0045 -0.0149 20.0552
592 1296 -0.0018 -0.0006 13.6311
624 1296  0.0156  0.0080 11.3053
656 1296  0.0001 -0.2589 47.7999
688 1296 -0.0031  0.0297 11.8827
720 1296 -0.0013  0.0062 11.8165
752 1296  0.0089  0.0045 15.1025
784 1296 -0.0528 -0.0007 11.0985
816 1296  0.0266 -0.0350  9.8206
848 1296  0.0177  0.0140 12.1202
880 1296 -0.0349 -0.0276 11.0104
912 1296  0.0084 -0.0199 11.2844
944 1296  0.0303  0.0267 10.8286
976 1296  0.0133 -0.0518 11.7654
1008 1296  0.0173 -0.0161  9.1570
1040 1296  0.0280 -0.0490  8.3120
1072 1296  0.0308  0.0093  9.5003
1104 1296  0.0251  0.0263 10.8304
1136 1296 -0.0249 -0.0213  9.7465
1168 1296  0.0095 -0.0002  9.5846
  0   0 -0.0311  0.0032  0.0000
  0   0 -0.0192  0.0126  0.0000
  0   0 -0.0075  0.0083  0.0000
  0   0  0.0349 -0.0186  0.0000
  0   0  0.0565 -0.0642  0.0000
  0   0  0.0715 -0.0909  0.0000
  0   0  0.0439 -0.0850  0.0000
  0   0  0.0383 -0.1123  0.0000
  0   0  0.0253 -0.1022  0.0000
  0   0  0.0197 -0.0862  0.0000
  0   0  0.0033 -0.0943  0.0000
  0   0 -0.0113 -0.0888  0.0000
  0   0  0.0087 -0.0813  0.0000
  0   0  0.0235 -0.0854  0.0000
  0   0  0.1046 -0.1266  0.0000
  0   0  0.2019 -0.1484  0.0000
  0   0  0.1679 -0.1335  0.0000
  0   0 -0.0730  0.1229  0.0000
  0   0 -0.0919  0.1471  0.0000
  0   0 -0.0722  0.1327  0.0000
  0   0 -0.0738  0.1311  0.0000
  0   0 -0.0594  0.0820  0.0000
  0   0 -0.0472  0.0336  0.0000
  0   0 -0.0268 -0.0283  0.0000
  0   0 -0.0245 -0.1612  0.0000
  0   0 -0.0235 -0.0426  0.0000
  0   0 -0.0186 -0.0206  0.0000
  0   0 -0.0137 -0.0142  0.0000
  0   0 -0.0305 -0.0147  0.0000
  0   0  0.0116 -0.0226  0.0000
  0   0  0.0143  0.0024  0.0000
  0   0 -0.0059 -0.0104  0.0000
  0   0  0.0141 -0.0019  0.0000
  0   0  0.0325  0.0133  0.0000
  0   0  0.0309 -0.0244  0.0000
  0   0  0.0369 -0.0212  0.0000
  0   0  0.0431 -0.0350  0.0000
  0   0  0.0414 -0.0058  0.0000
  0   0  0.0308  0.0076  0.0000
  0   0  0.0055 -0.0074  0.0000
  0   0  0.0085 -0.0005  0.0000
  0   0 -0.0068  0.0009  0.0000
  0   0 -0.0015 -0.0014  0.0000
  0   0  0.0140 -0.0160  0.0000
  0   0  0.0425 -0.0464  0.0000
  0   0  0.0617 -0.0859  0.0000
  0   0  0.0677 -0.1158  0.0000
  0   0  0.0508 -0.1294  0.0000
  0   0  0.0337 -0.1450  0.0000
  0   0  0.0138 -0.1426  0.0000
  0   0 -0.0021 -0.1339  0.0000
  0   0 -0.0150 -0.1319  0.0000
  0   0 -0.0161 -0.1276  0.0000
  0   0  0.0098 -0.1263  0.0000
  0   0  0.0569 -0.1370  0.0000
  0   0  0.1428 -0.1665  0.0000
  0   0  0.2373 -0.1898  0.0000
  0   0  0.2889 -0.1988  0.0000
  0   0 -0.2007  0.3082  0.0000
  0   0 -0.1940  0.3068  0.0000
  0   0 -0.1695  0.2810  0.0000
  0   0 -0.1478  0.2400  0.0000
  0   0 -0.1214  0.1630  0.0000
  0   0 -0.0950  0.0731  0.0000
  0   0 -0.0692 -0.0196  0.0000
  0   0 -0.0536 -0.1037  0.0000
  0   0 -0.0433 -0.0809  0.0000
  0   0 -0.0338 -0.0604  0.0000
  0   0 -0.0255 -0.0437  0.0000
  0   0 -0.0206 -0.0303  0.0000
  0   0  0.0026 -0.0193  0.0000
  0   0  0.0125 -0.0011  0.0000
  0   0  0.0133  0.0029  0.0000
  0   0  0.0268  0.0084  0.0000
  0   0  0.0415  0.0095  0.0000
  0   0  0.0485 -0.0093  0.0000
  0   0  0.0549 -0.0174  0.0000
  0   0  0.0577 -0.0235  0.0000
  0   0  0.0532 -0.0114  0.0000
  0   0  0.0415 -0.0015  0.0000
  0   0  0.0249 -0.0017  0.0000
  0   0  0.0180  0.0010  0.0000
  0   0  0.0119 -0.0018  0.0000
  0   0  0.0175 -0.0129  0.0000
  0   0  0.0328 -0.0360  0.0000
  0   0  0.0536 -0.0708  0.0000
  0   0  0.0675 -0.1110  0.0000
  0   0  0.0678 -0.1455  0.0000
  0   0  0.0509 -0.1685  0.0000
  0   0  0.0256 -0.1829  0.0000
  0   0 -0.0030 -0.1842  0.0000
  0   0 -0.0270 -0.1781  0.0000
  0   0 -0.0399 -0.1721  0.0000
  0   0 -0.0322 -0.1678  0.0000
  0   0  0.0055 -0.1698  0.0000
  0   0  0.0744 -0.1833  0.0000
  0   0  0.1752 -0.2090  0.0000
  0   0  0.2903 -0.2367  0.0000
  0   0  0.3992 -0.2615  0.0000
  0   0 -0.3350  0.5122  0.0000
  0   0 -0.3038  0.4846  0.0000
  0   0 -0.2659  0.4383  0.0000
  0   0 -0.2250  0.3610  0.0000
  0   0 -0.1827  0.2465  0.0000
  0   0 -0.1420  0.1123  0.0000
  0   0 -0.1064 -0.0137  0.0000
  0   0 -0.0800 -0.1001  0.0000
  0   0 -0.0615 -0.1219  0.0000
  0   0 -0.0472 -0.1067  0.0000
  0   0 -0.0339 -0.0776  0.0000
  0   0 -0.0192 -0.0469  0.0000
  0   0 -0.0006 -0.0194  0.0000
  0   0  0.0146  0.0035  0.0000
  0   0  0.0266  0.0167  0.0000
  0   0  0.0407  0.0211  0.0000
  0   0  0.0557  0.0153  0.0000
  0   0  0.0678  0.0001  0.0000
  0   0  0.0755 -0.0136  0.0000
  0   0  0.0765 -0.0198  0.0000
  0   0  0.0690 -0.0147  0.0000
  0   0  0.0547 -0.0047  0.0000
  0   0  0.0383  0.0033  0.0000
  0   0  0.0269  0.0069  0.0000
  0   0  0.0238  0.0016  0.0000
  0   0  0.0319 -0.0165  0.0000
  0   0  0.0495 -0.0486  0.0000
  0   0  0.0694 -0.0920  0.0000
  0   0  0.0816 -0.1396  0.0000
  0   0  0.0778 -0.1824  0.0000
  0   0  0.0551 -0.2132  0.0000
  0   0  0.0179 -0.2293  0.0000
  0   0 -0.0252 -0.2309  0.0000
  0   0 -0.0627 -0.2225  0.0000
  0   0 -0.0822 -0.2113  0.0000
  0   0 -0.0718 -0.2039  0.0000
  0   0 -0.0225 -0.2062  0.0000
  0   0  0.0680 -0.2216  0.0000
  0   0  0.1944 -0.2493  0.0000
  0   0  0.3436 -0.2842  0.0000
  0   0  0.5011 -0.3217  0.0000
