VARIABLES= "X pix", "Y pix", "U pix/dt", "V pix/dt", "CHC", ZONE I=37, J=41
304  16 -0.0520 -0.0111 59.5809
336  16 -0.0309 -0.0363 18.9118
368  16 -0.0180 -0.0679 24.6753
400  16  0.0104 -0.1019 88.5845
496  16  0.0427 -0.1395 89.0435
528  16  0.0708 -0.1051 39.0095
560  16  0.0592 -0.0414 40.9600
592  16  0.0517 -0.0014 50.5679
624  16  0.0625  0.0370 54.6133
656  16  0.0857  0.0449 46.5454
688  16  0.0662  0.0729 273.0666
304  48  0.0610  0.0860 52.5128
336  48  0.1108  0.0755 29.4676
368  48  0.1206  0.0922 110.7027
496  48  0.1074  0.0920 71.8596
528  48  0.0187  0.1102 27.3067
560  48 -0.0049  0.1182 41.3737
592  48  0.0297  0.1266 123.9579
688  48  0.0403  0.0741 227.5554
720  48  0.0291  0.0369 29.2571
752  48 -0.0164 -0.0400 36.2478
784  48 -0.0292 -0.2041 34.4202
816  48  0.0000 -0.3782 220.2150
304  80  0.0864 -0.2415 49.3494
336  80  0.0809 -0.1053 30.7970
368  80  0.0934 -0.0588 50.5679
400  80  0.0991 -0.0516 47.0804
432  80  0.1807 -0.0662 43.5745
464  80  0.2681 -0.0914 4095.9939
496  80  0.1517 -0.0464 71.8596
528  80  0.1202  0.0307 28.4444
560  80  0.0796  0.0811 46.0225
592  80  0.0948  0.0757 42.6667
688  80  0.0170  0.0499 341.3332
720  80 -0.1145  0.1159 80.3137
752  80 -0.0783  0.5476 87.1489
784  80 -0.0285  1.3295 83.5918
816  80  0.0000  1.8040 117.0285
 16 144  0.0113 -0.0584 182.6763
 48 144  0.0040 -0.0357 175.8127
 80 144  0.0119 -0.0384 53.9320
112 144 -0.0009 -0.0209 20.1379
144 144  0.0083 -0.0169 108.2583
176 144  0.0063 -0.0214 136.1258
208 144  0.0370 -0.0110 93.4254
240 144  0.0405 -0.0406 188.7544
272 144  0.0757 -0.0049 61.6355
304 144  0.0638  0.0483 130.2940
336 144  0.0737  0.0358 44.1809
368 144  0.0870  0.0632 181.3232
400 144  0.1030  0.0208 270.8654
432 144  0.0638  0.0601 254.4217
464 144  0.0371  0.0701 158.7669
496 144  0.1108  0.0356 251.2451
528 144  0.0834  0.0765 81.6391
560 144  0.1157  0.0506 30.2172
592 144  0.0137  0.0604 86.2424
624 144  0.0590  0.0380 88.3702
656 144  0.0444  0.0505 84.8057
688 144  0.0358 -0.0019 111.8009
720 144  0.0671  0.0095 78.6651
752 144  0.0313  0.0114 122.3115
784 144  0.0620 -0.0050 48.2909
816 144  0.0832 -0.0515 104.0722
848 144  0.1207 -0.0178 180.7529
880 144  0.0601 -0.0146 62.9017
912 144  0.0946 -0.0289 176.4304
944 144  0.0460 -0.0158 147.2416
976 144  0.0934 -0.0023 69.3133
1008 144  0.2291 -0.0471 104.8966
1040 144  0.0206 -0.0272 91.0102
1072 144  0.0683 -0.0239 116.7427
1104 144 -0.0012  0.0147 159.6654
1136 144  0.0714  0.0070 47.4078
1168 144  0.0308  0.0164 151.7945
 16 176 -0.1227 -0.0637 59.2176
 48 176 -0.0200 -0.0701 42.7465
 80 176 -0.0072 -0.0470 34.4739
112 176 -0.0079 -0.0636 19.9004
144 176  0.0219 -0.0312 111.2928
176 176 -0.0183  0.0207 95.3767
208 176  0.0376 -0.0038 263.4245
240 176  0.0583 -0.0244 305.9968
272 176  0.0266  0.0008 303.9588
304 176  0.0332  0.0151 280.4535
336 176  0.0874  0.0434 306.8445
368 176  0.0344  0.1113 269.4164
400 176  0.0479  0.0881 57.0083
432 176  0.0764  0.1286 164.7457
464 176  0.1122  0.0841 95.3552
496 176  0.1582  0.0794 160.2524
528 176  0.0637  0.0011 265.5941
560 176  0.0646  0.0497 71.2524
592 176  0.0491  0.0395 182.4284
624 176  0.0996  0.0155 101.9666
656 176  0.0558  0.0479 239.8759
688 176  0.0656  0.0376 184.5771
720 176  0.0088  0.0037 185.3201
752 176  0.2581 -0.0057 255.2729
784 176  0.0720  0.0047 123.7526
816 176  0.0063 -0.0107 221.9474
848 176  0.0923 -0.0158 168.6108
880 176  0.0706 -0.0432 74.3642
912 176  0.1567 -0.0198 143.2378
944 176  0.0898  0.0182 111.3359
976 176 -0.0055  0.0143 80.9923
1008 176  0.0787 -0.0457 143.8364
1040 176  0.0713  0.0064 58.1622
1072 176  0.0499  0.0256 170.6915
1104 176  0.0573  0.0508 29.5919
1136 176  0.0360  0.0512 147.6604
1168 176  0.0162  0.0292 246.1827
 16 208 -0.0255 -0.1433 381.2781
 48 208 -0.0104 -0.0702 43.4380
 80 208 -0.0269 -0.1553 208.6397
112 208 -0.0244 -0.0897 220.2451
144 208 -0.0116 -0.0272 236.6326
176 208  0.0086 -0.0755 208.4016
208 208 -0.0111 -0.0120 399.0245
240 208  0.0068 -0.0406 197.4244
272 208  0.0137  0.0114 236.0364
304 208  0.0580 -0.0123 175.7731
336 208  0.0612  0.0243 226.8464
368 208 -0.0222  0.0347 414.2606
400 208  0.0094  0.0844 190.1295
432 208  0.0681  0.0701 114.3801
464 208  0.0405  0.0273 399.2133
496 208  0.0684  0.0745 143.9178
528 208  0.0726  0.0946 162.4974
560 208  0.0184  0.0704 56.6616
592 208  0.0825  0.0808 110.3047
624 208  0.0209  0.0086 33.5007
656 208  0.0531  0.0225 135.6880
688 208  0.0780  0.0038 96.0027
720 208  0.1026  0.0014 138.4805
752 208  0.0929 -0.0285 170.7706
784 208  0.1126 -0.0339 248.8055
816 208  0.0318 -0.0337 239.7947
848 208  0.1039 -0.0344 159.8945
880 208  0.0525 -0.0457 266.3564
912 208  0.0572 -0.0085 62.2776
944 208  0.1300 -0.0217 75.2630
976 208  0.0879 -0.0320 152.1313
1008 208  0.0383 -0.0301 131.6393
1040 208  0.0736 -0.0241 125.4341
1072 208  0.0316  0.0078 142.5331
1104 208  0.0399  0.0550 90.2224
1136 208  0.0389  0.0076 106.2552
1168 208  0.0133  0.0424 217.3312
 16 240 -0.1101 -0.1761 43.1349
 48 240 -0.0685 -0.0920 141.0468
 80 240 -0.0425 -0.1088 217.3718
112 240 -0.0660 -0.1703 59.5578
144 240 -0.0400 -0.1191 283.5533
176 240 -0.0153 -0.0703 215.1593
208 240 -0.0072 -0.0289 226.0147
240 240  0.0093 -0.0200 68.8140
272 240  0.0160 -0.0091 125.1734
304 240  0.0578  0.0416 271.3767
336 240  0.0303  0.0040 117.2980
368 240  0.0144 -0.0187 440.3956
400 240  0.0399  0.0076 273.5358
432 240  0.0135  0.0190 280.7715
464 240  0.0667  0.0770 254.1912
496 240 -0.0400  0.0572 224.3374
528 240  0.0490  0.1425 152.9343
560 240  0.0183  0.0429 153.6504
592 240  0.0691  0.0429 168.4028
624 240  0.0466  0.0427 101.4881
656 240  0.1073 -0.0029 231.9644
688 240  0.1150 -0.0141 75.2724
720 240  0.0897 -0.0045 177.8232
752 240  0.0847 -0.0100 225.4669
784 240  0.0857 -0.0251 101.8160
816 240  0.0217  0.0011 192.7042
848 240  0.0979 -0.0682 125.1933
880 240  0.1013 -0.0294 93.9531
912 240  0.0867 -0.0160 70.4389
944 240  0.0761 -0.0373 69.1241
976 240  0.1148 -0.0373 66.5596
1008 240  0.0929 -0.0228 105.6691
1040 240  0.0787 -0.0042 143.5448
1072 240  0.0815 -0.0301 151.9439
1104 240  0.0380  0.0141 127.8565
1136 240  0.0431  0.0033 49.7054
1168 240  0.0498  0.0262 191.1594
 16 272 -0.0194 -0.0953 37.6458
 48 272 -0.0302 -0.1352 313.4290
 80 272 -0.0254 -0.1419 243.0801
112 272 -0.0420 -0.1891 162.8436
144 272 -0.0202 -0.0255 35.9875
176 272 -0.0273 -0.0263 171.5512
208 272  0.0087 -0.0263 370.5190
240 272 -0.0310 -0.0030 95.0562
272 272  0.0231 -0.0061 133.3735
304 272  0.0510 -0.0096 186.1837
336 272  0.0491  0.0227 112.5212
368 272  0.0425  0.0359 136.9801
400 272  0.0185  0.0234 255.6460
432 272  0.0373  0.0729 223.7590
464 272  0.1049  0.0787 87.3954
496 272  0.0617  0.0553 187.4929
528 272  0.0006  0.0418 111.4692
560 272 -0.0094  0.1243 33.3366
592 272  0.0689  0.0212 99.4219
624 272  0.0427  0.0255 207.8850
656 272  0.0210  0.0057 187.5651
688 272  0.0602 -0.0026 104.1349
720 272  0.0524 -0.0261 95.5882
752 272  0.0900 -0.0298 116.0413
784 272  0.0948 -0.0138 125.3770
816 272  0.0636 -0.0304 213.7482
848 272  0.1795  0.0077 111.8607
880 272  0.1092 -0.0457 84.8702
912 272  0.1113 -0.0521 114.4609
944 272  0.0828 -0.0493 133.1363
976 272  0.1083 -0.0485 195.1170
1008 272  0.0689 -0.0286 112.5012
1040 272  0.0943 -0.0641 183.9220
1072 272  0.0294 -0.0092 60.5356
1104 272  0.0513 -0.0168 145.4702
1136 272  0.0629  0.0019 44.6646
1168 272  0.0277 -0.0040 19.1334
 16 304 -0.0788 -0.1984 118.5773
 48 304 -0.1452 -0.2992 61.0856
 80 304 -0.1086 -0.1632 175.5652
112 304 -0.0574 -0.1341 205.4242
144 304 -0.0554 -0.0965 302.8895
176 304 -0.0930 -0.0719 51.9617
208 304 -0.0020 -0.1575 117.2927
240 304 -0.0765 -0.0479 215.7768
272 304  0.0396 -0.0229 27.8621
304 304  0.0139 -0.0217 205.0122
336 304 -0.0276  0.0375 278.4951
368 304  0.0546  0.0139 41.1900
400 304  0.0231  0.0487 214.8466
432 304  0.0221  0.0586 286.8618
464 304  0.0699  0.1165 276.1909
496 304  0.0350  0.0846 92.7956
528 304  0.0543  0.0463 115.8151
560 304  0.0541  0.0289 265.4172
592 304  0.0290  0.0154 137.4070
624 304  0.0309  0.0148 358.3574
656 304  0.0454 -0.0094 62.1088
688 304  0.0744 -0.0179 119.1887
720 304  0.0932 -0.0459 126.6212
752 304  0.0281 -0.0617 110.4875
784 304  0.1473 -0.0859 154.1880
816 304  0.1267 -0.0730 160.8766
848 304  0.0957 -0.0263 50.0212
880 304  0.0829 -0.0676 135.0018
912 304  0.0777 -0.0539 132.8699
944 304  0.1487 -0.0642 86.7356
976 304  0.1065 -0.1313 121.8065
1008 304  0.0858 -0.0313 47.9537
1040 304  0.0916 -0.0136 188.6276
1072 304  0.1007  0.0388 168.9094
1104 304 -0.0164  0.0217 235.1623
1136 304  0.0134  0.0104 145.1650
1168 304  0.0639 -0.0024 51.9493
 16 336 -0.0614 -0.1016 29.0916
 48 336 -0.0461 -0.1028 77.2755
 80 336 -0.4283 -0.1469 45.3770
112 336 -0.3902 -0.1451 192.1749
144 336 -0.1854 -0.0800 313.8782
176 336 -0.0725 -0.0959 164.6610
208 336 -0.0363 -0.0875 119.2205
240 336 -0.0172 -0.0656 182.9431
272 336  0.0030 -0.0362 205.7538
304 336  0.0313 -0.0026 198.2591
336 336  0.0142 -0.0224 198.3517
368 336  0.0417  0.0448 260.3756
400 336  0.0723  0.0361 177.7092
432 336  0.0466  0.0468 143.0121
464 336  0.0091  0.0722 98.5132
496 336  0.0119  0.0207 196.7504
528 336  0.0402  0.0565 102.2154
560 336  0.0396  0.0281 173.8208
592 336  0.0308  0.0298 170.4891
624 336  0.0777  0.0455 136.2974
656 336  0.0490 -0.0033 118.7400
688 336  0.0591 -0.0173 155.8612
720 336  0.0839 -0.0156 189.5528
752 336  0.0925 -0.0822 204.6083
784 336  0.1520 -0.0591 193.4462
816 336  0.1258 -0.0744 138.8909
848 336  0.1465 -0.1068 107.4600
880 336  0.1459 -0.1161 186.9314
912 336  0.1321 -0.0764 90.0512
944 336  0.1471 -0.0770 222.5060
976 336  0.0749 -0.0999 113.8903
1008 336  0.0569 -0.0609 91.5282
1040 336  0.0627  0.0081 68.2394
1072 336  0.0944  0.0075 118.2407
1104 336  0.0742  0.0362 245.0080
1136 336  0.0561 -0.0012 93.8294
1168 336  0.0385  0.1066 81.5098
 16 368 -0.3886 -0.0495 26.5889
 48 368 -0.1080 -0.1602 190.0262
 80 368 -0.1486 -0.0978 186.9216
112 368 -0.8701 -0.1887 120.4566
144 368 -0.1008 -0.0935 205.3757
176 368 -0.1580 -0.2218 65.6816
208 368 -0.1157 -0.1935 285.5796
240 368 -0.0438 -0.1382 209.2624
272 368 -0.0622 -0.0722 212.3080
304 368 -0.0012 -0.0188 357.6945
336 368  0.0041 -0.0032 243.0138
368 368  0.0339  0.0130 235.0537
400 368  0.0443  0.0214 275.3087
432 368  0.0234  0.0505 141.2213
464 368  0.0226  0.0348 184.0378
496 368  0.0248  0.0262 152.9749
528 368  0.0231  0.0723 121.2868
560 368  0.0421  0.0738 53.9753
592 368  0.0191  0.0028 85.2077
624 368  0.0284  0.0451 323.5597
656 368  0.1007 -0.0492 112.9432
688 368 -0.0093 -0.0176 233.0093
720 368  0.0617 -0.0439 197.8562
752 368  0.1361 -0.0943 159.4114
784 368  0.1257 -0.0807 140.6950
816 368  0.0847 -0.0894 236.9686
848 368  0.1075 -0.1073 82.1184
880 368  0.1566 -0.0912 105.4259
912 368  0.1155 -0.1141 123.2117
944 368  0.1804 -0.0475 234.6914
976 368  0.1445 -0.0578 55.0810
1008 368  0.0844 -0.0529 291.9094
1040 368  0.1201 -0.0034 109.5747
1072 368  0.0394 -0.0223 167.4223
1104 368  0.0569 -0.0125 124.2474
1136 368  0.0562  0.0322 68.6639
1168 368  0.0275  0.0275 192.8777
 16 400 -0.1257 -0.1305 35.1336
 48 400 -0.5025 -0.1679 40.0483
 80 400 -0.2339 -0.3099 250.1494
112 400 -0.0793 -0.2266 79.0820
144 400 -0.2259 -0.2688 149.3780
176 400 -0.1207 -0.1784 158.6094
208 400 -0.1193 -0.1781 41.4064
240 400 -0.0781 -0.0776 82.3514
272 400 -0.0198 -0.0561 24.9561
304 400  0.0151 -0.0360 77.7296
336 400 -0.0003 -0.0364 90.1575
368 400  0.0153  0.0012 143.9305
400 400  0.0079  0.0566 205.9737
432 400  0.0067  0.0310 141.7571
464 400  0.0223  0.0333 136.0974
496 400  0.0052  0.0842 38.0492
528 400  0.0556  0.0838 94.2235
560 400  0.0506  0.0485 78.1806
592 400  0.0619  0.0141 155.5293
624 400  0.0691 -0.0065 155.0527
656 400 -0.0182  0.0149 152.6624
688 400  0.0687 -0.0182 200.8330
720 400  0.1152 -0.0806 91.6155
752 400  0.0801 -0.0666 99.3038
784 400  0.1489 -0.1250 84.4727
816 400  0.1018 -0.1704 126.9052
848 400  0.0839 -0.1192 70.0929
880 400  0.2343 -0.1972 248.7764
912 400  0.1845 -0.0887 109.8150
944 400  0.0490 -0.0467 129.9275
976 400  0.0585 -0.0673 128.8780
1008 400  0.0385 -0.0168 92.6461
1040 400  0.0907 -0.0047 188.4055
1072 400  0.0968 -0.0114 111.4582
1104 400  0.0657  0.0132 119.5625
1136 400  0.0560  0.0438 133.2750
1168 400  0.0190  0.0301 130.4965
 16 432 -0.2397 -0.0103 25.3447
 48 432 -0.0606 -0.1708 210.3655
 80 432 -0.2396 -0.4604 189.5689
112 432 -0.7187 -0.2587 178.2193
144 432 -0.2760 -0.3781 228.7025
176 432 -0.2064 -0.3790 176.1262
208 432 -0.0996 -0.1824 263.0080
240 432 -0.0963 -0.1594 250.6316
272 432 -0.0163 -0.0892 22.7105
304 432 -0.0480 -0.0729 189.8522
336 432 -0.0222 -0.0052 172.4430
368 432 -0.0147 -0.0448 170.1817
400 432  0.0041 -0.0121 340.0222
432 432  0.0159  0.0242 126.8721
464 432 -0.0065  0.0837 183.0972
496 432  0.0241  0.0250 87.7500
528 432  0.0389  0.0597 67.5645
560 432  0.0209  0.0260 137.6909
592 432  0.0315 -0.0362 100.3678
624 432  0.0617 -0.0158 108.3078
656 432  0.0634 -0.0546 100.2747
688 432  0.0652 -0.0688 115.3206
720 432  0.0088 -0.0654 38.2596
752 432  0.1188 -0.0704 115.1101
784 432 -0.0012  0.0219 124.9988
816 432  0.0837 -0.1453 32.8286
848 432  0.0434 -0.1259 48.9702
880 432  0.1299 -0.1705 55.7768
912 432  0.1285 -0.1114 95.5589
944 432  0.1330 -0.1227 90.8915
976 432  0.1796 -0.0633 160.4966
1008 432  0.0843 -0.0264 92.8046
1040 432  0.0489  0.0045 126.4986
1072 432  0.1116  0.0218 178.4939
1104 432  0.0550  0.0061 70.1549
1136 432  0.0732  0.0463 134.9356
1168 432  0.0258  0.0455 130.8575
 16 464 -0.2214 -0.4313 67.6677
 48 464 -0.6925 -0.1792 86.2725
 80 464 -0.2465 -0.3371 153.0283
112 464 -0.6818 -0.3399 223.7432
144 464 -0.5628 -0.2126 203.9472
176 464 -0.2305 -0.4573 226.0231
208 464 -0.4415 -0.2003 85.6072
240 464 -0.1021 -0.2693 52.7463
272 464 -0.0797 -0.1795 52.1598
304 464 -0.1055 -0.1620 228.9794
336 464 -0.0293 -0.0254 210.3516
368 464 -0.0548 -0.0595 236.5400
400 464 -0.0049  0.0072 94.2461
432 464  0.0096  0.0233 121.1078
464 464  0.0085  0.0202 142.3864
496 464 -0.0464 -0.1384 197.2920
528 464  0.0216  0.0532 170.0185
560 464  0.0231 -0.0105 178.7933
592 464  0.0444 -0.0052 84.5882
624 464  0.0235 -0.0753 191.8793
656 464  0.0659 -0.0306 326.8716
688 464  0.0660 -0.1171 122.0376
720 464  0.0362 -0.0782 189.7086
752 464  0.0372 -0.1226 103.9063
784 464  0.1110 -0.1472 134.9271
816 464  0.1621 -0.2877 96.5494
848 464  0.0611 -0.0993 50.0941
880 464  0.2096 -0.2486 75.5521
912 464  0.1973 -0.0579 131.3387
944 464  0.1173 -0.1109 51.0526
976 464  0.1088 -0.0171 152.9355
1008 464  0.0540 -0.0874 55.7860
1040 464  0.0977 -0.0221 143.4510
1072 464  0.0198  0.0351 32.8965
1104 464  0.0831  0.0375 183.9653
1136 464  0.0438  0.0118 25.6844
1168 464 -0.0120  0.0759 61.3608
 16 496 -0.1545 -0.2265 47.0547
 48 496 -0.5688 -0.4333 27.6919
 80 496 -0.5024 -0.6078 41.6404
112 496 -0.1615 -0.3559 217.5201
144 496 -0.4982 -0.2738 34.9030
176 496 -0.2172 -0.6137 213.1668
208 496 -0.1959 -0.1653 124.7837
240 496 -0.1659 -0.3361 38.7435
272 496 -0.0437 -0.1919 53.0767
304 496 -0.0521 -0.0766 27.1454
336 496 -0.1197 -0.0565 204.3078
368 496 -0.0436 -0.0286 89.4745
400 496 -0.0264  0.0128 163.3414
432 496 -0.0363  0.0139 81.0007
464 496  0.0033  0.0209 213.1954
496 496  0.0548  0.0982 93.9995
528 496  0.0196  0.1021 39.9356
560 496  0.0233  0.0124 36.3566
592 496 -0.0168 -0.0937 51.7450
624 496  0.0406 -0.1040 172.1301
656 496 -0.0944 -0.1620 141.7409
688 496  0.1144 -0.1679 109.2095
720 496  0.1167 -0.1255 155.9602
752 496  0.1102 -0.2440 119.2969
784 496  0.1963 -0.3023 132.4607
816 496  0.1847 -0.2673 81.1741
848 496  0.1008 -0.2123 21.9147
880 496  0.3357 -0.2696 100.8108
912 496  0.2176 -0.2407 90.5810
944 496  0.1775 -0.1636 276.9691
976 496  0.1342 -0.0291 306.3014
1008 496  0.1045 -0.0530 236.3035
1040 496  0.1027  0.0358 140.8915
1072 496  0.0948 -0.0290 125.1371
1104 496  0.0401  0.0588 120.5542
1136 496  0.0217  0.0743 102.7546
1168 496 -0.0086  0.0037 153.6511
 16 528 -0.6266 -0.7242 42.3710
 48 528 -0.6948 -1.1462 28.5490
 80 528 -0.6543 -0.4687 167.6730
112 528 -0.8014 -0.8551 50.6540
144 528 -0.2193 -0.6171 141.3492
176 528 -0.1717 -0.8072 173.8246
208 528 -0.2778 -0.8074 178.2632
240 528 -0.2615 -0.2080 180.5155
272 528 -0.1370 -0.1715 20.2639
304 528 -0.1886 -0.2710 202.1768
336 528 -0.1429 -0.1519 151.6180
368 528 -0.0843 -0.0642 47.8494
400 528 -0.1105 -0.0225 173.8218
432 528 -0.1187  0.0338 136.8894
464 528 -0.0905  0.0346 152.2020
496 528 -0.1236  0.0391 242.0667
528 528 -0.0451  0.0022 288.5830
560 528 -0.0633 -0.0045 195.4064
592 528  0.0087 -0.0630 83.1907
624 528  0.0426 -0.1027 94.2165
656 528  0.0484 -0.1467 171.8628
688 528  0.0507 -0.1014 144.7909
720 528  0.0558 -0.3077 144.1862
752 528  0.1233 -0.3398 119.2888
784 528  0.1081 -0.4054 65.9069
816 528  0.0978 -0.3610 126.0990
848 528  0.0941 -0.2129 293.6147
880 528  0.1835 -0.2576 60.0961
912 528  0.2245 -0.2216 104.6874
944 528  0.2110 -0.1369 196.9749
976 528  0.1022 -0.0711 56.7480
1008 528  0.0763 -0.0299 43.3121
1040 528  0.0551 -0.0210 39.4305
1072 528  0.0221  0.0041 94.6823
1104 528  0.0138  0.0261 128.8029
1136 528  0.0091  0.0607 110.5220
1168 528  0.0043  0.0363 191.3683
 16 560 -0.1207 -0.1773 27.6268
 48 560 -0.7934 -0.6212 97.6770
 80 560 -0.1715 -0.2412 185.5481
112 560 -0.2442 -0.6639 38.4565
144 560 -0.3993 -0.4867 146.2598
176 560 -0.8417 -0.1076 29.2607
208 560 -0.4572 -0.3342 44.5077
240 560 -0.2124 -0.2972 171.9159
272 560 -0.2916 -0.2213 20.5164
304 560 -0.4067 -0.1258 95.3324
336 560 -0.2652 -0.2318 205.8962
368 560 -0.1935 -0.2034 19.8371
400 560 -0.0874 -0.0082 180.3991
432 560 -0.1339 -0.0050 155.8551
464 560 -0.1241  0.0370 27.1601
496 560 -0.0893 -0.0055 106.5553
528 560 -0.0485  0.0046 93.4094
560 560 -0.0431 -0.0769 228.7723
592 560 -0.0458 -0.0282 99.8337
624 560  0.0421 -0.0625 138.9214
656 560  0.0403 -0.1919 154.1599
688 560  0.0285 -0.1708 163.4829
720 560  0.0524 -0.3749 132.5217
752 560  0.0969 -0.3274 107.3293
784 560  0.0728 -0.4186 121.0630
816 560  0.2249 -0.4170 104.0544
848 560  0.1478 -0.2951 166.2886
880 560  0.2249 -0.4398 88.5611
912 560  0.2473 -0.3774 94.1307
944 560  0.1506 -0.1406 86.4322
976 560  0.0760 -0.0869 166.7277
1008 560  0.0958 -0.0306 213.8004
1040 560  0.1104 -0.0371 90.8761
1072 560 -0.0096 -0.0391 182.4098
1104 560 -0.0189  0.1105 180.3520
1136 560 -0.0124  0.0960 67.1042
1168 560 -0.0710  0.0669 73.9241
 16 592 -0.0326 -0.0738 21.1856
 48 592 -1.1804 -0.3150 182.6549
 80 592 -0.7907 -0.6109 103.8295
112 592 -0.2989 -0.2816 15.6026
144 592 -0.7236 -0.7533 199.4452
176 592 -0.4876 -0.5780 116.9388
208 592 -0.9402 -0.6120 224.3580
240 592 -0.7487 -0.9101 178.8868
272 592 -0.4309 -0.4156 185.4726
304 592 -1.1911 -0.2866 131.8635
336 592 -0.3481 -0.2174 136.4933
368 592 -0.3288 -0.1923 125.1885
400 592 -0.2161 -0.0337 93.5249
432 592 -0.1595 -0.0312 79.2554
464 592 -0.2836  0.0207 163.8310
496 592 -0.1775  0.0385 101.2333
528 592 -0.1658 -0.0106 171.6423
560 592 -0.0750 -0.0615 264.2199
592 592 -0.0399 -0.1004 143.6009
624 592  0.0067 -0.0741 96.4364
656 592  0.0001 -0.1275 245.2820
688 592  0.0039 -0.1473 58.9037
720 592  0.0255 -0.2740 35.7841
752 592  0.0598 -0.2724 205.2332
784 592  0.1369 -0.1947 170.2881
816 592 -0.0649 -0.6142 77.3686
848 592  0.0259 -0.5524 177.2574
880 592  0.0106 -0.3077 79.3812
912 592  0.1458 -0.3888 91.2663
944 592  0.0863 -0.1673 86.8442
976 592  0.0450 -0.0812 78.2127
1008 592  0.0135 -0.0298 154.0866
1040 592  0.0459 -0.0182 103.8618
1072 592  0.0172 -0.0076 66.6447
1104 592  0.0145 -0.0010 18.4248
1136 592  0.0080  0.0292 164.1325
1168 592 -0.0124  0.0111 123.9091
 16 624 -0.0758 -0.1008 32.5902
 48 624 -0.1039 -0.1513 48.5226
 80 624 -0.2281 -0.4753 177.7951
112 624 -0.6916 -0.6462 151.4083
144 624 -0.5349 -0.5861 292.6728
176 624 -0.7620 -0.7944 128.4380
208 624 -0.8292 -0.8795 132.2508
240 624 -0.7816 -0.6332 141.3817
272 624 -0.2659 -0.1991 57.2923
304 624 -0.3882 -0.1917 156.7690
336 624 -0.5066 -0.1719 104.9459
368 624 -0.3508 -0.1672 170.5309
400 624 -0.2300 -0.0357 139.0069
432 624 -0.3560  0.0579 33.1164
464 624 -0.1496  0.0607 68.6333
496 624 -0.1122  0.0296 157.2733
528 624 -0.1065 -0.0646 199.8287
560 624 -0.0734 -0.1280 161.3228
592 624 -0.0260 -0.0545 143.4978
624 624 -0.0128 -0.0812 37.9142
656 624 -0.0882 -0.0890 108.8327
688 624 -0.0864 -0.0442 58.6012
720 624 -0.1101 -0.1600 93.5106
752 624 -0.1314 -0.3436 49.8072
784 624 -0.0526 -0.4004 38.2884
816 624  0.0391 -0.3724 45.3579
848 624 -0.0036 -0.6535 64.0953
880 624  0.0791 -0.4053 96.7267
912 624  0.0250 -0.3257 47.2205
944 624  0.0940 -0.1775 58.8685
976 624  0.0963 -0.0524 96.9374
1008 624  0.0490 -0.0320 105.0374
1040 624 -0.0042 -0.0774 49.9913
1072 624 -0.0132  0.0582 72.4912
1104 624 -0.0323  0.0889 82.3242
1136 624 -0.0220  0.0586 106.1043
1168 624 -0.0474  0.0515 187.0996
 16 656 -0.0543 -0.1218 83.1162
 48 656 -0.2377 -0.2338 304.4153
 80 656 -0.1759 -0.2572 181.8030
112 656 -0.1443 -0.4677 124.4017
144 656 -0.7077 -0.6752 170.1882
176 656 -0.2365 -0.8598 179.0019
208 656 -0.5661 -0.6521 142.6305
240 656 -0.5288 -0.1897 95.5916
272 656 -0.2531 -0.6209 137.9879
304 656 -0.3684 -0.1702 69.2286
336 656 -0.2603 -0.2857 128.2175
368 656 -0.2387 -0.0079 251.7137
400 656 -0.1229 -0.0241 141.0422
432 656 -0.0883 -0.0376 410.6060
464 656 -0.1213  0.0698 163.3213
496 656 -0.0640 -0.0419 168.6879
528 656  0.0553 -0.1161 165.1947
560 656  0.0222 -0.0367 228.7324
592 656  0.0196 -0.0671 144.7141
624 656 -0.0201  0.0469 83.9157
656 656 -0.2466  0.0933 131.3094
688 656 -0.4290  0.4104 77.8969
720 656 -0.3188  0.0528 101.0144
752 656 -0.0946  0.1834 31.4770
784 656 -0.1325 -0.0796 77.3654
816 656 -0.1417 -0.2950 113.9480
848 656 -0.0162 -0.2885 149.2278
880 656  0.0041 -0.3158 90.7566
912 656  0.0242 -0.3315 107.6403
944 656  0.0715 -0.1358 173.6266
976 656  0.1883 -0.0172 193.7468
1008 656  0.0306 -0.0489 181.0073
1040 656  0.0379  0.0076 75.9341
1072 656 -0.0100  0.0266 102.1000
1104 656 -0.0435  0.0669 165.3201
1136 656 -0.0304  0.0277 51.0546
1168 656 -0.0880  0.0768 114.4341
 16 688 -0.0124 -0.0305 18.2648
 48 688 -0.1650 -0.1502 93.1735
 80 688 -0.1779 -0.1175 269.0147
112 688 -0.7096 -0.8301 25.4282
144 688 -0.1948 -0.2891 192.0402
176 688 -0.3548 -0.2851 79.3967
208 688 -0.3612 -0.2426 163.8476
240 688 -0.4491 -0.2784 58.2571
272 688 -1.0537 -0.8987 226.9862
304 688 -0.1277 -0.2717 17.8667
336 688 -0.3125 -0.2483 146.8396
368 688 -0.1572 -0.1719 140.9109
400 688  0.0224 -0.0223 77.2904
432 688  0.0665  0.0734 147.4824
464 688  0.2792 -0.0030 86.4071
496 688  0.0965 -0.0012 98.3199
528 688  0.2253 -0.1365 31.5695
560 688  0.2634 -0.1130 101.9517
592 688  0.0916  0.0088 16.8973
624 688  0.0731  0.3515 68.2020
656 688  0.3508 -0.3348 18.2446
688 688  0.0240  0.2590 30.0664
720 688  0.2281 -2.3375 17.0623
752 688  1.1151 -3.2432 12.8655
784 688 -0.4402  0.8764 21.2862
816 688 -0.5648  0.3873 114.1079
848 688 -0.2475  0.0367 102.6758
880 688  0.0009  0.2956 112.6648
912 688 -0.0616  0.1972 88.3207
944 688 -0.0921 -0.0275 149.0778
976 688  0.0237 -0.1081 84.1425
1008 688  0.0280 -0.0484 91.9074
1040 688  0.0419 -0.0519 86.9624
1072 688 -0.0064 -0.0078 160.4057
1104 688 -0.0112  0.0611 115.7722
1136 688 -0.0306  0.0796 175.1263
1168 688 -0.0577  0.0925 88.6415
 16 720 -0.0054 -0.0277 16.4467
 48 720 -0.0055 -0.1480 121.1577
 80 720 -0.0407 -0.1059 186.4128
112 720 -0.0581 -0.1085 106.7646
144 720 -0.1218 -0.2373 244.3186
176 720 -0.2646 -0.6727 222.9335
208 720 -0.1481 -0.4839 214.0719
240 720 -0.6490 -0.4905 58.0983
272 720 -0.5802 -0.7527 292.1387
304 720 -0.1892 -0.4195 133.5420
336 720 -0.0940 -0.2398 70.2769
368 720  0.0290 -0.1005 118.7376
400 720  0.4898 -0.0012 290.4253
432 720  0.6847  0.0071 80.5707
464 720  0.8073 -0.0355 136.4053
496 720  1.0970 -0.1051 108.5139
528 720  0.8273 -0.3008 87.6860
560 720  0.5093  0.2561 97.5354
592 720  0.3699  0.7307 19.2503
624 720  0.2597  0.9524 39.9243
656 720  0.4923 -1.2533 17.3454
688 720  0.6513 -1.6064 11.1267
720 720  0.4009 -2.1633 13.5275
752 720  2.1846 -0.1453 10.0640
784 720 -0.0101 -0.0414 12.3168
816 720 -0.1483 -0.7859 11.0838
848 720 -0.2868 -3.7669  6.2214
880 720  0.4805  0.1855 15.0180
912 720 -1.1519  0.1130 92.9236
944 720 -0.1801 -0.2257 61.9927
976 720 -0.0705 -0.5624 119.5689
1008 720  0.0797 -0.0674 198.5384
1040 720  0.0278  0.0285 156.1155
1072 720  0.0520 -0.0731 98.6508
1104 720 -0.0231  0.0628 135.6952
1136 720 -0.0379  0.0851 135.2779
1168 720 -0.0138  0.0534 17.0808
 16 752  0.1552 -0.0139 27.0149
 48 752  0.0378 -0.0246 27.0766
 80 752  0.0213 -0.1529 89.4234
112 752 -0.0069 -0.2954 251.2662
144 752  0.0045 -0.1458 146.6533
176 752 -0.0471 -0.3068 344.6330
208 752 -0.0303 -0.6171 266.3433
240 752 -0.1908 -0.4662 261.3467
272 752 -0.1084 -0.4034 56.1411
304 752 -0.0863 -0.2891 50.8052
336 752  0.1554 -0.3041 107.3520
368 752  0.1395 -0.0780 30.0268
400 752  0.3385 -0.0223 152.8665
432 752  0.8205 -0.0310 43.0450
464 752  0.9574 -0.0302 80.3848
496 752  1.4894 -0.5064 55.1651
528 752  0.2522 -0.1221 17.8044
560 752  0.1654  0.0757 16.1504
592 752  0.0737  0.7777 10.1956
624 752  0.4603  0.2678 18.2370
656 752  0.7743  0.8956 17.3219
688 752  0.4789  0.5224 19.7823
720 752  0.2336  0.5877 10.0656
752 752  0.2771  0.2093 15.2720
784 752  0.9065 -1.0595  6.8096
816 752  1.5099 -0.7603 13.8811
848 752  0.2566 -0.1285  9.2873
880 752  3.2969 -0.0320 10.3572
912 752  0.1938 -0.0937 14.3774
944 752  1.8876 -0.4202 49.8346
976 752  0.1671 -0.4828 74.3112
1008 752  0.1544 -0.2362 186.9524
1040 752  0.0246  0.0236 126.4618
1072 752 -0.0076  0.0825 79.7033
1104 752 -0.0416  0.0923 256.7635
1136 752 -0.0337  0.0901 71.3195
1168 752 -0.0127  0.0598 96.8207
 16 784  0.0549 -0.0540 39.8693
 48 784  0.0429 -0.0069 93.5998
 80 784  0.0656 -0.1692 242.5170
112 784  0.0451 -0.1097 278.3111
144 784  0.0350 -0.2102 75.0790
176 784  0.0471 -0.2202 67.7142
208 784 -0.0273 -0.4129 69.6103
240 784 -0.0287 -0.3794 152.0336
272 784  0.0010 -0.3662 327.8498
304 784  0.0474 -0.4098 311.7233
336 784  0.2057 -0.2153 103.6554
368 784  0.3041 -0.3007 174.2024
400 784  0.8257 -0.1379 94.7367
432 784  0.9907 -0.0513 85.8406
464 784  1.1560 -0.2493 51.3544
496 784  1.3701 -0.4438 48.1062
528 784  0.2273 -0.1016 22.1365
560 784  0.0055  0.1294  8.7529
592 784  0.1797  0.3262  8.2211
624 784  0.0797  0.0852 30.9423
656 784  1.0969  0.1045 36.6204
688 784  0.1017 -0.0565 11.5254
720 784  0.1308 -0.0360 14.7451
752 784  0.4504 -0.3784 16.5964
784 784  0.1742 -0.0638 11.0777
816 784  0.1481 -0.5101  7.8885
848 784 -0.0409 -0.0364  8.9324
880 784  0.0011 -0.2943  7.9372
912 784  1.0529 -1.1159  8.5433
944 784  2.9891 -0.3287  4.9607
976 784  0.3119 -0.4592 21.3035
1008 784  0.1749  0.3276 66.4064
1040 784  0.0795  0.1626 60.2478
1072 784 -0.1016  0.0738 137.9042
1104 784 -0.0728  0.0464 135.4164
1136 784 -0.0901  0.1066 125.8537
1168 784 -0.0543  0.0896 65.1514
 16 816  0.0117 -0.0147 18.4195
 48 816  0.2370 -0.0744 14.1291
 80 816  0.1279 -0.0621 235.9610
112 816  0.0372 -0.0705 30.3522
144 816  0.1130 -0.1499 125.1228
176 816  0.0789 -0.2500 209.0532
208 816  0.0921 -0.1112 46.9576
240 816  0.1384 -0.3355 76.9532
272 816  0.0993 -0.4987 21.9344
304 816  0.2795 -0.3614 71.3707
336 816  0.3101 -0.3474 104.4866
368 816  0.7847 -0.1448 318.2339
400 816  1.1795 -0.1097 63.9804
432 816  0.8653 -0.0774 19.6141
464 816  1.3273 -0.2780 100.2674
496 816  0.7578 -0.3960 19.0141
528 816  0.0465  0.1182  8.3442
560 816 -0.1621 -0.0118  6.0801
592 816  0.0475  0.0110 65.6817
624 816  0.9122 -0.0649 69.8424
656 816  0.9519 -0.0805 30.2102
688 816  0.1890 -0.2448 12.7683
720 816  0.2564 -0.0988  9.6069
752 816  0.0924 -0.0016  9.5806
784 816  0.2510 -0.3691 11.9618
816 816  0.1047 -0.0327  9.6670
848 816  0.3241 -0.1229 13.5092
880 816  0.2206 -0.0128 11.9378
912 816  0.4306 -0.8550  9.4152
944 816  0.2793 -1.8233  5.7533
976 816  0.2119 -0.9874  9.2968
1008 816 -0.1684  0.8938 53.2698
1040 816  0.0096  0.0594 31.2720
1072 816 -0.1238  0.1397 188.0323
1104 816 -0.1258  0.0922 133.4484
1136 816 -0.0274  0.0607 93.2114
1168 816 -0.0656  0.0514 180.3619
 16 848  0.1085 -0.0160 15.8977
 48 848  0.0543 -0.0261 23.1249
 80 848  0.1361 -0.0360 424.6728
112 848  0.2252 -0.1175 28.6255
144 848  0.1579 -0.0458 139.6615
176 848  0.1481 -0.1795 259.2123
208 848  0.2196 -0.3020 103.4568
240 848  0.2744 -0.4061 80.7206
272 848  0.1674 -0.1826 27.1528
304 848  0.3004 -0.1378 18.7263
336 848  1.1097 -0.5398 185.9373
368 848  0.6345 -0.1852 57.7699
400 848  0.9549 -0.2579 44.9925
432 848  0.6643 -0.1081 26.3029
464 848  0.8390 -0.1874 39.3149
496 848  0.0469 -0.0180 19.8839
528 848 -0.4167 -0.2323  5.1387
560 848 -0.0122 -0.0549 12.0310
592 848  0.1803  0.0010 40.8245
624 848  0.7782 -0.2505 31.9676
656 848  0.0549  0.0180 25.4882
688 848  0.4979 -0.2967 11.1848
720 848  0.0687 -0.1753  8.4376
752 848  0.2125 -1.0357 10.4891
784 848 -0.0635 -0.5149 12.3758
816 848 -0.0027 -0.0563 14.8020
848 848  0.0442 -0.1921 11.9439
880 848  0.0344 -0.1608 12.4242
912 848  0.1859 -0.1204 11.1849
944 848  0.1342 -0.4433  9.4991
976 848 -1.7684  0.0569 29.4139
1008 848 -1.4858  0.9368 142.5264
1040 848 -0.3284  0.3276 47.6879
1072 848 -0.0921  0.1288 76.5883
1104 848 -0.0699  0.0457 133.3864
1136 848 -0.1065  0.0746 104.5035
1168 848 -0.0935  0.0589 104.9089
 16 880  0.2223 -0.0006 26.5181
 48 880  0.1331 -0.2036 233.5326
 80 880  0.1983 -0.0452 212.7960
112 880  0.2833 -0.1164 148.1738
144 880  0.2147 -0.0954 22.5333
176 880  0.2050 -0.2418 207.0272
208 880  0.3358 -0.2564 24.8604
240 880  0.3575 -0.4858 76.7301
272 880  0.6619 -0.3975 75.9395
304 880  1.1135 -0.6445 137.4512
336 880  0.7804 -0.3720 163.7430
368 880  0.7127 -0.2047 84.7408
400 880  0.9240 -0.1685 96.1101
432 880  0.2097 -0.0835 30.0491
464 880  0.0953 -0.1043 27.4237
496 880  0.0908  0.0870  5.8403
528 880 -0.2258 -0.0126  8.2426
560 880  0.1242  0.0537 14.9794
592 880  0.0941  0.1357  8.0359
624 880  0.4146 -0.0313 25.9366
656 880  0.0549 -0.0037 12.0507
688 880  0.1259  0.1011 11.2394
720 880  0.0501 -0.0645 19.3052
752 880  0.0411 -0.0772 12.9759
784 880  0.0615 -0.0778 11.8902
816 880  0.0823 -0.0074  7.4075
848 880 -0.1439  0.1851 10.7833
880 880  0.0378  0.0496 11.8912
912 880  0.1008 -0.0771 14.7790
944 880 -0.1782 -0.1272 14.4497
976 880 -0.4369 -0.2734  9.8324
1008 880 -0.2387 -0.1087  9.0441
1040 880 -0.1749  0.1014 25.5841
1072 880 -0.2783  0.0876 143.6327
1104 880 -0.1523  0.1133 128.9231
1136 880 -0.1751  0.0834 66.4210
1168 880 -0.1053  0.0688 149.2633
 16 912  0.2717 -0.0527 58.6395
 48 912  0.1429 -0.0600 121.0467
 80 912  0.1721 -0.0644 245.1476
112 912  0.1362 -0.1390 158.1636
144 912  0.4656 -0.1147 72.5180
176 912  0.1471 -0.1180 186.0777
208 912  0.4381 -0.2355 150.0896
240 912  0.2435 -0.2498 146.2091
272 912  0.1841 -0.0927 19.6036
304 912  0.3347 -0.4921 174.4204
336 912  0.7610 -0.3769 149.8464
368 912  0.9779 -0.6034 72.2505
400 912  0.1533 -0.0990 19.6442
432 912  0.0084  0.0018 14.5492
464 912  0.0985  0.0913 10.6301
496 912  0.0164  0.0081  4.0474
528 912 -0.0889  0.0912  5.0405
560 912  0.0730  0.0661  6.5462
592 912 -0.0324  0.0380  4.2490
624 912 -0.1055  0.1162  8.7173
656 912  0.2258  0.1376  7.6610
688 912 -0.3234  0.1612  6.4385
720 912  0.0704  0.0673 11.3352
752 912 -0.2799  0.1539  7.1809
784 912  0.0480  0.0589 17.7549
816 912  0.0302 -0.0808 10.9328
848 912  0.3324 -0.4233  7.6561
880 912 -0.0416  0.0490  9.9368
912 912 -0.0031 -0.1988 11.8073
944 912 -0.0685 -0.2369  8.9847
976 912 -0.0735 -1.0818 10.0015
1008 912  0.1899 -0.4791  9.8411
1040 912  0.3085 -0.2295 12.8461
1072 912 -0.4742  0.2318 49.5188
1104 912 -0.2230  0.2028 98.3482
1136 912 -0.0549  0.0389 48.0505
1168 912 -0.0950  0.1092 68.9387
 16 944  0.0512 -0.0657 33.7291
 48 944  0.1642 -0.0549 68.8880
 80 944  0.0675 -0.0268 284.0460
112 944  0.1395 -0.0630 148.0475
144 944  0.2086 -0.1202 126.9732
176 944  0.5566 -0.1228 68.5678
208 944  0.3305 -0.3622 123.8457
240 944  0.3367 -0.4549 90.2206
272 944  0.5270 -0.2573 109.1363
304 944  0.2966 -0.6425 46.8604
336 944  0.1380 -0.2319 142.9745
368 944  0.0643 -0.1691 53.2979
400 944  0.0044 -0.0741 19.2660
432 944 -0.0337 -0.0760 14.2424
464 944 -0.1256 -0.1444  5.7002
496 944  0.0359  0.0054  6.4332
528 944  0.0076 -0.0339  4.1290
624 944 -0.2781  0.1064  5.0173
656 944  0.3935  0.0661  4.9658
688 944 -0.3078  0.0165  5.4856
720 944  0.1937  0.0970  6.0234
752 944 -0.1322  0.2359  4.9127
784 944 -0.1062  0.1874  4.5180
816 944 -0.0182  0.3854  5.6055
848 944 -0.0255 -0.0732 10.8741
880 944  0.1261 -0.3129  7.6439
912 944  0.1470 -0.1680 10.9984
944 944 -0.0316 -2.5062  8.5199
976 944  0.2520 -2.7914  8.8969
1008 944  0.0305 -0.1789  8.3683
1040 944  2.8747 -0.5420 13.3002
1072 944 -0.3212  0.1907 77.1833
1104 944 -0.2553  0.0825 163.0191
1136 944 -0.2402  0.0743 258.0159
1168 944 -0.3320 -0.0313 221.5848
 16 976  0.1008 -0.0404 41.6398
 48 976  0.1096  0.0239 30.6858
 80 976  0.0791 -0.0199 164.0796
112 976  0.0847 -0.0721 29.2526
144 976  0.2556 -0.1357 182.0178
176 976  0.1482 -0.0016 73.1544
208 976  0.2146 -0.1525 63.8730
240 976  0.2620 -0.4580 52.1310
272 976  0.1466 -0.3755 104.6938
304 976  0.2751 -0.3986 139.7909
336 976  0.1146 -0.2064 84.3357
368 976 -0.0049 -0.0513 27.4086
400 976 -0.0083 -0.1795 12.5808
432 976 -0.2666 -0.6061  7.1418
464 976 -0.0278 -0.0318 15.2151
496 976  0.0966 -0.0668  7.8299
528 976  0.1181  0.0105  4.6685
688 976 -0.0242  0.0884  4.1881
784 976 -0.0687 -0.0584  4.3784
816 976 -0.0411 -0.0244 14.6048
848 976 -0.0063 -0.3368 83.9500
880 976  0.0502 -0.1646 21.9447
912 976  2.0687 -0.3391  8.2531
944 976  0.2594 -3.2251  9.1541
976 976  0.2553 -0.2564 15.2089
1008 976 -0.0730 -0.5720  8.2429
1040 976  0.0496 -3.0022 23.6823
1072 976 -0.6595  0.1992 61.0822
1104 976 -0.6532  0.6286 144.3519
1136 976 -0.2434  0.0426 100.3434
1168 976 -0.1169 -0.0582 153.7295
 16 1008  0.0134 -0.0231 17.5696
 48 1008  0.1229 -0.0870 147.3936
 80 1008  0.0529 -0.0390 73.8158
112 1008  0.1924 -0.0647 102.4505
144 1008  0.1034 -0.0401 147.7299
176 1008  0.1693 -0.1222 186.3514
208 1008  0.0781 -0.1042 46.1054
240 1008  0.1824 -0.1600 27.0912
272 1008  0.3560 -0.3091 98.5421
304 1008  0.0661 -0.1242 71.7128
336 1008  0.0513  0.0054 28.5962
368 1008 -0.0724 -0.1913 10.1150
400 1008 -0.5680 -0.5820 11.0635
432 1008 -0.2159 -0.2213 21.3655
464 1008 -0.1249 -0.2651 40.6774
496 1008 -0.0120 -0.0032 20.3751
528 1008  0.1027 -0.0786 12.0194
560 1008  0.1447 -0.3629  6.0927
752 1008 -0.0076 -0.0070  4.0756
784 1008  0.0290  0.0006  6.4004
816 1008 -0.0345 -0.0202 26.7274
848 1008  0.0752 -0.3692 19.3259
880 1008 -0.0578 -0.1607 76.3369
912 1008  0.0339 -0.5229 25.1464
944 1008  2.9016 -0.1433 12.4207
976 1008 -0.0229 -0.4254 26.0755
1008 1008  0.1846 -0.2346 22.6632
1040 1008 -0.2892 -0.1697 36.1684
1072 1008 -0.4958 -0.0718 49.3052
1104 1008 -0.3428 -0.0647 150.2336
1136 1008 -0.2575 -0.0312 89.9077
1168 1008 -0.1846 -0.0432 77.6315
 16 1040  0.5025 -0.1592 59.8509
 48 1040  0.1974  0.0045 59.9855
 80 1040  0.1090 -0.0933 171.6025
112 1040  0.0638 -0.0261 286.5088
144 1040  0.1026 -0.0865 42.6980
176 1040  0.1281 -0.0601 208.4690
208 1040  0.0806 -0.1173 19.7466
240 1040  0.1143 -0.1185 80.9884
272 1040 -0.0086 -0.1726 21.1545
304 1040  0.1324 -0.1284 34.6734
336 1040  0.0965 -0.0232 90.4143
368 1040 -0.0692 -0.1082 12.7665
400 1040 -0.1612 -0.0942 26.4074
432 1040  0.0124 -0.1158 26.4007
464 1040  0.1379 -0.3051 137.4244
496 1040 -0.0041 -0.0094 18.4594
528 1040 -0.0027  0.0223 11.6761
560 1040  0.0367  0.0266 13.2011
592 1040  0.2611  0.0079  6.4574
752 1040 -0.0347  0.0007  5.6359
784 1040  0.0359 -0.0251 16.1895
816 1040  0.0400 -0.0475 30.7866
848 1040  0.0214 -0.1524 62.4952
880 1040 -0.0129 -0.0813 11.1821
912 1040 -0.1794 -0.2564 78.9035
944 1040 -0.1516 -0.2895 108.4288
976 1040 -0.2743 -0.3737 38.3388
1008 1040 -0.5762 -0.1158 45.4929
1040 1040 -0.3808 -0.1398 74.5840
1072 1040 -0.1351 -0.1277 88.4473
1104 1040 -0.1734 -0.0153 91.0162
1136 1040 -0.1995  0.0248 166.6095
1168 1040 -0.0200 -0.0043 17.5804
 16 1072  0.1891 -0.0045 65.9115
 48 1072  0.2161 -0.0189 130.1349
 80 1072  0.0708 -0.0037 296.8851
112 1072  0.0275  0.0213 15.0056
144 1072  0.0860 -0.0867 44.9103
176 1072  0.1177 -0.0761 162.6425
208 1072  0.0586 -0.1127 27.5468
240 1072  0.0578 -0.1341 74.7883
272 1072  0.0499 -0.0969 83.3279
304 1072  0.0520 -0.2358 212.6665
336 1072  0.0568 -0.0774 142.3610
368 1072  0.0988 -0.0073 49.0981
400 1072  0.1972 -0.0465 98.2177
432 1072  0.2410 -0.1745 84.6917
464 1072 -0.0009  0.0390  9.5475
496 1072  0.0165  0.0303 14.9980
528 1072  0.0084  0.0179 11.4004
560 1072  0.1521 -0.1321  8.8839
592 1072 -0.0583 -0.1797  9.7313
624 1072  0.1573 -0.1995  5.7235
656 1072  0.0332 -0.1903  4.6999
752 1072 -0.0444  0.0637  4.2402
784 1072 -0.0297  0.0815  7.4341
816 1072 -0.0241  0.0917 12.6836
848 1072 -0.0318  0.0375 30.5954
880 1072 -0.0243  0.0001 19.3854
912 1072 -0.0856 -0.0288 32.3955
944 1072 -0.1539 -0.1157 41.0501
976 1072 -0.2450 -0.2350 16.3695
1008 1072 -0.2537 -0.1382 34.2864
1040 1072 -0.3698 -0.0611 178.0732
1072 1072 -0.1635 -0.0583 16.3692
1104 1072 -0.2955  0.0101 223.8035
1136 1072 -0.0883 -0.0411 54.4041
1168 1072 -0.0162 -0.0209 60.1172
 16 1104  0.0397 -0.0177 15.5713
 48 1104  0.0041 -0.0063 31.1972
 80 1104  0.1840 -0.0450 143.2923
112 1104  0.1248 -0.0912 164.2740
144 1104  0.0682 -0.0285 64.5883
176 1104  0.2550 -0.1681 115.6907
208 1104  0.0767 -0.2468 218.2676
240 1104  0.1274 -0.3167 230.9736
272 1104  0.0079 -0.0576 13.7820
304 1104  0.1459 -0.1602 75.5398
336 1104  0.0967 -0.1755 142.3237
368 1104  0.0922 -0.0949 161.8933
400 1104  0.1573 -0.1186 89.3326
432 1104  0.1809 -0.0764 46.8711
464 1104  0.0206 -0.0042 22.7427
496 1104 -0.0054  0.0101 14.4933
528 1104  0.0110 -0.0017 12.7088
560 1104 -0.0236  0.0151 13.2862
592 1104  0.0142 -0.0001 11.0100
624 1104 -0.0253 -0.0608 10.7663
656 1104  0.0904 -0.1465  9.0506
688 1104  0.4673 -0.2874  5.5351
848 1104 -0.0250  0.0851  5.1913
880 1104 -0.0937  0.0793  7.1819
912 1104 -0.0805  0.0770 13.8055
944 1104 -0.0321  0.0564 15.3189
976 1104 -0.0447  0.0840  9.7226
1008 1104 -0.0190 -0.0003 23.1610
1040 1104 -0.0555  0.0525 31.0611
1072 1104 -0.0716 -0.0572 19.0942
1104 1104 -0.2048 -0.0149 21.1187
1136 1104 -0.0804 -0.0264 16.4952
1168 1104 -0.0566 -0.0420 21.2998
 16 1136  0.1340  0.0165 18.6356
 48 1136  0.0170 -0.0228 13.1201
 80 1136  0.0573 -0.0020 67.9022
112 1136  0.2108 -0.0458 93.5850
144 1136  0.0039 -0.0263 20.3187
176 1136  0.0560 -0.0210 292.4382
208 1136  0.1160 -0.0765 139.2026
240 1136  0.0612 -0.0918 53.4218
272 1136  0.0477 -0.0756 111.5286
304 1136  0.0623 -0.0867 92.2179
336 1136  0.0996 -0.1114 142.6514
368 1136  0.0586 -0.0909 204.1034
400 1136  0.3326 -0.0547 77.5939
432 1136  0.0869 -0.0748 164.2587
464 1136  0.0378  0.0217 26.6711
496 1136  0.0570 -0.1261 49.2694
528 1136 -0.0112  0.0168 14.2405
560 1136  0.0052 -0.0066 11.2992
592 1136 -0.0840  0.0174 13.2354
624 1136 -0.0135 -0.0094 14.0436
656 1136  0.0132 -0.0188 17.8450
688 1136  0.1033 -0.0789 12.9495
720 1136  0.0418 -0.2972  6.6528
752 1136  0.1145 -0.2619  5.8533
784 1136 -0.1618 -0.1908  5.9252
816 1136 -0.1059 -0.2239 10.6275
848 1136  0.1863 -0.2937  9.4982
880 1136  0.1235 -0.4383  4.4353
944 1136 -0.0623  0.0250  4.1001
976 1136 -0.0321  0.0741  4.3831
1008 1136  0.0654  0.0785  5.1638
1040 1136 -0.0965  0.0793  4.8537
1072 1136  0.0223  0.2622  5.5751
1104 1136 -0.0741  0.0599  8.6045
1136 1136  0.0153  0.0154 10.0906
1168 1136 -0.0430  0.0490 19.5947
 16 1168  0.1023 -0.0011 18.4965
 48 1168  0.0184  0.0286 16.3657
 80 1168  0.1495 -0.0087 59.8986
112 1168  0.1170 -0.0736 38.9518
144 1168  0.1521 -0.0524 68.0970
176 1168  0.0474 -0.1285 39.0473
208 1168  0.1729 -0.1510 136.6407
240 1168  0.4055 -0.1225 59.7476
272 1168  0.0400 -0.0862 35.1086
304 1168  0.0753 -0.0686 132.7514
336 1168  0.1249 -0.1928 205.1039
368 1168  0.1023 -0.1181 141.0489
400 1168  0.1342 -0.0721 258.6946
432 1168  0.0639 -0.1441 22.6914
464 1168  0.0895 -0.1545 232.6308
496 1168 -0.0109 -0.0130 15.2928
528 1168 -0.0080  0.0194 18.4349
560 1168  0.0027  0.0130 12.5131
592 1168 -0.0158  0.0000 11.4977
624 1168  0.0290 -0.0174 14.5887
656 1168 -0.0178  0.0002 12.4618
688 1168  0.0122 -0.0206 12.7062
720 1168  0.0310 -0.0255 12.6004
752 1168 -0.0031  0.0174 11.7684
784 1168 -0.0975 -0.0842  9.5217
816 1168 -0.0776 -0.0276 13.1791
848 1168  0.0082  0.0189 14.3631
880 1168  0.0269 -0.0330 13.6506
912 1168  0.1287 -0.1522 12.1374
944 1168  0.0894 -0.4464  6.1011
976 1168  0.0306 -0.4733  5.5493
1008 1168  0.0762 -0.5000  4.3528
1104 1168  0.0074  0.0906  4.2800
1136 1168 -0.0891  0.1045  4.6817
1168 1168  0.0662  0.0475  4.7043
 16 1200  0.0635 -0.0112 14.2795
 48 1200  0.0733 -0.0312 12.6251
 80 1200  0.1606 -0.0351 247.2613
112 1200  0.0506 -0.0113 270.7849
144 1200  0.1099 -0.0957 74.8270
176 1200  0.1067 -0.0923 222.4829
208 1200  0.0546 -0.0596 67.9654
240 1200  0.0967 -0.1223 272.3660
272 1200  0.0597 -0.1064 41.2238
304 1200  0.1516 -0.0960 47.5513
336 1200  0.1300 -0.0807 274.0919
368 1200  0.2663 -0.0895 163.4832
400 1200  0.0912 -0.0420 266.9057
432 1200  0.1108 -0.0451 44.1827
464 1200  0.0940 -0.1046 57.7889
496 1200  0.0169 -0.0132 22.5641
528 1200  0.0346 -0.0351 21.1697
560 1200  0.0090  0.0115 14.2231
592 1200 -0.0149  0.0168 13.5328
624 1200  0.0338 -0.0136 28.3418
656 1200  0.0372 -0.0853 26.9883
688 1200 -0.0381 -0.0067 14.0761
720 1200 -0.0005  0.0200 18.1859
752 1200  0.0145  0.0124 16.2423
784 1200 -0.0123  0.0312 11.2816
816 1200 -0.0181 -0.0593 11.9970
848 1200 -0.0208 -0.0170 12.0735
880 1200  0.0220 -0.0272 12.0147
912 1200 -0.0035 -0.0146 15.7037
944 1200  0.0141 -0.0021 14.7814
976 1200  0.0137 -0.0090 13.6659
1008 1200  0.0269 -0.0310 11.1292
1040 1200  0.2056 -0.2851  8.2606
1072 1200  0.0925 -0.3826  6.0794
1104 1200  0.0247 -0.4755  4.9429
1136 1200  0.0100 -0.4560  4.4814
1168 1200  0.0268 -0.4105  4.3854
 16 1232  0.0902 -0.0237 13.3912
 48 1232 -0.0165 -0.0122 13.3426
 80 1232  0.1624 -0.0432 181.7912
112 1232  0.0823  0.0016 60.2211
144 1232  0.0789 -0.0678 283.0103
176 1232  0.0384 -0.0292 329.1852
208 1232  0.1484 -0.0778 60.9121
240 1232  0.0474 -0.0625 68.3639
272 1232  0.0710 -0.0910 145.5434
304 1232  0.0622 -0.2195 131.0055
336 1232  0.1027 -0.0455 150.5971
368 1232  0.0632 -0.1350 195.8374
400 1232  0.0997 -0.0529 137.8381
432 1232  0.0477 -0.1095 44.4728
464 1232  0.0916 -0.0280 95.4809
496 1232 -0.0148  0.0073 26.8596
528 1232  0.0255  0.0000 12.6679
560 1232 -0.0055  0.0091 24.2605
592 1232  0.0080 -0.0081 15.3524
624 1232 -0.0014  0.0111 12.0818
656 1232  0.0003 -0.0279 12.4984
688 1232 -0.0192  0.0278 10.0257
720 1232  0.0029  0.0089 12.6882
752 1232  0.0229 -0.0032 19.3299
784 1232 -0.1188  0.0069 14.2900
816 1232 -0.0003  0.0334 19.3580
848 1232 -0.0097  0.0078 10.8673
880 1232 -0.0031 -0.0022 12.1594
912 1232 -0.0043 -0.0338 12.9552
944 1232  0.0307  0.0187 13.5675
976 1232  0.0818 -0.0428 10.5440
1008 1232 -0.0211 -0.0231 15.2540
1040 1232 -0.0217 -0.0145 14.3812
1072 1232  0.0370 -0.0167 11.5724
1104 1232  0.0292 -0.0186 12.8184
1136 1232  0.0189 -0.0052 11.5648
1168 1232  0.0045 -0.0294 12.8045
 16 1264  0.0723  0.0063 17.2164
 48 1264  0.0065 -0.0020 14.9833
 80 1264  0.0604 -0.0417 210.2560
112 1264  0.0847 -0.0447 70.2359
144 1264  0.1393 -0.0352 233.0152
176 1264  0.0438 -0.0258 42.6162
208 1264  0.0861 -0.0689 104.8706
240 1264  0.0666 -0.0622 61.2853
272 1264  0.0510 -0.0439 55.4461
304 1264  0.0460 -0.0440 192.8758
336 1264  0.1220 -0.1988 198.9295
368 1264  0.0277 -0.1264 250.5286
400 1264  0.2009 -0.0966 73.8476
432 1264  0.0715 -0.1667 322.5038
464 1264  0.0726  0.0012 17.8361
496 1264 -0.0243 -0.0027 15.7649
528 1264 -0.0198  0.0072 11.6270
560 1264  0.0054 -0.0037 12.0649
592 1264 -0.0123 -0.0278 12.9366
624 1264 -0.0046  0.0022 18.2934
656 1264 -0.0115 -0.0021 14.3205
688 1264 -0.0251 -0.0267 11.3810
720 1264  0.0019  0.0138 13.0885
752 1264 -0.0007 -0.0243 24.3468
784 1264 -0.0384  0.0185 10.9957
816 1264 -0.0094  0.0002 16.2393
848 1264 -0.0046  0.0154 10.8666
880 1264  0.0325 -0.0026  8.9706
912 1264 -0.0337  0.0044 11.5001
944 1264  0.0279 -0.0183 14.0310
976 1264  0.0381 -0.0339 10.4583
1008 1264  0.0282 -0.0205  9.8083
1040 1264  0.0345  0.0017 10.9201
1072 1264 -0.0261  0.0836 10.4763
1104 1264 -0.0789 -0.0124  9.7076
1136 1264  0.0203 -0.0247 10.1386
1168 1264  0.0178 -0.0171 12.4816
 16 1296  0.0783 -0.0133 22.4560
 48 1296  0.0357  0.0138 12.5334
 80 1296  0.1007  0.0342 141.8581
112 1296  0.1151 -0.0204 19.9793
144 1296  0.0632 -0.0108 12.7430
176 1296  0.1047 -0.0559 143.5539
208 1296  0.1668 -0.0754 187.8723
240 1296  0.0524 -0.0283 103.1146
272 1296  0.0497 -0.0360 43.9063
304 1296  0.0686 -0.0655 104.7383
336 1296  0.1406 -0.0924 38.0496
368 1296  0.0822 -0.2333 81.9842
400 1296  0.0692 -0.0326 213.4185
432 1296  0.2810 -0.0421 46.9468
464 1296  0.0474 -0.0339 211.2742
496 1296 -0.0227  0.0125 21.5474
528 1296  0.0189 -0.0014 15.8162
560 1296 -0.0191  0.0213 14.0431
592 1296 -0.0093 -0.0028 15.6515
624 1296 -0.0110 -0.0132 11.9341
656 1296  0.0419 -0.0381 14.7825
688 1296 -0.0059  0.0120 11.9677
720 1296 -0.0019 -0.0086 13.2898
752 1296  0.0131 -0.0376 16.3224
784 1296 -0.0050  0.0043 11.4286
816 1296 -0.0276 -0.0741  9.0795
848 1296 -0.0098  0.0051 11.2524
880 1296  0.0342 -0.0142 11.2925
912 1296  0.0152 -0.0196 11.1807
944 1296 -0.0052 -0.0601 11.8623
976 1296 -0.0098  0.0330 10.8129
1008 1296  0.0218  0.0083  9.7852
1040 1296  0.0684  0.0678  7.9389
1072 1296  0.0845  0.0022  9.3208
1104 1296 -0.0075  0.0117 10.8948
1136 1296 -0.0426 -0.0252  9.9847
1168 1296 -0.0046 -0.0209  8.8021
  0   0 -0.0432  0.0306  0.0000
  0   0 -0.0658 -0.0007  0.0000
  0   0  0.0018 -0.0137  0.0000
  0   0  0.0391 -0.0105  0.0000
  0   0  0.0866 -0.0018  0.0000
  0   0  0.0958  0.0169  0.0000
  0   0  0.1436  0.0224  0.0000
  0   0  0.1619 -0.0107  0.0000
  0   0  0.1415 -0.0281  0.0000
  0   0  0.1607 -0.0611  0.0000
  0   0  0.1667 -0.0718  0.0000
  0   0  0.0781 -0.0473  0.0000
  0   0  0.0073 -0.0397  0.0000
  0   0  0.1631 -0.1609  0.0000
  0   0  0.1904 -0.1756  0.0000
  0   0  0.1581 -0.2030  0.0000
  0   0  0.1520 -0.0718  0.0000
  0   0  0.2115 -0.0074  0.0000
  0   0  0.0622  0.0503  0.0000
  0   0 -0.0313  0.0969  0.0000
  0   0 -0.0571  0.1017  0.0000
  0   0 -0.0757  0.1013  0.0000
  0   0 -0.0620  0.0590  0.0000
  0   0 -0.0349  0.0220  0.0000
  0   0  0.0054 -0.0081  0.0000
  0   0 -0.0034 -0.0002  0.0000
  0   0  0.0032 -0.0187  0.0000
  0   0  0.0128 -0.0425  0.0000
  0   0  0.0055 -0.0370  0.0000
  0   0 -0.0029 -0.0677  0.0000
  0   0  0.0116 -0.0357  0.0000
  0   0  0.0399 -0.0352  0.0000
  0   0  0.0374 -0.0388  0.0000
  0   0  0.0246 -0.0420  0.0000
  0   0  0.0235  0.0143  0.0000
  0   0  0.0453  0.0299  0.0000
  0   0  0.0741  0.0608  0.0000
  0   0  0.0631  0.0336  0.0000
  0   0 -0.0074  0.0230  0.0000
  0   0 -0.0493 -0.0051  0.0000
  0   0 -0.0462 -0.0113  0.0000
  0   0 -0.0594  0.0060  0.0000
  0   0 -0.0549 -0.0014  0.0000
  0   0 -0.0043 -0.0065  0.0000
  0   0  0.0490 -0.0035  0.0000
  0   0  0.1036  0.0040  0.0000
  0   0  0.1442  0.0128  0.0000
  0   0  0.1890  0.0101  0.0000
  0   0  0.2134 -0.0122  0.0000
  0   0  0.2126 -0.0351  0.0000
  0   0  0.2108 -0.0602  0.0000
  0   0  0.1854 -0.0712  0.0000
  0   0  0.1090 -0.0641  0.0000
  0   0  0.0168 -0.0566  0.0000
  0   0  0.2834 -0.2966  0.0000
  0   0  0.2721 -0.2544  0.0000
  0   0  0.2369 -0.1967  0.0000
  0   0  0.2031 -0.0761  0.0000
  0   0  0.1690  0.0315  0.0000
  0   0  0.0545  0.1216  0.0000
  0   0 -0.0471  0.1815  0.0000
  0   0 -0.1052  0.1983  0.0000
  0   0 -0.1283  0.1828  0.0000
  0   0 -0.1150  0.1328  0.0000
  0   0 -0.0793  0.0760  0.0000
  0   0 -0.0373  0.0267  0.0000
  0   0 -0.0154 -0.0029  0.0000
  0   0  0.0029 -0.0330  0.0000
  0   0  0.0160 -0.0590  0.0000
  0   0  0.0196 -0.0705  0.0000
  0   0  0.0224 -0.0830  0.0000
  0   0  0.0353 -0.0709  0.0000
  0   0  0.0534 -0.0617  0.0000
  0   0  0.0592 -0.0510  0.0000
  0   0  0.0579 -0.0315  0.0000
  0   0  0.0600  0.0105  0.0000
  0   0  0.0685  0.0402  0.0000
  0   0  0.0708  0.0615  0.0000
  0   0  0.0438  0.0529  0.0000
  0   0 -0.0132  0.0372  0.0000
  0   0 -0.0591  0.0137  0.0000
  0   0 -0.0774  0.0001  0.0000
  0   0 -0.0820 -0.0006  0.0000
  0   0 -0.0621 -0.0033  0.0000
  0   0 -0.0103 -0.0031  0.0000
  0   0  0.0561  0.0014  0.0000
  0   0  0.1265  0.0074  0.0000
  0   0  0.1902  0.0103  0.0000
  0   0  0.2448  0.0035  0.0000
  0   0  0.2784 -0.0155  0.0000
  0   0  0.2862 -0.0389  0.0000
  0   0  0.2729 -0.0621  0.0000
  0   0  0.2310 -0.0769  0.0000
  0   0  0.1551 -0.0816  0.0000
  0   0  0.0598 -0.0822  0.0000
  0   0  0.4139 -0.4490  0.0000
  0   0  0.3720 -0.3418  0.0000
  0   0  0.3199 -0.2179  0.0000
  0   0  0.2531 -0.0673  0.0000
  0   0  0.1613  0.0846  0.0000
  0   0  0.0359  0.2123  0.0000
  0   0 -0.0864  0.2937  0.0000
  0   0 -0.1707  0.3174  0.0000
  0   0 -0.2025  0.2874  0.0000
  0   0 -0.1844  0.2175  0.0000
  0   0 -0.1343  0.1330  0.0000
  0   0 -0.0758  0.0548  0.0000
  0   0 -0.0283 -0.0064  0.0000
  0   0  0.0050 -0.0534  0.0000
  0   0  0.0252 -0.0873  0.0000
  0   0  0.0361 -0.1073  0.0000
  0   0  0.0452 -0.1151  0.0000
  0   0  0.0582 -0.1084  0.0000
  0   0  0.0737 -0.0924  0.0000
  0   0  0.0855 -0.0673  0.0000
  0   0  0.0928 -0.0307  0.0000
  0   0  0.0977  0.0151  0.0000
  0   0  0.0971  0.0550  0.0000
  0   0  0.0803  0.0779  0.0000
  0   0  0.0372  0.0761  0.0000
  0   0 -0.0257  0.0566  0.0000
  0   0 -0.0843  0.0292  0.0000
  0   0 -0.1192  0.0066  0.0000
  0   0 -0.1232 -0.0048  0.0000
  0   0 -0.0921 -0.0071  0.0000
  0   0 -0.0278 -0.0026  0.0000
  0   0  0.0588  0.0055  0.0000
  0   0  0.1540  0.0127  0.0000
  0   0  0.2441  0.0137  0.0000
  0   0  0.3177  0.0042  0.0000
  0   0  0.3647 -0.0159  0.0000
  0   0  0.3788 -0.0422  0.0000
  0   0  0.3582 -0.0682  0.0000
  0   0  0.3028 -0.0886  0.0000
  0   0  0.2184 -0.1021  0.0000
  0   0  0.1184 -0.1118  0.0000
