VARIABLES= "X pix", "Y pix", "U pix/dt", "V pix/dt", "CHC", ZONE I=37, J=41
304  16 -0.0006 -0.0255 59.5809
336  16 -0.0313 -0.0637 18.9118
368  16 -0.0598 -0.0813 24.6753
400  16 -0.0719 -0.0884 88.5845
496  16 -0.0780 -0.0833 89.0435
528  16 -0.0451 -0.0562 39.0095
560  16 -0.0195 -0.0238 40.9600
592  16  0.0063  0.0035 50.5679
624  16  0.0130  0.0091 54.6133
656  16  0.0113 -0.0261 46.5454
688  16  0.0371 -0.0011 273.0666
304  48  0.0466  0.0336 52.5128
336  48  0.0450  0.0524 29.4676
368  48  0.0078  0.0671 110.7027
496  48 -0.0691  0.0681 71.8596
528  48 -0.0369  0.0805 27.3067
560  48  0.0114  0.1048 40.1569
592  48  0.0366  0.1430 139.9712
688  48  0.0597  0.1270 227.5554
720  48  0.0454  0.0972 29.2571
752  48  0.0378 -0.0111 36.2478
784  48  0.0220 -0.2100 36.2478
816  48  0.0000 -0.3782 220.2150
304  80 -0.0070 -0.2252 49.3494
336  80 -0.0047 -0.0750 30.7970
368  80 -0.0041 -0.0049 50.5679
400  80 -0.0082  0.0159 47.0804
432  80  0.0215  0.0191 43.5745
464  80  0.0871  0.0308 4095.9939
496  80  0.1003  0.0742 71.8596
528  80  0.0550  0.1343 28.4444
560  80  0.0462  0.1746 48.7619
592  80  0.0308  0.1873 43.5745
688  80  0.0212  0.1511 341.3332
720  80 -0.0278 -0.0178 80.3137
752  80 -0.0624 -0.0851 87.1489
784  80 -0.0844 -0.1409 99.9024
816  80 -0.0711 -0.1321 117.0285
 16 144 -0.0603 -0.1488 48.6782
 48 144 -0.0483 -0.0552 220.2312
 80 144 -0.0506 -0.0384 80.2362
112 144 -0.0098 -0.0129 121.6885
144 144 -0.0172 -0.0400 232.6025
176 144 -0.0301 -0.0390 228.4916
208 144 -0.0177 -0.0320 62.1020
240 144 -0.0329 -0.0243 181.5564
272 144 -0.0076 -0.0133 34.7427
304 144 -0.0053 -0.0011 64.5079
336 144  0.0186  0.0220 64.3387
368 144  0.0244  0.0580 97.0084
400 144  0.0073  0.0176 187.4690
432 144  0.0232  0.0386 206.8394
464 144  0.0167  0.0549 104.7292
496 144  0.0321  0.0507 229.3653
528 144  0.0329  0.0615 177.4642
560 144 -0.0693  0.0411 134.0602
592 144 -0.0076  0.0471 149.8482
624 144  0.0168  0.0443 100.0718
656 144 -0.0290  0.0670 192.7554
688 144  0.0245  0.0306 105.1136
720 144  0.0221  0.0472 141.2137
752 144  0.0251  0.0423 142.7160
784 144  0.0178  0.0039 81.9369
816 144  0.0244  0.0273 99.9572
848 144  0.0140  0.0293 172.8057
880 144  0.0125  0.0215 65.4943
912 144  0.0172  0.0150 167.1021
944 144 -0.0021  0.0215 121.3044
976 144 -0.0056  0.0304 69.8753
1008 144  0.0478  0.0336 50.0056
1040 144  0.0470  0.0422 81.3898
1072 144 -0.0319  0.0437 119.9510
1104 144 -0.0004  0.0308 40.3690
1136 144 -0.0111  0.0489 51.1803
1168 144 -0.0082  0.0706 61.7635
 16 176 -0.0468 -0.0934 61.8227
 48 176 -0.0465 -0.0503 143.5427
 80 176 -0.0639 -0.1253 201.0344
112 176 -0.0342 -0.0365 486.4807
144 176 -0.0353 -0.0710 228.9292
176 176 -0.0247 -0.0914 178.7590
208 176 -0.0565 -0.0285 102.4178
240 176 -0.0214 -0.0206 354.5144
272 176 -0.0093 -0.0140 93.2255
304 176 -0.0013 -0.0143 160.8105
336 176  0.0212  0.0158 156.6017
368 176  0.0506  0.0576 233.4300
400 176 -0.0006  0.0223 167.6969
432 176  0.0138  0.0169 145.1177
464 176  0.0192  0.0302 182.8844
496 176  0.0334  0.0631 195.4801
528 176  0.0500  0.1512 36.5068
560 176 -0.0173  0.0583 231.0850
592 176 -0.0050  0.0590 135.3632
624 176  0.0132  0.0560 236.1105
656 176  0.0079  0.0519 207.7444
688 176  0.0085  0.0130 138.1777
720 176  0.0051  0.0203 90.4173
752 176  0.0324  0.0291 174.6431
784 176 -0.0303  0.0106 92.9570
816 176 -0.0336 -0.0135 80.5717
848 176  0.0519 -0.0337 204.5683
880 176  0.0060 -0.0041 72.2256
912 176 -0.0193 -0.0134 133.5800
944 176 -0.0145  0.0063 158.7226
976 176  0.0313  0.0470 103.5394
1008 176  0.0159  0.0083 173.1002
1040 176  0.0204  0.0212 49.7699
1072 176  0.0251  0.0303 148.9665
1104 176  0.0006  0.0503 97.6140
1136 176 -0.0193  0.0694 134.4742
1168 176 -0.0296  0.0387 226.1589
 16 208 -0.0905 -0.0611 59.6628
 48 208 -0.0608 -0.1302 178.2548
 80 208 -0.0088 -0.0309 277.4220
112 208 -0.0951 -0.1421 208.1699
144 208 -0.0493 -0.0521 120.4962
176 208 -0.0374 -0.0404 362.4144
208 208 -0.0301 -0.1304 236.0385
240 208 -0.0078 -0.0434 198.7703
272 208 -0.0148 -0.0090 279.6414
304 208 -0.0034  0.0056 149.9733
336 208  0.0064  0.0323 272.5597
368 208  0.0006  0.0657 486.7838
400 208  0.0444  0.0813 116.9004
432 208  0.0057  0.0891 114.0231
464 208  0.0116  0.0323 142.4398
496 208  0.0344  0.0788 140.6251
528 208  0.0268  0.0649 209.2555
560 208  0.0641  0.0549 165.1274
592 208  0.0226  0.0779 107.7794
624 208  0.0192  0.0678 165.7605
656 208  0.0010  0.0313 97.7921
688 208  0.0223  0.0400 99.0428
720 208 -0.0379 -0.0017 140.8876
752 208  0.0279  0.0116 133.1863
784 208  0.0212  0.0229 196.6416
816 208  0.0269  0.0057 166.2833
848 208  0.0198 -0.0050 175.9523
880 208  0.0213 -0.0142 247.5784
912 208  0.0528 -0.0032 50.0018
944 208  0.0160  0.0103 76.8168
976 208  0.0020  0.0756 132.9695
1008 208  0.0021  0.0147 144.3190
1040 208 -0.0060  0.0394 180.8504
1072 208 -0.0287  0.0409 179.8775
1104 208 -0.0252  0.0521 82.0228
1136 208 -0.0138  0.0704 96.2745
1168 208 -0.0170  0.1074 158.3009
 16 240 -0.1554 -0.0928 48.1544
 48 240 -0.0233 -0.0167 14.5483
 80 240 -0.0731 -0.1633 103.1277
112 240 -0.0846 -0.0770 155.0154
144 240 -0.0419 -0.0841 229.9113
176 240 -0.0985 -0.0847 216.0610
208 240 -0.0388 -0.0209 38.6778
240 240 -0.0437 -0.0378 212.5087
272 240 -0.0195 -0.0482 95.5803
304 240 -0.0152 -0.0300 164.1054
336 240 -0.0266  0.0004 172.5897
368 240  0.0270  0.0226 161.5678
400 240  0.0220  0.0229 298.0892
432 240  0.0446  0.0424 95.3094
464 240  0.0445  0.0416 159.3454
496 240  0.0211  0.0350 312.1509
528 240  0.0327  0.0448 70.0242
560 240 -0.0303  0.0271 134.8478
592 240  0.0347  0.0843 157.7915
624 240  0.0128  0.0163 92.8105
656 240  0.0270  0.0313 139.5100
688 240  0.0388  0.0096 152.0163
720 240 -0.0430  0.0098 74.4619
752 240  0.0474 -0.0135 195.9662
784 240  0.0283  0.0128 107.0406
816 240 -0.0061  0.0309 132.2613
848 240  0.0042  0.0037 184.9397
880 240  0.0332  0.0132 99.4980
912 240  0.0021  0.0076 79.8828
944 240  0.0234  0.0003 76.0303
976 240 -0.0189  0.0290 167.1782
1008 240 -0.0078  0.0104 120.4080
1040 240  0.0005  0.0250 124.6372
1072 240 -0.0314  0.0825 139.6318
1104 240  0.0079  0.0503 112.6024
1136 240 -0.0067  0.0237 121.5928
1168 240 -0.0207  0.0517 173.0544
 16 272 -0.0684 -0.1647 74.3941
 48 272 -0.0225 -0.0219 26.6198
 80 272 -0.2399 -0.1788 137.1928
112 272 -0.2132 -0.0951 254.4942
144 272 -0.0622 -0.0802 129.8601
176 272 -0.0192 -0.1853 189.1991
208 272 -0.0406 -0.2129 270.7090
240 272 -0.0813 -0.0520 64.2103
272 272 -0.0631 -0.0346 98.7094
304 272 -0.0097 -0.0268 122.4892
336 272 -0.0170 -0.0152 242.5202
368 272  0.0050  0.0051 155.6214
400 272  0.0049  0.0224 249.5377
432 272  0.0473  0.0424 169.1465
464 272  0.0267  0.0778 29.2934
496 272  0.0342 -0.0264 285.9604
528 272  0.0331  0.1487 220.5092
560 272  0.0304  0.0667 19.4685
592 272  0.0451  0.0787 204.1157
624 272  0.0538  0.0370 138.5079
656 272  0.0016  0.0320 195.7332
688 272  0.0162  0.0220 93.2866
720 272  0.0180  0.0111 84.3741
752 272  0.0241 -0.0070 123.0723
784 272  0.0169  0.0036 119.2137
816 272  0.0242 -0.0076 228.7392
848 272  0.0293 -0.0271 103.3118
880 272  0.0395 -0.0088 78.8164
912 272  0.0089  0.0065 73.4015
944 272  0.0301  0.0030 161.3604
976 272  0.0148  0.0796 199.2081
1008 272 -0.0014  0.0194 125.9497
1040 272 -0.0032  0.0708 89.9367
1072 272 -0.0091  0.0164 60.7467
1104 272 -0.0105  0.0887 108.2467
1136 272 -0.0297  0.0846 63.4927
1168 272 -0.0140  0.0101 53.1978
 16 304 -0.0946 -0.2688 88.0004
 48 304 -0.2682 -0.3154 56.2894
 80 304 -0.3640 -0.3163 149.1215
112 304 -0.0797 -0.1020 247.0379
144 304 -0.1684 -0.1193 142.1189
176 304 -0.0537 -0.1214 177.4383
208 304 -0.1134 -0.1367 267.9257
240 304 -0.0217 -0.1560 91.8550
272 304 -0.0065 -0.0417 91.3045
304 304 -0.0857 -0.0313 286.8669
336 304  0.0006 -0.0242 260.4463
368 304 -0.0089  0.0071 135.1770
400 304  0.0164 -0.0216 42.0284
432 304  0.0342  0.0300 61.0570
464 304 -0.0109  0.0570 186.3189
496 304  0.0285  0.1106 190.3264
528 304  0.0341  0.0492 95.0585
560 304  0.0156  0.0952 163.1097
592 304  0.0349  0.0602 145.4124
624 304  0.0127  0.0536 168.2672
656 304  0.0326  0.0270 128.0178
688 304 -0.0075 -0.0191 85.0386
720 304  0.0356  0.0191 137.6104
752 304  0.0644  0.0101 83.2587
784 304  0.0412  0.0016 139.3857
816 304  0.0309 -0.0181 119.9475
848 304 -0.0190 -0.0032 104.2074
880 304  0.0484  0.0148 134.9639
912 304  0.0395 -0.0049 85.9261
944 304  0.0225 -0.0028 117.8191
976 304  0.0287  0.0020 175.8855
1008 304 -0.0011  0.0283 55.5684
1040 304 -0.0014  0.0258 59.9715
1072 304 -0.0027  0.0453 114.9337
1104 304 -0.0352  0.0389 220.7080
1136 304 -0.0424  0.0603 89.5221
1168 304 -0.0414  0.0900 67.8564
 16 336 -0.1278 -0.1780 154.5302
 48 336 -0.0957 -0.1739 42.1802
 80 336 -0.2342 -0.1586 211.4469
112 336 -0.1639 -0.2158 153.7390
144 336 -0.1559 -0.1736 310.9122
176 336 -0.0826 -0.1659 253.7156
208 336 -0.1968 -0.2095 354.7231
240 336 -0.0932 -0.0626 133.3063
272 336 -0.0241 -0.0423 18.7709
304 336 -0.0576 -0.0523 236.4632
336 336 -0.0103 -0.0613 295.1742
368 336 -0.0241 -0.0003 145.5525
400 336  0.0065 -0.0139 58.9532
432 336  0.0202  0.0386 161.9769
464 336  0.0323 -0.0032 127.8445
496 336  0.1435  0.1150 49.8911
528 336  0.0417  0.0493 140.6316
560 336  0.0084 -0.0011 88.2784
592 336  0.0198  0.0107 246.9513
624 336  0.0218  0.0331 106.8287
656 336  0.0278  0.0496 126.9680
688 336  0.0282  0.0297 112.7058
720 336  0.0235 -0.0021 132.4022
752 336  0.0364 -0.0016 95.0762
784 336  0.0469  0.0115 157.4913
816 336  0.0506 -0.0059 101.6258
848 336  0.0843 -0.0212 104.3315
880 336  0.0325 -0.0064 112.9179
912 336  0.0225 -0.0022 108.0438
944 336  0.0257  0.0213 185.4159
976 336  0.0089  0.0068 101.4957
1008 336  0.0065  0.0198 93.7429
1040 336  0.0009  0.0086 89.4842
1072 336 -0.0281  0.0719 81.1298
1104 336 -0.0140  0.0989 204.9116
1136 336 -0.0228  0.0796 135.4002
1168 336 -0.0572  0.1050 67.7231
 16 368 -0.1121 -0.1008 26.7361
 48 368 -0.5219 -0.3292 33.0135
 80 368 -0.0822 -0.3666 165.0748
112 368 -0.4708 -0.1980 37.9494
144 368 -0.1177 -0.2309 60.6406
176 368 -0.0984 -0.1233 38.8372
208 368 -0.1431 -0.2373 104.9548
240 368 -0.1029 -0.2306 49.7752
272 368 -0.0442 -0.0739 100.1736
304 368 -0.0074 -0.0617 253.1275
336 368 -0.0373 -0.0417 256.9332
368 368  0.0063 -0.0285 271.0967
400 368  0.0173  0.0184 334.5235
432 368  0.0364  0.0270 212.5275
464 368  0.0112  0.0587 92.8110
496 368  0.0474  0.0568 317.6649
528 368  0.0367  0.0533 158.0063
560 368  0.0368  0.0746 37.9585
592 368  0.0904  0.0494 210.2256
624 368  0.0299  0.0624 175.2321
656 368  0.0011  0.0237 183.1343
688 368  0.0494  0.0021 85.4972
720 368  0.0520 -0.0137 158.5749
752 368  0.0423 -0.0068 85.0558
784 368  0.0522  0.0155 113.6147
816 368  0.0614 -0.0244 217.4008
848 368  0.0508 -0.0230 72.7088
880 368  0.0484  0.0044 122.8864
912 368  0.0268 -0.0002 123.2344
944 368 -0.0235 -0.0046 183.7964
976 368 -0.0196  0.0313 31.3318
1008 368  0.0024  0.0775 340.8061
1040 368 -0.0223  0.0614 198.8691
1072 368 -0.0193  0.0540 95.5053
1104 368 -0.0209  0.0548 120.6195
1136 368 -0.0553  0.0734 117.1723
1168 368 -0.0493  0.1093 112.1007
 16 400 -0.2019 -0.4524 147.4436
 48 400 -0.1802 -0.1970 34.2826
 80 400 -0.2872 -0.4439 156.3996
112 400 -0.3277 -0.3290 74.1530
144 400 -0.0619 -0.2637 27.7747
176 400 -0.2639 -0.4107 203.0704
208 400 -0.1519 -0.1243 205.1264
240 400 -0.0485 -0.1371 148.2941
272 400 -0.0238 -0.2003 369.6406
304 400 -0.0518 -0.0847 198.7664
336 400 -0.0422 -0.1368 262.7257
368 400 -0.0204 -0.0619 137.9797
400 400 -0.0048 -0.0752 62.6411
432 400  0.0044 -0.0011 254.5780
464 400  0.0269  0.0238 180.8888
496 400  0.0059  0.0156 34.2492
528 400  0.0300  0.0604 130.5990
560 400  0.0321  0.0288 177.1275
592 400  0.0488  0.0329 164.0712
624 400  0.0677  0.0337 139.0490
656 400  0.0350  0.0498 124.8867
688 400  0.0075  0.0003 146.5918
720 400  0.0616 -0.0299 93.6013
752 400  0.0473  0.0051 82.7195
784 400  0.0541 -0.0314 129.1255
816 400  0.0243 -0.0353 126.9976
848 400  0.0387 -0.0222 154.1494
880 400  0.0477 -0.0604 113.0579
912 400  0.0507 -0.0070 127.8471
944 400  0.0329 -0.0127 125.0467
976 400  0.0196  0.0442 62.0037
1008 400 -0.0256  0.1244 61.4668
1040 400 -0.0240 -0.0160 137.1275
1072 400 -0.0125  0.0603 112.2261
1104 400 -0.0672  0.0985 138.9155
1136 400  0.0003  0.0850 73.2470
1168 400 -0.0781  0.1297 161.4047
 16 432 -0.7871 -0.2891 121.8054
 48 432 -0.1682 -0.8125 165.6376
 80 432 -0.5982 -0.4197 221.0302
112 432 -0.1497 -0.2937 83.2458
144 432 -0.2749 -0.3487 362.2743
176 432 -0.2056 -0.2672 255.3755
208 432 -0.1991 -0.1180 140.4490
240 432 -0.2786 -0.3663 358.9205
272 432 -0.1334 -0.1780 169.5612
304 432 -0.0669 -0.1220 91.9556
336 432 -0.0691 -0.1145 165.3909
368 432 -0.0471 -0.1364 209.9242
400 432 -0.0279 -0.0049 153.9016
432 432 -0.0210  0.0124 71.5273
464 432  0.0045  0.0353 131.8070
496 432  0.0435  0.0146 118.6110
528 432  0.0671  0.0151 108.2069
560 432  0.0325  0.0518 120.5745
592 432  0.0615 -0.0026 109.3760
624 432  0.0465  0.0306 162.6237
656 432  0.0578  0.0119 75.3930
688 432  0.0432  0.0344 63.2241
720 432  0.0198 -0.0125 151.3773
752 432  0.0698 -0.0228 105.5036
784 432  0.0859 -0.0500 102.1762
816 432  0.0779 -0.0364 128.6687
848 432  0.0713 -0.0718 211.1933
880 432  0.0361 -0.0403 169.3508
912 432  0.0329 -0.0145 95.6340
944 432  0.0229  0.0131 68.7246
976 432 -0.0079  0.0360 86.0009
1008 432 -0.0115  0.0786 90.1991
1040 432 -0.0211  0.0654 162.6087
1072 432 -0.0184  0.0341 16.6494
1104 432 -0.0504  0.1268 184.5735
1136 432 -0.0465  0.1358 65.7091
1168 432 -0.0883  0.1132 192.1483
 16 464 -0.2805 -0.2846 29.6682
 48 464 -0.3748 -0.4052 175.7011
 80 464 -0.6487 -0.6835 158.7898
112 464 -0.5437 -0.2728 164.5873
144 464 -0.5804 -0.4372 114.9109
176 464 -0.2724 -0.4054 170.1231
208 464 -0.3004 -0.5695 117.9069
240 464 -0.4045 -0.3282 129.3148
272 464 -0.1609 -0.4381 249.3966
304 464 -0.0583 -0.2232 49.3563
336 464 -0.0440 -0.2129 167.2677
368 464 -0.0400 -0.0907 280.2849
400 464 -0.0553 -0.0500 68.5801
432 464 -0.0260 -0.0596 48.3243
464 464  0.0190 -0.0270 123.0780
496 464  0.0237  0.0293 15.7786
528 464 -0.0001  0.0387 125.6243
560 464  0.0309  0.0631 139.0199
592 464  0.0384 -0.0027 104.8328
624 464  0.0705  0.0216 81.1778
656 464  0.0219 -0.0104 291.6208
688 464  0.0377  0.0179 150.6209
720 464  0.0314 -0.0177 101.0111
752 464  0.0011 -0.0146 42.8055
784 464  0.0626 -0.0242 90.1282
816 464  0.0552 -0.0489 90.7818
848 464  0.0456 -0.0538 70.6989
880 464  0.0268 -0.0184 99.2241
912 464  0.0164  0.0365 186.6909
944 464  0.0262  0.0453 36.5924
976 464 -0.0206  0.0507 156.8904
1008 464  0.0043  0.0366 38.4577
1040 464 -0.0487  0.0720 189.7174
1072 464  0.0025  0.1476 108.7224
1104 464 -0.0055  0.1155 181.7862
1136 464 -0.0607  0.1158 85.1916
1168 464 -0.1069  0.1191 113.2696
 16 496 -0.3638 -0.1624 66.9600
 48 496 -0.2348 -0.1144 27.0252
 80 496 -0.2719 -0.3810 24.2803
112 496 -0.5817 -0.4248 145.1946
144 496 -0.3116 -0.1910 26.1128
176 496 -0.3166 -0.6569 119.7117
208 496 -0.3440 -0.4179 30.2810
240 496 -0.3703 -0.6107 82.7806
272 496 -0.0570 -0.1726 21.9847
304 496 -0.1254 -0.3581 110.3912
336 496 -0.0755 -0.1464 203.8227
368 496 -0.0622 -0.0774 43.1783
400 496 -0.0319 -0.0709 36.3480
432 496 -0.0092 -0.0396 190.7787
464 496  0.0377 -0.0368 252.4569
496 496  0.0163  0.0194 230.2017
528 496  0.0134  0.0335 165.1490
560 496  0.0362  0.0300 153.5913
592 496  0.0361  0.0211 36.6498
624 496  0.0971  0.0161 103.2326
656 496  0.0401  0.0017 98.7818
688 496  0.0502 -0.0082 94.7594
720 496  0.0922 -0.0431 51.0305
752 496  0.0658 -0.0439 108.8821
784 496  0.0664 -0.1170 122.1511
816 496  0.1205 -0.0525 98.8618
848 496  0.0546 -0.0746 45.5540
880 496  0.0245 -0.0151 172.5547
912 496  0.0196  0.0094 106.1904
944 496  0.0119  0.0085 158.7955
976 496 -0.0012  0.0822 81.9281
1008 496 -0.0773  0.0988 187.7297
1040 496 -0.0103  0.1618 60.5893
1072 496 -0.1043  0.0694 52.5329
1104 496 -0.1088  0.1331 92.5173
1136 496 -0.0721  0.0919 62.2528
1168 496 -0.0887  0.1089 110.1847
 16 528 -0.5876 -0.2985 38.0374
 48 528 -0.2360 -0.2628 125.5486
 80 528 -0.2082 -0.6385 29.8250
112 528 -0.7475 -0.1039 225.6668
144 528 -0.7546 -0.2671 212.8980
176 528 -0.6564 -0.7004 140.7929
208 528 -0.7119 -0.8444 179.3609
240 528 -0.1118 -0.2884 23.8090
272 528 -0.3019 -0.4442 83.2470
304 528 -0.0464 -0.1259 38.6488
336 528 -0.2488 -0.3390 308.8643
368 528 -0.0410 -0.2668 154.2985
400 528 -0.0551 -0.0857 217.1013
432 528 -0.0315 -0.0910 87.1706
464 528  0.0166 -0.0282 220.6653
496 528 -0.0203 -0.0107 51.3218
528 528  0.0213 -0.0028 111.6703
560 528  0.0692  0.0213 149.3529
592 528  0.0684 -0.0143 107.5062
624 528  0.0443 -0.0165 73.9516
656 528  0.0728 -0.0240 119.6712
688 528  0.0777 -0.0506 86.9917
720 528  0.0522 -0.0273 117.4445
752 528  0.1223 -0.0714 112.7004
784 528  0.0511 -0.0814 116.1021
816 528  0.0518 -0.0824 99.5002
848 528  0.0766 -0.0945 128.8828
880 528  0.0297  0.0032 168.1714
912 528  0.0063 -0.0088 100.6838
944 528 -0.0038  0.0368 116.8297
976 528 -0.0849  0.0452 210.1172
1008 528 -0.0882  0.0575 89.3680
1040 528 -0.1036  0.1164 95.5854
1072 528 -0.0909  0.0637 56.8257
1104 528 -0.1263  0.1388 94.2813
1136 528 -0.0791  0.1293 81.0747
1168 528 -0.1073  0.2197 111.8531
 16 560 -0.2054 -0.1732 33.1986
 48 560 -0.5226 -0.2124 55.3319
 80 560 -0.5315 -0.3352 103.5223
112 560 -0.8164 -0.8402 48.8219
144 560 -0.3967 -0.2243 42.3809
176 560 -0.3898 -0.6924 29.5088
208 560 -0.6364 -0.6524 125.1724
240 560 -0.3373 -0.7539 129.7570
272 560 -0.5707 -0.5492 29.2740
304 560 -0.4302 -0.6616 103.5360
336 560 -0.1059 -0.3643 251.4234
368 560 -0.1314 -0.3467 224.2991
400 560 -0.0220 -0.0399 15.4191
432 560 -0.0704 -0.0568 76.9549
464 560 -0.0369 -0.0099 228.3892
496 560  0.0092 -0.0168 42.6419
528 560  0.0363  0.0159 187.9514
560 560  0.0685 -0.0105 91.0039
592 560  0.0741 -0.0502 128.0691
624 560  0.0381 -0.0226 107.4369
656 560  0.1090 -0.0666 65.3525
688 560  0.1198 -0.0641 36.9487
720 560  0.1184 -0.0653 83.5924
752 560  0.0833 -0.0914 97.4191
784 560  0.0197 -0.1160 114.9322
816 560  0.0341 -0.1417 98.3273
848 560  0.0422 -0.1663 118.1963
880 560  0.0204 -0.0010 84.9646
912 560  0.0162 -0.0428 77.3135
944 560 -0.0635  0.0027 71.4350
976 560 -0.0448  0.0590 167.9803
1008 560 -0.0896  0.1144 147.7388
1040 560 -0.1271  0.2330 77.8891
1072 560 -0.1343  0.1714 138.5000
1104 560 -0.0888  0.1499 110.7087
1136 560 -0.1846  0.2350 102.8871
1168 560 -0.1686  0.1172 61.7393
 16 592 -0.2417 -0.3032 86.7824
 48 592 -0.1863 -0.0858 21.0646
 80 592 -0.3031 -0.4665 82.3684
112 592 -0.9258 -0.5999 98.2771
144 592 -0.8174 -0.5515 85.3877
176 592 -1.0315 -0.8554 137.9429
208 592 -0.4227 -0.8577 154.8551
240 592 -0.7087 -0.8886 247.6691
272 592 -0.3447 -0.4408 37.2735
304 592 -0.2539 -0.1482 32.9568
336 592 -0.4721 -0.4779 69.1577
368 592 -0.3424 -0.1990 129.4911
400 592 -0.3530 -0.1453 90.3817
432 592 -0.2771 -0.2357 220.3763
464 592 -0.1445 -0.1054 219.0762
496 592 -0.0544  0.0258 185.7889
528 592  0.0264 -0.0040 188.7635
560 592  0.0443 -0.0227 232.2653
592 592  0.0805 -0.0475 60.8266
624 592  0.1167 -0.1229 93.0558
656 592  0.1260 -0.0434 270.7780
688 592  0.1591 -0.1880 120.9227
720 592  0.2458 -0.2182 60.1671
752 592  0.1409 -0.2138 123.2011
784 592  0.0619 -0.2746 95.7830
816 592  0.0042 -0.1973 128.5586
848 592 -0.0193 -0.1322 198.6401
880 592 -0.0175 -0.0680 107.0602
912 592  0.0027 -0.0851 70.7983
944 592 -0.0102 -0.0017 123.3227
976 592 -0.1018  0.1086 63.9642
1008 592 -0.1478  0.1032 97.9592
1040 592 -0.0223  0.0986 69.4388
1072 592 -0.1484  0.1855 81.0654
1104 592 -0.2167  0.1786 156.7022
1136 592 -0.1769  0.1865 81.6686
1168 592 -0.1247  0.0500 71.0993
 16 624 -0.3940 -0.0871 26.8546
 48 624 -0.5807 -0.4075 39.7491
 80 624 -0.8672 -0.4059 30.0571
112 624 -1.1274 -0.6871 149.3252
144 624 -0.9128 -0.9219 253.7003
176 624 -1.3068 -0.9558 106.2559
208 624 -0.9587 -0.9360 152.0348
240 624 -0.8246 -0.9752 18.1788
272 624 -0.0868  0.0030 26.6150
304 624 -0.7508 -0.7998 232.7417
336 624 -0.7477 -0.6726 203.6589
368 624 -1.2930 -0.5971 97.5574
400 624 -0.4407 -0.1438 152.0242
432 624 -0.3413 -0.1533 206.3536
464 624 -0.3965 -0.1359 107.5934
496 624 -0.2876 -0.0871 147.0722
528 624 -0.0877 -0.2746 58.5592
560 624  0.0618 -0.1217 95.6511
592 624  0.1185 -0.0827 107.4662
624 624  0.1034 -0.1085 44.3468
656 624  0.1289 -0.2036 54.7295
688 624  0.1768 -0.3676 148.4679
720 624  0.0490 -0.4657 77.9889
752 624  0.2699 -0.3652 144.9933
784 624  0.0569 -0.5451 133.6518
816 624 -0.1273 -0.5432 157.8652
848 624 -0.0863 -0.4660 119.1040
880 624 -0.0402 -0.2614 88.3803
912 624 -0.0887 -0.0890 133.0660
944 624 -0.0841  0.0643 108.3329
976 624 -0.1249  0.0723 53.6467
1008 624 -0.1293  0.1198 169.3859
1040 624 -0.1143  0.1044 193.7326
1072 624 -0.2199  0.1584 249.9075
1104 624 -0.2091  0.1016 123.7492
1136 624 -0.1280  0.1283 92.1748
1168 624 -0.1821  0.1412 84.8432
 16 656 -0.7009 -0.4637 56.1998
 48 656 -0.3205 -0.1478 221.7063
 80 656 -0.3635 -0.1842 147.9348
112 656 -0.8872 -0.8486 40.5456
144 656 -0.3422 -0.1756 13.0017
176 656 -0.9275 -0.9690 184.8395
208 656 -0.9910 -0.9908 149.1185
240 656 -0.8866 -1.0188 41.2109
272 656 -1.0809 -0.9891 260.5743
304 656 -1.1092 -0.8654 22.3811
336 656 -0.5846 -0.3849 13.8482
368 656 -0.9670 -0.2906 40.1532
400 656 -1.5526 -0.3040 119.8687
432 656 -1.2586 -0.1473 164.6856
464 656 -0.7481 -0.1801 185.8796
496 656 -0.5238 -0.3284 114.1381
528 656 -0.0724 -0.1213 14.5969
560 656 -0.0417 -0.2397 37.4774
592 656  0.0649 -0.0478 215.8524
624 656  0.0640 -0.1723 94.6208
656 656  0.2552 -0.3872 168.0979
688 656  0.1987 -0.7901 33.5357
720 656  0.3284 -1.0350 115.6725
752 656  0.1911 -0.9459 64.1943
784 656  0.0757 -1.1287 101.5980
816 656  0.0464 -1.1461 92.8931
848 656  0.0024 -1.1101 227.4183
880 656 -0.0247 -0.6252 100.6791
912 656  0.1832 -0.2935 94.3573
944 656 -0.0274 -0.0253 72.8448
976 656 -0.0035  0.0155 154.9544
1008 656 -0.1660  0.0906 79.3896
1040 656 -0.2253  0.1186 108.2742
1072 656 -0.2600  0.1256 74.9181
1104 656 -0.1924  0.0714 121.9342
1136 656 -0.1436  0.0548 120.1310
1168 656 -0.3278  0.1367 91.6115
 16 688 -0.1216 -0.1483 28.8495
 48 688 -0.1793 -0.1785 191.0301
 80 688 -0.5415 -0.2593 172.0698
112 688 -0.2348 -0.1003 39.7530
144 688 -0.2163 -0.1684 64.0335
176 688 -0.9689 -1.0737 207.8978
208 688 -1.0448 -0.5684 212.5398
240 688 -1.4029 -0.8958 43.9511
272 688 -1.2174 -1.0920 214.0794
304 688 -1.3345 -0.8249 71.2816
336 688 -0.7469 -0.4921 19.3859
368 688 -1.2820 -0.1446 151.2299
400 688 -1.2823 -0.2743 37.7440
432 688 -1.6170 -0.0095 25.5151
464 688 -1.6628 -0.2676 79.1775
496 688 -1.1277 -0.4956 104.4697
528 688 -0.2335 -0.3997 186.3557
560 688 -0.1305 -0.3041 40.9263
592 688 -0.0002 -0.3067 132.1828
624 688  0.0056 -0.2624 116.3881
656 688 -0.0175 -0.4708 97.0095
688 688  0.0207 -0.8520 23.6501
720 688 -0.7341  0.3861  8.0876
752 688 -0.2411  0.1076 20.4474
784 688 -0.3015  0.0664 15.9150
816 688  0.0132 -0.3127 103.2561
848 688  0.2474 -0.4189 38.6653
880 688  0.1760 -0.6559 33.9475
912 688  0.2233 -0.8202 52.8930
944 688 -0.0427 -0.1243 152.8181
976 688 -0.0128 -0.1238 248.3835
1008 688 -0.1328  0.0510 122.8538
1040 688 -0.2108  0.0578 146.3986
1072 688 -0.2743  0.0454 103.0191
1104 688 -0.3680  0.1106 183.2645
1136 688 -0.1400  0.0688 181.4472
1168 688 -0.2623  0.0638 212.9895
 16 720 -0.2383 -0.0301 44.2491
 48 720 -0.0966 -0.0533 66.7693
 80 720 -0.3361 -0.1871 280.6333
112 720 -0.1634 -0.1907 108.3911
144 720 -0.1726 -0.2126 262.7228
176 720 -0.7788 -0.2990 109.6138
208 720 -1.0426 -0.6556 122.9210
240 720 -1.0319 -1.0038 215.6976
272 720 -0.2514 -0.3225 17.8961
304 720 -0.1559 -0.3776 115.0029
336 720 -0.2654 -0.3347 84.3780
368 720 -0.6712  0.2600 79.3778
400 720 -1.1584  0.5687 41.9972
432 720 -1.0102  0.2804 44.6111
464 720 -0.5717  0.0041 13.0152
496 720 -0.7102 -0.0698 13.4820
528 720 -0.4445 -0.3993 163.9368
560 720 -0.3139 -0.7645 200.1775
592 720 -0.0545 -0.3811 47.3413
624 720 -0.1349 -0.0302 20.1350
656 720 -0.3227  0.1319 10.3142
688 720 -0.0819  0.2356 20.9907
752 720 -0.2068  0.2861  9.2015
784 720 -0.5777 -0.0556 10.1379
816 720  0.2410  0.0952 17.8985
848 720  0.2417  0.4974  8.3207
880 720 -0.0338  0.0655  8.8266
912 720  0.3690 -0.8663 108.7497
944 720  0.1150 -0.1967 81.2758
976 720 -0.0000 -0.1037 131.0590
1008 720 -0.1300  0.0327 50.4729
1040 720 -0.2367 -0.0201 188.3747
1072 720 -0.2259  0.0601 105.6576
1104 720 -0.2674  0.0046 109.8592
1136 720 -0.2478  0.1551 81.1333
1168 720 -0.1603  0.1570 18.7719
 16 752 -0.0069 -0.0110 39.0398
 48 752 -0.0136 -0.0382 254.9220
 80 752 -0.0509 -0.0642 239.6769
112 752 -0.2055 -0.1248 189.7513
144 752 -0.1967 -0.1280 273.2174
176 752 -0.2009 -0.3023 223.3125
208 752 -0.8268 -0.8390 45.9853
240 752 -0.8996 -0.9737 234.0589
272 752 -0.3782 -0.3704 60.8066
304 752 -0.4903 -0.1029 45.7787
336 752 -0.7689  0.0086 155.5493
368 752 -0.7764 -0.3221 98.8605
400 752 -0.5539 -0.4314 91.1834
432 752  0.1249  0.0914 117.7356
464 752  0.1499 -0.1703 21.4716
496 752  0.2970 -0.2086  9.7352
528 752  0.4825 -0.3282 16.3433
560 752 -0.2186 -0.6428 72.7517
592 752 -0.0955 -0.3893 141.7188
624 752 -0.0525 -0.1070 23.9726
656 752 -0.4061  0.0329  8.9099
688 752 -0.3864  0.2640 18.0445
720 752 -0.2645  0.6422  5.0708
752 752  0.2179  0.3250  8.7562
784 752  0.0974  0.2332  8.2617
816 752 -0.1887  0.3245 11.1362
848 752 -0.0344  0.3415 12.7066
880 752 -0.3487 -0.1485 10.4853
912 752 -0.3421 -0.1900 55.0205
944 752 -0.0642 -0.1238 32.8133
976 752 -0.0632 -0.2154 66.4078
1008 752 -0.0472 -0.1026 147.6548
1040 752 -0.1500  0.0280 133.9513
1072 752 -0.1654 -0.0162 51.9395
1104 752 -0.2410  0.1262 78.4836
1136 752 -0.1775  0.0645 63.3650
1168 752 -0.2894  0.1637 48.6801
 16 784  0.0359 -0.0297 22.3452
 48 784  0.0589 -0.0206 95.6294
 80 784 -0.0078 -0.0996 96.4426
112 784 -0.0134 -0.0963 122.6166
144 784 -0.0693 -0.1105 73.3919
176 784 -0.0323 -0.1947 85.5839
208 784 -0.0869 -0.4248 195.6162
240 784 -0.3312 -0.8360 167.0627
272 784 -0.5217 -0.8347 172.1186
304 784 -0.0825 -0.1728 194.6424
336 784 -0.1047  0.1636 175.0221
368 784  0.4020  0.5587 133.2621
400 784  0.4724  0.3752 16.8922
432 784  0.1198  0.2985 26.5598
464 784  0.1634 -0.0581 12.7173
496 784 -0.1502 -0.1520 13.7543
528 784 -0.1727 -0.2099  7.1641
560 784  0.0206 -0.2117 35.3482
592 784 -0.0833 -0.6781 77.0733
624 784 -0.0557  0.0251 13.6751
656 784 -0.1255  0.1538 13.1491
688 784 -0.1064  0.0723 11.4871
720 784 -0.0249  0.1358 11.8225
752 784  0.1054  0.2833  9.8705
784 784 -0.2825  0.0626  8.0321
816 784  0.1372  0.2520 11.0679
848 784 -0.2728  0.0769  9.9210
880 784 -0.3286 -0.1658 10.4000
912 784 -0.0175 -0.0503 15.5866
944 784  0.0450  0.1794  6.4138
976 784 -0.4036  0.2250  9.2647
1008 784 -0.7132  0.0682 105.9257
1040 784 -0.0841 -0.0555 32.1884
1072 784 -0.1791 -0.0113 136.8323
1104 784 -0.2668  0.0206 166.1174
1136 784 -0.2434  0.0198 64.2039
1168 784 -0.2344 -0.0990 95.1939
 16 816  0.0061  0.0166 21.5591
 48 816  0.1512 -0.1871 69.0448
 80 816  0.0948 -0.0526 27.6780
112 816  0.1262 -0.0421 77.0202
144 816  0.0180 -0.1047 167.8049
176 816  0.0226 -0.1256 39.7643
208 816  0.0137 -0.3053 225.5014
240 816  0.0064 -0.1588 238.0978
272 816 -0.0290 -0.0917 104.2124
304 816 -0.0015 -0.1083 75.5457
336 816  0.0314 -0.1945 121.4558
368 816 -0.0158 -0.2502 223.7178
400 816  0.0133  0.0456  9.3278
432 816  0.0834  0.0548 13.4497
464 816  0.0497 -0.0432 11.1004
496 816  0.2550 -0.3768 12.5330
528 816  0.8141  0.0495  7.1307
560 816  0.3054 -0.1160 74.0282
592 816 -0.0086 -0.1074 140.7630
624 816 -0.0507  0.0105 54.4797
656 816 -0.0684  0.0194 12.1897
688 816 -0.0746  0.0775 12.2148
720 816 -0.0600  0.0660 11.3359
752 816 -0.2397  0.1099 10.8628
784 816  0.0713  0.0322 10.7621
816 816 -0.1292 -0.0024 10.8279
848 816 -0.1935 -0.0017 10.2502
880 816 -0.0581  0.1802 12.7865
912 816 -0.1428  0.1523  5.2064
976 816 -0.3881  0.1693  5.4495
1008 816 -0.0867 -0.1491 16.2916
1040 816 -0.1591 -0.1697 152.2908
1072 816 -0.1852 -0.1287 66.1656
1104 816 -0.3479 -0.1034 73.2885
1136 816 -0.4650  0.0246 108.6457
1168 816 -0.2245 -0.0262 105.2345
 16 848  0.0510 -0.0073 63.6618
 48 848  0.0177  0.0181 101.3477
 80 848  0.2945 -0.0375 37.2571
112 848  0.0747 -0.0250 56.9172
144 848  0.1098 -0.0485 167.7034
176 848  0.0934 -0.1777 28.6080
208 848  0.1669 -0.3741 41.0653
240 848  0.3891 -0.4772 189.1823
272 848  0.4160 -0.2404 19.9006
304 848  0.4418 -0.0839 32.1898
336 848 -0.0013  0.0168 15.7355
368 848  0.0921 -0.1825 28.5187
400 848  0.0196 -0.0891 15.4214
432 848 -0.0099  0.0137 18.6614
464 848  0.0054  0.0493  7.8515
496 848  0.1051  0.0577 14.2677
528 848  0.0994  0.0586  7.8876
560 848  0.0202  0.0749 66.6245
592 848  0.0018  0.0346 132.7444
624 848 -0.0517  0.0751 51.7973
656 848 -0.0408  0.0260 94.9582
688 848 -0.0224  0.0106 16.1378
720 848 -0.0063  0.0068 10.3230
752 848 -0.0346  0.1886 10.1130
784 848  0.0149 -0.0064 10.7311
816 848 -0.0561  0.0176 14.1227
848 848 -0.1142  0.0055 12.0785
880 848 -0.0572 -0.0185 18.5223
912 848 -0.1141  0.1046  4.9198
944 848 -0.0476  0.1468  4.8261
976 848 -0.0404  0.0663 17.6317
1008 848  0.0582 -0.1189 40.4577
1040 848 -0.0019 -0.1897 76.2066
1072 848 -0.2192 -0.2238 198.7854
1104 848 -0.2526 -0.0852 105.7689
1136 848 -0.3308 -0.0418 234.1539
1168 848 -0.1424 -0.1148 112.6475
 16 880  0.0164  0.0044 16.1364
 48 880  0.0879 -0.0160 32.2212
 80 880  0.4267 -0.0032 215.1550
112 880  0.0308 -0.0657 106.5336
144 880  0.1076 -0.0781 249.7300
176 880  0.4484 -0.2622 262.0455
208 880  0.3783 -0.2551 132.0123
240 880  0.8903 -1.0780 19.7503
272 880  0.7897 -0.8055 161.1961
304 880  0.3252 -0.2718 44.6454
336 880  0.2265 -0.2513 45.9812
368 880  0.2720 -0.2917 40.4318
400 880  0.1696 -0.1270 17.5706
432 880  0.0440  0.0143 14.6487
464 880  0.0072  0.0374 14.2374
496 880  0.1065  0.0473  5.7494
528 880 -0.0125  0.0075 14.4877
560 880 -0.0108  0.0951 19.3365
592 880 -0.0218  0.0884 56.6691
624 880 -0.0363  0.0415 112.4799
656 880 -0.0916  0.0247 114.3165
688 880 -0.1214  0.1602 23.5567
720 880 -0.0021  0.0108 16.0737
752 880 -0.0983  0.0471 13.7026
784 880 -0.0276  0.0266  9.2904
816 880 -0.0313  0.1111  7.9803
848 880  0.0636  0.0256  8.7339
880 880 -0.0936 -0.0421  8.1314
912 880 -0.0401  0.0407 12.7392
944 880  0.0432  0.0222 38.6663
976 880  0.2013 -0.4566 45.3915
1008 880  0.0763 -0.5179 83.9580
1040 880 -0.0829  0.0207 27.5851
1072 880 -0.0338 -0.2039 34.6028
1104 880 -0.1054 -0.1461 141.7757
1136 880 -0.2354 -0.1929 116.2491
1168 880 -0.1624  0.0078 160.0995
 16 912  0.0797 -0.0026 193.6916
 48 912  0.0316  0.0156 14.1059
 80 912  0.3320 -0.0650 94.0592
112 912  0.1871 -0.0570 150.2696
144 912  0.0371 -0.0961 17.9721
176 912  0.3940 -0.1371 169.0425
208 912  0.2256 -0.1234 31.6422
240 912  0.8201 -0.8096 150.1393
272 912  0.9416 -0.7395 135.0081
304 912  1.2547 -1.2815 40.5210
336 912  0.4634 -0.4127 61.5197
368 912  0.0383  0.0928 19.3308
400 912  0.0877  0.1625  9.5158
432 912 -0.0435  0.3580 12.4506
464 912  0.0674  0.1038  6.9129
528 912  0.1114 -0.0303  4.8204
560 912 -0.0410  0.0301 12.1955
592 912 -0.0139  0.0254 23.8663
624 912 -0.0272  0.1278 46.7934
656 912 -0.0618  0.1270 106.0792
688 912 -0.1653  0.1602 65.6570
720 912  0.0101  0.0114 11.7022
752 912 -0.1038 -0.0099  8.6941
784 912 -0.0552  0.0149 12.8951
816 912 -0.0667  0.0651  7.5472
880 912 -0.0587 -0.0144  6.2905
912 912 -0.0265  0.0550  8.1793
944 912 -0.0400  0.0507  9.0608
976 912  0.1399  0.2596  8.8203
1008 912 -0.2428  0.7079 14.0184
1040 912  0.0073  0.1920 79.0650
1072 912  0.1030 -0.2411 70.6625
1104 912 -0.0280 -0.1275 188.7957
1136 912 -0.1564 -0.1662 122.1601
1168 912 -0.2170 -0.0891 89.7277
 16 944  0.0399  0.0030 14.8409
 48 944  0.0371 -0.0540 79.1774
 80 944  0.1067 -0.0481 142.3298
112 944  0.0978 -0.0274 293.1115
144 944  0.2400 -0.1697 141.5980
176 944  0.3789 -0.1113 221.0438
208 944  0.3300 -0.3241 188.4177
240 944  0.5862 -0.9563 45.5625
272 944  0.7903 -1.0192 39.1944
304 944  0.4634 -0.6124 13.6134
336 944  0.3236 -0.6432 14.1751
368 944  0.0262  0.0825 21.4815
400 944 -0.0080  0.3290  8.1067
432 944  0.1142  0.1317 12.5959
464 944  0.1524  0.0628  4.4515
496 944 -0.0020  0.0258  8.1506
528 944 -0.0220  0.0220  4.6705
592 944 -0.0295  0.0369  5.8959
624 944 -0.0131  0.0200 23.8886
656 944 -0.0071  0.0883 33.9205
688 944 -0.0888  0.1305 87.8051
720 944  0.0489  0.0188  7.0171
752 944 -0.0793  0.0262  5.9064
784 944 -0.0012 -0.0025  4.5833
816 944 -0.0779  0.0733  4.9135
848 944  0.0281 -0.0513  7.6381
880 944 -0.0502  0.0217  6.0901
912 944 -0.0591  0.0331  8.3953
944 944 -0.0236  0.0737 11.5930
976 944 -0.1079  0.1847  7.0400
1008 944 -0.2943  0.8747  5.7881
1040 944 -0.0381  0.2481  8.2038
1072 944  0.1349 -0.2030 44.2653
1104 944 -0.0081 -0.1210 60.5696
1136 944 -0.1203 -0.1335 47.0764
1168 944 -0.2066 -0.0785 108.5520
 16 976  0.0775 -0.0318 26.1849
 48 976  0.1445 -0.0100 57.3565
 80 976  0.0637 -0.0123 57.1938
112 976  0.1156 -0.1356 307.5218
144 976  0.3383  0.0092 215.3588
176 976  0.6119 -0.0707 130.2352
208 976  0.4664 -0.5324 128.2062
240 976  0.0238 -0.1517 13.7372
272 976  0.2812 -0.8310 29.8348
304 976  0.2820 -0.2949 40.6554
336 976 -0.0039  0.2193 13.6975
368 976  0.0144  0.1238  9.5869
400 976  0.1407  0.4261  6.9250
432 976  0.2755  0.3967  5.0204
464 976  0.0924  0.0834 27.9855
496 976  0.0925 -0.1284 22.2298
528 976  0.0057 -0.0090 32.2256
560 976 -0.0025 -0.0119  6.7441
592 976 -0.0660  0.0001  7.2712
624 976  0.0147 -0.0345  7.4468
656 976  0.0063 -0.0047  7.6913
688 976 -0.0108  0.0479 10.5886
720 976  0.0242  0.0380  4.6772
784 976 -0.0282 -0.0168  4.2935
816 976 -0.0249 -0.0031 12.4438
848 976 -0.0221  0.0113 23.1221
880 976 -0.2369  0.0317  6.5172
912 976 -0.0283  0.0425 10.4659
944 976 -0.0866  0.2143  8.1650
976 976 -0.1102  0.1380 12.1578
1008 976 -0.3295  0.3650 14.3152
1040 976 -0.5947  0.4787 19.8663
1072 976  0.1019 -0.0101 40.5804
1104 976 -0.1190 -0.0986 168.8375
1136 976 -0.0711 -0.0974 116.7261
1168 976 -0.1249 -0.1560 91.2731
 16 1008  0.0599 -0.0458 20.8246
 48 1008  0.0376 -0.0287 184.7332
 80 1008  0.2478 -0.0101 50.6419
112 1008  0.2688 -0.0957 42.7463
144 1008  0.1158 -0.2073 263.6496
176 1008  0.1341 -0.2548 220.1747
208 1008  0.3177 -0.2580 162.7645
240 1008  0.1982 -0.2621 60.2992
272 1008  0.1215 -0.5321 55.4213
304 1008 -0.2160 -0.6392 22.0975
336 1008  0.0753 -0.0949 16.5171
368 1008  0.0502  0.3863  9.4076
400 1008  0.1874  0.2172 12.9826
432 1008  0.1854  0.1763 93.4475
464 1008  0.3419  0.0204 19.8537
496 1008  0.0299 -0.0150 25.1305
528 1008  0.0172 -0.0066 15.1730
560 1008 -0.0343  0.0016  8.2949
592 1008  0.1398 -0.1512  6.2479
624 1008 -0.0655 -0.0646  8.4744
656 1008  0.0446 -0.0153  7.8127
752 1008  0.0045 -0.0038  4.0635
784 1008 -0.0177 -0.0191  6.3055
816 1008 -0.0100 -0.0039 23.9531
848 1008 -0.1162  0.0509 52.5165
880 1008 -0.0114  0.0194 17.0564
912 1008 -0.1590  0.1243  8.7837
944 1008 -0.0360  0.0534 11.5880
976 1008 -0.1339  0.1879  8.6450
1008 1008  0.0479  0.1385 10.0363
1040 1008 -0.0111  0.1916 22.3903
1072 1008  0.0394  0.0541 63.2795
1104 1008 -0.0645 -0.1062 176.3843
1136 1008 -0.0824 -0.1404 35.8866
1168 1008 -0.0508 -0.0908 104.9405
 16 1040  0.1252  0.0057 28.8638
 48 1040  0.2311 -0.0654 93.0318
 80 1040  0.1713 -0.0550 169.5922
112 1040  0.2125 -0.0622 166.2390
144 1040  0.0926 -0.0306 150.0907
176 1040  0.1679 -0.3172 68.0783
208 1040  0.0951 -0.1642 318.0711
240 1040  0.1450 -0.2898 33.4267
272 1040  0.0291 -0.2833 64.4546
304 1040 -0.0457 -0.4873 88.9126
336 1040 -0.2747 -0.2775 113.0296
368 1040 -0.0999 -0.0223 22.4931
400 1040  0.0126  0.0897 57.4623
432 1040  0.0968  0.0963 22.9097
464 1040  0.0421  0.0254 55.6348
496 1040  0.2203 -0.0503 27.7902
528 1040  0.0390 -0.0895 19.2195
560 1040 -0.0073  0.0163 12.8079
592 1040  0.0365 -0.0008 22.1583
624 1040 -0.0018 -0.0013 13.5279
656 1040  0.0470 -0.0147 10.7969
752 1040 -0.0242 -0.0095  5.5281
784 1040 -0.0115 -0.0151 15.9715
816 1040 -0.0262  0.0069 27.8505
848 1040 -0.0598  0.0503 42.3550
880 1040 -0.0374  0.0298 12.4338
912 1040 -0.0495  0.0333 29.7481
944 1040 -0.0386  0.0215 22.4135
976 1040 -0.0583  0.0647 27.9448
1008 1040 -0.0634  0.0763 25.7089
1040 1040 -0.0123  0.0485 51.9388
1072 1040  0.0139  0.0290 78.9327
1104 1040 -0.0213 -0.0461 58.0704
1136 1040 -0.0758 -0.0538 29.6414
1168 1040 -0.1000 -0.0988 73.6763
 16 1072  0.2979 -0.0480 59.6710
 48 1072  0.1432 -0.0018 148.4312
 80 1072  0.1490 -0.0245 267.3642
112 1072  0.0192 -0.0682 327.2319
144 1072  0.1876 -0.1035 36.3367
176 1072  0.2013 -0.0324 225.0753
208 1072  0.1129 -0.0078 21.4439
240 1072  0.0037 -0.1968 20.6619
272 1072  0.0128 -0.3239 102.4885
304 1072  0.0148 -0.2296 26.4080
336 1072 -0.0653 -0.1106 178.9930
368 1072 -0.0518 -0.0338 164.0773
400 1072  0.0015 -0.0033 26.3367
432 1072  0.0913  0.0187 71.0371
464 1072  0.0692 -0.0462 21.1549
496 1072  0.0981 -0.0111 20.3308
528 1072  0.0551 -0.2169 64.3843
560 1072 -0.0033 -0.1291 15.1041
592 1072  0.0586  0.0733  9.1193
624 1072  0.0127 -0.0069 12.8114
656 1072  0.0332 -0.0221 24.0623
688 1072 -0.0056 -0.0042  4.2718
752 1072 -0.0094  0.0178  4.2227
784 1072 -0.0309  0.0406  7.2217
816 1072 -0.0112  0.0205 11.9608
848 1072 -0.0194  0.0018 26.8923
880 1072  0.0647 -0.0084 20.5166
912 1072 -0.0538 -0.0101 21.1899
944 1072  0.0383  0.0138 59.7092
976 1072 -0.0368  0.0353 16.8812
1008 1072  0.0056  0.0453 35.5517
1040 1072  0.0228  0.0369 126.3087
1072 1072  0.0053  0.0291 17.8365
1104 1072 -0.0524 -0.0293 180.9402
1136 1072  0.0041 -0.0147 16.6743
1168 1072 -0.1486 -0.0628 59.1057
 16 1104  0.1761 -0.0440 22.6079
 48 1104  0.0152 -0.0196 410.9315
 80 1104  0.0805 -0.0102 52.5439
112 1104  0.1199 -0.1096 133.9218
144 1104  0.0333 -0.0253 109.0696
176 1104  0.0841 -0.1264 132.8845
208 1104  0.0268 -0.2495 53.3696
240 1104  0.1266 -0.3165 92.8249
272 1104  0.1047 -0.1600 75.6598
304 1104  0.0229 -0.1271 70.3263
336 1104  0.0262 -0.0983 226.4075
368 1104  0.0905 -0.1207 114.3743
400 1104  0.0294 -0.0430 245.8250
432 1104  0.1531 -0.0494 55.5819
464 1104  0.0839 -0.0407 60.6232
496 1104  0.0267 -0.0283 12.4768
528 1104  0.0291 -0.0130 14.9978
560 1104 -0.0120 -0.0303 12.6413
592 1104  0.0022 -0.0358 24.1002
624 1104 -0.0067 -0.0071 17.5046
656 1104  0.0187  0.0343 20.7852
688 1104  0.0914 -0.1135  6.9292
848 1104  0.0026  0.0081  5.0183
880 1104 -0.0501  0.0575  6.4153
912 1104  0.0068  0.0117 12.4646
944 1104 -0.0079  0.0260 15.3350
976 1104 -0.0041  0.0154  9.4957
1008 1104  0.0061  0.0100 20.4773
1040 1104 -0.0099  0.0063 28.2439
1072 1104  0.0356 -0.0056 19.4277
1104 1104 -0.0103  0.0217 19.9593
1136 1104 -0.0045  0.0165 16.8844
1168 1104 -0.0122 -0.0373 21.8686
 16 1136  0.0071  0.0186 15.1634
 48 1136  0.1082 -0.0465 95.7564
 80 1136  0.0656 -0.0158 132.8611
112 1136  0.1285 -0.0262 16.6781
144 1136  0.1263 -0.0650 70.3518
176 1136  0.0929 -0.0680 185.5255
208 1136  0.0746 -0.0729 113.6628
240 1136  0.0984 -0.0850 121.2859
272 1136  0.0121 -0.1170 165.0817
304 1136  0.1223 -0.1055 61.9141
336 1136  0.0873 -0.0843 46.2243
368 1136  0.0732 -0.0710 210.5075
400 1136  0.0304 -0.0610 114.4214
432 1136  0.1893 -0.0390 165.6743
464 1136  0.0635 -0.0347 25.9329
496 1136  0.1783 -0.0734 19.5743
528 1136  0.0205 -0.0239 17.3827
560 1136 -0.0144 -0.0319 16.0574
592 1136  0.0105 -0.0225 11.5774
624 1136 -0.0453  0.0152 31.0908
656 1136 -0.1359 -0.0062 35.1869
688 1136 -0.0176 -0.0003 14.9740
720 1136  0.0132 -0.0678 11.4419
752 1136  0.0815 -0.1150  7.0774
784 1136 -0.0877 -0.1334  6.3197
816 1136 -0.0164 -0.0551 11.6658
848 1136  0.0368 -0.0536 10.9130
880 1136  0.0618 -0.1434  4.4504
944 1136 -0.0338  0.0000  4.0716
976 1136 -0.0151  0.0231  4.3519
1008 1136  0.0048  0.0057  5.1662
1040 1136 -0.0135  0.0214  4.7225
1072 1136  0.0150  0.0317  5.3607
1104 1136  0.0079  0.0038  7.8964
1136 1136 -0.0044  0.0092  9.6687
1168 1136 -0.0165  0.0021 18.1578
 16 1168  0.0394 -0.0222 21.3318
 48 1168  0.0538 -0.0142 18.6816
 80 1168  0.0541 -0.0451 38.4642
112 1168  0.1001 -0.0212 55.4081
144 1168  0.0543 -0.0306 153.3798
176 1168  0.0258 -0.0738 105.3757
208 1168  0.0363 -0.1027 240.9142
240 1168  0.0204 -0.3255 86.5569
272 1168  0.0535 -0.1778 104.6533
304 1168  0.0450 -0.0525 108.4024
336 1168  0.0489 -0.1273 197.1925
368 1168  0.0620 -0.1219 159.8084
400 1168  0.1779 -0.1181 60.4979
432 1168  0.2723 -0.0490 70.4991
464 1168  0.0733 -0.0635 211.9958
496 1168 -0.0181 -0.0177 15.7311
528 1168  0.0298 -0.0493 20.5812
560 1168  0.0241 -0.0003 11.5597
592 1168  0.0123  0.0070 13.8387
624 1168 -0.0254  0.0382 12.9947
656 1168 -0.0146  0.0393 14.7453
688 1168 -0.0194 -0.0266 19.2635
720 1168 -0.0115 -0.0015 11.9941
752 1168 -0.0166  0.0195 14.8934
784 1168  0.0300  0.0236 11.4844
816 1168  0.0640 -0.0099 12.7713
848 1168 -0.0068  0.0003 13.8168
880 1168  0.0183 -0.0173 13.7736
912 1168  0.0194 -0.0167 11.7514
944 1168 -0.0029 -0.0574  5.9917
976 1168  0.0244  0.0247  4.7002
1104 1168 -0.0068  0.0000  4.1796
1136 1168  0.0022  0.0367  4.5653
1168 1168  0.0322  0.0125  4.6609
 16 1200  0.0678  0.0409 27.6327
 48 1200  0.0667 -0.0213 33.0760
 80 1200  0.0288  0.0006 18.4239
112 1200 -0.0041 -0.0111 24.2961
144 1200  0.0613 -0.0347 251.4254
176 1200  0.1358  0.0168 73.9202
208 1200  0.0339 -0.0339 206.1573
240 1200  0.0841 -0.1419 49.1560
272 1200  0.0321 -0.0538 177.0658
304 1200  0.0094 -0.0286 63.1519
336 1200  0.0375 -0.0873 159.7261
368 1200  0.0934 -0.2330 95.8961
400 1200  0.1308 -0.1359 315.5677
432 1200  0.0365 -0.0436 21.4861
464 1200 -0.0169 -0.0475 15.5117
496 1200  0.0165  0.0147 20.6714
528 1200 -0.0097 -0.0094 13.0041
560 1200 -0.0066 -0.0202 12.7819
592 1200  0.0139 -0.0398 15.0454
624 1200 -0.0260  0.0393 46.7865
656 1200  0.0352  0.1141 43.6527
688 1200  0.0517  0.0633 12.6379
720 1200  0.0151  0.0323 18.7729
752 1200 -0.0040 -0.0001 16.1148
784 1200  0.0422  0.0222 11.0687
816 1200  0.0200 -0.0261 12.0272
848 1200 -0.0028 -0.0168 11.5366
880 1200  0.0112  0.0062 12.2157
912 1200 -0.0092 -0.0119 14.4805
944 1200 -0.0101 -0.0189 14.6096
976 1200  0.0343  0.0009 14.7941
1008 1200 -0.0051  0.0244 12.1073
1040 1200 -0.0030 -0.0348  7.8015
1072 1200  0.0292 -0.0907  5.9959
1104 1200 -0.0213  0.0059  4.9149
1136 1200  0.0146 -0.0103  4.4221
1168 1200  0.0154 -0.0900  4.2814
 16 1232  0.0971 -0.0127 92.8907
 48 1232  0.0221 -0.0011 33.0858
 80 1232  0.0688 -0.0464 157.5840
112 1232  0.0678 -0.0507 105.2247
144 1232  0.0962 -0.0254 52.3756
176 1232  0.1048 -0.0833 172.4287
208 1232  0.0133 -0.0394 130.0451
240 1232  0.0217 -0.0745 65.2967
272 1232  0.0118 -0.0687 302.3988
304 1232  0.0459 -0.0319 80.5132
336 1232  0.0555 -0.1570 165.2621
368 1232  0.0262 -0.1086 162.6633
400 1232  0.0764 -0.0908 148.2582
432 1232  0.0276 -0.0631 323.2386
464 1232  0.0252 -0.0167 34.6907
496 1232 -0.0245 -0.0127 17.4841
528 1232 -0.0076 -0.0036 11.0035
560 1232 -0.0039 -0.0409 14.7662
592 1232 -0.0166  0.0199 15.8972
624 1232 -0.0217 -0.0127 11.9830
656 1232 -0.0299  0.0061 12.1875
688 1232  0.0373 -0.0295 10.3747
720 1232  0.0216  0.0043 12.2995
752 1232 -0.0088  0.0062 18.8708
784 1232  0.0709 -0.0367 13.6766
816 1232  0.0073  0.0174 21.3840
848 1232 -0.0531 -0.0025 10.4263
880 1232  0.0647  0.0203  9.9101
912 1232 -0.0538 -0.0036 14.2074
944 1232  0.0347 -0.0267 12.6077
976 1232 -0.0525  0.0044 10.9126
1008 1232 -0.0265  0.0025 14.0150
1040 1232 -0.0091 -0.0060 14.0423
1072 1232 -0.0228  0.0014 11.9083
1104 1232  0.0207 -0.0089 12.4380
1136 1232  0.0277 -0.0089 11.3418
1168 1232 -0.0202  0.0088 12.8136
 16 1264  0.0156 -0.0277 33.3568
 48 1264  0.0495 -0.0280 24.1512
 80 1264  0.0545 -0.0020 221.6441
112 1264  0.0397 -0.0669 138.1726
144 1264  0.0790 -0.1701 126.4337
176 1264  0.0097 -0.0217 240.4498
208 1264  0.0633 -0.0815 72.3259
240 1264  0.0589 -0.1355 63.3845
272 1264  0.0716 -0.0936 74.2660
304 1264  0.0093 -0.0766 93.0569
336 1264  0.1197 -0.1060 277.2226
368 1264  0.0915 -0.0750 174.6956
400 1264  0.0532 -0.1055 79.4272
432 1264  0.0778 -0.1468 253.1133
464 1264  0.0882 -0.0184 23.2706
496 1264  0.0155 -0.0138 25.3380
528 1264  0.0292  0.0099 13.3127
560 1264 -0.0014 -0.0237 12.1768
592 1264  0.0144 -0.0312 12.8074
624 1264  0.0003  0.0041 17.3923
656 1264  0.0068 -0.0035 15.3628
688 1264 -0.0219 -0.0207 11.3968
720 1264  0.0137 -0.0319 12.4399
752 1264  0.0122 -0.0011 24.6207
784 1264 -0.0538 -0.0050 11.0566
816 1264 -0.0018  0.0255 17.1772
848 1264 -0.0018  0.0128 11.1717
880 1264 -0.0150  0.0376  9.2714
912 1264  0.0250 -0.0016 10.3557
944 1264  0.0328 -0.0467 14.4102
976 1264 -0.1002  0.0084 10.0099
1008 1264 -0.0483  0.0156 10.2602
1040 1264  0.0184 -0.0331 11.0742
1072 1264 -0.0199 -0.0166 10.4929
1104 1264 -0.0165 -0.0224 10.1013
1136 1264 -0.0152  0.0150  9.6395
1168 1264  0.0358  0.0448 12.8566
 16 1296  0.0502  0.0001 46.4778
 48 1296  0.0262 -0.0060 12.0375
 80 1296  0.0054 -0.0284 33.9198
112 1296 -0.0119 -0.0137 34.2885
144 1296  0.0455 -0.0294 24.3860
176 1296  0.0482 -0.0622 110.1065
208 1296  0.0737 -0.1182 231.2878
240 1296  0.0547 -0.0546 28.6326
272 1296 -0.1581 -0.0671 55.9411
304 1296  0.0789 -0.1132 17.3391
336 1296  0.0355 -0.0349 140.8869
368 1296  0.0590 -0.1391 216.4019
400 1296  0.0533 -0.0894 113.3082
432 1296  0.0080 -0.0300 24.5567
464 1296  0.0439 -0.0519 51.6233
496 1296 -0.0177  0.0244 13.1188
528 1296 -0.0047 -0.0434 15.1821
560 1296 -0.0047 -0.0041 17.4707
592 1296  0.0238 -0.0313 13.4847
624 1296 -0.0314 -0.0136 12.6667
656 1296  0.0102 -0.0082 11.8766
688 1296  0.0051 -0.0245 11.7518
720 1296 -0.0031  0.0071 11.9262
752 1296  0.0350  0.0145 13.3247
784 1296 -0.0186  0.0217 11.0303
816 1296  0.0114 -0.0325  8.3643
848 1296  0.0133 -0.0115 12.6551
880 1296  0.0010  0.0295 10.7774
912 1296  0.0227  0.0176 12.0179
944 1296 -0.0135  0.0224 10.2605
976 1296  0.0404  0.0041 11.0214
1008 1296 -0.0889  0.0109  9.7384
1040 1296 -0.0594  0.0162  8.0103
1072 1296  0.0049 -0.0050  9.1960
1104 1296 -0.0102  0.0577 10.7226
1136 1296  0.1240 -0.0420  9.8264
1168 1296  0.0218  0.0348  9.9062
  0   0 -0.0034  0.0328  0.0000
  0   0  0.0081  0.0233  0.0000
  0   0  0.0250  0.0410  0.0000
  0   0  0.0631  0.0535  0.0000
  0   0  0.0813  0.0264  0.0000
  0   0  0.0710  0.0064  0.0000
  0   0 -0.0104 -0.0332  0.0000
  0   0  0.0013 -0.0384  0.0000
  0   0  0.0350 -0.0584  0.0000
  0   0  0.0418 -0.0914  0.0000
  0   0  0.0428 -0.1215  0.0000
  0   0  0.0032 -0.0870  0.0000
  0   0 -0.0958 -0.0804  0.0000
  0   0  0.0076 -0.0984  0.0000
  0   0  0.0134 -0.0629  0.0000
  0   0  0.0236 -0.0902  0.0000
  0   0  0.0127 -0.0544  0.0000
  0   0 -0.0182 -0.0035  0.0000
  0   0 -0.0290  0.0166  0.0000
  0   0 -0.0677  0.0587  0.0000
  0   0 -0.0695  0.0385  0.0000
  0   0 -0.0659  0.0449  0.0000
  0   0 -0.0491  0.0170  0.0000
  0   0 -0.0564  0.0098  0.0000
  0   0 -0.0264  0.0041  0.0000
  0   0 -0.0113 -0.0012  0.0000
  0   0 -0.0014  0.0155  0.0000
  0   0  0.0212  0.0215  0.0000
  0   0  0.0051  0.0206  0.0000
  0   0  0.0197 -0.0036  0.0000
  0   0  0.0215  0.0076  0.0000
  0   0  0.0168  0.0295  0.0000
  0   0  0.0228  0.0270  0.0000
  0   0  0.0001  0.0231  0.0000
  0   0  0.0011  0.0128  0.0000
  0   0 -0.0648  0.0153  0.0000
  0   0 -0.0530  0.0238  0.0000
  0   0  0.0015  0.0257  0.0000
  0   0  0.0427  0.0485  0.0000
  0   0  0.1149  0.0140  0.0000
  0   0  0.0711  0.0535  0.0000
  0   0  0.0484  0.0646  0.0000
  0   0  0.0525  0.0650  0.0000
  0   0  0.0692  0.0717  0.0000
  0   0  0.0961  0.0728  0.0000
  0   0  0.1153  0.0551  0.0000
  0   0  0.1218  0.0329  0.0000
  0   0 -0.0123 -0.0378  0.0000
  0   0  0.0066 -0.0605  0.0000
  0   0  0.0256 -0.0876  0.0000
  0   0  0.0276 -0.1158  0.0000
  0   0  0.0148 -0.1323  0.0000
  0   0 -0.0200 -0.1179  0.0000
  0   0 -0.0623 -0.1054  0.0000
  0   0 -0.0311 -0.0981  0.0000
  0   0 -0.0195 -0.0719  0.0000
  0   0 -0.0167 -0.0561  0.0000
  0   0 -0.0310 -0.0154  0.0000
  0   0 -0.0601  0.0351  0.0000
  0   0 -0.0885  0.0734  0.0000
  0   0 -0.1202  0.1047  0.0000
  0   0 -0.1317  0.1035  0.0000
  0   0 -0.1286  0.0943  0.0000
  0   0 -0.1123  0.0669  0.0000
  0   0 -0.0943  0.0444  0.0000
  0   0 -0.0612  0.0279  0.0000
  0   0 -0.0310  0.0194  0.0000
  0   0 -0.0056  0.0232  0.0000
  0   0  0.0172  0.0259  0.0000
  0   0  0.0234  0.0247  0.0000
  0   0  0.0329  0.0172  0.0000
  0   0  0.0341  0.0224  0.0000
  0   0  0.0283  0.0318  0.0000
  0   0  0.0197  0.0314  0.0000
  0   0 -0.0016  0.0272  0.0000
  0   0 -0.0193  0.0220  0.0000
  0   0 -0.0477  0.0243  0.0000
  0   0 -0.0350  0.0328  0.0000
  0   0  0.0115  0.0424  0.0000
  0   0  0.0635  0.0564  0.0000
  0   0  0.1116  0.0566  0.0000
  0   0  0.1085  0.0799  0.0000
  0   0  0.1000  0.0954  0.0000
  0   0  0.1020  0.1025  0.0000
  0   0  0.1143  0.1060  0.0000
  0   0  0.1344  0.1025  0.0000
  0   0  0.1543  0.0883  0.0000
  0   0  0.1710  0.0685  0.0000
  0   0 -0.0065 -0.0441  0.0000
  0   0  0.0131 -0.0822  0.0000
  0   0  0.0250 -0.1186  0.0000
  0   0  0.0200 -0.1474  0.0000
  0   0 -0.0028 -0.1600  0.0000
  0   0 -0.0361 -0.1523  0.0000
  0   0 -0.0608 -0.1343  0.0000
  0   0 -0.0579 -0.1106  0.0000
  0   0 -0.0493 -0.0769  0.0000
  0   0 -0.0500 -0.0346  0.0000
  0   0 -0.0687  0.0210  0.0000
  0   0 -0.1042  0.0825  0.0000
  0   0 -0.1463  0.1356  0.0000
  0   0 -0.1836  0.1691  0.0000
  0   0 -0.2030  0.1737  0.0000
  0   0 -0.2007  0.1539  0.0000
  0   0 -0.1786  0.1171  0.0000
  0   0 -0.1423  0.0789  0.0000
  0   0 -0.0959  0.0495  0.0000
  0   0 -0.0490  0.0335  0.0000
  0   0 -0.0079  0.0294  0.0000
  0   0  0.0238  0.0301  0.0000
  0   0  0.0431  0.0310  0.0000
  0   0  0.0532  0.0315  0.0000
  0   0  0.0528  0.0348  0.0000
  0   0  0.0418  0.0380  0.0000
  0   0  0.0208  0.0365  0.0000
  0   0 -0.0087  0.0317  0.0000
  0   0 -0.0366  0.0280  0.0000
  0   0 -0.0506  0.0305  0.0000
  0   0 -0.0315  0.0402  0.0000
  0   0  0.0193  0.0546  0.0000
  0   0  0.0811  0.0715  0.0000
  0   0  0.1296  0.0887  0.0000
  0   0  0.1478  0.1111  0.0000
  0   0  0.1487  0.1308  0.0000
  0   0  0.1487  0.1428  0.0000
  0   0  0.1563  0.1460  0.0000
  0   0  0.1729  0.1403  0.0000
  0   0  0.1948  0.1265  0.0000
  0   0  0.2184  0.1085  0.0000
