VARIABLES= "X pix", "Y pix", "U pix/dt", "V pix/dt", "CHC", ZONE I=37, J=41
304  16 -0.0688 -0.0772 59.5809
336  16 -0.0381 -0.0469 18.9118
368  16 -0.0121 -0.0357 24.6753
400  16 -0.0256 -0.0679 88.5845
496  16 -0.0376 -0.0856 89.0435
528  16 -0.0541 -0.0869 39.0095
560  16 -0.0114 -0.0638 40.9600
592  16  0.0223 -0.0355 50.5679
624  16  0.0542 -0.0167 54.6133
656  16  0.0467 -0.0104 46.5454
688  16  0.0397  0.0468 273.0666
304  48  0.0463  0.0534 52.5128
336  48  0.0488  0.0796 29.4676
368  48 -0.0038  0.0954 110.7027
496  48  0.0228  0.1006 71.8596
528  48  0.0531  0.0311 27.3067
560  48  0.0918 -0.1176 39.3846
592  48  0.1068 -0.2286 108.0081
688  48  0.0917 -0.1471 227.5554
720  48  0.0715 -0.0395 29.2571
752  48  0.0537  0.0173 36.2478
784  48  0.0000 -0.0069 31.9501
816  48 -0.0693  0.0000 204.7999
304  80 -0.0583 -0.0422 49.3494
336  80 -0.0158 -0.0448 30.7970
368  80  0.0335 -0.0518 50.5679
400  80  0.0637 -0.0492 47.0804
432  80  0.1096 -0.0332 43.5745
464  80  0.1526 -0.0109 4095.9939
496  80  0.1265  0.0041 71.8596
528  80  0.0785  0.0419 28.4444
560  80  0.0117  0.0435 50.5679
592  80  0.0000 -0.0089 40.3934
688  80  0.0461  0.0333 341.3332
720  80  0.0517 -0.0310 80.3137
752  80  0.0813 -0.1015 87.1489
784  80  0.0730 -0.0500 63.0154
816  80  0.0000 -0.2158 156.6775
 16 144 -0.0109 -0.0681 39.6548
 48 144 -0.0462 -0.0649 39.8304
 80 144 -0.0047 -0.0968 110.0350
112 144 -0.0066 -0.0555 161.4189
144 144 -0.0093 -0.0348 257.0988
176 144  0.0191 -0.0153 237.5542
208 144  0.0037 -0.0383 53.6877
240 144  0.0221 -0.0238 126.7482
272 144 -0.0108 -0.0296 24.2200
304 144  0.0377 -0.0016 105.5519
336 144  0.0416  0.0057 111.2250
368 144  0.0675  0.0306 210.2494
400 144  0.0307  0.0004 231.2348
432 144  0.0465  0.0839 146.5147
464 144  0.0464  0.0262 153.0723
496 144  0.0742  0.0501 180.0744
528 144 -0.0123  0.0378 198.8181
560 144  0.0483  0.0620 50.9478
592 144  0.0402  0.0631 122.0816
624 144  0.0519  0.0212 92.7215
656 144  0.0191  0.0763 241.2402
688 144  0.0457  0.0165 91.3292
720 144  0.0403  0.0078 153.6786
752 144  0.0580  0.0472 145.4117
784 144  0.0376  0.0408 81.1542
816 144  0.0182  0.0491 162.7461
848 144  0.0036 -0.0299 185.5317
880 144  0.0248 -0.0036 79.5501
912 144  0.0472 -0.0038 146.6798
944 144  0.0334 -0.0018 106.1292
976 144  0.0303  0.0069 88.7129
1008 144  0.0940  0.0206 62.7007
1040 144  0.0468  0.0055 92.7110
1072 144  0.0431  0.0086 131.3297
1104 144 -0.0045  0.0335 38.9553
1136 144  0.0152  0.0117 50.2132
1168 144  0.0432  0.0542 55.2739
 16 176 -0.0235 -0.0482 91.4287
 48 176  0.0139 -0.1964 59.7397
 80 176 -0.0231 -0.1023 273.6757
112 176  0.0383 -0.0396 188.7513
144 176 -0.0035 -0.0562 241.2465
176 176 -0.0051 -0.0351 210.9841
208 176 -0.0163 -0.0325 94.0271
240 176  0.0603 -0.0147 84.3619
272 176  0.0186 -0.0164 169.1447
304 176  0.0182 -0.0346 170.9402
336 176  0.0464  0.0098 264.8618
368 176  0.0629  0.0520 232.2943
400 176  0.0834  0.0214 148.7077
432 176  0.0564  0.0764 145.7113
464 176  0.0830  0.0179 174.5768
496 176  0.0664  0.0665 233.9935
528 176 -0.0113  0.0627 101.2742
560 176  0.1001  0.0901 261.4553
592 176  0.0520  0.0180 90.4287
624 176  0.0283  0.0271 254.0478
656 176  0.0422  0.0075 224.5814
688 176  0.0621 -0.0131 129.3194
720 176  0.0447  0.0166 150.6644
752 176  0.0304  0.0254 234.1345
784 176  0.0679  0.0078 107.6289
816 176  0.0491  0.0394 72.6501
848 176  0.0320 -0.0394 207.7129
880 176  0.0418 -0.0199 65.3076
912 176  0.0324  0.0127 154.6923
944 176  0.0710  0.0009 128.7420
976 176  0.0057  0.0097 120.9028
1008 176  0.0651  0.0061 106.1274
1040 176  0.0365  0.0523 42.5407
1072 176  0.0456  0.0498 128.6334
1104 176 -0.0682  0.0485 92.1975
1136 176  0.0332  0.0375 148.7384
1168 176 -0.0327  0.0772 191.3022
 16 208 -0.0190 -0.0870 97.6143
 48 208 -0.0170 -0.0969 409.2590
 80 208 -0.0512 -0.0415 394.1099
112 208 -0.0275 -0.0818 210.7360
144 208 -0.0770 -0.0472 93.0343
176 208 -0.0136 -0.0661 283.6065
208 208 -0.0139 -0.0522 304.6078
240 208  0.0257 -0.0278 175.2646
272 208  0.0158 -0.0194 170.1026
304 208  0.0186 -0.0104 139.9038
336 208  0.0604  0.0202 233.8973
368 208  0.0313  0.0274 315.4348
400 208  0.1552  0.0307 124.7983
432 208  0.0671  0.0147 190.2517
464 208  0.0660  0.0615 219.8233
496 208  0.0245  0.0399 148.4534
528 208  0.0547  0.0316 163.7145
560 208  0.0513  0.0179 162.6846
592 208  0.0548  0.0510 95.8188
624 208  0.0445  0.0235 221.7546
656 208  0.0259  0.0320 72.9613
688 208  0.0254  0.0296 100.4268
720 208  0.1257 -0.0121 138.8343
752 208  0.0657 -0.0018 168.6998
784 208  0.0407 -0.0005 203.6445
816 208  0.0271 -0.0089 191.7281
848 208  0.0827 -0.0228 174.6330
880 208  0.0600 -0.0110 256.4088
912 208  0.0426 -0.0059 49.6905
944 208  0.0274 -0.0123 86.8188
976 208  0.0651  0.0062 154.8845
1008 208  0.0893  0.0009 165.9918
1040 208  0.0770  0.0222 165.4068
1072 208  0.0517  0.0024 177.4620
1104 208  0.0071  0.0408 71.9017
1136 208 -0.0185  0.0540 90.8109
1168 208  0.0178  0.0177 140.1203
 16 240 -0.0696 -0.1914 47.0846
 48 240 -0.0430 -0.1478 21.5728
 80 240 -0.0032 -0.0559 365.1010
112 240 -0.0308 -0.0969 53.9067
144 240 -0.1251 -0.0769 115.0583
176 240 -0.0384 -0.1009 213.2257
208 240 -0.0172 -0.0235 36.4253
240 240 -0.0171 -0.0568 193.2758
272 240  0.0313 -0.0313 86.3969
304 240  0.0187 -0.0266 182.2307
336 240  0.0217 -0.0084 177.3805
368 240  0.0544 -0.0059 64.1260
400 240  0.0517  0.0345 280.4675
432 240  0.0204  0.0142 81.1928
464 240  0.0582  0.0668 192.9213
496 240  0.0761  0.0697 217.8770
528 240  0.0802  0.0586 94.0901
560 240  0.0711  0.0418 134.4033
592 240  0.0420  0.0469 174.6427
624 240  0.0389  0.0104 134.1519
656 240  0.0840  0.0365 100.4360
688 240  0.1161 -0.0003 176.7809
720 240  0.0264  0.0308 143.1097
752 240  0.0686 -0.0017 207.0605
784 240  0.0468  0.0006 103.0591
816 240  0.0001  0.0015 104.4468
848 240  0.0800 -0.0303 163.6254
880 240  0.0424  0.0083 108.6198
912 240  0.1053 -0.0201 79.3720
944 240  0.0456  0.0003 75.0485
976 240  0.0659  0.0048 147.6319
1008 240 -0.0129  0.0058 83.3401
1040 240 -0.0047  0.0238 99.2651
1072 240  0.0505  0.0208 154.6623
1104 240 -0.0132  0.0562 134.4874
1136 240  0.0151  0.0220 273.0357
1168 240  0.0153  0.0289 111.1191
 16 272 -0.1128 -0.1298 205.7451
 48 272 -0.0373 -0.0805 21.3343
 80 272 -0.1231 -0.0791 252.5219
112 272 -0.0162 -0.1779 180.8059
144 272 -0.0424 -0.0656 178.5535
176 272 -0.0365 -0.1320 172.1288
208 272 -0.0558 -0.1002 274.9201
240 272 -0.0445 -0.0514 53.2214
272 272 -0.0017 -0.0654 133.0893
304 272  0.0201 -0.0175 140.9530
336 272  0.0312 -0.0037 150.7781
368 272  0.0598 -0.0059 149.0077
400 272  0.0329  0.0180 287.8561
432 272  0.0967  0.0551 148.9764
464 272  0.0703  0.0170 90.8249
496 272  0.0535  0.0574 245.6975
528 272  0.0703  0.0724 137.3414
560 272  0.0365  0.0408 36.8112
592 272  0.0640  0.0369 193.3969
624 272  0.0795  0.0281 127.6569
656 272  0.0073  0.0290 183.3416
688 272  0.0720  0.0007 111.0014
720 272  0.0591 -0.0088 64.1071
752 272  0.1192 -0.0193 118.8890
784 272  0.0507 -0.0106 104.9485
816 272  0.0573 -0.0404 235.6262
848 272  0.0567 -0.1039 110.0401
880 272  0.0311 -0.0353 69.4809
912 272  0.0706 -0.0245 57.3491
944 272  0.0687  0.0233 144.8824
976 272  0.0183 -0.0063 187.3632
1008 272  0.0477 -0.0006 119.9487
1040 272  0.0047  0.0296 107.9552
1072 272  0.0113  0.0395 64.3974
1104 272  0.0218  0.0325 70.9915
1136 272  0.0225  0.0791 64.9928
1168 272  0.0147  0.0437 96.0172
 16 304 -0.0941 -0.0867 116.1819
 48 304 -0.1010 -0.0960 47.4247
 80 304 -0.0691 -0.2186 175.9735
112 304 -0.0527 -0.0868 108.1097
144 304 -0.1673 -0.1405 174.6577
176 304 -0.1066 -0.1236 132.7461
208 304 -0.0350 -0.1180 214.4497
240 304 -0.0294 -0.0807 162.8838
272 304 -0.0132 -0.1091 39.8781
304 304  0.0243 -0.0619 190.8869
336 304  0.0137 -0.0096 251.5638
368 304  0.0216 -0.0122 142.6305
400 304  0.0247  0.0064 32.2312
432 304  0.0376  0.0339 105.7468
464 304  0.0789  0.0477 206.7043
496 304  0.0610  0.0683 139.1472
528 304  0.0615  0.0473 77.4386
560 304  0.1672  0.0153 168.6660
592 304  0.0176  0.0165 179.8435
624 304  0.0221  0.0272 154.8667
656 304  0.0727  0.0399 105.3933
688 304  0.0651  0.0084 80.5722
720 304  0.0749  0.0170 160.0795
752 304  0.1245 -0.0217 87.5969
784 304  0.1005 -0.0404 157.4965
816 304  0.1044 -0.0343 127.0227
848 304  0.0875 -0.0257 107.3171
880 304  0.0365 -0.0334 150.5690
912 304  0.0813 -0.0322 94.4815
944 304  0.0492 -0.0138 99.3175
976 304  0.0654 -0.0356 169.3861
1008 304  0.0377 -0.0050 60.8789
1040 304  0.0106  0.0485 92.6483
1072 304  0.0383  0.0282 151.8024
1104 304  0.1215  0.0074 190.7740
1136 304 -0.0133  0.0599 96.4948
1168 304  0.0007  0.0292 70.7067
 16 336 -0.1820 -0.1794 163.9876
 48 336 -0.0813 -0.2057 46.9322
 80 336 -0.0721 -0.1475 278.3257
112 336 -0.2657 -0.2264 133.4547
144 336 -0.1055 -0.2653 260.1382
176 336 -0.0719 -0.1116 102.6465
208 336 -0.0739 -0.0689 389.3020
240 336 -0.0670 -0.0851 107.0727
272 336 -0.0687 -0.0575 33.7592
304 336 -0.0012 -0.0851 310.7875
336 336 -0.0268 -0.0991 195.2015
368 336  0.0243 -0.0260 156.2689
400 336  0.0119  0.0306 30.1518
432 336  0.0741  0.0152 151.6949
464 336  0.0863  0.0387 76.2968
496 336  0.0605  0.0361 62.1065
528 336  0.0936  0.0358 172.4602
560 336  0.0528  0.0599 61.2478
592 336  0.0759  0.0041 259.3364
624 336  0.0465  0.0717 109.5117
656 336  0.0807  0.0089 121.7208
688 336  0.0615  0.0086 113.2058
720 336  0.0182  0.0007 163.8927
752 336  0.0361 -0.0252 113.1367
784 336  0.0881 -0.0377 214.7168
816 336  0.0867 -0.0303 97.7570
848 336  0.0720 -0.0201 131.0289
880 336  0.0771 -0.0232 118.8439
912 336  0.0560 -0.0145 108.8756
944 336  0.0250 -0.0070 217.9291
976 336  0.0667 -0.0128 100.8381
1008 336  0.0347  0.0111 107.8710
1040 336  0.0013  0.0258 74.1019
1072 336  0.0159  0.0508 105.3443
1104 336  0.0504  0.1199 225.4614
1136 336  0.0129  0.0625 120.8664
1168 336  0.0074  0.0375 98.2604
 16 368 -0.1652 -0.1807 38.6376
 48 368 -0.0692 -0.1290 68.5442
 80 368 -0.8039 -1.0266 137.9201
112 368 -0.2407 -0.2251 39.0018
144 368 -0.2572 -0.0685 35.7276
176 368 -0.0886 -0.0950 37.5611
208 368 -0.0855 -0.1943 156.5954
240 368 -0.0709 -0.1364 49.4405
272 368 -0.0466 -0.0882 66.3770
304 368 -0.0102 -0.0900 109.7205
336 368 -0.0252 -0.0463 313.3851
368 368  0.0352 -0.0267 290.7561
400 368  0.0339 -0.0122 374.9637
432 368  0.0530  0.0118 189.3947
464 368  0.0596  0.0196 90.3793
496 368  0.0556  0.0469 280.2475
528 368  0.0570  0.0554 97.3576
560 368  0.0681  0.0466 94.7014
592 368  0.1413  0.0794 253.3521
624 368  0.0671 -0.0133 146.5364
656 368  0.0453 -0.0432 157.4590
688 368  0.1221 -0.0051 210.5645
720 368  0.0662 -0.0185 165.4824
752 368  0.0650 -0.0125 111.0700
784 368  0.0953 -0.0233 136.3760
816 368  0.1002 -0.0988 267.0434
848 368  0.0671 -0.0159 70.8725
880 368  0.0464 -0.0495 162.7451
912 368  0.0590 -0.0234 132.3167
944 368  0.0278 -0.0046 254.0774
976 368  0.0702  0.0078 78.6097
1008 368  0.0150  0.0191 318.5448
1040 368  0.0116  0.0312 214.3677
1072 368  0.0203  0.0507 110.9087
1104 368  0.0075  0.0389 107.4175
1136 368 -0.0159  0.0698 120.7683
1168 368  0.0088  0.0798 131.1910
 16 400 -0.1515 -0.4994 51.8922
 48 400 -0.1356 -0.1684 19.1029
 80 400 -0.1752 -0.3089 193.5828
112 400 -0.1571 -0.2439 147.8757
144 400 -0.2365 -0.1404 37.2606
176 400 -0.2147 -0.2236 251.9738
208 400 -0.0902 -0.1586 201.2761
240 400 -0.0350 -0.2160 41.5240
272 400 -0.1470 -0.1509 305.3585
304 400 -0.0437 -0.1439 173.5344
336 400 -0.0381 -0.0042 136.4976
368 400  0.0275 -0.0501 169.8650
400 400  0.0187 -0.0107 54.8837
432 400  0.0378 -0.0518 241.8620
464 400  0.0496  0.0062 199.5658
496 400  0.0282  0.0515 55.4514
528 400  0.0975  0.0131 164.5119
560 400  0.0939  0.0593 179.1331
592 400  0.0848  0.0455 148.0564
624 400  0.0261  0.0367 183.8035
656 400  0.0364  0.0280 121.3522
688 400  0.0483 -0.0011 178.6099
720 400  0.0837  0.0093 113.4135
752 400  0.0918 -0.0216 91.0959
784 400  0.1266 -0.0221 162.9272
816 400  0.0831 -0.0778 149.5408
848 400  0.0718 -0.0193 142.1949
880 400  0.1230 -0.0214 195.0733
912 400  0.0951 -0.0437 140.2485
944 400  0.0771 -0.0197 136.7753
976 400  0.0782  0.0221 69.2291
1008 400  0.0323  0.0592 65.8288
1040 400  0.0663  0.0338 236.2470
1072 400 -0.0173  0.0566 115.4187
1104 400 -0.0081  0.0896 135.7223
1136 400 -0.0028  0.0541 72.6619
1168 400 -0.0301  0.1120 113.1876
 16 432 -0.1586 -0.3582 59.1063
 48 432 -0.5858 -0.2646 166.7406
 80 432 -0.2425 -0.4040 147.5165
112 432 -0.1152 -0.1491 18.3548
144 432 -0.1844 -0.5264 294.1406
176 432 -0.2712 -0.3787 70.0313
208 432 -0.1111 -0.2563 38.7391
240 432 -0.1593 -0.2898 284.0343
272 432 -0.1969 -0.2257 211.4962
304 432 -0.0250 -0.0838 319.5040
336 432 -0.0337 -0.1206 258.0929
368 432 -0.0276 -0.0609 196.0415
400 432  0.0251 -0.0221 220.3004
432 432  0.0502 -0.0132 76.0280
464 432  0.0450  0.0092 78.7398
496 432  0.0511  0.0054 202.5107
528 432  0.0261  0.0139 71.4538
560 432  0.0531  0.0397 123.3026
592 432  0.0730  0.0319 79.2101
624 432  0.0271  0.0220 107.5698
656 432  0.0658  0.0307 88.2257
688 432  0.0490  0.0076 72.8272
720 432  0.0698 -0.0199 141.4783
752 432  0.1300 -0.0489 119.4199
784 432  0.0987 -0.0339 111.3260
816 432  0.1037 -0.0624 108.3668
848 432  0.0693 -0.0502 207.9412
880 432  0.1143 -0.0661 149.7500
912 432  0.1129 -0.0311 93.0413
944 432  0.0073 -0.0241 71.9583
976 432  0.0267 -0.0015 74.6342
1008 432  0.0394  0.0593 98.4963
1040 432 -0.0157  0.0588 127.9823
1072 432 -0.0206  0.0427 26.5925
1104 432  0.0094  0.0886 151.2136
1136 432 -0.0278  0.1075 94.5253
1168 432 -0.0294  0.1308 201.0029
 16 464 -0.1295 -0.1428 30.3769
 48 464 -0.2613 -0.3570 180.1560
 80 464 -0.3459 -0.3749 121.0949
112 464 -0.6185 -0.2460 148.9070
144 464 -1.1009 -0.1651 129.7034
176 464 -0.2223 -0.4504 145.1246
208 464 -0.1667 -0.5371 128.8396
240 464 -0.2600 -0.4368 118.4121
272 464 -0.1787 -0.2172 289.3023
304 464 -0.1216 -0.2471 46.0933
336 464 -0.0388 -0.1088 236.1363
368 464  0.0067 -0.0804 235.2424
400 464 -0.0107 -0.0845 77.0227
432 464  0.0366 -0.0294 39.2965
464 464  0.0577 -0.0446 149.9945
496 464  0.0224 -0.0206 13.3079
528 464  0.0615  0.0076 161.1743
560 464  0.0592  0.0194 111.1912
592 464  0.0730  0.0566 107.5735
624 464  0.0980  0.0631 131.2121
656 464  0.0826  0.0277 268.9177
688 464  0.0259 -0.0106 159.0428
720 464  0.0891 -0.0194 95.9389
752 464 -0.0062 -0.0414 47.2828
784 464  0.0668 -0.0553 87.2881
816 464  0.1224 -0.0681 117.3345
848 464  0.1021 -0.0615 107.3947
880 464  0.0870 -0.0628 68.7288
912 464  0.0904 -0.0142 235.1592
944 464  0.0558  0.0233 54.8622
976 464  0.0300  0.0322 162.7226
1008 464  0.0282  0.0100 39.6397
1040 464 -0.0026  0.0409 229.9942
1072 464  0.0523  0.0262 161.5478
1104 464 -0.0040  0.0462 180.2904
1136 464 -0.0029  0.0723 67.9355
1168 464 -0.0368  0.1147 99.4866
 16 496 -0.7011 -0.7000 110.2187
 48 496 -0.4407 -0.4007 43.0524
 80 496 -0.1762 -0.1574 22.2488
112 496 -0.6311 -0.4467 241.2833
144 496 -0.3012 -0.2822 126.3176
176 496 -0.2747 -0.3055 130.8634
208 496 -0.1302 -0.2983 28.4633
240 496 -0.2133 -0.3599 83.2029
272 496 -0.1272 -0.2648 20.5437
304 496 -0.1527 -0.2858 139.9966
336 496 -0.0228 -0.0640 229.0813
368 496 -0.0194 -0.0918 32.0084
400 496  0.0088 -0.0776 104.9242
432 496  0.0328 -0.0689 189.7802
464 496  0.0636 -0.0793 233.6018
496 496  0.0295  0.0181 193.5036
528 496  0.0813  0.0183 114.7667
560 496  0.0548  0.0035 280.4641
592 496  0.0146 -0.0514 43.1358
624 496  0.1140  0.0082 102.6041
656 496  0.1144 -0.0123 104.9252
688 496  0.0638 -0.0078 106.8816
720 496  0.1419 -0.0432 150.2437
752 496  0.0582 -0.0683 84.0878
784 496  0.0993 -0.0308 83.8699
816 496  0.1354 -0.0639 110.7037
848 496  0.0915 -0.0467 69.4941
880 496  0.0521 -0.0218 142.9607
912 496  0.0118 -0.0134 50.9682
944 496  0.0586 -0.0098 300.1522
976 496  0.0239  0.0622 39.0178
1008 496 -0.0142  0.0841 191.2170
1040 496 -0.0035  0.0550 71.5144
1072 496 -0.0009  0.0776 76.5950
1104 496 -0.0742  0.1235 81.0082
1136 496 -0.0394  0.1052 46.4515
1168 496 -0.0434  0.1256 114.1840
 16 528 -0.3562 -0.3137 50.0471
 48 528 -0.3895 -0.1597 14.4074
 80 528 -0.7513 -0.5150 23.2739
112 528 -0.4809 -0.5663 155.5387
144 528 -0.2309 -0.3889 103.7741
176 528 -0.5468 -0.6055 105.4651
208 528 -0.4435 -0.7156 163.5017
240 528 -0.1727 -0.4030 20.3447
272 528 -0.1781 -0.6436 171.4620
304 528 -0.1661 -0.4970 60.2679
336 528 -0.1056 -0.2699 256.4112
368 528 -0.0667 -0.1898 162.1771
400 528  0.0189 -0.1447 192.6104
432 528  0.0324 -0.0478 161.4649
464 528  0.0654 -0.0162 267.8961
496 528  0.0853 -0.0356 46.1995
528 528  0.0729 -0.0020 127.3033
560 528  0.0514  0.0251 155.5111
592 528  0.1016 -0.0088 70.6327
624 528  0.0869  0.0124 21.5233
656 528  0.1097 -0.0104 119.3446
688 528  0.1060 -0.0455 81.3768
720 528  0.0362 -0.0468 125.2991
752 528  0.1007 -0.0313 66.2504
784 528  0.0634 -0.0536 138.9584
816 528  0.1431 -0.0921 110.2332
848 528  0.0634 -0.0456 136.4526
880 528  0.0768 -0.0499 203.7391
912 528  0.0656 -0.0005 120.7146
944 528 -0.0175  0.0208 148.6439
976 528 -0.0137  0.0649 215.6052
1008 528 -0.0398  0.0836 84.1291
1040 528 -0.0369  0.0883 101.8574
1072 528 -0.0444  0.0749 100.7372
1104 528 -0.0843  0.1051 121.3059
1136 528 -0.0838  0.1338 107.8253
1168 528 -0.0979  0.1061 103.6557
 16 560 -0.3856 -0.2417 52.2071
 48 560 -0.7430 -0.6331 109.1637
 80 560 -0.8819 -0.8548 66.8350
112 560 -1.2803 -1.3373 68.4886
144 560 -0.8565 -1.1472 34.2572
176 560 -0.9585 -0.3808 239.0537
208 560 -0.5560 -0.4958 73.3578
240 560 -0.2490 -0.7835 149.2455
272 560 -0.1667 -0.9195 72.2979
304 560 -0.1262 -0.5810 196.6860
336 560 -0.1081 -0.4216 225.6938
368 560 -0.0699 -0.3106 107.9980
400 560 -0.0117 -0.0103 48.2157
432 560  0.0633 -0.0826 105.4416
464 560  0.0908 -0.0963 118.2853
496 560  0.0344 -0.0795 35.3262
528 560  0.0680 -0.0204 169.6456
560 560  0.1268  0.0008 111.6246
592 560  0.1176 -0.0193 194.3441
624 560  0.1280 -0.0282 105.4625
656 560  0.0947  0.0034 60.3813
688 560  0.0367 -0.0928 42.9879
720 560  0.1534 -0.0767 114.4714
752 560  0.1233 -0.1161 75.0210
784 560  0.1517 -0.0506 220.5490
816 560  0.1025 -0.1661 141.4787
848 560  0.0621 -0.1062 128.4950
880 560  0.0606 -0.0287 116.5149
912 560  0.0154  0.0040 92.9591
944 560  0.0102  0.0231 90.0521
976 560 -0.0109  0.0246 107.8515
1008 560 -0.0471  0.0937 116.9114
1040 560 -0.0350  0.1094 113.7367
1072 560 -0.0959  0.1674 141.9314
1104 560 -0.0833  0.0998 98.0565
1136 560 -0.0765  0.1073 124.7698
1168 560 -0.0754  0.1810 50.2107
 16 592 -0.1586 -0.1212 247.2650
 48 592 -0.3627 -0.1524 64.3523
 80 592 -0.7534 -0.3584 145.2670
112 592 -0.7655 -0.5665 133.0251
144 592 -0.2855 -0.3696 42.6622
176 592 -0.3293 -0.1967 107.1745
208 592 -0.4921 -0.8189 148.4357
240 592 -0.1292 -0.5967 26.9625
272 592 -0.1879 -0.8259 114.7724
304 592 -0.2354 -1.0118 58.6687
336 592 -0.2277 -0.2804 184.3214
368 592 -0.1769 -0.4305 128.3871
400 592 -0.2631 -0.3575 177.2313
432 592 -0.0894 -0.1709 41.5734
464 592 -0.0040 -0.0783 225.1145
496 592  0.0328 -0.0477 77.5654
528 592  0.0956 -0.0079 83.7435
560 592  0.1814 -0.0307 257.8080
592 592  0.1392 -0.0054 49.3477
624 592  0.1070 -0.0301 105.6634
656 592  0.2065 -0.1033 216.4042
688 592  0.1315 -0.0895 114.4702
720 592  0.1458 -0.0953 125.3006
752 592  0.1566 -0.1764 189.2480
784 592  0.0679 -0.3928 99.3626
816 592  0.0481 -0.3448 67.5644
848 592  0.0783 -0.1708 223.5510
880 592  0.0518 -0.0847 113.5922
912 592  0.0539 -0.0018 94.6735
944 592  0.0179 -0.0081 114.7723
976 592 -0.0869  0.1213 60.0428
1008 592 -0.0674  0.1404 137.2459
1040 592 -0.0185  0.2697 210.9962
1072 592 -0.0474  0.1015 72.3272
1104 592 -0.1266  0.1277 117.6384
1136 592 -0.1769  0.1157 108.5524
1168 592 -0.0589  0.0553 26.5911
 16 624 -0.0619 -0.0991 42.4559
 48 624 -0.1812 -0.1111 95.1497
 80 624 -0.7344 -0.5662 48.7280
112 624 -1.0607 -0.6374 114.2090
144 624 -0.3025 -0.3148 161.9293
176 624 -0.9982 -0.6834 102.5724
208 624 -1.1141 -1.0402 107.8683
240 624 -0.0223 -0.0661 11.3181
272 624 -0.0226 -0.0461 23.0533
304 624 -0.2247 -0.1906 15.7204
336 624 -0.7071 -0.4645 116.7922
368 624 -1.1497 -0.6950 156.2595
400 624 -0.4274 -0.3663 84.9156
432 624 -0.2573 -0.2556 130.5327
464 624 -0.1617 -0.1587 184.4660
496 624 -0.1525 -0.2307 103.2370
528 624  0.0586 -0.0861 123.1405
560 624  0.0922 -0.0274 177.6250
592 624  0.1056 -0.0369 127.0487
624 624  0.1448 -0.0429 38.4273
656 624  0.0944 -0.1611 79.7333
688 624  0.1137 -0.1775 194.1822
720 624  0.0368 -0.2005 302.9763
752 624  0.1115 -0.3816 198.3813
784 624  0.0554 -0.3667 122.6378
816 624 -0.0847 -0.6579 97.8651
848 624  0.0073 -0.2743 126.5698
880 624  0.0248 -0.2252 69.1234
912 624 -0.0163 -0.0734 162.0665
944 624 -0.0378 -0.0827 104.9791
976 624 -0.1037  0.0504 74.7757
1008 624 -0.0917  0.1407 169.4163
1040 624 -0.1573  0.1078 150.5747
1072 624 -0.0232  0.1413 83.9165
1104 624 -0.1121  0.0955 107.7747
1136 624 -0.1206  0.2090 81.9958
1168 624 -0.1586  0.1832 103.1249
 16 656 -0.0221  0.0389 39.8356
 48 656 -0.1142 -0.1887 258.1890
 80 656 -0.2983 -0.2794 188.6214
112 656 -0.8840 -1.0544 34.2943
144 656 -0.3453 -0.0912 10.5890
176 656 -0.9122 -1.0054 59.5851
208 656 -1.2918 -1.0300 52.6637
240 656 -0.8012 -1.0793 71.6607
272 656 -1.1738 -1.4192 29.1328
304 656 -1.2807 -0.7260 50.2362
336 656 -0.9308 -0.6891 38.7427
368 656 -0.9801 -0.6717 198.1854
400 656 -0.8128 -0.4793 122.0635
432 656 -0.7231 -0.3301 55.2771
464 656 -1.0010 -0.5352 19.0738
496 656 -0.3516 -0.1376 114.2795
528 656 -0.0599 -0.0878 43.7539
560 656  0.0869 -0.0595 116.4023
592 656  0.1421  0.0128 207.0699
624 656  0.1405 -0.1026 112.0399
656 656  0.1338 -0.1330 197.7746
688 656  0.1334 -0.2834 51.4113
720 656  0.0097 -0.7821 112.7648
752 656  0.1922 -1.0581 76.2624
784 656  0.1858 -0.4980 102.0084
816 656  0.0303 -0.7074 53.4651
848 656 -0.1124 -0.4716 43.6425
880 656 -0.0111 -0.5314 116.5488
912 656  0.1580 -0.3517 77.1367
944 656 -0.0128 -0.0802 79.5449
976 656 -0.0559  0.0170 105.2685
1008 656 -0.1191  0.0756 113.0087
1040 656 -0.1614  0.1570 141.1046
1072 656 -0.1495  0.1370 88.2348
1104 656 -0.1558  0.1601 79.9450
1136 656 -0.2993  0.1645 132.8966
1168 656 -0.1097  0.0412 121.8270
 16 688 -0.0662 -0.0101 16.3842
 48 688 -0.2070 -0.2676 190.0917
 80 688 -0.1328 -0.1979 155.8860
112 688 -0.6827 -0.1760 68.7767
144 688 -0.3382 -0.2508 39.2006
176 688 -0.8947 -0.7131 207.4361
208 688 -0.9199 -0.9774 160.7845
240 688 -1.3261 -1.2361 79.3853
272 688 -1.8116 -1.5475 100.5796
304 688 -1.2545 -0.6551 160.7897
336 688 -1.0577 -0.4289 150.2592
368 688 -1.3293 -0.4078 82.7773
400 688 -1.2580 -0.4151 171.4093
432 688 -1.1357 -0.3283 106.7245
464 688 -1.0777 -0.4999 62.1615
496 688 -0.7478 -0.7180 76.5628
528 688 -0.2176 -0.2543 134.8583
560 688 -0.0220 -0.1295 25.2662
592 688  0.0191 -0.0633 166.1937
624 688  0.0893 -0.1580 209.6975
656 688 -0.1679 -0.1069 37.5211
688 688 -0.2528 -0.0160 24.6272
720 688 -1.1854  0.7043 12.1686
752 688 -0.0208  0.1480 16.1879
784 688  0.3140 -0.7804 62.3557
816 688 -0.0396 -0.8020 15.2934
848 688  0.4457 -0.2129 36.8751
880 688  0.0869 -0.7539 71.4886
912 688  0.1190 -0.5123 64.2932
944 688  0.0580 -0.2005 66.7530
976 688 -0.0827 -0.0476 79.1329
1008 688 -0.1178 -0.0105 107.8913
1040 688 -0.1735  0.0321 138.0742
1072 688 -0.1768  0.0927 61.8034
1104 688 -0.1663  0.0646 184.4884
1136 688 -0.1398  0.0675 111.4986
1168 688 -0.1537 -0.0044 246.6312
 16 720 -0.2484 -0.0448 63.4056
 48 720 -0.0884 -0.0053 129.5555
 80 720 -0.1862 -0.2022 213.0125
112 720 -0.0021 -0.2029 154.7816
144 720 -0.2014 -0.1617 112.9867
176 720 -0.4693 -0.1722 60.9040
208 720 -0.9702 -0.8524 104.6892
240 720 -1.5984 -1.6111 206.6004
272 720 -0.9716 -0.9854 18.4928
304 720 -0.9796 -0.3881 66.5889
336 720 -1.1075 -0.3299 175.3964
368 720 -0.2731  0.1252 70.5456
400 720 -1.1380  0.4932 85.0965
432 720 -2.2077  0.1439 29.3159
464 720 -1.8638 -0.7191 88.9897
496 720 -1.1131 -0.6958 39.0054
528 720 -0.5146 -0.9593 181.0461
560 720 -0.1461 -0.2679 60.1555
592 720 -0.0557 -0.0888 129.8825
624 720 -0.0066 -0.1364 48.3289
656 720 -0.3514 -0.2972 10.8691
688 720 -0.1075 -0.3266 10.5160
720 720 -1.0888  1.1036 11.4554
752 720  0.3547  0.3504 10.8725
784 720  0.0620 -1.1680 14.3714
816 720 -0.0635  0.4230 16.3486
848 720  0.3150 -0.9357 16.4396
880 720 -1.2974 -0.2157 10.4753
912 720 -0.1048 -0.8808 16.0424
944 720 -0.0955 -0.3779 105.0306
976 720  0.0159 -0.1185 215.9881
1008 720 -0.0456 -0.1265 126.6575
1040 720 -0.1363 -0.0195 183.0080
1072 720 -0.0560  0.0309 36.2911
1104 720 -0.3044  0.0897 161.1033
1136 720 -0.1753  0.1563 84.1634
1168 720 -0.0849  0.1006 60.7636
 16 752  0.0053 -0.0147 68.4240
 48 752 -0.0223 -0.0884 110.0486
 80 752 -0.2160 -0.0360 172.9294
112 752 -0.1483 -0.0867 202.4790
144 752 -0.1498  0.0049 218.3091
176 752 -0.3128 -0.2690 93.6047
208 752 -0.8181 -0.1946 183.0994
240 752 -0.7505 -0.4105 75.8907
272 752 -0.2637 -0.5743 23.4970
304 752 -1.5290  0.0045 137.9771
336 752 -0.5185  0.1357 156.4505
368 752 -0.1698  0.4706 119.0344
400 752 -0.1050 -1.4600 17.1460
432 752  0.2668 -3.8156 10.4094
464 752  0.0813 -2.8844  7.0719
496 752  1.5870 -0.3354 21.5435
528 752 -0.5086 -0.8129 49.4524
560 752 -0.2462 -0.5384 76.5373
592 752 -0.1327 -0.1426 96.5767
624 752 -0.0165 -0.1177 123.9302
656 752 -0.0856  0.0420 11.2861
688 752 -0.0614 -0.1898 20.9005
720 752 -0.0994  0.2519 11.7849
752 752  0.2466 -0.0910 14.5839
784 752 -0.1469 -0.0596  9.3974
816 752  0.4109  0.0392 12.7041
848 752 -0.1570  0.2910 13.8699
880 752 -0.7590  0.0097 10.2684
912 752  0.0482 -0.3561 16.4773
944 752 -0.1360 -1.3522 46.0023
976 752 -0.4408 -0.1833 69.9565
1008 752  0.2317 -0.5180 60.0453
1040 752 -0.0434 -0.0415 142.7240
1072 752 -0.0449  0.0405 38.1455
1104 752 -0.1690  0.0918 66.7803
1136 752 -0.2636  0.1342 81.9864
1168 752 -0.2023  0.0189 61.5890
 16 784 -0.0134 -0.0014 30.3381
 48 784  0.0426 -0.0478 49.3580
 80 784  0.0258 -0.0621 18.3415
112 784 -0.0105 -0.0946 236.3770
144 784 -0.0431 -0.0712 47.3671
176 784 -0.0866 -0.5003 132.3877
208 784 -0.1844 -0.6803 201.0917
240 784 -1.2446 -1.2681 181.3377
272 784 -0.3328 -0.7226 108.0402
304 784 -0.2716 -0.2552 133.1145
336 784 -0.0548  0.1751 208.0913
368 784  0.0897  0.8542 53.5076
400 784  2.0853  1.9596 48.8466
432 784  0.1436 -0.3218 10.3572
464 784  0.1230 -0.1902 11.2883
496 784  1.9133 -0.5409  7.0534
528 784  0.3219 -0.3609 24.6706
560 784 -0.0728 -0.1574 37.9847
592 784 -0.0830 -0.3017 141.0063
624 784 -0.0256 -0.0262 25.1464
656 784 -0.0155 -0.0001 13.2803
688 784 -0.2294  0.0709 10.5531
720 784 -0.0474  0.0463 16.5181
752 784 -0.0838  0.0262 12.0676
784 784 -0.2320  0.1192 10.7883
816 784  0.0352  0.1263 10.1293
848 784 -0.0319 -0.2850 10.7443
880 784 -0.1625 -0.0522 13.1961
912 784  0.0133 -0.0905 11.4617
944 784 -0.4335 -0.2785 10.1019
976 784 -0.2787 -0.1604  4.6257
1008 784 -0.0637  0.1189 29.9414
1040 784  0.0570 -0.1056 62.5266
1072 784 -0.1630  0.0395 65.3199
1104 784 -0.1420  0.0280 140.0834
1136 784 -0.1879  0.0496 62.4060
1168 784 -0.2056 -0.0058 80.9086
 16 816  0.0379  0.0027 36.0414
 48 816  0.0416 -0.0475 367.6769
 80 816  0.0366 -0.0402 28.5517
112 816  0.0383 -0.0606 119.2773
144 816  0.0592 -0.0785 101.6934
176 816 -0.0027 -0.3390 32.8753
208 816  0.1031 -0.3136 145.3728
240 816 -0.1088 -0.7646 40.8125
272 816 -0.0149 -0.6712 108.2967
304 816  1.1140 -0.5210 166.8451
336 816  0.3899 -0.6204 242.9971
368 816 -0.3781 -0.9539 48.1446
400 816 -0.0810 -1.0960 17.2750
432 816  0.1643 -1.5386  9.5556
464 816  0.6088 -0.1812 10.8171
496 816  0.1816 -0.2266 10.9331
528 816  0.2422 -0.0932  8.6489
560 816 -0.0774 -0.1517 57.1309
592 816 -0.0723 -0.0898 59.2001
624 816 -0.0492 -0.0223 58.9470
656 816 -0.0713  0.0640 24.8527
688 816 -0.0295  0.0538 12.5765
720 816 -0.0508  0.0406 10.9614
752 816 -0.3755  0.0581  9.1268
784 816 -0.2210 -0.0278 11.3972
816 816 -0.0815 -0.1808  8.8658
848 816  0.0055  0.0134 11.2162
880 816  0.1392  0.3383 13.5325
912 816 -0.1647  0.0502 14.2794
944 816 -0.4444  0.0729  5.1651
976 816 -0.0441  0.2669  4.5426
1008 816  0.2691  0.1983 43.0484
1040 816  0.0607 -0.0366 169.4945
1072 816 -0.1561 -0.0543 91.9721
1104 816 -0.2154 -0.0620 94.6683
1136 816 -0.1316  0.0895 246.6606
1168 816 -0.2404 -0.0271 120.2708
 16 848  0.2012 -0.0013 47.8909
 48 848  0.0680  0.0156 43.8317
 80 848  0.0453 -0.0144 94.5296
112 848  0.0373 -0.1322 72.7275
144 848  0.1077 -0.1934 65.0030
176 848  0.0984 -0.0682 25.7675
208 848  0.1000 -0.2593 77.4090
240 848  0.3842 -0.5485 215.6408
272 848  0.3270 -0.8318 96.9602
304 848  0.9631 -1.2647 112.6839
336 848  2.4372 -0.3828 19.6690
368 848  3.1351  0.9617 14.1239
400 848  0.2283 -0.1322 23.1386
432 848  0.1028 -0.1461 11.2845
464 848  0.0780 -0.1004 11.8533
496 848  0.0273 -0.0312  9.7514
528 848  0.0565  0.0190  9.1031
560 848 -0.0547  0.0726 33.9735
592 848 -0.0283 -0.0023 89.4733
624 848 -0.0551  0.0406 63.2375
656 848 -0.0145  0.0711 164.4622
688 848 -0.0301  0.0136 21.1380
720 848 -0.0096  0.0362 10.8153
752 848 -0.2479  0.3590  7.4064
784 848 -0.0055  0.0640 12.2543
816 848 -0.0184  0.0380 13.2568
848 848 -0.0817 -0.0003 11.3197
880 848 -0.0355 -0.0429 23.0996
912 848 -0.1659  0.1635  9.4677
944 848 -0.2035  0.3266  8.9212
976 848  0.0810  0.2106 22.2104
1008 848  0.2263 -0.3465 38.4629
1040 848  0.1167 -0.3030 73.7272
1072 848 -0.0674 -0.1569 73.2255
1104 848 -0.3150 -0.1212 103.2678
1136 848 -0.2703  0.0204 244.3059
1168 848 -0.1911 -0.0281 118.5641
 16 880  0.0531  0.0017 22.3173
 48 880  0.0712  0.0069 49.7333
 80 880  0.3525 -0.0373 109.5939
112 880  0.3346 -0.0247 236.4457
144 880  0.1423 -0.0663 84.6128
176 880  0.3249 -0.3654 283.5320
208 880  0.2588 -0.2448 70.1068
240 880  0.2253 -0.3578 32.2297
272 880  1.2955 -1.4911 102.0972
304 880  1.6328 -1.2191 37.0195
336 880  1.6371 -0.2556 21.6827
368 880  0.0360  0.0354 14.8978
400 880 -0.0039  0.0986  9.5679
432 880  0.0027  0.0283 17.8831
464 880  0.0250  0.0216 11.7315
496 880 -0.0714 -0.0203  4.8676
528 880 -0.0107  0.0050 13.9155
560 880 -0.0427  0.0968 19.9984
592 880 -0.0486  0.0574 72.4960
624 880 -0.0697  0.0681 83.2923
656 880 -0.0625  0.1106 55.7189
688 880 -0.0649  0.0885 97.3881
720 880 -0.0086  0.0170 18.2740
752 880  0.0539 -0.0722 13.4227
784 880 -0.0280  0.0195 10.1226
816 880  0.0101  0.1336 10.0408
848 880 -0.1341 -0.0126 13.3128
880 880 -0.0501 -0.0503 11.9086
912 880 -0.0521  0.0384 13.7579
944 880  0.0383  0.0459 27.3871
976 880  0.4623  0.3919 29.0830
1008 880  0.0818 -0.4112 79.9460
1040 880  0.0972 -0.7602 62.9555
1072 880 -0.0061 -0.2431 22.1739
1104 880 -0.0502 -0.2869 173.9579
1136 880 -0.1422 -0.1015 120.0166
1168 880 -0.0845 -0.1013 181.1323
 16 912  0.0375 -0.0088 148.6146
 48 912  0.1390 -0.0332 17.8657
 80 912  0.0883 -0.0467 218.7276
112 912  0.2111 -0.1608 102.7437
144 912  0.0306 -0.2486 334.5652
176 912  0.2495 -0.3111 253.6009
208 912  0.1752 -0.1585 46.3657
240 912  0.6529 -0.8208 194.6779
272 912  0.6501 -1.0504 138.8766
304 912  0.4174 -0.5626 59.2573
336 912  0.1973 -0.1369 21.2489
368 912  0.0562  0.2715 10.7284
400 912  0.0468  1.2510 13.0812
432 912 -0.0513  0.2180 12.2714
464 912 -0.0032  0.0562  5.6135
528 912 -0.0101  0.0140  4.6539
560 912  0.0093 -0.0115 11.7310
592 912 -0.0168  0.0155 26.0525
624 912  0.0037  0.1243 23.6181
656 912 -0.0469  0.1451 89.5160
688 912 -0.0773  0.0957 61.8167
720 912 -0.0510 -0.0367 11.8502
752 912  0.1816 -0.0731  7.0350
784 912 -0.0440 -0.0361 19.5993
816 912 -0.0830 -0.0072 10.4186
848 912 -0.1738  0.0297 10.2726
880 912  0.0922 -0.0549  7.9052
912 912 -0.0361  0.0689  8.4934
944 912 -0.0190  0.1161  8.9208
976 912  0.0871  0.1631  9.6247
1008 912  0.3453  0.4288  8.6800
1040 912  1.4931  0.4561 11.5469
1072 912 -0.0542  2.5630 79.2604
1104 912 -0.0098 -0.2019 137.0984
1136 912 -0.0860 -0.1314 138.0038
1168 912 -0.1117 -0.0455 109.1344
 16 944  0.0694  0.0035 18.8415
 48 944  0.0943 -0.0478 46.9923
 80 944  0.2645 -0.0342 47.7766
112 944  0.1322 -0.0620 247.4731
144 944  0.2228 -0.0862 163.3916
176 944  0.1649 -0.2431 202.3327
208 944  0.2868 -0.3940 252.2272
240 944  0.1805 -0.4658 16.6165
272 944  0.8277 -1.0271 104.5157
304 944  0.2856 -0.3722 25.0793
336 944 -0.0662  0.1085 12.9577
368 944 -0.1120  0.1585 12.9683
400 944 -0.1015  0.3196 14.5790
432 944  0.0368  0.0708  7.4563
464 944  0.0651  0.0555  4.5471
496 944 -0.0034  0.0588  8.9694
528 944 -0.0374  0.0319  4.8132
592 944  0.0244 -0.0254  5.8102
624 944  0.0079 -0.0064 21.8636
656 944 -0.0326  0.0094 28.6126
688 944 -0.0726  0.1469 76.4936
720 944 -0.0786 -0.0319  6.9797
752 944  0.0921 -0.0435  5.3251
784 944 -0.0168 -0.0251  4.6123
816 944  0.0313 -0.0092  4.4126
848 944 -0.0070  0.0288  7.7160
880 944  0.2279 -0.1035  7.0332
912 944 -0.0087  0.0595  7.1422
944 944 -0.0451  0.1292 13.9570
976 944 -0.0761  0.2275 13.3431
1008 944 -0.3069  0.4048 10.2392
1040 944 -0.2967  2.4516  8.0284
1072 944 -0.0990  2.2362 58.1034
1104 944  0.0558 -0.0834 56.8818
1136 944 -0.0352 -0.0877 29.3564
1168 944 -0.0847 -0.0561 114.8951
 16 976  0.1375 -0.0016 53.5286
 48 976  0.1631 -0.0147 32.1544
 80 976  0.1259 -0.0330 31.4583
112 976  0.2190 -0.1177 192.2002
144 976  0.3879 -0.0311 196.4258
176 976  0.0448 -0.0935 16.3186
208 976  0.1829 -0.1017 123.3212
240 976  0.1140 -0.3648 20.8655
272 976  0.0775 -0.7848 55.9739
304 976  0.0127 -1.0629 42.8269
336 976 -0.2083  0.4482 15.6524
368 976  0.0204  1.9729  6.5495
400 976  0.0042  0.9291  5.1941
432 976  0.1512  0.2729  6.7547
464 976  0.1726  0.1147 49.6656
496 976  0.2867 -0.1179 24.4838
528 976 -0.0256  0.0301 35.3713
560 976 -0.0813  0.0877  7.4859
592 976  0.0670  0.1453  6.8719
624 976 -0.0944  0.1724  6.6783
656 976 -0.0115  0.0058  8.2378
688 976 -0.0158 -0.0239 10.0039
720 976 -0.0416 -0.0450  4.6278
784 976  0.0149  0.0092  4.2640
816 976  0.0062  0.0045 12.3340
848 976 -0.0417  0.0182 29.9483
880 976 -0.1973  0.1529  7.9769
912 976 -0.0445  0.1182 11.4998
944 976 -0.1458  0.3210  8.7540
976 976 -0.0880  0.1668  9.2645
1008 976 -0.0200  0.0114 10.7889
1040 976 -0.0081  0.0756 26.7334
1072 976  0.0563  0.0073 33.5167
1104 976 -0.0480 -0.1201 84.6173
1136 976 -0.0033 -0.1092 138.9644
1168 976 -0.0578 -0.0920 78.4216
 16 1008  0.0678 -0.0103 210.0915
 48 1008  0.0924 -0.0673 38.7330
 80 1008  0.1087  0.0197 26.9036
112 1008  0.1326 -0.0339 76.8267
144 1008  0.5512 -0.1302 167.3071
176 1008  0.3325 -0.2336 102.1102
208 1008  0.1403 -0.1470 156.3243
240 1008 -0.0062 -0.2808 31.2992
272 1008  0.1387 -0.2784 58.0100
304 1008  0.0251 -0.3996 25.3703
336 1008 -0.9466 -0.8818 31.4251
368 1008 -0.4972 -0.0868 38.2513
400 1008 -0.0562  0.1553 73.9446
432 1008  0.0508  0.0496 27.7375
464 1008  0.8052  0.2472 77.2446
496 1008  0.0405 -0.0277 22.2039
528 1008  0.0198 -0.0221 17.0646
560 1008 -0.0031 -0.0183 10.5375
592 1008 -0.0773 -0.0211  5.1376
624 1008  0.0859 -0.0372  5.6854
656 1008 -0.1674  0.0801  9.5277
752 1008  0.0081  0.0081  4.0434
784 1008 -0.0061  0.0077  6.0494
816 1008  0.0239  0.0272 24.2258
848 1008 -0.0806  0.0398 66.9129
880 1008 -0.0292  0.0432 30.3489
912 1008 -0.0793  0.0672 11.2651
944 1008 -0.0383  0.0908 10.3317
976 1008 -0.0236  0.0827 15.8379
1008 1008 -0.0989  0.3428 10.2893
1040 1008 -0.0054  0.2846 23.2804
1072 1008 -0.0018  0.0223 59.4548
1104 1008 -0.0204 -0.0402 157.5498
1136 1008 -0.0317 -0.0142 20.0520
1168 1008 -0.0782 -0.0413 47.5980
 16 1040  0.0641  0.0075 33.5619
 48 1040  0.4341 -0.0088 104.6250
 80 1040  0.3806 -0.0601 136.9271
112 1040  0.2560 -0.0431 209.4474
144 1040  0.1287 -0.0682 82.3695
176 1040  0.0962 -0.1208 196.7565
208 1040  0.1327 -0.1259 250.9162
240 1040  0.0553 -0.1029 195.4363
272 1040  0.0281 -0.3215 98.4564
304 1040 -0.0068 -0.2447 51.2527
336 1040 -0.0237 -0.1428 26.1174
368 1040 -0.2324 -0.1190 66.6301
400 1040  0.0822 -0.0006 80.1090
432 1040  0.3628 -0.1164 145.4799
464 1040  0.0708 -0.0161 24.8205
496 1040  0.1357 -0.1263 25.2731
528 1040  0.0822 -0.0512 16.2085
560 1040  0.0081 -0.0075 13.3015
592 1040  0.0087  0.0019 19.7523
624 1040 -0.0018  0.0104 16.9217
656 1040 -0.0995  0.0049 11.3787
752 1040  0.0170 -0.0002  5.4679
784 1040 -0.0149  0.0136 15.4737
816 1040 -0.0048  0.0218 25.2977
848 1040 -0.0475  0.0300 34.9889
880 1040 -0.0579 -0.0033 16.8320
912 1040 -0.0532  0.0679 108.1275
944 1040 -0.0260  0.0905 56.0257
976 1040 -0.0697  0.0896 127.1836
1008 1040 -0.0202  0.0369 54.8611
1040 1040 -0.0211  0.0045 78.4845
1072 1040  0.0000 -0.0181 67.2539
1104 1040 -0.0456 -0.0147 33.9522
1136 1040 -0.0059 -0.0328 42.3678
1168 1040 -0.0308 -0.1222 95.7582
 16 1072  0.0638  0.0048 134.5852
 48 1072  0.3389 -0.0225 118.5034
 80 1072  0.1890 -0.0221 283.4943
112 1072  0.1007 -0.0315 217.8738
144 1072  0.0580  0.0049 16.5444
176 1072  0.1997 -0.0955 55.0330
208 1072  0.0640 -0.1980 54.9187
240 1072  0.0733 -0.1854 32.7891
272 1072  0.1150 -0.2339 101.1517
304 1072  0.0484 -0.0766 21.0882
336 1072  0.0371 -0.1592 169.6834
368 1072  0.0368 -0.0769 198.3828
400 1072  0.1023 -0.0282 21.5239
432 1072  0.0928 -0.0660 126.1034
464 1072  0.0829 -0.0464 25.1079
496 1072  0.0913 -0.1219 18.5921
528 1072  0.1247 -0.2331 60.2832
560 1072  0.0278 -0.2493 14.6856
592 1072  0.0559  0.0166  9.0894
624 1072 -0.0144 -0.0035 12.4763
656 1072 -0.0416  0.0536 25.5420
688 1072 -0.0351  0.0363  4.2463
752 1072  0.0027 -0.0027  4.2314
784 1072  0.0465 -0.0428  7.3950
816 1072  0.0207 -0.0450 12.6998
848 1072  0.0142 -0.0050 27.0015
880 1072 -0.0098  0.0072 20.0520
912 1072  0.0027  0.0136 23.3594
944 1072  0.0484 -0.0091 68.5036
976 1072 -0.0196 -0.0111 28.9652
1008 1072  0.0092  0.0053 27.6254
1040 1072 -0.0041  0.0099 128.7740
1072 1072 -0.0045  0.0166 24.7193
1104 1072 -0.0167 -0.0387 164.1886
1136 1072  0.0141 -0.0125 18.9676
1168 1072 -0.0084 -0.0305 85.1515
 16 1104  0.1340 -0.0141 27.6224
 48 1104  0.1124 -0.0426 64.9781
 80 1104  0.0527 -0.0084 16.0927
112 1104  0.0622 -0.0725 208.6791
144 1104  0.1007 -0.0276 140.3563
176 1104  0.1416 -0.0851 86.8364
208 1104  0.0675 -0.0588 45.2476
240 1104  0.0523 -0.1459 294.2793
272 1104  0.2206 -0.1001 119.8334
304 1104  0.1636 -0.1610 69.7346
336 1104  0.3913 -0.1109 229.6868
368 1104  0.1581 -0.1152 128.4228
400 1104  0.1318 -0.1589 65.8207
432 1104  0.1463 -0.0874 63.5064
464 1104  0.2197 -0.1437 108.8329
496 1104  0.0056 -0.0631 12.1544
528 1104  0.0422 -0.0640 18.4436
560 1104 -0.0039 -0.0246 12.5786
592 1104 -0.0045 -0.0734 24.2805
624 1104 -0.0100 -0.0311 20.8168
656 1104  0.0018  0.0073 18.9803
688 1104 -0.1075  0.0863  6.3823
848 1104  0.0141 -0.0725  5.1129
880 1104  0.0354 -0.1186  6.4448
912 1104  0.0089 -0.0669 13.5838
944 1104 -0.0214 -0.0457 14.9521
976 1104  0.0219 -0.0413  9.2831
1008 1104  0.0093 -0.0275 21.0193
1040 1104  0.0373 -0.0372 29.7915
1072 1104  0.0271  0.0242 19.4664
1104 1104  0.0178  0.0022 19.9142
1136 1104  0.0128  0.0060 16.4190
1168 1104  0.0049  0.0149 39.0633
 16 1136  0.0179 -0.0058 18.4310
 48 1136  0.0754 -0.0255 104.1125
 80 1136  0.2720 -0.0409 191.7911
112 1136  0.0217 -0.0562 25.0486
144 1136  0.0758 -0.0552 133.2913
176 1136  0.0625 -0.0819 276.7854
208 1136  0.0706 -0.1425 88.9822
240 1136  0.0784 -0.1295 148.0936
272 1136  0.0751 -0.0733 110.5166
304 1136  0.0895 -0.0909 76.5113
336 1136  0.0916 -0.0670 94.4521
368 1136  0.1063 -0.0835 187.0460
400 1136  0.0988 -0.0829 110.2241
432 1136  0.1063 -0.2677 35.7456
464 1136  0.0715 -0.0531 40.3861
496 1136  0.0492 -0.2182 36.7006
528 1136 -0.0092 -0.0189 15.4047
560 1136  0.0309 -0.0262 18.5172
592 1136  0.0251  0.0080 11.2166
624 1136 -0.0283 -0.0066 30.1220
656 1136  0.0270 -0.0180 30.1283
688 1136 -0.0243  0.0216 14.9475
720 1136  0.0117  0.1567  6.6735
752 1136 -0.0455  0.1431  5.8675
784 1136  0.0897  0.0728  5.7415
816 1136  0.0457  0.0807 10.9585
848 1136 -0.1075  0.1222 10.9564
880 1136 -0.0670  0.2114  4.5051
976 1136  0.0020 -0.0019  4.3401
1008 1136 -0.0181 -0.0275  5.1777
1040 1136  0.0305 -0.0275  4.7954
1072 1136  0.0266 -0.1066  5.5354
1104 1136  0.0428 -0.0404  8.6125
1136 1136 -0.0059  0.0152 10.0664
1168 1136 -0.0057  0.0020 18.5490
 16 1168  0.0594 -0.0322 26.5715
 48 1168  0.0478  0.0013 14.2987
 80 1168  0.1905 -0.0322 24.4345
112 1168  0.0390 -0.0353 101.3641
144 1168  0.1964 -0.0471 82.4236
176 1168  0.0934 -0.1235 73.4777
208 1168  0.2743 -0.1139 161.5525
240 1168  0.0502 -0.0613 43.4436
272 1168  0.0553 -0.0919 149.4475
304 1168  0.0731 -0.0713 105.4813
336 1168  0.0610 -0.1070 130.4422
368 1168  0.1908 -0.0982 151.9045
400 1168  0.0611 -0.2617 276.9188
432 1168  0.1391 -0.0527 69.5826
464 1168  0.2363 -0.1371 42.7190
496 1168  0.0064 -0.0378 22.2492
528 1168  0.0313 -0.0401 12.4063
560 1168 -0.0142  0.0352 10.5994
592 1168  0.0283 -0.0514 13.8385
624 1168 -0.0278  0.0111 16.2607
656 1168 -0.0191 -0.0218 17.0106
688 1168 -0.0096 -0.0137 18.7427
720 1168 -0.0028  0.0050 13.1248
752 1168  0.0032  0.0086 11.5605
784 1168  0.0517  0.0770  9.0575
816 1168  0.0458  0.0193 13.1729
848 1168  0.0042  0.0125 14.9036
880 1168  0.0140 -0.0029 13.3384
912 1168 -0.0504  0.0665 12.4420
944 1168 -0.0640  0.2560  5.8748
976 1168 -0.0336  0.2991  5.0379
1104 1168 -0.0210 -0.0339  4.2576
1136 1168  0.0348 -0.0546  4.6478
1168 1168 -0.0256 -0.0125  4.6953
 16 1200  0.0658  0.0310 33.5189
 48 1200  0.0740  0.0113 20.9836
 80 1200  0.0302  0.0058 19.7839
112 1200 -0.0037 -0.0056 36.7295
144 1200  0.1189 -0.0472 104.6901
176 1200  0.0191 -0.0355 166.1285
208 1200  0.1758 -0.0562 69.3300
240 1200  0.0555 -0.0605 229.0356
272 1200  0.2415 -0.1583 55.6902
304 1200  0.0327 -0.0470 14.3431
336 1200  0.0871 -0.0770 185.8229
368 1200  0.0827 -0.1053 69.4437
400 1200  0.1788 -0.1602 300.7601
432 1200  0.0241 -0.0705 14.7083
464 1200  0.0239 -0.0869 12.2489
496 1200  0.0160  0.0171 15.3755
528 1200 -0.0169 -0.0018 14.6767
560 1200 -0.0003 -0.0117 11.7272
592 1200 -0.0081  0.0091 14.3402
624 1200  0.0254 -0.0396 45.4702
656 1200  0.0137  0.0167 43.3765
688 1200  0.0269  0.0374 10.9269
720 1200 -0.0090 -0.0075 19.1698
752 1200 -0.0139 -0.0006 16.0693
784 1200  0.0037 -0.0295 11.0607
816 1200  0.0075 -0.0163 12.4212
848 1200  0.0346  0.0017 12.1615
880 1200  0.0239  0.0059 12.5905
912 1200 -0.0033  0.0048 15.0202
944 1200 -0.0076  0.0054 15.1226
976 1200  0.0058 -0.0043 15.1879
1008 1200 -0.0303  0.0654 12.5077
1040 1200 -0.0223  0.1663  8.3432
1072 1200 -0.0727  0.1719  6.4266
1104 1200 -0.0262  0.2663  5.0642
1136 1200 -0.0236  0.3250  4.5110
1168 1200 -0.0108  0.3089  4.3574
 16 1232  0.0695  0.0110 106.3559
 48 1232  0.1056 -0.0509 28.5086
 80 1232  0.0702 -0.0096 167.8573
112 1232  0.0619 -0.0057 62.3300
144 1232  0.0632 -0.0305 63.8140
176 1232  0.1879 -0.0623 200.1939
208 1232  0.0831 -0.0933 142.2958
240 1232  0.2230 -0.0436 50.0852
272 1232  0.0752 -0.0691 39.8946
304 1232  0.0707 -0.2921 78.1478
336 1232  0.1053 -0.1017 165.5546
368 1232  0.1558 -0.0821 149.7229
400 1232  0.0610 -0.0892 169.8065
432 1232  0.1449 -0.0530 20.9913
464 1232  0.0739 -0.0283 31.0786
496 1232 -0.0111 -0.0290 22.7752
528 1232 -0.0394  0.0198 11.6823
560 1232  0.0256  0.0019 17.2500
592 1232  0.0100  0.0106 19.5300
624 1232 -0.0049  0.0190 14.3936
656 1232 -0.0172 -0.0196 13.3761
688 1232 -0.0313 -0.0199 10.2442
720 1232  0.0122 -0.0114 12.8347
752 1232  0.0184 -0.0114 19.3336
784 1232  0.0541 -0.0202 14.2352
816 1232 -0.0073  0.0316 19.6016
848 1232 -0.0227  0.0222 12.9571
880 1232  0.0396  0.0129 11.5001
912 1232 -0.0336  0.0139 13.7597
944 1232 -0.0116 -0.0064 12.9011
976 1232  0.0458 -0.0293 11.0420
1008 1232  0.0135  0.0255 14.0869
1040 1232 -0.0004 -0.0128 15.8124
1072 1232 -0.0094 -0.0050 12.1856
1104 1232 -0.0287 -0.0079 12.7101
1136 1232 -0.0060 -0.0046 11.7221
1168 1232 -0.0153 -0.0246 12.6318
 16 1264  0.0415 -0.0138 45.1325
 48 1264  0.1311 -0.0207 29.3160
 80 1264  0.1719 -0.0021 355.1925
112 1264  0.1457 -0.0405 138.4710
144 1264  0.1021 -0.0588 118.9941
176 1264  0.0774 -0.0547 83.5468
208 1264  0.1570 -0.0720 64.2064
240 1264  0.0215 -0.1553 90.5555
272 1264  0.0532 -0.0818 78.9571
304 1264  0.0660 -0.0808 43.7850
336 1264  0.1661  0.0097 256.0835
368 1264  0.0291 -0.0927 253.5151
400 1264  0.1140 -0.2708 122.4200
432 1264  0.1741 -0.1561 246.7430
464 1264  0.0114 -0.0449 44.6568
496 1264  0.0020 -0.0138 16.2479
528 1264  0.0030 -0.0228 14.2784
560 1264  0.0102  0.0010 12.1137
592 1264  0.0086  0.0033 14.4575
624 1264 -0.0072 -0.0028 20.3170
656 1264 -0.0092 -0.0136 18.7190
688 1264  0.0560 -0.0050 11.3979
720 1264  0.0316  0.0004 12.2057
752 1264 -0.0124  0.0061 24.5601
784 1264  0.0268  0.0022 11.1336
816 1264  0.0242 -0.0269 16.9409
848 1264 -0.0076 -0.0183 11.8324
880 1264  0.0043 -0.0070  9.6432
912 1264 -0.0044 -0.0477 11.0831
944 1264 -0.0182 -0.0313 14.6266
976 1264 -0.0135 -0.0069 10.3152
1008 1264 -0.0463  0.0005 10.1950
1040 1264 -0.0549  0.0177 10.6132
1072 1264  0.0531 -0.0479 10.2994
1104 1264 -0.0949  0.0302 10.5069
1136 1264  0.0625 -0.0107 11.0520
1168 1264  0.0056  0.0107 13.1605
 16 1296  0.0658 -0.0001 19.1805
 48 1296  0.0269 -0.0237 17.4726
 80 1296  0.0268 -0.0377 22.4854
112 1296  0.0320 -0.0202 23.5444
144 1296  0.0620 -0.0574 23.9295
176 1296  0.1840 -0.0747 98.3235
208 1296  0.1550 -0.0932 200.7508
240 1296  0.0651  0.0022 33.1577
272 1296 -0.0308 -0.0418 55.6494
304 1296  0.0570 -0.0724 40.6168
336 1296  0.1834  0.0032 94.6183
368 1296  0.4332 -0.0983 120.7332
400 1296  0.1059 -0.0268 110.0445
432 1296  0.1146 -0.1092 41.0866
464 1296  0.0127 -0.0011 43.9663
496 1296 -0.0014  0.0166 16.6064
528 1296 -0.0102 -0.0079 11.2459
560 1296 -0.0020 -0.0100 14.6451
592 1296  0.0151  0.0023 15.7541
624 1296  0.0467 -0.0015 11.1550
656 1296  0.0348  0.0252 12.5833
688 1296  0.0148 -0.0002 12.1793
720 1296 -0.0134  0.0128 11.6540
752 1296 -0.0089  0.0069 15.4236
784 1296 -0.0089 -0.0096 10.9493
816 1296  0.0283 -0.0234 10.9100
848 1296 -0.0059  0.0209 11.4496
880 1296  0.0018  0.0109 10.5793
912 1296 -0.0159  0.0027 12.3495
944 1296 -0.0066 -0.0066 12.5680
976 1296  0.0360 -0.0358 11.0586
1008 1296  0.0042 -0.0247  9.5799
1040 1296 -0.0055  0.0047  8.3250
1072 1296 -0.0190 -0.0087  9.1860
1104 1296 -0.0232 -0.0119 10.4200
1136 1296 -0.0049  0.0136 10.1226
1168 1296  0.0294 -0.0054  9.5354
  0   0  0.0563 -0.0294  0.0000
  0   0 -0.0056  0.0041  0.0000
  0   0  0.0623 -0.0086  0.0000
  0   0  0.0568  0.0040  0.0000
  0   0  0.1083 -0.0130  0.0000
  0   0  0.0742 -0.0416  0.0000
  0   0  0.0631 -0.0598  0.0000
  0   0  0.0663 -0.0633  0.0000
  0   0  0.0898 -0.0894  0.0000
  0   0  0.1440 -0.1038  0.0000
  0   0  0.1213 -0.0995  0.0000
  0   0  0.0610 -0.0408  0.0000
  0   0  0.0264 -0.0413  0.0000
  0   0  0.1112 -0.0415  0.0000
  0   0  0.2448 -0.0019  0.0000
  0   0  0.3804 -0.0287  0.0000
  0   0  0.2147 -0.0028  0.0000
  0   0  0.1286 -0.0183  0.0000
  0   0  0.0167  0.0491  0.0000
  0   0 -0.0349  0.0956  0.0000
  0   0 -0.0648  0.1088  0.0000
  0   0 -0.0626  0.0987  0.0000
  0   0 -0.0276  0.0822  0.0000
  0   0  0.0097  0.0630  0.0000
  0   0  0.0161  0.0576  0.0000
  0   0  0.0053  0.0327  0.0000
  0   0 -0.0115  0.0243  0.0000
  0   0 -0.0126  0.0120  0.0000
  0   0 -0.0114 -0.0032  0.0000
  0   0 -0.0007 -0.0104  0.0000
  0   0 -0.0152  0.0102  0.0000
  0   0 -0.0146  0.0089  0.0000
  0   0 -0.0223  0.0030  0.0000
  0   0 -0.0111 -0.0052  0.0000
  0   0  0.0152 -0.0205  0.0000
  0   0  0.0049 -0.0127  0.0000
  0   0 -0.0021  0.0073  0.0000
  0   0 -0.0062  0.0039  0.0000
  0   0  0.0008  0.0003  0.0000
  0   0  0.0269  0.0068  0.0000
  0   0  0.0597 -0.0069  0.0000
  0   0  0.0769 -0.0193  0.0000
  0   0  0.0661 -0.0115  0.0000
  0   0  0.0967 -0.0151  0.0000
  0   0  0.1110 -0.0109  0.0000
  0   0  0.1372 -0.0349  0.0000
  0   0  0.1088 -0.0664  0.0000
  0   0  0.0926 -0.0908  0.0000
  0   0  0.0880 -0.1071  0.0000
  0   0  0.0953 -0.1248  0.0000
  0   0  0.1105 -0.1301  0.0000
  0   0  0.0990 -0.1148  0.0000
  0   0  0.0810 -0.0744  0.0000
  0   0  0.0966 -0.0495  0.0000
  0   0  0.1786 -0.0267  0.0000
  0   0  0.2846  0.0052  0.0000
  0   0  0.3494  0.0176  0.0000
  0   0  0.2651  0.0444  0.0000
  0   0  0.1552  0.0693  0.0000
  0   0  0.0328  0.1257  0.0000
  0   0 -0.0547  0.1766  0.0000
  0   0 -0.1048  0.2011  0.0000
  0   0 -0.1115  0.1953  0.0000
  0   0 -0.0815  0.1697  0.0000
  0   0 -0.0419  0.1354  0.0000
  0   0 -0.0176  0.1029  0.0000
  0   0 -0.0102  0.0669  0.0000
  0   0 -0.0130  0.0400  0.0000
  0   0 -0.0149  0.0181  0.0000
  0   0 -0.0171  0.0016  0.0000
  0   0 -0.0183 -0.0049  0.0000
  0   0 -0.0263  0.0018  0.0000
  0   0 -0.0287  0.0033  0.0000
  0   0 -0.0293  0.0014  0.0000
  0   0 -0.0194 -0.0023  0.0000
  0   0 -0.0037 -0.0065  0.0000
  0   0 -0.0008 -0.0003  0.0000
  0   0  0.0014  0.0108  0.0000
  0   0  0.0079  0.0121  0.0000
  0   0  0.0244  0.0092  0.0000
  0   0  0.0528  0.0060  0.0000
  0   0  0.0844 -0.0054  0.0000
  0   0  0.1071 -0.0165  0.0000
  0   0  0.1199 -0.0207  0.0000
  0   0  0.1436 -0.0261  0.0000
  0   0  0.1649 -0.0289  0.0000
  0   0  0.1609 -0.0609  0.0000
  0   0  0.1348 -0.0972  0.0000
  0   0  0.1138 -0.1294  0.0000
  0   0  0.0997 -0.1544  0.0000
  0   0  0.0909 -0.1698  0.0000
  0   0  0.0840 -0.1680  0.0000
  0   0  0.0774 -0.1443  0.0000
  0   0  0.0894 -0.1033  0.0000
  0   0  0.1442 -0.0601  0.0000
  0   0  0.2438 -0.0190  0.0000
  0   0  0.3466  0.0199  0.0000
  0   0  0.3890  0.0546  0.0000
  0   0  0.3265  0.0952  0.0000
  0   0  0.1930  0.1467  0.0000
  0   0  0.0368  0.2120  0.0000
  0   0 -0.0924  0.2728  0.0000
  0   0 -0.1675  0.3069  0.0000
  0   0 -0.1813  0.3029  0.0000
  0   0 -0.1470  0.2664  0.0000
  0   0 -0.0935  0.2118  0.0000
  0   0 -0.0477  0.1527  0.0000
  0   0 -0.0215  0.0972  0.0000
  0   0 -0.0131  0.0521  0.0000
  0   0 -0.0152  0.0194  0.0000
  0   0 -0.0225 -0.0006  0.0000
  0   0 -0.0315 -0.0080  0.0000
  0   0 -0.0401 -0.0060  0.0000
  0   0 -0.0440 -0.0024  0.0000
  0   0 -0.0416 -0.0004  0.0000
  0   0 -0.0317  0.0007  0.0000
  0   0 -0.0186  0.0033  0.0000
  0   0 -0.0084  0.0105  0.0000
  0   0  0.0017  0.0190  0.0000
  0   0  0.0171  0.0222  0.0000
  0   0  0.0421  0.0189  0.0000
  0   0  0.0757  0.0101  0.0000
  0   0  0.1113 -0.0032  0.0000
  0   0  0.1420 -0.0172  0.0000
  0   0  0.1677 -0.0289  0.0000
  0   0  0.1932 -0.0391  0.0000
  0   0  0.2188 -0.0481  0.0000
