VARIABLES= "X pix", "Y pix", "U pix/dt", "V pix/dt", "CHC", ZONE I=37, J=41
304  16 -0.0651 -0.0109 59.5809
336  16 -0.0667 -0.0738 18.9118
368  16 -0.0647 -0.0739 24.6753
400  16 -0.0474 -0.0909 88.5845
496  16 -0.0350 -0.1071 89.0435
528  16 -0.0335 -0.0703 39.0095
560  16 -0.0165 -0.0433 40.9600
592  16  0.0147 -0.0340 50.5679
624  16  0.0762 -0.0385 54.6133
656  16  0.0505 -0.0156 46.5454
688  16  0.0313  0.0392 273.0666
304  48  0.0280  0.0651 52.5128
336  48  0.0300  0.0779 29.4676
368  48  0.0354  0.1268 110.7027
496  48  0.0800  0.2488 71.8596
528  48  0.0584  0.1948 27.3067
560  48  0.0631  0.2656 40.1569
592  48  0.0693  0.3659 117.0285
688  48  0.0232  0.2196 227.5554
720  48 -0.0309  0.1025 29.2571
752  48 -0.0587  0.0375 36.2478
784  48 -0.0193  0.0000 32.8318
816  48  0.0694 -0.0126 107.7894
304  80  0.0472 -0.0261 49.3494
336  80  0.0459 -0.0601 30.7970
368  80  0.0375 -0.0479 50.5679
400  80  0.0270 -0.0349 47.0804
432  80  0.0334 -0.0219 43.5745
464  80  0.0244  0.0067 4095.9939
496  80  0.0155  0.0003 71.8596
528  80  0.0191  0.0178 28.4444
560  80  0.0097  0.0381 46.0225
592  80  0.0000  0.0101 43.1358
688  80 -0.0046  0.0429 341.3332
720  80 -0.0586 -0.0667 80.3137
752  80 -0.1003 -0.0844 87.1489
784  80 -0.0910 -0.0522 70.1997
816  80 -0.0696 -0.1456 85.5880
 16 144 -0.0865 -0.1705 197.3141
 48 144 -0.0419 -0.0623 109.0422
 80 144 -0.0275 -0.0459 111.8401
112 144 -0.0466 -0.0208 46.8130
144 144 -0.0406 -0.0678 101.3015
176 144 -0.0376 -0.0208 66.9763
208 144 -0.0154 -0.0343 133.4922
240 144 -0.0106 -0.0672 161.1446
272 144 -0.0184 -0.0138 77.6726
304 144 -0.0078  0.0026 51.2118
336 144 -0.0093  0.0103 34.8452
368 144  0.0786 -0.0013 132.8297
400 144  0.0192  0.0130 227.7793
432 144  0.0349  0.0599 194.1176
464 144  0.0324  0.0555 96.7961
496 144  0.0306  0.0390 202.7645
528 144 -0.0012  0.0278 66.8113
560 144  0.0732  0.2115 113.9946
592 144  0.0091  0.0164 161.5308
624 144  0.0116  0.0310 115.3795
656 144 -0.0111  0.0206 188.9265
688 144  0.0007  0.0108 113.7644
720 144 -0.0140  0.0194 110.7660
752 144 -0.0310  0.0206 79.7359
784 144 -0.0124  0.0167 42.3541
816 144  0.0927 -0.0130 135.4570
848 144  0.0230 -0.0056 154.1383
880 144  0.0354 -0.0457 57.0835
912 144  0.0233 -0.0033 140.9917
944 144 -0.0023  0.0017 102.6425
976 144  0.0100 -0.0032 85.5656
1008 144  0.0098  0.0351 91.6263
1040 144 -0.0083 -0.0052 62.8251
1072 144  0.0123 -0.0088 149.4668
1104 144  0.0000  0.0266 159.5319
1136 144 -0.0076  0.0268 154.9978
1168 144 -0.0080  0.0639 85.2980
 16 176 -0.0506 -0.1270 33.8963
 48 176 -0.0741 -0.1467 156.5419
 80 176 -0.0416 -0.1286 399.2366
112 176 -0.0064 -0.1307 165.4316
144 176 -0.0259 -0.0835 63.0443
176 176 -0.0110 -0.1114 113.5598
208 176 -0.0461 -0.0386 418.4442
240 176 -0.0317 -0.0937 263.5320
272 176 -0.0196 -0.0129 223.2590
304 176  0.0020 -0.0049 232.1809
336 176  0.0198  0.0072 262.3695
368 176 -0.0058  0.0013 257.6884
400 176  0.0055  0.0251 277.4040
432 176 -0.0040  0.0447 228.7144
464 176  0.0107  0.0370 179.0544
496 176  0.0171  0.0466 226.8449
528 176 -0.0030  0.0743 42.0933
560 176  0.0765  0.0552 84.0983
592 176  0.0277  0.0248 105.0503
624 176  0.0233  0.0065 115.4397
656 176 -0.0028  0.0203 212.7592
688 176  0.0068  0.0029 134.3442
720 176  0.0108  0.0246 105.5411
752 176  0.0143  0.0017 182.7962
784 176  0.0099 -0.0045 100.5396
816 176  0.0148  0.0365 65.9998
848 176 -0.0010 -0.0089 219.4337
880 176  0.0194 -0.0132 82.9891
912 176  0.0103  0.0121 156.2298
944 176 -0.0009 -0.0566 121.3248
976 176  0.0762 -0.0239 103.9202
1008 176  0.0168 -0.0017 132.9527
1040 176  0.0085  0.0340 39.0047
1072 176 -0.0183  0.0319 175.3836
1104 176 -0.0488  0.0384 75.7420
1136 176  0.0161  0.0327 166.6366
1168 176 -0.0330  0.0326 102.2049
 16 208  0.0000 -0.0447 53.7866
 48 208 -0.0068 -0.1096 331.5570
 80 208  0.0107 -0.1565 220.2941
112 208 -0.0852 -0.1245 156.0490
144 208 -0.0388 -0.0825 275.8015
176 208 -0.0263 -0.1130 212.4741
208 208 -0.0127 -0.0940 363.5728
240 208 -0.0390 -0.0356 88.5109
272 208 -0.0145 -0.0360 151.7893
304 208  0.0016  0.0033 193.8093
336 208 -0.0112 -0.0057 186.6247
368 208 -0.0102  0.0340 424.1652
400 208  0.0133  0.0282 132.3684
432 208  0.0124  0.0334 125.9676
464 208  0.0154  0.0516 333.1210
496 208  0.0017  0.0422 104.3032
528 208  0.0071  0.0628 177.3842
560 208  0.0147  0.0322 125.4134
592 208 -0.0172  0.0302 171.4666
624 208  0.0223  0.0017 41.5231
656 208  0.0147  0.0020 131.9968
688 208 -0.0145  0.0115 108.5851
720 208  0.0274 -0.0093 156.0463
752 208  0.0194 -0.0012 176.8479
784 208  0.0237 -0.0138 234.2258
816 208  0.0122 -0.0169 164.0703
848 208  0.0402 -0.0377 159.9850
880 208  0.0425 -0.0282 277.0648
912 208  0.0095 -0.0179 60.7077
944 208  0.0327 -0.0213 94.6071
976 208  0.0160 -0.0215 151.9632
1008 208  0.0426 -0.0071 140.0528
1040 208  0.0016  0.0137 122.4879
1072 208  0.0040  0.0133 115.4371
1104 208 -0.0428  0.0676 65.8634
1136 208 -0.0073  0.0342 91.3333
1168 208 -0.0136  0.0255 34.5430
 16 240 -0.1367 -0.1226 53.5799
 48 240 -0.0388 -0.0484 25.4132
 80 240 -0.1003 -0.1793 211.3676
112 240 -0.0846 -0.0604 236.7758
144 240 -0.0338 -0.0746 242.5430
176 240 -0.0846 -0.1107 251.9104
208 240 -0.0255 -0.0296 40.1742
240 240 -0.0619 -0.0526 254.9577
272 240 -0.0398 -0.0248 218.9275
304 240 -0.0152 -0.0280 269.8115
336 240 -0.0045 -0.0118 114.8714
368 240  0.0145  0.0582 411.2864
400 240 -0.0035  0.0122 28.3481
432 240  0.0184  0.0174 194.9896
464 240  0.0200  0.0146 216.6411
496 240 -0.0021  0.0828 217.3906
528 240 -0.0033  0.0230 87.7638
560 240  0.0253  0.0412 122.3792
592 240  0.0183  0.0247 198.0522
624 240  0.0163  0.0240 104.6707
656 240  0.0173  0.0225 73.7747
688 240  0.0516 -0.0048 109.9191
720 240 -0.0105  0.0013 87.3691
752 240  0.0135 -0.0164 187.2934
784 240  0.0242 -0.0042 80.2009
816 240 -0.0012 -0.0052 163.0693
848 240  0.0066 -0.0114 131.5655
880 240  0.0555 -0.0157 105.3184
912 240  0.0329 -0.0987 95.3468
944 240  0.0241 -0.0083 73.1462
976 240  0.0263 -0.0442 96.9441
1008 240  0.0281 -0.0042 82.6620
1040 240  0.0045  0.0133 152.5335
1072 240  0.0088  0.0341 123.4070
1104 240  0.0068  0.0041 123.5080
1136 240 -0.0173  0.0233 60.8615
1168 240 -0.0300  0.0794 82.9043
 16 272 -0.1050 -0.1291 32.1318
 48 272 -0.1647 -0.1962 225.3381
 80 272 -0.0787 -0.1708 227.9942
112 272 -0.1118 -0.1093 242.4034
144 272 -0.0643 -0.1943 67.1004
176 272 -0.1056 -0.0630 52.7996
208 272 -0.0643 -0.0886 234.4935
240 272 -0.0731 -0.0105 19.5367
272 272 -0.0247 -0.0173 126.2539
304 272 -0.0148 -0.0229 150.2340
336 272 -0.0085 -0.0175 159.9520
368 272  0.0020 -0.0005 97.8202
400 272  0.0047  0.0069 305.0304
432 272  0.0055  0.0268 243.5213
464 272  0.0257  0.0623 121.4569
496 272  0.0086  0.0010 141.4055
528 272  0.0179  0.0517 104.0224
560 272  0.0357  0.0118 85.6237
592 272  0.0363  0.0481 146.3551
624 272  0.0290  0.0639 165.4158
656 272  0.0128 -0.0018 145.4031
688 272  0.0321 -0.0019 90.9849
720 272  0.0062  0.0102 78.2980
752 272  0.0233 -0.0122 126.4345
784 272  0.0331 -0.0158 117.1412
816 272  0.0321 -0.0307 225.1043
848 272  0.0262 -0.0422 108.4886
880 272  0.0266 -0.0329 74.8145
912 272  0.0174 -0.0465 85.0881
944 272  0.0575 -0.0042 150.4838
976 272  0.0171 -0.0062 200.3554
1008 272 -0.0119  0.0166 141.3678
1040 272  0.0024  0.0042 130.5037
1072 272  0.0037  0.0504 61.8154
1104 272 -0.0464 -0.0126 80.2530
1136 272 -0.0074  0.0225 59.0461
1168 272  0.0185  0.0081 24.3883
 16 304 -0.2593 -0.2603 65.1209
 48 304 -0.1793 -0.1635 130.7677
 80 304 -0.2517 -0.1071 151.9844
112 304 -0.1318 -0.1291 234.1309
144 304 -0.3738 -0.2369 62.5176
176 304 -0.0504 -0.0951 271.5284
208 304 -0.0475 -0.0906 287.2726
240 304 -0.0872 -0.0516 218.9558
272 304  0.0069 -0.0005 58.4868
304 304 -0.0121 -0.0424 239.6703
336 304 -0.0213 -0.0078 221.9700
368 304 -0.0352  0.0056 73.2460
400 304 -0.0107  0.0171 82.4008
432 304  0.0532  0.0278 314.3296
464 304 -0.0106  0.0397 203.3697
496 304  0.0130  0.0480 98.7334
528 304  0.0359  0.0587 101.9138
560 304  0.0547  0.0658 169.6313
592 304  0.0287 -0.0018 199.4671
624 304  0.0174  0.0433 154.3077
656 304  0.0034  0.0160 51.6583
688 304  0.0271 -0.0032 103.9526
720 304  0.0110 -0.0251 146.8888
752 304  0.0110 -0.0280 99.7171
784 304  0.0351 -0.0353 158.2147
816 304  0.0296 -0.0319 131.4551
848 304  0.0184 -0.0183 50.2641
880 304  0.0214 -0.0137 160.5031
912 304  0.0518 -0.0333 84.3540
944 304  0.0500 -0.0082 133.0852
976 304  0.0532 -0.0154 189.7225
1008 304  0.0101  0.0224 65.5181
1040 304  0.0040  0.0378 57.2819
1072 304 -0.0108  0.0334 145.1873
1104 304  0.0339  0.0157 232.0028
1136 304 -0.0381  0.0596 111.6247
1168 304 -0.0438  0.0260 85.2869
 16 336 -0.1074 -0.2399 26.3911
 48 336 -0.0955 -0.4653 131.1368
 80 336 -0.0984 -0.1702 172.7915
112 336 -0.0883 -0.1511 212.8008
144 336 -0.0980 -0.1819 239.6472
176 336 -0.2060 -0.0306 40.4064
208 336 -0.1186 -0.1146 89.1427
240 336 -0.1314 -0.0900 178.2541
272 336 -0.0408 -0.0679 200.7506
304 336 -0.0131  0.0791 73.1044
336 336 -0.0278 -0.0423 194.8734
368 336 -0.0118 -0.0028 148.0900
400 336  0.0112 -0.0012 109.9252
432 336  0.0032  0.0168 135.3966
464 336  0.0007  0.0120 128.9280
496 336  0.0446  0.0490 62.2649
528 336  0.0134  0.0375 86.8758
560 336  0.0108  0.0506 152.2003
592 336  0.0498  0.0280 186.7345
624 336  0.0178  0.0338 151.7681
656 336  0.0067  0.0095 144.9088
688 336  0.0397 -0.0187 137.2273
720 336  0.0191 -0.0100 120.9830
752 336  0.0091 -0.0351 184.8706
784 336  0.0313 -0.0377 106.3118
816 336  0.0553 -0.0503 98.5789
848 336  0.0613 -0.0437 153.4367
880 336  0.0338 -0.0085 114.1830
912 336  0.0454 -0.0064 117.1334
944 336  0.0490 -0.0386 198.0425
976 336  0.0368 -0.0047 101.0387
1008 336  0.0385 -0.0341 76.0547
1040 336  0.0024  0.0872 135.8070
1072 336 -0.0205  0.0541 140.9338
1104 336  0.0054  0.0812 183.8415
1136 336 -0.0322  0.0501 104.7373
1168 336 -0.0616  0.0297 88.3185
 16 368 -0.1047 -0.0334 87.4452
 48 368 -0.1283 -0.2311 232.5847
 80 368 -0.5302 -0.1972 87.8713
112 368 -0.0220 -0.2657 346.2064
144 368 -0.0593 -0.2730 47.2351
176 368 -0.1963 -0.1677 94.0346
208 368 -0.1393 -0.1671 213.4106
240 368 -0.1014 -0.2336 202.5299
272 368 -0.0828 -0.0906 58.4049
304 368 -0.0530 -0.0609 266.6173
336 368 -0.0037 -0.0446 247.2870
368 368 -0.0079 -0.0247 187.4303
400 368 -0.0087 -0.0002 97.1236
432 368 -0.0100  0.0227 232.5874
464 368  0.0082  0.0323 130.5137
496 368  0.0019  0.0229 302.1516
528 368  0.0153  0.0481 105.9372
560 368 -0.0074  0.0233 43.5222
592 368  0.0082  0.0216 79.6791
624 368  0.0340  0.0166 236.6778
656 368  0.0102  0.0077 70.8487
688 368  0.0190 -0.0037 52.5601
720 368  0.0411 -0.0412 179.9840
752 368  0.0565 -0.0460 127.1158
784 368  0.0074 -0.0362 141.4141
816 368  0.0505 -0.0491 229.0582
848 368  0.0357 -0.0335 76.6557
880 368  0.0673 -0.0478 114.2977
912 368  0.0616 -0.0297 103.4063
944 368  0.0112 -0.0171 184.7972
976 368  0.0323 -0.0113 70.6095
1008 368  0.0306  0.0271 200.8721
1040 368  0.0115  0.0334 199.2817
1072 368 -0.0335  0.0319 91.5646
1104 368 -0.0278  0.0545 149.1221
1136 368 -0.0409  0.0513 96.3400
1168 368 -0.0392  0.0906 110.7688
 16 400 -0.3802 -0.2319 53.9151
 48 400 -0.1397 -0.0795 242.2888
 80 400 -0.3618 -0.3188 231.5712
112 400 -0.1774 -0.2597 179.2942
144 400 -0.3126 -0.4541 187.8174
176 400 -0.2507 -0.3465 116.0419
208 400 -0.2314 -0.1771 243.2886
240 400 -0.2358 -0.2105 211.5285
272 400 -0.1069 -0.0791 34.4606
304 400 -0.0534 -0.0816 219.9133
336 400 -0.0277 -0.0821 48.3697
368 400 -0.0017  0.0084 88.6098
400 400 -0.0158 -0.0115 124.5428
432 400 -0.0054  0.0096 127.3680
464 400 -0.0045 -0.0004 95.8966
496 400 -0.0077  0.0310 28.8300
528 400 -0.0087  0.0211 120.6385
560 400  0.0233  0.0629 97.7290
592 400  0.0302  0.0463 92.5463
624 400  0.0284 -0.0063 170.8087
656 400  0.0300  0.0029 176.2218
688 400  0.0209 -0.0008 165.3348
720 400  0.0154 -0.0329 132.1376
752 400  0.0366 -0.0464 73.8425
784 400  0.0516 -0.0598 113.0588
816 400  0.0392  0.0033 124.0101
848 400  0.0269 -0.0348 188.3548
880 400  0.0016 -0.0058 120.8167
912 400  0.0137 -0.0346 115.3953
944 400  0.0166 -0.0195 132.5962
976 400  0.0514 -0.0381 90.5232
1008 400 -0.0206  0.0823 88.2987
1040 400 -0.0170  0.0142 150.5141
1072 400 -0.0227  0.0368 116.3073
1104 400 -0.0541  0.0579 100.7851
1136 400  0.0115  0.0860 100.2659
1168 400 -0.0618  0.0410 143.5802
 16 432 -0.7547 -0.5725 79.4473
 48 432 -0.3207 -0.4960 110.2750
 80 432 -0.3621 -0.3822 106.6893
112 432 -0.5217 -0.1435 38.9846
144 432 -0.2122 -0.2249 208.5315
176 432 -0.3025 -0.3343 283.9220
208 432 -0.1962 -0.3737 211.1566
240 432 -0.1479 -0.2176 202.5370
272 432 -0.4278 -0.3168 134.5933
304 432 -0.0551 -0.0660 216.7227
336 432 -0.0279 -0.1000 35.8639
368 432 -0.0714 -0.0608 194.5762
400 432 -0.0284 -0.0452 277.0689
432 432  0.0076  0.0194 150.4998
464 432 -0.0131 -0.0013 127.2109
496 432  0.0008  0.0163 131.8970
528 432 -0.0081  0.0395 67.4900
560 432  0.0154  0.0159 129.3390
592 432  0.0086 -0.0183 122.0188
624 432  0.0353 -0.0180 304.9371
656 432  0.0444 -0.0069 113.3853
688 432  0.0273 -0.0100 65.1488
720 432  0.0442  0.0131 26.8373
752 432  0.0665 -0.0656 101.1247
784 432  0.0627 -0.0491 176.1998
816 432  0.0470 -0.0244 210.8125
848 432  0.0651 -0.0149 231.5600
880 432  0.0415 -0.0263 87.3327
912 432  0.0455 -0.0466 87.0154
944 432  0.0336 -0.0003 77.6187
976 432  0.0573  0.0408 105.3299
1008 432 -0.0029  0.0285 79.7253
1040 432 -0.0127  0.0389 74.7929
1072 432 -0.0215  0.0449 250.8716
1104 432 -0.0212  0.0702 59.3593
1136 432 -0.0717  0.0748 112.5212
1168 432 -0.1419  0.0689 155.2280
 16 464 -0.6346 -0.2153 80.9002
 48 464 -0.7587 -0.5667 52.8836
 80 464 -0.7025 -0.5826 91.3938
112 464 -0.6054 -0.6815 30.5274
144 464 -0.2024 -0.2559 110.8333
176 464 -0.4828 -0.4282 100.4917
208 464 -0.2711 -0.1772 94.4415
240 464 -0.1255 -0.3226 277.2905
272 464 -0.1118 -0.1696 24.8998
304 464 -0.1807 -0.1718 215.3772
336 464 -0.0671 -0.1382 226.3596
368 464 -0.0770 -0.0484 258.2836
400 464 -0.0243 -0.0282 52.3690
432 464 -0.0078 -0.0150 65.0149
464 464 -0.0253  0.0105 141.1252
496 464 -0.0399  0.0164 210.5537
528 464 -0.0092  0.0373 131.1199
560 464  0.0205 -0.0096 182.7458
592 464  0.0166 -0.0058 107.6626
624 464  0.0279 -0.0427 159.7832
656 464  0.0121 -0.0282 103.1714
688 464  0.0529 -0.0347 115.3224
720 464  0.0083 -0.1094 104.7275
752 464  0.0707 -0.0394 155.4419
784 464  0.0486 -0.0603 88.4391
816 464  0.0347 -0.0974 51.3248
848 464  0.0327 -0.0455 47.4843
880 464  0.0149 -0.0882 158.6166
912 464 -0.0056 -0.0011 210.5012
944 464  0.0217 -0.0097 50.7342
976 464  0.0205  0.0121 99.0510
1008 464  0.0324 -0.0050 61.6752
1040 464 -0.0271  0.0330 136.6568
1072 464 -0.0352  0.0453 32.3844
1104 464 -0.0873  0.0893 212.3485
1136 464  0.0308  0.0114 21.8381
1168 464 -0.1033 -0.0179 179.6948
 16 496 -0.5633 -0.1346 53.1109
 48 496 -0.3047 -0.2925 47.5112
 80 496 -0.4351 -0.2726 160.2486
112 496 -0.5946 -0.3867 122.2345
144 496 -0.4993 -0.5530 86.9513
176 496 -0.4892 -0.5323 79.1365
208 496 -0.2538 -0.2823 17.7586
240 496 -0.3863 -0.5739 55.9117
272 496 -0.1270 -0.1709 58.6154
304 496 -0.1202 -0.1380 26.9069
336 496 -0.0898 -0.1709 152.6858
368 496 -0.0825 -0.0916 85.3306
400 496 -0.1469 -0.0357 51.3437
432 496 -0.0576  0.0020 148.1884
464 496 -0.0515  0.0334 144.9202
496 496 -0.0423 -0.0080 61.7432
528 496 -0.0054  0.0096 104.3847
560 496 -0.0064 -0.0251 81.8570
592 496  0.0406 -0.0310 21.6681
624 496  0.0251 -0.0474 112.1514
656 496  0.0786 -0.0382 141.9766
688 496  0.0650 -0.0268 115.4124
720 496  0.0558 -0.0296 133.4123
752 496  0.0824 -0.1105 125.6486
784 496  0.0577 -0.1265 55.3493
816 496  0.0544 -0.1068 44.1144
848 496  0.0564 -0.0689 51.8446
880 496  0.0194 -0.0927 179.5840
912 496 -0.0091 -0.0601 85.3375
944 496  0.0357 -0.0774 237.3649
976 496 -0.0239  0.0267 218.8938
1008 496 -0.0391  0.0676 305.8653
1040 496 -0.0442  0.0563 129.3825
1072 496 -0.0972  0.1637 127.9815
1104 496 -0.0995  0.0964 151.9753
1136 496 -0.0998  0.1295 105.3719
1168 496 -0.0873  0.0415 102.2096
 16 528 -0.6324 -0.1757 27.0217
 48 528 -0.5950 -0.4084 140.4964
 80 528 -0.6706 -0.5397 45.3119
112 528 -0.2010 -0.6442 254.9288
144 528 -0.2952 -0.4489 39.0408
176 528 -0.3651 -0.7786 246.2151
208 528 -0.4950 -0.4965 33.1329
240 528 -0.3405 -0.6287 100.6169
272 528 -0.1654 -0.5938 63.5173
304 528 -0.0759 -0.4624 131.5808
336 528 -0.2872 -0.1623 136.6010
368 528 -0.0587 -0.0916 87.4081
400 528 -0.0857 -0.0719 78.7868
432 528 -0.0932 -0.0357 137.3503
464 528 -0.0825 -0.0317 192.2029
496 528 -0.0494 -0.0167 99.2767
528 528 -0.0602 -0.0127 214.9324
560 528 -0.0017 -0.0517 150.2636
592 528  0.0312 -0.0602 128.6551
624 528  0.0528 -0.0580 263.1487
656 528  0.1003 -0.0745 111.7534
688 528  0.0992 -0.0580 149.6424
720 528  0.1162 -0.2966 149.4038
752 528  0.0515 -0.2054 217.5131
784 528  0.0618 -0.2502 153.6424
816 528  0.0791 -0.0829 141.6798
848 528  0.0346 -0.2618 63.6987
880 528  0.0435 -0.1203 101.0610
912 528 -0.0104 -0.0776 145.5732
944 528 -0.0278 -0.0014 188.6363
976 528 -0.0356  0.0337 80.2685
1008 528 -0.0541  0.0790 27.5889
1040 528 -0.0779  0.0680 83.9743
1072 528 -0.0956  0.0802 53.4382
1104 528 -0.0634  0.1054 88.0159
1136 528 -0.1103  0.0666 103.5523
1168 528 -0.0853  0.0766 186.3786
 16 560 -0.0920 -0.0937 23.9968
 48 560 -0.3026 -0.2177 163.5938
 80 560 -0.4115 -0.6304 113.9502
112 560 -0.2033 -0.0877 153.7530
144 560 -0.9143 -0.7765 193.1963
176 560 -0.7694 -0.6569 207.8977
208 560 -0.6250 -0.5911 83.2748
240 560 -0.6557 -0.6949 73.9977
272 560 -0.4452 -0.5313 78.5874
304 560 -0.2799 -0.3793 258.0197
336 560 -0.2044 -0.2130 112.4654
368 560 -0.1416 -0.1423 75.3573
400 560  0.0316  0.0535 91.5593
432 560 -0.1179  0.0173 38.4150
464 560 -0.1856 -0.0308 115.8452
496 560 -0.0783 -0.0705 78.2102
528 560 -0.0483 -0.0386 95.6831
560 560 -0.0067 -0.0958 190.7104
592 560  0.0367 -0.1478 64.6090
624 560  0.0481 -0.0942 66.3458
656 560  0.0618 -0.0574 129.0663
688 560  0.1000 -0.2526 89.6525
720 560  0.1215 -0.2665 162.0671
752 560  0.0913 -0.1592 97.9644
784 560  0.0921 -0.2013 81.3658
816 560  0.0480 -0.2735 86.3863
848 560  0.0651 -0.3207 102.4138
880 560  0.0117 -0.1319 90.2316
912 560 -0.0000 -0.1490 197.5528
944 560  0.0054 -0.0125 130.6991
976 560 -0.1264  0.0150 154.8938
1008 560 -0.0310  0.0588 172.4511
1040 560 -0.1082  0.0431 36.2734
1072 560 -0.0948  0.1491 214.2187
1104 560 -0.0720  0.0856 111.4792
1136 560 -0.0695  0.0989 105.5141
1168 560 -0.0405  0.0668 132.7092
 16 592 -0.0391 -0.0736 19.0573
 48 592 -0.1917 -0.0638 155.2717
 80 592 -0.6180 -0.4978 145.9813
112 592 -0.6417 -0.6099 131.1973
144 592 -0.5632 -0.2576 96.9146
176 592 -0.7907 -0.7285 80.3608
208 592 -0.7158 -0.7191 111.9933
240 592 -0.5504 -0.6188 46.7249
272 592 -0.4878 -0.4104 112.4425
304 592 -0.4824 -0.2958 96.3141
336 592 -0.2862 -0.2279 152.4184
368 592 -0.3173 -0.2422 204.9368
400 592 -0.1685 -0.0272 71.0106
432 592 -0.1102 -0.0608 237.4689
464 592 -0.2927  0.0053 100.7141
496 592 -0.1214 -0.0683 105.5674
528 592 -0.0829 -0.0474 177.3089
560 592 -0.0478 -0.0834 244.4914
592 592  0.0512 -0.0717 130.4014
624 592  0.0455 -0.2106 73.5451
656 592  0.1277 -0.2622 138.2715
688 592  0.1507 -0.1685 75.4396
720 592  0.0682 -0.2139 170.7029
752 592  0.2139 -0.3529 205.8508
784 592  0.0717 -0.2170 195.5815
816 592  0.0640 -0.3751 100.1430
848 592 -0.0150 -0.1569 119.7083
880 592  0.0032 -0.1509 64.1190
912 592 -0.0047 -0.1020 87.2542
944 592 -0.0286 -0.0951 111.6836
976 592 -0.0866  0.0376 86.9490
1008 592 -0.1281  0.0596 128.7260
1040 592 -0.1843  0.0317 153.4042
1072 592 -0.0754  0.1568 169.9792
1104 592 -0.2193  0.0910 181.3324
1136 592 -0.1228  0.1558 93.6692
1168 592 -0.0688  0.0870 162.3457
 16 624 -0.0624 -0.0101 15.7394
 48 624 -0.3976 -0.3983 76.1485
 80 624 -0.7013 -0.7174 41.6094
112 624 -0.7317 -0.6525 25.2310
144 624 -0.7604 -0.3195 113.9388
176 624 -0.6213 -0.6597 149.8500
208 624 -0.0516 -0.0182  7.9023
240 624 -0.8324 -0.5442 136.2115
272 624 -0.2265 -0.1780 21.7877
304 624 -0.4829 -0.2391 125.5803
336 624 -0.6038 -0.1677 69.6178
368 624 -0.3331 -0.1272 35.8286
400 624 -0.3129 -0.1518 111.7838
432 624 -0.4453 -0.0360 219.8840
464 624 -0.2124 -0.0571 113.0486
496 624 -0.2379 -0.0524 197.8903
528 624 -0.2720 -0.1311 62.0209
560 624 -0.1063 -0.3396 96.8216
592 624  0.0001 -0.1556 192.9666
624 624  0.0093 -0.4127 172.5191
656 624  0.1521 -0.3350 109.1925
688 624  0.1088 -0.2310 31.0616
720 624  0.1314 -0.3609 66.7971
752 624  0.0928 -0.4453 146.4233
784 624  0.0506 -0.3779 29.6916
816 624  0.0053 -0.3269 48.3761
848 624 -0.0755 -0.1823 164.7480
880 624 -0.0347 -0.2354 129.9400
912 624 -0.0580 -0.1458 136.7025
944 624 -0.0783 -0.0316 119.8862
976 624 -0.0868  0.0080 94.1504
1008 624 -0.0544 -0.0135 158.8212
1040 624 -0.1241  0.0001 48.7243
1072 624 -0.0981  0.0570 75.4836
1104 624 -0.2253  0.0646 132.7787
1136 624 -0.1943  0.1122 74.0130
1168 624 -0.1220  0.0142 120.9111
 16 656 -0.2094 -0.0639 77.7870
 48 656 -0.4969 -0.0627 14.6725
 80 656 -0.3207 -0.3610 96.0677
112 656 -0.6342 -0.5354 111.2066
144 656 -0.7736 -0.4386 80.6092
176 656 -0.9067 -0.7064 150.0955
208 656 -1.2953 -0.7045 124.7787
240 656 -0.9035 -0.5447 165.5502
272 656 -0.6219 -0.4721 45.4124
304 656 -0.7926 -0.3791 90.0531
336 656 -0.3252 -0.2568 203.4966
368 656 -0.4305 -0.0535 20.1501
400 656 -0.2443 -0.0394 112.0420
432 656 -0.2100  0.0227 49.1680
464 656 -0.2311 -0.0977 79.2422
496 656 -0.2350 -0.1987 172.7754
528 656 -0.2273 -0.3123 117.0921
560 656 -0.0865 -0.5432 56.8923
592 656 -0.0578 -0.5011 91.7697
624 656  0.0166 -0.3397 49.8888
656 656  0.1125 -0.4581 187.0831
688 656 -0.0536 -0.2381 112.7486
720 656  0.0576 -0.1623 63.9778
752 656 -0.0178 -0.5077 57.4153
784 656 -0.0215 -0.4846 37.6047
816 656 -0.0276 -0.3271 166.7171
848 656  0.0593 -0.3395 133.1894
880 656 -0.1210 -0.2684 109.7016
912 656 -0.0387 -0.2811 87.8214
944 656 -0.0918 -0.0756 78.8704
976 656 -0.0188  0.0087 128.7440
1008 656 -0.0951  0.0120 102.8673
1040 656 -0.2135  0.1190 89.4774
1072 656 -0.1822  0.0405 66.7859
1104 656 -0.1461  0.0886 93.3082
1136 656 -0.1883  0.0884 74.3676
1168 656 -0.1482  0.0611 78.1761
 16 688 -0.0363  0.0060 22.0925
 48 688 -0.3627 -0.2932 126.8063
 80 688 -0.1393 -0.1481 216.0057
112 688 -0.1470 -0.3574 30.1334
144 688 -0.3793 -0.3480 158.3120
176 688 -0.7542 -0.7571 261.5497
208 688 -0.9814 -0.7500 153.1918
240 688 -1.0188 -0.7051 82.7267
272 688 -0.7821 -0.6751 81.4248
304 688 -0.6855 -0.4979 168.3332
336 688 -0.5665 -0.4807 245.4004
368 688 -0.3641 -0.1213 129.3579
400 688 -0.1774 -0.1112 222.2871
432 688 -0.0676  0.0548 28.1504
464 688 -0.1038 -0.1616 241.6741
496 688  0.1183 -0.5032 80.5625
528 688 -0.0088 -0.4773 48.3662
560 688 -0.0134 -0.5134 210.5883
592 688 -0.0273 -0.5628 74.5261
624 688 -0.0308 -0.3796 89.6367
656 688 -0.0211 -0.0847 24.2533
688 688 -0.1993 -0.2528 154.4330
720 688 -0.0957 -0.2613 57.6731
752 688 -0.1979 -0.4546 133.5173
784 688 -0.1734 -0.5170 86.9261
816 688 -0.0072 -0.3852 87.7402
848 688 -0.0322 -0.0091 65.9344
880 688 -0.0091 -0.1332 184.4585
912 688 -0.0480 -0.1852 184.0984
944 688 -0.0631 -0.2211 58.6726
976 688 -0.1627 -0.0562 68.1985
1008 688 -0.1984 -0.0485 86.4139
1040 688 -0.2010  0.0189 116.2866
1072 688 -0.2525  0.0705 194.2252
1104 688 -0.1331  0.0916 119.0201
1136 688 -0.1984 -0.0064 144.2523
1168 688 -0.1761  0.0721 60.7114
 16 720 -0.0617 -0.0222 15.9203
 48 720 -0.1223 -0.0873 175.3372
 80 720 -0.0976 -0.1535 99.2899
112 720 -0.2699 -0.3092 200.7864
144 720 -0.2825 -0.3445 235.8097
176 720 -0.0838 -0.2707 79.4627
208 720 -0.1228 -0.0343 56.5236
240 720 -0.4425  0.0260 21.0545
272 720 -0.7237 -0.6339 64.1268
304 720 -0.5557 -0.5912 98.6007
336 720 -0.4329 -0.2920 50.4878
368 720 -0.1468 -0.0603 122.1185
400 720  0.0456 -0.0226 27.1674
432 720  0.2580  0.0854 90.6295
464 720  0.2702 -0.0436 211.9436
496 720  0.1177 -0.4317 99.0459
528 720  0.0460 -0.2051 77.7005
560 720  0.0478 -0.0160 20.2901
592 720  0.1351 -0.0020 20.9286
624 720 -0.0571 -0.2464 144.7135
656 720 -0.0508 -0.3102 145.8495
688 720 -0.0279 -0.1340 40.3824
720 720 -0.0540  0.0329 14.0704
752 720 -0.0258 -0.0337 28.4517
784 720 -0.0418 -0.2939 68.8466
816 720 -0.0328  0.0061 18.8721
848 720 -0.0051  0.0078  5.8118
880 720 -0.0097 -0.0250 68.4435
912 720  0.0215 -0.4810 57.9076
944 720 -0.0790 -0.1697 82.4929
976 720 -0.2043 -0.0454 128.1631
1008 720 -0.1687 -0.0623 177.8536
1040 720 -0.1870  0.0033 105.0921
1072 720 -0.1489  0.0427 38.7230
1104 720 -0.2078  0.0358 57.6014
1136 720 -0.2252 -0.0083 75.3860
1168 720 -0.1002  0.0481 65.7540
 16 752  0.0019 -0.0067 66.5182
 48 752 -0.0434 -0.0357 127.3615
 80 752  0.0039 -0.0885 239.7961
112 752 -0.0241 -0.0436 294.2662
144 752 -0.1489 -0.1649 62.7178
176 752 -0.1030 -0.3459 325.3211
208 752 -0.4130 -0.5195 99.5289
240 752 -0.2461 -0.2773 163.4403
272 752 -0.0712 -0.0417 10.1950
304 752 -0.2421 -0.3711 103.8180
336 752 -0.0184 -0.0758 77.1191
368 752 -0.1870 -0.0312 28.6975
400 752  0.2022 -0.0420 111.1171
432 752  0.0216 -0.1352 120.9798
464 752 -0.0200 -0.0855 104.6911
496 752  0.1840 -0.0710 92.4769
528 752  0.3981 -0.2480 28.7993
560 752  0.1375  0.1012  9.6516
592 752  0.0976  0.0948 11.0641
624 752 -0.0433  0.0054 10.1040
656 752 -0.0212 -0.0207 22.7711
688 752 -0.0071  0.0506  6.9976
720 752 -0.0065  0.0128  5.1766
752 752  0.0117 -0.0015  9.1295
784 752  0.0057  0.0114 21.5115
816 752  0.0067  0.0030  5.4746
880 752 -0.0146 -0.0191 21.8964
912 752 -0.0149 -0.2645 39.4664
944 752 -0.1082 -0.3923 116.5807
976 752 -0.1568 -0.0673 161.7456
1008 752 -0.1843 -0.0624 84.9063
1040 752 -0.1887 -0.0069 139.7574
1072 752 -0.1417  0.0309 122.3282
1104 752 -0.2102  0.0324 44.8967
1136 752 -0.2823 -0.0100 45.5180
1168 752 -0.1660  0.0100 129.3654
 16 784  0.0569 -0.0323 44.8826
 48 784  0.0455 -0.0507 292.4147
 80 784  0.0636 -0.1193 342.0053
112 784  0.0156 -0.0779 228.2886
144 784 -0.0184 -0.2909 234.4342
176 784 -0.0408 -0.4679 75.1802
208 784 -0.0650 -0.3097 199.2733
240 784 -0.1437 -0.4313 247.8854
272 784 -0.0145 -0.1244 10.0548
304 784 -0.0649 -0.2746 45.6319
336 784  0.0523 -0.1983 246.0602
368 784  0.3596 -0.1471 163.5435
400 784  0.0884 -0.0654 172.4008
432 784  0.0448  0.0035 64.7567
464 784 -0.0323 -0.1693 97.3067
496 784  0.0635 -0.0908 41.6958
528 784  0.0666 -0.0631 17.6088
560 784  0.1207  0.0761  8.9297
592 784  0.0692  0.0697 13.6345
624 784 -0.0257  0.0252 18.2020
656 784  0.0044  0.0644  8.4848
688 784 -0.0081  0.0176 11.1236
720 784  0.0040  0.0064  4.3482
752 784  0.0276  0.0736  4.7813
784 784 -0.0044 -0.0152  5.4727
816 784 -0.0025  0.0044  4.4953
848 784  0.0067  0.0087  4.3130
880 784 -0.0051 -0.0079 18.1843
912 784 -0.0026 -0.0222 23.5816
944 784 -0.0210  0.0102 20.8177
976 784 -0.1718 -0.1198 45.7362
1008 784 -0.1805 -0.0816 90.6892
1040 784 -0.1302 -0.0453 45.2261
1072 784 -0.1901 -0.0739 28.1393
1104 784 -0.0964 -0.0361 137.9886
1136 784 -0.0900 -0.0461 178.9995
1168 784 -0.2179 -0.0142 113.2497
 16 816  0.0386 -0.0059 25.4670
 48 816  0.0262 -0.0510 20.2137
 80 816  0.1538 -0.0797 158.5651
112 816  0.0355 -0.1135 27.8179
144 816  0.0414 -0.1753 112.9556
176 816 -0.0212 -0.1486 342.3789
208 816 -0.0145 -0.1792 22.7919
240 816  0.0258 -0.5716 60.2622
272 816 -0.0375 -0.6128 353.2494
304 816 -0.0344 -0.0866 16.3304
336 816  0.3328 -0.3473 93.5404
368 816  0.4880 -0.2792 52.0797
400 816  0.2600 -0.0962 112.9568
432 816  0.1248 -0.1522 115.4580
464 816  0.2342 -0.1650 86.9106
496 816  0.4719 -0.1870 12.7430
528 816  0.0407 -0.0020  7.4355
560 816  0.0482  0.0425  6.6764
592 816  0.0623 -0.0373 14.0651
624 816  0.0587 -0.0289 12.3157
656 816 -0.0029  0.0096 12.6862
688 816  0.0019  0.0410 10.5454
720 816  0.0125  0.0196  9.9986
752 816  0.0163  0.0010  7.1563
784 816 -0.0946  0.0682  6.3035
816 816  0.0684  0.0337  6.6100
848 816 -0.0209  0.0298  4.5534
880 816 -0.0002 -0.0091  8.6291
912 816 -0.0044 -0.0108  4.1457
944 816  0.0067 -0.0124  5.6354
976 816 -0.0020 -0.0164 38.3110
1008 816 -0.1204 -0.1376 85.4231
1040 816 -0.0576 -0.1309 32.2870
1072 816 -0.0982 -0.0709 61.1869
1104 816 -0.2174 -0.0445 70.0737
1136 816 -0.2655 -0.0606 99.6293
1168 816 -0.1336  0.0001 101.9397
 16 848  0.1124 -0.0206 24.2674
 48 848  0.0611 -0.0514 114.5397
 80 848  0.0662 -0.0073 12.4008
112 848  0.0821 -0.1614 180.4748
144 848  0.1447 -0.1214 287.1741
176 848  0.0809 -0.1792 299.1893
208 848  0.2698 -0.1649 77.8784
240 848  0.3436 -0.1882 80.8517
272 848 -0.0120 -0.1944 19.1234
304 848  0.1146 -0.2410 136.2454
336 848  0.4990 -0.2474 173.1253
368 848  0.1375 -0.3310 102.7456
400 848  0.0764 -0.3647 58.6643
432 848  0.0987 -0.1155 69.7907
464 848  0.2891 -0.1587 36.6520
496 848  0.0064 -0.0016 19.9932
528 848  0.0800  0.0685  6.8003
560 848  0.0272  0.0057 25.1648
592 848  0.0560 -0.0301 13.7766
624 848  0.0160  0.0042 24.9855
656 848  0.0028  0.0140 23.3429
688 848 -0.0019  0.0154  8.9291
720 848 -0.0313  0.0274  7.5351
752 848  0.0234 -0.0657  6.7081
784 848 -0.0031 -0.0428  9.4064
816 848  0.0749 -0.0408 11.5174
848 848  0.0913  0.0019  6.3658
880 848  0.0117  0.0051  5.5181
944 848  0.0031 -0.0047  5.7142
976 848 -0.0146  0.0246 40.7095
1008 848 -0.0474 -0.0796 87.0945
1040 848 -0.0623 -0.1595 65.6674
1072 848 -0.1467 -0.1126 46.4984
1104 848 -0.1166 -0.1098 58.8366
1136 848 -0.1585 -0.1214 166.2805
1168 848 -0.0704 -0.0476 101.9182
 16 880  0.0839 -0.0301 125.8941
 48 880  0.0195 -0.0376 16.0935
 80 880  0.1460 -0.1276 173.8468
112 880  0.1270 -0.1395 246.8300
144 880  0.3003 -0.1973 183.1100
176 880  0.1555 -0.1817 222.7666
208 880  0.1011 -0.2557 193.6241
240 880  0.1614 -0.1342 155.9886
272 880  0.0173 -0.0683 14.3513
304 880  0.3383 -0.4347 55.3232
336 880  0.1799 -0.2694 58.9712
368 880  0.1854 -0.1350 33.2525
400 880  0.1859 -0.0869 140.9186
432 880  0.0671 -0.0265 18.2280
464 880  0.4400 -0.0591 31.0933
496 880 -0.0139 -0.0161  5.9527
528 880  0.0182  0.0100  8.4284
560 880  0.1145 -0.1300 11.1461
592 880  0.0467 -0.0567 16.0206
624 880  0.0629 -0.0223 14.6777
656 880  0.3221 -0.1513 10.1885
688 880  0.0342 -0.0155 12.7534
720 880 -0.0029  0.0021 14.3142
752 880  0.0824  0.0269  4.8546
784 880  0.0023 -0.0049  7.6978
816 880 -0.0048  0.0124  8.0821
848 880  0.0224 -0.0550  5.6489
880 880  0.0303  0.0407  5.7200
912 880  0.0093  0.0176  9.8036
944 880  0.0173  0.0118 47.3133
976 880  0.0354 -0.0301 38.9856
1008 880 -0.0221 -0.0630 117.0177
1040 880 -0.0791 -0.0796 73.5199
1072 880 -0.0953 -0.1242 187.5340
1104 880 -0.1580 -0.0541 97.4494
1136 880 -0.0426 -0.0437 174.7745
1168 880 -0.1216 -0.0795 108.1064
 16 912  0.1540 -0.0476 176.9785
 48 912  0.0513 -0.0315 23.0437
 80 912  0.0841 -0.0539 348.1866
112 912  0.0645 -0.0519 201.0862
144 912  0.1163 -0.3537 192.4970
176 912  0.1962 -0.2226 263.2036
208 912  0.0436 -0.0371 18.0453
240 912  0.2506 -0.1466 101.2105
272 912  0.6486 -0.3730 115.7592
304 912  0.3312 -0.2178 95.1468
336 912  0.1296 -0.1733 59.6802
368 912  0.1236 -0.0888 32.9098
400 912  0.0304  0.0224 20.0455
432 912  0.0094  0.0181 17.3769
464 912 -0.0137 -0.0143  9.8772
496 912  0.0081  0.0081  4.0756
528 912  0.0093 -0.0160  4.7686
560 912 -0.0298 -0.0157  4.3133
592 912  0.1544 -0.1026  4.6046
624 912  0.1203 -0.0963  9.6835
656 912  0.1071 -0.2382  5.6973
688 912  0.0944 -0.1127 14.6835
720 912  0.0000  0.0011 10.2214
752 912  0.0504  0.0073  5.3518
784 912 -0.0044 -0.0044 10.5666
816 912 -0.0493  0.0549  5.6343
880 912  0.0287  0.0357  9.0861
912 912 -0.0080 -0.0019 10.0265
944 912  0.0129 -0.0069  7.9830
976 912  0.0187  0.0088 11.2380
1008 912  0.0070 -0.0013 51.8332
1040 912 -0.0278 -0.0547 139.7098
1072 912 -0.0671 -0.0446 93.0111
1104 912 -0.0570 -0.0779 76.1121
1136 912 -0.0683 -0.0495 60.7129
1168 912 -0.1097 -0.0483 58.9859
 16 944  0.0363 -0.0080 27.9195
 48 944  0.0587 -0.0400 81.7349
 80 944  0.1036 -0.0613 128.9410
112 944  0.2064 -0.0634 70.5356
144 944  0.0750 -0.0659 225.1088
176 944  0.2898 -0.2111 253.7858
208 944  0.1461 -0.2897 141.9784
240 944  0.2717 -0.4467 167.4062
272 944  0.0726 -0.1478 20.0804
304 944  0.2686 -0.5168 47.9971
336 944  0.6012 -0.4772 93.4910
368 944  0.2415 -0.1272 117.6422
400 944  0.0115  0.0152 14.0563
432 944  0.0069  0.0205 14.9117
464 944  0.0479  0.0461  5.9376
496 944 -0.0263 -0.0004  7.2304
624 944  0.0924 -0.0478  5.2649
688 944  0.1290 -0.0206  8.0024
720 944 -0.0634 -0.0405  5.6529
752 944  0.0371  0.0085  5.2363
784 944  0.0413 -0.0687  6.9796
816 944 -0.0026 -0.0120  6.8246
848 944 -0.0114  0.0066  9.0576
880 944  0.0224  0.0154  9.7857
912 944  0.0047  0.0255  9.6412
944 944 -0.0173  0.0307 12.8664
976 944 -0.0046  0.0201  6.4706
1008 944 -0.0002  0.0029  5.8129
1040 944 -0.0199  0.0240 64.5304
1072 944 -0.0452 -0.0745 164.0217
1104 944 -0.0664 -0.0936 181.7879
1136 944 -0.0416 -0.0127 90.3168
1168 944 -0.1541 -0.1459 190.0346
 16 976  0.0527 -0.0189 20.7757
 48 976  0.0854 -0.0193 31.4652
 80 976  0.0772 -0.0512 148.5839
112 976  0.0693 -0.0285 20.0198
144 976  0.1845 -0.1099 154.1605
176 976  0.1489 -0.1299 65.0374
208 976  0.0885 -0.0761 147.5411
240 976  0.1458 -0.3043 86.2440
272 976  0.1130 -0.2514 72.3171
304 976  0.0788 -0.3783 97.6094
336 976  0.0663 -0.0991 102.9536
368 976 -0.0070 -0.0094 24.8820
400 976  0.0063  0.0108 12.3420
432 976  0.0734  0.0067  8.3859
464 976  0.0144  0.0218 21.7379
496 976 -0.0663 -0.0460 10.6031
528 976 -0.0472  0.0590  4.3146
784 976  0.0045  0.0042  4.3287
816 976  0.0283  0.0231 14.3647
848 976 -0.0035 -0.0127 18.4836
880 976 -0.0174  0.0205  8.4160
912 976 -0.0033 -0.0275 10.6314
944 976 -0.0212  0.0220  7.6863
976 976 -0.0096  0.0033 11.8531
1008 976 -0.0111  0.0085 10.5278
1040 976 -0.0230  0.0353 19.4730
1072 976 -0.0549 -0.0194 36.0658
1104 976 -0.1198 -0.1195 207.1578
1136 976 -0.1258 -0.0477 87.8227
1168 976 -0.0631 -0.1241 136.0646
 16 1008  0.0260 -0.0384 19.9407
 48 1008  0.1369 -0.0272 184.5480
 80 1008  0.0472 -0.0793 63.0452
112 1008  0.0733 -0.0543 199.0666
144 1008  0.1872 -0.0479 217.2488
176 1008  0.1929 -0.2583 200.4858
208 1008  0.1477 -0.1468 82.2382
240 1008  0.3446 -0.3908 67.2412
272 1008  0.3040 -0.1492 29.2976
304 1008  0.0730 -0.3798 175.2604
336 1008  0.0083 -0.0828 23.2624
368 1008  0.0063  0.0079 11.0253
400 1008  0.0033  0.0121 10.6936
432 1008  0.0138  0.0130 17.7276
464 1008 -0.0403  0.0508 118.6938
496 1008 -0.0006  0.0294 21.6478
528 1008  0.0171  0.0367  9.3052
560 1008 -0.0046  0.0445  5.8140
752 1008 -0.0000 -0.0000  4.0716
784 1008  0.0215  0.0141  6.3813
816 1008  0.0177  0.0140 25.9228
848 1008 -0.0117  0.0325 19.8469
880 1008  0.0139 -0.0066 13.5561
912 1008 -0.0124  0.0243 10.8809
944 1008  0.0076  0.0025 14.7937
976 1008  0.0292  0.0030  8.1963
1008 1008 -0.0066  0.0081 12.3563
1040 1008 -0.0074  0.0150 35.3733
1072 1008 -0.0212 -0.0101 81.0085
1104 1008 -0.0325 -0.0385 177.5207
1136 1008 -0.0219 -0.0366 125.2708
1168 1008 -0.0426 -0.1043 93.6824
 16 1040  0.0519 -0.0141 30.7193
 48 1040  0.0925 -0.0168 203.8903
 80 1040  0.0831 -0.0638 217.5402
112 1040  0.1077 -0.0162 169.7413
144 1040  0.0698 -0.1301 105.6907
176 1040  0.0491 -0.2464 71.4085
208 1040  0.0819 -0.2184 36.8053
240 1040 -0.0013 -0.0489 18.6551
272 1040  0.0720 -0.1599 68.0135
304 1040 -0.0092 -0.1386 190.1992
336 1040 -0.0424 -0.1327 54.0416
368 1040  0.0034  0.0031 12.8617
400 1040  0.0022 -0.0147 41.4029
432 1040 -0.0327  0.0042 33.6197
464 1040 -0.0240  0.0051 77.1042
496 1040 -0.3222  0.1517 10.2655
528 1040 -0.0221  0.0402 10.1686
560 1040  0.0025 -0.0053 10.7920
592 1040 -0.0535  0.0153  6.1555
752 1040  0.0095  0.0073  5.5425
784 1040  0.0192  0.0083 16.3555
816 1040  0.0112  0.0175 33.7149
848 1040  0.0211  0.0506 16.8596
880 1040 -0.0219  0.0308 13.6134
912 1040  0.0044  0.0186 17.0171
944 1040 -0.0136 -0.0029 19.8711
976 1040 -0.0171  0.0043 57.6699
1008 1040 -0.0219  0.0041 14.3986
1040 1040 -0.0086  0.0200 50.8423
1072 1040 -0.0219 -0.0079 77.5193
1104 1040 -0.0409 -0.0188 58.7030
1136 1040 -0.0696 -0.0503 162.5747
1168 1040 -0.0360 -0.0688 27.4086
 16 1072  0.0542 -0.0215 105.6120
 48 1072  0.0273 -0.0098 173.6507
 80 1072  0.1813 -0.0720 45.4041
112 1072  0.1090 -0.0197 41.8142
144 1072  0.1097 -0.0600 62.3458
176 1072  0.1706 -0.1024 87.8720
208 1072  0.0831 -0.0586 20.2437
240 1072  0.0452 -0.4372 86.5387
272 1072  0.0290 -0.0813 31.2949
304 1072 -0.0043 -0.4022 127.4704
336 1072 -0.0241 -0.1152 150.1692
368 1072 -0.0305 -0.0563 79.9600
400 1072 -0.0426 -0.0225 123.0158
432 1072 -0.0182 -0.0176 251.4382
464 1072 -0.0089 -0.0223 31.2332
496 1072 -0.1404  0.1387 11.7298
528 1072 -0.0042  0.2636 12.2220
560 1072  0.0025  0.0562  8.9191
592 1072 -0.0006  0.0299 10.2485
624 1072  0.0414  0.0743  5.8564
656 1072 -0.0002  0.0638  5.7958
688 1072  0.0808  0.0442  4.5663
720 1072  0.1264  0.0908  4.7735
752 1072  0.0068 -0.0068  4.2387
784 1072  0.0201 -0.0128  7.2145
816 1072  0.0043 -0.0027 12.4331
848 1072  0.0142 -0.0056 43.9919
880 1072 -0.0144 -0.0033 19.0228
912 1072  0.0100 -0.0017 15.2094
944 1072  0.0492 -0.0006 65.4224
976 1072  0.0214  0.0000 32.7927
1008 1072  0.0041  0.0010 47.3534
1040 1072 -0.0134 -0.0115 159.3207
1072 1072  0.0269  0.0051 17.0726
1104 1072 -0.0379  0.0003 198.1403
1136 1072 -0.0104 -0.0160 31.9598
1168 1072 -0.0087 -0.0606 64.5364
 16 1104  0.0605 -0.0206 44.0266
 48 1104  0.0575 -0.0210 23.1528
 80 1104  0.1667 -0.0307 227.2430
112 1104  0.0639 -0.1831 93.1367
144 1104  0.0562 -0.0262 211.6855
176 1104  0.0744 -0.0885 216.5113
208 1104  0.0688 -0.0492 45.4867
240 1104  0.1257 -0.3715 135.4785
272 1104  0.0200 -0.2216 82.0426
304 1104  0.0316 -0.2472 96.9661
336 1104  0.0025 -0.1033 231.3713
368 1104 -0.0278 -0.0585 130.6070
400 1104  0.0065 -0.0833 84.7524
432 1104  0.0014 -0.0572 40.0157
464 1104  0.0098 -0.0305 16.1318
496 1104 -0.0311  0.0220 21.6577
528 1104 -0.0320  0.0194 15.5920
560 1104  0.0370  0.0494 12.8866
592 1104  0.0085  0.0835 11.4983
624 1104  0.0070  0.0164 12.3441
656 1104  0.0159 -0.0085 11.3935
688 1104 -0.0438  0.0622  8.4397
720 1104 -0.0195  0.0054  4.6290
848 1104  0.0116 -0.0281  5.5302
880 1104  0.0232 -0.0021  8.3030
912 1104  0.0134 -0.0140 12.3564
944 1104 -0.0017 -0.0049 15.7534
976 1104  0.0263  0.0064  9.5247
1008 1104  0.0001 -0.0017 20.0136
1040 1104  0.0188 -0.0088 28.5366
1072 1104  0.0088  0.0135 18.8859
1104 1104  0.0143  0.0019 21.5893
1136 1104  0.0248 -0.0017 16.4306
1168 1104 -0.0214 -0.0027 25.8881
 16 1136  0.0243 -0.0115 16.6426
 48 1136  0.0465 -0.0098 27.0730
 80 1136  0.2377 -0.0540 310.1908
112 1136  0.0476 -0.0824 51.0917
144 1136  0.0045 -0.0243 258.5391
176 1136  0.0857 -0.1471 82.0773
208 1136  0.0741 -0.0619 122.9862
240 1136  0.0219 -0.1792 82.1724
272 1136  0.0398 -0.0987 43.2164
304 1136  0.0187 -0.1829 97.2947
336 1136  0.1349 -0.0585 106.9070
368 1136 -0.0123 -0.1537 142.9703
400 1136  0.0038 -0.0546 166.7540
432 1136 -0.0092 -0.0610 53.4309
464 1136  0.0109 -0.0069 37.7764
496 1136  0.0490 -0.0387 19.7449
528 1136 -0.0061 -0.0081 19.7974
560 1136  0.0313  0.0647  8.1748
592 1136  0.0581  0.0234 15.3362
624 1136  0.0018  0.0071 15.6669
656 1136  0.0237  0.0021 17.8366
688 1136 -0.0119  0.0008 13.3914
720 1136  0.0622  0.0001 12.6716
752 1136  0.0119  0.0111  7.8384
784 1136 -0.0023  0.0072  6.5541
816 1136  0.0034  0.0415  9.1577
848 1136  0.0784  0.0663  7.4967
880 1136 -0.0574  0.1169  4.3070
944 1136 -0.0258  0.0081  4.1001
976 1136  0.0159 -0.0153  4.3215
1008 1136 -0.0021 -0.0067  5.1340
1040 1136 -0.0005 -0.0135  4.7572
1072 1136  0.0054 -0.0008  5.3880
1104 1136  0.0180 -0.0105  7.8513
1136 1136  0.0146 -0.0011  9.7330
1168 1136  0.0153 -0.0078 18.3877
 16 1168 -0.0014 -0.0282 15.1708
 48 1168  0.0251  0.0038 16.0360
 80 1168  0.0450 -0.0084 47.0739
112 1168  0.2030 -0.0285 57.9847
144 1168  0.0714 -0.0420 131.7889
176 1168 -0.0384 -0.0759 107.6902
208 1168  0.0574 -0.1592 215.4819
240 1168  0.0154 -0.0598 301.6425
272 1168  0.0351 -0.0625 55.4870
304 1168  0.0318 -0.0410 75.3835
336 1168  0.0163 -0.1188 196.8596
368 1168  0.0099 -0.1103 154.0133
400 1168  0.0220 -0.0490 225.0596
432 1168  0.0103 -0.0764 50.2385
464 1168  0.0168 -0.0468 276.3036
496 1168  0.0043  0.0213 15.5156
528 1168 -0.0060  0.0025 21.7816
560 1168 -0.0409  0.0531 15.9394
592 1168 -0.0469  0.0398 12.4369
624 1168  0.0180 -0.0199 11.9691
656 1168 -0.0144  0.0256 11.8905
688 1168  0.0071  0.0315 14.3910
720 1168 -0.0028 -0.0202 11.8879
752 1168 -0.0214  0.0085 16.3974
784 1168  0.0470 -0.0186 13.4486
816 1168  0.0649 -0.0381 13.4571
848 1168  0.0055  0.0044 13.9374
880 1168 -0.0386  0.0045 13.5283
912 1168 -0.0220  0.0585  9.7973
944 1168  0.0067  0.1163  5.1453
1104 1168 -0.0228  0.0000  4.1540
1136 1168  0.0297 -0.0000  4.5682
1168 1168  0.0037 -0.0007  4.6544
 16 1200  0.0109  0.0568 44.5057
 48 1200  0.0337  0.0021 30.1323
 80 1200  0.0189  0.0088 19.2873
112 1200  0.0073 -0.0041 29.1200
144 1200  0.0286 -0.0767 92.0355
176 1200  0.0825 -0.0506 224.3118
208 1200 -0.0022 -0.0351 109.3631
240 1200  0.0510 -0.0958 164.6105
272 1200 -0.0017 -0.1029 139.6719
304 1200  0.0249 -0.2849 83.1891
336 1200  0.0016 -0.1208 277.6104
368 1200  0.0369 -0.1155 190.6837
400 1200  0.0776 -0.1102 204.1757
432 1200  0.0258 -0.0190 46.9047
464 1200  0.0419 -0.0133 22.1060
496 1200 -0.0054 -0.0101 25.2253
528 1200  0.0053  0.0135 15.2432
560 1200 -0.0119  0.0245 14.1481
592 1200 -0.0133 -0.0289 16.6514
624 1200  0.0190  0.1010 44.2357
656 1200  0.0267 -0.0653 37.3737
688 1200  0.0478  0.0362 11.4813
720 1200  0.0216  0.0001 17.3305
752 1200  0.0326  0.0089 16.3102
784 1200  0.1020 -0.0178 10.8971
816 1200 -0.0003 -0.0177 11.1562
848 1200  0.0032  0.0019 11.1214
880 1200  0.0268  0.0212 12.0033
912 1200 -0.0215  0.0093 13.5228
944 1200 -0.0267  0.0043 13.5115
976 1200 -0.0159  0.0016 13.4078
1008 1200 -0.0262  0.0178 10.3952
1040 1200 -0.0224  0.0692  6.7209
1072 1200  0.0085 -0.0401  5.5659
1104 1200 -0.0188 -0.0137  4.8096
1136 1200 -0.0462 -0.0440  4.3927
1168 1200  0.0000  0.0787  4.3056
 16 1232  0.0507  0.0180 26.3907
 48 1232  0.0014 -0.0227 20.6682
 80 1232  0.0706 -0.0433 189.4010
112 1232  0.0697 -0.0312 161.0859
144 1232  0.0315 -0.0275 90.1703
176 1232  0.0584 -0.0742 89.8531
208 1232  0.0144 -0.0832 110.8134
240 1232  0.0071 -0.0430 24.1198
272 1232  0.0313 -0.1192 123.4535
304 1232  0.1095 -0.0674 58.4812
336 1232  0.0259 -0.0739 179.7896
368 1232  0.0410 -0.0764 81.0948
400 1232  0.0231 -0.0352 102.7604
432 1232  0.0239 -0.0589 44.7438
464 1232  0.0094 -0.0109 30.6733
496 1232 -0.0129  0.0134 33.9407
528 1232 -0.0290 -0.0047 12.2110
560 1232 -0.0400 -0.0253 14.0220
592 1232  0.0191  0.0260 14.9959
624 1232  0.0000  0.0087 11.7781
656 1232 -0.0013 -0.0255 13.6313
688 1232 -0.0104 -0.0215 10.1519
720 1232  0.0347 -0.0266 12.2398
752 1232  0.0203  0.0051 18.6179
784 1232  0.0264 -0.0036 13.8127
816 1232 -0.0078  0.0036 23.5017
848 1232  0.0022 -0.0030  9.8917
880 1232 -0.0256 -0.0152 15.2282
912 1232  0.0067  0.0070 13.3231
944 1232 -0.0403  0.0450 13.6139
976 1232  0.0460 -0.0623 12.5254
1008 1232  0.0215 -0.0040 13.4888
1040 1232 -0.0037 -0.0031 12.7583
1072 1232 -0.0224  0.0048 11.6261
1104 1232 -0.0032 -0.0042 12.6835
1136 1232  0.0079 -0.0073 11.4767
1168 1232  0.0389 -0.0049 12.5437
 16 1264  0.0407 -0.0069 21.7659
 48 1264  0.0153 -0.0105 12.9938
 80 1264  0.0568 -0.0247 160.9899
112 1264  0.0356 -0.0409 126.5881
144 1264  0.0446 -0.0275 239.1813
176 1264  0.0841 -0.1286 58.3973
208 1264  0.0672 -0.0667 68.5121
240 1264  0.0157 -0.0687 36.0956
272 1264  0.0402 -0.0930 58.4618
304 1264  0.0409 -0.0879 160.2165
336 1264  0.0617 -0.1185 208.2669
368 1264 -0.0315 -0.0323 268.5954
400 1264  0.0403 -0.0516 223.9886
432 1264  0.0075 -0.0061 426.7292
464 1264  0.0223  0.0014 34.5629
496 1264 -0.0076 -0.0136 17.0288
528 1264  0.0127 -0.0175 13.6724
560 1264 -0.0070 -0.0058 15.8705
592 1264 -0.0161  0.0158 14.0121
624 1264  0.0045  0.0286 20.1171
656 1264 -0.0053 -0.0166 13.5225
688 1264  0.0248  0.0213 10.6915
720 1264  0.0014 -0.0283 13.9864
752 1264  0.0078  0.0194 22.7476
784 1264 -0.0444  0.0226 11.1057
816 1264 -0.0290  0.0685 11.5568
848 1264  0.0138 -0.0084  9.3576
880 1264 -0.0045 -0.0424  7.6958
912 1264  0.0180  0.0049  9.6889
944 1264 -0.0185 -0.0045 10.6558
976 1264  0.1016  0.0021 10.7211
1008 1264  0.0129 -0.0157  9.8365
1040 1264 -0.0857 -0.0432 10.8760
1072 1264 -0.0309 -0.0590 10.2484
1104 1264 -0.0742  0.0610 10.4374
1136 1264 -0.0311 -0.0263  9.0594
1168 1264  0.0339  0.0058 13.1396
 16 1296  0.0513 -0.0181 24.2396
 48 1296 -0.0230  0.0136 12.7251
 80 1296  0.1285 -0.0663 117.7423
112 1296  0.0173 -0.0222 36.2738
144 1296  0.0050 -0.0073 30.5567
176 1296  0.0325 -0.0399 64.3393
208 1296  0.1266 -0.1131 236.6986
240 1296  0.0220 -0.0520 80.4325
272 1296  0.0101 -0.0962 18.5510
304 1296  0.0265 -0.1528 117.2643
336 1296  0.0117 -0.0651 48.2232
368 1296  0.0272 -0.0623 209.9122
400 1296  0.0193 -0.0309 157.0624
432 1296  0.0109 -0.0064 20.1922
464 1296 -0.0067  0.0040 58.9887
496 1296 -0.0218  0.0272 13.0371
528 1296  0.0225  0.0533 18.4283
560 1296 -0.0133  0.0113 17.4037
592 1296  0.0003 -0.0274 13.4144
624 1296  0.0216  0.0152 12.5256
656 1296 -0.0243 -0.0059 13.5073
688 1296  0.0069 -0.0515 12.4345
720 1296 -0.0064  0.0077 11.6250
752 1296 -0.0105  0.0101 15.6367
784 1296 -0.0135  0.0211 11.1769
816 1296 -0.0231 -0.0278  9.7662
848 1296 -0.0280  0.0401 12.1552
880 1296  0.0474  0.0058 11.1061
912 1296  0.0064 -0.0182 11.7890
944 1296  0.0315 -0.0066 11.1937
976 1296  0.0064  0.0461 10.9154
1008 1296 -0.0224  0.0130  9.8773
1040 1296 -0.0002 -0.0424  8.5484
1072 1296  0.0565  0.0342  9.3247
1104 1296  0.0281 -0.0107 10.7332
1136 1296 -0.0458 -0.0180 10.5181
1168 1296  0.0125  0.0541  9.8861
  0   0  0.0037  0.0340  0.0000
  0   0 -0.0337  0.0726  0.0000
  0   0 -0.0094  0.0254  0.0000
  0   0  0.0409  0.0174  0.0000
  0   0  0.0622 -0.0047  0.0000
  0   0  0.0445 -0.0109  0.0000
  0   0  0.1041 -0.0577  0.0000
  0   0  0.0526 -0.0519  0.0000
  0   0  0.0350 -0.0547  0.0000
  0   0  0.0538 -0.0874  0.0000
  0   0  0.0891 -0.1314  0.0000
  0   0  0.0330 -0.1150  0.0000
  0   0  0.0052 -0.1341  0.0000
  0   0 -0.0011 -0.1437  0.0000
  0   0 -0.0089 -0.0865  0.0000
  0   0 -0.0016 -0.0483  0.0000
  0   0 -0.0076  0.0034  0.0000
  0   0 -0.0158  0.0586  0.0000
  0   0 -0.0586  0.1301  0.0000
  0   0 -0.0410  0.1163  0.0000
  0   0 -0.0137  0.1011  0.0000
  0   0 -0.0184  0.0504  0.0000
  0   0 -0.0079  0.0075  0.0000
  0   0  0.0037  0.0077  0.0000
  0   0 -0.0151 -0.0138  0.0000
  0   0 -0.0046 -0.0398  0.0000
  0   0 -0.0108 -0.0146  0.0000
  0   0 -0.0177 -0.0040  0.0000
  0   0 -0.0221  0.0041  0.0000
  0   0 -0.0253 -0.0121  0.0000
  0   0 -0.0121  0.0169  0.0000
  0   0  0.0347 -0.0014  0.0000
  0   0  0.0331 -0.0184  0.0000
  0   0  0.0398 -0.0090  0.0000
  0   0  0.0189  0.0257  0.0000
  0   0 -0.0004  0.0162  0.0000
  0   0  0.0107 -0.0068  0.0000
  0   0  0.0372  0.0282  0.0000
  0   0  0.0147  0.0213  0.0000
  0   0 -0.0144  0.0351  0.0000
  0   0  0.0188  0.0849  0.0000
  0   0  0.0206  0.0915  0.0000
  0   0  0.0091  0.0980  0.0000
  0   0  0.0253  0.0688  0.0000
  0   0  0.0578  0.0426  0.0000
  0   0  0.0789  0.0111  0.0000
  0   0  0.0839 -0.0188  0.0000
  0   0  0.1028 -0.0592  0.0000
  0   0  0.0817 -0.0812  0.0000
  0   0  0.0666 -0.1035  0.0000
  0   0  0.0671 -0.1357  0.0000
  0   0  0.0677 -0.1657  0.0000
  0   0  0.0329 -0.1683  0.0000
  0   0  0.0027 -0.1697  0.0000
  0   0 -0.0155 -0.1538  0.0000
  0   0 -0.0271 -0.1027  0.0000
  0   0 -0.0308 -0.0440  0.0000
  0   0 -0.0378  0.0259  0.0000
  0   0 -0.0455  0.1041  0.0000
  0   0 -0.0987  0.2578  0.0000
  0   0 -0.0681  0.2065  0.0000
  0   0 -0.0404  0.1533  0.0000
  0   0 -0.0272  0.0896  0.0000
  0   0 -0.0149  0.0352  0.0000
  0   0 -0.0074  0.0043  0.0000
  0   0 -0.0130 -0.0227  0.0000
  0   0 -0.0131 -0.0402  0.0000
  0   0 -0.0187 -0.0323  0.0000
  0   0 -0.0246 -0.0216  0.0000
  0   0 -0.0261 -0.0128  0.0000
  0   0 -0.0203 -0.0125  0.0000
  0   0 -0.0007 -0.0026  0.0000
  0   0  0.0310 -0.0098  0.0000
  0   0  0.0436 -0.0169  0.0000
  0   0  0.0469 -0.0098  0.0000
  0   0  0.0341  0.0093  0.0000
  0   0  0.0204  0.0143  0.0000
  0   0  0.0196  0.0163  0.0000
  0   0  0.0248  0.0396  0.0000
  0   0  0.0145  0.0571  0.0000
  0   0  0.0070  0.0849  0.0000
  0   0  0.0240  0.1227  0.0000
  0   0  0.0342  0.1387  0.0000
  0   0  0.0405  0.1375  0.0000
  0   0  0.0577  0.1118  0.0000
  0   0  0.0827  0.0749  0.0000
  0   0  0.1030  0.0299  0.0000
  0   0  0.1140 -0.0183  0.0000
  0   0  0.1207 -0.0690  0.0000
  0   0  0.1094 -0.1123  0.0000
  0   0  0.0940 -0.1519  0.0000
  0   0  0.0802 -0.1893  0.0000
  0   0  0.0619 -0.2169  0.0000
  0   0  0.0297 -0.2244  0.0000
  0   0 -0.0029 -0.2154  0.0000
  0   0 -0.0286 -0.1839  0.0000
  0   0 -0.0471 -0.1255  0.0000
  0   0 -0.0591 -0.0502  0.0000
  0   0 -0.0694  0.0381  0.0000
  0   0 -0.0786  0.1350  0.0000
  0   0 -0.1334  0.3852  0.0000
  0   0 -0.0932  0.2965  0.0000
  0   0 -0.0584  0.2081  0.0000
  0   0 -0.0335  0.1220  0.0000
  0   0 -0.0174  0.0484  0.0000
  0   0 -0.0105 -0.0053  0.0000
  0   0 -0.0127 -0.0404  0.0000
  0   0 -0.0189 -0.0564  0.0000
  0   0 -0.0277 -0.0533  0.0000
  0   0 -0.0345 -0.0407  0.0000
  0   0 -0.0335 -0.0275  0.0000
  0   0 -0.0203 -0.0191  0.0000
  0   0  0.0057 -0.0153  0.0000
  0   0  0.0365 -0.0185  0.0000
  0   0  0.0569 -0.0214  0.0000
  0   0  0.0614 -0.0160  0.0000
  0   0  0.0514 -0.0029  0.0000
  0   0  0.0366  0.0108  0.0000
  0   0  0.0257  0.0278  0.0000
  0   0  0.0190  0.0551  0.0000
  0   0  0.0138  0.0903  0.0000
  0   0  0.0161  0.1326  0.0000
  0   0  0.0298  0.1735  0.0000
  0   0  0.0467  0.1965  0.0000
  0   0  0.0648  0.1940  0.0000
  0   0  0.0869  0.1649  0.0000
  0   0  0.1117  0.1156  0.0000
  0   0  0.1338  0.0535  0.0000
  0   0  0.1478 -0.0147  0.0000
  0   0  0.1511 -0.0835  0.0000
  0   0  0.1416 -0.1478  0.0000
  0   0  0.1228 -0.2055  0.0000
  0   0  0.0972 -0.2533  0.0000
  0   0  0.0650 -0.2856  0.0000
  0   0  0.0267 -0.2959  0.0000
  0   0 -0.0122 -0.2802  0.0000
  0   0 -0.0458 -0.2359  0.0000
  0   0 -0.0714 -0.1635  0.0000
  0   0 -0.0894 -0.0688  0.0000
  0   0 -0.1027  0.0412  0.0000
  0   0 -0.1139  0.1586  0.0000
