VARIABLES= "X pix", "Y pix", "U pix/dt", "V pix/dt", "CHC", ZONE I=37, J=41
304  16 -0.0257 -0.0599 59.5809
336  16 -0.0259 -0.0935 18.9118
368  16 -0.0294 -0.1239 24.6753
400  16 -0.0533 -0.0888 88.5845
496  16 -0.0506 -0.0582 89.0435
528  16 -0.0350 -0.0338 39.0095
560  16 -0.0465 -0.0400 40.9600
592  16 -0.0406 -0.0234 50.5679
624  16 -0.0479 -0.0076 54.6133
656  16 -0.0187 -0.0163 46.5454
688  16 -0.0023  0.0247 273.0666
304  48  0.0169  0.0677 52.5128
336  48  0.0532  0.0930 29.4676
368  48  0.1214  0.1427 110.7027
496  48  0.1975  0.1767 71.8596
528  48  0.0940  0.1192 27.3067
560  48  0.0434  0.0589 40.1569
592  48  0.0000  0.0664 161.9886
688  48 -0.0870  0.0909 227.5554
720  48 -0.2130  0.1252 29.2571
752  48 -0.2752  0.1385 36.2478
784  48  0.0000 -0.0069 31.9501
816  48  1.1372 -0.5000 148.4057
304  80  0.8674 -0.3665 49.3494
336  80  0.3823 -0.1635 30.7970
368  80  0.0863 -0.0419 50.5679
400  80 -0.0152 -0.0063 47.0804
432  80 -0.0485 -0.0013 43.5745
464  80 -0.0720  0.0131 4095.9939
496  80 -0.0215  0.0191 71.8596
528  80  0.0134  0.0854 28.4444
560  80  0.0588  0.0504 48.7619
592  80  0.0082  0.0000 40.8239
688  80  0.0043  0.0288 341.3332
720  80 -0.0052 -0.0699 80.3137
752  80 -0.0028 -0.1127 87.1489
784  80  0.0738 -0.0533 63.0154
816  80 -0.0438 -0.0238 147.3381
 16 144 -0.1463 -0.0713 40.6174
 48 144 -0.0508 -0.1386 107.7484
 80 144 -0.0996 -0.1050 68.0739
112 144 -0.0286 -0.0377 94.4575
144 144 -0.0247 -0.0421 193.5349
176 144 -0.0116 -0.0828 188.6931
208 144 -0.0400 -0.0252 97.6224
240 144 -0.0305 -0.0153 195.3661
272 144 -0.0002  0.0163 26.9930
304 144 -0.0236 -0.0081 78.0065
336 144  0.0051  0.0218 104.2176
368 144 -0.0223  0.0507 107.9663
400 144  0.0068  0.0171 244.5015
432 144  0.0130  0.0469 203.0927
464 144  0.0115  0.0693 105.9293
496 144  0.0181  0.0557 239.7426
528 144  0.0292  0.0798 197.7874
560 144  0.1573  0.1277 93.8310
592 144 -0.0011  0.0695 134.2866
624 144  0.0176  0.0269 109.1035
656 144  0.0067  0.0341 202.2961
688 144  0.0013  0.0349 106.5560
720 144 -0.0068  0.0212 164.8197
752 144 -0.0164  0.0299 133.9431
784 144 -0.0190  0.0106 83.8503
816 144  0.0029  0.0538 86.4497
848 144  0.0155  0.0292 173.6503
880 144 -0.0037  0.0144 64.0200
912 144 -0.0149  0.0287 167.4173
944 144 -0.0013  0.0181 124.6241
976 144 -0.0036  0.0182 83.3770
1008 144 -0.0663  0.0504 39.3040
1040 144 -0.0147  0.0169 120.8130
1072 144 -0.0438  0.0691 125.2550
1104 144  0.0324  0.0061 52.8637
1136 144 -0.0282  0.0383 40.0017
1168 144 -0.0183  0.0660 69.3719
 16 176 -0.0359 -0.0885 69.5135
 48 176 -0.1205 -0.1440 115.1098
 80 176 -0.0874 -0.1451 180.8004
112 176 -0.0667 -0.0517 424.0877
144 176 -0.0900 -0.1121 219.3031
176 176 -0.0639 -0.0392 195.9327
208 176 -0.0695 -0.0304 185.1876
240 176 -0.0282 -0.0185 271.5822
272 176 -0.0191 -0.0138 136.0078
304 176 -0.0160 -0.0075 153.8447
336 176 -0.0045  0.0177 190.5001
368 176 -0.0044  0.0287 229.1348
400 176  0.0039  0.0446 175.2477
432 176  0.0219  0.0464 135.3926
464 176  0.0270  0.0684 168.2988
496 176  0.0454  0.0736 207.8784
528 176 -0.0096  0.1090 70.5519
560 176  0.0378  0.0482 216.5805
592 176 -0.0027  0.0455 138.7436
624 176  0.0174  0.0626 271.1514
656 176 -0.0165  0.0290 210.3238
688 176 -0.0164  0.0202 120.9218
720 176  0.0047  0.0221 86.9448
752 176  0.0265  0.0668 151.7677
784 176  0.0048  0.0331 89.7786
816 176 -0.0057  0.0172 65.7800
848 176  0.0302  0.0015 195.6153
880 176 -0.0155  0.0008 69.5106
912 176  0.0122  0.0510 125.9787
944 176  0.0049  0.0512 156.2255
976 176 -0.0171  0.0088 112.1484
1008 176  0.0014  0.0171 149.3257
1040 176 -0.0095  0.0637 45.3507
1072 176 -0.0390  0.0476 159.4500
1104 176 -0.0211  0.0629 91.1415
1136 176 -0.0213  0.0672 132.4436
1168 176 -0.0426  0.1593 149.5645
 16 208 -0.0739 -0.0796 53.9258
 48 208 -0.1065 -0.1421 142.0264
 80 208 -0.1784 -0.1824 275.9033
112 208 -0.0831 -0.1048 194.0075
144 208 -0.0447 -0.0689 94.4882
176 208 -0.0249 -0.0513 245.5365
208 208 -0.0281 -0.0449 336.5874
240 208 -0.0189 -0.0303 180.7214
272 208 -0.0367 -0.0101 248.7106
304 208  0.0009  0.0059 164.9868
336 208 -0.0025  0.0261 267.9168
368 208 -0.0125  0.0380 402.1061
400 208 -0.0376  0.0467 109.9572
432 208  0.0605  0.0449 170.2965
464 208  0.0036  0.0603 277.4708
496 208  0.0083  0.0412 139.6535
528 208  0.0004  0.0382 194.5896
560 208  0.0141  0.0357 174.4322
592 208 -0.0521  0.0473 92.6126
624 208  0.0299  0.0438 145.3306
656 208  0.0124  0.0288 88.0388
688 208 -0.0073  0.0451 95.6471
720 208 -0.0515 -0.0094 131.5972
752 208  0.0116  0.0083 137.6138
784 208  0.0187  0.0080 196.0954
816 208  0.0167  0.0130 182.2296
848 208  0.0079  0.0013 155.3731
880 208  0.0239  0.0096 240.1910
912 208 -0.0198  0.0258 44.8790
944 208  0.0161  0.0189 99.6462
976 208  0.0037  0.0398 126.4559
1008 208  0.0043  0.0169 148.4463
1040 208 -0.0294  0.0410 145.1635
1072 208 -0.0294  0.0665 148.3786
1104 208 -0.0529  0.0671 77.0913
1136 208 -0.0346  0.0602 96.8917
1168 208 -0.0249  0.0655 176.7812
 16 240 -0.0769 -0.1238 88.2464
 48 240 -0.0162 -0.0040 20.1796
 80 240 -0.0776 -0.0478 154.2477
112 240 -0.1147 -0.1240 131.0571
144 240 -0.1687 -0.1542 94.0700
176 240 -0.0942 -0.1001 186.5535
208 240 -0.2453 -0.0397 44.0521
240 240 -0.0513 -0.0455 214.6930
272 240 -0.0116 -0.0566 54.4852
304 240 -0.0289 -0.0009 183.2410
336 240 -0.0210  0.0074 155.8065
368 240  0.0034  0.0200 131.8953
400 240 -0.0197  0.0033 246.7133
432 240  0.0015  0.0429 70.5311
464 240  0.0017  0.0779 135.1143
496 240  0.0184  0.0666 280.8261
528 240 -0.0052  0.0808 86.8764
560 240 -0.0045  0.0589 124.5748
592 240  0.0002  0.0542 146.8804
624 240  0.0082  0.0423 89.8715
656 240  0.0178  0.0440 137.6983
688 240 -0.0074  0.0147 116.4746
720 240  0.0593  0.0018 130.7645
752 240  0.0254  0.0068 213.4080
784 240  0.0223  0.0249 99.7498
816 240  0.0000  0.0253 153.7369
848 240  0.0194  0.0000 173.5195
880 240  0.0253  0.0178 100.2204
912 240 -0.0239 -0.0654 75.6227
944 240 -0.0696 -0.0661 74.2887
976 240 -0.0400  0.0486 166.2204
1008 240  0.0114 -0.0052 126.5745
1040 240 -0.0362  0.0346 132.2045
1072 240 -0.0336  0.0613 127.2883
1104 240 -0.0629  0.0856 110.1179
1136 240  0.0044  0.0684 60.7295
1168 240 -0.0430  0.1047 117.1084
 16 272 -0.0802 -0.0787 89.7757
 48 272 -0.0248 -0.1420 71.8933
 80 272 -0.1249 -0.1664 149.0684
112 272 -0.0956 -0.4409 280.1366
144 272 -0.0382 -0.1240 240.7147
176 272 -0.0525 -0.1244 215.7961
208 272 -0.0602 -0.1271 288.4335
240 272 -0.0323 -0.0516 108.4705
272 272 -0.0865 -0.0362 204.2601
304 272 -0.0276 -0.0359 117.9823
336 272 -0.0239 -0.0158 240.3383
368 272  0.0134 -0.0111 164.0698
400 272  0.0139  0.0405 234.3468
432 272  0.0023  0.0507 142.9463
464 272  0.0118  0.0838 59.7925
496 272  0.0327  0.0976 242.7442
528 272 -0.0161  0.1298 226.7118
560 272  0.0148  0.0366 40.1333
592 272  0.0308  0.0737 182.2935
624 272  0.0260  0.0393 133.9456
656 272  0.0144 -0.0073 175.1943
688 272  0.0087  0.0290 90.7362
720 272  0.0099  0.0265 85.1381
752 272  0.0162  0.0005 111.4548
784 272  0.0144 -0.0191 114.0097
816 272  0.0341 -0.0148 225.5494
848 272 -0.0005 -0.0098 89.0586
880 272  0.0069 -0.0065 75.3160
912 272  0.0183  0.0032 75.9866
944 272  0.0152 -0.0067 171.3996
976 272 -0.0272 -0.0075 191.1985
1008 272  0.0104  0.0331 138.0336
1040 272 -0.0351  0.0650 94.6955
1072 272 -0.0301  0.1225 50.1227
1104 272 -0.0495  0.0298 111.8060
1136 272 -0.0439  0.0925 96.6933
1168 272 -0.0070  0.0263 39.0257
 16 304 -0.1310 -0.0754 200.6599
 48 304 -0.1058 -0.1990 55.7822
 80 304 -0.1865 -0.1928 158.6372
112 304 -0.1164 -0.0954 248.0581
144 304 -0.0854 -0.1535 195.3705
176 304 -0.0793 -0.0943 366.1418
208 304 -0.2100 -0.0663 292.6034
240 304 -0.0436 -0.0502 312.5406
272 304 -0.0313 -0.0304 93.0916
304 304 -0.0303 -0.0157 279.3189
336 304 -0.0248 -0.0114 234.6901
368 304 -0.0091  0.0082 103.6673
400 304  0.0016  0.0203 30.6474
432 304  0.0446  0.0144 39.3070
464 304 -0.0039  0.0534 207.5788
496 304  0.0196  0.0852 192.5755
528 304  0.0476  0.1030 90.5551
560 304  0.0522  0.0686 167.9397
592 304  0.0051  0.0097 152.5889
624 304  0.0243  0.0299 194.1280
656 304  0.0005  0.0136 167.2340
688 304  0.0330  0.0310 87.2189
720 304  0.0130  0.0366 129.5232
752 304  0.0144  0.0330 83.1371
784 304  0.0164  0.0122 135.0065
816 304  0.0240 -0.0296 117.4431
848 304  0.0099 -0.0273 92.4023
880 304  0.0168  0.0181 124.5446
912 304  0.0299 -0.0057 85.7492
944 304  0.0211  0.0184 118.7880
976 304  0.0218  0.0198 105.5544
1008 304  0.0002  0.0333 60.4041
1040 304 -0.0092  0.0231 39.3846
1072 304 -0.0508  0.1093 94.7783
1104 304 -0.0136  0.0821 195.1994
1136 304 -0.0084  0.0906 85.5291
1168 304 -0.0439  0.0473 93.5211
 16 336 -0.2641 -0.1728 120.4849
 48 336 -0.0102 -0.3489 49.8351
 80 336 -0.0949 -0.3609 214.9050
112 336 -0.1481 -0.1858 168.1467
144 336 -0.2086 -0.3368 207.8038
176 336 -0.0994 -0.2261 223.1386
208 336 -0.0173 -0.2139 316.5409
240 336 -0.1306 -0.1420 139.5949
272 336 -0.0856 -0.0359 17.8139
304 336 -0.1805 -0.0787 88.9456
336 336 -0.0412 -0.1079 286.1433
368 336 -0.0260 -0.0316 143.0721
400 336  0.0112  0.0154 80.8320
432 336  0.0032  0.0282 143.2137
464 336  0.0079  0.0560 116.3712
496 336 -0.0056  0.1668 107.6546
528 336  0.0309  0.0708 144.8439
560 336  0.0117  0.0419 117.1449
592 336  0.0394  0.0320 232.9280
624 336  0.0183  0.0327 115.6760
656 336  0.0186  0.0157 131.3538
688 336  0.0464  0.0160 111.4294
720 336  0.0390  0.0091 129.9216
752 336  0.0151 -0.0081 155.6800
784 336  0.0319 -0.0059 157.8211
816 336  0.0409 -0.0156 100.1438
848 336  0.0345 -0.0131 108.7708
880 336  0.0152 -0.0050 101.4825
912 336  0.0295 -0.0081 84.8498
944 336  0.0292  0.0035 192.5269
976 336  0.0038  0.0150 96.1288
1008 336 -0.0133  0.0473 95.2981
1040 336 -0.0084  0.0416 77.5412
1072 336 -0.0328  0.0805 85.2404
1104 336 -0.0237  0.1026 176.7634
1136 336 -0.0267  0.0974 120.3186
1168 336 -0.0712  0.1300 54.9935
 16 368 -0.1466 -0.1082 22.4201
 48 368 -0.2771 -0.1417 62.1212
 80 368 -0.1406 -0.2298 132.0155
112 368 -0.1302 -0.1454 75.8110
144 368 -0.2188 -0.3651 49.8633
176 368 -0.1039 -0.1748 139.6316
208 368 -0.0658 -0.2172 269.9402
240 368 -0.2336 -0.1279 56.9100
272 368 -0.0684 -0.0860 47.7242
304 368  0.0121 -0.1013 226.6873
336 368 -0.0482 -0.0412 412.5342
368 368 -0.0130 -0.0148 264.4991
400 368 -0.0285 -0.0001 374.2368
432 368 -0.0239  0.0218 210.1156
464 368  0.0098  0.0480 78.6909
496 368  0.0331  0.0579 285.4734
528 368  0.0234  0.0707 117.2252
560 368  0.0250  0.0399 107.2444
592 368  0.0115  0.0475 229.3058
624 368  0.0366  0.0242 200.4542
656 368  0.0404  0.0774 133.4529
688 368  0.0138  0.0142 93.1710
720 368  0.0467 -0.0224 157.3459
752 368  0.0463 -0.0091 96.1765
784 368  0.0098  0.0028 122.4195
816 368  0.0922 -0.0106 229.9882
848 368  0.0365 -0.0143 67.0857
880 368  0.1044 -0.0570 135.8132
912 368  0.0239 -0.0046 117.5618
944 368  0.0337  0.0367 215.9268
976 368 -0.0422  0.0701 35.3799
1008 368  0.0676  0.0538 285.8105
1040 368 -0.0327  0.0474 204.9712
1072 368 -0.0510  0.0681 95.5958
1104 368 -0.0412  0.1231 125.8285
1136 368 -0.0755  0.1340 114.5011
1168 368 -0.0751  0.1121 100.7595
 16 400 -0.5089 -0.4490 120.6551
 48 400 -0.1912 -0.1060 52.8705
 80 400 -0.2312 -0.1361 171.0394
112 400 -0.1364 -0.4095 125.4217
144 400 -0.1055 -0.2546 26.5704
176 400 -0.3113 -0.4543 151.0963
208 400 -0.4506 -0.1009 95.2643
240 400 -0.0495 -0.2991 269.2343
272 400 -0.1175 -0.1614 258.0451
304 400 -0.1698 -0.0969 173.4274
336 400 -0.0468 -0.1151 220.0792
368 400 -0.0180 -0.0376 102.1596
400 400 -0.0229  0.0130 42.9518
432 400 -0.0150 -0.0055 251.0341
464 400 -0.0121  0.0201 195.9352
496 400  0.0254 -0.0062 88.6390
528 400  0.0138  0.0575 150.6936
560 400  0.0194  0.0273 184.6923
592 400  0.0287  0.0365 175.5011
624 400  0.0205  0.0490 142.9526
656 400  0.0206  0.0360 120.7299
688 400  0.0275  0.0072 150.9364
720 400  0.0720  0.0019 110.1882
752 400  0.0392  0.0087 74.9381
784 400  0.0483 -0.0349 119.1062
816 400  0.0478 -0.0292 121.4071
848 400  0.0550 -0.0366 144.6963
880 400  0.0822 -0.0299 135.7828
912 400  0.0307 -0.0106 118.0491
944 400 -0.0214  0.0318 119.1718
976 400 -0.0344  0.0213 66.5416
1008 400 -0.0205  0.0601 73.2796
1040 400 -0.0780 -0.0608 151.1204
1072 400 -0.0440  0.1104 120.3897
1104 400 -0.0338  0.1138 149.6089
1136 400 -0.0986 -0.0311 77.3643
1168 400 -0.1121  0.0917 176.9615
 16 432 -0.3544 -0.2204 136.6986
 48 432 -0.1568 -0.6639 188.3566
 80 432 -0.1529 -0.2042 351.7065
112 432 -0.1142 -0.6723 121.5006
144 432 -0.2173 -0.2620 345.1028
176 432 -0.2593 -0.2435 160.3008
208 432 -0.1697 -0.1655 111.7680
240 432 -0.2276 -0.2635 320.8240
272 432 -0.2336 -0.1810 155.3613
304 432 -0.2490 -0.1347 69.8064
336 432 -0.0630 -0.1606 299.9931
368 432 -0.0931 -0.1046 189.9455
400 432 -0.0056 -0.0954 160.2614
432 432 -0.0118  0.0084 100.2763
464 432 -0.0056  0.0129 126.5114
496 432  0.0093  0.0136 161.2367
528 432  0.0488  0.0089 213.5681
560 432  0.0372  0.0405 120.9009
592 432  0.0261  0.0286 95.8903
624 432  0.0401  0.0332 214.7429
656 432  0.0352  0.0292 79.4567
688 432  0.0324  0.0254 85.4691
720 432  0.0043 -0.0277 100.7473
752 432  0.0213 -0.0476 113.1567
784 432  0.0409 -0.0241 124.8882
816 432  0.0675 -0.0569 134.3380
848 432  0.0474 -0.0482 158.0686
880 432  0.0431 -0.0406 167.3552
912 432  0.0107  0.0091 91.9331
944 432  0.0009  0.0041 99.0320
976 432 -0.0397  0.0354 90.9643
1008 432 -0.0271  0.0643 95.2897
1040 432 -0.0547  0.0969 125.7169
1072 432 -0.0611  0.0166 36.5574
1104 432 -0.1191  0.1113 181.5615
1136 432 -0.0808  0.1591 85.6268
1168 432 -0.0352  0.0436 200.7795
 16 464 -0.2041 -0.3313 18.7030
 48 464 -0.5620 -0.3555 122.5148
 80 464 -0.2291 -0.3599 156.7075
112 464 -0.3228 -0.6205 143.2575
144 464 -0.6819 -0.3261 102.9492
176 464 -0.4428 -0.4464 176.3005
208 464 -0.3912 -0.4507 116.0752
240 464 -0.2582 -0.2849 135.9249
272 464 -0.2157 -0.4042 229.3725
304 464 -0.1823 -0.1465 96.0902
336 464 -0.0861 -0.0556 163.4699
368 464 -0.1006 -0.0911 235.1588
400 464 -0.0295 -0.0368 95.8641
432 464 -0.0499 -0.0544 94.8192
464 464 -0.0109  0.0128 140.9143
496 464  0.0532 -0.0221 21.2490
528 464  0.0210  0.0386 129.3085
560 464  0.0167  0.0392 131.0940
592 464  0.0321  0.0374 106.2667
624 464  0.0500 -0.0346 113.6823
656 464  0.0155 -0.0039 249.1541
688 464  0.0114 -0.0103 134.8125
720 464  0.0661 -0.0542 84.1778
752 464  0.0496 -0.0343 64.4341
784 464  0.0517 -0.0271 93.6180
816 464  0.0278 -0.0584 93.8992
848 464  0.0335 -0.0330 64.0146
880 464  0.0542 -0.0230 115.7545
912 464  0.0112  0.0272 184.6602
944 464  0.0221  0.0196 60.3904
976 464  0.0154  0.0168 148.1908
1008 464 -0.0255  0.0181 58.0699
1040 464 -0.0443  0.2158 150.3096
1072 464 -0.2757  0.1511 89.3704
1104 464 -0.0739  0.0988 183.4464
1136 464 -0.3754 -0.2735 77.0598
1168 464 -0.6189 -0.4879 119.2597
 16 496 -0.5988 -0.3333 94.6975
 48 496 -0.4228 -0.0323 18.0098
 80 496 -0.7265 -0.3148 66.6593
112 496 -1.2392 -0.5385 158.0431
144 496 -0.5829 -0.9470 30.4242
176 496 -0.9966 -0.4129 238.0612
208 496 -0.2376 -0.4606 19.2503
240 496 -0.4336 -0.4753 76.9540
272 496 -0.2148 -0.2383 34.7419
304 496 -0.2537 -0.1772 98.9262
336 496 -0.1260 -0.2545 183.6282
368 496 -0.0880 -0.1597 50.9966
400 496 -0.0372 -0.0453 104.2848
432 496 -0.0270 -0.0751 168.2194
464 496 -0.0211 -0.0254 245.5659
496 496  0.0205  0.0174 230.9940
528 496 -0.0150  0.0122 173.1490
560 496  0.0185  0.0185 124.4635
592 496  0.0678  0.0171 52.9241
624 496  0.0577  0.0065 104.7410
656 496  0.0460 -0.0536 102.6631
688 496  0.0747 -0.0243 82.6518
720 496  0.0125 -0.0021 31.5419
752 496  0.0291 -0.0535 107.8879
784 496  0.0216 -0.1160 148.3233
816 496  0.0288 -0.0869 101.9367
848 496  0.0302 -0.0537 44.3103
880 496  0.0403  0.0116 157.1190
912 496  0.0087 -0.0040 88.7323
944 496  0.0183  0.0317 195.7588
976 496 -0.0141  0.0203 75.2065
1008 496 -0.0771  0.0983 206.5807
1040 496 -0.0360  0.0337 46.5193
1072 496 -0.1486  0.0813 57.4388
1104 496 -0.1133  0.1717 70.1463
1136 496 -0.0992  0.1361 70.9598
1168 496 -0.0458  0.1365 121.0754
 16 528 -0.4355 -0.1177 50.2513
 48 528 -0.7351 -0.5309 29.3496
 80 528 -0.8911 -0.9017 98.5235
112 528 -1.1128 -1.2239 37.0250
144 528 -0.7831 -0.7643 264.3908
176 528 -0.6357 -0.5471 101.7989
208 528 -0.2339 -0.5909 169.6402
240 528 -0.2300 -0.6440 38.7624
272 528 -0.2614 -0.3869 117.9739
304 528 -0.0141 -0.2627 51.5708
336 528 -0.0625 -0.2672 365.3843
368 528 -0.0822 -0.1120 231.2816
400 528 -0.0791 -0.1680 124.1454
432 528 -0.0815 -0.0519 113.3564
464 528 -0.0249 -0.0341 218.5690
496 528 -0.0136 -0.0219 90.1651
528 528  0.0034  0.0319 129.3689
560 528  0.0285 -0.0039 143.0330
592 528  0.0696 -0.0085 108.6158
624 528  0.0732  0.0072 57.6691
656 528  0.0370 -0.0340 110.8987
688 528  0.0401 -0.0446 109.3006
720 528  0.0605 -0.0550 108.8139
752 528  0.0795 -0.0720 100.5676
784 528  0.0570 -0.0809 142.7180
816 528  0.0675 -0.0432 103.0928
848 528  0.0312 -0.1403 107.4886
880 528  0.0656 -0.0631 163.6720
912 528  0.0036  0.0096 115.0765
944 528 -0.0848  0.0161 80.3236
976 528 -0.0481  0.0967 146.8079
1008 528 -0.1242  0.1607 80.7095
1040 528 -0.1410  0.0768 94.5778
1072 528 -0.1144  0.1237 49.2867
1104 528 -0.1008  0.1258 84.4561
1136 528 -0.0974  0.1330 65.5310
1168 528 -0.1454  0.1423 117.2872
 16 560 -0.6944 -0.1541 60.1945
 48 560 -0.5434 -0.1742 103.4037
 80 560 -0.7765 -0.4774 118.5812
112 560 -0.3555 -0.1051 78.5648
144 560 -0.4721 -0.3321 65.5336
176 560 -0.4898 -0.6711 53.3580
208 560 -0.7030 -0.8857 114.8960
240 560 -0.7634 -0.9969 177.0494
272 560 -0.5048 -0.7561 65.6602
304 560 -0.3722 -0.3596 112.9087
336 560 -0.0651 -0.3526 278.8109
368 560 -0.0455 -0.3135 280.4240
400 560  0.0014 -0.0295 11.5656
432 560 -0.0580 -0.0693 41.9690
464 560  0.0048 -0.0333 229.7351
496 560 -0.0321 -0.0105 57.6415
528 560  0.0155 -0.0397 175.8898
560 560  0.0352 -0.0231 143.8052
592 560  0.0349 -0.0438 137.0050
624 560  0.0461 -0.0232 131.7260
656 560  0.0473 -0.0684 68.9217
688 560  0.1060 -0.1140 49.2664
720 560  0.0993 -0.1143 81.2149
752 560  0.0212 -0.2704 110.8353
784 560 -0.0202  0.0241 127.4336
816 560  0.0300 -0.1765 85.0695
848 560  0.0282 -0.0941 130.7321
880 560 -0.0080 -0.0384 99.7505
912 560 -0.0066 -0.0267 88.2496
944 560 -0.1004  0.0533 110.0855
976 560 -0.0926  0.1163 174.2224
1008 560 -0.0627  0.1191 144.6772
1040 560 -0.1713  0.0772 91.8051
1072 560 -0.2026  0.0980 142.9903
1104 560 -0.1706  0.1658 99.5160
1136 560 -0.1619  0.2352 95.3907
1168 560 -0.0610  0.1376 80.8581
 16 592 -0.8081 -0.3986 93.4638
 48 592 -0.3652 -0.2218 19.2215
 80 592 -0.3082 -0.2338 158.1981
112 592 -0.2497 -0.1733 102.3211
144 592 -0.8897 -1.2550 163.8039
176 592 -0.7722 -0.9500 153.6275
208 592 -1.2598 -0.8332 146.5621
240 592 -0.5686 -1.2542 109.2175
272 592 -0.6027 -0.5654 54.9646
304 592 -0.3412 -0.1596 28.1419
336 592 -0.4510 -0.3457 68.5222
368 592 -0.2862 -0.1824 107.9890
400 592 -0.2590 -0.1633 105.6657
432 592 -0.1916 -0.1442 176.8412
464 592 -0.1924 -0.0870 170.7769
496 592 -0.1742 -0.0591 171.9291
528 592  0.0149 -0.0502 165.4378
560 592  0.0288 -0.0777 218.4154
592 592  0.0508 -0.0890 50.1241
624 592  0.1340 -0.0785 67.8008
656 592  0.1033 -0.1347 249.9200
688 592  0.1643 -0.1349 97.6752
720 592  0.1222 -0.1719 31.7490
752 592  0.0838 -0.1393 173.5218
784 592  0.0241 -0.1420 111.8577
816 592 -0.0269 -0.2573 106.2895
848 592 -0.0448 -0.1658 158.9292
880 592  0.0012 -0.0864 119.1437
912 592  0.0025 -0.0901 84.9417
944 592 -0.0633  0.0575 102.1178
976 592 -0.1164  0.0864 83.5593
1008 592 -0.1465  0.1961 85.4149
1040 592 -0.0813  0.1532 45.8359
1072 592 -0.1391  0.1450 73.2140
1104 592 -0.1470  0.1638 168.1961
1136 592 -0.1596  0.1915 85.0480
1168 592 -0.1120  0.0897 73.3845
 16 624 -0.2556 -0.2232 44.4958
 48 624 -0.3808 -0.2243 37.6390
 80 624 -0.6134 -0.1787 57.0590
112 624 -0.8878 -0.7131 167.2494
144 624 -1.1438 -1.0585 188.3889
176 624 -0.5060 -1.1406 84.2875
208 624 -0.8803 -1.0146 142.2386
240 624 -1.4050 -1.1847 30.4942
272 624 -1.3886 -0.5683 28.6396
304 624 -1.2057 -0.6594 246.7013
336 624 -0.9408 -0.3977 193.8269
368 624 -0.7777 -0.4927 176.2984
400 624 -0.4895 -0.2043 115.7012
432 624 -0.3359 -0.1163 189.1802
464 624 -0.3983 -0.0546 109.0930
496 624 -0.3401 -0.0513 119.1478
528 624 -0.2817 -0.1962 83.0565
560 624  0.0170 -0.1241 118.0025
592 624  0.0795 -0.0854 97.1948
624 624  0.1366 -0.1094 36.4519
656 624  0.1384 -0.1362 26.3663
688 624  0.2007 -0.3314 166.7567
720 624  0.0270 -0.4543 141.3035
752 624  0.0179 -0.5712 133.0685
784 624  0.0886 -0.3144 186.4893
816 624 -0.1053 -0.7487 191.7217
848 624 -0.0382 -0.2500 103.9590
880 624 -0.0022 -0.2209 69.9200
912 624 -0.0213 -0.1566 111.1837
944 624 -0.0677 -0.0312 112.5775
976 624 -0.1151  0.0712 58.1969
1008 624 -0.1689  0.1566 161.1815
1040 624 -0.1619  0.1971 166.5207
1072 624 -0.2291  0.1761 228.6833
1104 624 -0.1954  0.1167 118.9140
1136 624 -0.1333  0.1627 71.2726
1168 624 -0.2666  0.1639 78.5052
 16 656 -0.5247 -0.0312 70.2733
 48 656 -0.2580 -0.3372 206.0265
 80 656 -0.5959 -0.3749 148.9981
112 656 -0.7466 -0.4861 44.2521
144 656 -0.9369 -0.9808 14.4186
176 656 -0.7339 -0.8986 115.6659
208 656 -1.0713 -1.0550 126.3082
240 656 -1.1608 -1.0077 29.1956
272 656 -1.8054 -1.0242 265.5097
304 656 -1.0319 -0.6993 25.4233
336 656 -1.0185 -0.5249 30.8630
368 656 -0.9321 -0.3343 208.5695
400 656 -0.9319 -0.2386 140.3534
432 656 -0.9075 -0.0197 153.7902
464 656 -0.6035 -0.1379 79.2952
496 656 -0.5658 -0.1741 109.6630
528 656 -0.2588 -0.1090 11.8653
560 656 -0.1158 -0.3208 49.0590
592 656  0.0752 -0.1290 78.9362
624 656  0.1048 -0.2805 85.8225
656 656  0.0954 -0.3769 162.8300
688 656  0.1842 -0.6426 32.0804
720 656  0.2870 -0.5302 155.3555
752 656 -0.0621 -0.5497 97.1456
784 656 -0.2318 -1.5041 130.8858
816 656 -0.0062 -0.9705 95.9740
848 656  0.0047 -0.9341 154.3199
880 656 -0.0064 -0.5612 76.3322
912 656  0.0100 -0.5548 82.0840
944 656 -0.0215 -0.0510 75.0679
976 656 -0.2732 -0.0104 152.1966
1008 656 -0.1675  0.1035 86.4981
1040 656 -0.1819  0.1375 109.3682
1072 656 -0.1658  0.0579 85.5617
1104 656 -0.2816  0.0809 133.0925
1136 656 -0.3063  0.1357 141.9389
1168 656 -0.2564  0.1797 110.5799
 16 688 -0.0671 -0.0522 32.0894
 48 688 -0.4188 -0.1707 224.8339
 80 688 -0.3476 -0.1757 199.3099
112 688 -0.3557 -0.1660 59.5691
144 688 -1.0087 -0.6852 36.2630
176 688 -1.1196 -0.7300 164.8705
208 688 -1.1053 -1.1841 198.9618
240 688 -1.0292 -0.8805 25.5560
272 688 -1.5040 -1.3819 146.6004
304 688 -0.7787 -0.6606 33.0526
336 688 -1.2423 -0.5635 24.6740
368 688 -1.2418 -0.1188 228.4626
400 688 -1.1709  0.0262 38.4663
432 688 -0.3249  0.2618 46.2137
464 688 -1.3635 -0.0458 64.1956
496 688 -1.3627 -0.1773 140.0922
528 688 -0.5196 -0.7563 196.6215
560 688 -0.1724 -0.2287 28.5593
592 688 -0.0167 -0.3403 125.4259
624 688  0.0279 -0.3179 75.5747
656 688  0.0249 -0.5158 136.8978
688 688 -0.0073 -0.1203 34.6228
720 688 -0.4564  0.4107 13.4896
752 688 -1.7831  0.1575 16.3852
784 688 -0.0163 -0.3878 22.4103
816 688 -0.0998 -1.3964 68.6225
848 688  0.1693 -0.3906 34.6336
880 688 -1.5823 -0.0882 37.6914
912 688  0.1441 -0.7255 133.8487
944 688 -0.0975 -0.0563 140.9357
976 688 -0.0056 -0.1337 238.9205
1008 688 -0.2177  0.0539 121.5475
1040 688 -0.2176  0.0516 145.0180
1072 688 -0.3368  0.1135 142.7244
1104 688 -0.3058  0.3882 168.3109
1136 688 -0.3011  0.1246 129.1989
1168 688 -0.1642  0.0604 280.2681
 16 720 -0.0487 -0.1369 52.1002
 48 720 -0.1075 -0.0959 23.1620
 80 720 -0.2044 -0.0904 222.4925
112 720 -0.1111 -0.1264 100.3636
144 720 -0.6647 -0.9021 144.2884
176 720 -0.8384 -0.7547 150.8679
208 720 -0.9966 -0.9037 175.8108
240 720 -1.1109 -0.8805 102.8520
272 720 -1.0745 -0.6797 80.6683
304 720 -1.2148 -0.5043 249.0546
336 720 -1.3557 -0.0820 23.8030
368 720 -1.0332  0.4894 58.7815
400 720 -0.7104  0.3796 47.2326
432 720 -1.3555  0.6289 36.4783
464 720 -0.2652 -0.3962 32.2408
496 720 -0.7790 -0.2193  8.6014
528 720 -0.7518 -0.3415 21.3748
560 720 -0.0288 -0.3866 198.9251
592 720 -0.0850 -0.4212 41.9814
624 720 -0.4371  0.4315 14.5616
656 720 -0.0400  0.0861 13.9137
688 720 -0.2695  0.2399 15.5691
752 720 -0.3239  0.3576  7.1893
784 720 -0.0624 -0.0473 11.6396
816 720  0.0440  0.1725 15.3658
848 720  0.1680 -0.0921  4.2692
880 720 -0.4516 -0.3416  8.2772
912 720  0.3215 -1.1021 133.2034
944 720  0.0657 -0.2369 81.6198
976 720 -0.0297 -0.0657 90.6071
1008 720 -0.1636 -0.0032 56.8378
1040 720 -0.3200 -0.0547 166.3112
1072 720 -0.4142  0.0673 128.1955
1104 720 -0.2308  0.1181 101.8521
1136 720 -0.2035  0.1355 68.1097
1168 720 -0.1298  0.1185 20.2264
 16 752 -0.0147 -0.0221 24.9979
 48 752 -0.0339 -0.0338 196.7124
 80 752 -0.0797 -0.0826 148.7330
112 752 -0.1784 -0.0966 208.0428
144 752 -0.2263 -0.1310 209.7345
176 752 -0.5426 -0.4212 98.0306
208 752 -0.8549 -0.9389 28.1487
240 752 -1.2037 -0.8724 123.0958
272 752 -0.8998 -0.8240 31.3967
304 752 -0.4198 -0.1743 40.2501
336 752 -0.8087 -0.1416 153.3516
368 752 -0.2132  0.7458 110.4262
400 752 -0.1354  1.0952 145.9320
432 752  0.5430  0.1431 105.3503
464 752 -0.2077 -0.5637 27.0908
496 752  0.3234 -0.8620  9.6667
528 752  2.0977 -0.1523  8.0828
560 752 -0.1171 -1.0825 78.3797
592 752 -0.0581 -0.5847 110.9251
624 752 -0.0899 -0.1498 22.0112
656 752 -0.7817  0.1546  8.7793
688 752 -0.4651  0.4321 16.0576
720 752 -0.1989  0.4833  4.3332
752 752  0.0796  0.2587  7.3041
784 752 -0.2593  0.0517  8.7156
816 752 -0.1950  0.1918  8.4357
848 752  0.1161  0.2779  5.3299
880 752 -0.3208 -0.1790  9.6265
912 752  0.5003 -0.7059 31.0688
944 752 -0.0383 -0.0976 45.6590
976 752 -0.2526 -0.1235 81.6705
1008 752 -0.1870 -0.1013 104.2383
1040 752 -0.1685 -0.0059 130.5024
1072 752 -0.1633  0.0128 58.6730
1104 752 -0.2979  0.1802 86.0406
1136 752 -0.2407  0.0287 51.2606
1168 752 -0.3346  0.1552 55.9045
 16 784 -0.0056 -0.0110 27.5017
 48 784  0.0550 -0.0003 95.6792
 80 784 -0.0084 -0.0495 169.0764
112 784 -0.0175 -0.0579 165.0192
144 784 -0.0425 -0.0763 117.9489
176 784 -0.1451 -0.3970 148.7484
208 784 -0.4409 -0.5094 191.4452
240 784 -0.5009 -1.0199 124.8346
272 784 -0.3588 -0.6583 166.7181
304 784 -0.0810 -0.2168 216.5111
336 784 -0.1952  0.0399 182.8368
368 784  0.7057  0.7868 108.9800
400 784  1.3337  1.3208 80.9569
432 784  1.6983  0.9730 21.6009
464 784  0.1833  0.0128 14.1206
496 784  0.1680 -0.3364  9.9230
528 784  1.4813 -0.2424  8.9714
560 784  0.0390 -0.3161 60.4804
592 784 -0.0240 -0.2733 54.3786
624 784 -0.0834 -0.0262 11.1838
656 784 -0.1248  0.1683 11.1221
688 784 -0.0834  0.0985 12.6217
720 784 -0.1714  0.3560  9.5513
752 784  0.1397  0.2115  8.5658
784 784 -0.2634  0.0469  8.5466
816 784 -0.1159  0.1885  8.3662
848 784 -0.3248  0.0778  9.2305
880 784 -0.3395 -0.1749 10.2348
912 784 -0.0559  0.0082 16.0622
944 784 -0.0776  0.0821  7.1081
976 784 -0.2855  0.1904 14.9695
1008 784 -0.1304 -0.1041 118.8329
1040 784 -0.0709 -0.1828 50.3017
1072 784 -0.2314 -0.0984 117.7564
1104 784 -0.3168 -0.0229 106.2732
1136 784 -0.2576 -0.0306 56.2216
1168 784 -0.2377 -0.1223 90.1269
 16 816  0.0206 -0.0310 31.0170
 48 816  0.0658 -0.1143 79.2304
 80 816  0.0320 -0.0633 64.9774
112 816  0.0287 -0.0311 122.3340
144 816  0.0169 -0.0693 321.5081
176 816  0.0310 -0.2393 41.0236
208 816  0.0567 -0.3447 151.8483
240 816 -0.1020 -0.2224 115.2348
272 816  0.0529 -0.9907 42.8052
304 816  0.3026 -0.4073 71.7977
336 816  0.9368 -0.0669 108.5941
368 816  1.9597  0.7337 176.4777
400 816  2.5436  1.1506 12.5333
432 816  0.1322  0.0788 20.8229
464 816  1.7945 -0.1486  8.4007
496 816  0.1440 -0.2750 13.8310
528 816  0.4826  0.0098  7.5081
560 816  0.1038 -0.0820 96.5626
592 816  0.0151 -0.0990 113.0880
624 816 -0.0452  0.0204 39.6847
656 816 -0.0706  0.0480 10.8105
688 816 -0.0816  0.0658 11.8173
720 816 -0.0713  0.1269 10.4593
752 816 -0.1660  0.1091  8.1339
784 816 -0.0250  0.0003  9.0859
816 816 -0.1301  0.0473  9.7064
848 816 -0.2158 -0.0236  9.4770
880 816 -0.0944  0.0899 11.4681
912 816 -0.0685  0.0133  4.6533
976 816 -0.2557  0.1807  7.8268
1008 816 -0.1076 -0.0707 22.9099
1040 816 -0.2305 -0.1395 45.6890
1072 816 -0.2754 -0.0984 50.4763
1104 816 -0.1826 -0.0835 117.8999
1136 816 -0.2881  0.0529 87.7631
1168 816 -0.2838 -0.0258 84.0907
 16 848  0.0665 -0.0267 47.6740
 48 848  0.1152  0.0044 45.8319
 80 848  0.0444 -0.0357 98.9148
112 848  0.0954 -0.0182 50.8264
144 848  0.1007 -0.0958 208.7825
176 848  0.0877 -0.1672 38.3721
208 848  0.0834 -0.2570 91.8153
240 848  0.2941 -0.5369 149.2677
272 848  0.2059 -0.6109 24.1260
304 848  0.1718 -0.1296 11.8242
336 848  0.3951 -0.0214 15.8311
368 848  1.7217  0.3660 35.2768
400 848  3.3118  1.0686 14.2250
432 848  1.2738  0.1248 27.7369
464 848  0.0746 -0.0354  8.4590
496 848 -0.0059 -0.0403 14.8038
528 848  0.1175  0.0794  7.3425
560 848  0.0085  0.0835 96.7014
592 848  0.0345  0.0437 154.3251
624 848 -0.0522  0.0937 57.1426
656 848 -0.0844  0.0085 56.3659
688 848 -0.0171  0.0166 14.7598
720 848 -0.0058 -0.0100 10.3654
752 848 -0.2985  0.3138  7.5640
784 848  0.0383 -0.0751  8.2557
816 848 -0.0585  0.0332 14.0888
848 848 -0.1676 -0.0387 11.8658
880 848 -0.1255 -0.0157 12.5399
912 848 -0.1083  0.0689  4.4253
944 848 -0.0113  0.0915  4.5890
976 848 -0.1124 -0.0410 17.5913
1008 848  0.0461 -0.2017 44.7061
1040 848 -0.0301 -0.2095 94.9913
1072 848 -0.1662 -0.1908 229.1324
1104 848 -0.2071 -0.1891 104.5944
1136 848 -0.2783 -0.0063 171.4176
1168 848 -0.2618 -0.0366 106.0522
 16 880  0.0076 -0.0171 15.0886
 48 880  0.1167 -0.0212 24.2217
 80 880  0.1394 -0.1250 211.4923
112 880  0.1574 -0.0272 147.4408
144 880  0.5148 -0.0347 183.5984
176 880  0.2789 -0.1199 432.3738
208 880  0.9901 -0.4106 103.7929
240 880  0.2219 -0.3484 54.5996
272 880  0.7670 -1.3557 207.4867
304 880  1.3588 -0.8727 110.4518
336 880  2.1762 -0.5481 45.8352
368 880  2.7031  0.0190 39.0742
400 880  1.0382 -0.1406 39.8846
432 880  0.0644  0.0168 17.5996
464 880  0.0240  0.0014 15.8038
496 880 -0.0958 -0.0920  5.4437
528 880  0.0060  0.0043 14.4058
560 880 -0.0103  0.1712 18.5940
592 880 -0.0405  0.1207 52.5935
624 880 -0.0110  0.1805 102.8859
656 880 -0.0262  0.0537 137.0089
688 880 -0.0509  0.1068 22.2655
720 880 -0.0168  0.0028 16.3156
752 880  0.1062 -0.0226  9.8944
784 880 -0.0592  0.0682  8.5830
816 880  0.0592 -0.0365  6.1417
848 880 -0.0931 -0.1404  6.3192
880 880  0.0015  0.0434  6.2848
912 880 -0.0588  0.0804 11.6757
944 880  0.0564  0.0052 37.1299
976 880  0.3125 -0.1733 51.3559
1008 880  0.1638 -0.3668 139.5451
1040 880 -0.1038 -0.0327 26.7669
1072 880 -0.1112 -0.2027 49.7180
1104 880 -0.1765 -0.2577 134.0806
1136 880 -0.2002 -0.0541 134.6933
1168 880 -0.4096 -0.0748 108.3966
 16 912  0.2154  0.0002 38.9593
 48 912  0.0327 -0.0032 13.0358
 80 912  0.0813 -0.0634 197.0840
112 912  0.1246 -0.0989 177.9860
144 912  0.0293 -0.0465 43.1251
176 912  0.2379 -0.1910 172.9048
208 912  0.3616 -0.2222 23.7448
240 912  1.2482 -0.8618 208.3359
272 912  0.9122 -1.0869 27.8976
304 912  1.2134 -0.7341 102.4163
336 912  2.4067 -0.8795 54.3308
368 912  0.0183  0.0029 23.3596
400 912  0.1262  0.1200 13.8105
432 912 -0.0130  0.1272 12.4542
464 912  0.0169  0.0166  7.2363
528 912  0.0019  0.0023  4.8427
560 912  0.0203 -0.0184 11.9894
592 912 -0.0237  0.0172 23.7832
624 912 -0.1055  0.1042 23.8896
656 912 -0.1311  0.1086 108.9930
688 912 -0.0746  0.1740 91.9854
720 912 -0.0514 -0.0268 11.1540
752 912  0.1834  0.0016  6.9083
784 912 -0.1065 -0.0180 11.0763
816 912 -0.1649 -0.1520  5.9433
880 912  0.0226  0.0385  5.7908
912 912 -0.0042  0.0027  7.4872
944 912 -0.0213  0.0073  8.4162
976 912  0.0703  0.1527  9.1523
1008 912  0.1286  0.4029 19.8691
1040 912  0.0060 -0.0738 69.6915
1072 912 -0.0175 -0.1594 80.4601
1104 912 -0.2398 -0.2450 128.3900
1136 912 -0.1684 -0.1316 111.4221
1168 912 -0.0234 -0.1557 112.3332
 16 944  0.0287 -0.0216 21.9596
 48 944  0.1410 -0.0099 25.1857
 80 944  0.1242 -0.0613 129.0147
112 944  0.1319 -0.0795 205.5503
144 944  0.2334 -0.0888 230.1347
176 944  0.3843 -0.1620 250.5079
208 944  0.3460 -0.3667 222.4565
240 944  0.6650 -0.6569 48.5478
272 944  0.9436 -1.2870 54.2510
304 944  0.8849 -1.2910 30.9702
336 944  0.1245 -0.2907 12.6964
368 944  0.0077  0.2191 19.2416
400 944  0.0005  0.2894  8.1775
432 944  0.0187  0.0713 13.3127
464 944  0.0490  0.0680  4.5051
496 944 -0.0093  0.0487  7.8985
528 944 -0.0375  0.0468  4.6135
592 944  0.0067 -0.0112  5.9059
624 944  0.0149 -0.0071 22.4808
656 944 -0.0837  0.0566 39.1211
688 944 -0.1516  0.1547 78.3901
720 944 -0.0885 -0.0337  6.7717
752 944  0.0677 -0.0638  5.4250
784 944 -0.0170 -0.0120  4.5330
816 944  0.0038 -0.0079  4.4582
848 944 -0.0251  0.0548  7.1817
880 944  0.0904 -0.0292  5.6932
912 944 -0.0384  0.0388  7.8987
944 944 -0.0478  0.0645 10.4855
976 944 -0.1274  0.1924  6.2236
1008 944 -0.0050  0.4672  5.2018
1040 944 -0.1782  0.8827 11.1521
1072 944  0.1127 -0.0846 37.3938
1104 944 -0.0295 -0.2371 73.2681
1136 944 -0.1401 -0.1393 105.4909
1168 944 -0.0720 -0.0868 131.6314
 16 976  0.0312  0.0072 18.2371
 48 976  0.0664 -0.0145 57.5559
 80 976  0.0971 -0.0577 30.5431
112 976  0.2087 -0.1602 241.1646
144 976  0.1988 -0.2195 222.6593
176 976  0.2724 -0.2895 136.9263
208 976  0.6134 -0.3695 96.4456
240 976  0.0298 -0.0458 14.8253
272 976  0.4981 -1.1197 39.0661
304 976  0.3265 -1.1847 26.1564
336 976  0.0638 -0.0621 20.0861
368 976 -0.0232  0.1329 11.4124
400 976  0.0393  0.2455  8.1434
432 976  0.1808  0.2849  5.0001
464 976  0.0892  0.0708 24.1158
496 976  0.1618 -0.0737 21.1310
528 976 -0.0114  0.0043 30.4424
560 976 -0.0239  0.0365  6.5173
592 976  0.0483 -0.0047  6.8482
624 976  0.0027  0.0131  7.3684
656 976  0.0245 -0.1030  7.4229
688 976 -0.0170 -0.0200 10.5070
720 976 -0.0691 -0.0584  4.5849
784 976 -0.0051 -0.0048  4.2942
816 976 -0.0129 -0.0079 12.2028
848 976 -0.0124  0.0273 21.3553
880 976 -0.1702  0.0922  5.9298
912 976 -0.0109  0.0155 10.2833
944 976 -0.0959  0.1849  7.9199
976 976 -0.1665  0.1521 11.9521
1008 976 -0.3442  0.3851 15.1596
1040 976 -0.4308  0.6456 14.7966
1072 976  0.0747 -0.0863 59.8131
1104 976 -0.0281 -0.1258 209.3484
1136 976 -0.0920 -0.1446 100.0783
1168 976 -0.1012 -0.1141 106.0642
 16 1008  0.1633 -0.0279 30.4446
 48 1008  0.1704 -0.0267 48.2150
 80 1008  0.0712 -0.0357 76.5980
112 1008  0.0920 -0.0589 76.6291
144 1008  0.3325 -0.0916 228.4229
176 1008  0.1133 -0.1333 324.6999
208 1008  0.2440 -0.3185 131.9932
240 1008  0.1292 -0.6441 52.7889
272 1008  0.0805 -0.7559 72.5387
304 1008 -0.0023 -0.9259 36.0891
336 1008  0.0571  1.4906 12.1093
368 1008  0.1167  1.5186  7.1964
400 1008  0.1650  0.2778  9.4145
432 1008  0.1520  0.1511 63.2825
464 1008  0.3338 -0.0140 26.8613
496 1008  0.0301 -0.0104 23.1170
528 1008  0.0226 -0.0145 18.3081
560 1008 -0.0190  0.0175  8.0206
592 1008  0.0779 -0.0501  6.3904
624 1008  0.0023 -0.1802  6.4621
656 1008 -0.0808  0.0030  5.0339
752 1008  0.0081  0.0164  4.0635
784 1008 -0.0190 -0.0055  6.2009
816 1008 -0.0067 -0.0164 23.0615
848 1008 -0.1678  0.0689 51.7079
880 1008 -0.0165  0.0261 15.7348
912 1008 -0.0740  0.0837  9.4042
944 1008 -0.0323  0.0338 12.6586
976 1008 -0.1128  0.1949  8.0720
1008 1008 -0.1652  0.2659 10.2888
1040 1008 -0.0079  0.0956 27.8508
1072 1008  0.0149  0.0202 84.9495
1104 1008 -0.0875 -0.0493 154.6363
1136 1008  0.0072  0.0155 46.9223
1168 1008 -0.1042 -0.0478 72.3182
 16 1040  0.0238 -0.0217 34.9056
 48 1040  0.0443  0.0056 267.8782
 80 1040  0.1450 -0.0642 97.9998
112 1040  0.1509 -0.0688 203.9554
144 1040  0.0856 -0.0763 89.8502
176 1040  0.0874 -0.2318 153.5452
208 1040  0.3988 -0.3565 98.9879
240 1040  0.0279 -0.1526 38.4962
272 1040  0.0231 -0.4615 97.7721
304 1040 -0.3114 -0.6645 61.4064
336 1040 -0.1484 -0.2508 218.4705
368 1040 -0.0828  0.0079 47.0260
400 1040  0.0064  0.0708 135.9005
432 1040  0.1058  0.0737 22.5127
464 1040  0.0516  0.0055 17.4018
496 1040  0.0712 -0.0850 38.9624
528 1040  0.0557 -0.0780 19.7304
560 1040 -0.0353  0.0201 11.9707
592 1040  0.0275  0.0029 21.7328
624 1040  0.0342  0.0082 13.5788
656 1040 -0.1400  0.0395  8.7902
752 1040  0.0027 -0.0020  5.5531
784 1040 -0.0190 -0.0027 15.2021
816 1040 -0.0182  0.0315 27.1780
848 1040 -0.1274  0.0544 33.0611
880 1040 -0.0309 -0.0138 13.2913
912 1040 -0.0695  0.0361 22.4538
944 1040 -0.0168  0.0229 20.9464
976 1040 -0.0431  0.0264 56.4216
1008 1040 -0.1798  0.0680 18.2353
1040 1040 -0.0127  0.0392 43.0375
1072 1040 -0.0082  0.0265 65.9785
1104 1040 -0.0317 -0.0527 46.2562
1136 1040 -0.0870 -0.0694 36.5344
1168 1040 -0.0571 -0.0953 89.7153
 16 1072  0.0492 -0.0443 55.9961
 48 1072  0.0977 -0.0843 102.9698
 80 1072  0.0730 -0.0437 266.0233
112 1072  0.1349 -0.0628 40.7954
144 1072  0.0233 -0.0813 162.1610
176 1072  0.0503 -0.2979 58.2215
208 1072  0.0416 -0.1508 54.9115
240 1072 -0.0029 -0.1355 62.5046
272 1072  0.0139 -0.2003 135.4293
304 1072 -0.0487 -0.2073 30.4469
336 1072 -0.0425 -0.2620 116.7502
368 1072 -0.1519 -0.0792 148.6616
400 1072 -0.0158  0.0325 58.5140
432 1072  0.0656 -0.0250 84.9050
464 1072  0.0799 -0.0198 20.7562
496 1072  0.0135 -0.0323 22.0625
528 1072  0.0452 -0.1809 52.8341
560 1072 -0.0198 -0.0749 14.8414
592 1072  0.0062  0.0249  9.0164
624 1072 -0.0228  0.0204 12.8713
656 1072 -0.0320  0.0447 20.8886
688 1072 -0.0298  0.0176  4.2563
752 1072  0.0034 -0.0186  4.2122
784 1072 -0.0188 -0.0306  7.0430
816 1072  0.0016 -0.0197 11.5086
848 1072 -0.0186  0.0053 26.1231
880 1072  0.0063  0.0326 20.5493
912 1072 -0.0338 -0.0034 20.9546
944 1072  0.0242  0.0145 58.2032
976 1072 -0.0235  0.0481 28.5082
1008 1072 -0.0115  0.0273 31.8677
1040 1072  0.0027  0.0024 121.2955
1072 1072  0.0054 -0.0180 18.4322
1104 1072 -0.0346 -0.0026 182.0666
1136 1072  0.0074 -0.0384 27.5564
1168 1072 -0.0693 -0.0417 87.0604
 16 1104  0.0480 -0.0188 88.7810
 48 1104  0.0510  0.0008 47.2187
 80 1104  0.0268 -0.0198 22.6919
112 1104  0.0814 -0.0943 156.0388
144 1104  0.0964 -0.1563 86.8590
176 1104  0.0573 -0.2723 37.0232
208 1104  0.1168 -0.0420 27.3137
240 1104  0.1489 -0.1155 115.6867
272 1104  0.0328 -0.3318 75.2467
304 1104  0.0075 -0.1408 85.9952
336 1104  0.0090 -0.1053 246.3385
368 1104  0.0142 -0.0608 105.5593
400 1104  0.0517 -0.1135 142.8403
432 1104  0.0469 -0.0411 70.8153
464 1104  0.0769 -0.0121 31.1530
496 1104  0.0268 -0.0499 14.0317
528 1104  0.0228  0.0000 14.3609
560 1104  0.0173 -0.0629 13.5126
592 1104  0.0046 -0.0357 25.9158
624 1104 -0.0195 -0.0315 17.7701
656 1104  0.0125 -0.0374 21.3860
688 1104 -0.0713  0.0655  6.8033
848 1104 -0.0254  0.0226  5.0299
880 1104 -0.0152 -0.0011  6.2377
912 1104 -0.0009 -0.0250 11.6520
944 1104 -0.0084 -0.0179 14.8928
976 1104 -0.0484 -0.0138  9.3082
1008 1104  0.0093  0.0080 19.7720
1040 1104  0.0152 -0.0143 26.8248
1072 1104  0.0223 -0.0126 19.2319
1104 1104  0.0139 -0.0125 19.4957
1136 1104  0.0093 -0.0032 17.5121
1168 1104 -0.0383  0.0120 21.1139
 16 1136  0.0247 -0.0071 13.6869
 48 1136  0.0305 -0.0852 148.3913
 80 1136  0.1581 -0.0159 121.9698
112 1136  0.0280 -0.0446 32.9811
144 1136  0.0402 -0.0595 39.3487
176 1136  0.0530 -0.1256 177.3613
208 1136  0.0396 -0.1125 81.8438
240 1136  0.0676 -0.1168 123.6523
272 1136  0.0170 -0.0740 95.8061
304 1136  0.0154 -0.0984 151.2981
336 1136  0.0468 -0.0668 62.8614
368 1136  0.0261 -0.1231 172.5819
400 1136  0.0504 -0.0627 102.7597
432 1136  0.0537 -0.0565 297.4168
464 1136  0.0438 -0.0012 33.9641
496 1136  0.0051 -0.0208 81.6654
528 1136 -0.0026 -0.0360 17.6756
560 1136  0.0115 -0.0078 17.7856
592 1136  0.0044  0.0314 11.5513
624 1136  0.0123 -0.0848 30.0193
656 1136 -0.0092 -0.0181 40.3095
688 1136 -0.0091 -0.0003 14.8869
720 1136  0.0104  0.0274 11.8847
752 1136 -0.0420  0.0573  7.1494
784 1136  0.0318  0.0598  6.3242
816 1136  0.0126  0.0814 10.8462
848 1136 -0.1046  0.1423  9.0683
880 1136 -0.0477  0.0806  4.2533
976 1136  0.0221 -0.0095  4.3207
1008 1136 -0.0267 -0.0297  5.0886
1040 1136 -0.0026  0.0029  4.6957
1072 1136 -0.0090 -0.0366  5.1942
1104 1136  0.0332 -0.0525  7.3310
1136 1136  0.0001 -0.0099  9.0927
1168 1136  0.0060 -0.0014 17.1522
 16 1168  0.0281 -0.0263 19.6237
 48 1168  0.0283 -0.0026 18.4827
 80 1168  0.0496 -0.0999 38.3269
112 1168  0.0295 -0.0620 55.0280
144 1168  0.0217 -0.0339 280.6967
176 1168  0.1473 -0.0170 73.0275
208 1168  0.0197 -0.0859 332.2692
240 1168  0.0255 -0.0848 191.0145
272 1168  0.0369 -0.0965 108.5841
304 1168  0.0755 -0.0990 44.6934
336 1168  0.0478 -0.1010 173.6768
368 1168  0.0516 -0.1099 151.9894
400 1168  0.0553 -0.1130 142.1960
432 1168  0.0432 -0.1472 204.7930
464 1168  0.0704 -0.0737 201.6530
496 1168  0.0133 -0.0082 14.4483
528 1168  0.0048 -0.0206 18.5180
560 1168 -0.0185 -0.0015 12.1926
592 1168 -0.0147  0.0232 13.9194
624 1168  0.0277  0.0036 13.2157
656 1168 -0.0039  0.0403 13.5098
688 1168  0.0110  0.0144 19.1272
720 1168 -0.0018  0.0404 11.9671
752 1168 -0.0090 -0.0031 15.5871
784 1168 -0.0646 -0.0123 12.1036
816 1168  0.0270  0.0140 13.0098
848 1168 -0.0154  0.0138 13.6042
880 1168 -0.0098  0.0213 13.1222
912 1168 -0.0639  0.0874 10.3786
944 1168 -0.0204  0.1110  5.4692
976 1168 -0.0384  0.2132  4.2845
1136 1168  0.0727 -0.0304  4.4728
1168 1168 -0.0278 -0.0049  4.5982
 16 1200  0.1112  0.0025 42.6571
 48 1200  0.0116 -0.0181 19.7524
 80 1200  0.0343  0.0159 20.0106
112 1200  0.0165  0.0066 25.1158
144 1200  0.0243 -0.0228 258.6756
176 1200 -0.0318 -0.0680 69.3924
208 1200  0.0334 -0.0630 96.5706
240 1200  0.0479 -0.0357 129.2740
272 1200  0.0359 -0.1831 71.1717
304 1200  0.0139 -0.0549 27.8547
336 1200  0.0478 -0.0687 208.6626
368 1200  0.1640 -0.0963 132.2333
400 1200  0.0598 -0.0925 258.0034
432 1200  0.0659 -0.1051 50.9252
464 1200  0.0656 -0.0544 31.4703
496 1200  0.0076 -0.0163 18.6918
528 1200  0.0059  0.0111 17.6443
560 1200  0.0030 -0.0027 11.8734
592 1200  0.0155 -0.0224 15.4555
624 1200  0.0228  0.0580 44.4179
656 1200  0.0003  0.0337 43.7327
688 1200  0.0249  0.0003 11.3644
720 1200 -0.0270 -0.0017 18.4654
752 1200 -0.0349  0.0014 16.1195
784 1200  0.1049 -0.0056 10.9137
816 1200  0.0145 -0.0101 11.3815
848 1200 -0.0197 -0.0142 11.2814
880 1200  0.0252 -0.0082 12.1294
912 1200 -0.0146 -0.0014 14.3976
944 1200  0.0202 -0.0066 14.3401
976 1200  0.0007  0.0202 14.5119
1008 1200 -0.0563  0.0786 10.6635
1040 1200 -0.0317  0.1466  6.8905
1072 1200 -0.0191  0.1384  5.3338
1104 1200  0.0264  0.0105  4.6213
 16 1232  0.0412 -0.0126 15.5251
 48 1232  0.0360 -0.0062 24.0518
 80 1232  0.0385 -0.0398 186.1611
112 1232  0.0410 -0.0281 66.7221
144 1232  0.0482 -0.0631 54.2760
176 1232  0.0410 -0.0830 184.9953
208 1232  0.0181  0.0135 27.0081
240 1232  0.0210 -0.0056 123.1798
272 1232  0.0077 -0.1860 218.9716
304 1232  0.0257 -0.0464 165.2234
336 1232  0.0396 -0.0900 206.4112
368 1232  0.0548 -0.0397 277.9530
400 1232  0.1088 -0.1044 85.2470
432 1232  0.0223 -0.1000 276.4042
464 1232  0.0605 -0.0547 63.5373
496 1232 -0.0115  0.0039 24.4490
528 1232 -0.0109 -0.0220 11.3913
560 1232  0.0235  0.0156 20.3006
592 1232 -0.0105 -0.0029 14.4129
624 1232 -0.0180  0.0121 12.6207
656 1232 -0.0004 -0.0401 13.3026
688 1232 -0.0413 -0.0419  9.5395
720 1232 -0.0270  0.0188 12.7498
752 1232 -0.0697  0.0078 19.0166
784 1232  0.0357  0.0015 13.7121
816 1232 -0.0145 -0.0624 22.3106
848 1232  0.0180 -0.0460 10.4309
880 1232  0.0233 -0.0469 12.1612
912 1232  0.0077  0.0421 13.5082
944 1232  0.0373 -0.0165 12.6968
976 1232 -0.0441 -0.0371 10.7146
1008 1232 -0.0009 -0.0113 13.7025
1040 1232  0.0291 -0.0297 13.5540
1072 1232 -0.0449 -0.0100 11.8791
1104 1232  0.0068  0.0140 12.9141
1136 1232 -0.0165 -0.0213 11.2886
1168 1232 -0.0262 -0.0017 12.4252
 16 1264  0.0314 -0.0042 25.2435
 48 1264  0.0587 -0.0173 38.1713
 80 1264  0.0587 -0.0187 125.7529
112 1264  0.0366 -0.0874 125.2244
144 1264 -0.0377 -0.0802 208.4668
176 1264  0.0466 -0.0193 119.4177
208 1264  0.0199 -0.0849 132.4625
240 1264  0.0629 -0.1094 51.2262
272 1264  0.0283 -0.1074 87.1043
304 1264  0.0256 -0.1303 50.1021
336 1264  0.0786 -0.1058 226.8087
368 1264  0.0257 -0.0495 188.8190
400 1264  0.0340 -0.0703 205.8329
432 1264 -0.0009 -0.0775 419.4292
464 1264  0.0016 -0.0421 16.8370
496 1264  0.0391  0.0030 18.5734
528 1264  0.0061  0.0182 12.9166
560 1264  0.0109 -0.0118 11.2949
592 1264  0.0228 -0.0184 12.6291
624 1264 -0.0062 -0.0006 21.5885
656 1264  0.0311 -0.0646 14.8092
688 1264  0.0379  0.0132 11.4383
720 1264 -0.0070  0.0396 13.4761
752 1264  0.0250 -0.0182 23.8266
784 1264 -0.0354 -0.0182 10.9833
816 1264  0.0000  0.0215 15.6020
848 1264  0.0373 -0.0325 10.1639
880 1264 -0.0408 -0.0480  8.4627
912 1264 -0.0266 -0.0195  9.5576
944 1264  0.0764  0.0061 12.5102
976 1264 -0.0468 -0.0683  9.6426
1008 1264  0.0726 -0.1140 10.3764
1040 1264 -0.0811  0.0066 10.9857
1072 1264 -0.0473 -0.0274 10.4575
1104 1264 -0.0964 -0.0260  9.9771
1136 1264  0.0446 -0.0391  9.1226
1168 1264  0.0025  0.0254 12.6242
 16 1296  0.0208 -0.0393 36.6407
 48 1296  0.0086 -0.0351 13.8909
 80 1296  0.0355 -0.0345 26.5034
112 1296  0.0267 -0.0218 16.9945
144 1296 -0.0015 -0.0367 42.7978
176 1296  0.0340 -0.1340 126.1201
208 1296  0.0220 -0.1340 218.0939
240 1296  0.0447 -0.1045 51.1933
272 1296  0.0087 -0.0973 20.4606
304 1296  0.0231 -0.0527 58.1407
336 1296  0.1066 -0.1420 42.7761
368 1296  0.0618 -0.1087 199.3853
400 1296  0.0494 -0.0973 126.2204
432 1296  0.0354 -0.0209 65.3862
464 1296  0.0345 -0.0144 27.3151
496 1296 -0.0111  0.0113 16.1540
528 1296  0.0008  0.0004 12.6582
560 1296  0.0088 -0.0107 18.6547
592 1296  0.0115 -0.0096 13.4816
624 1296 -0.0182 -0.0052 15.7445
656 1296 -0.0031 -0.0191 11.5565
688 1296 -0.0088 -0.0034 11.7678
720 1296 -0.0158  0.0130 12.7141
752 1296 -0.0044 -0.0160 15.1573
784 1296 -0.0002  0.0101 11.4916
816 1296 -0.0011  0.0735  8.9423
848 1296  0.0177 -0.0032 13.3872
880 1296 -0.0302 -0.0075 11.4217
912 1296  0.0111 -0.0279 12.1362
944 1296  0.0134  0.0360 10.4680
976 1296  0.0109 -0.0225 10.9058
1008 1296 -0.0324  0.0766  9.7407
1040 1296 -0.0040  0.0222  8.2567
1072 1296 -0.0238 -0.0090  9.2040
1104 1296  0.0197 -0.0184 10.3211
1136 1296  0.0437  0.0156 10.1824
1168 1296  0.0606  0.0386 10.2976
  0   0  0.0246  0.0137  0.0000
  0   0 -0.0062  0.0007  0.0000
  0   0  0.0505 -0.0095  0.0000
  0   0  0.0421  0.0092  0.0000
  0   0  0.0499 -0.0282  0.0000
  0   0  0.0427 -0.0417  0.0000
  0   0  0.0485 -0.0470  0.0000
  0   0  0.0321 -0.0530  0.0000
  0   0  0.0005 -0.0860  0.0000
  0   0 -0.0043 -0.1717  0.0000
  0   0  0.0197 -0.2071  0.0000
  0   0  0.0452 -0.1594  0.0000
  0   0  0.0440 -0.1309  0.0000
  0   0  0.0602 -0.1034  0.0000
  0   0  0.1032 -0.1240  0.0000
  0   0  0.0818 -0.0906  0.0000
  0   0  0.0617 -0.0484  0.0000
  0   0  0.0384  0.0197  0.0000
  0   0  0.0162  0.0488  0.0000
  0   0 -0.0148  0.0659  0.0000
  0   0 -0.0170  0.0595  0.0000
  0   0 -0.0128  0.0437  0.0000
  0   0 -0.0160  0.0276  0.0000
  0   0 -0.0342  0.0129  0.0000
  0   0 -0.0303 -0.0011  0.0000
  0   0 -0.0327  0.0068  0.0000
  0   0 -0.0345  0.0170  0.0000
  0   0 -0.0256  0.0112  0.0000
  0   0 -0.0210  0.0338  0.0000
  0   0 -0.0163  0.0575  0.0000
  0   0 -0.0054  0.0179  0.0000
  0   0 -0.0212  0.0076  0.0000
  0   0  0.0014  0.0048  0.0000
  0   0  0.0049  0.0384  0.0000
  0   0 -0.0021  0.0375  0.0000
  0   0 -0.0191  0.0887  0.0000
  0   0 -0.0081  0.0684  0.0000
  0   0 -0.0064  0.0474  0.0000
  0   0  0.0371  0.0494  0.0000
  0   0  0.0710  0.0721  0.0000
  0   0  0.1004  0.0766  0.0000
  0   0  0.0891  0.0573  0.0000
  0   0  0.0758  0.0374  0.0000
  0   0  0.0914  0.0204  0.0000
  0   0  0.0888  0.0110  0.0000
  0   0  0.0856 -0.0168  0.0000
  0   0  0.0741 -0.0385  0.0000
  0   0  0.0608 -0.0554  0.0000
  0   0  0.0338 -0.0760  0.0000
  0   0 -0.0033 -0.1150  0.0000
  0   0 -0.0351 -0.1807  0.0000
  0   0  0.0301 -0.2662  0.0000
  0   0  0.0582 -0.2135  0.0000
  0   0  0.0753 -0.1708  0.0000
  0   0  0.0936 -0.1342  0.0000
  0   0  0.1120 -0.1092  0.0000
  0   0  0.0991 -0.0615  0.0000
  0   0  0.0741 -0.0018  0.0000
  0   0  0.0425  0.0636  0.0000
  0   0  0.0099  0.1054  0.0000
  0   0 -0.0199  0.1243  0.0000
  0   0 -0.0338  0.1187  0.0000
  0   0 -0.0395  0.0971  0.0000
  0   0 -0.0461  0.0689  0.0000
  0   0 -0.0561  0.0419  0.0000
  0   0 -0.0574  0.0227  0.0000
  0   0 -0.0576  0.0197  0.0000
  0   0 -0.0554  0.0244  0.0000
  0   0 -0.0477  0.0285  0.0000
  0   0 -0.0400  0.0419  0.0000
  0   0 -0.0316  0.0499  0.0000
  0   0 -0.0226  0.0343  0.0000
  0   0 -0.0218  0.0282  0.0000
  0   0 -0.0110  0.0340  0.0000
  0   0 -0.0081  0.0580  0.0000
  0   0 -0.0117  0.0783  0.0000
  0   0 -0.0153  0.1098  0.0000
  0   0 -0.0042  0.1133  0.0000
  0   0  0.0160  0.1102  0.0000
  0   0  0.0586  0.1150  0.0000
  0   0  0.1018  0.1245  0.0000
  0   0  0.1370  0.1211  0.0000
  0   0  0.1475  0.1020  0.0000
  0   0  0.1474  0.0768  0.0000
  0   0  0.1493  0.0506  0.0000
  0   0  0.1422  0.0253  0.0000
  0   0  0.1289 -0.0049  0.0000
  0   0  0.1076 -0.0332  0.0000
  0   0  0.0788 -0.0595  0.0000
  0   0  0.0394 -0.0888  0.0000
  0   0 -0.0084 -0.1280  0.0000
  0   0 -0.0583 -0.1791  0.0000
  0   0  0.0455 -0.3212  0.0000
  0   0  0.0796 -0.2631  0.0000
  0   0  0.1087 -0.2092  0.0000
  0   0  0.1304 -0.1579  0.0000
  0   0  0.1387 -0.1032  0.0000
  0   0  0.1245 -0.0345  0.0000
  0   0  0.0916  0.0449  0.0000
  0   0  0.0483  0.1214  0.0000
  0   0  0.0040  0.1758  0.0000
  0   0 -0.0325  0.1986  0.0000
  0   0 -0.0558  0.1894  0.0000
  0   0 -0.0688  0.1562  0.0000
  0   0 -0.0773  0.1116  0.0000
  0   0 -0.0839  0.0691  0.0000
  0   0 -0.0862  0.0396  0.0000
  0   0 -0.0850  0.0281  0.0000
  0   0 -0.0798  0.0304  0.0000
  0   0 -0.0705  0.0391  0.0000
  0   0 -0.0591  0.0488  0.0000
  0   0 -0.0469  0.0515  0.0000
  0   0 -0.0355  0.0455  0.0000
  0   0 -0.0274  0.0438  0.0000
  0   0 -0.0212  0.0548  0.0000
  0   0 -0.0204  0.0804  0.0000
  0   0 -0.0229  0.1123  0.0000
  0   0 -0.0209  0.1436  0.0000
  0   0 -0.0051  0.1627  0.0000
  0   0  0.0289  0.1732  0.0000
  0   0  0.0808  0.1812  0.0000
  0   0  0.1376  0.1842  0.0000
  0   0  0.1852  0.1750  0.0000
  0   0  0.2123  0.1518  0.0000
  0   0  0.2210  0.1190  0.0000
  0   0  0.2173  0.0820  0.0000
  0   0  0.2034  0.0443  0.0000
  0   0  0.1805  0.0072  0.0000
  0   0  0.1480 -0.0276  0.0000
  0   0  0.1050 -0.0607  0.0000
  0   0  0.0511 -0.0947  0.0000
  0   0 -0.0112 -0.1325  0.0000
  0   0 -0.0775 -0.1739  0.0000
