VARIABLES= "X pix", "Y pix", "U pix/dt", "V pix/dt", "CHC", ZONE I=25, J=28
 32  32 -0.0104 -0.0161 31.0452
 48  32 -0.0089 -0.0124 34.0148
 64  32 -0.0078 -0.0107 42.5085
 80  32 -0.0054 -0.0042 39.6502
 96  32  0.0000  0.0001 94.8490
112  32  0.0001  0.0001 62.4345
128  32  0.0007  0.0007 52.0942
144  32  0.0007  0.0010 45.7490
160  32  0.0009  0.0016 64.6707
176  32  0.0010  0.0019 52.7677
192  32  0.0036  0.0069 38.5359
208  32  0.0042  0.0067 36.8726
224  32  0.0041  0.0061 34.0211
240  32  0.0058  0.0093 44.5050
256  32  0.0025  0.0037 54.0228
272  32  0.0010  0.0025 50.9400
288  32  0.0007  0.0045 50.4606
304  32  0.0007  0.0034 58.7165
320  32  0.0009  0.0045 80.5682
336  32  0.0023  0.0086 109.5934
352  32  0.0110  0.0018 107.8647
368  32  0.0128  0.0051 89.8500
384  32  0.0112  0.0086 75.5717
400  32  0.0067  0.0093 66.6855
416  32 -0.0017  0.0122 43.6194
 32  48 -0.0116 -0.0196 22.8288
 48  48 -0.0191 -0.0259 56.0373
 64  48 -0.0157 -0.0248 52.5910
 80  48 -0.0135 -0.0198 48.4993
 96  48 -0.0043 -0.0033 80.9205
112  48 -0.0007  0.0012 67.7456
128  48  0.0011  0.0030 58.7745
144  48  0.0032  0.0043 51.9173
160  48  0.0071  0.0088 67.1723
176  48  0.0066  0.0084 59.1489
192  48  0.0096  0.0142 49.0325
208  48  0.0099  0.0150 52.8569
224  48  0.0079  0.0131 52.8082
240  48  0.0127  0.0169 69.9088
256  48  0.0069  0.0072 73.8406
272  48  0.0047  0.0046 63.7382
288  48  0.0031  0.0050 56.9449
304  48  0.0021  0.0026 62.2568
320  48  0.0039  0.0024 83.3321
336  48  0.0056  0.0038 109.7165
352  48  0.0118 -0.0004 79.0811
368  48  0.0116  0.0057 68.8696
384  48  0.0100  0.0122 58.5105
400  48  0.0079  0.0152 60.1572
416  48 -0.0009  0.0407 89.9381
 32  64 -0.0182 -0.0336 34.6631
 48  64 -0.0206 -0.0291 74.0880
 64  64 -0.0186 -0.0291 68.3881
 80  64 -0.0160 -0.0240 96.7922
 96  64 -0.0061 -0.0065 100.5541
112  64 -0.0011  0.0027 91.9929
128  64  0.0023  0.0061 79.5274
144  64  0.0044  0.0073 68.1404
160  64  0.0088  0.0129 80.3522
176  64  0.0092  0.0134 76.1367
192  64  0.0097  0.0166 73.6512
208  64  0.0099  0.0191 80.0200
224  64  0.0063  0.0160 78.0978
240  64  0.0105  0.0164 82.1366
256  64  0.0111  0.0148 93.1428
272  64  0.0122  0.0107 103.2123
288  64  0.0123  0.0101 109.2217
304  64  0.0119  0.0038 115.2366
320  64  0.0123  0.0021 124.5470
336  64  0.0122  0.0031 126.5036
352  64  0.0130 -0.0004 101.1583
368  64  0.0143  0.0050 98.4852
384  64  0.0118  0.0119 80.2153
400  64  0.0102  0.0145 85.9602
416  64  0.0014  0.0328 104.8166
 32  80 -0.0453 -0.0565 88.3187
 48  80 -0.0290 -0.0441 171.2524
 64  80 -0.0259 -0.0391 151.0992
 80  80 -0.0195 -0.0330 139.1072
 96  80 -0.0123 -0.0187 126.4282
112  80 -0.0025  0.0018 123.8129
128  80  0.0054  0.0112 122.3262
144  80  0.0088  0.0150 110.7211
160  80  0.0166  0.0242 127.7975
176  80  0.0174  0.0262 123.4570
192  80  0.0165  0.0295 112.0333
208  80  0.0168  0.0335 125.2911
224  80  0.0117  0.0299 113.1550
240  80  0.0139  0.0210 99.1416
256  80  0.0135  0.0169 102.1386
272  80  0.0118  0.0100 96.6640
288  80  0.0142  0.0078 96.8814
304  80  0.0144  0.0010 108.5602
320  80  0.0148 -0.0027 102.8539
336  80  0.0171 -0.0021 105.5870
352  80  0.0150 -0.0039 105.9104
368  80  0.0163 -0.0007 109.3670
384  80  0.0145  0.0098 107.4398
400  80  0.0104  0.0136 98.0285
416  80 -0.0018  0.0282 112.1546
 32  96 -0.0579 -0.0742 102.1499
 48  96 -0.0399 -0.0531 141.0727
 64  96 -0.0362 -0.0476 146.9558
 80  96 -0.0293 -0.0422 162.9658
 96  96 -0.0201 -0.0270 130.1568
112  96 -0.0051 -0.0001 122.3348
128  96 -0.0009  0.0076 113.9961
144  96  0.0052  0.0128 109.6027
160  96  0.0153  0.0252 129.5531
176  96  0.0155  0.0283 135.0157
192  96  0.0159  0.0298 127.7000
208  96  0.0127  0.0337 122.7679
224  96  0.0077  0.0295 110.5522
240  96  0.0118  0.0199 99.4596
256  96  0.0112  0.0154 101.9317
272  96  0.0123  0.0071 99.0358
288  96  0.0150  0.0054 98.6987
304  96  0.0168 -0.0009 100.4291
320  96  0.0173 -0.0043 94.3509
336  96  0.0199 -0.0040 97.3688
352  96  0.0178 -0.0061 95.2992
368  96  0.0179 -0.0023 99.7856
384  96  0.0144  0.0099 96.9448
400  96  0.0108  0.0111 105.0622
416  96 -0.0032  0.0290 105.8228
 32 112 -0.0637 -0.0842 93.3751
 48 112 -0.0502 -0.0679 139.6225
 64 112 -0.0457 -0.0599 153.7116
 80 112 -0.0354 -0.0551 167.8282
 96 112 -0.0243 -0.0417 150.3826
112 112 -0.0068 -0.0108 124.4522
128 112 -0.0013 -0.0022 112.9049
144 112 -0.0012  0.0098 103.3835
160 112  0.0015  0.0228 102.2602
176 112  0.0046  0.0287 121.2197
192 112  0.0078  0.0298 129.3819
208 112  0.0073  0.0315 136.5029
224 112  0.0068  0.0290 113.0264
240 112  0.0089  0.0225 92.4043
256 112  0.0086  0.0166 89.2571
272 112  0.0101  0.0060 92.6305
288 112  0.0144  0.0039 101.1193
304 112  0.0184 -0.0033 94.3373
320 112  0.0192 -0.0067 89.8413
336 112  0.0239 -0.0077 90.9541
352 112  0.0228 -0.0100 94.2607
368 112  0.0219 -0.0074 102.4223
384 112  0.0188  0.0026 108.3483
400 112  0.0116  0.0076 107.5730
416 112 -0.0029  0.0211 113.0308
 32 128 -0.0715 -0.0906 100.4039
 48 128 -0.0522 -0.0698 157.6587
 64 128 -0.0482 -0.0617 178.9684
 80 128 -0.0371 -0.0575 198.6616
 96 128 -0.0316 -0.0494 172.7430
112 128 -0.0158 -0.0253 133.1092
128 128 -0.0125 -0.0186 112.5673
144 128 -0.0112  0.0016 85.2179
160 128 -0.0041  0.0217 98.7443
176 128  0.0004  0.0245 123.5717
192 128  0.0027  0.0253 126.3962
208 128  0.0042  0.0269 131.0633
224 128  0.0079  0.0196 127.9604
240 128  0.0099  0.0150 106.7025
256 128  0.0122  0.0106 97.2276
272 128  0.0111  0.0034 93.5370
288 128  0.0160 -0.0034 96.5225
304 128  0.0221 -0.0115 89.5968
320 128  0.0234 -0.0152 87.9262
336 128  0.0274 -0.0158 95.8457
352 128  0.0274 -0.0149 95.4422
368 128  0.0250 -0.0123 106.2878
384 128  0.0217 -0.0030 116.1717
400 128  0.0111  0.0042 110.9645
416 128 -0.0044  0.0206 117.6849
 32 144 -0.1149 -0.1411 95.8115
 48 144 -0.0877 -0.1028 149.9929
 64 144 -0.0813 -0.0944 170.6157
 80 144 -0.0609 -0.0784 167.4252
 96 144 -0.0466 -0.0570 193.1687
112 144 -0.0269 -0.0315 138.1880
128 144 -0.0213 -0.0177 117.0593
144 144 -0.0197  0.0019 91.3288
160 144 -0.0117  0.0199 98.1660
176 144 -0.0046  0.0226 140.0055
192 144  0.0001  0.0247 139.5465
208 144  0.0033  0.0264 141.4613
224 144  0.0070  0.0181 128.1480
240 144  0.0086  0.0138 110.5054
256 144  0.0115  0.0060 106.1287
272 144  0.0124 -0.0048 95.9919
288 144  0.0169 -0.0148 93.0170
304 144  0.0234 -0.0195 88.4844
320 144  0.0274 -0.0227 87.9429
336 144  0.0294 -0.0228 97.1184
352 144  0.0321 -0.0177 94.3869
368 144  0.0295 -0.0144 94.8780
384 144  0.0241 -0.0042 111.5174
400 144  0.0147  0.0048 104.5238
416 144 -0.0022  0.0152 110.7923
 32 160 -0.1410 -0.1586 96.1973
 48 160 -0.1241 -0.1418 139.4390
 64 160 -0.1084 -0.1266 126.9407
 80 160 -0.0768 -0.1005 134.0042
 96 160 -0.0621 -0.0755 133.5742
112 160 -0.0329 -0.0386 140.8067
128 160 -0.0313 -0.0228 105.7991
144 160 -0.0338 -0.0056 95.4588
160 160 -0.0245  0.0073 94.2931
176 160 -0.0171  0.0107 97.4342
192 160 -0.0056  0.0178 106.4979
208 160  0.0040  0.0172 113.7292
224 160  0.0074  0.0077 106.3252
240 160  0.0090  0.0031 104.3677
256 160  0.0122 -0.0031 106.9557
272 160  0.0119 -0.0135 96.7569
288 160  0.0170 -0.0242 94.7255
304 160  0.0236 -0.0280 94.6084
320 160  0.0283 -0.0346 88.4699
336 160  0.0306 -0.0304 104.1021
352 160  0.0329 -0.0230 98.8633
368 160  0.0287 -0.0183 102.5838
384 160  0.0236 -0.0061 124.9232
400 160  0.0119  0.0052 109.0261
416 160 -0.0028  0.0175 93.2079
 32 176 -0.1922 -0.2167 104.0202
 48 176 -0.1827 -0.2055 129.7863
 64 176 -0.1704 -0.1936 149.4732
 80 176 -0.1335 -0.1482 94.6709
 96 176 -0.1040 -0.0968 117.2397
112 176 -0.0679 -0.0519 114.3710
128 176 -0.0530 -0.0288 108.3511
144 176 -0.0432 -0.0127 92.9045
160 176 -0.0300  0.0044 94.7519
176 176 -0.0233  0.0079 100.5716
192 176 -0.0138  0.0134 109.4516
208 176 -0.0021  0.0121 113.6136
224 176  0.0050  0.0043 112.7699
240 176  0.0097 -0.0004 114.5955
256 176  0.0133 -0.0060 121.3744
272 176  0.0134 -0.0179 107.3530
288 176  0.0194 -0.0279 97.4833
304 176  0.0238 -0.0342 96.2824
320 176  0.0285 -0.0447 86.3344
336 176  0.0290 -0.0389 105.7903
352 176  0.0317 -0.0284 103.4461
368 176  0.0269 -0.0218 103.0121
384 176  0.0201 -0.0032 123.1748
400 176  0.0090  0.0071 104.8546
416 176 -0.0081  0.0231 99.8655
 32 192 -0.2194 -0.2222 115.3912
 48 192 -0.2071 -0.2101 109.7998
 64 192 -0.1887 -0.1953 123.4604
 80 192 -0.1428 -0.1553 107.1741
 96 192 -0.1307 -0.1135 94.9234
112 192 -0.0914 -0.0672 89.9742
128 192 -0.0679 -0.0344 100.5708
144 192 -0.0563 -0.0175 88.2191
160 192 -0.0461 -0.0083 96.4723
176 192 -0.0432 -0.0071 96.9361
192 192 -0.0367 -0.0040 99.0696
208 192 -0.0229 -0.0071 100.0254
224 192 -0.0139 -0.0115 90.0898
240 192  0.0060 -0.0168 79.0412
256 192  0.0114 -0.0237 84.2168
272 192  0.0149 -0.0451 81.0939
288 192  0.0192 -0.0651 84.1375
304 192  0.0230 -0.0989 94.6259
320 192  0.0274 -0.0919 85.3983
336 192  0.0311 -0.0948 101.4008
352 192  0.0321 -0.0665 108.6709
368 192  0.0207 -0.0240 103.7919
384 192  0.0135 -0.0065 116.5612
400 192  0.0038  0.0091 107.0584
416 192 -0.0150  0.0238 88.9767
 32 208 -0.2501 -0.2395 104.0753
 48 208 -0.2277 -0.2227 100.2558
 64 208 -0.2289 -0.2325 120.4204
 80 208 -0.1936 -0.1815 99.3780
 96 208 -0.1779 -0.1511 88.2886
112 208 -0.1626 -0.1138 115.4754
128 208 -0.1044 -0.0570 92.0035
144 208 -0.1059 -0.0320 93.6357
160 208 -0.0880 -0.0208 93.9072
176 208 -0.0739 -0.0183 104.2982
192 208 -0.0663 -0.0192 103.2617
208 208 -0.0378 -0.0181 103.5349
224 208 -0.0186 -0.0328 99.5132
240 208  0.0065 -0.0441 87.2445
256 208  0.0155 -0.0496 92.2642
272 208  0.0187 -0.0854 90.5151
288 208  0.0197 -0.1132 87.7989
304 208  0.0174 -0.1405 92.8139
320 208  0.0206 -0.1442 86.4833
336 208  0.0223 -0.1424 100.7573
352 208  0.0250 -0.1164 95.1676
368 208  0.0119 -0.0513 96.8446
384 208  0.0046 -0.0180 109.6255
400 208 -0.0065  0.0027 89.1292
416 208 -0.0180  0.0243 82.7488
 32 224 -0.2529 -0.2328 97.6357
 48 224 -0.2503 -0.2402 115.8472
 64 224 -0.2565 -0.2522 104.5478
 80 224 -0.2342 -0.2081 82.1605
 96 224 -0.2316 -0.1807 100.2826
112 224 -0.2350 -0.1335 98.0687
128 224 -0.1913 -0.0812 94.7566
144 224 -0.1799 -0.0520 78.6200
160 224 -0.1330 -0.0280 101.6484
176 224 -0.0887 -0.0291 117.3752
192 224 -0.0704 -0.0321 113.9482
208 224 -0.0446 -0.0361 104.4858
224 224 -0.0263 -0.0558 90.0805
240 224  0.0034 -0.0854 64.6998
256 224  0.0150 -0.0897 62.0870
272 224  0.0207 -0.1092 72.1989
288 224  0.0152 -0.1469 79.0897
304 224  0.0092 -0.1633 92.3280
320 224  0.0089 -0.1727 95.8169
336 224  0.0095 -0.1731 92.6451
352 224  0.0129 -0.1440 99.1339
368 224  0.0072 -0.0883 95.7852
384 224  0.0057 -0.0611 95.4700
400 224 -0.0085 -0.0114 92.2645
416 224 -0.0216  0.0231 88.9808
 32 240 -0.2417 -0.1732 66.0686
 48 240 -0.2540 -0.1952 84.2317
 64 240 -0.3055 -0.2212 118.7000
 80 240 -0.3012 -0.2171 118.0731
 96 240 -0.2989 -0.2066 101.1016
112 240 -0.2857 -0.1876 115.9516
128 240 -0.2157 -0.1275 77.2231
144 240 -0.2052 -0.0899 89.2426
160 240 -0.1249 -0.0702 91.2607
176 240 -0.0654 -0.0599 103.7850
192 240 -0.0439 -0.0656 100.8171
208 240 -0.0167 -0.0721 99.2130
224 240 -0.0163 -0.0790 91.5061
240 240 -0.0016 -0.0807 65.7600
256 240 -0.0000 -0.0838 61.3219
272 240 -0.0049 -0.1131 81.6368
288 240 -0.0046 -0.1339 83.0632
304 240 -0.0050 -0.1550 83.6803
320 240 -0.0032 -0.1686 83.5157
336 240  0.0016 -0.1783 81.8899
352 240  0.0080 -0.1606 85.7061
368 240  0.0046 -0.1136 95.4133
384 240  0.0042 -0.0895 99.0609
400 240 -0.0102 -0.0157 97.7682
416 240 -0.0254  0.0225 99.6506
 32 256 -0.1840 -0.1363 60.0724
 48 256 -0.2083 -0.1641 80.6699
 64 256 -0.2904 -0.1963 109.6054
 80 256 -0.2969 -0.1972 99.5140
 96 256 -0.2965 -0.1994 103.4832
112 256 -0.2781 -0.1812 86.1690
128 256 -0.1861 -0.1276 84.1598
144 256 -0.1599 -0.0918 88.3675
160 256 -0.0892 -0.0737 79.2781
176 256 -0.0329 -0.0745 75.8017
192 256  0.0155 -0.0420 88.3122
208 256  0.1087  0.0347 95.4627
224 256  0.0960  0.0406 88.8262
240 256  0.0948  0.0577 78.3186
256 256  0.1956 -0.0459 67.1485
272 256  0.2876 -0.0938 60.5095
288 256  0.0374 -0.1295 50.9931
304 256  0.1984 -0.1199 36.5084
320 256  0.2108 -0.0757 41.6832
336 256  0.1932 -0.0766 48.5092
352 256  0.2503 -0.0479 56.0612
368 256  0.1353 -0.0216 85.1592
384 256  0.0016 -0.1142 78.7516
400 256 -0.0095 -0.0452 102.9357
416 256 -0.0275  0.0196 101.3883
 32 272 -0.0885 -0.0988 61.9350
 48 272 -0.1266 -0.1273 85.9704
 64 272 -0.2235 -0.1683 113.0999
 80 272 -0.2711 -0.1955 93.2845
 96 272 -0.1646 -0.1882 112.9308
112 272 -0.1759 -0.1825 104.2752
128 272 -0.1038 -0.1462 95.9033
144 272 -0.0825 -0.1312 98.8438
160 272 -0.0273 -0.0989 69.2797
176 272  0.0523 -0.0743 57.7685
192 272 -0.0218 -0.0200 64.9175
208 272  0.0428  0.0474 35.9576
224 272  0.1742 -0.1788 27.3708
240 272  0.2109 -0.2648 22.2327
256 272  0.2768 -0.3289 19.1148
272 272  0.0000  0.0000 17.2690
288 272  0.1805 -0.3261 15.4240
304 272  0.2153 -0.3174 12.5354
320 272  0.4019 -0.1721 14.1409
336 272  0.4173 -0.1495 17.3465
352 272  0.4031 -0.0830 23.4805
368 272  0.2115 -0.0125 47.7920
384 272 -0.0037 -0.1367 77.0657
400 272  0.0055 -0.0503 65.2805
416 272 -0.0164 -0.0021 81.6497
 32 288 -0.0293 -0.0868 75.5131
 48 288 -0.0426 -0.1002 75.9838
 64 288 -0.1275 -0.1342 101.4529
 80 288 -0.1274 -0.1540 141.8241
 96 288 -0.1029 -0.1791 108.7984
112 288 -0.0842 -0.1654 104.7939
128 288  0.0358 -0.1531 107.6261
144 288  0.0573 -0.1428 82.0138
160 288  0.1371 -0.1134 52.7734
176 288 -0.0040 -0.0632 79.9825
192 288 -0.1428 -0.1127 32.1362
208 288 -0.1106 -0.0518 22.5007
224 288 -0.0036 -0.2515 18.4059
240 288  0.1097 -0.4394 15.1787
256 288  0.2764 -0.4909 13.5361
272 288  0.3879 -0.6387 11.3777
288 288  0.2820 -0.4670  9.5185
304 288  0.2392 -0.4139  8.3260
320 288  0.3287 -0.2887  8.9308
336 288  0.4109 -0.2957  9.5621
352 288  0.0000  0.0000 11.7683
368 288  0.3277 -0.1954 19.6491
384 288  0.1439 -0.2690 34.2072
400 288  0.0785 -0.2030 73.2070
416 288 -0.0219  0.0093 70.7354
 32 304 -0.0031 -0.0773 71.1409
 48 304 -0.0121 -0.0898 88.8875
 64 304 -0.0320 -0.1081 124.0421
 80 304 -0.0274 -0.1289 103.7793
 96 304 -0.0271 -0.1681 114.8577
112 304  0.0269 -0.1730 91.4474
128 304  0.0936 -0.1620 77.4550
144 304  0.1192 -0.1493 54.8835
160 304  0.0924 -0.0923 51.9410
176 304 -0.0384 -0.0827 39.6069
192 304 -0.1694 -0.1335 19.8017
208 304 -0.1368 -0.0834 16.7052
224 304 -0.0324 -0.2584 14.9954
240 304  0.1105 -0.4854 14.0861
256 304  0.2337 -0.6986 12.3079
272 304  0.3570 -0.8233  9.5867
288 304  0.2009 -0.6728  7.8303
304 304  0.1918 -0.5687  7.1450
320 304  0.2495 -0.3155  7.3821
336 304  0.3787 -0.4124  7.5454
352 304  0.0000  0.0000  8.8534
368 304  0.3541 -0.4359 13.5841
384 304  0.0000  0.0000 24.0005
400 304  0.0698 -0.4640 63.4321
416 304 -0.0571  0.0295 71.2523
 32 320  0.0347 -0.0665 71.6643
 48 320  0.0309 -0.0778 101.7852
 64 320  0.0168 -0.0928 117.3685
 80 320  0.0214 -0.1173 95.5455
 96 320 -0.0026 -0.1668 94.9733
112 320  0.0765 -0.1779 95.4576
128 320  0.1298 -0.1684 67.2142
144 320  0.1043 -0.1152 48.1118
160 320  0.0024 -0.0460 48.0389
176 320 -0.0594 -0.0542 22.1670
192 320 -0.1284 -0.0999 13.3493
208 320 -0.1210 -0.0763 11.5030
224 320 -0.0084 -0.1943 10.9939
240 320  0.1487 -0.3125 11.4255
256 320  0.2046 -0.3366 10.5500
272 320  0.0000  0.0000  8.5495
288 320  0.2723 -0.4648  7.5992
304 320  0.1944 -0.2810  7.6854
320 320  0.1772 -0.2064  8.0175
336 320  0.3432 -0.2721  7.7951
352 320  0.4220 -0.3242  8.2462
368 320  0.2847 -0.4365 10.7205
384 320  0.1958 -0.6370 16.6016
400 320  0.0320 -0.4190 34.4351
416 320 -0.0013 -0.0636 71.2424
 32 336  0.0486 -0.0644 60.8088
 48 336  0.0494 -0.0750 105.6016
 64 336  0.0461 -0.0822 126.2366
 80 336  0.0531 -0.1128 137.6472
 96 336  0.0618 -0.1652 62.6602
112 336  0.1430 -0.1842 66.6663
128 336  0.1162 -0.1520 51.4880
144 336  0.0041 -0.0745 46.5908
160 336 -0.0250 -0.0462 26.1775
176 336 -0.0812 -0.0558 13.5846
192 336 -0.1359 -0.0934  9.2742
208 336 -0.1093 -0.0916  7.9919
224 336 -0.0414 -0.0989  8.1766
240 336  0.0820 -0.1195  9.3006
256 336  0.1067 -0.0880  9.5799
272 336  0.1458 -0.0866  8.4775
288 336  0.1398 -0.0931  7.6537
304 336  0.1072 -0.0622  7.7192
320 336  0.0817 -0.1068  8.3692
336 336  0.2146 -0.1991  8.5092
352 336  0.2852 -0.3650  8.4059
368 336  0.2717 -0.6171  9.4541
384 336  0.2653 -0.8045 12.3760
400 336  0.0000  0.0000 20.9918
416 336  0.0000  0.0000 45.9379
 32 352  0.0770 -0.0523 50.2044
 48 352  0.0811 -0.0608 65.8599
 64 352  0.0850 -0.0708 111.9733
 80 352  0.0992 -0.1051 71.0301
 96 352  0.1083 -0.1499 37.1029
112 352  0.1537 -0.1627 40.7089
128 352 -0.0453 -0.1241 74.0953
144 352 -0.1663 -0.2102 30.9947
160 352 -0.1176 -0.1820 18.3482
176 352 -0.1595 -0.1399 10.2533
192 352 -0.1259 -0.1182  7.5763
208 352 -0.0599 -0.0605  6.4417
224 352  0.0145 -0.0515  6.1548
240 352  0.1086 -0.0598  6.9160
256 352  0.0769 -0.0440  7.1365
272 352  0.0905 -0.0384  6.7708
288 352  0.0817 -0.0366  6.8398
304 352  0.0519 -0.0168  6.9618
320 352  0.0513 -0.0754  7.5382
336 352  0.1026 -0.1524  8.5471
352 352  0.1880 -0.3366  9.2419
368 352  0.2411 -0.6353  9.7618
384 352  0.2525 -0.7805 11.1321
400 352  0.0000  0.0000 17.2238
416 352  0.0000  0.0000 36.6139
 32 368  0.0717 -0.0455 35.1350
 48 368  0.0830 -0.0549 70.4907
 64 368  0.0833 -0.0566 66.3304
 80 368  0.1015 -0.1023 86.4687
 96 368  0.0944 -0.1334 51.2559
112 368  0.0400 -0.0540 70.2024
128 368 -0.1323 -0.4153 36.7310
144 368  0.0132 -0.6125 21.9213
160 368 -0.1870 -0.3949 15.7842
176 368 -0.2081 -0.2367 10.1526
192 368 -0.1050 -0.1287  7.4396
208 368 -0.0331 -0.0235  5.8856
224 368  0.0352 -0.0153  5.2708
240 368  0.1007 -0.0628  5.2447
256 368  0.0654 -0.0504  5.3502
272 368  0.0665 -0.0262  5.6290
288 368  0.0506 -0.0120  6.1494
304 368  0.0300  0.0112  6.7756
320 368  0.0405 -0.0270  7.6722
336 368  0.0611 -0.0974  9.2655
352 368  0.1567 -0.3629 10.5668
368 368  0.2475 -0.9985 10.4069
384 368  0.0000  0.0000 11.3138
400 368  0.0000  0.0000 16.8464
416 368  0.0000  0.0000 31.3709
 32 384  0.0000  0.0000 39.1295
 48 384  0.0765 -0.0375 45.7629
 64 384  0.0757 -0.0460 66.9524
 80 384  0.0916 -0.0993 51.4102
 96 384  0.0732 -0.1067 42.2487
112 384  0.0145 -0.0419 60.8702
128 384 -0.0206 -0.5458 34.8528
144 384  0.0152 -0.6438 21.8837
160 384 -0.2422 -0.2878 16.6980
176 384 -0.1964 -0.1763 11.5833
192 384 -0.1165 -0.0714  8.2685
208 384 -0.0549  0.0114  6.2367
224 384  0.0000  0.0240  5.1585
240 384  0.0183  0.0080  4.6545
256 384  0.0228  0.0027  4.4559
272 384  0.0328  0.0016  4.7689
288 384  0.0320  0.0004  5.5456
304 384  0.0215  0.0087  7.1389
320 384  0.0344 -0.0198  9.2384
336 384  0.0668 -0.0846 11.7270
352 384  0.3132 -0.2437 13.2615
368 384  0.0000  0.0000 11.9160
384 384  0.0000  0.0000 13.1405
400 384  0.0000  0.0000 20.5009
416 384  0.0000  0.0000 35.1419
 32 400  0.0000  0.0000 31.1405
 48 400  0.0000  0.0000 49.1388
 64 400  0.0649 -0.0469 66.7816
 80 400  0.0721 -0.0778 66.5081
 96 400  0.0522 -0.0810 54.9050
112 400  0.0102 -0.0282 61.5374
128 400 -0.0171 -0.5961 36.9085
144 400  0.0000  0.0000 26.8250
160 400 -0.3215 -0.2718 21.7713
176 400 -0.2136 -0.1808 15.2507
192 400 -0.1003 -0.0580 11.7621
208 400 -0.0392  0.0215  8.4635
224 400 -0.0175  0.0389  6.4590
240 400 -0.0204  0.0476  5.3498
256 400 -0.0183  0.0538  4.6944
272 400 -0.0085  0.0481  4.6474
288 400  0.0019  0.0220  5.1161
304 400  0.0066 -0.0001  6.6263
320 400  0.0248 -0.0191  9.6714
336 400  0.0537 -0.0380 14.0617
352 400  0.2094 -0.0863 16.6088
368 400  0.3513 -0.1260 15.7648
384 400  0.3002 -0.1379 18.2219
400 400  0.3146 -0.1702 26.4219
416 400  0.2238 -0.2099 30.6566
 32 416  0.0394 -0.0095 35.3832
 48 416  0.0538 -0.0235 39.5028
 64 416  0.0478 -0.0406 61.3720
 80 416  0.0656 -0.0673 77.3873
 96 416  0.0485 -0.0705 47.5254
112 416  0.0118 -0.0253 66.4329
128 416 -0.2061 -0.1817 45.9813
144 416  0.0000  0.0000 43.1394
160 416  0.0000  0.0000 34.2120
176 416 -0.1416 -0.0994 23.6193
192 416 -0.0335  0.0043 18.3083
208 416 -0.0079  0.0334 12.0450
224 416 -0.0101  0.0349  9.2862
240 416 -0.0207  0.0422  7.2624
256 416 -0.0238  0.0550  6.1595
272 416 -0.0107  0.0532  5.8246
288 416 -0.0065  0.0402  6.1109
304 416  0.0041  0.0108  6.8792
320 416  0.0085 -0.0070  8.3369
336 416  0.0102 -0.0217 10.2919
352 416  0.0173 -0.0288 11.6052
368 416  0.0372 -0.0389 12.6244
384 416  0.0405 -0.0334 13.7941
400 416  0.0331 -0.0281 15.3860
416 416  0.0297 -0.0242 17.7123
 32 432  0.0325 -0.0060 27.6321
 48 432  0.0428 -0.0258 37.8397
 64 432  0.0408 -0.0357 44.7159
 80 432  0.0553 -0.0499 53.4561
 96 432  0.0459 -0.0592 47.2712
112 432  0.0172 -0.0301 80.7057
128 432 -0.0131 -0.0264 83.9475
144 432 -0.0211 -0.0265 76.9336
160 432 -0.0463  0.0195 53.4394
176 432 -0.0229  0.1358 33.9231
192 432 -0.0101  0.1251 22.1213
208 432 -0.0055  0.0493 15.8707
224 432 -0.0061  0.0339 13.2292
240 432 -0.0101  0.0320 10.5144
256 432 -0.0156  0.0399  8.7177
272 432 -0.0086  0.0385  7.9442
288 432 -0.0058  0.0333  7.8615
304 432  0.0029  0.0144  8.3212
320 432  0.0085 -0.0113  9.2453
336 432  0.0082 -0.0370  9.9863
352 432  0.0095 -0.0548  9.4621
368 432  0.0051 -0.0217  8.9675
384 432  0.0004 -0.0081  8.5942
400 432  0.0018 -0.0057  8.5390
416 432 -0.0035 -0.0012  9.1710
 32 448  0.0328 -0.0154 22.7840
 48 448  0.0377 -0.0221 29.2400
 64 448  0.0362 -0.0254 33.7839
 80 448  0.0468 -0.0347 34.9819
 96 448  0.0463 -0.0506 40.2740
112 448  0.0387 -0.0493 84.2336
128 448  0.0415 -0.0517 76.9018
144 448  0.0340 -0.0474 67.3053
160 448  0.0106 -0.0128 92.6737
176 448 -0.0129  0.0131 73.8606
192 448 -0.0080  0.0126 29.3378
208 448 -0.0044  0.0193 21.8806
224 448 -0.0040  0.0169 18.4471
240 448 -0.0060  0.0169 16.1369
256 448 -0.0110  0.0241 13.0599
272 448 -0.0074  0.0229 11.3762
288 448 -0.0072  0.0248  9.9815
304 448  0.0030  0.0080  9.6632
320 448  0.0102 -0.0102  9.7996
336 448  0.0102 -0.0367 10.0887
352 448  0.0097 -0.0518  9.6623
368 448  0.0060 -0.0252  9.1138
384 448  0.0002 -0.0167  8.3615
400 448  0.0029 -0.0158  7.8435
416 448 -0.0005  0.0004  7.7522
 32 464  0.0411 -0.0257 23.4695
 48 464  0.0410 -0.0274 23.6036
 64 464  0.0348 -0.0265 25.2780
 80 464  0.0384 -0.0324 25.9289
 96 464  0.0349 -0.0434 28.1229
112 464  0.0300 -0.0427 49.1720
128 464  0.0340 -0.0454 68.8019
144 464  0.0348 -0.0451 97.3356
160 464  0.0358 -0.0401 86.1635
176 464  0.0381 -0.0340 47.8690
192 464  0.0108  0.0289 44.6534
208 464  0.0162  0.0178 30.6748
224 464  0.0136  0.0144 21.0171
240 464  0.0131  0.0110 18.8662
256 464  0.0024  0.0090 18.4623
272 464 -0.0001  0.0105 17.3137
288 464 -0.0040  0.0137 14.9767
304 464 -0.0014  0.0110 14.3922
320 464  0.0003  0.0064 14.0830
336 464  0.0020  0.0028 13.1661
352 464  0.0040 -0.0028 11.4286
368 464  0.0016 -0.0010  9.8846
384 464  0.0026 -0.0073  8.7288
400 464  0.0052 -0.0101  8.1546
416 464  0.0006  0.0003  7.9237
