VARIABLES= "X pix", "Y pix", "U pix/dt", "V pix/dt", "CHC", ZONE I=25, J=28
 32  32 -0.0250 -0.0270 30.5513
 48  32 -0.0196 -0.0246 33.5638
 64  32 -0.0186 -0.0201 41.9805
 80  32 -0.0197 -0.0173 39.1973
 96  32 -0.0006 -0.0007 95.5046
112  32 -0.0003 -0.0003 62.7387
128  32 -0.0003  0.0005 52.2869
144  32 -0.0002  0.0006 45.9001
160  32 -0.0001  0.0011 65.1262
176  32 -0.0001  0.0013 53.0059
192  32 -0.0014  0.0026 38.6049
208  32 -0.0005  0.0025 36.8104
224  32 -0.0004  0.0024 33.8491
240  32 -0.0007  0.0032 44.1750
256  32 -0.0004  0.0010 53.5761
272  32  0.0001  0.0002 50.7533
288  32 -0.0022  0.0006 48.5631
304  32 -0.0025 -0.0003 56.2300
320  32 -0.0038 -0.0009 75.0282
336  32 -0.0089 -0.0020 93.8302
352  32  0.0049 -0.0067 105.4250
368  32  0.0071 -0.0030 89.5261
384  32  0.0047 -0.0041 76.8419
400  32  0.0060 -0.0035 68.2221
416  32  0.0023 -0.0026 42.7463
 32  48 -0.0337 -0.0286 23.1821
 48  48 -0.0286 -0.0435 56.7103
 64  48 -0.0264 -0.0407 52.8614
 80  48 -0.0229 -0.0378 57.8102
 96  48 -0.0079 -0.0109 80.4380
112  48 -0.0025 -0.0021 67.6218
128  48 -0.0020  0.0002 59.0420
144  48 -0.0006  0.0017 51.7346
160  48 -0.0007  0.0075 67.9250
176  48 -0.0004  0.0075 59.6943
192  48 -0.0021  0.0083 49.7515
208  48 -0.0009  0.0083 52.5727
224  48 -0.0010  0.0046 51.7618
240  48  0.0001  0.0059 69.1547
256  48  0.0008  0.0023 73.0520
272  48  0.0014  0.0005 63.4904
288  48 -0.0008  0.0019 54.4628
304  48 -0.0008 -0.0016 59.2684
320  48  0.0008 -0.0040 77.8591
336  48  0.0014 -0.0042 96.3492
352  48  0.0098 -0.0114 88.7506
368  48  0.0100 -0.0068 66.6704
384  48  0.0050 -0.0009 56.7621
400  48  0.0040  0.0000 50.4025
416  48  0.0023  0.0056 78.5528
 32  64 -0.0440 -0.0539 34.8220
 48  64 -0.0315 -0.0476 74.1751
 64  64 -0.0268 -0.0439 89.6253
 80  64 -0.0233 -0.0399 99.7096
 96  64 -0.0141 -0.0182 101.0187
112  64 -0.0069 -0.0069 92.2065
128  64 -0.0047 -0.0008 79.6014
144  64 -0.0027  0.0015 68.2719
160  64 -0.0008  0.0085 79.6078
176  64 -0.0004  0.0104 76.8629
192  64  0.0011  0.0104 73.9829
208  64  0.0009  0.0118 79.7261
224  64  0.0017  0.0062 77.3396
240  64  0.0023  0.0051 83.1692
256  64  0.0015  0.0051 90.8856
272  64  0.0035 -0.0029 101.0407
288  64  0.0034 -0.0060 106.2540
304  64  0.0064 -0.0168 114.0030
320  64  0.0069 -0.0196 123.3602
336  64  0.0072 -0.0177 123.8509
352  64  0.0096 -0.0162 109.4640
368  64  0.0088 -0.0117 100.1095
384  64  0.0081  0.0010 91.4985
400  64  0.0080  0.0039 87.1854
416  64  0.0033  0.0083 106.4263
 32  80 -0.0668 -0.0775 88.2393
 48  80 -0.0448 -0.0608 169.4898
 64  80 -0.0382 -0.0551 147.7549
 80  80 -0.0311 -0.0475 139.0933
 96  80 -0.0255 -0.0331 126.0337
112  80 -0.0132 -0.0150 122.7376
128  80 -0.0104 -0.0025 122.5100
144  80 -0.0065  0.0040 116.7441
160  80 -0.0024  0.0152 131.6973
176  80 -0.0013  0.0188 128.0532
192  80  0.0016  0.0174 113.9601
208  80  0.0014  0.0203 125.1040
224  80  0.0031  0.0117 111.2691
240  80  0.0053  0.0058 96.9607
256  80  0.0050  0.0029 97.1983
272  80  0.0062 -0.0045 95.3466
288  80  0.0075 -0.0092 95.3124
304  80  0.0084 -0.0177 103.1311
320  80  0.0093 -0.0210 103.4465
336  80  0.0108 -0.0195 102.7398
352  80  0.0119 -0.0181 104.1013
368  80  0.0113 -0.0157 111.6998
384  80  0.0118 -0.0034 109.6459
400  80  0.0099  0.0018 101.9143
416  80  0.0042  0.0094 117.1856
 32  96 -0.0813 -0.0873 104.9555
 48  96 -0.0500 -0.0681 150.3474
 64  96 -0.0422 -0.0618 154.5442
 80  96 -0.0343 -0.0550 155.0544
 96  96 -0.0272 -0.0404 130.2887
112  96 -0.0129 -0.0160 121.9143
128  96 -0.0121 -0.0092 113.6063
144  96 -0.0076 -0.0018 110.6006
160  96 -0.0033  0.0133 131.5702
176  96 -0.0018  0.0154 138.1098
192  96  0.0009  0.0151 125.0515
208  96  0.0009  0.0154 122.9382
224  96  0.0025  0.0068 110.1282
240  96  0.0067  0.0041 98.1038
256  96  0.0062  0.0001 97.6259
272  96  0.0115 -0.0074 98.3402
288  96  0.0117 -0.0140 97.4958
304  96  0.0123 -0.0230 97.5394
320  96  0.0116 -0.0245 91.4725
336  96  0.0108 -0.0249 93.9015
352  96  0.0120 -0.0216 96.3521
368  96  0.0121 -0.0194 105.4756
384  96  0.0120 -0.0058 104.0088
400  96  0.0096  0.0039 109.9529
416  96  0.0049  0.0116 110.5015
 32 112 -0.0900 -0.0948 94.4762
 48 112 -0.0638 -0.0812 143.0736
 64 112 -0.0544 -0.0734 157.7090
 80 112 -0.0533 -0.0716 172.7072
 96 112 -0.0431 -0.0564 153.9521
112 112 -0.0258 -0.0297 131.6790
128 112 -0.0246 -0.0219 117.6997
144 112 -0.0109 -0.0058 102.2708
160 112 -0.0071  0.0028 107.8006
176 112 -0.0038  0.0058 130.6093
192 112  0.0023  0.0074 129.0965
208 112  0.0013  0.0084 136.0556
224 112  0.0032  0.0063 111.8426
240 112  0.0081  0.0035 89.8284
256 112  0.0075 -0.0039 87.4279
272 112  0.0133 -0.0124 94.0004
288 112  0.0135 -0.0208 98.7053
304 112  0.0141 -0.0255 93.8776
320 112  0.0132 -0.0277 88.6074
336 112  0.0123 -0.0285 87.8917
352 112  0.0138 -0.0246 89.8957
368 112  0.0143 -0.0239 100.7007
384 112  0.0148 -0.0121 112.7434
400 112  0.0129 -0.0003 108.8110
416 112  0.0073  0.0124 117.4214
 32 128 -0.0993 -0.0944 98.3207
 48 128 -0.0678 -0.0825 157.5632
 64 128 -0.0624 -0.0768 174.3036
 80 128 -0.0587 -0.0756 197.8029
 96 128 -0.0487 -0.0655 170.8948
112 128 -0.0400 -0.0438 128.5138
128 128 -0.0382 -0.0375 111.0172
144 128 -0.0173 -0.0124 85.5034
160 128 -0.0134  0.0002 97.8617
176 128 -0.0070  0.0027 130.6667
192 128 -0.0044  0.0030 131.8832
208 128 -0.0046  0.0036 136.2073
224 128  0.0018 -0.0010 125.7930
240 128  0.0074 -0.0046 104.3048
256 128  0.0086 -0.0095 95.5213
272 128  0.0146 -0.0153 94.2574
288 128  0.0165 -0.0239 92.8525
304 128  0.0178 -0.0304 86.9983
320 128  0.0180 -0.0318 87.4336
336 128  0.0154 -0.0315 90.6831
352 128  0.0167 -0.0279 93.3466
368 128  0.0180 -0.0250 110.0575
384 128  0.0167 -0.0154 113.5297
400 128  0.0123 -0.0014 114.5971
416 128  0.0063  0.0140 121.7011
 32 144 -0.1372 -0.1430 86.0527
 48 144 -0.0948 -0.1168 142.5743
 64 144 -0.0884 -0.1078 151.3169
 80 144 -0.0760 -0.0933 181.8563
 96 144 -0.0599 -0.0763 180.8566
112 144 -0.0520 -0.0492 127.5135
128 144 -0.0440 -0.0406 117.9526
144 144 -0.0235 -0.0183 90.2813
160 144 -0.0176 -0.0044 101.9458
176 144 -0.0097 -0.0014 130.1252
192 144 -0.0059  0.0010 129.8360
208 144 -0.0053  0.0028 133.0585
224 144  0.0013 -0.0020 126.4027
240 144  0.0038 -0.0056 108.0236
256 144  0.0056 -0.0133 104.2371
272 144  0.0159 -0.0228 93.5972
288 144  0.0175 -0.0363 91.5928
304 144  0.0187 -0.0407 88.8136
320 144  0.0206 -0.0431 85.3971
336 144  0.0158 -0.0403 92.1102
352 144  0.0166 -0.0317 89.8999
368 144  0.0182 -0.0270 93.9756
384 144  0.0138 -0.0134 106.1893
400 144  0.0093 -0.0004 108.9389
416 144  0.0056  0.0097 111.6750
 32 160 -0.1698 -0.1816 79.3324
 48 160 -0.1467 -0.1717 127.6640
 64 160 -0.1334 -0.1516 132.2533
 80 160 -0.1105 -0.1247 145.8025
 96 160 -0.0932 -0.1028 156.1517
112 160 -0.0660 -0.0625 136.0624
128 160 -0.0492 -0.0471 103.5293
144 160 -0.0339 -0.0263 93.6917
160 160 -0.0269 -0.0144 92.0240
176 160 -0.0204 -0.0088 96.1995
192 160 -0.0117 -0.0014 103.4310
208 160 -0.0051  0.0005 111.1150
224 160  0.0038 -0.0069 105.5396
240 160  0.0053 -0.0130 104.5502
256 160  0.0070 -0.0186 107.5553
272 160  0.0082 -0.0288 95.6953
288 160  0.0105 -0.0428 93.8787
304 160  0.0170 -0.0469 93.7101
320 160  0.0201 -0.0528 91.5665
336 160  0.0194 -0.0457 105.1093
352 160  0.0199 -0.0356 102.8268
368 160  0.0175 -0.0292 104.4298
384 160  0.0135 -0.0148 127.1081
400 160  0.0088 -0.0069 110.9101
416 160  0.0031  0.0035 96.2365
 32 176 -0.2193 -0.2119 97.3716
 48 176 -0.2075 -0.2111 109.6120
 64 176 -0.1948 -0.1973 126.6134
 80 176 -0.1493 -0.1801 98.6461
 96 176 -0.1269 -0.1261 114.8147
112 176 -0.0817 -0.0667 106.3574
128 176 -0.0548 -0.0480 95.6092
144 176 -0.0428 -0.0360 91.8906
160 176 -0.0329 -0.0210 98.6977
176 176 -0.0266 -0.0162 100.0229
192 176 -0.0192 -0.0102 102.2402
208 176 -0.0094 -0.0075 111.2719
224 176  0.0009 -0.0122 113.0727
240 176  0.0049 -0.0177 115.5911
256 176  0.0062 -0.0230 117.4026
272 176  0.0076 -0.0357 109.2930
288 176  0.0069 -0.0468 99.3440
304 176  0.0104 -0.0538 98.8146
320 176  0.0140 -0.0619 89.5612
336 176  0.0172 -0.0560 109.7957
352 176  0.0192 -0.0421 105.4319
368 176  0.0161 -0.0347 106.8256
384 176  0.0115 -0.0132 125.5800
400 176  0.0029 -0.0054 107.1075
416 176 -0.0056  0.0079 97.2674
 32 192 -0.2342 -0.2124 95.2046
 48 192 -0.2225 -0.2130 97.1975
 64 192 -0.2138 -0.1871 110.9379
 80 192 -0.1750 -0.1703 104.7490
 96 192 -0.1782 -0.1369 99.5422
112 192 -0.1330 -0.0817 90.2951
128 192 -0.0683 -0.0591 98.1949
144 192 -0.0544 -0.0442 93.1918
160 192 -0.0485 -0.0343 96.5538
176 192 -0.0508 -0.0308 96.2113
192 192 -0.0466 -0.0235 98.3922
208 192 -0.0342 -0.0229 98.7558
224 192 -0.0214 -0.0248 90.6730
240 192  0.0011 -0.0282 82.7811
256 192  0.0060 -0.0372 86.6075
272 192  0.0071 -0.0601 81.2801
288 192  0.0077 -0.0911 83.4199
304 192  0.0041 -0.1237 93.8913
320 192  0.0092 -0.1115 86.0427
336 192  0.0145 -0.1153 103.8096
352 192  0.0138 -0.0845 110.4504
368 192  0.0104 -0.0431 106.6120
384 192  0.0047 -0.0267 117.8200
400 192 -0.0045 -0.0071 103.6600
416 192 -0.0144  0.0056 96.1061
 32 208 -0.2668 -0.2293 92.1619
 48 208 -0.2480 -0.2277 93.7540
 64 208 -0.2403 -0.2271 114.5405
 80 208 -0.2143 -0.2073 100.2756
 96 208 -0.2144 -0.1762 89.6917
112 208 -0.1892 -0.1400 105.8496
128 208 -0.1061 -0.0824 88.1297
144 208 -0.0923 -0.0664 97.8186
160 208 -0.0859 -0.0526 96.8892
176 208 -0.0790 -0.0446 104.9158
192 208 -0.0722 -0.0407 104.0606
208 208 -0.0472 -0.0312 100.1130
224 208 -0.0238 -0.0415 111.4722
240 208  0.0040 -0.0472 91.7725
256 208  0.0095 -0.0555 96.1032
272 208  0.0102 -0.0906 92.7579
288 208  0.0069 -0.1345 84.5605
304 208  0.0011 -0.1610 92.0621
320 208  0.0032 -0.1583 86.5321
336 208  0.0083 -0.1545 93.4944
352 208  0.0120 -0.1204 103.2673
368 208  0.0067 -0.0617 103.5418
384 208  0.0038 -0.0356 116.6638
400 208 -0.0064 -0.0155 94.6593
416 208 -0.0171  0.0027 84.9791
 32 224 -0.2729 -0.2235 88.2372
 48 224 -0.2781 -0.2298 94.1230
 64 224 -0.2730 -0.2330 100.2582
 80 224 -0.2574 -0.2220 82.4839
 96 224 -0.2599 -0.1905 105.7934
112 224 -0.2402 -0.1476 109.0917
128 224 -0.2035 -0.1168 103.6093
144 224 -0.1747 -0.0986 107.1538
160 224 -0.1358 -0.0723 111.6971
176 224 -0.0921 -0.0630 125.9132
192 224 -0.0711 -0.0582 119.9112
208 224 -0.0464 -0.0515 105.3501
224 224 -0.0261 -0.0657 105.4549
240 224  0.0037 -0.0789 79.2068
256 224  0.0104 -0.0889 75.1242
272 224  0.0106 -0.1166 72.4173
288 224  0.0013 -0.1689 86.5658
304 224 -0.0099 -0.1862 92.2428
320 224 -0.0109 -0.1906 90.7280
336 224 -0.0086 -0.1892 95.9627
352 224 -0.0020 -0.1540 107.4706
368 224 -0.0029 -0.1021 101.5983
384 224 -0.0011 -0.0810 100.1493
400 224 -0.0125 -0.0308 95.8050
416 224 -0.0240  0.0030 88.8153
 32 240 -0.2561 -0.1998 64.4689
 48 240 -0.2785 -0.2214 83.2114
 64 240 -0.3137 -0.2586 106.1710
 80 240 -0.3280 -0.2503 126.2855
 96 240 -0.3198 -0.2492 110.2282
112 240 -0.2832 -0.2230 125.8066
128 240 -0.2158 -0.1597 103.8991
144 240 -0.1878 -0.1328 100.4747
160 240 -0.1254 -0.1109 97.7337
176 240 -0.0790 -0.0944 107.9849
192 240 -0.0533 -0.0920 102.6461
208 240 -0.0251 -0.0866 95.9769
224 240 -0.0189 -0.0841 87.7254
240 240 -0.0229 -0.0716 76.1789
256 240 -0.0268 -0.0783 70.5795
272 240 -0.0158 -0.0974 75.9743
288 240 -0.0214 -0.1314 77.5614
304 240 -0.0147 -0.1640 80.0219
320 240 -0.0155 -0.1712 77.5245
336 240 -0.0177 -0.1803 80.3475
352 240 -0.0075 -0.1585 89.3008
368 240 -0.0081 -0.1128 93.2965
384 240 -0.0050 -0.0958 100.2002
400 240 -0.0151 -0.0335 103.2941
416 240 -0.0313  0.0010 98.1219
 32 256 -0.2167 -0.1394 62.8727
 48 256 -0.2494 -0.1710 72.6505
 64 256 -0.3125 -0.2314 105.6302
 80 256 -0.3251 -0.2421 94.7614
 96 256 -0.3145 -0.2551 102.5671
112 256 -0.2750 -0.2264 112.1908
128 256 -0.1669 -0.1580 105.2100
144 256 -0.1362 -0.1377 110.7569
160 256 -0.0792 -0.1243 93.4379
176 256 -0.0294 -0.1247 86.1735
192 256 -0.0039 -0.0738 89.3319
208 256  0.1071  0.0362 96.5223
224 256  0.0902  0.0311 82.9460
240 256  0.0216 -0.0316 75.7526
256 256  0.1617 -0.0884 61.3896
272 256  0.2764 -0.1419 48.7115
288 256  0.0430 -0.1488 38.5532
304 256  0.2042 -0.1536 29.6714
320 256  0.2858 -0.0898 32.2267
336 256  0.2783 -0.0741 40.6365
352 256  0.3523 -0.0556 53.5246
368 256  0.1467  0.0235 89.9724
384 256 -0.0101 -0.1049 94.1825
400 256 -0.0138 -0.0467 98.7993
416 256 -0.0357 -0.0004 97.5109
 32 272 -0.1016 -0.1171 51.7867
 48 272 -0.1522 -0.1547 63.6424
 64 272 -0.2539 -0.2180 90.6566
 80 272 -0.2772 -0.2409 88.6381
 96 272 -0.2114 -0.2342 108.6343
112 272 -0.2040 -0.2198 125.4238
128 272 -0.1287 -0.1820 97.7017
144 272 -0.1064 -0.1704 89.1007
160 272 -0.0236 -0.1478 61.8994
176 272  0.0588 -0.1625 56.3098
192 272 -0.1235 -0.1052 61.5565
208 272 -0.1478 -0.0496 34.5646
224 272 -0.0972 -0.2927 25.6291
240 272  0.0675 -0.3833 20.3196
256 272  0.3181 -0.6196 18.2131
272 272  0.5736 -0.8401 16.5768
288 272  0.2380 -0.5491 14.1593
304 272  0.1778 -0.5921 12.5496
320 272  0.3039 -0.2324 13.1693
336 272  0.4415 -0.1492 15.5301
352 272  0.5908 -0.1650 21.0876
368 272  0.2509 -0.0233 38.6580
384 272  0.1571 -0.1170 78.8699
400 272  0.0409 -0.0667 74.3962
416 272 -0.0362  0.0033 90.6035
 32 288 -0.0349 -0.1055 61.4488
 48 288 -0.0607 -0.1257 78.1572
 64 288 -0.1620 -0.1808 112.2617
 80 288 -0.1464 -0.2071 101.1916
 96 288 -0.1585 -0.2349 114.8912
112 288 -0.1334 -0.2289 107.1958
128 288  0.0120 -0.2202 95.3756
144 288  0.0320 -0.2055 72.4049
160 288  0.1192 -0.1626 50.6801
176 288 -0.0677 -0.0960 70.8574
192 288 -0.4203 -0.3029 29.9972
208 288  0.0000  0.0000 21.7171
224 288  0.0000  0.0000 18.2483
240 288  0.1575 -0.8074 15.5769
256 288  0.2694 -0.7800 13.9275
272 288  0.0000  0.0000 11.7364
288 288  0.3052 -0.6559  9.6879
304 288  0.2016 -0.6000  8.9168
320 288  0.2292 -0.3312  9.2924
336 288  0.3850 -0.3025  9.8228
352 288  0.0000  0.0000 11.7356
368 288  0.3686 -0.3107 17.4877
384 288  0.3499 -0.4301 29.8244
400 288  0.1696 -0.5395 69.2877
416 288 -0.0638  0.0430 82.4515
 32 304 -0.0012 -0.0982 60.0787
 48 304 -0.0163 -0.1137 74.9639
 64 304 -0.0335 -0.1291 84.4441
 80 304 -0.0283 -0.1666 92.1227
 96 304 -0.0781 -0.2143 100.7812
112 304 -0.0414 -0.2224 79.2556
128 304  0.0479 -0.2257 68.9133
144 304  0.0706 -0.2114 52.9732
160 304  0.0407 -0.1195 49.9964
176 304 -0.0851 -0.1071 33.3967
192 304 -0.4361 -0.2734 18.1338
208 304  0.0000  0.0000 15.5214
224 304 -0.3888 -0.4389 14.4747
240 304  0.1302 -0.7172 14.3026
256 304  0.2288 -0.8920 12.8920
272 304  0.0000  0.0000 10.1558
288 304  0.3010 -0.7676  8.6257
304 304  0.2047 -0.7404  8.7253
320 304  0.1680 -0.3518  8.6973
336 304  0.3577 -0.4054  8.4550
352 304  0.6089 -0.4756  9.4576
368 304  0.3655 -0.4296 12.9791
384 304  0.3435 -0.8037 22.2059
400 304  0.0000  0.0000 60.4912
416 304 -0.0820  0.0580 70.6970
 32 320  0.0329 -0.0902 61.5831
 48 320  0.0215 -0.1024 75.7960
 64 320  0.0065 -0.1209 105.5975
 80 320  0.0055 -0.1619 106.0394
 96 320 -0.0596 -0.2114 102.1374
112 320 -0.0077 -0.2298 83.7147
128 320  0.0612 -0.2215 55.7362
144 320  0.0425 -0.1405 44.1095
160 320 -0.0361 -0.0613 40.2586
176 320 -0.1233 -0.0894 19.9881
192 320 -0.3074 -0.2177 12.6248
208 320 -0.3723 -0.1875 10.9514
224 320 -0.1963 -0.3266 10.7379
240 320  0.0130 -0.3730 11.4951
256 320  0.1497 -0.3104 11.1197
272 320  0.2915 -0.4059  9.2543
288 320  0.1880 -0.3120  8.6952
304 320  0.0530 -0.2537  9.2308
320 320  0.0793 -0.1605  9.8754
336 320  0.2939 -0.2382  9.2601
352 320  0.4596 -0.3450  9.0143
368 320  0.2936 -0.4826 10.3006
384 320  0.3030 -0.7455 14.5073
400 320  0.1527 -0.8470 27.7849
416 320  0.0116 -0.2081 56.9661
 32 336  0.0435 -0.0825 52.3700
 48 336  0.0397 -0.0934 77.3366
 64 336  0.0329 -0.1097 117.3940
 80 336  0.0301 -0.1608 108.5164
 96 336  0.0213 -0.2189 73.0797
112 336  0.0572 -0.2402 66.5473
128 336  0.0340 -0.2210 47.7975
144 336 -0.0443 -0.1284 40.3456
160 336 -0.0683 -0.0897 23.4451
176 336 -0.1608 -0.1181 12.6373
192 336 -0.2969 -0.1840  8.9300
208 336 -0.2537 -0.1675  7.7980
224 336 -0.1240 -0.1679  8.0890
240 336  0.0004 -0.1481  9.4884
256 336  0.0692 -0.0871  9.9943
272 336  0.0968 -0.0937  8.7952
288 336  0.0876 -0.0949  8.3965
304 336  0.0459 -0.0819  8.6905
320 336  0.0626 -0.0671  9.4000
336 336  0.2096 -0.1575 10.1123
352 336  0.2970 -0.3077  9.2550
368 336  0.2729 -0.4048  9.8362
384 336  0.2619 -0.5250 11.5794
400 336  0.2562 -0.9109 18.3233
416 336  0.0000  0.0000 36.4695
 32 352  0.0734 -0.0572 36.1619
 48 352  0.0784 -0.0760 59.1787
 64 352  0.0738 -0.0962 74.7444
 80 352  0.0660 -0.1404 67.7571
 96 352  0.0380 -0.1774 41.4392
112 352  0.0004 -0.1888 50.6564
128 352 -0.1174 -0.2499 61.5547
144 352 -0.2663 -0.4264 26.2520
160 352 -0.1903 -0.3691 16.3400
176 352 -0.2627 -0.2651  9.5665
192 352 -0.2086 -0.2072  7.3793
208 352 -0.0894 -0.0900  6.2981
224 352 -0.0086 -0.0830  6.1224
240 352  0.0843 -0.0767  6.8962
256 352  0.0515 -0.0659  7.2270
272 352  0.0583 -0.0646  6.8589
288 352  0.0578 -0.0642  6.9679
304 352  0.0221 -0.0442  7.3017
320 352  0.0497 -0.0494  7.9411
336 352  0.0703 -0.0868  9.2421
352 352  0.1378 -0.2627  9.6962
368 352  0.2080 -0.5439 10.0228
384 352  0.2683 -0.8961 10.6148
400 352  0.0000  0.0000 15.8052
416 352  0.0000  0.0000 28.4031
 32 368  0.0658 -0.0531 33.4186
 48 368  0.0713 -0.0748 54.8010
 64 368  0.0634 -0.0878 65.8811
 80 368  0.0583 -0.1326 87.6520
 96 368  0.0360 -0.1506 52.5355
112 368 -0.0412 -0.2302 70.0555
128 368  0.0000  0.0000 34.6782
144 368  0.0000  0.0000 21.0664
160 368 -0.0660 -0.6750 15.0534
176 368 -0.3157 -0.3693  9.7668
192 368 -0.1696 -0.1753  7.3326
208 368 -0.0572 -0.0402  5.7828
224 368  0.0070 -0.0225  5.2560
240 368  0.0693 -0.0585  5.2163
256 368  0.0463 -0.0755  5.3209
272 368  0.0436 -0.0595  5.6195
288 368  0.0383 -0.0482  6.1316
304 368  0.0051 -0.0159  6.8734
320 368  0.0230 -0.0238  7.9586
336 368  0.0460 -0.0779  9.5809
352 368  0.1228 -0.3460 11.0356
368 368  0.1678 -0.8698 10.9180
384 368  0.0000  0.0000 11.3952
400 368  0.0000  0.0000 16.2831
416 368  0.0000  0.0000 27.9225
 32 384  0.0000  0.0000 37.7965
 48 384  0.0573 -0.0667 55.9497
 64 384  0.0464 -0.0819 79.8665
 80 384  0.0441 -0.1218 55.3546
 96 384  0.0329 -0.1092 53.7094
112 384 -0.0760 -0.3439 61.6925
128 384  0.0000  0.0000 34.0357
144 384  0.0000  0.0000 21.3208
160 384 -0.3455 -0.4768 16.1238
176 384 -0.2759 -0.2671 11.1967
192 384 -0.1718 -0.0964  8.1355
208 384 -0.0769  0.0120  6.1280
224 384 -0.0335  0.0171  5.1153
240 384 -0.0007  0.0000  4.6185
256 384  0.0208 -0.0289  4.4446
272 384  0.0283 -0.0218  4.7707
288 384  0.0285 -0.0340  5.5046
304 384  0.0077 -0.0101  7.1750
320 384  0.0189 -0.0206  9.6148
336 384  0.0479 -0.0669 12.5412
352 384  0.2145 -0.2087 14.9839
368 384  0.3680 -0.4883 13.7626
384 384  0.0000  0.0000 14.5958
400 384  0.0000  0.0000 21.9033
416 384  0.0000  0.0000 35.3921
 32 400  0.0563 -0.0343 35.0984
 48 400  0.0000  0.0000 60.0554
 64 400  0.0523 -0.0734 78.5017
 80 400  0.0448 -0.0924 68.2829
 96 400  0.0000  0.0000 52.4454
112 400 -0.0813 -0.4174 62.0488
128 400  0.0000  0.0000 37.6878
144 400  0.0000  0.0000 27.0547
160 400 -0.4468 -0.4168 21.2170
176 400 -0.2697 -0.2474 15.0503
192 400 -0.1238 -0.0582 11.6654
208 400 -0.0564  0.0253  8.3275
224 400 -0.0579  0.0501  6.3730
240 400 -0.0542  0.0626  5.2701
256 400 -0.0336  0.0789  4.6368
272 400 -0.0134  0.0660  4.6146
288 400 -0.0011  0.0173  5.0904
304 400  0.0010 -0.0126  6.6249
320 400  0.0150 -0.0307  9.9455
336 400  0.0414 -0.0529 15.0491
352 400  0.1418 -0.0896 19.6262
368 400  0.2437 -0.1252 18.7235
384 400  0.2316 -0.1305 20.9750
400 400  0.2133 -0.1398 29.5489
416 400  0.1825 -0.2026 31.7163
 32 416  0.0526 -0.0269 32.1898
 48 416  0.0583 -0.0520 46.8895
 64 416  0.0515 -0.0609 68.5666
 80 416  0.0504 -0.0771 70.2023
 96 416  0.0434 -0.0622 48.1530
112 416 -0.0615 -0.1793 67.4325
128 416  0.0000  0.0000 50.2945
144 416  0.0000  0.0000 49.5070
160 416  0.0000  0.0000 35.3221
176 416 -0.1452 -0.1004 24.9278
192 416 -0.0215  0.0304 18.1581
208 416 -0.0296  0.0319 11.7782
224 416 -0.0444  0.0406  9.1625
240 416 -0.0568  0.0601  7.1624
256 416 -0.0428  0.0983  6.0727
272 416 -0.0261  0.1049  5.7555
288 416 -0.0128  0.0724  6.0538
304 416 -0.0064  0.0353  6.8923
320 416  0.0047 -0.0086  8.3581
336 416  0.0095 -0.0369 10.3766
352 416  0.0084 -0.0496 11.7621
368 416 -0.0000 -0.0371 13.2217
384 416 -0.0089 -0.0331 14.7156
400 416 -0.0059 -0.0263 15.9940
416 416 -0.0098 -0.0179 18.6031
 32 432  0.0426 -0.0210 25.9333
 48 432  0.0508 -0.0445 40.4661
 64 432  0.0485 -0.0509 43.3823
 80 432  0.0437 -0.0627 53.0050
 96 432  0.0427 -0.0583 46.2364
112 432 -0.0561 -0.0872 81.5257
128 432 -0.0694 -0.0969 76.1921
144 432 -0.0848 -0.1036 71.0639
160 432 -0.0762 -0.0491 49.6510
176 432 -0.0147  0.1150 33.3547
192 432 -0.0234  0.0791 21.4681
208 432 -0.0280  0.0404 15.5304
224 432 -0.0325  0.0382 12.9473
240 432 -0.0380  0.0445 10.3752
256 432 -0.0402  0.0650  8.5566
272 432 -0.0232  0.0783  7.8195
288 432 -0.0148  0.0694  7.7780
304 432 -0.0067  0.0364  8.3079
320 432  0.0051  0.0003  9.2316
336 432  0.0066 -0.0363 10.0582
352 432 -0.0011 -0.0532  9.5011
368 432 -0.0053 -0.0220  8.9952
384 432 -0.0157 -0.0147  8.6305
400 432 -0.0059 -0.0216  8.5529
416 432 -0.0023 -0.0165  9.1768
 32 448  0.0453 -0.0360 18.7933
 48 448  0.0363 -0.0448 27.2388
 64 448  0.0378 -0.0483 30.9446
 80 448  0.0328 -0.0504 33.5601
 96 448  0.0288 -0.0521 40.0940
112 448  0.0582 -0.0870 74.8946
128 448  0.0595 -0.0942 70.5987
144 448  0.0634 -0.0998 73.0350
160 448  0.0090 -0.0219 93.7312
176 448 -0.0159  0.0106 68.9148
192 448 -0.0076  0.0073 27.8782
208 448 -0.0171  0.0141 20.6849
224 448 -0.0189  0.0198 17.8299
240 448 -0.0287  0.0292 15.6770
256 448 -0.0341  0.0423 12.6946
272 448 -0.0261  0.0487 11.0793
288 448 -0.0234  0.0527  9.8123
304 448 -0.0102  0.0345  9.5598
320 448  0.0069 -0.0000  9.7660
336 448  0.0081 -0.0357 10.1128
352 448 -0.0022 -0.0484  9.6864
368 448 -0.0069 -0.0157  9.1215
384 448 -0.0198  0.0033  8.3863
400 448 -0.0113 -0.0030  7.8731
416 448 -0.0083  0.0084  7.7747
 32 464  0.0393 -0.0373 18.8672
 48 464  0.0312 -0.0395 24.9636
 64 464  0.0327 -0.0411 21.7608
 80 464  0.0307 -0.0442 24.8546
 96 464  0.0254 -0.0413 27.5096
112 464  0.0447 -0.0687 39.2751
128 464  0.0470 -0.0796 55.3221
144 464  0.0562 -0.0951 71.7731
160 464  0.0565 -0.1052 93.9486
176 464  0.0338 -0.0838 45.9988
192 464  0.0031  0.0278 43.3641
208 464  0.0003  0.0163 28.9811
224 464 -0.0000  0.0139 20.4393
240 464 -0.0029  0.0105 18.6072
256 464 -0.0104  0.0158 18.0328
272 464 -0.0192  0.0219 16.9704
288 464 -0.0256  0.0240 14.6136
304 464 -0.0161  0.0248 14.1761
320 464 -0.0167  0.0292 13.9607
336 464 -0.0115  0.0306 13.3065
352 464 -0.0214  0.0405 11.5498
368 464 -0.0216  0.0486  9.9377
384 464 -0.0189  0.0436  8.7728
400 464 -0.0085  0.0210  8.1893
416 464 -0.0090  0.0112  7.9494
