VARIABLES= "X pix", "Y pix", "U pix/dt", "V pix/dt", "CHC", ZONE I=21, J=30
 16 272 -0.0547 -0.0883 150.7957
 48 272 -0.1505 -0.3431 128.8085
 80 272 -0.0580 -0.1638 29.8789
112 272 -0.1489 -0.0886 383.0065
144 272 -0.0678 -0.3231 41.5410
176 272 -0.0530 -0.1294 238.8659
208 272 -0.0936 -0.0940 209.2642
240 272 -0.0617 -0.0919 155.5729
272 272 -0.0592 -0.0469 303.5479
304 272 -0.0404 -0.0643 154.0939
336 272 -0.0274 -0.0125 71.2994
368 272  0.0523  0.0495 82.0980
400 272 -0.0215  0.0377 178.5088
432 272  0.0081  0.0455 172.0042
464 272 -0.0142  0.0494 195.0992
496 272  0.0382  0.1326 167.6346
528 272 -0.0006  0.0631 61.0152
560 272  0.0427  0.0666 173.0496
592 272  0.0040  0.0555 79.4813
624 272  0.0101  0.0392 155.2895
656 272  0.0342  0.0484 132.2439
 16 304 -0.1536 -0.1775 126.2811
 48 304 -0.0698 -0.2094 60.9381
 80 304 -0.1149 -0.3937 199.4126
112 304 -0.2443 -0.1283 190.2614
144 304 -0.1589 -0.1519 235.2659
176 304 -0.1153 -0.1245 233.6337
208 304 -0.2428 -0.2369 294.3255
240 304 -0.0876 -0.1130 86.6128
272 304 -0.0468 -0.1182 147.2359
304 304 -0.0466 -0.0343 204.1778
336 304  0.0241 -0.0143 148.7308
368 304 -0.0161  0.0018 137.6439
400 304  0.0209  0.0359 42.9211
432 304  0.0213  0.0110 42.4975
464 304 -0.0001  0.0624 191.0421
496 304 -0.0009  0.0328 79.4286
528 304 -0.0037  0.0933 180.5353
560 304  0.0345  0.0636 83.7022
592 304  0.0356  0.0606 98.4737
624 304  0.0135  0.0305 187.7819
656 304 -0.0105  0.0634 74.2610
 16 336 -0.2405 -0.1892 32.8829
 48 336 -0.4380 -0.2191 218.7761
 80 336 -0.1088 -0.3434 138.7094
112 336 -0.0834 -0.3351 458.7126
144 336 -0.3848 -0.2101 111.2431
176 336 -0.1383 -0.1356 242.1297
208 336 -0.0380 -0.0729 409.1832
240 336 -0.0871 -0.1262 94.8198
272 336  0.0196 -0.1846 69.6888
304 336 -0.0566 -0.0479 222.2109
336 336 -0.0445 -0.0171 62.8586
368 336 -0.0307 -0.0118 74.1902
400 336 -0.0297 -0.0820 160.4543
432 336  0.0388  0.0202 186.3572
464 336  0.0190  0.0541 130.2012
496 336  0.0135  0.0458 86.7842
528 336 -0.0222  0.0609 154.9283
560 336  0.0477  0.0094 166.6779
592 336 -0.0002  0.0363 156.4382
624 336  0.0210  0.0319 120.4485
656 336  0.0272  0.0471 177.6910
 16 368 -0.2083 -0.2891 178.3498
 48 368 -0.1811 -0.2230 185.1710
 80 368 -0.0966 -0.1346 171.2522
112 368 -0.0879 -0.4049 232.2864
144 368 -0.1898 -0.2715 259.6952
176 368 -0.1243 -0.1679 84.7234
208 368 -0.1043 -0.2093 104.6335
240 368 -0.0467 -0.1038 55.5301
272 368 -0.0461 -0.0470 47.7258
304 368 -0.1055 -0.0879 171.6979
336 368 -0.0288 -0.0271 300.3563
368 368 -0.0232 -0.0173 210.3148
400 368 -0.0075 -0.0228 230.3460
432 368  0.0001  0.0484 62.3923
464 368  0.0020  0.0518 237.4521
496 368  0.0392  0.0241 407.3952
528 368  0.0390  0.0676 147.2612
560 368 -0.0528  0.0898 196.0902
592 368  0.0179  0.0571 57.2914
624 368  0.0189  0.0000 32.5436
656 368  0.0012  0.0370 128.4178
 16 400 -0.0961 -0.1347 31.6112
 48 400 -0.1579 -0.1811 254.3015
 80 400 -0.1259 -0.1894 293.8475
112 400 -0.1902 -0.5506 162.7078
144 400 -0.2394 -0.3193 111.3017
176 400 -0.1093 -0.5401 142.5620
208 400 -0.1025 -0.2100 295.8766
240 400 -0.2669 -0.1959 121.3903
272 400 -0.0907 -0.1675 208.9780
304 400 -0.0966 -0.1146 179.6476
336 400 -0.0404 -0.0620 165.5859
368 400 -0.0361 -0.0681 51.9718
400 400 -0.0096 -0.0244 146.3615
432 400 -0.0363  0.0078 105.9445
464 400 -0.0221  0.0694 257.3640
496 400  0.0100  0.0741 144.5341
528 400  0.0155  0.0480 138.5840
560 400  0.0086  0.0470 143.0691
592 400  0.0346  0.0125 88.0185
624 400  0.0443  0.0260 159.3232
656 400  0.0151  0.0126 146.5353
 16 432 -0.0172  0.0128 20.9726
 48 432 -0.5578 -0.3403 180.0746
 80 432 -0.3866 -0.2602 92.1628
112 432 -0.3769 -0.4687 152.8326
144 432 -0.7155 -0.4212 129.1241
176 432 -0.4688 -0.4751 26.5001
208 432 -0.0703 -0.1094 17.1648
240 432 -0.2497 -0.3385 170.8687
272 432 -0.2269 -0.2506 114.4530
304 432 -0.0944 -0.1238 262.9595
336 432 -0.0863 -0.1619 113.7273
368 432 -0.0341 -0.0744 188.7650
400 432 -0.0362 -0.0254 181.6472
432 432  0.0060  0.0156 278.3781
464 432 -0.0160  0.0362 123.9588
496 432  0.0211  0.0095 181.2647
528 432  0.0061  0.0385 122.1244
560 432 -0.0106  0.0760 187.8860
592 432 -0.0122  0.0331 119.6306
624 432 -0.0074  0.0022 42.6902
656 432  0.0261  0.0040 111.6935
 16 464 -0.5553 -0.9470 66.4930
 48 464 -0.6829 -0.5072 154.2547
 80 464 -0.4206 -0.4493 92.7028
112 464 -0.2071 -0.7417 285.9766
144 464 -0.2071 -0.2773 186.2347
176 464 -0.5859 -0.2743 215.0017
208 464 -0.0958 -0.5373 56.2809
240 464 -0.1595 -0.2730 35.9134
272 464 -0.3126 -0.3118 133.5173
304 464 -0.1237 -0.1728 291.6215
336 464 -0.1130 -0.1099 235.0681
368 464 -0.0481 -0.0727 229.4080
400 464 -0.0315 -0.0464 113.3017
432 464 -0.0587 -0.0119 43.6189
464 464 -0.0165  0.0297 118.0782
496 464 -0.0022  0.0142 199.3877
528 464  0.0068  0.0292 111.2474
560 464  0.0282  0.0119 109.5653
592 464  0.0128  0.0262 245.7525
624 464  0.0300  0.0117 218.8350
656 464  0.0190 -0.0072 139.5858
 16 496 -0.2367 -0.1732 28.4113
 48 496 -0.3466 -0.2292 128.8343
 80 496 -0.8677 -1.3041 72.3215
112 496 -0.1089 -0.0561 30.0215
144 496 -0.1907 -0.8030 51.5967
176 496 -0.4674 -0.5628 81.1356
208 496 -0.2853 -0.5331 106.4226
240 496 -0.3572 -0.4082 109.3646
272 496 -0.1239 -0.3439 137.7368
304 496 -0.1419 -0.3066 139.6941
336 496 -0.0503 -0.1254 217.6203
368 496 -0.0999 -0.1136 168.4379
400 496 -0.0380  0.0033 236.1316
432 496 -0.0658 -0.0534 167.5238
464 496 -0.0197  0.0046 187.5314
496 496 -0.0070  0.0171 106.8119
528 496  0.0093  0.0096 207.5191
560 496  0.0093  0.0127 60.8783
592 496  0.0386 -0.0135 223.8120
624 496  0.0340  0.0003 48.7967
656 496  0.0308 -0.0017 101.0720
 16 528 -0.7406 -0.5979 64.3772
 48 528 -0.2303 -0.5998 144.6043
 80 528 -0.6203 -0.4206 108.2260
112 528 -0.7853 -0.6459 74.8363
144 528 -0.3562 -0.3479 128.1718
176 528 -0.5705 -0.8163 190.4460
208 528 -0.2769 -0.3581 42.7210
240 528 -0.4175 -0.5449 89.5069
272 528 -0.2202 -0.4291 42.5953
304 528 -0.3092 -0.1768 137.9734
336 528 -0.1766 -0.2495 204.8120
368 528 -0.1291 -0.0928 212.4083
400 528 -0.1083 -0.0219 180.7399
432 528 -0.0429 -0.0419 81.5258
464 528 -0.0363 -0.0144 135.4994
496 528 -0.0153 -0.0164 97.3277
528 528 -0.0284  0.0074 190.6582
560 528 -0.0037  0.0184 82.0614
592 528  0.0201 -0.0247 30.4047
624 528  0.0440  0.0131 33.8382
656 528  0.0576 -0.0445 110.5000
 16 560 -0.1978 -0.1267 29.5184
 48 560 -0.2300 -0.1356 47.2275
 80 560 -0.7636 -1.0868 69.7698
112 560 -0.3290 -0.6693 132.3819
144 560 -0.8224 -0.7084 75.3589
176 560 -0.6702 -0.9165 57.6003
208 560 -1.1898 -0.8544 174.6298
240 560 -0.4592 -0.3894 55.8919
272 560 -0.1646 -0.3729 52.6454
304 560 -0.5231 -0.3913 343.3495
336 560 -0.3773 -0.1603 304.8727
368 560 -0.1589 -0.1213 139.4297
400 560 -0.1310 -0.0575 129.2220
432 560 -0.1093 -0.0264 50.0387
464 560 -0.0896  0.0166 83.7481
496 560 -0.0968  0.0790 151.0704
528 560 -0.0335 -0.0557 108.0134
560 560 -0.0245 -0.0149 177.3994
592 560  0.0359 -0.0510 46.9769
624 560  0.0003 -0.0722 14.5961
656 560  0.0776 -0.0454 130.3901
 16 592 -0.2348 -0.1554 29.1207
 48 592 -0.5655 -0.3253 75.9989
 80 592 -0.7741 -0.4946 170.4540
112 592 -0.2280 -0.2109 22.6277
144 592 -1.1986 -0.7787 170.9085
176 592 -1.3226 -1.5003 72.5766
208 592 -1.2130 -0.9205 149.2757
240 592 -0.7150 -0.8166 72.6124
272 592 -0.5584 -0.7326 44.6827
304 592 -0.6266 -0.5270 67.2480
336 592 -0.6251 -0.3685 234.5360
368 592 -0.3627 -0.2950 175.6784
400 592 -0.3007 -0.1095 156.5278
432 592 -0.1926 -0.0523 94.1226
464 592 -0.1028 -0.0032 77.4228
496 592 -0.1639 -0.0493 142.2145
528 592 -0.1646 -0.0322 194.5239
560 592 -0.1128 -0.0906 101.6877
592 592  0.0214 -0.1174 53.2513
624 592  0.0570 -0.1756 163.2905
656 592  0.1612 -0.1518 122.7978
 16 624 -0.1294 -0.1279 79.7372
 48 624 -0.2149 -0.0829 202.3798
 80 624 -0.2901 -0.1306 89.4974
112 624 -0.3626 -0.1988 52.9539
144 624 -1.2933 -0.6567 191.4864
176 624 -1.4124 -0.9006 207.0629
208 624 -0.5287 -0.8284 157.0305
240 624 -0.8782 -1.1893 174.0446
272 624 -0.8538 -0.7627 209.8973
304 624 -0.6300 -0.6151 52.5762
336 624 -0.7801 -0.4072 66.5626
368 624 -0.8934 -0.1228 117.3251
400 624 -0.4899 -0.0832 199.0591
432 624 -0.5342 -0.0074 84.5296
464 624 -0.4480  0.0338 95.5784
496 624 -0.1287 -0.0382 237.7265
528 624 -0.2232 -0.1268 284.3081
560 624 -0.1610 -0.1105 223.1245
592 624 -0.0277 -0.1912 55.2048
624 624  0.0979 -0.2028 82.1559
656 624  0.0256 -0.2527 86.2111
 16 656 -0.1766 -0.1694 32.2145
 48 656 -0.4615 -0.0995 244.1702
 80 656 -0.7796 -0.3962 145.5356
112 656 -0.7634 -0.7573 60.1186
144 656 -0.9749 -0.5570 125.7650
176 656 -1.3371 -1.1739 126.3602
208 656 -0.7799 -0.2886 189.6442
240 656 -0.2697 -0.2960 34.1792
272 656 -1.2619 -0.5461 72.1867
304 656 -1.6346 -0.9200 40.4278
336 656 -0.7788 -0.3335 204.2958
368 656 -0.8288 -0.1363 135.8759
400 656 -0.8136 -0.0649 71.9444
432 656 -0.8137  0.0327 178.0901
464 656 -0.9907 -0.1219 92.5116
496 656 -0.5541 -0.1523 197.5388
528 656 -0.3819 -0.2888 45.7105
560 656 -0.2937 -0.4219 90.3166
592 656 -0.0819 -0.0793 14.2915
624 656  0.0449 -0.0653 161.2389
656 656  0.0278 -0.2587 56.5398
 16 688 -0.0652 -0.0667 287.3234
 48 688 -0.1557 -0.0507 212.1561
 80 688 -0.4596 -0.0362 122.2814
112 688 -0.4058 -0.0284 157.5267
144 688 -0.7012 -0.3296 47.8432
176 688 -1.1311 -0.7735 95.5100
208 688 -1.5965 -1.3452 285.6559
240 688 -1.1829 -0.8388 159.3429
272 688 -1.3446 -0.8436 139.8178
304 688 -0.6343 -0.5254 105.6889
336 688 -0.9657 -0.5776 224.1029
368 688 -0.9659 -0.1407 132.0746
400 688 -0.6607  0.0542 52.9884
432 688 -0.2270  0.1178 130.1861
464 688 -0.8030 -0.1571 215.6879
496 688 -0.6456 -0.2193 111.5378
528 688 -0.2105 -0.5582 98.6339
560 688 -0.3821 -0.6659 52.7957
592 688 -0.0801 -0.6788 56.5642
624 688 -0.0386 -0.2923 59.9554
656 688  0.0451 -0.3658 73.7847
 16 720 -0.0437 -0.0685 36.5358
 48 720 -0.0712 -0.0238 201.0851
 80 720 -0.1172 -0.0468 100.4729
112 720 -0.3833 -0.1627 32.0928
144 720 -0.5647 -0.2578 171.8156
176 720 -1.4408 -0.7845 68.0648
208 720 -1.0870 -0.7742 54.7839
240 720 -1.1983 -1.0200 185.1303
272 720 -1.0903 -0.6853 116.8020
304 720 -0.6843 -0.4335 127.9897
336 720 -1.1156 -0.4036 132.2974
368 720 -0.1588  0.1119 229.4128
400 720 -0.2252  0.1617 60.7627
432 720  0.0663  0.1721 30.2085
464 720  0.1753 -0.2139 46.1216
496 720  0.3552 -1.4093 117.2114
528 720  0.1822 -0.9266 40.4344
560 720  1.2712  0.0767 13.6736
592 720  0.4352 -0.0421 22.6469
624 720 -0.0099 -0.2552 34.5745
656 720 -0.0022 -0.2079 76.6372
 16 752 -0.0101  0.0057 16.7476
 48 752 -0.0100 -0.0633 75.1492
 80 752 -0.0447 -0.0474 257.7375
112 752 -0.1183 -0.0750 209.8627
144 752 -0.0898 -0.1255 175.3165
176 752 -0.3067 -0.2938 97.3096
208 752 -0.5130 -0.7303 194.3132
240 752 -0.9325 -0.7527 117.0331
272 752 -0.3182 -0.0482 13.9033
304 752 -0.9182 -0.7276 22.9449
336 752 -0.4096 -0.0840 78.4635
368 752 -0.0597 -0.0280 81.1142
400 752  0.5337  0.1590 81.0608
432 752  0.9518  0.1917 25.6213
464 752  1.4030 -0.2245 74.9380
496 752 -0.6959 -0.4155 124.2121
528 752  0.1555 -0.1217 22.1287
560 752  0.8346  0.0088  8.6949
592 752  0.2125  0.4094 10.5697
624 752 -0.0410  0.0310  9.5824
656 752 -0.0213 -0.0237 21.2107
 16 784  0.0259 -0.0074 191.5502
 48 784  0.0135 -0.0165 59.1306
 80 784 -0.0112 -0.0364 166.8501
112 784 -0.0397 -0.1091 268.6576
144 784 -0.0547 -0.0858 83.4576
176 784 -0.1871 -0.2517 24.3613
208 784 -0.1170 -0.2556 65.0509
240 784 -0.5374 -0.9188 45.3902
272 784 -0.7720 -0.8079 80.4584
304 784 -0.3474 -0.4445 76.4929
336 784 -0.0022 -0.1443 174.8283
368 784  0.6174  0.0613 298.9905
400 784  0.9573  0.0916 36.9175
432 784  1.5010  0.2409 60.4401
464 784  2.3343 -0.1599 105.8690
496 784  1.8711 -0.5091 44.9946
528 784  0.0698  0.0008 14.5411
560 784  0.3730  0.2547  8.5709
592 784  0.1449  0.1406 32.2619
624 784 -0.0534  0.0473 21.9268
656 784 -0.0322  0.0423  8.6015
 16 816  0.0098  0.0080 16.1248
 48 816  0.1024 -0.0226 25.0031
 80 816  0.0587 -0.0196 113.8890
112 816  0.0600 -0.0975 216.7225
144 816  0.0277 -0.0929 84.2054
176 816  0.0117 -0.1936 32.5092
208 816 -0.0006 -0.3907 60.4923
240 816  0.0468 -0.8647 150.3263
272 816  0.0788 -0.4481 16.9580
304 816  0.0068 -0.2615 20.1652
336 816  0.3977 -0.3445 147.3816
368 816  0.6666  0.0401 146.6728
400 816  1.2266  0.1937 113.4393
432 816  1.9524  0.2604 38.7534
464 816  2.0363 -0.0680 26.1987
496 816  0.0619  0.0059 15.3144
528 816  0.0277 -0.0133  6.7798
560 816  0.1485  0.1162  9.1875
592 816  0.0374  0.0037 18.0420
624 816 -0.0074 -0.0056 10.0030
656 816 -0.0200  0.0278 12.7336
 16 848  0.0279  0.0252 18.2480
 48 848  0.0573  0.0125 14.7184
 80 848  0.0364 -0.0223 228.8437
112 848  0.0970 -0.0071 411.3781
144 848  0.2123 -0.0490 153.5773
176 848  0.1414 -0.1825 166.3724
208 848  0.3041 -0.4089 318.3680
240 848  0.1438 -0.2532 41.4593
272 848  0.2098 -0.4275 24.5773
304 848  0.2726 -0.1242 30.9693
336 848  0.6852 -0.3407 112.5478
368 848  1.5034 -0.1241 47.5426
400 848  1.8030  0.1183 72.4516
432 848  1.6680  0.0944 62.5251
464 848  2.1390 -0.0819 17.9931
496 848 -0.0312 -0.0330 16.0829
528 848  0.1046  0.0804  5.5467
560 848  0.0721  0.0728 79.2794
592 848  0.0620  0.0189 132.9513
624 848  0.0088  0.0232 40.5851
656 848 -0.0007  0.0217 28.5973
 16 880  0.0189  0.0031 14.6566
 48 880  0.0533 -0.0051 180.1100
 80 880  0.1521 -0.0779 121.7152
112 880  0.0370 -0.0240 265.6609
144 880  0.1095 -0.0364 283.1527
176 880  0.1293 -0.1968 61.9481
208 880  0.0732 -0.0812 16.2315
240 880  0.2576 -0.5431 47.7861
272 880  0.3278 -0.3050 52.2702
304 880  0.6634 -0.6338 22.8995
336 880  0.9669 -0.6075 41.3667
368 880  1.6781 -0.5626 33.5506
400 880  0.4995 -0.0550 21.7680
432 880  1.2292 -0.0032 28.4249
464 880  1.1520 -0.0680 35.1033
496 880 -0.0649 -0.0694  5.8585
528 880  0.0900  0.0253  9.3765
560 880  0.0260  0.0361 12.9718
592 880  0.0394  0.0943 57.8412
624 880 -0.0133  0.0769 78.9496
656 880 -0.0363  0.2732 93.3840
 16 912  0.0576  0.0090 24.9336
 48 912  0.0331 -0.0318 71.2197
 80 912  0.2106 -0.1143 83.5258
112 912  0.2288 -0.2208 127.2919
144 912  0.1249 -0.1417 85.8514
176 912  0.4378 -0.1684 99.9539
208 912  0.2235 -0.2246 171.9643
240 912  0.2287 -0.3022 69.1176
272 912  0.9794 -0.8222 56.5479
304 912  0.8837 -0.9008 24.2213
336 912  0.9896 -0.7002 48.3446
368 912  0.3659 -0.1156 14.0204
400 912  0.7861 -0.0344 16.2544
432 912  0.6519  0.0461 16.5279
464 912 -0.0773 -0.0622 10.1334
496 912  0.0000 -0.0000  4.0797
528 912  0.0186 -0.0137  4.8708
560 912  0.0108 -0.2074  8.6248
592 912 -0.0165 -0.2754  7.7036
624 912  0.0976 -0.1760  8.8910
656 912  0.0518 -0.0817 17.2147
 16 944  0.0689 -0.0416 38.7901
 48 944  0.1154 -0.0007 24.6579
 80 944  0.0800 -0.0925 187.2655
112 944  0.1669 -0.0682 47.5576
144 944  0.1698 -0.1180 87.2956
176 944  0.3763 -0.1012 159.0606
208 944  0.7896 -0.2691 114.3769
240 944  0.1132 -0.5728 137.4645
272 944  0.2708 -0.6376 97.1743
304 944  0.5140 -1.1825 61.0494
336 944  0.4263 -0.5525 105.9447
368 944  0.1324 -0.1709 184.5760
400 944 -0.0358  0.1175 17.9339
432 944 -0.0577 -0.0432 14.8173
464 944 -0.0846  0.0003  5.9026
496 944 -0.0007  0.0158  8.1033
528 944 -0.0355  0.0355  4.6520
656 944  0.2216 -0.3287  4.6302
 16 976  0.0833 -0.0343 62.5201
 48 976  0.0565 -0.0126 255.4607
 80 976  0.3468 -0.0474 67.4207
112 976  0.1953 -0.1214 56.4611
144 976  0.0760 -0.0487 411.3000
176 976  0.2603 -0.1837 152.7189
208 976  0.2968 -0.1765 51.3049
240 976  0.2205 -0.5973 133.4768
272 976  0.1264 -0.3217 53.5201
304 976  0.2425 -0.8769 91.6760
336 976  0.0053 -0.2761 29.0502
368 976 -0.0008 -0.0001 27.7660
400 976 -0.0428 -0.0399 11.9859
432 976  0.0377 -0.0353  7.6482
464 976 -0.0157 -0.0213 21.4969
496 976 -0.0006 -0.0050 22.4084
528 976 -0.2692 -0.0052  8.6980
 16 1008  0.0433 -0.0174 43.1783
 48 1008  0.2465 -0.0414 139.9793
 80 1008  0.0909 -0.0238 15.4873
112 1008  0.0650 -0.1187 352.2057
144 1008  0.3042 -0.0750 39.5544
176 1008  0.0912 -0.0811 141.9527
208 1008  0.1128 -0.1899 140.8141
240 1008  0.3710 -0.2363 91.6285
272 1008  0.0699 -0.3899 45.0806
304 1008  0.0335 -0.3796 16.5122
336 1008 -0.0087 -0.2291 20.7923
368 1008  0.0102 -0.0577 11.0805
400 1008 -0.0219  0.0520  8.9194
432 1008  0.0262  0.0194 17.9462
464 1008 -0.0360  0.0220 78.0646
496 1008 -0.0352 -0.0256 42.0340
528 1008 -0.0296  0.0243 11.6139
560 1008 -0.2454  0.3313  6.2317
 16 1040  0.1054 -0.0288 40.3871
 48 1040  0.0497 -0.0227 118.3879
 80 1040  0.1667 -0.0266 36.4788
112 1040  0.1917 -0.0590 124.3395
144 1040  0.1372 -0.0799 146.1527
176 1040  0.1333 -0.0499 43.3731
208 1040  0.1537 -0.4049 59.7402
240 1040  0.0890 -0.2840 199.0166
272 1040  0.0741 -0.1430 37.3661
304 1040 -0.0081 -0.6166 41.9612
336 1040 -0.0588 -0.2194 43.7594
368 1040  0.0130  0.0177 13.0663
400 1040  0.0002 -0.0006 38.8530
432 1040 -0.0315 -0.0397 35.7153
464 1040  0.0131 -0.0183 60.9542
496 1040  0.0423 -0.0034 27.7567
528 1040 -0.1050  0.2076  8.7881
560 1040 -0.1039 -0.0724 14.4353
592 1040 -0.1557  0.0172  5.5422
 16 1072  0.0329  0.0058 22.5242
 48 1072  0.0958 -0.0822 96.4452
 80 1072  0.1473 -0.0423 165.0511
112 1072  0.0421 -0.0229 100.3531
144 1072  0.0590 -0.0950 202.4909
176 1072  0.1789 -0.1461 88.5418
208 1072  0.0825 -0.1782 64.0680
240 1072  0.0398 -0.4058 106.1120
272 1072  0.0545 -0.0555 22.2959
304 1072  0.0193 -0.3294 239.5074
336 1072 -0.0642 -0.1073 158.4270
368 1072 -0.0338 -0.0633 248.8809
400 1072 -0.0058 -0.0351 257.0506
432 1072  0.0260 -0.0351 39.9228
464 1072 -0.0252 -0.0133 19.2891
496 1072 -0.0334 -0.0217 16.2996
528 1072 -0.0600  0.0422 17.9359
560 1072 -0.1097  0.0934 12.0525
592 1072  0.0120  0.1207 10.9842
624 1072 -0.0348  0.0987  5.5632
656 1072  0.0408  0.4073  6.0998
 16 1104  0.0195 -0.0374 24.5441
 48 1104  0.1010 -0.0013 44.3705
 80 1104  0.0671 -0.0375 69.3711
112 1104  0.0805 -0.0543 206.3713
144 1104  0.0272 -0.0355 102.9910
176 1104  0.0790 -0.0452 35.4231
208 1104  0.1554 -0.0933 204.7302
240 1104  0.0418 -0.3355 276.3075
272 1104 -0.0003 -0.0430 81.9229
304 1104  0.0016 -0.0704 66.6065
336 1104 -0.0057 -0.1356 162.0871
368 1104 -0.0082 -0.0970 140.7941
400 1104  0.0052 -0.0415 187.4448
432 1104  0.0130 -0.1121 100.5357
464 1104  0.0493 -0.0440 33.3263
496 1104  0.1044  0.0067 20.2253
528 1104 -0.0159 -0.0201 22.6136
560 1104  0.0161  0.3550 11.4761
592 1104  0.0073  0.0483 16.2458
624 1104 -0.0006  0.0783 14.4221
656 1104  0.1813 -0.0009 13.2340
 16 1136  0.0215 -0.0137 16.2963
 48 1136  0.1292 -0.0353 117.5492
 80 1136  0.1625 -0.0265 24.4281
112 1136  0.0908 -0.0428 45.7968
144 1136  0.0545 -0.0133 51.9481
176 1136  0.0515 -0.1358 69.3351
208 1136  0.1476 -0.1037 87.9337
240 1136  0.0422 -0.1094 259.9859
272 1136  0.0944 -0.2155 115.9919
304 1136  0.0289 -0.2141 59.7862
336 1136  0.0066 -0.0956 211.2489
368 1136  0.0403 -0.0980 271.3834
400 1136  0.0323 -0.0685 232.8639
432 1136 -0.0006 -0.1072 201.6808
464 1136  0.0213 -0.0433 24.8238
496 1136  0.0000  0.0129 15.9990
528 1136 -0.0231 -0.0110 18.7505
560 1136 -0.0251  0.0517 27.0208
592 1136 -0.1318  0.0334 12.3684
624 1136 -0.0220  0.0457 11.2745
656 1136  0.0749  0.1450 12.8700
 16 1168 -0.0005  0.0056 14.9613
 48 1168  0.0267 -0.0085 63.0878
 80 1168  0.0217 -0.0168 315.8435
112 1168  0.0392 -0.0108 18.5688
144 1168  0.0100 -0.0158 19.2392
176 1168  0.0534 -0.0475 192.7246
208 1168  0.0700 -0.1245 41.3750
240 1168  0.0894 -0.1029 126.2102
272 1168  0.0340 -0.0708 201.1830
304 1168  0.0179 -0.0391 113.3558
336 1168  0.0096 -0.0492 151.3740
368 1168  0.0325 -0.1470 34.9952
400 1168 -0.0088 -0.0982 202.6407
432 1168  0.0410 -0.0837 100.6827
464 1168  0.0518 -0.0320 75.6553
496 1168 -0.0214 -0.0199 23.8840
528 1168  0.0280  0.0044 13.5109
560 1168 -0.0261 -0.0205 11.7968
592 1168  0.0179 -0.0213 15.0319
624 1168  0.0219 -0.0122 10.0722
656 1168  0.0977  0.0354 30.6040
 16 1200  0.0449 -0.0180 18.5539
 48 1200  0.0225 -0.0039 26.5402
 80 1200  0.0739 -0.0113 57.9823
112 1200  0.1098 -0.0710 124.2140
144 1200  0.0152 -0.0336 131.0167
176 1200  0.0969 -0.1069 30.9667
208 1200  0.0925 -0.1183 228.2392
240 1200  0.0626 -0.0863 72.9663
272 1200  0.0258 -0.0766 47.9936
304 1200  0.0889 -0.0835 66.5215
336 1200  0.0350 -0.1132 83.2614
368 1200  0.0598 -0.0951 177.9816
400 1200  0.0070 -0.1614 205.9818
432 1200  0.0086 -0.0370 164.0880
464 1200  0.0111 -0.1860 88.7419
496 1200  0.0152  0.0065 22.3658
528 1200  0.0141  0.0047 17.9267
560 1200  0.0123 -0.0006 12.1766
592 1200  0.0152  0.0084 16.5269
624 1200 -0.0027 -0.0187 12.9952
656 1200 -0.0526 -0.0259 37.4693
  0   0 -0.0673 -0.0691  0.0000
  0   0 -0.0209 -0.0663  0.0000
  0   0 -0.0195  0.0142  0.0000
  0   0 -0.0817  0.0791  0.0000
  0   0 -0.0706  0.1322  0.0000
  0   0 -0.0808  0.1500  0.0000
  0   0 -0.0187  0.1444  0.0000
  0   0  0.0452  0.1275  0.0000
  0   0  0.1062  0.1287  0.0000
  0   0  0.0794  0.0827  0.0000
  0   0  0.0576  0.0652  0.0000
  0   0  0.0811  0.0342  0.0000
