VARIABLES= "X pix", "Y pix", "U pix/dt", "V pix/dt", "CHC", ZONE I=21, J=30
 16 272 -0.0133 -0.0504 18.9489
 48 272 -0.1198 -0.0694 217.8546
 80 272 -0.0330 -0.1331 295.7913
112 272 -0.0157 -0.1712 132.2308
144 272 -0.2052 -0.0309 135.7867
176 272 -0.0377 -0.0713 85.4813
208 272 -0.0280 -0.0355 386.8686
240 272 -0.0054 -0.0495 231.1681
272 272 -0.0044 -0.0288 71.3982
304 272  0.0098 -0.0186 208.6956
336 272  0.0210  0.0021 117.3949
368 272  0.0435  0.0277 103.3158
400 272  0.0523  0.0353 86.1862
432 272  0.0106  0.0230 260.7945
464 272  0.0631  0.0490 101.0391
496 272  0.0409  0.0283 156.2635
528 272  0.0228  0.0354 135.5967
560 272  0.0326  0.0406 70.1302
592 272  0.0266  0.0058 162.7894
624 272  0.0525  0.0129 226.3582
656 272  0.0122  0.0091 208.8423
 16 304 -0.0762 -0.1332 173.0816
 48 304 -0.0806 -0.1220 67.6303
 80 304 -0.0635 -0.2934 177.1161
112 304 -0.0769 -0.1885 176.9879
144 304 -0.1607 -0.0770 106.7265
176 304 -0.0161 -0.0986 93.6211
208 304 -0.0698 -0.1633 124.4427
240 304 -0.0468 -0.0465 199.8878
272 304 -0.0320 -0.0554 15.0827
304 304 -0.0089 -0.0279 229.6004
336 304  0.0273 -0.0005 343.6874
368 304  0.0212  0.0015 34.0242
400 304  0.0047  0.0358 260.8294
432 304  0.0383  0.0063 267.2178
464 304  0.0408  0.0311 301.7569
496 304  0.0129  0.0694 72.5117
528 304  0.0233  0.0411 138.3110
560 304  0.0133  0.1025 315.8268
592 304  0.0409  0.0111 145.6264
624 304  0.0490  0.0538 179.2985
656 304  0.0064 -0.0242 54.9886
 16 336 -0.0190 -0.0795 17.7635
 48 336 -0.1235 -0.0444 29.3486
 80 336 -0.1689 -0.2902 110.1985
112 336 -0.0395 -0.2280 243.0247
144 336 -0.0547 -0.0884 446.6944
176 336 -0.0832 -0.0865 194.3651
208 336 -0.0691 -0.0143 274.1446
240 336 -0.0446 -0.1264 215.5256
272 336  0.0005 -0.0482 220.9003
304 336 -0.0236 -0.0255 183.1073
336 336  0.0170 -0.0386 197.1010
368 336  0.0327  0.0038 267.5601
400 336  0.0131  0.0403 169.9288
432 336  0.0281  0.0448 108.0106
464 336  0.0526  0.0321 114.4469
496 336  0.0368  0.0072 29.2319
528 336  0.0639  0.0845 72.0559
560 336  0.0256  0.0392 151.9947
592 336  0.0385  0.0290 192.4676
624 336  0.0493  0.0035 178.8238
656 336  0.0385  0.0029 120.7221
 16 368 -0.0519 -0.0379 14.3668
 48 368 -0.0886 -0.2707 107.0687
 80 368 -0.0260 -0.1867 146.1132
112 368 -0.0549 -0.5735 85.1278
144 368 -0.0878 -0.3442 90.0466
176 368 -0.1412 -0.1509 76.2242
208 368 -0.0535 -0.1730 292.2984
240 368 -0.0940 -0.1170 306.1832
272 368 -0.0303 -0.0664 172.0639
304 368 -0.0032 -0.0759 144.3502
336 368  0.0059 -0.0162 293.7153
368 368  0.0184 -0.0152 240.9671
400 368  0.0123 -0.0021 271.2195
432 368  0.0122  0.0222 189.6960
464 368  0.0437  0.0379 60.8108
496 368 -0.0350  0.0299 161.2387
528 368  0.0693  0.0326 185.5923
560 368  0.0403  0.0028 53.0358
592 368  0.0197  0.0217 58.0780
624 368  0.0434  0.0051 273.8972
656 368  0.0599  0.0017 95.2940
 16 400 -0.0699 -0.1704 34.0542
 48 400 -0.1247 -0.1713 90.8603
 80 400 -0.1468 -0.3417 263.4750
112 400 -0.1762 -0.1698 166.3536
144 400 -0.0465 -0.2899 181.3183
176 400 -0.2115 -0.1446 169.9258
208 400 -0.0893 -0.1059 98.1130
240 400 -0.2596 -0.1050 102.7024
272 400  0.0156 -0.0483 24.1438
304 400 -0.0198 -0.0667 105.6264
336 400 -0.0335 -0.0394 83.5841
368 400 -0.0092 -0.0221 162.0481
400 400 -0.0194  0.0150 233.5260
432 400 -0.0123 -0.0010 170.6865
464 400  0.0151  0.0148 225.5098
496 400  0.0243  0.0077 23.1671
528 400  0.0201  0.0166 119.2165
560 400  0.0319  0.0057 102.5004
592 400  0.0396  0.0216 70.3406
624 400  0.0640  0.0123 142.7181
656 400  0.0411  0.0184 177.0385
 16 432 -0.6245 -0.2401 84.8579
 48 432 -0.1533 -0.6415 124.6552
 80 432 -0.1698 -0.3188 186.9706
112 432 -0.2180 -0.4105 235.3753
144 432 -0.1322 -0.2742 298.0623
176 432 -0.2229 -0.2849 237.1244
208 432 -0.0692 -0.1466 330.2596
240 432 -0.0941 -0.1292 375.6017
272 432 -0.0321 -0.0460 18.3966
304 432 -0.0260 -0.0574 149.0881
336 432 -0.0261 -0.0306 204.5987
368 432 -0.0178 -0.0233 194.0754
400 432  0.0052 -0.0190 262.0344
432 432 -0.0133 -0.0273 99.9897
464 432 -0.0047  0.0107 163.8576
496 432  0.0228  0.0107 209.9781
528 432  0.0236  0.0194 181.9497
560 432  0.0205  0.0284 79.2514
592 432 -0.0021 -0.0089 70.1218
624 432  0.0348  0.0081 206.9225
656 432  0.0529  0.0198 125.4326
 16 464 -0.3031 -0.0388 27.9970
 48 464 -0.0574 -0.0690 24.7890
 80 464 -0.1463 -0.7312 250.1195
112 464 -0.8967 -0.3074 149.9025
144 464 -0.0667 -0.1662 61.8280
176 464 -0.1963 -0.2571 295.2379
208 464 -0.1630 -0.1774 205.7749
240 464 -0.2486 -0.2025 125.4256
272 464 -0.0414 -0.1827 156.9765
304 464 -0.0941 -0.2028 275.3941
336 464 -0.0252 -0.1317 248.7017
368 464 -0.0561 -0.1263 222.3679
400 464 -0.0132 -0.0034 83.8585
432 464  0.0079  0.0135 261.7356
464 464  0.0089  0.0084 91.6691
496 464  0.0496  0.0448 205.6458
528 464  0.0237  0.0179 131.3946
560 464  0.0181  0.0231 166.2539
592 464  0.0192  0.0368 91.7236
624 464  0.0285 -0.0149 140.0459
656 464  0.0327 -0.0218 61.6842
 16 496 -0.1576 -0.1211 33.9532
 48 496 -0.1669 -0.0324 17.7544
 80 496 -0.4128 -0.5746 159.2049
112 496 -0.4869 -0.1250 58.2459
144 496 -0.0136  0.0098 10.5149
176 496 -0.5084 -0.2737 144.8717
208 496 -0.4806 -0.2419 57.0994
240 496 -0.1118 -0.2459 213.2960
272 496 -0.0469 -0.1226 60.7649
304 496 -0.0576 -0.0960 23.1548
336 496 -0.2384 -0.1250 97.2882
368 496 -0.0368 -0.0899 107.8179
400 496 -0.0514 -0.0466 106.7219
432 496 -0.0444 -0.0186 77.9932
464 496 -0.0450 -0.0087 149.9357
496 496  0.0038  0.0261 111.9494
528 496 -0.0010 -0.0242 52.7767
560 496  0.0335  0.0189 52.3604
592 496  0.0255 -0.0058 16.9798
624 496  0.0695 -0.0048 237.8419
656 496  0.0624 -0.0349 163.0691
 16 528 -0.1467 -0.0866 64.1341
 48 528 -0.3711 -0.5224 77.3253
 80 528 -0.7057 -1.1004 181.7902
112 528 -0.2971 -0.3218 35.7885
144 528 -0.4375 -0.4673 98.3423
176 528 -0.1976 -0.2896 201.2578
208 528 -0.2064 -0.3332 228.1192
240 528 -0.3218 -0.2786 269.8928
272 528 -0.2705 -0.1976 62.2014
304 528 -0.4753 -0.2051 90.7435
336 528 -0.0696 -0.0809 103.2700
368 528 -0.0541 -0.0279 22.4257
400 528 -0.1290 -0.0767 208.6065
432 528 -0.0528 -0.0380 111.4611
464 528 -0.0198 -0.0285 170.9631
496 528  0.0012  0.0074 261.8495
528 528  0.0534 -0.0236 267.1582
560 528  0.0490 -0.0007 177.4770
592 528  0.0495  0.0255 51.0074
624 528  0.0559  0.0082 112.9650
656 528  0.0494 -0.0450 178.9382
 16 560 -0.6469 -0.1487 30.8430
 48 560 -0.3894 -0.2005 133.4749
 80 560 -0.3723 -0.2032 22.0141
112 560 -0.2745 -0.2154 64.7334
144 560 -1.2996 -0.7808 195.5928
176 560 -0.2712 -0.2324 104.3114
208 560 -0.1571 -0.3229 44.5838
240 560 -0.6573 -0.4661 169.8522
272 560 -0.6111 -0.2872 45.4613
304 560 -0.2783 -0.2757 71.0086
336 560 -0.2421 -0.3120 180.0955
368 560 -0.1806 -0.1240 39.2437
400 560 -0.0934 -0.0880 160.4632
432 560 -0.0995 -0.0779 40.7239
464 560 -0.0570 -0.0065 18.1605
496 560 -0.0383 -0.0437 96.5359
528 560  0.0053 -0.0285 105.6402
560 560  0.0677  0.0464 272.9059
592 560  0.0493 -0.0063 59.1338
624 560  0.0496  0.0220 140.0385
656 560  0.0670 -0.0197 122.3186
 16 592 -0.0559 -0.0612 20.9745
 48 592 -0.1781 -0.1628 29.8956
 80 592 -0.2114 -0.7358 149.5494
112 592 -1.3348 -0.7528 92.6306
144 592 -0.6170 -0.5890 137.4863
176 592 -0.1154 -0.3091 25.4917
208 592 -0.4638 -0.4406 278.1280
240 592 -0.5481  0.0106 261.8195
272 592 -0.4418 -0.2809 33.4381
304 592 -0.2452 -0.6252 176.6380
336 592 -0.2979 -0.2915 149.5222
368 592 -0.1772 -0.2181 98.7619
400 592 -0.1154 -0.0833 75.8690
432 592 -0.1041 -0.1331 46.6802
464 592 -0.0950 -0.1375 159.2676
496 592 -0.0112 -0.0967 235.9374
528 592  0.0357 -0.0766 147.3852
560 592  0.0360 -0.0438 117.1785
592 592  0.0779 -0.0319 109.8787
624 592  0.0222 -0.0155 23.9368
656 592  0.0505  0.0395 336.1267
 16 624 -0.0351 -0.0380 26.4387
 48 624 -0.0504 -0.1522 123.8966
 80 624 -0.2284 -0.4567 184.2457
112 624 -0.3086 -0.2606 184.3364
144 624 -0.5448 -0.4032 116.9978
176 624 -0.7466 -0.4429 63.0355
208 624 -0.5105 -0.7365 81.3491
240 624 -0.2574 -0.4150 106.6084
272 624 -0.1311 -0.2945 27.9021
304 624 -0.3486 -0.3573 233.4723
336 624 -0.3004 -0.3143 137.4075
368 624 -0.2424 -0.2263 61.4774
400 624 -0.1743 -0.1857 158.7722
432 624 -0.0430 -0.0269 24.4413
464 624 -0.0156 -0.0936 51.5257
496 624  0.1140 -0.1557 198.5145
528 624  0.0370 -0.1359 152.8088
560 624  0.0795 -0.0888 210.1705
592 624  0.1571  0.0119 96.5313
624 624  0.0741  0.0581 46.1730
656 624  0.0110  0.2059 150.4898
 16 656 -0.0963 -0.1399 29.9316
 48 656 -0.6985 -0.5715 146.3263
 80 656 -0.6219 -0.1709 378.8683
112 656 -0.9335 -0.8865 58.8643
144 656 -0.7704 -0.8010 145.9213
176 656 -1.2111 -0.6673 160.4901
208 656 -0.7803 -0.7090 126.5910
240 656 -0.3474 -0.3474 79.2101
272 656 -0.5692 -0.7467 21.4111
304 656 -0.3272 -0.1828 138.2560
336 656 -0.3242 -0.3171 123.7243
368 656 -0.2299 -0.2503 88.2611
400 656 -0.0514 -0.1125 229.3523
432 656 -0.0309 -0.1398 150.2628
464 656  0.0674 -0.2177 156.8673
496 656  0.1994 -0.2582 113.7851
528 656  0.2846 -0.2602 205.7340
560 656  0.4015 -0.1891 67.2253
592 656  0.4280 -0.1228 164.4152
624 656  0.3401  0.2716 72.5206
656 656  0.0582  0.4625 83.8375
 16 688 -0.0332 -0.0078 27.0834
 48 688 -0.0610 -0.1258 316.7271
 80 688 -0.1732 -0.3380 100.8368
112 688 -0.2943 -0.1667 97.8202
144 688 -0.8413 -0.4452 233.2340
176 688 -0.0976 -0.1830 40.6343
208 688 -0.1988 -0.2732 19.8974
240 688 -0.5312 -0.6744 26.8148
272 688 -1.0772 -0.6136 84.6987
304 688 -0.1367 -0.0717 16.3224
336 688 -0.2235 -0.2166 170.5865
368 688 -0.1844 -0.4827 80.4217
400 688  0.0069 -0.3725 96.1451
432 688  0.0728 -0.3026 140.6106
464 688  0.2879 -0.4024 73.2258
496 688  0.5437 -0.6079 101.6626
528 688  1.0215 -0.4876 41.8477
560 688  0.7886 -0.1037 71.0914
592 688  0.8274 -0.0622 78.6436
624 688  0.4408  0.3401 66.8686
656 688  0.2642  0.6876 112.7466
 16 720 -0.0087 -0.0564 22.2977
 48 720 -0.0802 -0.1169 55.0480
 80 720  0.0152 -0.2508 179.9208
112 720 -0.0222 -0.2243 195.3184
144 720 -0.1087 -0.2455 272.7938
176 720 -0.6763 -0.5503 202.6789
208 720 -0.2426 -0.3954 43.7000
240 720 -1.2121 -1.0539 93.7959
272 720 -0.0842 -0.3702 24.7586
304 720 -0.2219 -0.4028 39.3391
336 720 -0.1866 -0.3333 248.8339
368 720 -0.0457 -0.4340 56.0732
400 720  0.0595 -0.4445 147.8298
432 720  0.1106 -0.1925 36.2392
464 720  0.2934 -0.7565 32.7699
496 720  0.7355 -0.6118 83.2434
528 720  1.4743 -0.8347 140.1718
560 720  1.4949 -0.1207 41.3641
592 720  1.1848  0.3766 42.8028
624 720  0.3677  0.9624 166.7124
656 720  0.1014  0.2139 50.1814
 16 752  0.0237 -0.0261 27.2089
 48 752  0.0127 -0.0520 37.0051
 80 752 -0.0216 -0.0958 58.6722
112 752 -0.0461 -0.2175 307.3452
144 752 -0.0604 -0.2098 34.4160
176 752 -0.1250 -0.2621 295.0630
208 752 -0.0686 -0.2126 330.6011
240 752 -0.2624 -0.4314 100.0956
272 752 -0.5699 -0.7995 47.7398
304 752 -0.0750 -0.3550 47.4153
336 752 -0.0747 -0.6045 85.4982
368 752 -0.0305 -0.3786 54.7150
400 752  0.2253 -0.4122 32.9752
432 752  0.2313 -0.4024 106.7927
464 752  0.4345 -0.8305 56.5313
496 752  0.4178 -1.1252 17.8611
528 752 -0.3375 -0.0986 19.7034
560 752 -0.1594 -0.6554 10.4079
592 752 -0.2643 -1.4989 14.5428
624 752  0.0605  0.4919 25.0548
656 752  0.7318  0.8761 88.7133
 16 784  0.0393 -0.0236 16.8968
 48 784  0.0257 -0.1072 58.8568
 80 784  0.0276 -0.1176 295.6253
112 784  0.0047 -0.0834 251.6584
144 784 -0.0170 -0.1824 62.8550
176 784 -0.1280 -0.2677 139.9082
208 784 -0.0237 -0.1569 25.8508
240 784 -0.1059 -0.3802 140.1622
272 784 -0.0115 -0.3029 29.0880
304 784 -0.1561 -0.5701 102.7066
336 784 -0.0433 -1.1444 123.6764
368 784  0.0284 -0.4874 97.8951
400 784  0.1017 -0.4719 96.7325
432 784  0.2879 -0.7732 203.6020
464 784  0.1659 -0.7869 23.9118
496 784 -0.2077 -0.3017 25.7761
528 784 -0.3108 -0.4192  9.1282
560 784 -0.4696 -0.6137  7.1985
592 784 -0.3928 -0.4472 10.8616
624 784  0.0238  0.2200 27.6660
656 784  0.6252  0.1966 184.8338
 16 816 -0.0108  0.0106 17.6896
 48 816  0.0311 -0.0424 33.1327
 80 816  0.0391 -0.0883 260.5388
112 816  0.0103 -0.1540 34.3540
144 816  0.0175 -0.1945 190.6924
176 816 -0.0075 -0.2071 279.4688
208 816 -0.0287 -0.2341 43.9575
240 816 -0.0393 -0.3358 73.0693
272 816 -0.0529 -0.5528 228.4282
304 816 -0.0610 -0.5313 64.5143
336 816 -0.0077 -0.5308 107.3454
368 816  0.1046 -1.1304 262.3246
400 816  0.2054 -0.6229 74.7957
432 816  0.2224 -0.5972 66.4513
464 816  0.0346 -0.0545 21.2361
496 816 -0.5579  0.2072 16.3942
528 816 -1.7225 -0.1649  7.3514
560 816 -0.0828 -0.1484 39.1682
592 816 -0.2212  0.0578 27.6805
624 816  0.0217  0.0744 140.4180
656 816  0.1592  0.0456 24.9533
 16 848 -0.0073  0.0037 17.3506
 48 848  0.0723  0.0073 20.2170
 80 848  0.0993 -0.0093 294.3574
112 848  0.0796 -0.0332 43.2114
144 848  0.0513 -0.1097 68.1058
176 848  0.0280 -0.0963 188.0159
208 848  0.0033 -0.2875 67.8598
240 848  0.0103 -0.3606 209.1913
272 848 -0.1303 -0.5424 25.2795
304 848 -0.1076 -0.9192 103.8520
336 848 -0.0287 -0.7847 247.9139
368 848  0.0400 -1.0177 28.1447
400 848  0.0551 -0.8578 103.1984
432 848  0.0602 -0.8162 50.7811
464 848 -0.0056 -0.3492 13.3710
496 848 -0.4056 -0.2709 10.8358
528 848 -0.4775 -0.3281  9.1881
560 848 -0.1818 -0.3120 17.4369
592 848 -0.0451 -0.0070 52.5329
624 848  0.1022 -0.1892 44.2817
656 848  0.0511 -0.0085 38.0361
 16 880  0.0214 -0.0493 25.7317
 48 880  0.0685 -0.0675 246.2653
 80 880  0.1739 -0.0529 64.2168
112 880  0.1606 -0.1215 181.8970
144 880  0.0658 -0.2341 87.8669
176 880  0.0277 -0.1918 256.6909
208 880  0.0164 -0.0835 178.2011
240 880 -0.0494 -0.3474 53.7549
272 880 -0.0262 -0.2881 148.1440
304 880 -0.0488 -0.3922 117.8690
336 880 -0.0517 -0.8035 83.2332
368 880 -0.0366 -0.9107 104.0244
400 880  0.1274 -0.8388 37.9252
432 880 -0.0427 -0.0908 13.2881
464 880 -0.0872 -0.0624 15.7033
496 880 -0.3529 -0.4378  6.4383
528 880 -0.0232 -0.0310 17.5667
560 880 -0.0597 -0.0118 19.8209
592 880  0.0129 -0.0313  8.6035
624 880  0.0133 -0.0958 27.8370
656 880  0.1018 -0.0274 13.5416
 16 912  0.0506 -0.0012 109.0646
 48 912  0.1467 -0.0155 82.9818
 80 912  0.2545 -0.0428 19.9860
112 912  0.0868 -0.0843 179.7155
144 912  0.1644 -0.1028 95.5519
176 912  0.1909 -0.1226 180.6680
208 912 -0.0025 -0.1472 249.5632
240 912 -0.0228 -0.2165 69.6481
272 912 -0.0626 -0.0451 52.4549
304 912 -0.2458 -0.3123 170.8202
336 912 -0.3255 -1.1687 158.6280
368 912 -0.0138 -0.2431 21.2818
400 912  0.0119 -0.2236 11.4115
432 912 -0.0453 -0.4295 11.5269
464 912 -0.1534 -0.2313  5.8454
528 912  0.0325 -0.0246  5.4180
560 912 -0.0162 -0.0345  7.5016
592 912  0.0723 -0.0322  4.4339
624 912  0.0433 -0.0533  8.9507
656 912 -0.0754 -0.0726  8.7962
 16 944  0.0059 -0.3092 42.3752
 48 944  0.1517 -0.0094 31.3752
 80 944  0.0743 -0.0314 290.4890
112 944  0.0576 -0.0308 267.5843
144 944  0.0654 -0.0188 404.7159
176 944  0.0876 -0.1369 133.9235
208 944  0.0320 -0.1207 140.4004
240 944 -0.0222 -0.1176 267.1816
272 944 -0.0771 -0.0262 204.6384
304 944 -0.3275 -0.2131 87.0242
336 944 -0.7411 -0.0684 31.7015
368 944  0.0294 -0.2051 16.6993
400 944 -0.2659 -0.6915 10.2277
432 944 -0.3585 -0.3987  6.1970
464 944 -0.0476 -0.0382  4.5817
496 944  0.0072 -0.0253  6.4638
528 944 -0.0076  0.0081  4.1166
624 944  0.1382 -0.0918  5.3066
656 944 -0.1333 -0.0215  5.4695
 16 976  0.0616 -0.0256 58.0227
 48 976  0.0485  0.0001 75.8903
 80 976  0.1402 -0.0261 106.5937
112 976  0.0363 -0.0551 48.7287
144 976  0.1130 -0.0245 215.9918
176 976  0.1832 -0.0091 100.8689
208 976  0.0521 -0.0421 114.2856
240 976 -0.0189 -0.0226 122.7152
272 976 -0.0836  0.1525 63.7267
304 976 -0.8559  0.5020 147.3329
336 976 -0.3600  0.1139 11.5294
368 976 -0.0511 -0.4343 10.5100
400 976  0.0091 -1.0613  7.9873
432 976 -0.3415 -0.3791 12.5207
464 976 -0.0906 -0.1076 46.7292
496 976 -0.0353 -0.0335  9.0235
528 976 -0.0141 -0.0309  5.0936
 16 1008  0.0054 -0.0290 20.9774
 48 1008  0.2268  0.0016 70.4005
 80 1008  0.0891  0.0152 290.8774
112 1008  0.0738 -0.0182 162.9614
144 1008  0.0782 -0.0091 51.4154
176 1008  0.1192 -0.0329 154.6542
208 1008  0.0175 -0.0047 16.6635
240 1008  0.0466  0.0260 54.4405
272 1008  0.0334  0.1708 175.2830
304 1008  0.0038  0.4863 26.7474
336 1008 -0.0449  0.2125 12.9951
368 1008 -0.1962 -0.1631 32.5205
400 1008 -0.7866 -1.1554 43.3010
432 1008 -0.1914 -0.1082 17.3248
464 1008 -0.3256 -0.6114 15.5608
496 1008  0.0134 -0.0176 23.9360
528 1008 -0.0534 -0.0016 13.6508
560 1008 -0.0484  0.0987  7.1794
592 1008 -0.0338  0.0623  4.1207
 16 1040  0.0393  0.0177 236.2446
 48 1040  0.2347  0.0333 61.7148
 80 1040  0.0977 -0.0133 230.6103
112 1040  0.0981 -0.0122 119.8394
144 1040  0.1325 -0.0155 84.6386
176 1040  0.1242  0.0409 61.6352
208 1040  0.0422 -0.0082 28.6091
240 1040  0.1955 -0.0002 26.5908
272 1040  0.0576  0.0354 30.1421
304 1040  0.5931  0.4059 43.2522
336 1040  1.0074  0.2032 119.0967
368 1040  1.0370 -0.0886 168.0812
400 1040  0.3959 -0.7593 72.6868
432 1040 -0.0639 -0.3880 13.9438
464 1040 -0.0777 -0.7860 140.9032
496 1040 -0.0355 -0.0408 17.5404
528 1040 -0.0261 -0.0021 11.5683
560 1040  0.0052 -0.0230 13.7407
592 1040 -0.1462 -0.0338  7.3492
 16 1072  0.1392  0.0002 49.7224
 48 1072  0.1031 -0.0118 68.4208
 80 1072  0.0848 -0.0107 160.5575
112 1072  0.0097  0.0321 12.1048
144 1072  0.0457 -0.0011 85.5944
176 1072  0.1900 -0.0003 94.4033
208 1072  0.3257 -0.0202 25.5606
240 1072  0.2985  0.0374 40.8728
272 1072  0.0385 -0.0279 24.8913
304 1072  0.6277  0.0104 172.7092
336 1072  0.5882 -0.0814 75.1124
368 1072  0.9243 -0.0468 208.3849
400 1072  0.1017 -0.3226 36.9039
432 1072 -0.0020 -0.4924 26.9485
464 1072 -0.0059 -0.0214  9.1918
496 1072 -0.0142 -0.0612 14.7471
528 1072 -0.0128 -0.0402 11.3028
560 1072 -0.0691 -0.0024  9.8619
592 1072  0.0258  0.0726 11.4348
624 1072 -0.0601  0.1345  7.2985
656 1072  0.0518  0.1252  5.9703
 16 1104  0.0133  0.0109 21.7739
 48 1104  0.0245 -0.0305 30.1317
 80 1104  0.1366 -0.0079 195.2585
112 1104  0.1109 -0.0133 88.8053
144 1104  0.0954  0.0199 33.5049
176 1104  0.0549 -0.0078 167.5609
208 1104  0.3701 -0.1675 86.2642
240 1104  0.4036 -0.0217 78.1954
272 1104  0.0669 -0.0652 53.3310
304 1104  0.2467 -0.0826 83.1605
336 1104  0.5146 -0.2523 108.6553
368 1104  0.2152 -0.3610 110.3351
400 1104  0.1310 -0.2660 117.2936
432 1104  0.0187 -0.0455 25.3025
464 1104  0.0007 -0.0003 19.8132
496 1104  0.0112  0.0040 14.5079
528 1104  0.0282  0.0077 12.0300
560 1104 -0.0072 -0.0202 13.1675
592 1104 -0.0013 -0.0008 10.8214
624 1104 -0.0091 -0.0116 11.3537
656 1104 -0.0391 -0.0076 10.0692
 16 1136  0.0717 -0.0050 22.2411
 48 1136  0.0127  0.0074 13.9334
 80 1136  0.0611  0.0238 53.6791
112 1136  0.0915 -0.0201 149.1751
144 1136  0.0309  0.0147 13.7253
176 1136  0.1162 -0.0254 108.8664
208 1136  0.1056 -0.0325 86.1754
240 1136  0.1184 -0.0987 61.0300
272 1136  0.0997 -0.0256 18.4056
304 1136  0.1032 -0.0537 194.5676
336 1136  0.3626 -0.1573 97.1633
368 1136  0.2189 -0.2878 99.8417
400 1136  0.1406 -0.0993 24.2604
432 1136  0.0839 -0.1356 20.4355
464 1136  0.0777 -0.1244 41.6660
496 1136  0.0485 -0.3058 93.2928
528 1136 -0.0063 -0.0186 16.5487
560 1136  0.0026  0.0058 10.9298
592 1136 -0.0526  0.0016 13.0238
624 1136  0.0124 -0.0145 14.2628
656 1136 -0.0056  0.0211 17.9895
 16 1168 -0.0149 -0.0256 24.5111
 48 1168  0.2059 -0.0131 17.9608
 80 1168  0.1757  0.0551 25.9979
112 1168  0.0646 -0.0303 20.1557
144 1168  0.1725 -0.0074 38.3943
176 1168  0.1255 -0.0235 92.4404
208 1168  0.1023 -0.0648 225.1846
240 1168  0.1183 -0.1823 97.5788
272 1168  0.1662 -0.0761 46.3301
304 1168  0.1196 -0.1205 82.9954
336 1168  0.2509 -0.3181 299.2960
368 1168  0.0934 -0.2539 148.3296
400 1168  0.1849 -0.3219 99.8587
432 1168  0.1079 -0.1971 28.1138
464 1168  0.1376 -0.1694 132.9223
496 1168  0.0257 -0.0365 16.7734
528 1168  0.0280 -0.0085 19.9083
560 1168 -0.0089 -0.0236 12.8190
592 1168  0.0563 -0.0305 11.1839
624 1168  0.0113 -0.0066 14.3284
656 1168  0.0162 -0.0257 12.7184
 16 1200  0.0034 -0.0011 14.1444
 48 1200  0.0130  0.0027 17.3944
 80 1200  0.1010 -0.0093 219.3678
112 1200  0.1140  0.0180 110.5183
144 1200  0.1705 -0.0580 55.1957
176 1200  0.2350 -0.0254 213.7088
208 1200  0.0797 -0.0357 82.5670
240 1200  0.2408 -0.0580 148.9230
272 1200  0.0986 -0.0418 129.7174
304 1200  0.1586 -0.0565 50.9015
336 1200  0.1258 -0.1410 214.3304
368 1200  0.1075 -0.1230 220.8150
400 1200  0.2513 -0.0916 58.7335
432 1200  0.0348 -0.1815 37.3737
464 1200 -0.0004 -0.0108 17.5597
496 1200  0.0344 -0.0453 20.9773
528 1200 -0.0154  0.0140 20.2416
560 1200  0.0072  0.0148 14.5733
592 1200 -0.0005  0.0023 13.5620
624 1200 -0.0005  0.0355 18.6090
656 1200  0.0214 -0.0732 26.3899
  0   0  0.1549 -0.3371  0.0000
  0   0  0.1703 -0.3741  0.0000
  0   0  0.1300 -0.2817  0.0000
  0   0  0.0045 -0.0944  0.0000
  0   0 -0.0655  0.0156  0.0000
  0   0 -0.1119  0.0354  0.0000
  0   0 -0.1245  0.0610  0.0000
  0   0 -0.2009  0.1234  0.0000
  0   0 -0.1951  0.1544  0.0000
  0   0 -0.1496  0.1497  0.0000
  0   0 -0.0810  0.1430  0.0000
