VARIABLES= "X pix", "Y pix", "U pix/dt", "V pix/dt", "CHC", ZONE I=21, J=30
 16 272 -0.1277 -0.0874 27.4061
 48 272 -0.1334 -0.1094 266.4113
 80 272 -0.2288 -0.1239 189.0415
112 272 -0.3224 -0.0751 208.3344
144 272 -0.0696 -0.0614 283.4010
176 272 -0.0728 -0.1473 144.2702
208 272 -0.1575 -0.0582 51.2341
240 272 -0.0298 -0.0218 98.1679
272 272 -0.0576 -0.0153 51.2511
304 272 -0.0289 -0.0271 126.3721
336 272 -0.0605 -0.0102 96.9033
368 272 -0.0337  0.0102 177.1056
400 272 -0.0629  0.0334 255.1421
432 272  0.0333  0.0765 192.7198
464 272 -0.0004  0.0617 45.0117
496 272 -0.0117  0.1055 122.4100
528 272 -0.0582  0.0396 170.1247
560 272 -0.0345  0.0334 17.6714
592 272 -0.0304  0.0540 174.5148
624 272 -0.0248  0.0446 113.5725
656 272 -0.0582  0.0377 165.9959
 16 304 -0.1353 -0.2904 112.0814
 48 304 -0.2144 -0.0502 92.3610
 80 304 -0.1450 -0.1496 158.5844
112 304 -0.1840 -0.3435 188.4605
144 304 -0.1079 -0.1420 70.2321
176 304 -0.0810 -0.0742 250.7897
208 304 -0.0872 -0.1127 363.6225
240 304 -0.0980 -0.0448 106.3857
272 304 -0.0771 -0.0292 141.8034
304 304 -0.0935 -0.0505 171.2626
336 304 -0.0390 -0.0250 99.5616
368 304 -0.0477  0.0137 107.6329
400 304 -0.0369  0.0151 59.1849
432 304  0.0018  0.0248 60.1805
464 304 -0.1056  0.0883 150.3705
496 304 -0.0494  0.0708 131.9786
528 304  0.0169  0.0979 154.1500
560 304 -0.0130  0.1010 204.0930
592 304 -0.0089  0.0470 184.4327
624 304 -0.0091  0.0574 343.7325
656 304 -0.0215  0.0445 84.8308
 16 336 -0.3165 -0.2446 81.1530
 48 336 -0.0183 -0.1006 12.0406
 80 336 -0.2605 -0.1710 230.5558
112 336 -0.1685 -0.2410 149.3853
144 336 -0.2204 -0.1115 251.9284
176 336 -0.3389 -0.1612 258.6239
208 336 -0.1292 -0.0377 32.5223
240 336 -0.2130 -0.1070 152.1894
272 336 -0.1872 -0.0188 31.8189
304 336 -0.0697 -0.0989 147.8767
336 336 -0.0558 -0.0179 275.6277
368 336 -0.0356 -0.0018 165.3387
400 336 -0.0355  0.0214 71.2762
432 336 -0.0289  0.0421 170.1661
464 336 -0.0019  0.0432 210.3382
496 336  0.0530  0.0297 97.2108
528 336  0.0154  0.0643 172.8050
560 336 -0.0630  0.0429 171.2069
592 336 -0.0188  0.0405 250.4240
624 336 -0.0275  0.0646 125.4120
656 336 -0.0287  0.0616 103.1217
 16 368 -0.0933 -0.1142 26.9102
 48 368 -0.2046 -0.2466 250.3741
 80 368 -0.1223 -0.3576 146.0628
112 368 -0.3962 -0.1091 34.5380
144 368 -0.0854 -0.5323 37.4230
176 368 -0.1921 -0.4249 80.0416
208 368 -0.3801 -0.1602 108.0898
240 368 -0.1808 -0.2449 137.5068
272 368 -0.0849 -0.0545 90.9924
304 368 -0.1060 -0.0443 420.1831
336 368 -0.0896 -0.0470 378.5324
368 368 -0.0463 -0.0273 220.7002
400 368 -0.0258  0.0016 305.8454
432 368 -0.0165  0.0346 187.1565
464 368 -0.0142  0.0951 83.5079
496 368 -0.0972  0.0459 368.7260
528 368 -0.0291  0.0845 110.4773
560 368 -0.0249  0.0672 59.4846
592 368 -0.0669  0.0461 168.5990
624 368 -0.0073  0.0452 202.6774
656 368 -0.0366 -0.0084 127.1887
 16 400 -0.1124 -0.0356 105.1259
 48 400 -0.3388 -0.1783 148.6688
 80 400 -0.7210 -0.2234 205.3161
112 400 -0.0830 -0.2021 158.9061
144 400 -0.2161 -0.1645 52.6931
176 400 -0.3609 -0.4016 145.8974
208 400 -0.1479 -0.4404 111.3286
240 400 -0.1445 -0.2297 213.6369
272 400 -0.1091 -0.1392 144.2024
304 400 -0.0856 -0.1559 238.1728
336 400 -0.1165 -0.1109 97.2409
368 400 -0.0624  0.0019 53.2080
400 400 -0.0488  0.0724 26.3981
432 400 -0.0295  0.0143 228.3765
464 400 -0.0409  0.0690 187.0340
496 400 -0.0056  0.0264 28.1769
528 400 -0.0165  0.0659 148.6147
560 400 -0.0150  0.0382 196.6679
592 400 -0.0344  0.1232 155.4850
624 400 -0.0123  0.0343 147.4879
656 400 -0.0289  0.0379 170.2446
 16 432 -0.8508 -0.1422 153.4117
 48 432 -0.4408 -0.2401 99.3703
 80 432 -0.2145 -0.4014 217.4673
112 432 -0.3016 -0.0907 87.8482
144 432 -0.3125 -0.1755 219.6608
176 432 -0.4435 -0.3111 123.5082
208 432 -0.3053 -0.2512 50.5575
240 432 -0.1645 -0.0629 286.9660
272 432 -0.1788 -0.1603 182.3276
304 432 -0.0796 -0.0448 45.4038
336 432 -0.1326 -0.1367 213.9832
368 432 -0.1406 -0.0398 193.5551
400 432 -0.0557  0.0300 191.7911
432 432 -0.1416  0.0340 111.4510
464 432 -0.0447  0.0081 149.6853
496 432 -0.0419  0.0580 152.1662
528 432 -0.0294  0.0623 110.6887
560 432 -0.0294  0.0364 100.0984
592 432 -0.0368  0.0796 92.5853
624 432  0.0053  0.0336 136.8841
656 432 -0.0159  0.0199 112.3925
 16 464 -1.3391 -1.0963 102.1988
 48 464 -0.2996 -0.4337 133.7588
 80 464 -0.7842 -0.3171 173.8478
112 464 -0.3691 -0.2754 154.3069
144 464 -0.5635 -0.2866 121.4307
176 464 -0.4529 -0.1739 148.1531
208 464 -0.5120 -0.2968 97.8285
240 464 -0.3082 -0.3898 191.2641
272 464 -0.0689 -0.0234 41.2756
304 464 -0.1686 -0.2129 127.8532
336 464 -0.1675 -0.1454 156.6512
368 464 -0.1168 -0.0347 310.3829
400 464 -0.0369 -0.0255 71.9409
432 464 -0.0474  0.0001 52.9460
464 464 -0.0517  0.0327 83.0710
496 464  0.0007  0.0091 129.5283
528 464 -0.0187  0.0662 130.1432
560 464 -0.0081  0.0198 169.8744
592 464 -0.0118  0.0649 142.3743
624 464 -0.0003 -0.0179 113.1856
656 464  0.0019 -0.0158 206.6872
 16 496 -0.6456 -0.1507 56.0737
 48 496 -0.0702 -0.0815 18.1835
 80 496 -0.7633 -0.4472 154.1872
112 496 -0.4132 -0.2720 105.8505
144 496 -0.7733 -0.3718 245.3846
176 496 -0.2833 -0.4310 117.2222
208 496 -0.2865 -0.3679 52.1729
240 496 -0.3676 -0.3760 46.8329
272 496 -0.3254 -0.3337 169.9256
304 496 -0.0989 -0.2073 68.0031
336 496 -0.1702 -0.1806 275.6733
368 496 -0.1578 -0.0650 50.8838
400 496 -0.0650 -0.0505 23.0877
432 496 -0.0850 -0.0083 147.2197
464 496 -0.0582  0.0191 261.3452
496 496 -0.0385 -0.0079 134.6874
528 496 -0.0391  0.0325 108.2823
560 496 -0.0385  0.0380 117.9102
592 496  0.0238  0.0286 25.6847
624 496  0.0225  0.0325 89.2429
656 496  0.0177  0.0295 152.2310
 16 528 -0.1523 -0.1145 26.6976
 48 528 -0.5651 -0.5160 43.1287
 80 528 -0.8565 -0.7788 246.5885
112 528 -1.2159 -0.6110 25.5915
144 528 -0.1453 -0.2132 12.8546
176 528 -0.7538 -0.6316 160.0913
208 528 -0.3392 -0.3430 160.5639
240 528 -0.5834 -0.5535 105.4612
272 528 -0.2854 -0.4872 80.8429
304 528 -0.2651 -0.1796 345.8791
336 528 -0.0605 -0.1308 38.8410
368 528 -0.0664 -0.0412 144.9443
400 528 -0.1209 -0.0589 249.3869
432 528 -0.0546  0.0263 74.7703
464 528 -0.0742 -0.0216 155.5390
496 528 -0.1061  0.1554 72.2042
528 528 -0.0665  0.0389 185.4981
560 528 -0.0286  0.0098 155.2721
592 528  0.0082 -0.0043 183.0524
624 528  0.0209 -0.0074 63.6824
656 528  0.0092 -0.0393 135.4110
 16 560 -0.6928 -0.2394 62.4178
 48 560 -0.6170 -0.5007 218.8888
 80 560 -0.7951 -0.2843 65.1756
112 560 -0.7649 -0.4325 39.9654
144 560 -0.8902 -0.7212 34.9162
176 560 -1.4505 -0.9116 31.0105
208 560 -0.6582 -1.1442 214.5278
240 560 -0.8863 -0.6197 96.2733
272 560 -0.3155 -0.2534 99.4848
304 560 -0.2354 -0.3084 80.6602
336 560 -0.3044 -0.2705 236.3970
368 560 -0.1644 -0.1027 69.1612
400 560 -0.0766 -0.0532 20.1385
432 560 -0.1247  0.0048 35.1728
464 560 -0.1649  0.0336 213.0468
496 560 -0.0979  0.0073 59.8159
528 560 -0.0720  0.0115 168.8347
560 560 -0.0549 -0.0134 150.4597
592 560  0.0017 -0.0373 202.8614
624 560  0.0526 -0.0383 144.0273
656 560  0.0566 -0.0161 87.8465
 16 592 -0.2081 -0.0864 63.0778
 48 592 -1.3061 -0.7763 219.9003
 80 592 -0.9437 -0.6553 46.6632
112 592 -0.9234 -0.5159 121.1087
144 592 -0.8574 -0.8311 163.6905
176 592 -0.8442 -1.1086 109.2744
208 592 -0.4356 -0.7057 24.4291
240 592 -0.6304 -0.8788 75.5523
272 592 -0.2045 -0.1386 21.7820
304 592 -0.2376 -0.9422 114.0036
336 592 -0.5558 -0.2496 165.4545
368 592 -0.3467 -0.2433 128.0316
400 592 -0.3097 -0.1122 163.0578
432 592 -0.3548 -0.0501 96.5336
464 592 -0.1839  0.0044 174.2578
496 592 -0.2978  0.0218 148.0368
528 592 -0.1007 -0.0960 117.2162
560 592 -0.0273 -0.0744 134.4290
592 592  0.0580 -0.0848 99.6546
624 592  0.0781 -0.0526 92.3267
656 592  0.0727 -0.1782 183.2944
 16 624 -0.2577 -0.0691 64.4573
 48 624 -0.6577 -0.2617 42.1118
 80 624 -0.4555 -0.1854 88.9678
112 624 -1.3684 -0.4703 167.5896
144 624 -0.9522 -1.3910 188.7357
176 624 -1.0688 -0.8678 97.9191
208 624 -0.9266 -1.0827 149.3386
240 624 -0.9622 -0.8345 32.5149
272 624 -0.7727 -1.3189 57.7333
304 624 -0.8713 -0.7792 101.5040
336 624 -0.7418 -0.5970 143.2560
368 624 -0.7725 -0.2443 94.2649
400 624 -0.6464 -0.0848 115.7031
432 624 -0.4834 -0.0282 214.5168
464 624 -0.6009  0.0287 48.8931
496 624 -0.5366 -0.0358 125.5567
528 624 -0.2691 -0.0901 167.4398
560 624 -0.1268 -0.1816 81.7085
592 624 -0.0111 -0.2284 116.5632
624 624  0.0484 -0.1791 53.3653
656 624  0.2833 -0.2239 324.5618
 16 656 -0.0517 -0.0096 13.3340
 48 656 -0.7271 -0.4431 58.2603
 80 656 -1.1035 -0.5725 173.9972
112 656 -0.8809 -0.3235 48.1398
144 656 -1.0053 -0.7359 50.5592
176 656 -1.3172 -0.7411 172.8340
208 656 -1.0836 -0.8948 63.0764
240 656 -1.3950 -0.9279 63.1603
272 656 -1.2247 -0.7435 81.4405
304 656 -0.8476 -0.3529 45.9355
336 656 -0.8293 -0.3193 113.2046
368 656 -0.8644 -0.2297 94.5147
400 656 -0.9950 -0.0686 141.0493
432 656 -0.9180  0.0512 193.1834
464 656 -0.8388  0.0805 86.2630
496 656 -0.8798 -0.0573 203.3750
528 656 -0.7548 -0.3346 88.5127
560 656 -0.2720 -0.3995 46.0746
592 656 -0.0314 -0.5167 133.3549
624 656  0.0521 -0.3780 134.7101
656 656  0.1217 -0.3451 147.6840
 16 688 -0.3421 -0.0624 33.0341
 48 688 -0.2517 -0.1198 209.3976
 80 688 -0.2590 -0.2280 239.4374
112 688 -0.1625 -0.1921 30.6143
144 688 -0.7691 -0.6987 214.8656
176 688 -1.0325 -0.8104 246.0729
208 688 -1.5342 -0.9438 224.2259
240 688 -1.2731 -0.9787 120.5344
272 688 -1.3361 -0.9531 59.6487
304 688 -0.9807 -0.6371 31.3962
336 688 -0.1039 -0.2406 30.6822
368 688 -0.7612 -0.2589 103.2136
400 688 -0.8615  0.1498 96.5334
432 688 -0.8931  0.2708 76.7753
464 688 -0.9810  0.0016 84.8267
496 688 -0.8220 -0.2249 179.4867
528 688  0.2753  0.0527 46.5914
560 688 -0.3775 -1.3313 103.9823
592 688 -0.1611 -0.6183 251.8133
624 688 -0.0139 -0.3245 63.5840
656 688  0.1393 -0.5000 51.7019
 16 720 -0.1056 -0.0383 32.0339
 48 720 -0.0779 -0.0785 44.6854
 80 720 -0.2029 -0.1279 346.7496
112 720 -0.2515 -0.1000 110.6049
144 720 -0.2053 -0.1742 211.7250
176 720 -0.8096 -0.8248 176.6863
208 720 -1.2421 -0.9178 90.3000
240 720 -0.9420 -0.9005 28.4831
272 720 -0.4590 -0.2297 24.1345
304 720 -0.9867 -0.6187 163.1819
336 720 -0.8779 -0.2689 128.9786
368 720 -0.1794  0.1961 64.3477
400 720 -0.2175  0.3890 62.5097
432 720 -0.2554  0.6761 177.8403
464 720 -0.3656 -0.1965 215.9831
496 720 -0.2413 -0.8648 28.2869
528 720  0.2734 -0.0543 11.8774
560 720  0.2171 -0.1320 11.4382
592 720 -0.1597 -0.7733 75.0272
624 720 -0.3765  0.0582 30.7600
656 720 -0.0763 -0.0482 100.8417
 16 752 -0.0075  0.0027 20.7715
 48 752 -0.0510 -0.0204 298.6977
 80 752 -0.0834 -0.0505 144.2630
112 752 -0.1799 -0.1229 172.4335
144 752 -0.5890 -0.2775 102.4938
176 752 -0.3412 -0.4638 122.4468
208 752 -0.2868 -0.3751 172.0462
240 752 -1.0447 -0.8929 96.8852
272 752 -1.4081 -0.6663 212.3941
304 752 -0.5611 -0.3818 38.6182
336 752 -0.6442 -0.2875 155.2300
368 752  0.0540  0.4863 108.6436
400 752  0.3713  0.7323 146.2003
432 752  0.3562  0.3312 72.0452
464 752  1.1175  0.1820 119.2886
496 752  0.8150 -2.2085 132.4460
528 752  0.2355 -0.1314  9.1510
560 752  1.1691  0.2006  8.8242
592 752 -0.1398 -0.5386 58.5998
624 752 -0.6167  0.0692 10.0595
656 752 -0.0967 -0.0818 13.9432
 16 784 -0.0487  0.0162 27.1989
 48 784  0.0069 -0.0880 218.7284
 80 784 -0.0295 -0.0296 292.7755
112 784 -0.0396 -0.1096 268.1726
144 784 -0.0803 -0.0506 84.4418
176 784 -0.1273 -0.2465 134.3758
208 784 -0.1494 -0.4914 71.1776
240 784 -0.2725 -0.4322 116.2049
272 784 -0.7434 -1.1170 126.4729
304 784 -0.1641 -0.1438 119.9873
336 784 -0.2293 -0.0869 171.6900
368 784  0.4607  0.2056 89.8645
400 784  0.9368  0.3775 296.0863
432 784  2.0800  0.6300 61.0411
464 784  2.3774 -0.3168 63.1050
496 784  0.9520 -0.4811 20.4002
528 784  0.8621 -0.0618 13.7160
560 784  0.4718  0.1109  9.1724
592 784 -0.0398  0.1333 13.2728
624 784 -0.0266  0.0057 26.6171
656 784 -0.0898  0.0993  9.2800
 16 816  0.0183 -0.0074 30.8837
 48 816  0.0143 -0.0084 182.1627
 80 816  0.0319 -0.0101 159.5265
112 816  0.0114 -0.0703 135.2440
144 816  0.0185 -0.0827 67.1106
176 816  0.0896 -0.3151 75.3013
208 816 -0.0386 -0.2924 84.9188
240 816 -0.0705 -0.1909 59.7951
272 816 -0.0956 -0.4282 51.4648
304 816 -0.0860 -0.5030 269.5315
336 816  0.5429 -0.1062 39.9284
368 816  0.9717  0.1962 54.8610
400 816  2.0913  0.6119 140.8893
432 816  0.8067  0.2760 65.8542
464 816  0.1168  0.0354 64.3852
496 816  0.0303  0.0044 13.6505
528 816  0.4098 -0.0169  8.2606
560 816  0.1894  0.2249 22.3602
592 816  0.0701  0.0086 73.6853
624 816 -0.0219  0.0349 12.2746
656 816 -0.0288  0.0577 21.8766
 16 848  0.0255 -0.0374 18.7040
 48 848  0.0480  0.0067 45.4420
 80 848  0.0354 -0.0133 162.4333
112 848  0.1027 -0.0327 38.4387
144 848  0.1126 -0.2245 69.3028
176 848  0.1500 -0.0968 100.2914
208 848  0.1001 -0.1256 134.6501
240 848  0.1513 -0.4938 192.9077
272 848  0.2092 -0.4423 17.0177
304 848  0.4396 -0.1054 23.4231
336 848  1.0895 -0.2701 27.7934
368 848  1.4376 -0.0467 85.3437
400 848  1.8706  0.4668 83.5510
432 848  2.9634  0.7929 58.8447
464 848  0.0568  0.1208 16.3048
496 848  0.1261 -0.0484 10.4993
528 848  0.1728  0.1085  6.4764
560 848  0.0867  0.1333 83.2515
592 848  0.0822  0.2236 100.8726
624 848 -0.0005  0.1461 51.9527
656 848 -0.0135  0.0232 26.8826
 16 880 -0.0142 -0.0103 15.6213
 48 880  0.1168 -0.0101 23.5116
 80 880  0.1102 -0.0507 171.0025
112 880  0.0921 -0.0576 55.6039
144 880  0.1447 -0.1318 169.3118
176 880  0.1994 -0.2183 117.3001
208 880  0.1359 -0.3016 228.0574
240 880  0.5593 -0.4334 102.5168
272 880  0.7982 -0.8421 121.1162
304 880  1.1057 -0.7139 92.8236
336 880  1.3741 -0.6347 177.7704
368 880  2.2369 -0.1743 122.0730
400 880  2.1268  0.3056 111.2345
432 880  1.5927  0.4790 21.0365
464 880  0.0123 -0.0102 22.1389
496 880 -0.1362 -0.1591  5.8739
528 880  0.0906  0.0483 13.0059
560 880  0.0574  0.1308 38.7885
592 880 -0.0229  0.1466 41.2585
624 880  0.0003  0.1309 123.9077
656 880 -0.0410  0.0996 78.4840
 16 912  0.0267 -0.0163 274.0741
 48 912 -0.0214 -0.0296 15.0245
 80 912  0.0533 -0.0236 325.2836
112 912  0.0526 -0.0920 134.6261
144 912  0.0401 -0.0376 336.3684
176 912  0.2309 -0.2306 157.6402
208 912  0.3357 -0.2156 57.4458
240 912  0.5978 -0.6684 21.2523
272 912  0.7384 -0.8823 82.5064
304 912  0.4080 -0.4222 34.7587
336 912  0.6904 -0.1405 33.3011
368 912  1.5451 -0.0863 17.9235
400 912  0.1467  0.0100 16.4746
432 912  0.0310  0.0112 22.0739
464 912 -0.0538 -0.0405  9.6737
496 912  0.0000  0.0000  4.0514
528 912  0.0301 -0.0366  4.9440
560 912  0.0521 -0.0558 13.1242
592 912 -0.0079  0.0473 24.3849
624 912 -0.0982  0.2110 29.4363
656 912 -0.0539  0.1913 51.3174
 16 944  0.0808 -0.0106 17.4942
 48 944  0.0606 -0.0212 22.6727
 80 944  0.0699 -0.0478 262.2979
112 944  0.1899 -0.0471 163.7378
144 944  0.2734 -0.1580 130.9787
176 944  0.3373 -0.3145 256.9124
208 944  0.7174 -0.2953 135.0546
240 944  0.2287 -0.7053 92.5769
272 944  0.8166 -0.8012 27.2592
304 944  1.1253 -1.3636 144.9848
336 944  0.3967 -0.4382 22.6148
368 944  0.4772 -0.0881 54.1449
400 944  0.0773  0.4878 13.2019
432 944 -0.0119  0.0849 12.5140
464 944 -0.1657  0.0153  6.3275
496 944 -0.0041  0.0106  7.7854
528 944 -0.0205  0.0205  4.5919
592 944  0.0508 -0.0644  6.1380
624 944  0.0957 -0.0863 14.5951
656 944 -0.0586  0.0065 26.3318
 16 976  0.0542 -0.0178 74.9349
 48 976  0.0822 -0.0098 29.7500
 80 976  0.0697 -0.0139 56.8991
112 976  0.1842 -0.2029 285.9054
144 976  0.1411 -0.2534 241.6231
176 976  0.3519 -0.2290 41.5095
208 976  0.2178 -0.2830 78.5743
240 976  0.0954 -0.2064 53.5983
272 976  0.2596 -0.4881 33.3698
304 976  0.1460 -0.8952 62.9902
336 976 -0.0697 -0.1346 132.5104
368 976  0.0065 -0.0050 23.5220
400 976 -0.0186  0.0307 12.9819
432 976  0.0418  0.0540  7.4298
464 976  0.0268  0.0254 21.2779
496 976  0.0403 -0.0618 23.5683
528 976 -0.0104  0.0126 35.9044
560 976  0.0416  0.0679  7.0023
592 976 -0.2879 -0.1652  5.5109
624 976  0.1397 -0.1120  4.5280
656 976  0.0776 -0.2176  8.9062
 16 1008  0.0739 -0.0729 39.9687
 48 1008  0.0597 -0.0129 203.2826
 80 1008  0.0555 -0.0142 91.9717
112 1008  0.0974 -0.1824 65.8816
144 1008  0.0470 -0.2135 76.5978
176 1008  0.1622 -0.1945 165.0914
208 1008  0.1077 -0.3580 119.5751
240 1008  0.0567 -0.3178 50.1724
272 1008  0.0978 -0.3610 81.6000
304 1008  0.0198 -0.7980 87.3836
336 1008 -0.0637 -0.0547 18.3620
368 1008 -0.0026  0.1647 10.0428
400 1008  0.1304  0.2287  8.6912
432 1008  0.0536  0.0662 19.5253
464 1008  0.0346  0.0059 62.5190
496 1008  0.0026 -0.0063 30.8326
528 1008 -0.0339  0.0025 25.0850
560 1008  0.0226 -0.0184  8.0143
592 1008 -0.5000  0.0753  5.0350
 16 1040  0.0536 -0.0191 24.8807
 48 1040  0.1462 -0.1356 216.7054
 80 1040  0.1156 -0.0808 164.3750
112 1040  0.0507 -0.0771 187.4194
144 1040  0.0525 -0.0918 68.6336
176 1040  0.0928 -0.1098 128.8802
208 1040  0.0594 -0.1586 238.0552
240 1040  0.0205 -0.1642 22.2645
272 1040  0.0205 -0.3833 96.4831
304 1040 -0.0743 -0.2450 135.8210
336 1040  0.0029  0.2811 28.0599
368 1040  0.1841  0.1439 12.4899
400 1040  0.0483  0.0492 73.3464
432 1040  0.0948 -0.0110 13.2098
464 1040  0.0623  0.0240 101.5054
496 1040  0.1386 -0.0355 40.6842
528 1040  0.0061  0.0020 28.8645
560 1040 -0.0016  0.0670  7.9833
592 1040 -0.1552  0.1796 16.5979
624 1040 -0.0474  0.2937  9.2234
656 1040 -0.1306  0.3433  6.7619
 16 1072  0.0316 -0.0031 154.1958
 48 1072  0.0514 -0.0411 77.1907
 80 1072 -0.0455  0.0868 238.0878
112 1072  0.0503 -0.0492 46.0272
144 1072  0.0440 -0.0401 234.2572
176 1072  0.0301 -0.1246 287.5738
208 1072  0.0135 -0.0659 29.8458
240 1072  0.0573 -0.1289 123.3970
272 1072 -0.0040 -0.1746 95.4219
304 1072  0.0127 -0.3413 49.2994
336 1072 -0.0973 -0.0929 210.0945
368 1072 -0.0679 -0.0526 187.7322
400 1072 -0.0064 -0.0158 29.3698
432 1072  0.0220 -0.0184 316.8416
464 1072  0.0730 -0.0457 67.0511
496 1072  0.0160 -0.0105 33.0473
528 1072 -0.0042 -0.1519 40.6927
560 1072 -0.0119 -0.0033 12.8463
592 1072 -0.0220 -0.0351  8.2626
624 1072 -0.0161 -0.0436  9.4606
656 1072 -0.0131  0.0069 20.3110
 16 1104  0.0087  0.0066 70.2341
 48 1104  0.0263 -0.0193 25.1486
 80 1104  0.1316 -0.0431 87.9248
112 1104  0.1031 -0.0134 139.1069
144 1104  0.0427 -0.0680 101.1662
176 1104  0.0495 -0.0113 158.6739
208 1104  0.0369 -0.2305 30.4400
240 1104  0.0705 -0.0935 121.4867
272 1104  0.0172 -0.1677 63.7075
304 1104 -0.0287 -0.0985 176.1364
336 1104 -0.0086 -0.1207 198.0319
368 1104 -0.0093 -0.0652 151.8734
400 1104  0.0016 -0.0503 105.4445
432 1104  0.0602 -0.0178 38.6549
464 1104  0.0517 -0.0552 71.2891
496 1104  0.0168 -0.0154 16.1205
528 1104 -0.0196  0.0087 18.6665
560 1104  0.0102 -0.0225 19.4757
592 1104 -0.0648  0.0379 13.2648
624 1104  0.0230  0.0013 10.5825
656 1104  0.0310  0.0344 18.7428
 16 1136  0.0279 -0.0138 14.4366
 48 1136  0.0226 -0.0132 17.1399
 80 1136  0.0197 -0.0417 226.4936
112 1136  0.0032 -0.0218 36.2528
144 1136  0.0518 -0.1343 108.8080
176 1136  0.0644 -0.0782 157.9153
208 1136  0.0120 -0.0748 112.0001
240 1136  0.1605 -0.2081 62.3364
272 1136  0.0015 -0.0577 188.4461
304 1136  0.0234 -0.0455 255.9959
336 1136 -0.0160 -0.1282 63.6114
368 1136  0.0246 -0.0856 174.1232
400 1136  0.0331 -0.0702 103.8487
432 1136  0.0457 -0.0757 63.3547
464 1136  0.0383 -0.0228 21.6807
496 1136  0.0943 -0.0416 19.6699
528 1136  0.0344 -0.0165 14.0301
560 1136 -0.0022 -0.0028 16.5440
592 1136  0.0316 -0.0305 11.7629
624 1136 -0.0115 -0.0278 28.3419
656 1136  0.0634  0.0543 31.5521
 16 1168  0.0408 -0.0211 19.0517
 48 1168  0.0150 -0.0452 16.1516
 80 1168  0.0388 -0.0658 42.9907
112 1168  0.1592 -0.0929 62.6375
144 1168  0.0337 -0.0645 88.9483
176 1168 -0.0155 -0.0476 89.6740
208 1168  0.0600 -0.1295 159.2263
240 1168  0.0301 -0.0577 137.3133
272 1168  0.0000 -0.0583 51.0555
304 1168 -0.0006 -0.0725 99.9343
336 1168  0.0073 -0.0979 262.9290
368 1168  0.0129 -0.1005 156.7381
400 1168  0.0215 -0.1505 205.8595
432 1168  0.0197 -0.0556 147.9239
464 1168  0.0245 -0.0658 230.4331
496 1168  0.0229 -0.0492 15.1544
528 1168  0.0025 -0.0456 12.5453
560 1168  0.0414 -0.0199 13.1764
592 1168 -0.0096  0.0093 14.1154
624 1168  0.0156  0.0032 11.3604
656 1168  0.0384 -0.0102 11.4859
 16 1200  0.0209 -0.0038 20.7440
 48 1200  0.0466 -0.0243 24.9687
 80 1200  0.0174  0.0093 20.2626
112 1200 -0.0026 -0.0001 34.4795
144 1200  0.0505 -0.0716 91.5233
176 1200 -0.0035 -0.0124 57.8864
208 1200  0.0561 -0.0880 75.0492
240 1200  0.0389 -0.1788 141.2377
272 1200  0.0231 -0.0979 63.9989
304 1200  0.0625 -0.0341 23.6211
336 1200  0.0117 -0.0399 244.2710
368 1200  0.0432 -0.2338 86.9428
400 1200  0.0922 -0.0905 238.4075
432 1200  0.0417 -0.0265 32.7022
464 1200  0.0415 -0.2084 72.8460
496 1200  0.0084  0.0013 14.6833
528 1200 -0.0055 -0.0201 17.9972
560 1200  0.0168  0.0018 14.1892
592 1200  0.0002 -0.0127 15.8072
624 1200 -0.0028  0.0109 46.0678
656 1200  0.0093 -0.0173 43.5321
  0   0  0.0154 -0.0961  0.0000
  0   0  0.0006 -0.0491  0.0000
  0   0 -0.0147 -0.0277  0.0000
