VARIABLES= "X pix", "Y pix", "U pix/dt", "V pix/dt", "CHC", ZONE I=21, J=30
 16 272 -0.1250 -0.1118 194.1222
 48 272 -0.1844 -0.1492 69.9128
 80 272 -0.0590 -0.2281 173.7805
112 272 -0.1564 -0.1613 186.9362
144 272 -0.0295 -0.0359 24.7444
176 272 -0.0070 -0.1504 187.2506
208 272 -0.0432 -0.0682 329.9565
240 272 -0.0111 -0.0905 297.9529
272 272  0.0414 -0.0312 244.0113
304 272 -0.0876 -0.0348 270.5446
336 272  0.0545 -0.0170 261.5992
368 272  0.0526  0.0086 65.3135
400 272  0.0429  0.0273 94.1141
432 272  0.0736  0.0172 171.4951
464 272  0.0628  0.0366 237.6600
496 272  0.0845  0.0467 178.8938
528 272  0.0676  0.0379 163.2336
560 272  0.0442  0.0600 93.7416
592 272  0.0163  0.0438 76.9001
624 272  0.0670 -0.0070 115.9022
656 272  0.0342  0.0223 222.6573
 16 304 -0.1276 -0.1291 64.4783
 48 304 -0.0549 -0.1162 263.9570
 80 304 -0.0448 -0.1315 266.2433
112 304 -0.0574 -0.4002 142.8993
144 304 -0.0665 -0.1539 198.1942
176 304  0.0225 -0.0987 174.4989
208 304 -0.0154 -0.0674 353.6836
240 304 -0.0085 -0.0868 33.2051
272 304  0.0068  0.0079 385.2318
304 304  0.0153 -0.0311 207.2170
336 304  0.0259 -0.0079 42.8552
368 304  0.0807 -0.0060 306.3171
400 304  0.0459  0.0069 139.3872
432 304  0.0340  0.0275 120.0940
464 304  0.0664  0.0249 323.4721
496 304  0.0528  0.0540 174.6747
528 304  0.0261  0.0356 63.2078
560 304  0.1006  0.0349 227.2503
592 304  0.0647 -0.0184 100.6879
624 304  0.0600  0.0236 168.3006
656 304  0.0378  0.0067 97.6775
 16 336 -0.0373  0.0000 18.8371
 48 336 -0.0518 -0.1694 80.8963
 80 336 -0.2581 -0.3248 66.8397
112 336 -0.1927 -0.1157 85.4751
144 336 -0.0410 -0.1380 259.6692
176 336 -0.1148 -0.2348 85.5517
208 336 -0.0991 -0.2209 311.3777
240 336 -0.0099 -0.0782 331.4531
272 336 -0.0791 -0.1082 195.4282
304 336 -0.0023 -0.0272 232.0481
336 336  0.0341 -0.0039 152.4946
368 336  0.0081 -0.0252 262.0992
400 336  0.0393 -0.0181 210.6239
432 336  0.0478  0.0231 198.3500
464 336  0.0815  0.0365 214.3598
496 336  0.0823  0.0695 134.7648
528 336  0.0423  0.0372 79.3231
560 336  0.0644  0.0080 73.7014
592 336  0.0433  0.0006 23.3636
624 336  0.0997  0.0161 73.7751
656 336  0.0799 -0.0078 136.9466
 16 368 -0.1302 -0.1502 19.9993
 48 368 -0.0845 -0.1829 74.6429
 80 368 -0.0811 -0.2164 206.8004
112 368  0.0173 -0.1969 70.8959
144 368 -0.0522 -0.1106 94.6513
176 368 -0.0872 -0.3457 212.1889
208 368 -0.0794 -0.1402 66.8158
240 368 -0.0512 -0.1288 332.9541
272 368 -0.0359 -0.1043 92.7830
304 368 -0.0117 -0.0563 470.7468
336 368 -0.0008 -0.0871 128.8602
368 368  0.0304 -0.0527 214.0520
400 368  0.0311 -0.0125 87.1881
432 368  0.0026 -0.0015 80.8285
464 368  0.0296  0.0380 250.2439
496 368  0.0690  0.0228 231.0677
528 368  0.0743  0.0455 124.4120
560 368  0.0764  0.0622 124.8375
592 368  0.0714  0.0379 112.4447
624 368  0.0802  0.0025 107.8333
656 368  0.0031  0.0283 245.8130
 16 400 -0.2754 -0.3489 229.3300
 48 400 -0.3175 -0.2457 21.4179
 80 400 -0.2250 -0.3205 279.0490
112 400 -0.2659 -0.2537 35.3419
144 400 -0.0498 -0.5525 98.9454
176 400 -0.0762 -0.2479 186.3316
208 400 -0.0984 -0.2668 152.1976
240 400 -0.0834 -0.0853 194.6367
272 400 -0.0494 -0.1293 87.5715
304 400 -0.0430 -0.0677 73.5804
336 400  0.0119 -0.0567 139.6512
368 400  0.0144 -0.0380 75.4986
400 400  0.0452 -0.0015 194.2878
432 400  0.0377  0.0157 197.9205
464 400  0.0643  0.0237 156.8212
496 400  0.0496  0.0236 161.8353
528 400  0.0764  0.0280 121.9686
560 400  0.0734  0.0249 120.0782
592 400  0.0741  0.0048 170.2901
624 400  0.0278  0.0222 174.6374
656 400  0.0942 -0.0314 302.5303
 16 432 -0.1987 -0.1334 50.8145
 48 432 -0.1026 -0.1189 33.7533
 80 432 -0.2182 -0.3556 79.8883
112 432 -0.2832 -0.3412 73.7228
144 432 -0.1132 -0.2495 276.9810
176 432 -0.2591 -0.3282 226.8683
208 432 -0.1660 -0.2219 267.2222
240 432 -0.0794 -0.2942 93.3620
272 432 -0.0663 -0.1541 159.5900
304 432  0.0090 -0.0166 23.2348
336 432 -0.0287 -0.0637 71.2364
368 432  0.0082 -0.0594 144.0662
400 432  0.0319 -0.0220 132.0423
432 432  0.0564 -0.0181 295.3570
464 432  0.0803  0.0388 79.8018
496 432  0.0438  0.0329 38.0200
528 432  0.0664 -0.0370 133.5383
560 432  0.1136  0.0270 104.5157
592 432  0.0930  0.0009 134.2965
624 432  0.0975  0.0005 92.2412
656 432  0.0405 -0.0037 74.8439
 16 464 -0.0665 -0.1085 15.2750
 48 464 -0.5563 -0.1154 87.6079
 80 464 -0.0514 -0.0286 161.2328
112 464 -0.3249 -0.3134 105.6266
144 464 -0.1994 -0.3077 108.3089
176 464 -0.1705 -0.2634 48.6708
208 464 -0.1220 -0.5743 170.7311
240 464 -0.1023 -0.3923 223.5784
272 464 -0.1186 -0.1321 42.7962
304 464 -0.0739 -0.1658 95.1812
336 464 -0.0658 -0.1347 93.8484
368 464 -0.0293 -0.0568 262.9673
400 464  0.0074 -0.0282 174.3947
432 464  0.0562  0.0022 249.0587
464 464  0.0286  0.0124 140.4219
496 464  0.0273  0.0379 47.0121
528 464  0.0630  0.0040 112.7393
560 464  0.0584  0.0452 127.3144
592 464  0.0712  0.0243 211.7276
624 464  0.0874  0.0212 140.0649
656 464  0.0820 -0.0168 175.2064
 16 496 -0.2388 -0.3520 221.0157
 48 496 -0.4125 -0.2723 92.8786
 80 496 -0.3336 -0.5551 213.1463
112 496 -0.3540 -0.2046 25.1873
144 496 -0.1988 -0.7841 53.1018
176 496 -0.1989 -0.2491 105.3830
208 496 -0.3085 -0.2966 214.3859
240 496 -0.2208 -0.3140 281.1620
272 496 -0.2213 -0.2255 173.6683
304 496 -0.0321 -0.1854 291.4353
336 496 -0.0472 -0.1268 39.4466
368 496 -0.0295 -0.0392 44.7620
400 496  0.0032 -0.0209 223.9040
432 496 -0.0002  0.0003 99.4662
464 496  0.0233 -0.0075 181.3254
496 496  0.0401 -0.0594 99.4331
528 496  0.0540  0.0154 91.5668
560 496  0.0508  0.0147 42.8136
592 496  0.0997 -0.0050 69.6868
624 496  0.1015 -0.0050 88.6169
656 496  0.1146 -0.0075 94.3603
 16 528 -0.3832 -0.3141 55.4175
 48 528 -0.5747 -0.4290 67.4583
 80 528 -1.1190 -0.8298 23.0749
112 528 -0.7322 -0.6627 253.8746
144 528 -0.6125 -0.8010 85.8377
176 528 -0.3453 -0.4351 53.5036
208 528 -0.1930 -0.3666 159.0071
240 528 -0.2306 -0.5603 184.7696
272 528 -0.2381 -0.0766 269.8192
304 528 -0.2728 -0.2630 115.6715
336 528 -0.0091 -0.0846 96.3491
368 528 -0.1022 -0.1477 172.6726
400 528 -0.0225 -0.0216 292.1510
432 528 -0.0393 -0.0360 99.7336
464 528 -0.0298  0.0008 85.9733
496 528 -0.0230 -0.0270 129.3306
528 528  0.0070 -0.0121 206.6716
560 528  0.0521 -0.1606 59.9723
592 528  0.1285 -0.0284 194.2314
624 528  0.1050 -0.0499 154.0283
656 528  0.0576 -0.0065 35.4731
 16 560 -0.0313 -0.1769 20.6106
 48 560 -0.7174 -0.6934 38.5163
 80 560 -0.5234 -0.6056 125.8285
112 560 -0.8086 -0.5944 139.4871
144 560 -0.4188 -0.6584 87.9171
176 560 -0.7143 -0.7760 191.4224
208 560 -0.7486 -0.6450 48.1846
240 560 -0.2466 -0.4676 115.2155
272 560 -0.4504 -0.3889 136.5037
304 560 -0.2243 -0.3857 147.6825
336 560 -0.1499 -0.2189 27.7808
368 560 -0.1454 -0.1922 262.8505
400 560 -0.1023 -0.0590 90.3990
432 560 -0.0584 -0.0249 183.1214
464 560 -0.0771 -0.0620 126.9018
496 560 -0.0370 -0.0627 196.6949
528 560  0.0067 -0.0365 201.4802
560 560  0.0193 -0.0996 221.6705
592 560  0.0973 -0.0289 239.5329
624 560  0.1027 -0.0534 94.9738
656 560  0.0449  0.0414 35.9849
 16 592 -0.0930 -0.4042 126.0592
 48 592 -0.0707 -0.0471 82.3198
 80 592 -0.0857  0.0344 128.6992
112 592 -0.2149 -0.0278 37.8789
144 592 -0.3981 -0.2569 20.5130
176 592 -0.8565 -0.8059 67.3594
208 592 -0.7062 -1.0553 145.2054
240 592 -0.6151 -0.7836 44.0283
272 592 -0.5710 -0.4673 50.0170
304 592 -0.9380 -0.7437 118.1938
336 592 -0.5023 -0.2560 40.7514
368 592 -0.5184 -0.2399 156.0831
400 592 -0.1995 -0.1308 127.3139
432 592 -0.2023 -0.0831 29.5857
464 592 -0.1704 -0.0536 118.0764
496 592 -0.1128 -0.0278 226.5160
528 592 -0.0301 -0.0754 140.7705
560 592  0.0294 -0.1181 89.7809
592 592  0.0721 -0.0751 34.0294
624 592  0.1245 -0.1992 62.0314
656 592  0.2481 -0.2168 222.4684
 16 624 -0.0689 -0.0488 48.7910
 48 624 -0.0406 -0.0330 11.9119
 80 624 -0.6581 -0.5451 107.2656
112 624 -0.6119 -0.4363 238.1037
144 624 -0.8360 -0.7149 25.3234
176 624 -0.9858 -0.7663 47.4268
208 624 -1.0189 -1.0402 129.8150
240 624 -0.9560 -0.9508 181.2297
272 624 -0.8559 -0.6515 30.8235
304 624  0.0749 -0.3164 179.2609
336 624 -0.0474 -0.1077 24.0510
368 624 -0.0529 -0.0185 16.4330
400 624 -0.2684  0.0025 209.6157
432 624 -0.2193 -0.0402 176.6736
464 624 -0.2025 -0.0901 148.1255
496 624 -0.2815 -0.1810 204.5343
528 624 -0.2717 -0.1003 163.8909
560 624 -0.0384 -0.2217 126.3362
592 624  0.0474 -0.1488 24.0179
624 624  0.3087 -0.3195 196.2260
656 624  0.2722 -0.2289 104.1586
 16 656 -0.0952 -0.0712 96.4562
 48 656 -0.1488 -0.0619 13.8837
 80 656 -0.2769 -0.1853 152.3962
112 656 -0.4366 -0.2701 179.8333
144 656 -1.0048 -0.8089 102.5420
176 656 -0.0198 -0.4190 35.4317
208 656 -0.8315 -0.9027 182.6391
240 656 -1.0335 -0.9392 93.7641
272 656 -1.3894 -0.7434 230.7980
304 656 -0.7173 -0.6325 106.0898
336 656 -0.8408 -0.3250 125.3425
368 656 -0.6428 -0.2939 252.2089
400 656 -0.5171 -0.0709 82.9453
432 656 -0.4638 -0.0657 73.6843
464 656 -0.3223 -0.0288 76.3386
496 656 -0.3181 -0.0708 127.5963
528 656 -0.0998 -0.0800 70.7414
560 656 -0.1135 -0.4659 134.2375
592 656  0.0929 -0.3658 83.8917
624 656  0.1188 -0.4107 44.4865
656 656  0.2134 -0.1812 58.7408
 16 688 -0.0779 -0.1310 55.6107
 48 688 -0.4105 -0.0654 155.5634
 80 688 -0.1797 -0.0869 46.9741
112 688 -0.1331 -0.0489 14.1304
144 688 -0.9151 -0.6238 23.2568
176 688 -0.9591 -0.7647 39.9764
208 688 -1.0037 -0.8957 54.6287
240 688 -0.9694 -0.7973 177.9350
272 688 -0.9268 -0.7694 63.9292
304 688 -0.2909 -0.0428 17.9391
336 688 -0.7114 -0.3982 144.7395
368 688 -0.4856 -0.1838 223.5680
400 688 -0.3360 -0.0917 267.2564
432 688 -0.1885  0.0375 105.4435
464 688 -0.1109 -0.0950 101.4859
496 688 -0.0211 -0.4921 166.3963
528 688  0.0434 -0.5505 56.0028
560 688 -0.0434 -0.6200 76.0532
592 688 -0.0122 -0.5638 49.9595
624 688  0.0807 -0.5279 149.0656
656 688  0.0670 -0.4238 51.0274
 16 720  0.0284 -0.0005 15.8449
 48 720 -0.0412 -0.0653 58.5765
 80 720 -0.0644 -0.0989 125.0623
112 720 -0.4897 -0.1576 109.2620
144 720 -0.4316 -0.3122 64.0837
176 720 -0.1903 -0.5159 34.4022
208 720 -0.6866 -0.7979 221.9601
240 720 -0.8411 -0.7601 74.4117
272 720 -0.9434 -0.7529 57.6143
304 720 -0.3509 -0.2629 30.1164
336 720 -0.3632 -0.1633 129.6902
368 720 -0.3402 -0.1718 197.7620
400 720 -0.0899  0.0125 92.1632
432 720  0.1626  0.0672 95.3518
464 720  0.5033 -0.1955 45.1728
496 720  0.7411 -1.2007 40.3612
528 720  0.4104 -0.4379 78.8818
560 720  0.1919 -0.0051 16.5150
592 720  0.1091  0.1026 22.0332
624 720  0.0526 -0.5634 144.0183
656 720  0.0104 -0.4564 183.2503
 16 752 -0.0541 -0.0253 29.5165
 48 752 -0.0083 -0.1623 343.2343
 80 752 -0.0000 -0.0313 315.0904
112 752 -0.1472 -0.1578 147.7442
144 752 -0.1616 -0.1165 49.7955
176 752 -0.1167 -0.3012 216.6081
208 752 -0.1566 -0.1134 15.4293
240 752 -1.1728 -1.2133 85.7557
272 752 -0.5799 -0.7212 286.2107
304 752 -0.0580 -0.0488 11.5111
336 752 -0.0976 -0.2082 65.3551
368 752  0.1409 -0.0041 186.7839
400 752  1.0927  0.0905 215.0167
432 752  0.9452  0.0277 27.5780
464 752  1.2322 -0.2792 85.9771
496 752  1.3387 -0.5951 52.3685
528 752  0.1759 -0.2330 21.5596
560 752  0.6802 -0.0745  9.3466
592 752  0.1817  0.2819 10.4684
624 752 -0.0567  0.0913 11.7835
656 752 -0.0031 -0.0001 20.7872
 16 784  0.1120 -0.0517 116.0695
 48 784  0.0147 -0.0313 18.6038
 80 784  0.0191 -0.1391 204.4067
112 784 -0.0094 -0.0878 202.1801
144 784  0.0036 -0.1334 147.4021
176 784  0.0185 -0.1150 70.3615
208 784 -0.1154 -1.1152 90.1863
240 784 -0.0724 -0.6874 76.7484
272 784 -0.1716 -0.6645 61.2267
304 784 -0.1046 -0.5569 148.8587
336 784  0.0223 -0.1412 190.9917
368 784  0.2609 -0.1400 224.7818
400 784  1.0499  0.0388 266.0657
432 784  1.8305  0.1258 101.0740
464 784  1.6204 -0.1563 102.9210
496 784  0.7506 -0.4626 14.8574
528 784  0.1150 -0.0909 18.0290
560 784  0.2482  0.4356 14.9695
592 784  0.1744  0.1416 24.5680
624 784 -0.0125  0.0116 21.4625
656 784 -0.0564  0.0917  9.7533
 16 816  0.0415 -0.0145 15.7266
 48 816  0.0445 -0.0284 144.5252
 80 816  0.0297 -0.2063 204.8875
112 816  0.0222 -0.2206 229.0906
144 816  0.0930 -0.1090 334.5215
176 816  0.0609 -0.2865 81.1337
208 816  0.0360 -0.1235 205.7689
240 816  0.1151 -0.4021 239.0216
272 816  0.1124 -0.4435 56.5068
304 816  0.1787 -0.2836 58.3098
336 816  0.3841 -0.2454 41.2863
368 816  0.6508 -0.0764 108.0147
400 816  1.7184  0.0294 307.3950
432 816  1.5443  0.0801 65.8777
464 816  2.2165 -0.0355 55.2516
496 816  1.3513 -0.4531 31.9978
528 816  0.1017  0.0217  7.9430
560 816  0.1114  0.0983  8.0453
592 816  0.1644  0.0194 19.0051
624 816  0.0419  0.0934  9.9949
656 816  0.0100  0.0119 13.1743
 16 848  0.0185 -0.0030 58.6309
 48 848  0.1372 -0.0657 220.9162
 80 848  0.3121 -0.0559 161.0088
112 848  0.5670 -0.0330 138.1482
144 848  0.1904 -0.0680 86.9320
176 848  0.3058 -0.2299 223.3475
208 848  0.2448 -0.3259 172.8010
240 848  0.1127 -0.3478 19.2938
272 848  0.1234 -0.4325 80.5544
304 848  0.2873 -0.2051 35.6041
336 848  0.7887 -0.3045 134.2030
368 848  1.1760 -0.1052 72.5175
400 848  1.5843 -0.0837 25.2232
432 848  1.8887  0.0214 107.9292
464 848  1.3310 -0.3247 44.5085
496 848 -0.0005  0.0003 21.4864
528 848  0.1959  0.1065  7.8400
560 848  0.0491  0.0529 31.9720
592 848  0.1026  0.1080 117.8225
624 848  0.0629  0.1464 41.9637
656 848  0.0071  0.0221 27.1322
 16 880  0.2208 -0.0281 89.6293
 48 880  0.1889 -0.0614 100.2149
 80 880  0.1121 -0.0804 254.7490
112 880  0.4815 -0.0947 175.8250
144 880  0.1835 -0.1552 65.2585
176 880  0.1734 -0.1341 92.9535
208 880  0.3773 -0.2189 193.1936
240 880  0.7034 -0.4581 211.1535
272 880  0.3123 -0.3951 78.6459
304 880  1.2352 -0.6331 223.1134
336 880  1.2150 -0.5487 84.1823
368 880  1.5505 -0.0218 45.8991
400 880  1.7981 -0.0957 97.3411
432 880  2.0377  0.0188 94.1344
464 880  0.2544  0.0193 17.2789
496 880  0.0100 -0.0506  6.0391
528 880  0.0602 -0.0074  8.7847
560 880  0.0072  0.0672 18.6422
592 880  0.0522  0.0887 38.6248
624 880  0.0346  0.1175 56.9066
656 880 -0.0262  0.2342 27.4599
 16 912  0.1352 -0.0273 38.0065
 48 912  0.1577 -0.2065 122.5453
 80 912  0.0859 -0.0900 79.4764
112 912  0.3132 -0.1139 255.9577
144 912  0.1669 -0.0978 44.5223
176 912  0.0858 -0.0911 68.9993
208 912  0.2445 -0.2369 126.3370
240 912  0.1171 -0.5736 73.8730
272 912  0.6745 -0.6889 100.0992
304 912  0.7670 -0.5694 166.3050
336 912  1.1992 -0.6565 95.3028
368 912  1.1234 -0.3151 123.2349
400 912  0.5789 -0.0816 23.6696
432 912  0.2753  0.0260 18.2472
464 912 -0.0349 -0.0358 10.8733
496 912  0.0329 -0.0159  4.0595
528 912  0.0137 -0.0130  4.7565
560 912  0.0535 -0.0415 12.8333
592 912  0.0104  0.0781 28.7923
624 912 -0.0041  0.0709 19.5133
656 912  0.0015  0.0323 21.4429
 16 944  0.1605 -0.0182 48.5307
 48 944  0.0359 -0.0267 39.2139
 80 944  0.6376 -0.0290 195.1072
112 944  0.0755 -0.0575 56.2890
144 944  0.1152 -0.0741 49.7808
176 944  0.1685 -0.1051 71.6897
208 944  0.5420 -0.1853 75.0657
240 944  0.2807 -0.5307 38.1561
272 944  0.2972 -0.4832 53.3971
304 944  0.3349 -0.5750 22.0042
336 944  0.4702 -0.0385 34.0081
368 944  0.2677 -0.2288 125.9545
400 944  0.0131  0.0104 13.2805
432 944 -0.0051 -0.0079 15.3744
464 944 -0.0108  0.0580  6.4069
496 944  0.0094  0.0114  8.6119
528 944 -0.0025  0.0025  4.8001
592 944  0.0292 -0.0675  5.6706
624 944  0.1495 -0.1692  9.8209
656 944  0.0188 -0.0379 27.8276
 16 976  0.2429 -0.0040 82.3466
 48 976  0.2178 -0.0048 37.0043
 80 976  0.1748 -0.0552 86.6165
112 976  0.1386 -0.0746 264.8334
144 976  0.1190 -0.0569 41.0028
176 976  0.2581 -0.4453 70.0228
208 976  0.1062 -0.2148 119.8273
240 976  0.3756 -0.3830 79.2160
272 976  0.5209 -0.4373 64.8967
304 976  0.2765 -0.6279 65.1232
336 976  0.2322 -0.4390 65.5593
368 976  0.0360 -0.0091 23.9454
400 976 -0.0133 -0.0352 13.2201
432 976  0.0408 -0.0303  9.1582
464 976  0.0180  0.0082 22.6070
496 976  0.0022 -0.0174 19.3869
528 976  0.0010 -0.0006 36.0735
560 976 -0.1280  0.0678  7.3450
624 976  0.0939 -0.0830  4.2490
656 976  0.0710 -0.1928  7.2597
 16 1008  0.1870 -0.0496 62.3506
 48 1008  0.1285 -0.0200 81.0268
 80 1008  0.0429 -0.0224 39.0744
112 1008  0.1211 -0.0679 131.0511
144 1008  0.2546 -0.1015 166.4450
176 1008  0.1707 -0.0394 32.6508
208 1008  0.1317 -0.1360 328.5410
240 1008  0.1908 -0.1749 40.4915
272 1008  0.3072 -0.3998 47.7592
304 1008  0.0807 -0.3011 50.8414
336 1008  0.0258 -0.1392 18.6789
368 1008 -0.0024 -0.0238 11.3615
400 1008 -0.0022 -0.0183 11.3885
432 1008  0.0052  0.0116 18.6090
464 1008  0.1018 -0.0578 232.1529
496 1008  0.0204 -0.0231 22.2151
528 1008 -0.0112 -0.1017 18.6308
560 1008 -0.1319  0.0475 14.0989
 16 1040  0.0824  0.0046 81.8050
 48 1040  0.0781 -0.1726 326.7634
 80 1040  0.1870 -0.1328 60.8587
112 1040  0.1611 -0.0572 232.4102
144 1040  0.1204 -0.1645 283.1605
176 1040  0.1859  0.0204 26.9541
208 1040  0.0851 -0.2848 42.4299
240 1040  0.1184 -0.1880 72.4304
272 1040  0.0388 -0.2112 23.3558
304 1040  0.0230 -0.2267 155.0223
336 1040  0.0304 -0.3221 92.5958
368 1040  0.0138 -0.0390 13.0171
400 1040  0.0187 -0.0120 37.0633
432 1040 -0.0036 -0.0163 80.7208
464 1040  0.1202 -0.0761 52.1498
496 1040  0.0579 -0.0880 25.6734
528 1040 -0.0304  0.0042 36.9229
560 1040  0.0073  0.0675  8.0985
592 1040 -0.0966  0.1334  9.3272
624 1040  0.0656  0.4686  5.6243
656 1040 -0.0205  0.3764  6.7357
 16 1072  0.0878 -0.0402 31.9660
 48 1072  0.2259 -0.0495 234.5258
 80 1072  0.1813 -0.0277 82.4551
112 1072  0.1065 -0.0280 95.6234
144 1072  0.1915 -0.2527 186.4909
176 1072  0.4267 -0.0957 154.6998
208 1072  0.2187 -0.1835 174.5918
240 1072  0.0333 -0.1136 54.0431
272 1072  0.0037 -0.6014 59.1641
304 1072  0.0516 -0.3446 194.5294
336 1072  0.0754 -0.1705 105.6255
368 1072  0.1218 -0.2050 190.9408
400 1072  0.2198 -0.0838 60.8606
432 1072  0.0845 -0.0635 43.5740
464 1072  0.1840 -0.1085 146.2126
496 1072  0.0078 -0.0473 17.8734
528 1072 -0.0178 -0.0211 13.9555
560 1072 -0.0124 -0.0027 13.9994
592 1072  0.0587 -0.0098 17.3194
624 1072 -0.0432  0.0326 15.0576
656 1072 -0.0063  0.0024 13.5174
 16 1104  0.1700 -0.0126 37.6756
 48 1104  0.0293  0.0360 25.9506
 80 1104  0.0578 -0.0160 73.1362
112 1104  0.0588 -0.0667 259.2470
144 1104  0.0381 -0.0549 29.5033
176 1104  0.0805 -0.3320 52.8658
208 1104  0.1727 -0.2136 24.8722
240 1104  0.1535 -0.0882 54.8717
272 1104  0.0786 -0.3073 156.8427
304 1104  0.0810 -0.1838 102.9754
336 1104  0.0584 -0.1083 152.7869
368 1104  0.0527  0.0018 27.2288
400 1104  0.1140 -0.0566 124.1175
432 1104  0.0514 -0.0370 49.8701
464 1104  0.1567 -0.2301 122.3586
496 1104 -0.0444 -0.0144 12.7388
528 1104  0.0793  0.0040 26.3597
560 1104 -0.0113  0.0065 24.3007
592 1104 -0.0381  0.0238 11.2449
624 1104  0.0325 -0.0216  9.4826
656 1104  0.0318  0.0162 15.9156
 16 1136  0.0187 -0.0227 33.2649
 48 1136  0.3323 -0.0123 50.2042
 80 1136  0.0825 -0.0339 58.9679
112 1136  0.0686 -0.0213 81.0082
144 1136  0.0529 -0.0657 200.4587
176 1136  0.1059 -0.0335 41.0106
208 1136  0.4931 -0.0731 166.1167
240 1136  0.0936 -0.1598 124.7520
272 1136  0.0501 -0.1842 101.6110
304 1136  0.1131 -0.2593 82.6499
336 1136  0.0654 -0.0809 161.4446
368 1136  0.0356 -0.0648 191.3684
400 1136  0.1315 -0.1757 150.1519
432 1136  0.0766 -0.1345 67.1019
464 1136  0.1051 -0.2244 76.9917
496 1136  0.0075 -0.1624 72.5251
528 1136  0.0161 -0.0727 46.5992
560 1136 -0.0860 -0.1652 48.5858
592 1136  0.0326 -0.1155 16.7710
624 1136  0.0085 -0.0322 21.2515
656 1136  0.0789  0.0158 33.8281
 16 1168 -0.0086  0.0023 15.2609
 48 1168  0.1159 -0.1221 44.9322
 80 1168  0.0567 -0.0580 22.7859
112 1168  0.1246 -0.0726 153.3260
144 1168  0.0756 -0.0996 78.5399
176 1168  0.1291 -0.0644 76.8912
208 1168  0.0701 -0.0322 261.9142
240 1168  0.0460 -0.0785 144.6402
272 1168  0.0785 -0.2961 151.4581
304 1168  0.0567 -0.1117 107.8719
336 1168  0.0905 -0.1500 134.8782
368 1168  0.0834 -0.1030 83.0650
400 1168  0.0765 -0.0731 150.3642
432 1168  0.1411 -0.1016 56.8625
464 1168  0.1088 -0.1592 249.9924
496 1168  0.0024  0.0066 15.3810
528 1168  0.0370 -0.0080 17.0381
560 1168  0.0450 -0.0167 12.2364
592 1168  0.0311 -0.0045 14.0212
624 1168  0.0065 -0.0254 10.4793
656 1168  0.0264 -0.0445 17.1189
 16 1200  0.0284 -0.0101 13.6905
 48 1200  0.0928 -0.0250 20.6610
 80 1200  0.0080  0.0079 13.3367
112 1200  0.0684 -0.0287 125.5270
144 1200  0.0656 -0.0233 50.7561
176 1200  0.2359 -0.2247 176.9029
208 1200  0.0518 -0.3484 120.0026
240 1200  0.2249 -0.0751 69.5177
272 1200  0.0716 -0.1008 48.0078
304 1200  0.0902 -0.0914 141.3954
336 1200  0.0707 -0.1536 194.0999
368 1200  0.0741 -0.1833 108.0194
400 1200  0.1095 -0.1108 127.7377
432 1200  0.2956 -0.0948 296.5978
464 1200  0.1651 -0.0706 154.5834
496 1200 -0.0126 -0.0086 19.4621
528 1200 -0.0183  0.0084 14.8715
560 1200  0.0132  0.0000 12.3486
592 1200  0.0335 -0.0033 15.3512
624 1200  0.0454 -0.0347 25.2795
656 1200  0.0045 -0.0078  9.2483
  0   0  0.0585 -0.0722  0.0000
  0   0  0.1057 -0.1513  0.0000
  0   0 -0.0014 -0.1627  0.0000
  0   0 -0.1897  0.0184  0.0000
  0   0 -0.1988  0.1717  0.0000
