VARIABLES= "X pix", "Y pix", "U pix/dt", "V pix/dt", "CHC", ZONE I=21, J=30
 16 272 -0.0540 -0.0307 16.2966
 48 272 -0.1557 -0.1741 197.5959
 80 272 -0.0899 -0.0690 104.8476
112 272  0.0207 -0.1311 262.4305
144 272 -0.0447 -0.0781 199.2226
176 272 -0.1214 -0.2387 115.6001
208 272 -0.0807 -0.1023 114.0879
240 272 -0.0281 -0.1400 64.6874
272 272 -0.0429 -0.0795 388.9649
304 272 -0.0122 -0.0505 203.5314
336 272 -0.0185 -0.0165 93.9770
368 272  0.0146  0.0036 77.2776
400 272  0.0469  0.0342 172.0528
432 272  0.0154  0.0723 135.6791
464 272  0.0296  0.0507 81.6495
496 272  0.0318  0.0922 120.7431
528 272  0.0095  0.0293 159.0713
560 272  0.0463  0.0583 82.9325
592 272  0.0034  0.0403 296.2971
624 272  0.0325  0.0630 136.3199
656 272 -0.0073  0.0686 151.1578
 16 304 -0.2381 -0.1326 125.9733
 48 304 -0.0827 -0.2582 74.0502
 80 304 -0.0832 -0.0587 143.0995
112 304 -0.1437 -0.1061 235.7127
144 304 -0.1181 -0.2984 209.3595
176 304 -0.1406 -0.1452 171.6693
208 304 -0.0694 -0.0718 175.7837
240 304 -0.0562 -0.0823 223.0081
272 304 -0.0579 -0.0786 209.2428
304 304 -0.0578 -0.0241 287.5745
336 304 -0.0230 -0.0263 156.9637
368 304 -0.0010 -0.0456 78.0896
400 304  0.0148  0.0237 96.5554
432 304  0.0233  0.0144 157.1355
464 304  0.0526  0.0384 267.7245
496 304  0.0213  0.0286 302.0817
528 304  0.0348  0.0586 102.2914
560 304 -0.0450  0.0993 100.6913
592 304  0.0095  0.0759 104.1943
624 304 -0.0235  0.0406 170.6515
656 304  0.0186  0.0628 87.0333
 16 336 -0.2709 -0.2807 178.2635
 48 336 -0.1423 -0.3584 72.0639
 80 336 -0.1893 -0.3426 221.5205
112 336 -0.1160 -0.0820 210.5091
144 336 -0.2044 -0.3812 142.2763
176 336 -0.1424 -0.0746 51.4341
208 336 -0.0685 -0.0439 320.9612
240 336 -0.0826 -0.1362 124.9813
272 336 -0.1569 -0.1577 112.5678
304 336 -0.0644 -0.0681 196.5930
336 336 -0.0316 -0.0682 100.0921
368 336  0.0108 -0.0315 104.7310
400 336  0.0067  0.0064 145.5493
432 336  0.0267  0.0236 152.3824
464 336  0.0016  0.0410 124.7272
496 336  0.0363  0.0324 35.2755
528 336  0.0552  0.0710 190.9214
560 336  0.0269  0.0621 202.7924
592 336  0.0585  0.0527 185.4089
624 336  0.0293  0.0717 135.1113
656 336  0.0185  0.0365 198.5882
 16 368 -0.0922 -0.4260 188.6651
 48 368 -0.1994 -0.1731 254.3229
 80 368 -0.1837 -0.1104 23.1691
112 368 -0.3057 -0.9462 157.8206
144 368 -0.1502 -0.1765 264.5459
176 368 -0.1104 -0.1333 202.4658
208 368 -0.1209 -0.1707 46.9604
240 368 -0.0525 -0.3017 216.3984
272 368 -0.0839 -0.2257 75.7104
304 368 -0.0441 -0.1247 161.5706
336 368 -0.0359 -0.0719 168.2868
368 368 -0.0041 -0.0475 264.5733
400 368  0.0012 -0.0100 222.3213
432 368  0.0378  0.0152 86.4644
464 368 -0.0325  0.0296 162.1677
496 368  0.0458  0.0417 232.7985
528 368  0.0407  0.0248 203.4008
560 368 -0.0090  0.0465 49.3717
592 368  0.0173  0.0837 76.9040
624 368  0.0271  0.0718 184.8483
656 368 -0.0067  0.0580 143.7511
 16 400 -0.0868 -0.1199 26.6750
 48 400 -0.1785 -0.3555 93.8298
 80 400 -0.2464 -0.3075 136.6525
112 400 -0.7633 -0.0955 126.6180
144 400 -0.1408 -0.2467 111.7125
176 400 -0.3967 -0.3878 198.0539
208 400 -0.1803 -0.2034 186.2668
240 400 -0.2105 -0.2693 45.7770
272 400 -0.1508 -0.1408 95.3461
304 400 -0.0778 -0.0990 166.0497
336 400 -0.0629 -0.0559 253.3379
368 400  0.0003 -0.0597 225.4357
400 400 -0.0404 -0.0302 76.6967
432 400 -0.0219 -0.0078 96.7757
464 400  0.0434  0.0110 180.3236
496 400  0.0251  0.0839 130.3113
528 400  0.0373  0.0666 241.2843
560 400  0.0305  0.0970 85.5157
592 400  0.0102  0.0228 56.3940
624 400  0.0232  0.1021 118.5036
656 400  0.0321  0.0747 151.3622
 16 432 -0.1402 -0.1470 52.9855
 48 432 -0.2730 -0.3531 267.6061
 80 432 -0.5370 -0.4569 60.4806
112 432 -0.3920 -0.4026 191.4977
144 432 -0.1796 -0.3743 39.8603
176 432 -0.2336 -0.1190 150.5519
208 432 -0.2646 -0.2669 62.2272
240 432 -0.1956 -0.0636 95.4922
272 432 -0.0753 -0.2587 46.1790
304 432 -0.1371 -0.0732 103.5029
336 432 -0.0552 -0.0852 208.2139
368 432 -0.0328 -0.1075 146.9080
400 432 -0.0300 -0.0276 98.1877
432 432  0.0199 -0.0359 84.6646
464 432 -0.0019  0.0086 262.7419
496 432  0.0375  0.1882 253.1976
528 432  0.0390  0.0835 106.2254
560 432  0.0406  0.0969 115.8432
592 432 -0.0032  0.1183 90.0578
624 432 -0.0081  0.0410 36.8517
656 432  0.0452  0.0442 142.1301
 16 464 -0.1669 -0.5891 26.6022
 48 464 -0.2183 -0.4404 22.9069
 80 464 -0.1812 -0.1618 23.4758
112 464 -0.3416 -0.5399 54.1776
144 464 -0.2678 -0.4613 48.1936
176 464 -0.3331 -0.2763 70.9317
208 464 -0.2544 -0.4394 163.8564
240 464 -0.2457 -0.2321 128.4091
272 464 -0.1500 -0.4437 174.7913
304 464 -0.1458 -0.4246 217.1943
336 464 -0.0595 -0.1767 112.1304
368 464 -0.0501 -0.1872 135.9720
400 464 -0.0005 -0.0882 283.2954
432 464  0.0122 -0.0346 168.5931
464 464  0.0594 -0.0287 43.7518
496 464  0.0659  0.0623 154.0708
528 464  0.1597  0.0680 195.5782
560 464  0.0560  0.0910 80.3997
592 464  0.0791  0.0737 147.5581
624 464  0.0878  0.0756 80.2990
656 464  0.0723  0.0407 277.1606
 16 496 -0.7522 -0.3190 190.5505
 48 496 -0.2620 -0.2782 174.3642
 80 496 -0.5476 -0.5672 140.8255
112 496 -0.1996 -0.3331 110.5338
144 496 -0.5489 -0.2788 299.1451
176 496 -0.1068 -0.0715  9.8869
208 496 -0.1298 -0.5027 49.0426
240 496 -0.2937 -0.3772 51.6580
272 496 -0.1685 -0.4807 58.8798
304 496 -0.0432 -0.1313 15.1949
336 496 -0.0332 -0.3577 248.8951
368 496 -0.0217 -0.3522 189.9030
400 496 -0.0032 -0.1727 107.9757
432 496  0.0293 -0.0688 138.2712
464 496  0.0782 -0.0398 130.3730
496 496  0.0589  0.0435 100.4157
528 496  0.0670  0.0739 48.3722
560 496  0.0673  0.0744 241.6827
592 496  0.1134  0.0784 70.8627
624 496  0.0878  0.0459 151.9722
656 496  0.0260  0.0356 95.1418
 16 528 -0.7415 -0.6698 96.1189
 48 528 -0.1547 -0.2488 91.9327
 80 528 -0.4962 -0.4070 42.3621
112 528 -0.5032 -0.4460 39.8867
144 528 -0.0964 -0.1617 12.6158
176 528 -0.9231 -0.5877 140.6146
208 528 -0.4399 -0.7377 115.3284
240 528 -0.3620 -0.7937 81.0728
272 528 -0.2976 -0.5841 129.2080
304 528 -0.1093 -0.6128 102.4711
336 528 -0.0979 -0.4222 175.6140
368 528 -0.0428 -0.2883 207.0934
400 528  0.0101 -0.3773 62.7365
432 528  0.0649 -0.1177 78.6814
464 528  0.0903 -0.0437 154.9274
496 528  0.1009 -0.0031 165.8445
528 528  0.1000  0.0426 217.0119
560 528  0.0891  0.0806 92.8538
592 528  0.0562  0.0755 58.4426
624 528  0.0275  0.0042 192.6862
656 528  0.0265  0.0565 131.1904
 16 560 -0.8430 -0.7556 23.7526
 48 560 -0.1733 -0.1965 126.6276
 80 560 -1.0603 -0.4216 123.4182
112 560 -1.1227 -0.6827 209.9011
144 560 -0.7661 -0.1751 69.8559
176 560 -0.9606 -0.8890 62.6497
208 560 -0.4660 -0.8139 127.3202
240 560 -0.8162 -0.7984 80.4763
272 560 -0.2961 -0.5440 56.7750
304 560 -0.2603 -0.8281 140.8507
336 560 -0.0166 -0.6448 147.4097
368 560  0.0490 -0.5306 237.0015
400 560  0.0937 -0.1443 268.2274
432 560  0.1235 -0.2321 131.9921
464 560  0.2374 -0.1078 55.3438
496 560  0.1462  0.0333 191.0487
528 560  0.1537  0.0763 133.4718
560 560  0.1305  0.0514 100.3702
592 560  0.1245  0.1067 77.5812
624 560  0.0211  0.0746 185.9801
656 560  0.0280  0.0359 135.2796
 16 592 -0.1568 -0.2252 33.3379
 48 592 -0.2274 -0.3788 44.1575
 80 592 -0.4923 -0.7320 61.5797
112 592 -0.8369 -0.9099 65.2452
144 592 -0.7059 -0.6150 184.4275
176 592 -0.8996 -0.6758 76.8670
208 592 -0.8794 -0.8516 200.4201
240 592 -0.5315 -1.0382 56.3182
272 592 -0.3603 -0.9804 131.4625
304 592 -0.1841 -0.6105 21.2254
336 592 -0.0869 -0.9133 179.5453
368 592  0.0225 -0.6821 186.3987
400 592  0.1145 -0.2413 140.6642
432 592  0.2019 -0.2187 139.5648
464 592  0.2480 -0.0606 92.7805
496 592  0.2138  0.0182 104.0323
528 592  0.2969  0.0672 128.1672
560 592  0.2648  0.1152 221.0921
592 592  0.0683  0.1253 40.2386
624 592  0.0983  0.0798 83.9194
656 592  0.0461  0.0735 191.6268
 16 624 -0.2333 -0.1970 187.7781
 48 624 -0.6269 -0.2213 221.6696
 80 624 -0.3222 -0.0889 17.8670
112 624 -1.4698 -0.6463 59.2670
144 624 -0.8355 -0.6293 205.7182
176 624 -0.9459 -0.9154 23.0767
208 624 -0.1207 -0.1246 19.8710
240 624 -0.1033 -0.2810 11.6710
272 624 -0.0956 -0.2983 55.6303
304 624 -0.1798 -1.2909 39.8909
336 624 -0.5015 -1.0623 115.7085
368 624 -0.4356 -0.9463 165.0039
400 624  0.0945 -0.2650 94.8065
432 624  0.0914 -0.3287 147.8827
464 624  0.0761 -0.1705 223.6408
496 624  0.0953 -0.0112 28.0077
528 624  0.0960  0.1729 168.2182
560 624  0.1206  0.1378 127.4088
592 624  0.0580  0.0919 45.2222
624 624  0.0379  0.1493 91.8858
656 624  0.0292  0.1442 106.4747
 16 656 -0.1282 -0.1001 99.8297
 48 656 -0.5492  0.0027 99.8820
 80 656 -0.6653 -0.4484 154.8482
112 656 -1.3621 -0.4781 165.8360
144 656 -0.9158 -1.0366 132.6344
176 656 -0.9457 -1.1894 93.1056
208 656 -1.1181 -1.3527 86.4252
240 656 -1.1624 -1.6577 46.6460
272 656 -1.1690 -1.8577 98.2089
304 656 -0.9568 -1.2184 96.3523
336 656 -1.3218 -1.2941 68.3084
368 656 -0.5661 -0.9991 130.9846
400 656 -1.2252 -1.0517 64.3109
432 656 -0.9369 -0.7870 30.9155
464 656 -0.3290 -0.2727 119.3775
496 656  0.0182  0.0356 115.3476
528 656  0.1062  0.2003 149.8130
560 656  0.1652  0.2021 230.9300
592 656  0.0846  0.2913 69.9818
624 656  0.0473  0.2060 87.7521
656 656  0.0217  0.2186 54.6248
 16 688 -0.2434 -0.1926 100.3538
 48 688 -0.3126 -0.0798 72.9939
 80 688 -0.8407 -0.6283 224.3494
112 688 -0.4192 -0.2314 147.8402
144 688 -0.8201 -0.3361 70.1431
176 688 -0.2781 -0.0894 21.3516
208 688 -1.4427 -1.0705 86.1830
240 688 -0.8020 -0.3537 113.0944
272 688 -0.5357 -0.0376 16.3987
304 688 -0.8168 -0.4015 37.9815
336 688 -1.9200 -1.2252 108.2598
368 688 -2.0224 -1.0628 55.1151
400 688 -1.4507 -0.7621 214.1348
432 688 -1.8930 -0.9747 129.0165
464 688 -1.0052 -0.5011 153.7578
496 688 -0.8780 -0.4415 90.3302
528 688 -0.4021  0.0201 128.6114
560 688 -0.0282  0.2193 128.1485
592 688 -0.0572  0.3316 87.3165
624 688  0.0288  0.2381 88.6003
656 688 -0.0072  0.0547 113.9419
 16 720 -0.1215 -0.0562 173.5384
 48 720 -0.1539 -0.2272 69.9156
 80 720 -0.2220 -0.1003 194.9782
112 720 -1.2060 -0.5679 154.6440
144 720 -1.2546 -0.2564 38.8090
176 720 -1.1701 -0.0577 45.2941
208 720 -1.1071 -0.0880 61.9611
240 720 -0.8998 -0.1463 26.2926
272 720 -1.3327 -0.4704 60.1667
304 720 -2.3528 -1.1246 38.5820
336 720 -2.1922 -0.8064 32.0769
368 720 -2.3585 -0.8760 36.9353
400 720 -1.9059 -1.0383 11.2291
432 720 -2.1750 -0.9323 88.9619
464 720 -1.4180 -0.7407 138.1598
496 720 -1.1340 -0.6949 93.2284
528 720 -0.6704 -0.2270 22.9946
560 720 -0.4919  0.1376 160.5020
592 720 -0.1549  0.2185 135.6960
624 720 -0.0316  0.1450 64.3285
656 720  0.0174  0.1179 128.1926
 16 752 -0.0230 -0.0338 37.8129
 48 752 -0.0940 -0.1464 78.9756
 80 752 -0.2099 -0.1333 51.6972
112 752 -0.3106  0.0446 174.6250
144 752 -0.1656 -0.1100 171.2931
176 752 -0.0982 -0.0080 101.6421
208 752 -0.6929 -0.5575 115.3048
240 752 -1.8147 -1.8224 15.0540
272 752 -2.3163 -1.8769 74.0421
304 752 -2.3209 -0.8922 70.1719
336 752 -1.0925  0.0415 25.8683
368 752 -1.9945 -0.2687 154.3374
400 752 -2.0573 -0.2024 74.8598
432 752 -1.9318 -0.3771 19.1157
464 752 -0.8278 -0.7683 18.0488
496 752 -1.8124 -0.8017 71.6362
528 752 -1.1712 -0.4364 25.9475
560 752 -1.1336 -0.4625 130.7502
592 752 -0.5221  0.0327 23.5048
624 752 -0.3444  0.2098 62.8186
656 752 -0.1437  0.1835 41.5123
 16 784 -0.0189 -0.0104 30.5571
 48 784 -0.0440 -0.0123 111.7284
 80 784 -0.1188 -0.0131 87.8277
112 784 -0.2231 -0.0079 54.4249
144 784 -0.5884 -0.3649 58.1465
176 784 -0.7669 -0.1389 90.3551
208 784 -0.7762 -0.3267 172.7796
240 784 -1.0523 -1.0959 121.0768
272 784 -1.2012 -1.4853 17.8782
304 784 -1.0369 -1.4655 169.6826
336 784 -1.5549  0.6683 27.9738
368 784  0.2526 -0.1735 32.5230
400 784  0.4208 -0.2523 11.3805
432 784  0.6318 -0.0849 19.2577
464 784  0.1553 -0.0644 64.8522
496 784 -0.4728 -0.4214 70.1887
528 784 -1.2683 -0.9132 66.0362
560 784 -0.9499 -0.3244 60.1739
592 784 -0.4945  0.0126 57.6580
624 784 -0.2127  0.1002 64.9588
656 784 -0.1212  0.1638 38.0610
 16 816  0.0048  0.0227 30.9515
 48 816 -0.0287 -0.0360 26.2406
 80 816 -0.0513  0.0160 153.2467
112 816 -0.1245 -0.0193 52.2431
144 816 -0.1792  0.0057 127.9003
176 816 -0.7480 -0.0883 299.3506
208 816 -0.3570 -0.1139 110.8569
240 816 -1.1272 -0.9836 88.7864
272 816 -0.9619 -1.6233 15.4079
304 816 -0.1484 -0.9209 113.0232
336 816  0.1592  0.1590 11.6681
368 816  0.3272  0.0806  8.6644
400 816  0.0391 -0.0445  4.0354
432 816  0.0235 -0.0543  4.0394
464 816  0.0830 -0.2536  4.3436
496 816  0.4428 -0.2647  8.2138
528 816 -0.2557 -0.2621 27.2019
560 816 -0.5282 -0.3856 47.2131
592 816 -0.3727 -0.0067 34.0021
624 816 -0.1540  0.0411 34.2754
656 816 -0.0888  0.2335 25.4058
 16 848  0.0115  0.0042 16.1625
 48 848  0.0279  0.0042 82.4977
 80 848  0.0079  0.0042 242.9487
112 848 -0.0219  0.0351 172.1153
144 848 -0.3735  0.0240 100.2301
176 848 -0.2363  0.0003 195.9768
208 848 -0.2542 -0.1030 141.0168
240 848 -0.2747 -0.7069 194.6048
272 848 -0.8806 -1.7893 12.3815
304 848 -0.2504 -1.3059 21.7044
336 848  0.2201  0.0462 17.9423
368 848  0.1605  0.1884  5.9887
528 848  0.1336 -0.2278 29.0143
560 848 -0.3309  0.0347 31.8290
592 848 -0.2316  0.0124 84.3885
624 848 -0.0901  0.1877 68.0957
656 848 -0.0614  0.1182 40.5820
 16 880 -0.0057  0.0257 14.6845
 48 880  0.0545  0.0243 166.3512
 80 880  0.0341  0.0072 138.6257
112 880  0.0155  0.0233 160.2702
144 880  0.0237  0.0324 199.9451
176 880 -0.0416  0.0121 174.0316
208 880 -0.1171 -0.0300 51.2606
240 880 -0.1488 -0.6727 147.4465
272 880 -0.0742 -0.5740 125.0548
304 880  0.0041 -0.0854 10.4101
336 880  0.0317  1.4962 33.1399
368 880 -0.0462  0.1419  4.2686
432 880  0.0886  0.0504  4.5026
464 880  0.0189  0.0125  4.2139
528 880  0.0519 -0.0156 14.3773
560 880 -0.0548  0.0067 67.8749
592 880 -0.2331  0.1093 52.6947
624 880 -0.0823  0.1932 55.7344
656 880 -0.0952  0.0675 131.4993
 16 912  0.0663  0.0300 28.1619
 48 912  0.0871 -0.0012 46.4415
 80 912  0.0517  0.0109 268.1357
112 912  0.0586 -0.0272 250.7094
144 912  0.1070  0.0202 106.8172
176 912  0.0692  0.0905 172.6318
208 912  0.0477 -0.0181 205.2043
240 912 -0.0103 -0.3134 142.1041
272 912 -0.0022 -0.5999 24.0268
304 912 -0.0376 -0.6537 36.1577
336 912 -0.2810 -1.2479 20.6791
368 912 -0.4810  0.2561  5.5914
528 912  0.0112 -0.0112  4.5221
560 912 -0.0341  0.0532  9.9903
592 912 -0.0546  0.0532 23.8164
624 912 -0.0961  0.1354 42.1809
656 912 -0.1529  0.0966 36.4019
 16 944  0.0845  0.0155 66.5297
 48 944  0.0123  0.0040 16.6947
 80 944  0.0334  0.0399 174.0451
112 944  0.0733  0.0112 292.6154
144 944  0.1377  0.0261 50.3005
176 944  0.3749  0.0472 39.8493
208 944  0.1245 -0.0192 178.9551
240 944  0.1070 -0.1698 224.1834
272 944  0.0729 -0.2307 17.0998
304 944 -0.0237 -0.3664 106.0099
336 944 -0.7928 -1.0798 50.9771
368 944 -0.4096  0.4212 41.4903
400 944 -0.2334  0.3968  4.8280
464 944  0.1098  0.1213  5.2248
496 944  0.0120  0.0235  9.7937
528 944 -0.0097  0.0109  4.8877
592 944 -0.0503  0.0884  5.0837
624 944  0.0366 -0.0222 12.4752
656 944 -0.0561  0.0413 31.8450
 16 976  0.0784  0.0195 66.5098
 48 976  0.0983 -0.0037 67.1980
 80 976  0.0538  0.0179 209.7189
112 976  0.1558  0.0252 293.1842
144 976  0.1653 -0.0461 236.2314
176 976  0.0945  0.0149 85.6185
208 976  0.1365 -0.0143 303.7891
240 976  0.1118 -0.0770 174.7391
272 976  0.2700 -0.0891 122.7798
304 976 -0.0675 -0.3530 137.8516
336 976 -0.0747 -0.7702 54.2672
368 976 -0.0528 -0.1486 19.9669
400 976 -0.1907  0.2282 81.5175
432 976  0.4462  0.2549 34.7260
464 976 -0.0047 -0.0288 15.0313
496 976  0.2455 -0.2731 23.8651
528 976  0.0116  0.0149 22.8507
560 976  0.0596 -0.0094  5.9123
592 976 -0.1051  0.0831  4.3523
624 976 -0.2147  0.2727  5.8482
656 976 -0.0632  0.0412  8.0557
 16 1008  0.0827  0.0067 54.2224
 48 1008  0.0558  0.0193 43.4865
 80 1008  0.1926  0.0254 143.9643
112 1008  0.3099  0.0063 96.6987
144 1008  0.5367  0.0843 234.5399
176 1008  0.1790 -0.0205 285.2083
208 1008  0.2115 -0.0287 126.1244
240 1008  0.1713 -0.2419 138.2088
272 1008  0.1952 -0.2651 84.4936
304 1008  0.0981 -0.3752 134.8631
336 1008  0.0475 -0.5836 105.6053
368 1008 -0.0612 -0.4829 120.1962
400 1008  0.0098 -0.0397 15.9360
432 1008  0.2043 -0.2245 23.3246
464 1008  0.5965 -0.2301 126.8491
496 1008  0.1012 -0.0678 28.2263
528 1008  0.0488  0.0107 13.7624
560 1008  0.0081  0.0304 10.4642
 16 1040  0.1749  0.0137 233.6422
 48 1040  0.0752 -0.0063 34.9268
 80 1040  0.1630  0.0319 128.9852
112 1040  0.2747 -0.0093 137.7704
144 1040  0.4381  0.0064 44.4880
176 1040  0.1296 -0.0506 186.2662
208 1040  0.3863 -0.0293 105.4323
240 1040  0.1559 -0.0527 70.5416
272 1040  0.0908 -0.0385 13.3791
304 1040  0.1738 -0.1428 45.9203
336 1040  0.2374 -0.2829 166.3714
368 1040  0.2265 -0.2560 37.4972
400 1040  0.0891 -0.1203 13.1702
432 1040  0.0442 -0.2450 22.9937
464 1040  0.0448 -0.0529 14.5605
496 1040  0.0791 -0.0962 10.8017
528 1040  0.0490 -0.0385 26.2276
560 1040  0.0170 -0.0686 11.8796
592 1040 -0.0296 -0.0417  5.5103
624 1040 -0.0549 -0.0398  5.4283
656 1040 -0.1226  0.1105  7.1101
 16 1072  0.0837  0.0024 117.5703
 48 1072  0.1011 -0.0096 157.8146
 80 1072  0.1416  0.0317 264.7299
112 1072  0.2601 -0.0308 23.2002
144 1072  0.1537 -0.0492 92.8280
176 1072  0.2634 -0.0533 56.2050
208 1072  0.4235  0.0170 119.9863
240 1072  0.1094 -0.0778 49.6231
272 1072  0.1008 -0.0714 55.8504
304 1072  0.0611 -0.0990 29.5720
336 1072  0.3946 -0.2447 124.1603
368 1072  0.2157 -0.2710 184.3242
400 1072  0.0368 -0.0482 14.2888
432 1072  0.0061 -0.2022 23.2733
464 1072  0.0324 -0.0285 14.2152
496 1072  0.0600 -0.0707 16.0851
528 1072  0.0020 -0.0196 10.9820
560 1072  0.0040  0.0183 15.8537
592 1072  0.0337  0.0191 21.1645
624 1072 -0.0363  0.0009 23.4393
656 1072 -0.0373  0.0313 23.3422
 16 1104  0.0535  0.0019 22.7378
 48 1104  0.0685 -0.0042 34.7439
 80 1104  0.0928  0.0145 179.5442
112 1104  0.0627  0.0238 89.1340
144 1104  0.0621 -0.0101 49.7584
176 1104  0.0798  0.0126 45.3708
208 1104  0.1175 -0.0892 231.9186
240 1104  0.1675 -0.0680 48.2772
272 1104  0.1881 -0.1446 327.5339
304 1104  0.2609 -0.0639 93.2122
336 1104  0.3567 -0.1406 141.8307
368 1104  0.4358 -0.2130 76.1461
400 1104  0.0281 -0.0097 17.2827
432 1104  0.0991 -0.1250 24.2861
464 1104  0.1834 -0.1809 36.0386
496 1104  0.2134 -0.1918 34.9207
528 1104  0.0243 -0.0340 14.0743
560 1104  0.0059 -0.0438 12.7567
592 1104  0.0060  0.0003 13.5797
624 1104  0.0052  0.0263 15.7620
656 1104 -0.0070 -0.0033 18.7507
 16 1136  0.0285 -0.0114 15.9270
 48 1136  0.0744  0.0030 77.3288
 80 1136  0.1321  0.0071 49.3278
112 1136  0.2268 -0.0326 79.0857
144 1136  0.2284 -0.0166 58.1955
176 1136  0.1122 -0.0202 202.4893
208 1136  0.2357 -0.1326 100.7500
240 1136  0.1111 -0.1201 136.2547
272 1136  0.0826 -0.0538 36.4475
304 1136  0.1393 -0.1602 146.7631
336 1136 -0.1267 -0.0772 79.5058
368 1136  0.3861 -0.1450 263.9423
400 1136  0.0520 -0.0184 20.1284
432 1136  0.0498 -0.1161 13.1793
464 1136  0.1011 -0.0762 32.1212
496 1136  0.0274 -0.0211 11.0675
528 1136  0.0201 -0.0377 14.4206
560 1136 -0.0108 -0.0088 17.8772
592 1136 -0.0161  0.0246 11.8276
624 1136 -0.0020 -0.0112 37.2436
656 1136  0.0866  0.0420 33.3506
 16 1168  0.0035 -0.0014 13.3272
 48 1168  0.0002  0.0166 14.3707
 80 1168  0.2783 -0.0146 58.5564
112 1168  0.0597 -0.0128 71.9409
144 1168  0.0425 -0.0076 298.2865
176 1168  0.0688  0.0024 74.6113
208 1168  0.0711 -0.0509 128.0056
240 1168  0.1113 -0.0802 287.8678
272 1168  0.1156 -0.1265 47.9264
304 1168  0.0728 -0.0704 87.4617
336 1168  0.6249 -0.0262 135.3145
368 1168  0.1509 -0.2743 111.1691
400 1168 -0.0128 -0.0359 13.8707
432 1168  0.1426 -0.1090 20.8462
464 1168  0.0864 -0.0255 14.2039
496 1168  0.0177 -0.0763 22.3624
528 1168 -0.0058 -0.0180 12.0970
560 1168  0.0162 -0.0164 11.2089
592 1168 -0.0190 -0.0496 13.6190
624 1168  0.0038 -0.0121  9.6834
656 1168 -0.0008  0.0072 27.9774
 16 1200  0.0253  0.0258 11.5193
 48 1200  0.0048 -0.0230 15.6239
 80 1200  0.0513  0.0261 99.3225
112 1200  0.0745 -0.0387 164.0897
144 1200  0.0333  0.0126 93.2299
176 1200  0.0726 -0.0959 144.8819
208 1200  0.0805 -0.0491 182.4271
240 1200  0.0679 -0.1107 263.4586
272 1200  0.0966 -0.0207 24.0504
304 1200  0.1041 -0.0932 50.2675
336 1200  0.1640 -0.1226 169.7033
368 1200  0.2953 -0.2363 79.8220
400 1200  0.0470 -0.0338 18.5094
432 1200 -0.0004 -0.0027 12.3755
464 1200 -0.0216 -0.0448 12.1993
496 1200  0.0475 -0.0640 21.0573
528 1200  0.0085 -0.0773 17.0900
560 1200 -0.0172 -0.0462 13.8650
592 1200  0.0120 -0.0097 15.6677
624 1200  0.0151 -0.0384 12.7656
656 1200  0.0253  0.0022 23.8269
  0   0 -0.0671  0.0159  0.0000
  0   0 -0.0016 -0.0615  0.0000
  0   0 -0.0224 -0.0380  0.0000
  0   0 -0.1035 -0.0178  0.0000
  0   0 -0.1233  0.0361  0.0000
  0   0 -0.1024  0.0493  0.0000
  0   0 -0.1064  0.0520  0.0000
  0   0 -0.0913  0.0812  0.0000
  0   0 -0.1419  0.1119  0.0000
  0   0 -0.0904  0.1092  0.0000
  0   0 -0.0450  0.0866  0.0000
  0   0  0.0215  0.0854  0.0000
  0   0  0.0740  0.0329  0.0000
  0   0  0.0807  0.0133  0.0000
  0   0  0.1217 -0.0946  0.0000
