VARIABLES= "X pix", "Y pix", "U pix/dt", "V pix/dt", "CHC", ZONE I=21, J=30
 16 272 -0.0603 -0.0780 53.9657
 48 272 -0.0817 -0.0876 248.3056
 80 272 -0.1031 -0.3336 183.6121
112 272 -0.4795 -0.0881 212.8119
144 272 -0.0869 -0.1311 105.8037
176 272 -0.1421 -0.1192 162.2539
208 272 -0.1089 -0.1004 145.9293
240 272 -0.0136 -0.0371 25.9179
272 272 -0.0184 -0.0310 45.0804
304 272 -0.0564 -0.0395 134.3752
336 272 -0.0434 -0.0161 170.3286
368 272 -0.0353 -0.0058 185.0515
400 272 -0.0469  0.0287 253.4138
432 272 -0.0172  0.0244 209.1412
464 272 -0.0096  0.0414 130.2265
496 272 -0.0543  0.0138 307.7549
528 272 -0.0350  0.0432 87.6809
560 272 -0.1148  0.0189 20.6599
592 272  0.0021  0.0103 176.2363
624 272 -0.0240  0.0279 136.8643
656 272  0.0078  0.0037 148.2062
 16 304 -0.2630 -0.0625 41.0086
 48 304 -0.3238 -0.0730 84.8597
 80 304 -0.1105 -0.1969 212.1602
112 304 -0.4172 -0.1888 176.0445
144 304 -0.5154 -0.0773 151.1178
176 304 -0.0476 -0.0765 79.0349
208 304 -0.1093 -0.1201 201.2164
240 304 -0.0743 -0.1832 90.9776
272 304 -0.0475 -0.0560 275.2950
304 304 -0.1238 -0.0472 151.2170
336 304 -0.0982 -0.0238 96.2829
368 304 -0.0575  0.0146 110.4402
400 304 -0.0271 -0.0116 60.5685
432 304 -0.0257  0.0118 149.0518
464 304 -0.0253  0.0227 174.9354
496 304 -0.0203  0.0570 126.7132
528 304 -0.0377  0.0275 137.7846
560 304 -0.0293  0.1106 154.5733
592 304  0.0120  0.0146 167.8098
624 304 -0.0078  0.0337 136.4766
656 304 -0.0248  0.0313 55.0073
 16 336 -0.3850  0.0154 54.3021
 48 336 -0.0500 -0.1941 180.3270
 80 336 -0.2796 -0.2053 94.8386
112 336 -0.2915 -0.1753 199.2189
144 336 -0.1300 -0.1643 303.9836
176 336 -0.0955 -0.1159 415.8391
208 336 -0.1096 -0.0954 47.1538
240 336 -0.1211 -0.1751 109.7831
272 336 -0.1576 -0.1586 56.5148
304 336 -0.0938 -0.0981 141.8212
336 336 -0.0548 -0.1026 196.8198
368 336 -0.0294 -0.0115 165.4297
400 336 -0.0440 -0.0060 174.0364
432 336 -0.0069  0.0526 155.1927
464 336 -0.0569  0.0376 152.6363
496 336 -0.1027  0.0638 72.6369
528 336 -0.0166  0.0088 156.4871
560 336  0.0091  0.0137 154.2105
592 336  0.0040  0.0400 214.9401
624 336 -0.0106  0.0222 127.1168
656 336 -0.0087  0.0224 121.3299
 16 368 -0.0739 -0.0177 20.3234
 48 368 -0.2012 -0.1833 248.1302
 80 368 -0.3111 -0.2984 120.6974
112 368 -0.2725 -0.1521 42.3512
144 368 -0.1913 -0.2559 40.1841
176 368 -0.1675 -0.2187 98.0934
208 368 -0.2105 -0.2123 239.5479
240 368 -0.0920 -0.1179 56.6968
272 368 -0.1175 -0.1247 79.9086
304 368 -0.0716 -0.0480 271.5997
336 368 -0.0081 -0.0284 310.4982
368 368 -0.0368 -0.0297 171.1187
400 368 -0.0134 -0.0516 102.4018
432 368 -0.0308  0.0034 215.1155
464 368 -0.0224  0.0481 95.9866
496 368 -0.0601  0.0346 277.6624
528 368 -0.0257  0.0360 122.8530
560 368 -0.0245  0.0374 49.3165
592 368 -0.0352  0.0137 107.3739
624 368  0.0005  0.0409 161.9237
656 368 -0.0369  0.0183 103.3425
 16 400 -0.4754 -0.2750 54.8659
 48 400 -0.2861 -0.4517 223.4026
 80 400 -0.4381 -0.3696 183.8610
112 400 -0.2616 -0.2652 142.1993
144 400 -0.2749 -0.3035 186.4459
176 400 -0.2606 -0.2993 163.6405
208 400 -0.2353 -0.4504 161.3939
240 400 -0.1842 -0.2001 285.8639
272 400 -0.0908 -0.1032 33.1138
304 400 -0.1600 -0.1131 278.2974
336 400 -0.0845 -0.0394 27.2089
368 400 -0.0241 -0.0405 26.5040
400 400 -0.0297 -0.0133 102.7495
432 400 -0.0338  0.0035 159.0284
464 400 -0.0286  0.0105 133.6231
496 400 -0.0075  0.0115 21.2544
528 400 -0.0158  0.0180 123.4343
560 400 -0.0223  0.0326 219.0987
592 400 -0.0001  0.0237 203.7134
624 400 -0.0007  0.0142 173.3058
656 400  0.0042  0.0142 159.7923
 16 432 -0.1716 -0.0513 42.5746
 48 432 -0.4798 -0.1458 124.1945
 80 432 -0.7453 -0.6794 142.0525
112 432 -0.3440 -0.2144 39.0041
144 432 -0.2721 -0.3554 183.5209
176 432 -0.3032 -0.3828 173.9223
208 432 -0.2056 -0.2729 156.7929
240 432 -0.1747 -0.3349 226.9711
272 432 -0.1161 -0.1761 223.5761
304 432 -0.0099 -0.1239 29.8499
336 432 -0.0940 -0.0474 320.9071
368 432 -0.0743 -0.0982 154.4321
400 432 -0.0828 -0.0345 143.3680
432 432  0.0464 -0.0134 175.2404
464 432 -0.0476  0.0006 157.3290
496 432 -0.0247  0.0188 206.4956
528 432  0.0018  0.0257 100.8257
560 432 -0.0193  0.0331 114.0855
592 432 -0.0075 -0.0221 75.4649
624 432  0.0136 -0.0033 179.3362
656 432  0.0139  0.0496 74.5135
 16 464 -0.2154 -0.1822 151.7851
 48 464 -0.6620 -0.7197 78.2486
 80 464 -0.2652 -1.0057 147.6663
112 464 -0.3390 -0.2664 223.7896
144 464 -0.5457 -0.4036 46.3411
176 464 -0.3974 -0.4003 64.8703
208 464 -0.4114 -0.2155 57.8774
240 464 -0.2578 -0.4369 286.4051
272 464 -0.0697 -0.1670 83.7450
304 464 -0.2246 -0.1428 247.1348
336 464 -0.1834 -0.0932 181.9177
368 464 -0.1058 -0.0990 260.7626
400 464 -0.0517 -0.0435 34.4352
432 464 -0.1205 -0.0043 49.4245
464 464 -0.0421  0.0154 145.3660
496 464 -0.0440  0.0047 199.3961
528 464 -0.0131  0.0090 126.3486
560 464 -0.0290  0.0249 168.9919
592 464 -0.0141 -0.0029 138.8384
624 464  0.0026  0.0132 225.9948
656 464 -0.0136 -0.0083 87.8385
 16 496 -0.8481 -0.6647 60.7053
 48 496 -0.7824 -0.2539 101.7706
 80 496 -0.5649 -0.6854 116.4020
112 496 -0.7021 -0.3690 217.8700
144 496 -0.4841 -0.2934 125.4672
176 496 -0.3556 -0.5441 108.9717
208 496 -0.4322 -0.3489 39.7323
240 496 -0.1759 -0.1599 169.0007
272 496 -0.3271 -0.2901 49.3778
304 496 -0.1346 -0.1346 122.9928
336 496 -0.1110 -0.1457 205.7090
368 496 -0.0819 -0.1203 50.6746
400 496 -0.1043 -0.0622 63.9120
432 496 -0.0570 -0.0178 146.9236
464 496 -0.0389 -0.0513 254.3462
496 496 -0.0587  0.0079 371.3896
528 496 -0.0271  0.0045 100.6663
560 496 -0.0019  0.0059 83.8242
592 496  0.0053 -0.0196 29.5319
624 496  0.0225 -0.0274 99.4222
656 496  0.0280 -0.0265 156.9596
 16 528 -1.1398 -0.5607 22.8285
 48 528 -0.4832 -0.2537 80.0277
 80 528 -0.4639 -0.5528 250.6730
112 528 -1.1126 -0.5981 136.6055
144 528 -0.6153 -0.1706 153.0063
176 528 -0.1183 -0.4281 440.2009
208 528 -0.4696 -0.4758 168.5892
240 528 -0.4552 -0.3138 125.8233
272 528 -0.2717 -0.3556 55.7528
304 528  0.0333 -0.3337 208.2671
336 528 -0.1962 -0.1607 265.4753
368 528 -0.1182 -0.0451 62.5355
400 528 -0.1612 -0.1580 151.2584
432 528 -0.0727 -0.0296 162.8568
464 528 -0.0728 -0.0279 224.0516
496 528 -0.0139 -0.0132 56.8699
528 528 -0.1091 -0.0075 246.6763
560 528 -0.0220 -0.0420 167.4702
592 528 -0.0102 -0.0513 80.7157
624 528  0.0284 -0.0022 65.4706
656 528  0.0185 -0.0316 105.8351
 16 560 -0.2130 -0.1069 25.8793
 48 560 -0.7035 -0.2300 178.6179
 80 560 -1.0844 -0.2761 92.1764
112 560 -0.1626 -0.5115 94.9407
144 560 -0.4566 -0.6210 52.2834
176 560 -0.4630 -0.6018 129.1952
208 560 -0.9756 -0.8775 66.1194
240 560 -0.3630 -0.5309 77.3818
272 560 -0.2578 -0.4367 70.1218
304 560 -0.3235 -0.4450 195.6885
336 560 -0.2864 -0.2057 77.2517
368 560 -0.2614 -0.2160 115.3474
400 560 -0.1655 -0.0636 24.4392
432 560 -0.1263 -0.0262 24.2637
464 560 -0.2079 -0.0166 154.5386
496 560 -0.1621 -0.0731 96.7648
528 560 -0.0682 -0.0239 117.9815
560 560 -0.0150 -0.0696 146.5052
592 560 -0.0184 -0.1166 104.3915
624 560  0.0318 -0.0288 158.5858
656 560  0.0126 -0.1101 123.1456
 16 592 -0.1343 -0.1169 103.7818
 48 592 -1.2423 -1.1513 15.4033
 80 592 -0.5293 -0.5593 124.3161
112 592 -0.9271 -0.7702 244.5038
144 592 -1.0663 -0.8560 93.6227
176 592 -0.8388 -0.8416 154.6717
208 592 -1.1937 -0.9203 124.1074
240 592 -0.7068 -0.5801 183.2363
272 592 -0.5417 -0.4105 167.4887
304 592 -0.1663 -0.4188 74.6719
336 592 -0.4678 -0.3924 134.5906
368 592 -0.3215 -0.1245 130.4831
400 592 -0.3134 -0.0628 148.6107
432 592 -0.2927 -0.0933 125.2236
464 592 -0.1910 -0.0370 108.8530
496 592 -0.6104 -0.3302 77.4415
528 592 -0.1777 -0.0259 160.6684
560 592 -0.0497 -0.1354 141.4895
592 592  0.0414 -0.1855 132.7952
624 592  0.0219 -0.2451 99.4303
656 592  0.1126 -0.2571 146.1645
 16 624 -0.1369 -0.1440 22.5780
 48 624 -1.1194 -0.3869 203.1301
 80 624 -0.7295 -0.6553 65.1805
112 624 -1.2659 -0.3031 29.0716
144 624 -0.8325 -0.8436 35.4626
176 624 -0.8333 -1.1896 44.8227
208 624 -0.8989 -0.7715 154.2543
240 624 -0.3703 -0.2941 15.8734
272 624 -1.3949 -0.8400 222.4776
304 624 -0.8522 -0.8829 173.0201
336 624 -0.6743 -0.2097 25.8651
368 624 -0.2902 -0.0922 18.6191
400 624 -0.4712 -0.0866 174.6251
432 624 -0.5328 -0.0667 91.0162
464 624 -0.3978 -0.0065 295.1935
496 624 -0.4138 -0.1187 139.6841
528 624 -0.2696 -0.1429 63.9671
560 624 -0.1459 -0.2677 97.9465
592 624 -0.0331 -0.2702 125.3230
624 624  0.0493 -0.3903 162.4591
656 624  0.1927 -0.3587 125.1218
 16 656 -0.2020 -0.1403 50.6435
 48 656 -0.1656 -0.1489 86.4849
 80 656 -0.4482 -0.1207 73.6772
112 656 -0.8792 -0.4241 107.4805
144 656 -1.1565 -0.7792 172.1864
176 656 -0.8684 -0.8189 36.6241
208 656 -0.9795 -0.7980 58.8287
240 656 -0.8930 -0.8883 24.4654
272 656 -1.0635 -1.0001 83.8011
304 656 -0.4657 -0.2736 133.9224
336 656 -0.6477 -0.3554 108.2805
368 656 -0.7616 -0.1645 72.8622
400 656 -0.5558 -0.0132 109.0585
432 656 -0.7377  0.0641 189.8196
464 656 -0.5816  0.0019 112.5185
496 656 -0.4696 -0.0347 159.2738
528 656 -0.0843 -0.2804 248.8891
560 656 -0.0045 -0.2179 171.9855
592 656 -0.0724 -0.4731 60.6697
624 656  0.0712 -0.4267 78.6570
656 656  0.0457 -0.4020 161.4748
 16 688 -0.0588 -0.1125 66.7864
 48 688 -0.0166 -0.1784 265.0442
 80 688 -0.1507 -0.1549 155.2345
112 688 -0.2526 -0.0654 25.3640
144 688 -0.8055 -0.5524 90.6929
176 688 -0.7540 -0.1668 120.4611
208 688 -0.9422 -0.6309 111.2514
240 688 -1.1189 -1.2878 82.8671
272 688 -0.8370 -0.5082 77.6193
304 688 -0.7784 -0.4141 38.6127
336 688 -0.7132 -0.3712 142.8457
368 688 -0.6197 -0.1318 165.2163
400 688 -0.3818 -0.0003 141.6370
432 688 -0.3438  0.0389 36.0197
464 688 -0.1381 -0.0804 82.7446
496 688 -0.2504 -0.1812 179.3014
528 688 -0.0096 -0.3014 47.1396
560 688 -0.1466 -0.9102 172.8417
592 688 -0.1078 -0.7083 70.1286
624 688 -0.0234 -0.4786 43.3701
656 688 -0.0445 -0.2928 38.4590
 16 720 -0.0434 -0.0400 33.8287
 48 720 -0.0895 -0.1035 259.6295
 80 720 -0.2595 -0.0950 187.4481
112 720 -0.2328 -0.3992 166.9785
144 720 -0.3930 -0.3437 186.4283
176 720 -0.3310 -0.2185 117.4628
208 720 -0.2648 -0.3807 75.9066
240 720 -0.9686 -0.8749 132.3246
272 720 -0.8201 -0.6919 13.6111
304 720 -0.8889 -0.3477 118.5809
336 720 -0.4273 -0.3497 45.5830
368 720 -0.2095  0.0090 138.4530
400 720 -0.2065  0.0500 93.9382
432 720  0.3028  0.1819 128.5238
464 720 -0.0172 -0.1228 101.1229
496 720  0.7209 -1.4619 166.9666
528 720  0.4179 -1.0050 244.5267
560 720  0.2718  0.0044 15.0738
592 720  0.0403 -0.2984 23.3575
624 720 -0.0168 -0.4919 127.5380
656 720 -0.0628 -0.4101 108.7528
 16 752  0.0110 -0.0007 86.1451
 48 752 -0.0999 -0.0347 163.5747
 80 752 -0.0069 -0.0403 301.9414
112 752 -0.0885 -0.1402 107.0355
144 752 -0.1173 -0.2626 101.8573
176 752 -0.9531 -0.7984 50.4904
208 752 -0.8527 -0.9112 116.2409
240 752 -0.5694 -0.6856 107.5863
272 752 -0.3529 -0.2348 22.3751
304 752 -0.1606 -0.3634 177.9227
336 752 -0.0276 -0.4204 318.7011
368 752  0.0464  0.0042 278.5769
400 752  0.1659 -0.0357 131.6508
432 752  0.7578  0.1325 117.7011
464 752  0.8918 -0.1674 171.2822
496 752  1.3643 -0.9129 77.2063
528 752  0.1575 -0.2682 23.3111
560 752  0.5528 -0.0641  9.1025
592 752  0.2188  0.2357 10.3355
624 752 -0.1054  0.0661  9.1110
656 752 -0.0263  0.0176 19.6681
 16 784  0.0459  0.0045 47.2160
 48 784 -0.0102 -0.0496 74.0730
 80 784 -0.0520 -0.1956 248.7177
112 784 -0.0688 -0.1516 178.3858
144 784 -0.0865 -0.1288 215.5558
176 784 -0.1595 -0.2870 146.0446
208 784 -0.1158 -0.5712 278.6220
240 784 -0.1591 -0.4140 69.3593
272 784 -0.3255 -0.7929 126.9686
304 784 -0.2013 -0.1572 142.4848
336 784 -0.0184 -0.2071 156.2771
368 784  0.5014 -0.0447 102.4632
400 784  1.2100  0.1805 145.0569
432 784  1.3078  0.0800 166.9239
464 784  2.0324 -0.1659 81.3663
496 784  1.8096 -0.8254 25.7006
528 784  0.0637 -0.0160 16.2202
560 784  0.1869  0.2266  9.1622
592 784  0.1159  0.1216 25.9711
624 784 -0.0097  0.0092 20.7999
656 784 -0.0324  0.0787  7.8794
 16 816  0.0957 -0.0167 49.5113
 48 816 -0.0059  0.0013 16.7572
 80 816  0.0691 -0.0786 222.4402
112 816  0.0561 -0.1976 53.2074
144 816  0.0418 -0.1114 181.3063
176 816  0.0530 -0.2471 240.9795
208 816 -0.1010 -0.1903 161.8873
240 816 -0.0416 -0.4301 167.9366
272 816  0.0092 -0.3679 37.2932
304 816  0.0325 -0.0154 12.1971
336 816  0.1890 -0.2489 31.8874
368 816  0.6524 -0.1844 101.3870
400 816  1.2565  0.0707 122.8128
432 816  1.7883  0.1902 64.0357
464 816  1.8768 -0.1135 35.2333
496 816  0.1174 -0.0659 13.7995
528 816  0.0774  0.0037  6.8423
560 816  0.0690  0.0894  7.5954
592 816  0.0748  0.0000 16.2161
624 816 -0.0221  0.0702  9.5326
656 816 -0.0049  0.0023 11.9351
 16 848  0.0141 -0.0054 39.1863
 48 848  0.1187  0.0311 47.4581
 80 848  0.0366 -0.0258 30.1081
112 848  0.2003 -0.1331 91.9883
144 848  0.0993 -0.1371 250.1320
176 848  0.2271 -0.1918 104.9836
208 848  0.1001 -0.3616 212.5562
240 848  0.4254 -0.5171 61.1620
272 848  0.3064 -0.6330 26.0034
304 848  0.3661 -0.6092 135.4247
336 848  0.7563 -0.1779 69.4050
368 848  0.9363 -0.2185 209.1795
400 848  1.4407  0.0478 57.4697
432 848  1.4893  0.1012 42.6663
464 848  1.7434 -0.0051 20.5492
496 848  0.0378  0.0241 17.1800
528 848 -0.0080  0.0028  4.9893
560 848  0.0287  0.0323 33.9606
592 848  0.0572  0.0622 22.6582
624 848  0.0004  0.0247 40.3849
656 848 -0.0139  0.0134 25.8899
 16 880  0.0368 -0.0179 23.9749
 48 880  0.0408 -0.0273 14.5161
 80 880  0.1113 -0.0280 180.4620
112 880  0.1734 -0.1096 192.0927
144 880  0.1265 -0.1398 259.1170
176 880  0.3541 -0.2668 124.2157
208 880  0.1956 -0.3526 98.1321
240 880  0.1550 -0.6846 168.2445
272 880  0.1834 -0.5434 30.6346
304 880  0.3442 -0.3880 79.2575
336 880  0.9133 -0.5665 70.8880
368 880  1.1019 -0.2411 127.2884
400 880  1.7594 -0.0616 17.7435
432 880  1.0266  0.0643 19.7526
464 880  0.6330  0.0253 27.7410
496 880  0.0496  0.0449  5.8036
528 880 -0.0197 -0.0022  8.2327
560 880  0.0328  0.0183 52.2115
592 880 -0.0027  0.0470 49.8073
624 880 -0.0110  0.0582 56.9445
656 880 -0.0261  0.0496 62.6456
 16 912  0.0787 -0.0304 204.6408
 48 912 -0.0090 -0.0034 14.8135
 80 912  0.0809 -0.0787 270.4409
112 912  0.1537 -0.1021 47.4566
144 912  0.2096 -0.1539 139.9665
176 912  0.2261 -0.1548 213.9162
208 912  0.1116 -0.1208 21.4067
240 912  0.1195 -0.3589 95.0809
272 912  1.1073 -1.0236 193.4808
304 912  0.8170 -0.7851 56.5237
336 912  0.6979 -0.7101 93.2981
368 912  1.4484 -0.3039 46.9392
400 912  1.0196  0.1521 32.1161
432 912  0.0908  0.0087 17.4430
464 912  0.0403  0.0266  9.2044
496 912  0.0702 -0.0329  4.0554
528 912  0.0032 -0.0037  4.7970
560 912 -0.0057 -0.1793  8.1226
592 912 -0.0119 -0.1980  7.5111
624 912  0.0613 -0.0729  8.5809
656 912  0.1057 -0.0839 18.6074
 16 944  0.0667 -0.0133 23.0537
 48 944  0.2113 -0.0049 51.3161
 80 944  0.3258 -0.0676 122.2713
112 944  0.0760 -0.0732 191.7156
144 944  0.1857  0.0145 101.0584
176 944  0.1023 -0.1295 276.8073
208 944  0.3588 -0.3677 186.5318
240 944  0.2488 -0.2794 149.4668
272 944  0.7705 -0.7466 20.2601
304 944  0.4994 -0.6570 66.2289
336 944  0.4716 -0.2010 35.1775
368 944  0.5495 -0.1848 89.4617
400 944  0.0098  0.0104 13.8860
432 944  0.0159 -0.0161 14.2325
464 944  0.0022 -0.0437  5.4677
496 944 -0.0105 -0.0252  8.2491
528 944 -0.0183 -0.0065  4.6030
656 944  0.2133 -0.2338  4.7871
 16 976  0.0180  0.0067 124.0349
 48 976  0.0447  0.0005 15.6505
 80 976  0.0812 -0.0729 233.6582
112 976 -0.0976 -0.0457 42.7834
144 976  0.1576 -0.1816 222.2029
176 976  0.1640 -0.1528 46.6969
208 976  0.1577 -0.1792 88.2734
240 976  0.0923 -0.5146 65.1527
272 976  0.1415 -0.6621 71.5587
304 976  0.0362 -0.8562 137.2191
336 976  0.0065 -0.1072 71.5028
368 976 -0.0188 -0.0094 24.6135
400 976  0.0075 -0.0281 11.9541
432 976 -0.0215 -0.0363  7.6872
464 976 -0.0436 -0.0430 21.6419
496 976 -0.0436 -0.0055 20.1404
528 976 -0.2945 -0.0771  5.9752
 16 1008  0.1173 -0.0155 57.4252
 48 1008  0.0715 -0.0350 47.0467
 80 1008  0.0341 -0.0334 91.9780
112 1008  0.1739 -0.1900 67.4007
144 1008  0.0781 -0.1689 240.9060
176 1008  0.1406 -0.2035 141.9590
208 1008  0.0710 -0.1146 120.1684
240 1008  0.1083 -0.2498 60.9297
272 1008  0.0519 -0.3906 37.0789
304 1008  0.0008 -0.4161 34.4401
336 1008 -0.0143 -0.0720 23.7256
368 1008 -0.0130  0.0191 11.4003
400 1008  0.0283 -0.0773  9.2533
432 1008 -0.0217 -0.0210 17.5589
464 1008 -0.0501 -0.0504 95.3280
496 1008 -0.0435 -0.0601 27.2613
528 1008  0.0048 -0.0348 11.7563
560 1008  0.0775 -0.1323  5.3175
 16 1040  0.0301  0.0164 37.3435
 48 1040  0.0786 -0.0043 207.9397
 80 1040  0.0638 -0.0461 196.8121
112 1040  0.0847 -0.0817 204.2357
144 1040  0.0295 -0.0530 256.1062
176 1040  0.1526 -0.1892 113.2875
208 1040  0.0313 -0.1416 192.3394
240 1040  0.0231 -0.1711 47.7444
272 1040  0.0793 -0.3197 106.5664
304 1040 -0.0382 -0.4647 104.8946
336 1040 -0.0021 -0.0465 43.9068
368 1040 -0.0050  0.0051 12.3080
400 1040  0.0057  0.0021 42.6611
432 1040  0.0141  0.0103 20.0705
464 1040 -0.0498 -0.0280 123.2024
496 1040 -0.0285 -0.0238 30.3043
528 1040 -0.1138  0.2021  8.1801
560 1040  0.0299  0.0248 11.7394
592 1040  0.1344  0.0525  5.2160
 16 1072  0.0436 -0.0225 62.8050
 48 1072  0.0695 -0.0858 46.3156
 80 1072  0.1274 -0.0201 63.9098
112 1072  0.0705 -0.0149 46.3812
144 1072  0.0509 -0.1116 152.9624
176 1072  0.0911 -0.1156 247.2289
208 1072  0.0292 -0.0527 37.5173
240 1072  0.0213 -0.2091 78.6456
272 1072 -0.0165 -0.2441 28.8971
304 1072 -0.0153 -0.3565 149.9246
336 1072 -0.0433 -0.1291 174.1335
368 1072 -0.0342 -0.0164 96.5154
400 1072 -0.0178 -0.0466 93.6221
432 1072  0.0057 -0.1458 303.9134
464 1072 -0.0041 -0.0342 35.8407
496 1072  0.0136 -0.0352 16.7172
528 1072 -0.0309  0.0571 16.8429
560 1072 -0.0133  0.0049 10.4866
592 1072 -0.0012 -0.0138 10.4530
624 1072 -0.0103 -0.0434  5.4785
656 1072  0.0791  0.1224  5.9610
 16 1104  0.0438 -0.0097 89.3039
 48 1104 -0.0036 -0.0131 36.7889
 80 1104  0.0479 -0.0311 201.1516
112 1104  0.0677 -0.1260 66.8843
144 1104  0.0489 -0.0653 141.9345
176 1104  0.0770 -0.1356 172.0048
208 1104  0.0237 -0.0567 112.4223
240 1104  0.0282 -0.1830 222.4853
272 1104  0.0556 -0.1516 102.1102
304 1104  0.0305 -0.1542 124.3264
336 1104 -0.0061 -0.0937 253.0788
368 1104 -0.0070 -0.1025 161.2965
400 1104  0.0102 -0.0606 159.2298
432 1104  0.0167 -0.1007 36.8398
464 1104  0.0002 -0.0465 23.4152
496 1104  0.0215 -0.0106 12.2733
528 1104  0.0007 -0.0066 28.5131
560 1104 -0.0175  0.3585 11.3919
592 1104  0.0106  0.0480 15.2955
624 1104  0.0026  0.0004 14.7256
656 1104  0.1881  0.0208 13.6653
 16 1136  0.0485 -0.0266 17.5621
 48 1136 -0.0079  0.0317 17.6857
 80 1136  0.0565 -0.0198 250.9644
112 1136  0.0827 -0.0768 64.3234
144 1136  0.0262 -0.0600 197.5640
176 1136  0.1000 -0.0409 159.6536
208 1136  0.0231 -0.1756 119.7117
240 1136  0.0678 -0.1383 32.6534
272 1136  0.0159 -0.1502 75.1765
304 1136  0.0109 -0.1105 99.2423
336 1136  0.0188 -0.1769 100.9702
368 1136  0.0061 -0.1154 146.8717
400 1136  0.0039 -0.0897 122.4037
432 1136 -0.0003 -0.0396 46.0045
464 1136  0.0193 -0.0387 25.8680
496 1136 -0.0249  0.0535 40.4155
528 1136  0.0277 -0.0111 14.9242
560 1136 -0.0309  0.0504 26.5866
592 1136 -0.1766  0.0345 12.4133
624 1136  0.0002  0.0328 11.5000
656 1136  0.0871  0.1586 17.0297
 16 1168  0.0074  0.0074 17.9180
 48 1168 -0.0252 -0.0308 15.7705
 80 1168  0.0349 -0.0087 119.9441
112 1168  0.0299 -0.1026 33.7694
144 1168  0.0323 -0.1297 95.9123
176 1168  0.0295 -0.0572 128.4252
208 1168  0.0101 -0.1849 251.0943
240 1168  0.0367 -0.1022 109.9238
272 1168  0.0492 -0.2630 35.3803
304 1168  0.0064 -0.1638 72.4901
336 1168  0.0655 -0.0950 206.2974
368 1168  0.0127 -0.0617 180.8589
400 1168 -0.0032 -0.1446 158.0716
432 1168  0.0178 -0.0348 73.1051
464 1168  0.0159 -0.0472 245.2984
496 1168  0.0139  0.0000 16.0318
528 1168  0.0031 -0.0387 17.0691
560 1168  0.0219  0.0339 12.7699
592 1168  0.0016 -0.0376 13.6716
624 1168  0.0063  0.0068 11.2867
656 1168 -0.0147 -0.0097 10.5818
 16 1200  0.0392 -0.0361 14.6948
 48 1200  0.0429 -0.0202 16.3120
 80 1200  0.0270 -0.0443 18.3718
112 1200  0.0067 -0.0292 24.4032
144 1200  0.0295 -0.1051 93.8054
176 1200  0.0929 -0.1123 207.2238
208 1200  0.0110 -0.1040 134.4477
240 1200  0.0208 -0.1107 219.2935
272 1200  0.0359 -0.0662 47.0423
304 1200  0.0937 -0.0601 70.1108
336 1200  0.0529 -0.1029 179.7123
368 1200  0.0459 -0.0794 148.6218
400 1200 -0.0007 -0.1428 235.3637
432 1200  0.0059 -0.0643 154.4818
464 1200  0.0140 -0.0238 44.4230
496 1200  0.0204 -0.0278 16.1030
528 1200  0.0017 -0.0122 16.6444
560 1200 -0.0241  0.0235 13.8573
592 1200  0.0196  0.0088 16.8759
624 1200 -0.0016  0.0634 49.5231
656 1200  0.0263 -0.0550 39.2726
  0   0 -0.0082 -0.1366  0.0000
  0   0 -0.0171 -0.0666  0.0000
  0   0 -0.0298  0.0013  0.0000
  0   0 -0.0266  0.0924  0.0000
  0   0 -0.0256  0.1179  0.0000
  0   0 -0.0054  0.1580  0.0000
  0   0 -0.0097  0.1247  0.0000
  0   0 -0.0102  0.1339  0.0000
  0   0 -0.0014  0.0964  0.0000
  0   0  0.0514  0.0403  0.0000
  0   0  0.0740  0.0035  0.0000
  0   0  0.0658 -0.0417  0.0000
