VARIABLES= "X pix", "Y pix", "U pix/dt", "V pix/dt", "CHC", ZONE I=21, J=30
 16 272 -0.1809 -0.0787 34.5950
 48 272 -0.2426 -0.1645 184.3070
 80 272 -0.1274 -0.1062 186.5082
112 272 -0.0419 -0.1361 340.5835
144 272 -0.0917 -0.1122 199.1010
176 272 -0.0834 -0.0682 167.8256
208 272 -0.0831 -0.1292 71.1273
240 272 -0.0443 -0.0449 36.9706
272 272 -0.0290  0.0136 19.1881
304 272 -0.0499 -0.0436 132.8951
336 272 -0.0541 -0.0068 136.9402
368 272 -0.0672  0.0094 203.4097
400 272 -0.0276  0.0273 243.3290
432 272 -0.0423  0.0536 176.3065
464 272 -0.0120  0.0761 91.0056
496 272 -0.0077  0.0813 146.1450
528 272 -0.0146  0.0123 131.7546
560 272 -0.0219  0.0283 18.2340
592 272 -0.0557  0.0957 132.6601
624 272  0.0100  0.0832 127.6295
656 272 -0.0120  0.0184 150.6682
 16 304 -0.1331 -0.1213 33.3819
 48 304 -0.3434 -0.1125 66.6839
 80 304 -0.2012 -0.1520 181.4720
112 304 -0.2536 -0.1975 195.4801
144 304 -0.1848 -0.3259 284.2810
176 304 -0.0466 -0.1104 44.4935
208 304 -0.0981 -0.0977 226.5502
240 304 -0.0921 -0.0543 114.0246
272 304 -0.0334 -0.0709 307.6127
304 304 -0.0689 -0.0212 152.4884
336 304 -0.0400 -0.0219 78.1684
368 304 -0.0362 -0.0045 120.9564
400 304 -0.0566 -0.0292 46.9788
432 304 -0.0708  0.0243 73.9417
464 304 -0.0379  0.0664 206.3122
496 304 -0.0288  0.0669 127.6890
528 304 -0.0070  0.0627 128.8393
560 304 -0.0648  0.0575 185.6658
592 304 -0.0103  0.0116 192.0329
624 304  0.0047  0.0413 194.8712
656 304  0.0223  0.0238 40.8964
 16 336 -0.1316 -0.1980 110.1031
 48 336 -0.0938 -0.3750 82.3840
 80 336 -0.2585 -0.2046 215.1292
112 336 -0.1915 -0.1574 189.3436
144 336 -0.1608 -0.1956 204.9997
176 336 -0.1451 -0.1991 236.7024
208 336 -0.0830 -0.1580 26.8902
240 336 -0.0890 -0.2206 141.6715
272 336 -0.1104 -0.0655 61.0869
304 336 -0.1976 -0.0607 89.2920
336 336 -0.0752 -0.0746 225.5211
368 336 -0.0548 -0.0074 173.4252
400 336 -0.0518  0.0206 135.9144
432 336 -0.0189  0.0473 170.4759
464 336 -0.0261  0.0690 170.3618
496 336 -0.0301  0.0479 72.6117
528 336 -0.0130  0.0365 138.4561
560 336  0.0018  0.0508 156.7219
592 336 -0.0197  0.0310 260.8490
624 336 -0.0233  0.0199 114.5000
656 336  0.0015  0.0609 113.8593
 16 368 -0.0423 -0.0581 56.0474
 48 368 -0.3666 -0.2359 230.1234
 80 368 -0.3441 -0.3970 100.6822
112 368 -0.0551 -0.5058 38.0104
144 368 -0.1222 -0.1435 65.3337
176 368 -0.2186 -0.2250 104.0198
208 368 -0.1192 -0.1009 166.5428
240 368 -0.0640 -0.1343 355.0758
272 368 -0.1043 -0.1103 59.1319
304 368 -0.1420 -0.0457 324.4065
336 368 -0.0478 -0.0307 283.5257
368 368 -0.0199 -0.0170 169.5254
400 368 -0.0864  0.0314 140.2913
432 368 -0.0388  0.0148 220.2464
464 368 -0.0424  0.0231 85.6243
496 368 -0.0106  0.0449 433.6011
528 368 -0.0008  0.0550 147.9339
560 368 -0.1123  0.0421 45.2374
592 368 -0.0183  0.0484 86.8362
624 368 -0.0026  0.0416 223.2344
656 368 -0.0155  0.0172 91.3380
 16 400 -0.3049 -0.2575 81.4211
 48 400 -0.8543 -0.2108 189.3098
 80 400 -0.5954 -0.1742 249.5540
112 400 -0.3320 -0.4700 97.2684
144 400 -0.1236 -0.2782 223.3941
176 400 -0.1279 -0.2872 165.1219
208 400 -0.2603 -0.3307 131.9239
240 400 -0.2253 -0.2278 279.5503
272 400 -0.0987 -0.3184 119.2125
304 400 -0.1942 -0.1322 281.1497
336 400 -0.1228 -0.0082 41.2125
368 400 -0.0485 -0.0237 34.8024
400 400  0.0002  0.0412 66.2146
432 400 -0.0346  0.0142 171.4563
464 400 -0.0287  0.0448 220.0396
496 400 -0.0523  0.0640 23.4841
528 400 -0.0259  0.0461 134.7746
560 400 -0.0067  0.0748 121.3700
592 400 -0.0311  0.0718 199.3375
624 400 -0.0258  0.0476 144.8540
656 400 -0.0155  0.0433 177.8409
 16 432 -0.1289 -0.0826 23.0201
 48 432 -0.3619 -0.1502 174.7999
 80 432 -0.7320 -0.2598 109.0110
112 432 -0.2750 -0.4808 31.4745
144 432 -0.5318 -0.2855 195.8214
176 432 -0.3405 -0.4530 154.9121
208 432 -0.2662 -0.2409 188.3100
240 432 -0.2137 -0.2375 248.5712
272 432 -0.1876 -0.3375 307.5390
304 432 -0.0982 -0.0961 19.1881
336 432 -0.0733 -0.0642 248.8841
368 432 -0.0349 -0.0390 170.6959
400 432 -0.0711 -0.0003 168.5161
432 432  0.0169  0.0378 119.1708
464 432 -0.0380  0.0238 128.4878
496 432 -0.0467  0.0357 169.9840
528 432 -0.0413  0.0399 75.1964
560 432 -0.0392  0.0485 129.6293
592 432 -0.0011  0.0532 85.8947
624 432 -0.0121  0.0217 243.2310
656 432  0.0094  0.0390 80.3172
 16 464 -0.6761 -0.8903 95.6212
 48 464 -0.2190 -0.2079 135.2663
 80 464 -0.5172 -0.5784 114.0812
112 464 -0.3564 -0.3079 166.6300
144 464 -0.4259 -0.2765 67.9463
176 464 -0.2206 -0.3784 154.4668
208 464 -0.1323 -0.1620 132.7066
240 464 -0.2474 -0.3029 227.4267
272 464 -0.1382 -0.3917 43.1514
304 464 -0.1619 -0.1886 240.1014
336 464 -0.1503 -0.1771 177.4796
368 464 -0.0691 -0.0617 350.1337
400 464 -0.0496 -0.0509 52.8521
432 464 -0.1174 -0.0466 97.8119
464 464 -0.0768  0.0192 108.7234
496 464 -0.0094  0.0748 144.0420
528 464 -0.0202  0.0105 144.0528
560 464 -0.0192  0.0419 180.9790
592 464 -0.0159  0.0177 152.6812
624 464 -0.0004 -0.0364 256.7253
656 464  0.0003 -0.0061 151.2668
 16 496 -0.5860 -0.4476 48.6355
 48 496 -0.4283 -0.2886 132.4692
 80 496 -0.7129 -0.6884 155.7924
112 496 -0.5813 -0.4873 28.0757
144 496 -0.3529 -0.5796 175.2093
176 496 -0.4718 -0.5163 107.8387
208 496 -0.1584 -0.4703 73.8566
240 496 -0.0852 -0.6975 254.8783
272 496 -0.2224 -0.5240 59.1076
304 496 -0.2071 -0.2574 75.2085
336 496 -0.1153 -0.1040 242.0271
368 496 -0.1384 -0.1200 61.3469
400 496 -0.1041 -0.0179 23.8134
432 496 -0.0668  0.0118 154.5497
464 496 -0.0939  0.0164 234.2965
496 496 -0.0651 -0.0071 243.6181
528 496 -0.0254  0.0240 149.6223
560 496 -0.0474  0.0074 99.9467
592 496  0.0187 -0.0117 28.1166
624 496  0.0096 -0.0082 89.1330
656 496  0.0446 -0.0235 157.5733
 16 528 -0.1620 -0.1030 30.7448
 48 528 -0.1026 -0.5723 74.8523
 80 528 -0.7978 -0.8356 171.9781
112 528 -0.5046 -0.4693 63.7902
144 528 -0.6263 -0.5416 234.3557
176 528 -0.4419 -0.3409 78.0214
208 528 -0.4600 -0.4130 203.0644
240 528 -0.2898 -0.2514 158.6256
272 528 -0.4017 -0.3960 66.7278
304 528 -0.1479 -0.1021 313.2794
336 528 -0.1784 -0.0269 118.0947
368 528 -0.1365 -0.2010 64.7778
400 528 -0.1252 -0.0443 213.8870
432 528 -0.0720 -0.0215 88.4568
464 528 -0.0686  0.0044 242.1622
496 528 -0.0439  0.0360 109.9937
528 528 -0.0994  0.0027 232.9094
560 528 -0.0299 -0.0093 175.9252
592 528 -0.0357 -0.0527 83.5715
624 528 -0.0015 -0.0196 55.6131
656 528  0.0048 -0.0296 70.2335
 16 560 -0.1876 -0.1089 22.1087
 48 560 -0.7220 -0.6109 122.3067
 80 560 -0.7357 -0.4723 41.2096
112 560 -0.7184 -0.4998 92.2529
144 560 -1.1445 -0.9141 111.1463
176 560 -0.4769 -0.7292 125.1779
208 560 -0.4931 -0.8340 72.9294
240 560 -0.2559 -0.3809 85.2866
272 560 -0.8396 -0.3774 84.4009
304 560 -0.4217 -0.2507 79.3624
336 560 -0.2244 -0.1052 371.3636
368 560 -0.3635 -0.1591 124.5223
400 560 -0.0924 -0.0653 18.3238
432 560 -0.0568 -0.0120 25.1723
464 560 -0.1344 -0.0229 208.6896
496 560 -0.1381 -0.0165 98.3179
528 560 -0.0609 -0.0021 155.3328
560 560 -0.0413 -0.0534 129.6923
592 560 -0.0219 -0.0464 193.1724
624 560  0.0414 -0.0979 155.6443
656 560  0.0066 -0.0577 119.3407
 16 592 -0.2729 -0.1872 45.2731
 48 592 -0.1330 -0.1183 38.2640
 80 592 -0.9230 -0.4358 155.1658
112 592 -0.5606 -1.0136 175.8936
144 592 -0.7792 -0.8237 139.9555
176 592 -0.8667 -0.7434 165.8407
208 592 -1.4088 -0.8800 124.9707
240 592 -0.7572 -0.5032 148.4361
272 592 -1.0721 -0.6073 47.4406
304 592 -0.4425 -0.2409 68.5445
336 592 -0.4091 -0.2289 205.6758
368 592 -0.3654 -0.1175 122.5743
400 592 -0.2210 -0.1034 72.2785
432 592 -0.2440 -0.1331 125.5558
464 592 -0.2016 -0.0246 110.8935
496 592 -0.2315 -0.0137 137.0501
528 592 -0.1998 -0.0788 145.6612
560 592 -0.0409 -0.0920 131.3951
592 592  0.0394 -0.0889 138.2996
624 592  0.0285 -0.1522 129.5448
656 592  0.0670 -0.2647 131.8147
 16 624 -0.2692 -0.1196 30.6588
 48 624 -0.2029 -0.0821 15.4537
 80 624 -0.3897 -0.3496 69.6517
112 624 -0.8023 -0.4000 51.7756
144 624 -1.3915 -0.7962 70.5168
176 624 -0.9695 -0.6212 35.8994
208 624 -0.9511 -0.9276 49.3211
240 624 -1.0844 -0.8363 21.2352
272 624 -0.3450 -0.2182 33.3646
304 624 -0.8906 -0.6474 138.2441
336 624 -0.5325 -0.1352 67.8849
368 624 -0.4522 -0.1598 112.6625
400 624 -0.4455 -0.0558 78.1544
432 624 -0.6316 -0.0781 134.4495
464 624 -0.4679 -0.0110 112.4180
496 624 -0.3864 -0.0532 108.9475
528 624 -0.2852 -0.1412 81.7794
560 624 -0.2062 -0.3709 132.6775
592 624 -0.0790 -0.3257 149.5341
624 624 -0.0281 -0.1402 41.1416
656 624  0.1185 -0.2989 288.8177
 16 656 -0.1740 -0.0564 27.1645
 48 656 -0.2117 -0.2894 105.2199
 80 656 -0.2643 -0.4188 89.1339
112 656 -0.7709 -0.3515 93.7351
144 656 -1.0298 -0.6813 220.5866
176 656 -0.8603 -0.7993 30.6798
208 656 -1.3038 -0.7960 141.5036
240 656 -0.3039 -0.1426 84.3929
272 656 -0.7278 -0.3972 62.6414
304 656 -0.9748 -0.5923 68.1128
336 656 -0.7283 -0.2896 127.9180
368 656 -0.7514 -0.2802 129.8798
400 656 -0.7179 -0.0337 274.4296
432 656 -0.7335  0.0938 227.5815
464 656 -0.6542 -0.0055 117.3420
496 656 -0.4515 -0.0245 50.0630
528 656 -0.2943 -0.2679 36.0392
560 656 -0.1850 -0.2808 53.6817
592 656 -0.0678 -0.4262 133.3190
624 656 -0.0234 -0.2318 155.4499
656 656  0.0976 -0.5220 157.3352
 16 688 -0.1164 -0.0510 170.9010
 48 688 -0.1913 -0.3185 50.1392
 80 688 -0.2090 -0.1275 207.4917
112 688 -0.2897 -0.3657 45.9021
144 688 -0.4351 -0.3277 82.7108
176 688 -0.9464 -0.9538 144.6081
208 688 -1.2870 -0.8760 64.8796
240 688 -0.9957 -0.8223 39.6275
272 688 -1.0228 -0.6794 117.3333
304 688 -1.2777 -0.7748 171.7328
336 688 -0.9986 -0.3645 94.8124
368 688 -0.8249 -0.0679 283.3388
400 688 -0.3178  0.0932 123.4468
432 688 -0.4654  0.1147 58.0770
464 688 -0.2839 -0.0108 193.7204
496 688 -0.5289 -0.1677 183.6582
528 688 -0.0064 -0.5982 40.4607
560 688 -0.2871 -0.9907 116.7163
592 688 -0.1280 -0.7530 105.0997
624 688 -0.0482 -0.4146 44.7145
656 688 -0.0639 -0.5170 53.1509
 16 720 -0.0570 -0.0289 63.5048
 48 720 -0.0949 -0.1296 53.1898
 80 720 -0.0906 -0.2478 198.4901
112 720 -0.3088 -0.1691 133.3759
144 720 -1.2748 -0.6153 91.5405
176 720 -0.8041 -0.7603 220.9275
208 720 -1.0474 -0.6607 66.2769
240 720 -0.7265 -0.7763 42.5979
272 720 -0.9898 -0.7312 53.8862
304 720 -0.4995 -0.2219 100.8915
336 720 -0.5015 -0.1839 81.0685
368 720 -0.2145  0.1382 136.6535
400 720 -0.1511  0.2990 133.8916
432 720  0.2146  0.2876 195.7889
464 720 -0.1911  0.0496 242.3587
496 720  0.2621 -0.1689 105.8562
528 720  0.0939 -0.8245 53.2659
560 720  0.8944 -0.0231 13.5220
592 720  0.0681 -0.3689 22.0342
624 720 -0.0832 -0.3703 108.6987
656 720 -0.0055 -0.3449 113.4473
 16 752 -0.0242 -0.0216 19.8045
 48 752 -0.0322 -0.0297 201.4948
 80 752 -0.0239 -0.0497 343.8382
112 752 -0.0861 -0.1002 202.0746
144 752 -0.4543 -0.2743 283.0544
176 752 -0.7385 -0.7147 92.8155
208 752 -0.8039 -0.7735 76.7933
240 752 -0.8906 -0.8598 125.6889
272 752 -0.8657 -0.7000 472.8654
304 752 -0.6242 -0.4799 129.1751
336 752 -0.3553 -0.3274 242.0688
368 752  0.3091  0.0930 125.0641
400 752  0.5409  0.4087 100.7843
432 752  0.8364  0.1848 55.0146
464 752  0.8496 -0.0299 152.9447
496 752  1.3511 -0.7564 125.0772
528 752  0.1995 -0.3496 19.0733
560 752  0.6559  0.0045  8.7174
592 752  0.1571  0.6762 10.5738
624 752 -0.1437  0.1445  9.3447
656 752 -0.0602  0.0167 17.4338
 16 784  0.0034 -0.0249 71.7446
 48 784  0.0012 -0.0693 79.9096
 80 784 -0.0467 -0.0510 314.8601
112 784 -0.0357 -0.1638 236.1853
144 784 -0.0491 -0.0754 322.5806
176 784 -0.0905 -0.4733 125.2552
208 784 -0.2974 -0.5560 86.8502
240 784 -0.1086 -0.4340 151.3192
272 784 -0.3222 -0.5428 37.0651
304 784 -0.2297 -0.4278 179.0450
336 784 -0.0903 -0.2262 127.2374
368 784  0.2976  0.0457 157.3330
400 784  1.0778  0.2309 117.1740
432 784  1.5383  0.3648 80.3243
464 784  1.6741  0.0178 62.5318
496 784  1.3097 -0.8853 31.2200
528 784  0.0819  0.0460 14.9442
560 784  0.2654  0.2267  8.8336
592 784  0.1253  0.1239 26.3949
624 784 -0.0354  0.0251 25.7515
656 784 -0.0375  0.0657  8.3790
 16 816  0.0144 -0.0569 64.2950
 48 816 -0.0042 -0.0331 21.9579
 80 816  0.0451 -0.0431 115.1247
112 816  0.0694 -0.0450 74.5380
144 816  0.0356 -0.1143 166.3823
176 816  0.0244 -0.2728 88.5754
208 816 -0.0620 -0.4596 259.9057
240 816 -0.0201 -0.3185 102.1154
272 816  0.0126 -0.2443 43.4502
304 816 -0.0880 -0.2516 33.6870
336 816  0.4394 -0.1269 37.1356
368 816  0.5586  0.0226 93.2382
400 816  1.1890  0.1852 61.5089
432 816  1.5692  0.1398 22.5690
464 816  1.6592  0.0609 34.6460
496 816  0.3958 -0.0411 12.4722
528 816  0.1033  0.0017  6.5510
560 816  0.1190  0.1250  9.6909
592 816  0.0631  0.0575 23.9658
624 816 -0.0009  0.0519  9.5698
656 816 -0.0053  0.0122 12.4525
 16 848  0.0038 -0.0132 30.6183
 48 848  0.0735  0.0402 49.7266
 80 848  0.0438 -0.0172 15.3645
112 848  0.1364 -0.0202 106.7160
144 848  0.0976 -0.1125 75.6987
176 848  0.0865 -0.1449 255.9379
208 848  0.1450 -0.3327 208.3727
240 848  0.0527 -0.4590 175.5231
272 848  0.0957 -0.4718 30.3450
304 848  0.9065 -0.6109 173.6267
336 848  0.5166 -0.2397 94.4179
368 848  0.9757 -0.1363 226.3807
400 848  1.7520  0.1156 43.6821
432 848  1.7677  0.3042 119.8593
464 848  0.3536 -0.0065 15.1861
496 848  0.0389  0.0008 15.4839
528 848  0.0896  0.0753  5.3028
560 848  0.0548  0.0521 70.5048
592 848  0.0724  0.0975 58.1807
624 848  0.0049  0.0719 44.9798
656 848 -0.0020  0.0170 27.9361
 16 880 -0.0176  0.0128 18.0909
 48 880  0.0399 -0.0225 41.3993
 80 880  0.0709 -0.0266 180.9705
112 880  0.1179 -0.0306 239.8299
144 880  0.1414 -0.0517 297.2818
176 880  0.4642 -0.1263 121.9082
208 880  0.3792 -0.4275 165.4114
240 880  0.1537 -0.4719 180.7194
272 880  0.6121 -0.8581 41.3863
304 880  0.8611 -1.2403 75.6210
336 880  1.0787 -0.4169 151.6835
368 880  1.1527 -0.4153 190.0826
400 880  1.6628  0.1846 69.0099
432 880  1.5235  0.2464 50.0579
464 880  0.8964  0.1852 24.0020
496 880  0.0269  0.0223  5.7961
528 880  0.0288  0.0168  9.3970
560 880  0.0364  0.0627 49.9253
592 880 -0.0022  0.1610 41.4023
624 880 -0.0025  0.0910 74.6059
656 880 -0.0370  0.1647 74.5497
 16 912  0.2265 -0.0356 99.0458
 48 912  0.0068  0.0053 13.7637
 80 912  0.3047 -0.0529 134.3610
112 912  0.1258 -0.0471 178.9872
144 912  0.1986 -0.0661 234.9150
176 912  0.2711 -0.2451 283.9247
208 912  0.0113 -0.3593 28.3290
240 912  0.0561 -0.1827 268.3648
272 912  0.6705 -0.5453 122.0685
304 912  0.6456 -0.7256 58.9920
336 912  1.2715 -0.3759 27.4853
368 912  0.9008 -0.4397 15.4698
400 912  1.1757  0.1228 38.7175
432 912  0.0150  0.0060 18.9623
464 912  0.0147  0.0326  9.2862
496 912  0.0000  0.0000  4.0514
528 912 -0.0020  0.0020  4.8801
560 912 -0.0110  0.0112 12.9012
592 912  0.0544 -0.0468 18.3038
624 912  0.0458 -0.0250 40.0286
656 912 -0.0467  0.1573 48.5950
 16 944  0.0433 -0.0172 20.3083
 48 944  0.1108 -0.1147 30.5418
 80 944  0.0916 -0.0199 214.2211
112 944  0.0947 -0.0923 148.7122
144 944  0.2935 -0.1048 141.6556
176 944  0.2024 -0.1969 265.9418
208 944  0.1467 -0.1618 76.2041
240 944  0.3211 -0.4571 99.0261
272 944  0.1851 -0.3336 18.6858
304 944  0.8615 -0.7346 142.7624
336 944  0.5537 -0.2345 71.8408
368 944  0.2402 -0.0369 39.3439
400 944 -0.0030  0.0656 13.6446
432 944  0.0229 -0.0020 14.2773
464 944  0.0796  0.0459  5.7672
496 944  0.0060 -0.0173  8.0216
528 944  0.0177 -0.0093  4.6590
592 944  0.0503 -0.1759  4.5158
624 944  0.0753 -0.1476  7.2267
656 944  0.0399 -0.0612 12.1024
 16 976  0.0723 -0.0255 60.1448
 48 976  0.0439 -0.0297 17.2977
 80 976  0.1658 -0.0146 193.7228
112 976  0.3302 -0.0731 313.7711
144 976  0.3171 -0.2391 161.1127
176 976  0.2585 -0.1167 46.3036
208 976  0.1504 -0.1834 190.1297
240 976  0.0707 -0.3879 90.5472
272 976  0.1420 -0.6846 48.8616
304 976  0.1273 -0.4217 90.4362
336 976  0.0102 -0.0783 116.5510
368 976 -0.0028 -0.0161 25.6713
400 976  0.0033 -0.0305 12.3806
432 976  0.0359  0.0265  8.1050
464 976  0.0194  0.0083 21.9364
496 976 -0.0659 -0.0273 23.2092
528 976 -0.0371 -0.0066 17.1281
560 976 -0.2973  0.0726  4.3878
656 976  0.0369 -0.0811  4.2751
 16 1008  0.1085 -0.0053 85.5816
 48 1008  0.0849 -0.0281 58.3467
 80 1008  0.0607 -0.0426 26.5806
112 1008  0.0299 -0.0786 107.3229
144 1008  0.1170 -0.0525 105.1801
176 1008  0.1009 -0.1782 157.8535
208 1008  0.3929 -0.0881 50.0982
240 1008  0.2618 -0.3232 29.1582
272 1008  0.2582 -0.2095 45.1003
304 1008 -0.0132 -0.4258 110.3505
336 1008 -0.0351 -0.0482 22.0848
368 1008 -0.0119  0.0067 10.8092
400 1008  0.0163 -0.0033  9.3662
432 1008 -0.0128 -0.0082 17.8279
464 1008  0.0259 -0.0040 59.8721
496 1008 -0.0278 -0.0168 22.0787
528 1008 -0.0440 -0.0247 11.3586
560 1008 -0.2136  0.1455  6.7472
 16 1040  0.0236 -0.0138 34.5238
 48 1040  0.0380 -0.0877 230.9939
 80 1040  0.1150 -0.0842 153.3508
112 1040  0.1224 -0.0581 252.6429
144 1040  0.0474 -0.0319 245.8736
176 1040  0.0877 -0.0932 206.8243
208 1040  0.1002 -0.0980 246.5927
240 1040  0.0091 -0.2707 44.0044
272 1040  0.0239 -0.2853 231.1823
304 1040 -0.0477 -0.1931 73.3772
336 1040 -0.0145 -0.0591 29.6216
368 1040  0.0151  0.0030 12.1906
400 1040  0.0197  0.0137 45.4923
432 1040  0.0201 -0.0172 12.5511
464 1040  0.0318 -0.0154 172.4724
496 1040  0.0128 -0.0395 130.1523
528 1040 -0.0463  0.0533 15.2796
560 1040 -0.0298  0.0105 13.2056
592 1040  0.0387  0.0741  4.9967
 16 1072  0.0802 -0.0090 61.6406
 48 1072  0.0749 -0.0041 101.9479
 80 1072  0.0717 -0.0489 54.9002
112 1072  0.0118 -0.1205 162.7841
144 1072  0.0748 -0.0631 28.3173
176 1072  0.1651 -0.2183 103.6152
208 1072  0.0533 -0.0360 22.1427
240 1072  0.0414 -0.1749 79.5326
272 1072 -0.0099 -0.1752 51.8266
304 1072 -0.0130 -0.2440 134.0219
336 1072 -0.0672 -0.0438 233.1196
368 1072 -0.0306 -0.0834 149.4091
400 1072 -0.0036 -0.0564 114.4999
432 1072  0.0249 -0.1337 276.1963
464 1072  0.0240 -0.0807 30.6730
496 1072 -0.0114 -0.0550 20.8566
528 1072 -0.0041 -0.0143 36.8878
560 1072 -0.0280  0.0364 15.2956
592 1072 -0.0134  0.0967 12.6890
624 1072  0.0470  0.1920  8.9922
656 1072  0.0543  0.1057 13.4088
 16 1104  0.0569 -0.0374 60.4630
 48 1104  0.0110 -0.0327 47.8972
 80 1104  0.0344 -0.0245 58.7979
112 1104  0.0211 -0.1446 178.5926
144 1104  0.0598 -0.0647 73.8035
176 1104  0.1850 -0.0657 238.0872
208 1104  0.0616 -0.1197 37.9035
240 1104  0.1175 -0.1737 143.9223
272 1104  0.0439 -0.1560 44.5217
304 1104  0.0196 -0.1471 119.6565
336 1104 -0.0346 -0.1461 191.5414
368 1104 -0.0101 -0.0678 150.9278
400 1104  0.0103 -0.0541 220.5522
432 1104  0.0377 -0.1018 131.4212
464 1104  0.0366 -0.0739 25.7837
496 1104  0.0676 -0.0169 17.1283
528 1104 -0.0300 -0.0335 17.8783
560 1104 -0.0140  0.0296 17.6528
592 1104  0.0597  0.0339  9.8939
624 1104  0.0129 -0.0291 13.8375
656 1104  0.0476  0.0460 10.9342
 16 1136  0.0020 -0.0005 16.0283
 48 1136  0.0172  0.0224 18.1770
 80 1136  0.0507 -0.0373 188.1558
112 1136  0.0141 -0.0177 48.8826
144 1136  0.0533 -0.0755 159.4642
176 1136  0.0448 -0.0186 276.4012
208 1136  0.0321 -0.0892 83.1553
240 1136  0.0054 -0.1147 441.1347
272 1136  0.0342 -0.0907 68.1027
304 1136  0.0702 -0.0993 68.1329
336 1136  0.0047 -0.0739 145.9705
368 1136  0.0168 -0.1102 132.1273
400 1136  0.0323 -0.0782 107.1974
432 1136 -0.0024 -0.0225 189.3646
464 1136  0.0016 -0.0597 46.0987
496 1136  0.0094 -0.1009 43.7314
528 1136 -0.0014 -0.0147 13.2036
560 1136 -0.0064  0.0006 15.2504
592 1136 -0.0234 -0.0092 14.2303
624 1136 -0.0345  0.0219 18.1397
656 1136  0.0040 -0.0018 36.0608
 16 1168 -0.0405 -0.0064 13.0499
 48 1168  0.0617  0.0065 20.9791
 80 1168  0.0535 -0.0438 53.6636
112 1168  0.0969 -0.0492 40.4063
144 1168  0.1419 -0.0299 122.4742
176 1168  0.0234 -0.0851 108.2271
208 1168  0.0140 -0.1264 395.8814
240 1168  0.0106 -0.0585 129.6159
272 1168  0.0173 -0.0885 107.0024
304 1168 -0.0004 -0.1032 32.8868
336 1168  0.0512 -0.0674 197.9360
368 1168  0.0271 -0.0825 110.1987
400 1168  0.0527 -0.0614 63.4955
432 1168  0.0267 -0.0305 58.6707
464 1168  0.0714 -0.0392 165.2463
496 1168  0.0071 -0.0148 17.3200
528 1168  0.0115 -0.0193 13.7383
560 1168 -0.0216  0.0112 12.1579
592 1168 -0.0049  0.0116 13.6615
624 1168  0.0113  0.0060 11.2673
656 1168  0.0120  0.0008 11.2010
 16 1200  0.0498 -0.0547 19.3976
 48 1200  0.0101 -0.0062 14.2964
 80 1200 -0.0022 -0.0528 21.6349
112 1200 -0.0113 -0.0106 27.7105
144 1200  0.0159 -0.0457 107.5570
176 1200  0.0570 -0.0345 299.5516
208 1200  0.0060 -0.0938 153.8985
240 1200  0.0162 -0.0454 302.0650
272 1200  0.0269 -0.0624 160.0925
304 1200  0.0073 -0.0820 118.6853
336 1200  0.0337 -0.0102 282.3958
368 1200  0.0138 -0.0514 201.5304
400 1200  0.0387 -0.1088 207.2654
432 1200  0.0354 -0.0420 54.1244
464 1200  0.0200 -0.0280 59.0373
496 1200 -0.0064 -0.0469 22.7495
528 1200 -0.0075 -0.0053 19.2614
560 1200  0.0006  0.0212 11.8030
592 1200 -0.0007 -0.0076 16.3749
624 1200 -0.0016 -0.0160 47.0532
656 1200 -0.0311 -0.1163 41.0471
  0   0  0.0132 -0.1083  0.0000
  0   0  0.0321 -0.0526  0.0000
  0   0  0.0559 -0.0168  0.0000
  0   0  0.0123  0.0388  0.0000
  0   0 -0.0200  0.0772  0.0000
  0   0 -0.0610  0.1113  0.0000
  0   0 -0.0562  0.1177  0.0000
  0   0 -0.0167  0.1050  0.0000
