VARIABLES= "X pix", "Y pix", "U pix/dt", "V pix/dt", "CHC", ZONE I=21, J=30
 16 272 -0.0921 -0.1531 268.0302
 48 272 -0.0633 -0.1371 183.1406
 80 272 -0.0122 -0.0344 428.6016
112 272 -0.0453 -0.1469 247.0475
144 272 -0.0602 -0.1129 49.3821
176 272 -0.0257 -0.0513 201.6767
208 272 -0.0162 -0.0706 323.0506
240 272 -0.0165 -0.0422 321.6852
272 272 -0.0063 -0.0025 162.2809
304 272  0.0236 -0.0144 234.5070
336 272  0.0279  0.0141 326.3947
368 272  0.0540  0.0151 53.1977
400 272  0.0282  0.0335 110.0889
432 272  0.0353  0.0429 128.2847
464 272  0.0311  0.0803 197.2986
496 272  0.0477  0.0930 147.9124
528 272  0.0319  0.0830 192.5528
560 272  0.0124  0.0367 40.5122
592 272  0.0730  0.0554 85.9211
624 272  0.0644  0.0489 97.9469
656 272  0.0376  0.0069 171.5973
 16 304 -0.0462 -0.2223 322.9106
 48 304 -0.1365 -0.2067 53.6652
 80 304 -0.1297 -0.2151 200.8870
112 304 -0.1191 -0.1595 191.3559
144 304 -0.1268 -0.1101 214.3474
176 304 -0.0465 -0.0822 158.9124
208 304  0.0178  0.0089 91.5421
240 304 -0.0180 -0.0094 329.4061
272 304 -0.0058 -0.0305 413.7061
304 304  0.0289 -0.0077 211.2772
336 304  0.0155  0.0498 74.9446
368 304  0.0118  0.0170 185.3974
400 304  0.0408  0.0452 82.2981
432 304  0.0407  0.0500 68.8722
464 304  0.0419  0.0417 295.7844
496 304  0.0520  0.0826 147.0392
528 304  0.0859  0.0835 66.5336
560 304  0.0973  0.0460 408.5765
592 304  0.0641  0.0292 119.7269
624 304  0.0353  0.0455 133.4960
656 304  0.0462  0.0267 141.4722
 16 336 -0.0486 -0.0927 19.6370
 48 336 -0.1582 -0.1094 45.6431
 80 336 -0.0810 -0.1122 357.4253
112 336 -0.0871 -0.0980 47.1249
144 336 -0.0275 -0.0893 30.6682
176 336 -0.1985 -0.1184 231.1182
208 336 -0.0580 -0.2608 318.5197
240 336 -0.0094 -0.0229 174.5726
272 336 -0.0282 -0.1080 223.1523
304 336 -0.0002 -0.0298 339.0769
336 336  0.0150  0.0056 157.6847
368 336  0.0255  0.0230 132.0289
400 336  0.0036  0.0264 119.2130
432 336  0.0625  0.0736 203.1630
464 336  0.0320  0.0563 235.5061
496 336  0.0488  0.0721 150.9488
528 336  0.0353  0.0368 80.7992
560 336  0.0743  0.0696 257.6064
592 336  0.1126  0.0662 54.0647
624 336  0.0509  0.0508 125.3695
656 336  0.0224  0.0431 88.5252
 16 368 -0.2532 -0.1257 70.5343
 48 368 -0.0882 -0.1218 193.3223
 80 368 -0.1181 -0.2235 246.0045
112 368 -0.1518 -0.0774 170.5021
144 368 -0.0952 -0.1206 265.1282
176 368 -0.1349 -0.1588 218.5317
208 368 -0.1101 -0.1631 94.5997
240 368 -0.0910 -0.1384 270.4294
272 368 -0.0109 -0.1540 33.5651
304 368 -0.0167 -0.0202 240.6362
336 368 -0.0208 -0.0530 226.4765
368 368  0.0184 -0.0176 158.4391
400 368  0.0493  0.0184 95.1393
432 368  0.0336  0.0141 37.5886
464 368  0.0765  0.0260 240.8055
496 368  0.0466  0.0635 62.1148
528 368  0.0660  0.0575 223.5674
560 368  0.0295  0.0582 160.2715
592 368  0.0188  0.0420 179.1982
624 368  0.0424  0.0785 128.5112
656 368  0.0898  0.0377 80.9732
 16 400 -0.1174 -0.3005 130.2109
 48 400 -0.1441 -0.4522 251.9895
 80 400 -0.0755 -0.6368 83.1284
112 400 -0.3323 -0.3576 94.9007
144 400 -0.0685 -0.1552 35.8968
176 400 -0.1479 -0.1277 71.5368
208 400 -0.1102 -0.0941 90.5841
240 400 -0.0906 -0.1247 46.8429
272 400 -0.0650 -0.0444 67.2259
304 400 -0.0777 -0.0774 115.7521
336 400 -0.0084 -0.0366 224.1080
368 400  0.0017 -0.0145 162.7861
400 400  0.0256  0.0265 141.4208
432 400  0.0113  0.0658 184.7639
464 400  0.0548  0.0448 124.9337
496 400  0.0476  0.0304 182.3595
528 400  0.0974  0.0508 157.5690
560 400  0.0348  0.0398 108.6734
592 400  0.0522  0.0232 182.4740
624 400  0.0591  0.0531 164.9240
656 400  0.0210  0.0406 159.9175
 16 432 -1.1419 -0.1381 96.3512
 48 432 -0.1600 -0.1900 18.1482
 80 432 -0.2986 -0.2262 132.0766
112 432 -0.2459 -0.2691 195.6452
144 432 -0.1835 -0.2747 192.4175
176 432 -0.1898 -0.3651 189.5065
208 432 -0.0896 -0.1230 95.0376
240 432 -0.1461 -0.1538 177.1919
272 432 -0.0974 -0.0784 133.1760
304 432 -0.0312 -0.0750 59.8160
336 432 -0.0414 -0.0063 120.8117
368 432 -0.0153 -0.0295 151.9782
400 432  0.0048  0.0003 292.9568
432 432  0.0072  0.0176 163.0236
464 432  0.0234  0.0181 117.0074
496 432  0.0286  0.0284 37.3439
528 432  0.0547  0.0466 220.1755
560 432  0.0416  0.0354 95.9335
592 432  0.0514  0.0363 109.6013
624 432  0.0780  0.0131 89.0943
656 432  0.0539  0.0015 87.2368
 16 464 -0.1116 -0.2195 60.1841
 48 464 -0.1567 -0.2089 153.7236
 80 464 -0.2094 -0.2647 206.4377
112 464 -0.4511 -0.4144 71.3647
144 464 -0.3154 -0.1288 178.3539
176 464 -0.1175 -0.5885 164.8789
208 464 -0.2309 -0.3927 134.4574
240 464 -0.1809 -0.2335 212.4290
272 464 -0.1337 -0.1554 74.8535
304 464 -0.0555 -0.0912 88.5923
336 464 -0.0457 -0.0984 119.5397
368 464 -0.0245 -0.0412 149.9433
400 464 -0.0035 -0.0094 104.4030
432 464 -0.0177 -0.0112 75.3595
464 464 -0.0742 -0.0489 217.7382
496 464  0.0062  0.0174 71.8487
528 464  0.0373  0.0076 170.2212
560 464  0.0152  0.0606 134.3937
592 464  0.0812  0.0330 178.8802
624 464  0.1041  0.0378 111.6830
656 464  0.1187 -0.0141 234.5374
 16 496 -0.1554 -0.1045 32.0183
 48 496 -0.1479 -0.1944 182.9518
 80 496 -0.4651 -0.1481 157.8353
112 496 -0.4510 -0.1524 19.5527
144 496 -0.2866 -0.4150 217.2794
176 496 -0.4204 -0.3144 129.7351
208 496 -0.1137 -0.3859 167.8739
240 496 -0.1239 -0.2981 74.2170
272 496 -0.1806 -0.2130 218.1628
304 496 -0.1638 -0.1737 172.8948
336 496 -0.0293 -0.0381 12.7481
368 496 -0.0543 -0.0495 197.1956
400 496 -0.0061 -0.0250 129.4575
432 496 -0.0059 -0.0084 177.3356
464 496 -0.0117 -0.0022 114.1534
496 496  0.0614  0.0745 219.7098
528 496  0.0200  0.0208 68.5605
560 496  0.0449  0.0137 99.1417
592 496  0.0468  0.0029 142.6449
624 496  0.0855 -0.0074 109.1784
656 496  0.0971  0.0150 129.6031
 16 528 -0.1607 -0.1585 148.6035
 48 528 -1.1262 -0.5058 76.1471
 80 528 -0.7606 -0.6152 250.2972
112 528 -0.4547 -0.6704 178.5064
144 528 -0.2556 -0.4052 54.6301
176 528 -0.4044 -0.4598 122.1403
208 528 -0.4139 -0.5471 172.3049
240 528 -0.2749 -0.2614 212.8047
272 528 -0.1770 -0.3174 301.4643
304 528 -0.2354 -0.1993 98.1902
336 528 -0.2873 -0.1248 54.8148
368 528 -0.1171 -0.0027 216.4188
400 528 -0.1173 -0.0721 172.6682
432 528 -0.1285 -0.0143 107.9094
464 528 -0.0324  0.0092 202.9818
496 528 -0.0256  0.0081 101.3592
528 528  0.0045 -0.0025 246.4446
560 528  0.0323 -0.0574 57.7549
592 528  0.0514 -0.0272 141.0287
624 528  0.1241 -0.0615 127.5010
656 528  0.0541 -0.0308 53.5094
 16 560 -0.4572 -0.1349 20.6284
 48 560 -0.3342 -0.2128 187.5862
 80 560 -0.2243 -0.2426 234.2592
112 560 -0.7186 -0.5687 177.1926
144 560 -0.8263 -0.6208 235.5438
176 560 -0.6208 -0.6906 40.1303
208 560 -0.8195 -0.7406 21.5899
240 560 -1.0263 -0.4981 111.0271
272 560 -0.4397 -0.3172 66.5022
304 560 -0.3576 -0.1097 50.9550
336 560 -0.1913 -0.1149 36.9180
368 560 -0.2259 -0.1469 225.7104
400 560 -0.1750 -0.0549 44.0678
432 560 -0.1090 -0.0654 173.9099
464 560 -0.1191  0.0036 52.9367
496 560 -0.1148 -0.0327 132.3920
528 560 -0.0597 -0.0298 188.1506
560 560 -0.0326 -0.0884 220.1690
592 560  0.0964 -0.0439 148.0323
624 560  0.1120 -0.0870 76.6406
656 560  0.0725 -0.1028 57.2713
 16 592 -0.3144 -0.1463 18.0928
 48 592 -0.2309 -0.1863 121.8803
 80 592 -0.7854 -0.6303 118.3721
112 592 -0.7342 -0.9674 90.2584
144 592 -0.9025 -0.8462 29.0368
176 592 -0.7414 -0.9442 53.0780
208 592 -0.6157 -0.6944 210.3119
240 592 -0.7044 -0.5301 148.1388
272 592 -0.4989 -0.3454 32.5304
304 592 -0.7156 -0.3835 105.5390
336 592 -0.2020 -0.1414 62.4575
368 592 -0.3363 -0.2388 119.1427
400 592 -0.1341 -0.0235 28.0578
432 592 -0.1880 -0.1013 205.0138
464 592 -0.1355 -0.0429 144.4508
496 592 -0.2280 -0.0388 223.4119
528 592 -0.1944 -0.0962 251.0726
560 592  0.0116 -0.1267 58.3783
592 592  0.0349 -0.2047 85.2456
624 592  0.1030 -0.0880 54.8175
656 592  0.1570 -0.1901 174.3714
 16 624 -0.2151 -0.0864 22.6079
 48 624 -0.4675 -0.1386 129.9340
 80 624 -0.4749 -0.4183 206.3612
112 624 -0.7481 -0.3102 87.9089
144 624 -0.8393 -0.6248 54.9426
176 624 -1.0507 -0.9992 207.3601
208 624 -0.8696 -0.9180 67.6325
240 624 -0.3333 -0.1951 50.9997
272 624 -0.5212 -0.4889 89.6084
304 624 -0.7875 -0.1090 78.6246
336 624 -0.3365 -0.0671 21.1916
368 624 -0.2699 -0.1636 156.2095
400 624 -0.2288 -0.0433 142.4201
432 624 -0.2454 -0.0320 213.4537
464 624 -0.3165 -0.0726 108.6759
496 624 -0.1274 -0.0790 125.3630
528 624 -0.1744 -0.1347 122.7354
560 624 -0.0464 -0.2281 65.2678
592 624  0.0547 -0.4967 64.1727
624 624  0.1524 -0.2533 167.3879
656 624  0.2282 -0.2393 67.8878
 16 656 -0.0539 -0.0635 246.4035
 48 656 -0.9980 -0.1325 71.3340
 80 656 -0.5817 -0.1788 200.7201
112 656 -0.2756 -0.1532 175.6346
144 656 -0.3409 -0.1829 145.7944
176 656 -0.3574 -0.6590 81.4959
208 656 -0.2304 -0.2401 32.0985
240 656 -0.2657 -0.6552 127.1573
272 656 -0.8546 -1.1649 144.3864
304 656 -0.5317 -0.3499 37.6744
336 656 -0.4632 -0.4139 130.0981
368 656 -0.2804 -0.1016 125.4883
400 656 -0.2789 -0.0445 173.6298
432 656 -0.1986 -0.0249 246.2533
464 656 -0.1292 -0.0776 77.9181
496 656 -0.0617 -0.1713 129.0284
528 656  0.0682 -0.2960 94.3976
560 656  0.0869 -0.4150 136.9799
592 656  0.1047 -0.2836 111.2011
624 656  0.1173 -0.3285 84.8049
656 656  0.0546 -0.1671 45.5175
 16 688 -0.0356 -0.0614 50.0196
 48 688 -0.0857 -0.0482 180.6612
 80 688 -0.1777 -0.0809 148.8063
112 688 -0.2136 -0.1189 22.5841
144 688 -0.3072 -0.2008 58.6578
176 688 -0.3391 -0.1300 20.5060
208 688 -0.7566 -0.7831 66.1993
240 688 -0.6120 -0.5578 238.6947
272 688 -0.8287 -0.6051 161.5558
304 688 -0.1086 -0.4151 35.6983
336 688 -0.2002 -0.2456 388.8529
368 688 -0.3893 -0.3681 134.0755
400 688 -0.2715 -0.0643 168.1360
432 688 -0.0221 -0.0243 95.7676
464 688  0.0680 -0.0522 105.0437
496 688  0.1053 -0.4116 105.5646
528 688  0.2882 -0.6036 154.0983
560 688  0.1587 -0.3884 28.9270
592 688  0.2376 -0.3542 49.0950
624 688  0.1107 -0.2109 50.4062
656 688  0.0923 -0.2552 167.2837
 16 720 -0.0164 -0.0221 14.2087
 48 720 -0.0406 -0.0620 82.7200
 80 720 -0.2461 -0.0570 43.2668
112 720 -0.0857 -0.3012 294.3907
144 720 -0.4056 -0.4227 197.5336
176 720  0.1000 -0.3715 137.8684
208 720 -0.3734 -0.2341 70.4879
240 720 -0.7435 -0.7967 113.1344
272 720 -0.7771 -0.7260 72.2284
304 720 -0.3595 -0.2126 144.3473
336 720 -0.1929 -0.1090 102.0529
368 720 -0.0559 -0.1323 199.1438
400 720  0.2002 -0.0081 89.3105
432 720  0.2113 -0.1049 91.7968
464 720  0.7079 -0.1450 147.1444
496 720  0.5853 -0.3508 97.7337
528 720  0.7454 -0.8797 97.0474
560 720  0.0700 -0.0506 30.9753
592 720  0.1643  0.0247 17.0675
624 720  0.0594 -0.1804 95.7763
656 720  0.0364 -0.1616 31.1817
 16 752  0.0237 -0.0027 28.4386
 48 752 -0.0015 -0.0410 67.1525
 80 752 -0.0171 -0.0746 265.9496
112 752 -0.0325 -0.1239 260.6743
144 752 -0.0671 -0.1572 82.6427
176 752 -0.0731 -0.3175 137.9622
208 752 -0.0740 -0.1736 210.6759
240 752 -0.0729 -0.1700 21.3567
272 752 -0.1149 -0.2984 46.3887
304 752 -0.1318 -0.3234 193.3904
336 752 -0.0614 -0.2464 59.9619
368 752  0.0878 -0.1361 137.8603
400 752  0.1591 -0.0895 140.8181
432 752  0.3560 -0.0534 21.7893
464 752  0.4603 -0.1264 20.2109
496 752  0.7076 -0.3972 14.7852
528 752  0.2316 -0.3783 49.2994
560 752  0.0550 -0.0717 10.9126
592 752  0.0360  0.0436 11.3809
624 752 -0.0382  0.0228 11.3143
656 752 -0.0043 -0.0099 24.8039
 16 784  0.0731 -0.0411 75.3561
 48 784  0.0513 -0.0332 34.4784
 80 784  0.0037 -0.2329 126.9854
112 784  0.0076 -0.1498 213.5194
144 784  0.0268 -0.1556 92.1597
176 784 -0.0167 -0.2161 125.0848
208 784 -0.0623 -0.1119 109.8911
240 784 -0.2833 -0.5702 268.1903
272 784 -0.0219 -0.2630 102.5190
304 784 -0.0293 -0.4348 161.9140
336 784  0.0732 -0.1812 228.8188
368 784  0.2815 -0.2605 225.9362
400 784  0.6926 -0.0963 120.3183
432 784  1.4765 -0.0624 104.1431
464 784  1.5054 -0.2718 160.0391
496 784  0.9895 -0.5787 19.4915
528 784  0.2983 -0.1303 19.4943
560 784  0.0137  0.0217  9.7488
592 784  0.0428  0.0591  9.4914
624 784  0.0036  0.0035 14.0350
656 784  0.0365 -0.0527  8.6106
 16 816  0.0277 -0.0198 42.0446
 48 816  0.2116 -0.0227 112.1121
 80 816  0.0486 -0.1158 76.6186
112 816  0.0685 -0.0873 217.1221
144 816  0.0477 -0.2026 171.7791
176 816  0.0886 -0.2949 99.2204
208 816  0.0342 -0.3492 314.5522
240 816 -0.0276 -0.5024 224.0065
272 816  0.0691 -0.6452 185.7660
304 816  0.1262 -0.5320 76.7672
336 816  0.1681 -0.1138 71.5218
368 816  0.8562 -0.2391 69.7721
400 816  0.9086 -0.1062 80.4405
432 816  1.5208 -0.2395 88.6293
464 816  0.7827 -0.6970 19.1514
496 816  0.4215 -0.3125 18.5936
528 816  0.0066 -0.0210  7.7846
560 816  0.0001  0.0014  6.2712
592 816  0.0260 -0.0118 15.3129
624 816  0.0572 -0.0093 11.7529
656 816  0.0243  0.0104 13.6173
 16 848  0.0719 -0.0078 307.5143
 48 848  0.1001 -0.0167 223.3041
 80 848  0.3142 -0.0475 171.3299
112 848  0.1600 -0.1197 322.0315
144 848  0.0913 -0.1325 258.6669
176 848  0.0928 -0.1845 116.0626
208 848  0.1025 -0.3272 34.4171
240 848  0.1950 -0.3013 41.1998
272 848  0.3599 -0.5731 96.8186
304 848  0.1061 -0.1180 14.3645
336 848  0.6141 -0.3497 176.7871
368 848  0.7480 -0.3591 89.3933
400 848  0.8923 -0.1473 100.6352
432 848  0.7734 -0.0914 16.1265
464 848  0.8463 -0.4563 98.7182
496 848  0.0005 -0.0175 20.6746
528 848  0.0182  0.0321  6.3927
560 848  0.0083 -0.0050 18.7940
592 848  0.0617 -0.0062 99.4386
624 848  0.0349  0.0329 83.8303
656 848  0.0434  0.0362 23.5305
 16 880  0.0097 -0.0113 45.8009
 48 880  0.1152 -0.0432 82.5470
 80 880  0.2463 -0.1405 125.2680
112 880  0.0930 -0.0759 308.5997
144 880  0.4459 -0.1104 114.7246
176 880  0.1624 -0.1207 166.4287
208 880  0.1690 -0.1785 27.2042
240 880  0.3717 -0.3000 55.1110
272 880  0.1652 -0.7508 92.5138
304 880  0.6798 -0.6879 24.5815
336 880  0.8895 -0.5015 54.8622
368 880  0.8288 -0.3459 171.1926
400 880  0.7050 -0.0968 216.1017
432 880  0.1351 -0.0315 19.3423
464 880  0.2482 -0.1075 20.7062
496 880 -0.0115 -0.0174  5.8886
528 880 -0.0080  0.0237  8.0049
560 880  0.1379 -0.1289 10.6040
592 880  0.0502 -0.0636 15.1082
624 880  0.1092 -0.0641 13.8024
656 880  0.2340 -0.1270 11.7724
 16 912  0.0684 -0.0322 14.8924
 48 912  0.1657 -0.0175 65.3769
 80 912  0.1351 -0.0564 165.5307
112 912  0.2427 -0.0836 208.9814
144 912  0.1060 -0.0906 29.0691
176 912  0.1018 -0.0495 55.9756
208 912  0.0834 -0.1286 32.7182
240 912  0.3251 -0.1853 55.8058
272 912  0.4654 -0.5376 113.9096
304 912  0.8767 -0.4459 67.9885
336 912  0.8274 -0.6068 209.9133
368 912  1.2412 -0.3133 88.9201
400 912  0.6065 -0.0410 43.3024
432 912  0.0525  0.0137 17.1956
464 912 -0.0188 -0.0073 10.0987
496 912  0.0165 -0.0740  4.0554
528 912 -0.0376  0.0469  4.7331
560 912  0.0306  0.0215  4.2700
592 912  0.0877 -0.0850  4.3237
624 912  0.1116 -0.0418  8.7698
656 912  0.2316  0.0076  5.4893
 16 944  0.0083 -0.0076 15.7272
 48 944  0.0773 -0.0237 18.8561
 80 944  0.4905 -0.0121 106.3549
112 944  0.0928 -0.0844 111.7704
144 944  0.1331 -0.0513 35.4285
176 944  0.1315 -0.1396 43.3940
208 944  0.3449 -0.1687 93.4006
240 944  0.4639 -0.3256 44.7872
272 944  0.2797 -0.2043 96.0092
304 944  0.1397 -0.0455 179.4573
336 944  0.3714 -0.5595 67.4894
368 944  0.2930 -0.2314 115.7058
400 944  0.1157 -0.0878 20.9956
432 944  0.0037  0.0106 14.3038
464 944 -0.0030 -0.0101  5.8281
496 944 -0.0468  0.0218  7.3815
624 944  0.0624  0.0073  4.5598
 16 976  0.1343 -0.0126 66.4900
 48 976  0.0979  0.0073 19.2514
 80 976  0.1674 -0.0304 97.9492
112 976  0.1690 -0.0602 211.1429
144 976  0.0079 -0.0525 21.1269
176 976  0.1674 -0.0697 131.8848
208 976  0.1757 -0.1120 73.4494
240 976  0.1939 -0.2171 137.5155
272 976  0.1936 -0.1447 21.7603
304 976  0.1556 -0.1334 34.0247
336 976  0.1873 -0.3093 53.3475
368 976  0.0237 -0.0301 24.3374
400 976 -0.0338  0.0367 12.3454
432 976 -0.0104  0.0271  7.8389
464 976 -0.0211 -0.0125 20.8825
496 976 -0.0736 -0.0495 10.6849
528 976 -0.0221  0.0221  4.2756
 16 1008  0.0905 -0.0098 35.7034
 48 1008  0.1441 -0.0221 55.1643
 80 1008  0.0833 -0.0297 209.0861
112 1008  0.0738 -0.0551 156.1286
144 1008  0.1033 -0.0513 267.4293
176 1008  0.0979 -0.0783 291.7348
208 1008  0.1907 -0.1438 111.6770
240 1008  0.3560 -0.2702 91.9628
272 1008  0.1795 -0.1707 20.7077
304 1008  0.0274 -0.0892 236.4006
336 1008  0.0262 -0.0945 24.8806
368 1008 -0.0100  0.0329 10.8152
400 1008  0.0013  0.0130 10.4339
432 1008 -0.0120  0.0059 17.7661
464 1008 -0.0181  0.0045 242.3816
496 1008 -0.0038  0.0370 20.8130
528 1008  0.0209  0.0330  8.8459
560 1008 -0.0275  0.0567  5.3505
 16 1040  0.1035 -0.0006 200.3985
 48 1040  0.0897 -0.0166 378.2005
 80 1040  0.2070 -0.0366 143.3543
112 1040  0.0346 -0.0771 152.1106
144 1040  0.6090 -0.0964 104.5761
176 1040  0.3075 -0.2380 119.7180
208 1040  0.0494 -0.1217 282.6373
240 1040  0.0540 -0.0424 31.5351
272 1040  0.0659 -0.1634 35.5511
304 1040  0.0107 -0.1085 265.5583
336 1040  0.0121 -0.0327 63.8538
368 1040 -0.0168 -0.0144 13.3891
400 1040  0.0131  0.0126 31.9592
432 1040  0.0280  0.0163 43.3322
464 1040 -0.0023  0.0311 27.2798
496 1040 -0.4228  0.1661 10.5051
528 1040 -0.0291  0.0613 10.6076
560 1040 -0.0062  0.0165 10.0041
592 1040 -0.0433  0.0328  5.4425
 16 1072  0.2794 -0.0194 106.8882
 48 1072  0.1389 -0.0236 210.2424
 80 1072  0.0861 -0.0323 79.0630
112 1072  0.0392 -0.0269 202.2100
144 1072  0.0646 -0.2703 209.3774
176 1072  0.1265 -0.1124 24.2860
208 1072  0.0458 -0.1979 129.0957
240 1072  0.0503 -0.1635 124.7957
272 1072  0.1097 -0.1121 105.7169
304 1072  0.0261 -0.1482 24.5647
336 1072 -0.0134 -0.1256 199.0487
368 1072 -0.0096 -0.1692 193.7974
400 1072  0.0073 -0.0828 84.5510
432 1072  0.0262 -0.0160 37.5665
464 1072  0.0195 -0.0210 29.9935
496 1072 -0.1348  0.1437 11.3887
528 1072  0.0174  0.2518 11.9422
560 1072 -0.0047  0.0557  8.3241
592 1072  0.0030  0.0337  9.2861
624 1072 -0.0894  0.0027  5.1500
656 1072 -0.0146  0.0801  5.5835
 16 1104  0.0270 -0.0285 13.6956
 48 1104  0.0892 -0.0330 64.0983
 80 1104  0.0760 -0.0299 45.2399
112 1104  0.1417 -0.0645 72.7882
144 1104  0.1116 -0.0498 44.0522
176 1104  0.1163 -0.0609 77.4829
208 1104  0.1881 -0.0798 43.8813
240 1104  0.0619 -0.0803 161.0594
272 1104  0.1538 -0.2541 63.5956
304 1104  0.0535 -0.2132 121.9195
336 1104  0.0312 -0.1398 214.7772
368 1104  0.0416 -0.1224 76.1477
400 1104  0.0227 -0.0791 144.1526
432 1104  0.0209 -0.0447 114.6249
464 1104 -0.0121  0.0102 29.5598
496 1104 -0.0261  0.0072 25.5269
528 1104  0.0255  0.0396 15.3062
560 1104  0.0001  0.0296 14.0157
592 1104 -0.0237  0.0095 11.6214
624 1104  0.0225  0.0244 11.0565
656 1104  0.0027  0.0109 11.2303
 16 1136 -0.0021 -0.0081 13.7538
 48 1136  0.0533  0.0067 45.1832
 80 1136  0.2973 -0.0233 63.9076
112 1136  0.2113 -0.0823 62.7498
144 1136  0.1583 -0.0622 157.6350
176 1136  0.0505 -0.0663 112.3456
208 1136  0.0422 -0.1153 438.0643
240 1136  0.1930 -0.0696 130.5231
272 1136  0.0977 -0.1210 83.9284
304 1136  0.0170 -0.0937 154.2161
336 1136  0.0346 -0.1923 127.6676
368 1136  0.0280 -0.0788 75.6810
400 1136  0.0473 -0.0328 275.2831
432 1136  0.0522 -0.0239 44.6200
464 1136  0.0372 -0.0370 39.7612
496 1136  0.0086 -0.0572 30.6172
528 1136  0.0463 -0.0613 31.4328
560 1136  0.0071  0.0057  8.2329
592 1136  0.0295  0.0246 15.5636
624 1136  0.0063  0.0198 15.5206
656 1136  0.0187 -0.0118 16.4059
 16 1168  0.0746 -0.0129 20.2901
 48 1168  0.0410  0.0008 24.4637
 80 1168  0.0873 -0.0199 206.3272
112 1168  0.0641 -0.0217 119.6856
144 1168  0.0456 -0.0672 220.8927
176 1168  0.0400 -0.0604 96.3666
208 1168  0.1059 -0.0333 136.5202
240 1168  0.0748 -0.0753 63.5522
272 1168  0.1016 -0.1180 97.4350
304 1168  0.0496 -0.0773 203.6913
336 1168  0.0157 -0.0988 156.6692
368 1168  0.0309 -0.0481 188.1569
400 1168  0.0259 -0.1596 34.6820
432 1168  0.0340 -0.0686 112.2915
464 1168  0.1006 -0.1211 41.4817
496 1168  0.0003  0.0096 12.9020
528 1168  0.0126 -0.0259 15.9413
560 1168 -0.0511  0.0618 15.4356
592 1168 -0.0438  0.0626 11.8453
624 1168 -0.0142  0.0136 11.0960
656 1168  0.0036  0.0311 10.9161
 16 1200  0.0505 -0.0339 21.9826
 48 1200  0.0396  0.0164 22.6388
 80 1200  0.0127 -0.0034 14.6503
112 1200  0.1561 -0.0408 71.4782
144 1200  0.1083 -0.0126 25.4965
176 1200  0.1737 -0.1394 174.1046
208 1200  0.0586 -0.2037 149.8294
240 1200  0.0790 -0.0650 63.5533
272 1200  0.0885 -0.1556 74.0802
304 1200  0.0603 -0.1830 81.0559
336 1200  0.0734 -0.0860 152.6780
368 1200  0.0490 -0.1001 152.0509
400 1200  0.0537 -0.0944 154.7579
432 1200  0.0244 -0.0226 191.9115
464 1200  0.0467 -0.0478 271.8521
496 1200 -0.0038  0.0042 16.7267
528 1200  0.0257 -0.0081 18.3188
560 1200  0.0040  0.0176 12.9798
592 1200  0.0067  0.0067 17.3799
624 1200  0.0825  0.0100 25.5137
656 1200  0.0015 -0.0211  9.1690
  0   0 -0.0588 -0.1335  0.0000
  0   0 -0.0348 -0.1250  0.0000
  0   0  0.0233 -0.0992  0.0000
  0   0 -0.0487  0.0338  0.0000
  0   0 -0.1210  0.1041  0.0000
  0   0 -0.1691  0.2085  0.0000
  0   0 -0.1395  0.2347  0.0000
  0   0 -0.0802  0.1929  0.0000
  0   0 -0.0266  0.1275  0.0000
  0   0  0.0145  0.0430  0.0000
  0   0  0.0132  0.0396  0.0000
  0   0  0.0366  0.0248  0.0000
  0   0  0.1818 -0.0072  0.0000
