VARIABLES= "X pix", "Y pix", "U pix/dt", "V pix/dt", "CHC", ZONE I=21, J=30
 16 272 -0.3725 -0.1026 67.6375
 48 272 -0.2613 -0.0968 189.4328
 80 272 -0.1617 -0.0759 18.9421
112 272 -0.3004 -0.2905 170.6875
144 272 -0.0973 -0.1076 67.8712
176 272 -0.2435 -0.0297 161.2932
208 272 -0.0886 -0.1139 167.5777
240 272 -0.1441 -0.1445 105.7013
272 272 -0.1002 -0.0516 219.6314
304 272 -0.0538 -0.0054 196.5811
336 272 -0.0319 -0.0038 157.1686
368 272 -0.0319  0.0031 146.7089
400 272 -0.0188  0.0329 143.6601
432 272 -0.0034  0.0353 183.2372
464 272 -0.0162  0.1196 195.0387
496 272 -0.0049  0.0491 188.6903
528 272 -0.0224  0.0609 62.9047
560 272  0.0159  0.0842 195.8500
592 272 -0.0022  0.0776 33.7366
624 272 -0.0196  0.0531 149.2054
656 272  0.0023  0.0910 134.8320
 16 304 -0.1311 -0.1343 115.6752
 48 304 -0.0687 -0.0659 19.1830
 80 304 -0.1084 -0.2394 197.9782
112 304 -0.1294 -0.3585 258.3206
144 304 -0.1814 -0.2745 264.8727
176 304 -0.1947 -0.0899 205.2280
208 304 -0.2034 -0.1253 202.5862
240 304 -0.0732 -0.0997 75.1624
272 304 -0.0357 -0.0462 102.7963
304 304 -0.0490 -0.0266 203.1981
336 304 -0.0551 -0.0211 84.5905
368 304 -0.0122 -0.0025 133.8990
400 304  0.0250  0.0317 85.1588
432 304 -0.0236  0.0219 44.6538
464 304 -0.0115  0.0397 204.1054
496 304 -0.0103  0.0221 112.5053
528 304 -0.0217  0.0639 176.5345
560 304 -0.0362  0.0299 104.3692
592 304 -0.0194  0.0682 95.4535
624 304  0.0044  0.0290 173.1657
656 304 -0.0141  0.0717 95.9349
 16 336 -0.0575 -0.3127 187.9174
 48 336 -0.2205 -0.2618 200.9161
 80 336 -0.1071 -0.2327 163.0494
112 336 -0.1072 -0.4024 217.6050
144 336 -0.1533 -0.3337 105.8764
176 336 -0.1504 -0.1099 270.7356
208 336 -0.0694 -0.0816 207.9531
240 336 -0.0831 -0.2089 155.7303
272 336 -0.0362 -0.0589 24.9675
304 336 -0.0416 -0.1007 251.2659
336 336 -0.0260 -0.0196 80.3368
368 336 -0.0102  0.0104 74.7983
400 336 -0.0251 -0.0106 154.1095
432 336  0.0011  0.0459 195.8531
464 336 -0.0094  0.0532 127.5573
496 336  0.0222  0.0235 88.4799
528 336  0.0275  0.0674 111.9900
560 336 -0.0101  0.0203 201.5989
592 336 -0.0154  0.0611 147.6049
624 336 -0.0128  0.0408 94.0049
656 336 -0.0020  0.0350 207.1180
 16 368 -0.2577 -0.2132 165.2060
 48 368 -0.0581 -0.2224 137.0603
 80 368 -0.1513 -0.2126 254.4386
112 368 -0.1807 -0.2525 36.7283
144 368 -0.2209 -0.1443 232.4485
176 368 -0.2627 -0.2193 84.5386
208 368 -0.2023 -0.1404 225.6329
240 368 -0.2042 -0.1159 88.9931
272 368 -0.0730 -0.0794 57.5039
304 368 -0.1161 -0.1162 117.6229
336 368 -0.0544 -0.0301 289.2253
368 368 -0.0403 -0.0099 223.0836
400 368 -0.0071 -0.0403 292.2242
432 368 -0.0228  0.0251 102.7403
464 368 -0.0422  0.0381 177.6901
496 368 -0.0381  0.0942 340.3853
528 368  0.0013  0.0270 102.8479
560 368 -0.0171  0.0355 174.7614
592 368 -0.0056  0.0456 71.6370
624 368  0.0000  0.0087 32.8782
656 368 -0.0137  0.0572 105.9835
 16 400 -0.2376 -0.2573 28.9437
 48 400 -0.0441 -0.5215 248.5577
 80 400 -0.2729 -0.1963 214.8317
112 400 -0.4496 -0.2154 105.5847
144 400 -0.2579 -0.2037 94.0431
176 400 -0.0943 -0.1553 351.2910
208 400 -0.1499 -0.2251 59.5602
240 400 -0.1597 -0.2239 135.9355
272 400 -0.0732 -0.2065 151.8809
304 400 -0.0868 -0.1006 223.6349
336 400 -0.0481 -0.0074 252.9009
368 400 -0.0746 -0.0543 75.2520
400 400 -0.0279 -0.0027 132.3717
432 400 -0.0736  0.0018 142.0024
464 400 -0.0405  0.0272 247.5492
496 400 -0.0191  0.0164 232.2991
528 400 -0.0090  0.0336 144.7650
560 400 -0.0018  0.0454 145.6946
592 400 -0.0083  0.0805 60.1951
624 400 -0.0024  0.0272 144.8630
656 400  0.0060  0.0256 161.6985
 16 432 -0.0189 -0.0166 13.9962
 48 432 -0.2527 -0.4296 298.2948
 80 432 -0.1189 -0.1577 151.1499
112 432 -0.1274 -0.1944 167.2435
144 432 -0.3033 -0.3813 171.9408
176 432 -0.1446 -0.2548 40.5523
208 432 -0.1732 -0.1733 151.6797
240 432 -0.0944 -0.3382 149.4458
272 432 -0.1301 -0.1841 144.3837
304 432 -0.0982 -0.1199 174.7461
336 432 -0.0791 -0.0813 132.1248
368 432 -0.0408 -0.0516 211.2955
400 432 -0.0440 -0.0011 182.1760
432 432 -0.0268 -0.0058 219.0856
464 432 -0.0260  0.0423 82.3250
496 432 -0.0269  0.0797 151.4668
528 432  0.0439  0.0730 162.1632
560 432 -0.0076  0.0477 143.1903
592 432  0.0091  0.0214 129.2799
624 432  0.0163  0.0316 29.3155
656 432  0.0204 -0.0020 105.6338
 16 464 -0.4018 -0.3276 177.1320
 48 464 -0.3157 -0.4607 68.0437
 80 464 -0.4231 -0.4142 169.4990
112 464 -0.1559 -0.1333 19.2526
144 464 -0.4917 -0.2003 96.3798
176 464 -0.4612 -0.4217 128.1875
208 464 -0.1714 -0.5076 191.7525
240 464 -0.1231 -0.1708 57.6384
272 464 -0.1418 -0.4569 231.4847
304 464 -0.0770 -0.0519 178.1115
336 464 -0.1163 -0.0570 97.8974
368 464 -0.0579 -0.0658 303.4225
400 464 -0.0613 -0.0468 104.9931
432 464 -0.0116  0.0104 37.5585
464 464 -0.0515  0.0021 140.5359
496 464 -0.0090  0.0390 187.5685
528 464  0.0056  0.0413 113.5614
560 464 -0.0024  0.0243 90.4467
592 464  0.0288  0.0253 172.5437
624 464  0.0031  0.0067 114.3081
656 464 -0.0280 -0.0099 140.5790
 16 496 -0.3663 -0.2022 34.7594
 48 496 -0.4795 -0.2649 133.5824
 80 496 -0.3561 -0.3743 27.8502
112 496 -0.9671 -0.5065 69.8416
144 496 -0.2773 -0.2582 113.2331
176 496 -0.1421 -0.2898 100.8832
208 496 -0.2094 -0.6809 151.9289
240 496 -0.2006 -0.4248 130.4683
272 496 -0.1918 -0.3287 70.5487
304 496 -0.1752 -0.1829 118.3246
336 496 -0.1348 -0.0609 175.8394
368 496 -0.0690 -0.0970 247.3570
400 496 -0.0476 -0.0095 249.1751
432 496 -0.0413 -0.0261 123.5850
464 496 -0.0528  0.0003 130.7471
496 496 -0.0306  0.0141 115.6600
528 496 -0.0148  0.0241 191.7298
560 496  0.0107  0.0155 54.4177
592 496  0.0423 -0.0256 257.5469
624 496 -0.0406 -0.0119 73.8267
656 496  0.0255 -0.0067 100.3385
 16 528 -0.2859 -0.1932 21.2613
 48 528 -0.1405 -0.7782 120.5463
 80 528 -0.7021 -0.3243 119.8390
112 528 -0.3158 -0.3185 94.7305
144 528 -0.0641 -0.1868 13.1072
176 528 -0.3740 -0.5765 174.0700
208 528 -0.2445 -0.4025 51.6840
240 528 -0.2418 -0.6112 94.1190
272 528 -0.0708 -0.2228 72.9271
304 528 -0.2611 -0.4625 48.5871
336 528 -0.1946 -0.2640 217.2519
368 528 -0.1356 -0.1345 205.6447
400 528 -0.1399 -0.0353 194.7351
432 528 -0.0560 -0.0193 62.4213
464 528 -0.0973  0.0150 110.0329
496 528 -0.0276  0.0041 113.4919
528 528 -0.0318 -0.0001 159.6430
560 528 -0.0255  0.0158 100.1627
592 528 -0.0126 -0.0241 47.2979
624 528  0.0154 -0.0183 112.7920
656 528  0.0187 -0.0439 152.6139
 16 560 -0.3510 -0.1730 48.6912
 48 560 -0.3461 -0.1953 43.2687
 80 560 -1.1166 -0.4114 96.0609
112 560 -0.5103 -0.7268 137.6350
144 560 -0.4177 -0.6271 79.6982
176 560 -0.0137 -0.1620 16.8017
208 560 -0.9564 -0.7364 108.4052
240 560 -0.6719 -1.4219 71.3480
272 560 -0.4504 -0.3824 290.2046
304 560 -0.2223 -0.1785 122.4585
336 560 -0.2312 -0.3596 127.1054
368 560 -0.3392 -0.1118 179.2358
400 560 -0.1882 -0.1137 102.9320
432 560 -0.0835  0.0041 19.5553
464 560 -0.1577 -0.0151 30.1617
496 560 -0.0775  0.0443 161.0802
528 560 -0.0616 -0.0122 101.9886
560 560 -0.0199 -0.0012 159.8139
592 560  0.0112 -0.0799 36.2601
624 560  0.0226 -0.0547 19.6817
656 560  0.0627 -0.0778 107.4077
 16 592 -0.2292 -0.0907 20.6716
 48 592 -0.6380 -0.4423 42.8357
 80 592 -0.8878 -0.8152 108.6322
112 592 -0.1633 -0.0902 15.9213
144 592 -0.9586 -0.7924 140.3244
176 592 -0.9789 -0.8633 56.2241
208 592 -0.7288 -0.5665 67.8928
240 592 -0.9224 -0.7001 89.8899
272 592 -0.7233 -0.6749 60.0992
304 592 -0.8500 -0.8648 107.6484
336 592 -0.4508 -0.3358 175.3174
368 592 -0.1911 -0.1342 91.9943
400 592 -0.2346 -0.0559 48.9209
432 592 -0.0787 -0.0298 126.0265
464 592 -0.2501  0.0166 148.8739
496 592 -0.1368 -0.0370 123.9150
528 592 -0.1133 -0.0336 183.2959
560 592 -0.0973 -0.0485 49.4292
592 592  0.0013 -0.0980 50.2505
624 592  0.0415 -0.0980 148.3971
656 592  0.0586 -0.1517 158.4916
 16 624 -0.2083 -0.0757 74.1071
 48 624 -0.9387 -0.1537 225.1929
 80 624 -0.2423 -0.4179 64.5659
112 624 -0.8961 -0.5249 190.8148
144 624 -0.7092 -0.2459 183.1015
176 624 -0.7188 -0.3693 48.1668
208 624 -1.1202 -0.8380 155.3448
240 624 -1.1075 -0.9489 292.2326
272 624 -1.2526 -0.7020 87.0446
304 624 -0.3910 -0.1193 18.6728
336 624 -0.3112 -0.2570 52.3796
368 624 -0.7037 -0.0287 305.4651
400 624 -0.6041 -0.0654 171.1172
432 624 -0.3769 -0.0114 142.6264
464 624 -0.3226 -0.0105 43.8542
496 624 -0.4140 -0.0751 143.4012
528 624 -0.1395 -0.0477 284.5414
560 624 -0.2349 -0.2576 131.0982
592 624 -0.0259 -0.1486 53.7625
624 624  0.0067 -0.4507 114.6434
656 624  0.0136 -0.1704 107.8347
 16 656 -0.2090 -0.0651 31.9878
 48 656 -0.1930 -0.0085 136.3509
 80 656 -0.3335 -0.2396 92.8341
112 656 -0.1986 -0.1876 74.0313
144 656 -0.6057 -0.2132 72.1873
176 656 -1.0735 -0.6606 120.2010
208 656 -0.2981 -0.1679 11.7357
240 656 -0.9619 -0.8383 263.8450
272 656 -1.0259 -0.7272 25.3833
304 656 -0.4981 -0.2164 28.7349
336 656 -0.7829 -0.3188 158.7629
368 656 -0.9103 -0.1651 162.3255
400 656 -0.2341 -0.0736 31.6895
432 656 -0.5006  0.0245 216.4608
464 656 -0.4577 -0.0932 166.9173
496 656 -0.4073 -0.1279 203.4007
528 656 -0.4201 -0.2701 87.5970
560 656 -0.2859 -0.3018 55.6982
592 656 -0.0166 -0.7925 54.7204
624 656 -0.0012 -0.2358 46.8526
656 656  0.0304 -0.2082 70.8047
 16 688 -0.1400 -0.0063 267.2823
 48 688 -0.0691 -0.0606 178.8097
 80 688 -0.2971 -0.2134 26.8022
112 688 -1.2456 -0.1991 85.2141
144 688 -0.7406 -0.2076 80.2783
176 688 -0.9715 -1.0881 39.5089
208 688 -0.9835 -1.1818 242.8321
240 688 -1.4152 -0.7920 103.3224
272 688 -1.3208 -0.8923 90.7662
304 688 -0.8635 -0.6403 113.1734
336 688 -0.9384 -0.3265 148.8290
368 688 -0.7104 -0.1233 186.9018
400 688 -0.3984  0.0199 72.3638
432 688 -0.6404  0.0778 102.1296
464 688 -0.7425 -0.0871 145.6011
496 688 -0.4672 -0.3673 78.5681
528 688 -0.1211 -0.3606 116.9381
560 688 -0.0044 -1.1280 103.3278
592 688 -0.0728 -0.1288 12.5754
624 688 -0.0233 -0.2712 63.3657
656 688 -0.0080 -0.3020 46.3356
 16 720 -0.0682 -0.0344 99.3983
 48 720 -0.0509 -0.0233 75.4985
 80 720 -0.0880  0.0477 242.8039
112 720 -0.7193 -0.1808 194.0373
144 720 -0.0359 -0.0401 21.5440
176 720 -1.2951 -0.5472 36.8812
208 720 -0.9176 -0.7189 242.0268
240 720 -0.4013 -0.1155 42.9613
272 720 -0.9202 -0.5218 153.1838
304 720 -0.5456 -0.3428 202.8703
336 720 -0.8541 -0.2876 152.3432
368 720 -0.4676  0.0412 198.9662
400 720  0.0574  0.0682 65.6959
432 720  0.0793  0.0973 31.5590
464 720  0.2104 -0.1535 74.5246
496 720  0.1070 -0.7958 134.9352
528 720  0.4132 -0.9854 68.6291
560 720  0.1822  0.0176 16.3846
592 720  0.0555  0.2625 26.2150
624 720 -0.0139 -0.2309 31.9694
656 720 -0.0526 -0.1574 112.9823
 16 752 -0.0162 -0.0037 15.9125
 48 752 -0.0394 -0.0321 61.3760
 80 752 -0.0543 -0.0109 289.3687
112 752 -0.3760 -0.0904 134.8377
144 752 -0.3854 -0.2427 102.7718
176 752 -0.2158 -0.2304 160.6717
208 752 -0.8610 -0.7154 285.3451
240 752 -0.7739 -0.9618 77.8564
272 752 -0.2703 -0.1303 16.0187
304 752 -0.8341 -0.5533 26.9810
336 752 -0.2248 -0.1789 131.5137
368 752 -0.1016 -0.0085 216.2687
400 752  0.0043  0.0789 367.7118
432 752  0.6589  0.0648 51.0337
464 752  0.9933 -0.0970 27.9262
496 752  1.2391 -1.1249 162.5230
528 752  0.0840 -0.0584 25.2336
560 752  0.4313  0.2052  9.0407
592 752  0.1111  0.1560 10.8170
624 752 -0.0236 -0.0540 10.4535
656 752 -0.0225 -0.0520 23.8658
 16 784  0.0072 -0.0077 195.0996
 48 784 -0.0116 -0.0608 110.5272
 80 784  0.0321 -0.0387 95.3014
112 784 -0.0242 -0.0973 247.6707
144 784 -0.0364 -0.1050 109.7414
176 784 -0.1983 -0.2661 31.5476
208 784 -0.3555 -0.1487 38.2800
240 784 -0.4017 -0.3950 22.0392
272 784 -0.2982 -0.5289 129.7159
304 784 -0.3331 -0.3397 25.1559
336 784 -0.0236 -0.2184 190.0512
368 784  0.2752 -0.0411 229.1408
400 784  0.7902  0.0949 53.3720
432 784  0.8271  0.0955 57.4130
464 784  1.9281 -0.0953 146.0692
496 784  1.8461 -0.7057 93.1597
528 784  0.0365 -0.0410 16.5895
560 784  0.2132  0.2410 10.9889
592 784  0.1024  0.1116 26.1768
624 784 -0.0465  0.0313 19.9246
656 784 -0.0255  0.0491  9.2443
 16 816  0.0185  0.0118 29.1704
 48 816  0.0266 -0.0064 97.2628
 80 816  0.0287 -0.0387 163.0576
112 816  0.0257 -0.0825 202.9615
144 816  0.0014 -0.0773 111.1047
176 816 -0.0059 -0.0716 187.8071
208 816 -0.0483 -0.1543 87.1526
240 816  0.0155 -0.6896 67.5118
272 816 -0.0266 -0.6078 99.0655
304 816  0.0358 -0.4547 77.2540
336 816  0.1931 -0.1985 177.6906
368 816  0.5630 -0.0243 195.1538
400 816  0.8086  0.0433 103.3601
432 816  1.6721  0.2063 108.2171
464 816  1.8907  0.0055 30.5679
496 816  0.2516 -0.0712 14.2286
528 816  0.0182 -0.0042  7.4857
560 816  0.0895  0.0777  7.7845
592 816  0.0239 -0.0141 15.0942
624 816 -0.0180  0.0098  9.4336
656 816 -0.0202  0.0013 12.4908
 16 848  0.0165  0.0079 21.1641
 48 848  0.0258  0.0069 16.8899
 80 848  0.1351 -0.0382 116.7850
112 848  0.0536 -0.0137 368.0413
144 848  0.0548 -0.0574 245.5488
176 848  0.0553 -0.2678 200.2660
208 848  0.0348 -0.2152 283.9102
240 848  0.0920 -0.2686 20.1821
272 848  0.1333 -0.6969 35.5911
304 848  0.6863 -0.6481 52.8414
336 848  0.7200 -0.3306 135.5700
368 848  0.9790 -0.1343 58.7548
400 848  1.4979  0.0204 56.7120
432 848  1.3599  0.0664 29.2929
464 848  1.1556 -0.0657 32.1715
496 848 -0.0088 -0.0174 19.5055
528 848  0.1181  0.0963  7.0790
560 848  0.0438  0.0471 48.8010
592 848  0.0431 -0.0045 48.4634
624 848 -0.0034  0.0221 47.5237
656 848 -0.0101  0.0213 26.5537
 16 880  0.0131  0.0075 15.4552
 48 880  0.0228 -0.0781 104.7580
 80 880  0.1873 -0.0139 86.8095
112 880  0.0641 -0.0693 93.4045
144 880  0.2127 -0.0795 138.8807
176 880  0.0956 -0.1981 19.5136
208 880  0.0677 -0.1470 54.1765
240 880  0.1218 -0.1383 247.8782
272 880  0.2273 -0.6752 78.5459
304 880  0.2643 -0.2136 31.0362
336 880  0.9051 -1.1468 170.5239
368 880  0.9980 -0.2518 44.0060
400 880  0.9259 -0.0736 29.0088
432 880  0.1965  0.0222 16.6263
464 880  0.5875 -0.1423 32.5181
496 880 -0.0653 -0.0616  6.0936
528 880  0.0482 -0.0072  8.9434
560 880  0.0221 -0.0709 17.1874
592 880  0.0043 -0.0177 19.1005
624 880  0.1893 -0.0658 17.4036
656 880  0.0047 -0.0344 25.5798
 16 912  0.0298 -0.0244 27.3892
 48 912  0.0650 -0.0035 54.9905
 80 912  0.0807 -0.0314 113.9769
112 912  0.0424 -0.0494 39.2734
144 912  0.0879 -0.1748 128.8272
176 912  0.1316 -0.1183 152.5563
208 912  0.1886 -0.2281 108.6428
240 912  0.3304 -0.4357 211.8606
272 912  1.0200 -0.6848 26.5442
304 912  0.1164 -0.2293 24.9902
336 912  0.9119 -0.9643 38.3472
368 912  0.1712 -0.0419 10.0215
400 912  0.5309 -0.0365 17.8429
432 912  0.1516  0.0370 16.4910
464 912 -0.0384 -0.0247 10.6868
496 912 -0.0081 -0.0081  4.1001
528 912  0.0210 -0.0206  4.8464
560 912 -0.1502 -0.3683  5.0729
592 912  0.1538 -0.3917  5.2179
624 912  0.1242 -0.1532  9.3252
656 912  0.2552 -0.2667  7.3569
 16 944  0.0551 -0.0176 156.2755
 48 944  0.0177 -0.0105 32.4566
 80 944  0.0009  0.0197 160.0457
112 944  0.0650 -0.0129 152.4040
144 944  0.2439 -0.0612 45.0230
176 944  0.1133 -0.0491 46.8222
208 944  0.1638 -0.5111 167.2577
240 944  0.1771 -0.1846 164.5774
272 944  0.4091 -0.3706 92.4713
304 944  0.1797 -0.4262 30.5654
336 944  0.8382 -0.6857 56.0232
368 944  0.1705 -0.1757 166.0953
400 944 -0.1172  0.0655 25.0904
432 944 -0.0134 -0.0263 15.5959
464 944 -0.0281  0.0146  6.5617
496 944  0.0020  0.0075  8.2189
528 944 -0.1169  0.0279  4.1668
624 944  0.0955 -0.1482  5.0536
 16 976  0.0954 -0.0169 88.7783
 48 976  0.1098 -0.0861 189.7876
 80 976  0.0174 -0.0129 251.1666
112 976  0.0633 -0.0248 315.8090
144 976  0.2321 -0.0849 114.2773
176 976  0.1596 -0.1378 78.7205
208 976  0.1593 -0.1493 42.6250
240 976  0.1148 -0.1590 154.3694
272 976  0.2496 -0.4566 100.1550
304 976  0.3286 -0.3192 43.6487
336 976 -0.0245 -0.1459 101.1390
368 976 -0.0194 -0.0049 25.0259
400 976 -0.0293 -0.0277 12.5539
432 976  0.0385 -0.0181  8.6914
464 976 -0.0104 -0.0088 22.2029
496 976 -0.0364 -0.0847 14.1021
528 976 -0.4805  0.1384  4.7019
 16 1008  0.0620 -0.0346 20.8712
 48 1008  0.1570 -0.0294 139.1286
 80 1008  0.0527 -0.0319 18.6725
112 1008  0.0832 -0.0999 356.5113
144 1008  0.0266 -0.1211 82.3249
176 1008  0.0900 -0.1207 132.0603
208 1008  0.0422 -0.1507 192.2581
240 1008  0.0781 -0.1478 191.0710
272 1008  0.0520 -0.2691 45.3562
304 1008 -0.0095 -0.2424 32.5289
336 1008  0.0009 -0.0703 20.3716
368 1008  0.0086 -0.0500 11.2826
400 1008 -0.0074  0.0059 10.1224
432 1008  0.0090  0.0050 18.5961
464 1008 -0.0642  0.0309 127.6547
496 1008 -0.0534  0.0158 24.5046
528 1008 -0.0469  0.0589 11.1250
560 1008 -0.0939  0.1577  6.2444
 16 1040  0.0172 -0.0247 57.0636
 48 1040  0.0217 -0.0056 259.6115
 80 1040  0.0921 -0.0085 40.3574
112 1040  0.0848 -0.0466 167.4180
144 1040  0.0267 -0.0516 308.2753
176 1040  0.0848 -0.0619 57.3687
208 1040  0.0264 -0.0978 48.8352
240 1040  0.0674 -0.3343 239.9301
272 1040  0.0217 -0.2341 87.8840
304 1040 -0.0549 -0.2075 28.1775
336 1040 -0.0655 -0.1957 60.8367
368 1040 -0.0046 -0.0104 12.8518
400 1040  0.0017 -0.0007 41.0485
432 1040 -0.0169  0.0305 23.6519
464 1040 -0.0956  0.0009 183.5027
496 1040 -0.1575  0.2728 13.4450
528 1040 -0.0509  0.1205  7.3432
560 1040 -0.0353 -0.0205 12.7723
592 1040 -0.1370  0.0122  6.1451
 16 1072  0.0056 -0.0263 25.8899
 48 1072  0.1378 -0.0226 72.0034
 80 1072  0.0919 -0.0506 145.1537
112 1072  0.0277 -0.0160 158.6946
144 1072  0.0313 -0.0467 247.7335
176 1072  0.0840 -0.0943 101.2477
208 1072  0.0682 -0.1150 55.3446
240 1072  0.0501 -0.0760 144.5153
272 1072  0.0353 -0.1642 29.8473
304 1072 -0.0407 -0.2622 244.1467
336 1072 -0.0772 -0.2696 69.5638
368 1072 -0.0680 -0.0702 148.3627
400 1072 -0.0970 -0.0444 122.2484
432 1072 -0.0399 -0.0342 27.9209
464 1072 -0.0112 -0.0280 16.3837
496 1072 -0.0949  0.0709 19.8240
528 1072  0.0012  0.3379 11.2932
560 1072 -0.0519  0.0719 10.0679
592 1072  0.0091  0.0821 10.5051
624 1072 -0.0528  0.1228  5.8259
656 1072  0.0370  0.2060  6.2190
 16 1104  0.0415  0.0008 19.8739
 48 1104  0.0235  0.0053 60.0077
 80 1104  0.0148 -0.0133 97.9211
112 1104  0.0259 -0.0254 216.3154
144 1104  0.0399 -0.0425 72.5014
176 1104  0.0669 -0.0487 21.4613
208 1104  0.0465 -0.1251 225.1850
240 1104  0.0500 -0.1132 52.1525
272 1104  0.0325 -0.1682 22.5261
304 1104 -0.0262 -0.0936 17.4594
336 1104 -0.0354 -0.1797 73.5880
368 1104 -0.0208 -0.0913 252.6577
400 1104 -0.0116 -0.0422 92.5469
432 1104 -0.0259 -0.0314 142.8253
464 1104 -0.0180 -0.0239 28.2223
496 1104  0.0150  0.0021 20.8280
528 1104 -0.0489  0.0263 20.1238
560 1104  0.0300  0.1329 13.5326
592 1104  0.0233  0.1230 12.5548
624 1104  0.0253  0.0537 12.3091
656 1104  0.0091  0.0010 12.1000
 16 1136  0.0081  0.0002 17.4058
 48 1136  0.0287 -0.0612 119.8458
 80 1136  0.0243 -0.0114 34.8674
112 1136  0.0263 -0.0358 136.2592
144 1136  0.0130 -0.0253 62.4634
176 1136  0.0379 -0.1877 39.1004
208 1136  0.0171 -0.0424 311.9345
240 1136  0.0897 -0.1776 120.3892
272 1136  0.0121 -0.1140 307.1369
304 1136 -0.0281 -0.1200 58.3846
336 1136 -0.0003 -0.2427 133.1205
368 1136 -0.0690 -0.1130 326.9160
400 1136 -0.0005 -0.0630 199.4322
432 1136 -0.0330 -0.0722 220.0346
464 1136  0.0026 -0.0495 22.4284
496 1136  0.0007 -0.0187 12.1057
528 1136  0.0117  0.0231 18.2173
560 1136 -0.0834  0.0923 10.2357
592 1136  0.1769  0.0159 16.0829
624 1136  0.0124  0.0277 14.7016
656 1136  0.0393  0.0042 17.8998
 16 1168  0.0279 -0.0111 15.8375
 48 1168 -0.0247  0.0297 135.1289
 80 1168  0.0184 -0.0675 122.7323
112 1168  0.0538 -0.0158 41.1086
144 1168  0.0524 -0.0437 98.6768
176 1168  0.0294 -0.0555 228.9512
208 1168  0.0067 -0.0803 63.9397
240 1168  0.0429 -0.0567 119.9202
272 1168  0.0202 -0.1483 191.4115
304 1168  0.0183 -0.0324 100.6504
336 1168  0.0051 -0.1298 92.1264
368 1168  0.0038 -0.0955 49.9505
400 1168 -0.0031 -0.0588 187.7361
432 1168 -0.0074 -0.0787 83.4272
464 1168 -0.0026 -0.0928 24.3431
496 1168  0.0020 -0.0293 17.9537
528 1168  0.0018 -0.0188 14.7607
560 1168 -0.0685  0.0572 28.3324
592 1168 -0.1549  0.0644 14.6127
624 1168  0.0246 -0.0190 10.1869
656 1168 -0.0166 -0.0659 18.4668
 16 1200  0.0473 -0.0284 31.2896
 48 1200  0.0333 -0.0118 16.6429
 80 1200  0.0225 -0.0171 118.0544
112 1200 -0.0253 -0.0717 194.0615
144 1200  0.0389 -0.0419 125.5196
176 1200  0.0146 -0.0733 42.5031
208 1200  0.0369 -0.1012 251.1935
240 1200  0.0104 -0.0578 277.9098
272 1200 -0.0033 -0.0774 54.5248
304 1200  0.0159 -0.0730 185.9420
336 1200  0.0188 -0.0805 43.3003
368 1200  0.0023 -0.1444 206.6275
400 1200  0.0090 -0.0617 252.8581
432 1200 -0.0168 -0.0568 86.5564
464 1200  0.0154 -0.0409 236.7505
496 1200 -0.0280 -0.0386 22.7824
528 1200  0.0084 -0.0248 17.6805
560 1200 -0.0004 -0.0082 13.0657
592 1200  0.0092 -0.0067 17.4185
624 1200  0.0302 -0.0239 12.8696
656 1200  0.0082  0.0283 40.2777
  0   0 -0.0156 -0.0125  0.0000
  0   0 -0.0269 -0.0612  0.0000
  0   0 -0.0310 -0.0456  0.0000
  0   0 -0.0431  0.0298  0.0000
  0   0 -0.0907  0.1305  0.0000
  0   0 -0.1660  0.2288  0.0000
  0   0 -0.1865  0.2411  0.0000
  0   0 -0.0370  0.1520  0.0000
  0   0  0.0372  0.0446  0.0000
  0   0  0.0973  0.0181  0.0000
  0   0  0.0983  0.0238  0.0000
  0   0  0.0708  0.0224  0.0000
