VARIABLES= "X pix", "Y pix", "U pix/dt", "V pix/dt", "CHC", ZONE I=21, J=30
 16 272 -0.1415 -0.1355 64.0370
 48 272 -0.1649 -0.0976 160.1443
 80 272 -0.0946 -0.0490 32.2146
112 272 -0.1215 -0.0996 416.8792
144 272 -0.0353 -0.0919 94.0390
176 272 -0.1226 -0.1279 206.4055
208 272 -0.0766 -0.1002 215.6723
240 272 -0.0616 -0.1340 109.9019
272 272 -0.0762 -0.0546 282.0904
304 272 -0.0292 -0.0661 116.2417
336 272 -0.0107 -0.0175 100.2068
368 272 -0.0100  0.0356 104.7844
400 272  0.0116  0.0236 204.0831
432 272  0.0041  0.0515 197.5322
464 272 -0.0056  0.0594 215.2779
496 272  0.0115  0.0950 171.4572
528 272  0.0237  0.0822 54.7842
560 272  0.0559  0.0711 195.1233
592 272  0.0125  0.0842 37.7862
624 272  0.0416  0.0484 161.9102
656 272  0.0550  0.0127 133.5203
 16 304 -0.1098 -0.1677 139.4775
 48 304 -0.1083 -0.0742 15.7417
 80 304 -0.2937 -0.1734 233.7915
112 304 -0.1708 -0.2664 176.9460
144 304 -0.1312 -0.1892 231.9785
176 304 -0.1448 -0.1662 194.4583
208 304 -0.1023 -0.1660 232.0039
240 304 -0.0802 -0.1108 76.0382
272 304 -0.0503 -0.0587 194.4485
304 304 -0.0439 -0.0373 199.5113
336 304 -0.0396 -0.0050 191.4832
368 304 -0.0168  0.0010 141.4092
400 304 -0.0769  0.0653 70.2555
432 304 -0.0059  0.0310 44.4123
464 304 -0.0119  0.0412 189.5078
496 304  0.0129  0.0405 82.6968
528 304  0.0334  0.0309 180.9626
560 304  0.0368  0.0488 109.9054
592 304  0.0370  0.0408 101.8709
624 304  0.0187  0.0261 188.4336
656 304  0.0087  0.0582 59.3939
 16 336 -0.3581 -0.1924 49.9179
 48 336 -0.2023 -0.3742 285.8198
 80 336 -0.7032 -0.0477 132.6632
112 336 -0.2980 -0.1477 279.9334
144 336 -0.1644 -0.2510 153.8291
176 336 -0.1891 -0.2743 218.6382
208 336 -0.0443 -0.2618 233.2093
240 336 -0.0966 -0.0836 81.8326
272 336 -0.0721 -0.0288 264.8491
304 336 -0.0309 -0.0272 236.4304
336 336 -0.0485 -0.0296 73.9492
368 336 -0.0130 -0.0251 103.6618
400 336 -0.0026 -0.0082 173.9580
432 336  0.0017  0.0213 204.4155
464 336  0.0031  0.0346 131.4235
496 336  0.0426  0.1056 68.6529
528 336 -0.0110  0.0868 151.9335
560 336  0.0055  0.0256 189.9669
592 336  0.0166  0.0508 158.2436
624 336  0.0155  0.0359 129.3262
656 336  0.0024  0.0352 177.5335
 16 368 -0.2345 -0.1334 229.7770
 48 368 -0.1782 -0.4315 157.0002
 80 368 -0.1106 -0.1790 124.4380
112 368 -0.0350 -0.1913 320.7189
144 368 -0.5790 -0.1827 153.3743
176 368 -0.0756 -0.0743 230.0278
208 368 -0.2587 -0.1461 128.0330
240 368 -0.0667 -0.0492 109.9126
272 368 -0.0409 -0.0441 50.3277
304 368 -0.0896 -0.1016 175.2854
336 368 -0.0248 -0.0653 284.4003
368 368 -0.0139 -0.0355 218.7022
400 368 -0.0137 -0.0145 230.6741
432 368  0.0050  0.0207 68.5446
464 368  0.0154  0.0550 180.4944
496 368 -0.0172  0.0231 413.7128
528 368  0.0094 -0.0192 176.4005
560 368  0.0557  0.0225 221.6790
592 368  0.0338  0.0346 61.1352
624 368 -0.0010  0.0114 26.8405
656 368  0.0108  0.0537 129.4758
 16 400 -0.0687 -0.1091 27.2609
 48 400 -0.5810 -0.2894 96.8108
 80 400 -0.3013 -0.1669 110.1084
112 400 -0.2345 -0.1821 188.4975
144 400 -0.3929 -0.2620 100.9901
176 400 -0.2585 -0.1978 222.3714
208 400 -0.1402 -0.3560 231.2734
240 400 -0.1283 -0.2253 110.0655
272 400 -0.0516 -0.1736 300.0154
304 400 -0.0565 -0.1081 223.0211
336 400 -0.0416 -0.0899 150.8043
368 400 -0.0187 -0.0323 71.4930
400 400 -0.0239 -0.0034 125.5789
432 400  0.0422  0.0411 157.9403
464 400  0.0110  0.0552 244.6431
496 400  0.0054  0.0482 136.8636
528 400 -0.0028  0.0316 166.2317
560 400  0.0120  0.0577 157.3107
592 400 -0.0159  0.0151 178.6936
624 400  0.0373  0.0232 203.0223
656 400  0.0381  0.0325 169.9112
 16 432 -0.0309 -0.0014 13.3213
 48 432 -0.2704 -0.2325 310.4224
 80 432 -0.3456 -0.8488 37.5169
112 432 -0.5806 -0.2790 135.7836
144 432 -0.1703 -0.3608 130.8965
176 432 -0.1253 -0.1790 60.4922
208 432  0.0000 -0.1001 32.9341
240 432 -0.1348 -0.2358 188.2674
272 432 -0.1690 -0.1833 127.2613
304 432 -0.1131 -0.2014 206.5766
336 432 -0.0667 -0.0879 123.3422
368 432 -0.0231 -0.0433 206.5851
400 432 -0.0277 -0.0210 196.7354
432 432 -0.0111  0.0006 216.1845
464 432 -0.0092  0.0008 146.4739
496 432 -0.0002  0.0530 204.5765
528 432  0.0202  0.0356 102.7714
560 432  0.1048  0.0545 221.9058
592 432  0.0221  0.0449 115.6385
624 432  0.0245  0.0560 29.0717
656 432  0.0354  0.0079 114.9161
 16 464 -0.2746 -0.1908 95.1419
 48 464 -0.6222 -0.2522 159.8368
 80 464 -0.2509 -0.4164 118.4614
112 464 -0.3626 -0.6278 172.0004
144 464 -0.2608 -0.2564 161.9162
176 464 -0.2009 -0.3383 233.2878
208 464 -0.2997 -0.1650 51.1229
240 464 -0.1514 -0.2073 36.8258
272 464 -0.0960 -0.1316 254.5974
304 464 -0.1727 -0.2680 289.0125
336 464 -0.1196 -0.1884 77.3220
368 464 -0.0351 -0.0973 244.5488
400 464 -0.0594 -0.0251 113.2419
432 464 -0.0225  0.0442 20.8132
464 464 -0.0212  0.0123 103.6965
496 464  0.0293  0.0210 208.9714
528 464  0.0223  0.0257 121.6212
560 464  0.0250  0.0449 80.3505
592 464 -0.0175  0.0446 217.2547
624 464  0.0354  0.0046 225.7192
656 464  0.0501 -0.0006 174.0522
 16 496 -0.1804 -0.2027 40.2836
 48 496 -0.3009 -0.4218 124.2970
 80 496 -0.8428 -1.3391 97.2842
112 496 -0.0705 -0.1308 28.4366
144 496 -0.0337 -0.2815 33.9194
176 496 -0.2113 -0.7147 138.9264
208 496 -0.3153 -0.6606 93.3459
240 496 -0.2422 -0.4966 109.1975
272 496 -0.1768 -0.3525 132.3571
304 496 -0.1011 -0.2271 173.5322
336 496 -0.1158 -0.1411 219.3408
368 496 -0.0804 -0.0839 165.9972
400 496 -0.0551 -0.0114 237.1697
432 496 -0.0422 -0.0418 160.1965
464 496 -0.0152  0.0040 204.0266
496 496 -0.0133  0.0326 113.2374
528 496  0.0111  0.0084 202.6853
560 496 -0.0118 -0.0187 39.1380
592 496  0.0468 -0.0063 233.9788
624 496  0.0014  0.0052 45.0415
656 496  0.0549  0.0104 94.2801
 16 528 -0.8055 -0.5757 45.3288
 48 528 -0.3927 -0.4112 88.7250
 80 528 -0.8643 -0.3082 132.3073
112 528 -0.8396 -0.8393 91.5706
144 528 -0.2304 -0.5796 143.1742
176 528 -0.7132 -0.6158 203.1695
208 528 -0.3562 -0.3982 24.3436
240 528 -0.3014 -0.3810 106.1155
272 528 -0.1035 -0.4731 35.7527
304 528 -0.1618 -0.3569 106.3476
336 528 -0.2100 -0.2172 211.0891
368 528 -0.0424 -0.0927 222.7561
400 528 -0.0789 -0.0430 209.5339
432 528 -0.0359 -0.0471 99.1904
464 528 -0.0765  0.0309 127.8245
496 528 -0.0089  0.0229 94.0880
528 528  0.0096  0.0139 219.0486
560 528  0.0148  0.0053 79.8536
592 528  0.0251 -0.0128 34.6832
624 528  0.0274 -0.0408 39.9890
656 528  0.0700 -0.0228 113.6293
 16 560 -0.3437 -0.0694 33.8044
 48 560 -0.4819 -0.2149 39.9095
 80 560 -0.5263 -0.3367 52.7884
112 560 -0.6809 -0.6830 118.1982
144 560 -0.5283 -0.6840 92.1464
176 560 -0.5300 -0.4538 50.6910
208 560 -1.2908 -0.7775 197.5610
240 560 -0.4067 -0.3301 96.7867
272 560 -0.2888 -0.2861 23.3614
304 560 -0.4971 -0.3640 311.5451
336 560 -0.3095 -0.5371 170.9199
368 560 -0.1190 -0.0707 227.4657
400 560 -0.1726 -0.1154 123.7726
432 560 -0.0854 -0.0272 60.7424
464 560 -0.0856  0.0095 81.7456
496 560 -0.0652  0.0123 177.3484
528 560 -0.0566 -0.0131 165.3496
560 560  0.0059 -0.0418 159.2099
592 560  0.0436 -0.0466 43.8856
624 560 -0.0026 -0.0779 36.2515
656 560  0.0968 -0.1236 116.9134
 16 592 -0.0924 -0.1211 23.4591
 48 592 -0.9912 -0.2795 29.9541
 80 592 -0.4694 -0.7263 196.1004
112 592 -0.2632 -0.1534 20.2146
144 592 -1.1729 -1.0784 159.7780
176 592 -0.9912 -0.9323 83.6126
208 592 -0.7951 -1.1450 148.2323
240 592 -0.7999 -0.5985 50.6375
272 592 -0.6999 -0.5966 32.1603
304 592 -0.4540 -0.3515 74.4882
336 592 -0.4368 -0.2260 207.7086
368 592 -0.4765 -0.1979 166.5495
400 592 -0.3344 -0.1215 118.5266
432 592 -0.1830 -0.0310 88.1295
464 592 -0.1616  0.0193 27.4568
496 592 -0.0975 -0.0371 151.6546
528 592 -0.0770 -0.0037 196.3702
560 592 -0.0459 -0.1632 90.4646
592 592 -0.0121 -0.1326 42.1446
624 592  0.0603 -0.1038 124.8359
656 592  0.0726 -0.0822 177.1005
 16 624 -0.1711 -0.2954 204.7359
 48 624 -0.2252 -0.1038 108.1979
 80 624 -0.6319 -0.3134 155.1336
112 624 -1.2103 -0.9309 35.2401
144 624 -1.5245 -0.9583 266.3536
176 624 -0.9092 -1.1746 216.7326
208 624 -0.9894 -1.2384 69.7871
240 624 -0.8099 -0.4759 202.9895
272 624 -1.1233 -0.7754 255.8788
304 624 -1.0329 -0.7700 36.2820
336 624 -1.4197 -0.6162 62.0877
368 624 -0.3864 -0.4300 53.1483
400 624 -0.4163 -0.1047 210.0906
432 624 -0.6130  0.0075 75.4760
464 624 -0.5207 -0.0245 107.3100
496 624 -0.4294  0.0139 189.3992
528 624 -0.2151 -0.1429 272.7197
560 624 -0.1787 -0.3494 164.3652
592 624  0.0293 -0.2363 46.0986
624 624 -0.0103 -0.1315 170.7644
656 624  0.0175 -0.1966 75.5354
 16 656 -0.2029 -0.0620 29.3597
 48 656 -0.2773 -0.1522 304.7234
 80 656 -0.3053 -0.1122 272.5064
112 656 -1.3924 -1.2318 91.9341
144 656 -1.4311 -0.5960 131.9113
176 656 -1.0735 -0.9856 170.1264
208 656 -1.5543 -1.0441 250.2213
240 656 -1.3951 -0.5827 49.1253
272 656 -1.1776 -0.8014 30.5846
304 656 -1.2243 -0.4032 51.1491
336 656 -0.6967 -0.2709 158.2634
368 656 -0.6115 -0.2771 98.7314
400 656 -0.7471 -0.0988 44.0259
432 656 -0.6448 -0.0169 178.6308
464 656 -0.5430 -0.1191 89.7093
496 656 -0.5434 -0.2338 206.2788
528 656 -0.3571 -0.2204 49.7416
560 656 -0.2290 -0.5842 111.5187
592 656  0.0057 -0.2353 14.9158
624 656  0.0209 -0.3458 77.4694
656 656  0.0135 -0.1746 48.5169
 16 688 -0.2157 -0.0559 138.6203
 48 688 -0.5259 -0.1236 131.5491
 80 688 -0.1450 -0.0852 261.8644
112 688 -0.3227 -0.3654 71.4144
144 688 -0.7395 -0.3785 35.5055
176 688 -1.2775 -0.7773 75.4730
208 688 -1.2265 -1.1541 268.6824
240 688 -1.2446 -0.9867 112.0517
272 688 -1.4495 -0.7913 136.0358
304 688 -1.0305 -0.8361 68.2632
336 688 -0.8932 -0.5123 177.6425
368 688 -0.7664 -0.1551 135.5435
400 688 -0.3865  0.0771 42.5252
432 688 -0.4608  0.0843 118.0510
464 688 -0.6612 -0.1319 135.4541
496 688 -0.5645 -0.1939 112.4599
528 688 -0.1716 -0.2844 154.7799
560 688 -0.3983 -0.6296 57.8565
592 688 -0.1253 -0.8323 86.8168
624 688  0.0072 -0.2481 34.4472
656 688  0.0309 -0.2745 105.5887
 16 720 -0.0910 -0.0558 21.1501
 48 720 -0.0692 -0.0090 52.6481
 80 720 -0.3112 -0.0797 74.8939
112 720 -0.1709 -0.0664 37.4283
144 720 -0.1694 -0.1814 264.3112
176 720 -1.5029 -0.8926 138.2104
208 720 -1.2609 -0.7702 69.3476
240 720 -1.1376 -0.7977 209.7447
272 720 -1.0248 -0.7100 190.2676
304 720 -0.7551 -0.2218 181.6890
336 720 -0.8015 -0.2754 163.0656
368 720 -0.3657  0.0343 266.0345
400 720 -0.1898  0.1499 73.3621
432 720  0.0105  0.1396 25.4605
464 720  0.2293 -0.1441 57.5201
496 720  0.2610 -1.0043 120.8861
528 720  0.2130 -0.5660 45.8403
560 720  1.0917  0.0166 13.7282
592 720  0.2408 -0.0596 23.9463
624 720 -0.0285 -0.3385 31.8846
656 720  0.0258 -0.2876 63.2152
 16 752 -0.0060 -0.0113 17.2071
 48 752  0.0282 -0.0368 88.5850
 80 752 -0.1499 -0.0544 78.7831
112 752 -0.1353 -0.0764 173.6523
144 752 -0.0558 -0.1532 127.2718
176 752 -0.8750 -0.7173 129.6526
208 752 -0.3520 -0.8253 232.0579
240 752 -0.8309 -0.5798 100.2665
272 752 -0.4976 -0.1703 29.7860
304 752 -0.8419 -0.1074 57.2185
336 752 -0.3677 -0.1128 94.8087
368 752 -0.0873  0.0010 95.8690
400 752  0.6491  0.1997 55.2960
432 752  0.8127  0.1763 22.7579
464 752  1.7582 -0.5837 75.6551
496 752  1.2105 -0.9138 18.7054
528 752  0.1425 -0.0903 19.2066
560 752  0.8231  0.0860  8.9642
592 752  0.1442  0.5280 10.8705
624 752 -0.0707  0.0163 10.0280
656 752 -0.0276 -0.0228 20.7171
 16 784  0.0025 -0.0094 70.9038
 48 784  0.0026 -0.0087 49.5327
 80 784 -0.0026 -0.0215 160.6636
112 784 -0.0186 -0.0566 291.6152
144 784 -0.0976 -0.1773 50.2122
176 784 -0.0567 -0.4179 123.8134
208 784 -0.1165 -0.2594 48.8671
240 784 -0.2235 -0.4411 46.2070
272 784 -0.3659 -0.3429 114.8673
304 784 -0.2369 -0.3507 124.0584
336 784 -0.0297 -0.2110 137.9538
368 784  0.9389  0.1254 291.6539
400 784  1.0718  0.1655 29.1642
432 784  1.6401  0.2000 88.7101
464 784  1.0327 -0.4277 91.6395
496 784  2.0143 -0.9353 79.7090
528 784  0.0979  0.0542 14.5000
560 784  0.2548  0.2040  8.9559
592 784  0.1033  0.0939 22.7542
624 784 -0.0197 -0.0002 23.8031
656 784 -0.0441  0.0346  9.0855
 16 816 -0.0112  0.0064 17.5162
 48 816  0.0392 -0.0031 47.1227
 80 816  0.0671 -0.0231 76.5324
112 816  0.0458 -0.0633 235.2569
144 816  0.0063 -0.1304 65.7789
176 816 -0.0081 -0.0631 53.3108
208 816 -0.0196 -0.5450 97.9899
240 816  0.0121 -0.4743 85.1115
272 816 -0.0395 -0.2789 16.1836
304 816  0.0421 -0.1650 22.5777
336 816  0.4255 -0.2465 151.2634
368 816  0.8339  0.0908 178.7574
400 816  1.6831  0.1566 168.4912
432 816  1.8771  0.1761 46.7438
464 816  0.3192 -0.1406 19.1361
496 816  0.0436 -0.0320 15.4868
528 816  0.1438  0.0836  7.0849
560 816  0.0973  0.1405  9.9447
592 816  0.0736  0.0065 19.9213
624 816 -0.0064 -0.0060 10.1330
656 816 -0.0104 -0.0027 13.2750
 16 848 -0.0154 -0.0113 17.4506
 48 848  0.0404 -0.0179 17.3996
 80 848  0.0326  0.0128 267.9408
112 848  0.2310 -0.1447 324.3121
144 848  0.1082 -0.0675 171.5562
176 848  0.1047 -0.2370 177.3794
208 848  0.2761 -0.3365 265.8783
240 848  0.0286 -0.2494 106.5657
272 848  0.0835 -0.3992 36.5965
304 848  0.0215 -0.0839 15.6195
336 848  0.7633 -0.2776 104.6431
368 848  1.0313 -0.0811 41.1928
400 848  1.6349  0.1297 60.1238
432 848  2.0519  0.1529 59.6174
464 848  1.6830  0.0022 15.2110
496 848  0.0232  0.0225 16.4384
528 848  0.1049  0.0788  6.2067
560 848  0.0358  0.0452 95.0130
592 848  0.0865  0.0142 123.9484
624 848 -0.0042  0.0733 32.0860
656 848  0.0050  0.0175 28.3770
 16 880  0.0192  0.0070 17.4009
 48 880  0.0679 -0.0133 239.4552
 80 880  0.0711 -0.0725 84.4734
112 880  0.2125 -0.0298 67.1419
144 880  0.4746 -0.0555 142.2862
176 880  0.1300 -0.1157 125.4339
208 880  0.1383 -0.0992 15.1094
240 880  0.3652 -0.1821 46.9639
272 880  0.5732 -0.4926 56.4168
304 880  0.9055 -1.0517 36.5556
336 880  0.9259 -0.7990 39.5060
368 880  1.3435 -0.2723 38.4591
400 880  0.1426 -0.0207 20.0794
432 880  1.2215  0.0206 65.9105
464 880  1.1600 -0.0111 36.9571
496 880  0.0377  0.0302  5.9734
528 880  0.0037  0.0100  9.8917
560 880 -0.0092  0.0297 12.9295
592 880 -0.0056  0.1240 40.4083
624 880 -0.0277  0.0728 88.3967
656 880 -0.0253  0.0464 104.7347
 16 912  0.0693 -0.0036 16.0024
 48 912  0.0147 -0.0160 49.2011
 80 912  0.0591 -0.1314 168.3105
112 912  0.0931 -0.0646 168.5041
144 912  0.1245 -0.0696 98.7337
176 912  0.1294 -0.1627 164.9610
208 912  0.2751 -0.3359 157.9030
240 912  0.1306 -0.2026 32.7044
272 912  0.8000 -0.8953 52.6644
304 912  0.9286 -0.5756 30.3946
336 912  0.9223 -0.9173 36.7941
368 912  0.8813 -0.1234 23.0053
400 912  0.5272 -0.0329 16.4580
432 912  0.4217  0.0752 15.2684
464 912  0.0483  0.0315 10.6111
496 912  0.0000 -0.0000  4.0797
528 912 -0.0091  0.0091  4.8915
560 912  0.0059 -0.0611 10.6973
592 912 -0.0161 -0.1003  9.6540
624 912  0.0445 -0.0715 11.3431
656 912  0.0295 -0.0238 24.0722
 16 944  0.0600 -0.0034 20.1370
 48 944  0.0708  0.0021 21.7425
 80 944  0.1134 -0.0634 99.6538
112 944  0.0936 -0.0222 127.5218
144 944  0.1031 -0.1446 75.3347
176 944  0.1342 -0.0458 260.4572
208 944  0.2027 -0.2673 133.3665
240 944  0.2475 -0.4331 115.6348
272 944  0.4311 -0.3932 90.8321
304 944  0.6629 -0.9822 33.3978
336 944  0.3012 -0.1572 94.3368
368 944  0.1715 -0.3310 104.7448
400 944 -0.0646  0.1293 18.9371
432 944  0.0051  0.0040 15.2888
464 944 -0.0060 -0.0345  6.6446
496 944  0.0089 -0.0203  8.1216
528 944  0.0194 -0.0239  4.6888
624 944 -0.0086 -0.0390  4.2618
656 944  0.1362 -0.2741  5.8231
 16 976  0.0550 -0.0132 75.9387
 48 976  0.0773 -0.0174 201.3079
 80 976  0.0533 -0.0305 109.6799
112 976  0.0674 -0.1006 163.4220
144 976  0.0485 -0.1366 127.8364
176 976  0.1064 -0.1336 187.5069
208 976  0.1060 -0.1688 91.6139
240 976  0.2065 -0.4088 71.9774
272 976  0.2281 -0.3858 30.7810
304 976  0.2399 -0.4044 74.2485
336 976  0.0882 -0.1202 59.5332
368 976  0.0097 -0.0055 25.7684
400 976  0.0078 -0.0250 12.5744
432 976 -0.0038 -0.0238  8.5354
464 976 -0.0244 -0.0162 21.7068
496 976 -0.0121 -0.0017 21.5774
528 976 -0.1111  0.0292 11.4689
 16 1008  0.1343 -0.0302 57.7813
 48 1008  0.0787 -0.0192 196.5385
 80 1008  0.0686 -0.0461 15.8751
112 1008  0.0650 -0.1558 305.4684
144 1008  0.0325 -0.1343 71.0287
176 1008  0.0960 -0.0684 148.0481
208 1008  0.1589 -0.2127 77.5605
240 1008  0.1383 -0.3647 152.3775
272 1008  0.0848 -0.1681 70.3302
304 1008  0.0369 -0.2980 18.8708
336 1008 -0.0137 -0.2318 20.8550
368 1008  0.0082 -0.0170 10.9389
400 1008  0.0052 -0.0340  9.7725
432 1008 -0.0306 -0.0196 18.2128
464 1008 -0.0511 -0.0040 45.6625
496 1008 -0.0155 -0.0788 34.9239
528 1008 -0.0383 -0.0430 11.1488
560 1008 -0.0553  0.0157  7.0721
 16 1040  0.0808  0.0152 42.8737
 48 1040  0.1541 -0.0458 70.1300
 80 1040  0.0778 -0.0701 50.9270
112 1040  0.0945 -0.1063 181.2954
144 1040  0.0773 -0.0930 156.8121
176 1040  0.0514 -0.0483 234.3773
208 1040  0.0394 -0.0873 251.8023
240 1040  0.4512 -0.2717 168.2259
272 1040  0.0871 -0.1822 40.3203
304 1040 -0.0270 -0.6656 46.8531
336 1040 -0.1336 -0.1857 37.7619
368 1040  0.0145  0.0084 12.9979
400 1040  0.0025 -0.0020 38.3521
432 1040  0.0253  0.0093 39.2383
464 1040  0.0459 -0.0119 52.2916
496 1040 -0.0104 -0.0433 29.2784
528 1040 -0.0798  0.1294  9.9027
560 1040 -0.0146  0.0076 18.2763
592 1040  0.0783  0.0163  5.8684
 16 1072  0.0169 -0.0085 24.5319
 48 1072  0.0432 -0.0217 112.5756
 80 1072  0.1230 -0.0618 126.5675
112 1072  0.1352 -0.0336 78.4590
144 1072  0.1789 -0.2199 100.2060
176 1072  0.0868 -0.1259 73.1407
208 1072  0.0520 -0.0554 173.7962
240 1072  0.0619 -0.1354 126.6779
272 1072  0.0208 -0.2713 25.0967
304 1072  0.0093 -0.3225 246.9282
336 1072 -0.0710 -0.1328 93.7634
368 1072 -0.1210 -0.1128 122.5866
400 1072 -0.0060 -0.0303 257.2381
432 1072  0.0115 -0.0326 43.5617
464 1072  0.0224 -0.0557 14.5849
496 1072  0.0096 -0.0405 13.8946
528 1072 -0.0633  0.0176 21.8523
560 1072 -0.0276  0.0114 14.3144
592 1072 -0.0070 -0.0281 12.1800
624 1072  0.0030 -0.0444  6.1432
656 1072  0.0622  0.0577  8.2286
 16 1104  0.0195 -0.0095 16.7584
 48 1104  0.0230 -0.0247 49.5702
 80 1104  0.0352 -0.0365 123.1082
112 1104  0.0612 -0.0522 212.3437
144 1104  0.0370 -0.0470 78.3493
176 1104  0.0543 -0.0487 32.8167
208 1104  0.0474 -0.2716 242.1083
240 1104  0.0656 -0.0769 349.8313
272 1104  0.0343 -0.2205 30.2617
304 1104  0.0020 -0.0826 127.1359
336 1104  0.0048 -0.0724 189.9129
368 1104  0.0083 -0.0788 145.1924
400 1104  0.0192 -0.0571 91.0366
432 1104  0.0359 -0.0640 117.1080
464 1104 -0.0192 -0.0394 49.0976
496 1104  0.0984  0.0070 23.8420
528 1104 -0.0334 -0.0208 20.2544
560 1104  0.0003  0.1616 12.5630
592 1104  0.0203  0.1064 15.2637
624 1104 -0.0138  0.0222 15.7089
656 1104  0.1390  0.0043 12.5754
 16 1136  0.0249 -0.0047 16.1937
 48 1136  0.0455 -0.0128 101.3105
 80 1136  0.0736 -0.0104 60.1288
112 1136  0.0635 -0.0510 98.7869
144 1136  0.0262 -0.0460 139.5940
176 1136  0.0292 -0.1047 101.7926
208 1136  0.0813 -0.0831 158.0464
240 1136  0.0357 -0.1511 250.5740
272 1136  0.1840 -0.1018 165.3171
304 1136  0.0215 -0.0752 122.4020
336 1136  0.0168 -0.1346 148.2895
368 1136  0.0126 -0.0497 302.4594
400 1136  0.0250 -0.0669 165.3156
432 1136  0.0922 -0.1408 231.2548
464 1136  0.0217 -0.0772 36.2708
496 1136 -0.0043 -0.0053 15.6789
528 1136  0.0328 -0.0012 21.2208
560 1136 -0.0119  0.0102 24.3418
592 1136 -0.1177  0.0286 14.4310
624 1136 -0.0148  0.0136 12.6166
656 1136  0.1282  0.1969 18.0750
 16 1168  0.0092 -0.0150 16.2187
 48 1168  0.0289 -0.0194 30.0480
 80 1168  0.0216 -0.0374 134.9958
112 1168  0.0131 -0.1175 65.7532
144 1168  0.0179 -0.0631 15.9182
176 1168  0.0480 -0.0614 194.2034
208 1168  0.0156 -0.0423 67.0716
240 1168  0.0644 -0.1101 162.3574
272 1168  0.0515 -0.0711 269.0787
304 1168  0.0307 -0.1102 67.7354
336 1168  0.0190 -0.0630 75.6646
368 1168  0.0340 -0.0518 40.3650
400 1168  0.0118 -0.0676 200.8391
432 1168  0.0372 -0.1005 75.8378
464 1168  0.0271 -0.0695 46.0961
496 1168  0.0858 -0.0322 23.0223
528 1168 -0.0052  0.0012 13.2552
560 1168 -0.0130  0.0016 13.5487
592 1168 -0.0177  0.0201 14.4270
624 1168  0.0348  0.0153  9.7131
656 1168 -0.0317  0.0547 29.6331
 16 1200  0.0172 -0.0238 13.9648
 48 1200  0.0173 -0.0448 21.9399
 80 1200  0.0276 -0.0230 62.3210
112 1200  0.0575 -0.1089 164.8548
144 1200  0.0364 -0.0720 118.5952
176 1200  0.0316 -0.0608 35.7903
208 1200  0.0465 -0.0704 242.8705
240 1200  0.0272 -0.0949 135.1070
272 1200 -0.0018 -0.0349 29.3721
304 1200  0.0505 -0.0601 112.5393
336 1200  0.0470 -0.0593 138.8760
368 1200  0.0717 -0.1192 126.6787
400 1200  0.0194 -0.1173 268.6250
432 1200  0.0086 -0.0689 110.0336
464 1200  0.0419 -0.0621 119.3727
496 1200  0.0055 -0.0183 16.8828
528 1200  0.0437  0.0059 16.4455
560 1200 -0.0295  0.0273 13.4494
592 1200 -0.0010 -0.0055 15.7160
624 1200 -0.0222  0.0018 12.3056
656 1200 -0.0918  0.0180 35.8671
  0   0 -0.0662 -0.0455  0.0000
  0   0  0.0007 -0.0932  0.0000
  0   0  0.0336 -0.0519  0.0000
  0   0  0.0402  0.0267  0.0000
  0   0 -0.0493  0.1017  0.0000
  0   0 -0.1050  0.1283  0.0000
  0   0 -0.0768  0.1467  0.0000
  0   0 -0.0224  0.1556  0.0000
  0   0 -0.0372  0.1460  0.0000
  0   0 -0.0222  0.0738  0.0000
  0   0 -0.0323  0.0264  0.0000
