VARIABLES= "X pix", "Y pix", "U pix/dt", "V pix/dt", "CHC", ZONE I=21, J=30
 16 272 -0.0683 -0.1926 99.0474
 48 272 -0.0874 -0.2415 183.2890
 80 272 -0.0397 -0.1297 45.0357
112 272 -0.0935 -0.0694 43.4125
144 272 -0.0726 -0.0680 97.8895
176 272 -0.0408 -0.1169 215.0826
208 272 -0.0238 -0.0823 183.0389
240 272 -0.0690 -0.0627 193.6334
272 272 -0.0017 -0.0633 246.4923
304 272  0.0011 -0.0245 242.4920
336 272  0.0113 -0.0201 119.9287
368 272  0.0207  0.0105 186.0534
400 272  0.0408  0.0293 233.1972
432 272  0.0507  0.0303 116.1129
464 272  0.0268  0.0484 261.6190
496 272  0.0580  0.0565 163.6429
528 272  0.0746  0.0769 89.8105
560 272  0.0936  0.0474 127.3424
592 272  0.0115  0.0426 39.0070
624 272  0.0649  0.0253 142.3375
656 272  0.0536  0.0040 153.1172
 16 304 -0.1209 -0.2859 161.0038
 48 304 -0.0609 -0.0940 97.2286
 80 304 -0.1157 -0.3505 214.5519
112 304 -0.1442 -0.2090 183.2624
144 304 -0.0616 -0.1644 203.5786
176 304 -0.0690 -0.1352 181.0468
208 304 -0.0670 -0.2590 214.0305
240 304 -0.0229 -0.0697 82.7904
272 304 -0.0146 -0.0334 271.3653
304 304  0.0104 -0.0372 210.8091
336 304  0.0398 -0.0242 189.5493
368 304  0.0227 -0.0111 102.4916
400 304  0.0297  0.0218 69.2028
432 304  0.0513  0.0460 62.9479
464 304  0.0535  0.0467 202.9149
496 304  0.0507  0.0593 70.1885
528 304  0.0667  0.0213 151.1858
560 304  0.1094  0.0796 103.8132
592 304  0.1185  0.0289 91.9568
624 304  0.0562  0.0016 226.3739
656 304  0.0705  0.0244 80.1325
 16 336 -0.1163 -0.1535 71.1475
 48 336 -0.3118 -0.1612 253.2783
 80 336 -0.0791 -0.2999 203.4307
112 336 -0.2180 -0.0816 19.5292
144 336 -0.0700 -0.0661 112.4736
176 336 -0.0387 -0.1764 272.2644
208 336 -0.0310 -0.0929 161.5999
240 336 -0.0721 -0.0522 86.8046
272 336 -0.0107 -0.1083 312.1951
304 336  0.0108 -0.0436 201.5061
336 336  0.0111 -0.0354 167.1295
368 336  0.0182 -0.0115 132.9126
400 336  0.0375  0.0121 181.1552
432 336  0.0540  0.0071 144.0571
464 336  0.0463  0.0343 126.7555
496 336  0.0567  0.0243 70.2053
528 336  0.1222  0.0414 165.1656
560 336  0.0832  0.0079 171.9134
592 336  0.0885  0.0532 164.3844
624 336  0.0489  0.0180 136.8882
656 336  0.0866  0.0115 197.7579
 16 368 -0.0885 -0.2946 222.8454
 48 368 -0.3783 -0.2593 53.7977
 80 368 -0.2488 -0.3792 102.5999
112 368 -0.3212 -0.2618 300.8855
144 368 -0.0906 -0.2439 141.1862
176 368 -0.0591 -0.2017 242.4055
208 368 -0.1369 -0.1518 131.5442
240 368 -0.0812 -0.2338 36.8333
272 368 -0.0231 -0.1945 57.2848
304 368 -0.0086 -0.1065 151.8260
336 368  0.0088 -0.0573 342.7041
368 368  0.0195 -0.0589 91.0481
400 368  0.0175 -0.0096 151.9735
432 368  0.0341  0.0236 40.4760
464 368  0.0675  0.0302 308.6847
496 368  0.0999  0.0186 237.8148
528 368  0.0740  0.0264 145.8895
560 368  0.0834  0.0218 111.3167
592 368  0.0673  0.0912 72.6640
624 368  0.0252  0.0074 151.6530
656 368  0.0810  0.0300 128.3172
 16 400 -0.0791 -0.0997 32.3880
 48 400 -0.1032 -0.3596 76.5549
 80 400 -0.1795 -0.2913 242.9881
112 400 -0.5152 -0.0318 92.0339
144 400 -0.3293 -0.3095 187.4453
176 400 -0.1054 -0.2776 208.3943
208 400 -0.1889 -0.1382 280.3488
240 400 -0.0769 -0.2699 91.6943
272 400 -0.1077 -0.1390 107.5227
304 400 -0.0825 -0.1327 161.3251
336 400  0.0040 -0.0662 78.7893
368 400  0.0023 -0.1071 143.2912
400 400  0.0739 -0.0331 138.3060
432 400  0.0728  0.0997 96.7839
464 400  0.0547 -0.0161 180.6790
496 400  0.0713  0.0431 109.5183
528 400  0.0609  0.0416 143.7247
560 400  0.0482  0.0515 104.6850
592 400  0.0656  0.0396 55.2709
624 400  0.1052 -0.0114 130.2784
656 400  0.0585  0.0022 134.2486
 16 432  0.0640 -0.1591 21.6527
 48 432 -0.0482 -0.1934 20.7271
 80 432 -0.5913 -0.1565 90.4593
112 432 -0.4208 -0.4581 164.8426
144 432 -0.5874 -0.4115 172.2245
176 432 -0.0664 -0.2317 40.1032
208 432 -0.0285 -0.2995 27.7172
240 432 -0.1650 -0.2441 97.4597
272 432 -0.0705 -0.2241 52.0053
304 432 -0.0513 -0.0806 171.5370
336 432 -0.0085 -0.1024 175.3719
368 432  0.0024 -0.0502 263.0349
400 432  0.0221 -0.0444 137.4393
432 432  0.0437 -0.0109 137.7881
464 432  0.1058  0.0083 147.3675
496 432  0.0392  0.0592 230.6588
528 432  0.0384  0.0202 58.6543
560 432  0.0908  0.0289 164.2448
592 432  0.0903 -0.0079 96.2546
624 432  0.0147 -0.0281 45.6278
656 432  0.0737 -0.0270 108.2494
 16 464 -0.1664 -0.1126 123.7346
 48 464 -0.5591 -0.2995 132.2571
 80 464 -0.3389 -0.7170 162.5197
112 464 -0.4443 -0.5972 116.0341
144 464 -0.3117 -0.4877 299.5197
176 464 -0.4529 -0.3548 130.8476
208 464 -0.1508 -0.1779 66.4265
240 464 -0.1393 -0.4115 417.6993
272 464 -0.1742 -0.2839 202.9848
304 464 -0.0938 -0.2068 449.6555
336 464 -0.0508 -0.1068 303.7489
368 464 -0.0004 -0.0905 250.3041
400 464  0.0098 -0.0279 81.0033
432 464  0.0250 -0.0287 32.5419
464 464  0.1045 -0.0227 129.0358
496 464  0.0096  0.0055 186.9575
528 464  0.0565  0.0172 126.1774
560 464  0.0566 -0.0059 58.0126
592 464  0.0950  0.0190 218.4613
624 464  0.1076 -0.0010 199.0670
656 464  0.0690 -0.0212 131.5086
 16 496 -0.2313 -0.1240 20.7480
 48 496 -0.3024 -0.1632 45.4695
 80 496 -0.3326 -0.3257 144.0981
112 496 -0.2441 -0.0857 12.5621
144 496 -0.4546 -0.2769 121.9101
176 496 -0.2294 -0.2810  1.0000
208 496 -0.3681 -0.6196 127.3413
240 496 -0.2760 -0.4804 76.4098
272 496 -0.1191 -0.4701 203.7233
304 496 -0.0874 -0.2014 161.0604
336 496 -0.0234 -0.1268 207.3413
368 496  0.0097 -0.1542 162.9255
400 496  0.0309 -0.0191 224.2844
432 496  0.0783 -0.0053 130.3065
464 496  0.0614 -0.0058 188.4629
496 496  0.0526  0.0135 117.0201
528 496  0.0470  0.0037 108.9362
560 496  0.0360 -0.0288 208.7551
592 496  0.0265 -0.0155 277.4006
624 496  0.0102 -0.0203 183.6296
656 496  0.1049 -0.0152 105.6855
 16 528 -0.2795 -0.1926 19.3860
 48 528 -0.2970 -0.4316 117.3154
 80 528 -0.4126 -0.2800 156.7356
112 528 -0.9697 -1.3525 30.7467
144 528 -0.3161 -0.1944 97.3484
176 528 -0.3843 -0.5447 126.1935
208 528 -0.4373 -0.7502 254.4994
240 528 -0.2203 -0.6993 133.4877
272 528 -0.1994 -0.4141 118.2234
304 528 -0.1695 -0.3435 88.3872
336 528 -0.1041 -0.2992 153.9670
368 528 -0.0224 -0.1207 179.6633
400 528  0.0002 -0.0301 93.8443
432 528 -0.0068 -0.0167 116.6848
464 528  0.0424 -0.0190 120.1660
496 528  0.0130 -0.0090 117.8787
528 528  0.0534  0.0093 215.9625
560 528  0.0550  0.0028 72.4639
592 528  0.1167 -0.0211 52.0498
624 528  0.0749 -0.0386 71.4952
656 528  0.1048 -0.0723 108.1507
 16 560 -0.1260 -0.0930 49.6460
 48 560 -0.6261 -0.4698 49.3939
 80 560 -0.4052 -0.1906 195.8175
112 560 -0.3644 -0.2830 73.8126
144 560 -0.7014 -0.6320 78.5699
176 560 -0.4405 -0.6589 318.3020
208 560 -0.4790 -0.7721 119.0494
240 560 -0.2459 -0.8318 72.3834
272 560 -0.3584 -0.7637 42.1060
304 560 -0.1442 -0.1583 22.0308
336 560 -0.1235 -0.2288 223.6762
368 560 -0.0584 -0.2474 163.0044
400 560 -0.0748 -0.1284 116.2937
432 560 -0.0128 -0.0114 97.3937
464 560 -0.0697 -0.0119 110.7830
496 560 -0.0254  0.0043 158.5780
528 560  0.0500 -0.0008 152.2301
560 560  0.0598 -0.0851 126.0873
592 560  0.1380 -0.0317 40.7535
624 560  0.0155 -0.0308 17.9850
656 560  0.0975 -0.0324 163.6779
 16 592 -0.3338 -0.1350 49.3143
 48 592 -0.1902 -0.1455 45.3223
 80 592 -0.5690 -0.7409 72.5229
112 592 -1.3335 -1.3802 114.5382
144 592 -0.5146 -0.6830 98.8869
176 592 -1.3791 -0.9555 109.6508
208 592 -0.7830 -0.9404 129.5743
240 592 -0.7703 -1.5027 113.7522
272 592 -0.5697 -0.7014 31.6157
304 592 -0.6109 -0.5819 127.6478
336 592 -0.3805 -0.3877 149.6730
368 592 -0.2193 -0.3468 127.6901
400 592 -0.0948 -0.1716 68.8858
432 592 -0.1637 -0.0144 120.9111
464 592 -0.1267 -0.0075 114.6589
496 592 -0.0088 -0.0391 181.6602
528 592 -0.0537 -0.0431 122.1598
560 592 -0.0051 -0.0096 103.5905
592 592  0.0470 -0.1302 67.4055
624 592  0.1311 -0.0685 160.6496
656 592  0.0858 -0.0963 148.4371
 16 624 -0.1971 -0.1746 124.4884
 48 624 -0.2613 -0.2310 227.7722
 80 624 -1.0747 -0.2880 206.7174
112 624 -0.6414 -1.2344 40.6801
144 624 -1.2410 -0.9774 145.2626
176 624 -1.0524 -1.3283 142.9900
208 624 -1.1377 -1.2826 259.1618
240 624 -1.0055 -1.0502 73.6032
272 624 -0.8978 -0.8973 138.4005
304 624 -0.6128 -0.5942 240.0775
336 624 -0.8079 -0.8338 141.3390
368 624 -0.2367 -0.2174 28.4713
400 624 -0.2844 -0.0755 199.9302
432 624 -0.5093 -0.0463 191.3403
464 624 -0.2612 -0.0551 58.5792
496 624 -0.1784 -0.0286 16.0704
528 624 -0.0943 -0.1553 189.6974
560 624 -0.0440 -0.2272 171.5269
592 624  0.0984 -0.1134 42.9684
624 624  0.0162 -0.1659 167.1684
656 624  0.0386 -0.2168 137.1714
 16 656 -0.1368 -0.1513 42.2512
 48 656 -0.1898 -0.1312 381.2688
 80 656 -0.3743 -0.1713 198.7595
112 656 -0.5686 -0.4555 59.0810
144 656 -0.8728 -0.9561 201.7206
176 656 -1.2107 -0.8390 135.4724
208 656 -1.0894 -0.9201 105.5019
240 656 -1.1261 -1.0808 154.2574
272 656 -1.0961 -0.9936 140.5182
304 656 -1.2215 -0.7359 45.9607
336 656 -0.9847 -0.4011 270.5112
368 656 -0.8403 -0.2480 71.5631
400 656 -0.7025 -0.0802 32.6743
432 656 -0.7338 -0.0367 38.7533
464 656 -0.8468 -0.0300 129.0674
496 656 -1.3972 -0.1623 223.8468
528 656 -0.3062 -0.2504 97.1368
560 656 -0.1039 -0.3794 114.7341
592 656  0.0239 -0.2105 44.9436
624 656  0.1500 -0.4429 75.5900
656 656  0.0921 -0.1837 41.2376
 16 688 -0.0863 -0.0824 37.2126
 48 688 -0.5117 -0.1165 257.6017
 80 688 -0.1869 -0.1298 340.7086
112 688 -0.7014 -0.1539 95.1423
144 688 -1.3820 -0.7781 55.1634
176 688 -1.1728 -0.8808 189.6308
208 688 -1.1429 -0.9452 88.0088
240 688 -0.1862 -0.1232 13.8824
272 688 -1.1496 -0.8486 90.0541
304 688 -1.0571 -0.6543 144.9753
336 688 -0.5229 -0.2479 174.3687
368 688 -0.3284 -0.1161 181.7998
400 688 -1.2817  0.1451 198.7857
432 688 -1.2759  0.0931 164.0394
464 688 -1.0540  0.0545 124.7339
496 688 -0.9176 -0.1531 156.1250
528 688 -0.6663 -0.3857 61.7323
560 688 -0.2466 -0.8152 60.0124
592 688 -0.0374 -0.6228 44.9503
624 688  0.0447 -0.3049 43.9303
656 688  0.0425 -0.3390 50.7048
 16 720 -0.0794 -0.0318 51.4711
 48 720 -0.0521 -0.0382 161.1513
 80 720 -0.0468 -0.1291 310.9635
112 720 -0.1366 -0.1138 57.2597
144 720 -0.2206 -0.0568 33.9948
176 720 -0.0211  0.0071 14.9074
208 720 -0.2328 -1.5250 51.5928
240 720 -1.0562 -1.2938 157.4848
272 720 -1.2845 -1.0833 39.3015
304 720 -0.8318 -0.3947 39.4586
336 720 -0.7727 -0.4106 204.1129
368 720 -0.3818  0.2130 200.5331
400 720 -0.4356  0.2975 78.7308
432 720 -0.0436  0.0271 50.9012
464 720 -0.9602 -0.1643 163.8328
496 720 -0.4511 -0.8926 23.1352
528 720  2.7636  0.0567 10.4314
560 720  0.4877 -0.0775 14.7034
592 720 -0.0277 -0.6120 108.3160
624 720  0.0331 -0.2829 33.2144
656 720 -0.0282 -0.2109 35.9458
 16 752 -0.0040 -0.0068 15.5402
 48 752 -0.0238 -0.0333 30.1296
 80 752 -0.0760 -0.0755 87.7182
112 752 -0.1064 -0.0490 170.3660
144 752 -0.2971 -0.0919 113.8674
176 752 -0.3174 -0.2890 98.5932
208 752 -0.4566 -0.2914 94.2326
240 752 -1.0446 -0.8895 84.5066
272 752 -0.2578 -0.4984 55.5955
304 752 -0.3172 -0.3059 46.5794
336 752 -0.6535 -0.1416 102.3920
368 752  0.1467  0.1865 17.1335
400 752  0.1546  0.7894 108.0122
432 752  0.1441  0.0351 20.4740
464 752  0.6754 -1.0803 61.7241
496 752  0.6168 -1.6791 37.3210
528 752  1.6317  0.0814  9.9048
560 752  1.8084  0.0755  9.5181
592 752 -0.0246  0.0214 53.1511
624 752 -0.1163  0.0885  8.7186
656 752 -0.0490 -0.0242 16.6634
 16 784  0.0622 -0.0076 57.3639
 48 784  0.0038 -0.0085 45.2574
 80 784  0.0173 -0.0156 282.4300
112 784  0.0244 -0.0553 141.3780
144 784 -0.0069 -0.0605 131.2116
176 784 -0.0985 -0.0935 195.2159
208 784 -0.4815 -0.4980 105.7983
240 784 -0.8954 -0.7886 115.8289
272 784 -0.3591 -0.7225 91.8619
304 784 -0.1284 -0.4984 69.6400
336 784  0.0124 -0.0491 143.7438
368 784  0.5150  0.1375 272.5205
400 784  2.1349  1.1462 86.8155
432 784  2.1513  0.6965 25.3711
464 784  2.7677 -0.1791 85.5821
496 784  0.1201 -0.0886 15.8362
528 784  0.8621 -0.0104 11.1664
560 784  0.3638  0.0800 10.5745
592 784  0.0688 -0.3122 16.2717
624 784 -0.0272  0.0254 28.2005
656 784 -0.0231  0.0469  8.0890
 16 816  0.0818 -0.0051 31.1397
 48 816  0.0428 -0.0148 42.2912
 80 816  0.0252 -0.0294 379.5945
112 816  0.0834 -0.0195 321.4675
144 816  0.0370 -0.1291 53.2732
176 816  0.0278 -0.1473 42.5752
208 816  0.0900 -0.3467 76.4318
240 816 -0.1033 -0.5681 74.2700
272 816  0.0120 -0.2641 23.5693
304 816  0.4250 -0.6250 155.7051
336 816  0.5251 -0.1827 39.8064
368 816  1.0369  0.2086 160.3525
400 816  1.3786  0.5492 63.6112
432 816  2.5103  0.2897 51.8832
464 816  0.4031 -0.0064 17.4282
496 816  0.0676 -0.0454 12.0500
528 816  0.5297 -0.0681  6.5502
560 816  0.1778  0.2270 29.0124
592 816  0.0760  0.0156 26.6606
624 816  0.0118  0.0072 11.3405
656 816 -0.0192  0.0312 26.5672
 16 848  0.0347 -0.0005 17.7872
 48 848  0.0830 -0.0221 23.7886
 80 848  0.1242 -0.0479 84.4303
112 848  0.0990 -0.1232 351.6490
144 848  0.1031 -0.1061 87.8875
176 848  0.2727 -0.1583 165.3594
208 848  0.1123 -0.1522 134.2859
240 848  0.2206 -0.7073 111.0172
272 848  0.0407 -0.0969 21.9058
304 848  0.2422 -0.0337 18.2233
336 848  1.1280 -0.2565 87.8152
368 848  1.9741  0.1007 69.5059
400 848  2.6295  0.4010 31.4917
432 848  3.4906  0.5839 139.4290
464 848  0.0384  0.0353 16.3820
496 848 -0.0178 -0.0331 10.7393
528 848  0.1443  0.0884  5.9521
560 848  0.1518  0.1380 62.1549
592 848  0.1010  0.0636 56.6854
624 848  0.0269  0.0982 97.8477
656 848 -0.0191  0.0287 26.6001
 16 880  0.0212 -0.0089 20.1862
 48 880  0.0940 -0.0188 178.0647
 80 880  0.1373 -0.0041 259.6802
112 880  0.5140 -0.0485 65.7476
144 880  0.2849 -0.1451 136.6769
176 880  0.2129 -0.0343 190.7892
208 880  0.2815 -0.4035 263.8030
240 880  0.2480 -0.3765 206.0501
272 880  0.1715 -0.1352 23.2842
304 880  1.1498 -1.0383 24.6844
336 880  1.3318 -0.4016 66.1078
368 880  1.7441 -0.3588 25.4136
400 880  2.5457  0.1051 145.4657
432 880  2.9727  0.6715 60.6146
464 880  0.0369  0.0016 20.8952
496 880 -0.0829 -0.0864  5.5907
528 880  0.0528  0.0355 12.9067
560 880  0.0206  0.0554 18.2430
592 880  0.0227  0.1434 40.1919
624 880 -0.0201  0.1153 134.3091
656 880 -0.0231  0.1770 131.6429
 16 912  0.2470  0.0002 33.9306
 48 912  0.0959 -0.0046 22.6531
 80 912  0.0943 -0.0252 198.3325
112 912  0.1658 -0.0466 436.2032
144 912  0.3484 -0.1264 168.1465
176 912  0.1904 -0.2118 248.5263
208 912  0.1537 -0.2254 169.2663
240 912  0.9157 -0.7384 109.9395
272 912  0.7997 -0.8142 141.7586
304 912  1.0765 -0.9504 61.4801
336 912  1.7023 -0.7891 41.6637
368 912  1.9153 -0.3407 29.1741
400 912  0.3895  0.0208 16.3151
432 912  0.0369  0.0159 21.7716
464 912 -0.0031  0.0041  9.4965
496 912  0.1654 -0.1595  4.0554
528 912  0.0252 -0.0302  4.9691
560 912  0.0183 -0.0118 13.9838
592 912  0.0165  0.1509 29.7550
624 912 -0.0079  0.1014 28.7492
656 912 -0.0246  0.1436 42.3819
 16 944  0.0750 -0.0097 93.8537
 48 944  0.1735 -0.0310 27.4898
 80 944  0.3851 -0.0108 79.1569
112 944  0.1769 -0.0726 147.0505
144 944  0.1626 -0.1247 72.3055
176 944  0.1692 -0.1085 51.1771
208 944  0.1871 -0.5377 111.4274
240 944  0.3297 -0.4817 22.1661
272 944  0.7073 -1.1492 26.2855
304 944  0.8680 -1.4579 21.1464
336 944  0.4125 -0.8993 114.5319
368 944  1.0091 -0.0406 50.5792
400 944  0.1541  0.0389 12.4411
432 944  0.0323  0.0934 11.9140
464 944 -0.0514  0.0493  5.7525
496 944  0.0003  0.0087  7.6813
528 944  0.3029 -0.3166  4.5919
592 944  0.0436 -0.0534  6.0397
624 944  0.0529 -0.0735  8.3922
656 944  0.0235 -0.0212 16.5935
 16 976  0.0806 -0.0394 78.3739
 48 976  0.2067 -0.0034 128.7371
 80 976  0.1528 -0.0318 204.6120
112 976  0.1882 -0.0837 254.8703
144 976  0.3514 -0.1714 29.6630
176 976  0.2181 -0.2532 136.2891
208 976  0.3900 -0.2397 105.9768
240 976  0.7849 -0.7274 54.7006
272 976  0.1742 -0.4457 29.4722
304 976  0.3189 -0.9815 71.6487
336 976  0.1200 -0.7171 64.4130
368 976  0.0031  0.0103 21.4662
400 976 -0.0098  0.0561 11.1344
432 976  0.0342  0.0457  7.3076
464 976  0.0149  0.0155 20.2885
496 976 -0.0129  0.0155 17.4817
528 976  0.0030 -0.0068 37.5169
560 976 -0.0553  0.0370  6.4556
656 976  0.0625 -0.2721  4.6730
 16 1008  0.1246  0.0105 31.3363
 48 1008  0.0827 -0.0135 168.0772
 80 1008  0.2867 -0.0214 58.0852
112 1008  0.1461 -0.0552 66.4994
144 1008  0.4516 -0.1558 39.3290
176 1008  0.1943 -0.1726 81.6277
208 1008  0.5175 -0.2431 69.3390
240 1008  0.1614 -0.3921 146.8984
272 1008  0.0775 -0.3661 27.1420
304 1008  0.0435 -0.3943 14.8729
336 1008  0.0252 -0.1173 15.7867
368 1008  0.0412  0.2138 10.7771
400 1008  0.1418  0.2166  7.0675
432 1008  0.0539  0.0450 18.8514
464 1008  0.1072  0.0072 58.1093
496 1008  0.0660 -0.1425 68.5484
528 1008 -0.0137 -0.0010 22.0601
560 1008 -0.0649  0.0022  9.5668
592 1008 -0.2640  0.0830  4.1332
 16 1040  0.1639 -0.0239 62.3246
 48 1040  0.0627 -0.0025 103.0081
 80 1040  0.1503 -0.0456 24.7477
112 1040  0.1623 -0.1105 189.3000
144 1040  0.1169 -0.1238 156.7866
176 1040  0.2849 -0.2330 104.3268
208 1040  0.3030 -0.1875 169.2474
240 1040  0.0686 -0.1833 20.2784
272 1040  0.0221 -0.3281 48.7959
304 1040  0.0080 -0.3695 42.7850
336 1040 -0.0627 -0.1569 33.7972
368 1040  0.4140  0.2220 13.2448
400 1040  0.0184  0.0327 63.8452
432 1040  0.0576  0.0036 43.7668
464 1040  0.1044 -0.0159 31.6830
496 1040  0.0675 -0.1005 30.7639
528 1040  0.0076 -0.0233 16.8126
560 1040 -0.0275  0.0472  8.3617
592 1040 -0.2147  0.1530  8.7820
624 1040 -0.0064  0.4849  4.4257
656 1040  0.0020  0.3858  4.9397
 16 1072  0.1543 -0.0335 70.9435
 48 1072  0.1106 -0.0609 38.3631
 80 1072  0.0530 -0.0583 205.9021
112 1072  0.0854 -0.0764 90.1969
144 1072  0.1003 -0.1986 168.7717
176 1072  0.1591 -0.0985 86.4316
208 1072  0.4906 -0.1396 35.8539
240 1072  0.0959 -0.1670 76.4957
272 1072  0.0220 -0.1816 46.6983
304 1072  0.0718 -0.2563 136.6707
336 1072 -0.0800 -0.2493 159.6031
368 1072 -0.0562 -0.1309 197.8499
400 1072  0.0269 -0.0328 160.6904
432 1072  0.1314  0.0141 47.2439
464 1072  0.0487 -0.0221 18.0758
496 1072  0.0350 -0.0456 16.4884
528 1072  0.1327 -0.0481 47.1987
560 1072 -0.0087 -0.0007 13.9688
592 1072 -0.0226  0.0006 15.3757
624 1072 -0.0091  0.0007 15.2901
656 1072 -0.0266  0.0160 13.5919
 16 1104  0.0570 -0.0321 23.4288
 48 1104  0.0295  0.0123 45.1696
 80 1104  0.2593 -0.0711 56.3366
112 1104  0.1902 -0.0754 150.4983
144 1104  0.0948  0.0052 31.4598
176 1104  0.0793 -0.0319 67.8792
208 1104  0.1146 -0.1174 231.2345
240 1104  0.1827 -0.1192 175.4704
272 1104  0.0023 -0.0760 25.5065
304 1104  0.1341 -0.1962 48.0116
336 1104  0.0342 -0.1441 201.6761
368 1104  0.0138 -0.1383 187.5045
400 1104  0.0537 -0.0467 171.5205
432 1104  0.0733 -0.0467 68.3608
464 1104  0.0418 -0.0701 25.3154
496 1104  0.0518 -0.1176 35.9818
528 1104 -0.0103 -0.0324 16.4732
560 1104  0.0018 -0.0124 22.2114
592 1104 -0.0013  0.0139 11.5658
624 1104  0.0420 -0.0071  8.4402
656 1104  0.0554  0.0452 13.3738
 16 1136  0.0063 -0.0184 13.3237
 48 1136  0.1729 -0.0465 223.4598
 80 1136  0.0739 -0.0306 83.9188
112 1136  0.0278 -0.0255 147.2328
144 1136  0.0635 -0.0602 35.4824
176 1136  0.0568 -0.2271 71.0434
208 1136  0.1105 -0.2308 115.8323
240 1136  0.0585 -0.1084 226.3932
272 1136  0.0911 -0.3296 219.8827
304 1136  0.0277 -0.0884 58.9710
336 1136  0.0312 -0.0953 303.1855
368 1136  0.0679 -0.0555 208.7425
400 1136  0.2227 -0.0473 130.6740
432 1136  0.2578 -0.1363 249.5956
464 1136  0.0432 -0.0472 62.7589
496 1136 -0.0016 -0.0007  9.8994
528 1136  0.0370 -0.0466 16.7276
560 1136 -0.0084 -0.0190 15.1114
592 1136  0.0203 -0.0107 12.1423
624 1136 -0.0207  0.0034 23.1913
656 1136 -0.0322 -0.0001 36.2855
 16 1168  0.0145 -0.0051 13.4713
 48 1168  0.0239  0.0181 15.9385
 80 1168  0.0955 -0.1400 61.2478
112 1168  0.0904 -0.0243 24.4988
144 1168  0.0250  0.0098 19.0668
176 1168  0.0841 -0.0358 154.1709
208 1168  0.1248 -0.0795 44.3101
240 1168  0.0919 -0.0726 122.3303
272 1168  0.0635 -0.1178 180.6584
304 1168  0.0586 -0.1005 35.2716
336 1168  0.0742 -0.1441 100.1031
368 1168  0.0616 -0.0447 46.4469
400 1168  0.0705 -0.0857 238.7036
432 1168  0.0818 -0.0965 108.7315
464 1168  0.0982 -0.0387 190.1238
496 1168  0.0547 -0.0834 29.5654
528 1168  0.0188 -0.0261 14.2750
560 1168 -0.0284 -0.0240 13.2864
592 1168  0.0133  0.0233 14.0277
624 1168 -0.0097  0.0207 10.1304
656 1168  0.0874  0.0240 29.9724
 16 1200  0.0463 -0.0187 14.5506
 48 1200  0.0233  0.0067 16.8183
 80 1200  0.0284 -0.0239 69.5526
112 1200  0.1101 -0.0838 170.3840
144 1200  0.0445 -0.0282 185.5672
176 1200  0.1132 -0.0927 29.7544
208 1200  0.0962 -0.0848 193.4431
240 1200  0.0310 -0.0992 189.6102
272 1200  0.0710 -0.0548 54.6711
304 1200  0.0317 -0.0439 218.1688
336 1200  0.1207 -0.1035 56.3359
368 1200  0.0965 -0.0849 157.8029
400 1200  0.2254 -0.2535 78.0115
432 1200  0.0584 -0.0442 137.7873
464 1200  0.0542 -0.0797 115.7227
496 1200  0.0050 -0.0255 23.7711
528 1200  0.0130  0.0035 15.3948
560 1200  0.0203 -0.0456 11.5019
592 1200 -0.0086 -0.0046 16.8432
624 1200 -0.0119  0.0197 12.8384
656 1200  0.0687  0.0271 26.6299
  0   0  0.1132 -0.0422  0.0000
  0   0  0.1274 -0.0440  0.0000
  0   0  0.1150  0.0323  0.0000
  0   0  0.0470  0.0398  0.0000
  0   0 -0.0209  0.0517  0.0000
