VARIABLES= "X pix", "Y pix", "U pix/dt", "V pix/dt", "CHC", ZONE I=21, J=30
 16 272 -0.1913 -0.0731 39.1693
 48 272 -0.1382 -0.1496 218.6251
 80 272 -0.1588 -0.2009 159.7098
112 272 -0.4536 -0.1191 230.6033
144 272 -0.0642 -0.1524 212.2025
176 272 -0.1110 -0.0890 107.1202
208 272 -0.1472 -0.1308 85.2544
240 272 -0.0850 -0.0456 32.6746
272 272 -0.0519  0.0110 21.2734
304 272 -0.0960 -0.0263 134.4131
336 272 -0.0357 -0.0107 170.7269
368 272 -0.0502  0.0085 193.3861
400 272 -0.0340  0.0415 267.5527
432 272 -0.0803  0.0533 172.1208
464 272 -0.0260  0.0641 81.7223
496 272 -0.0229  0.0313 211.5023
528 272 -0.0162  0.0620 115.3351
560 272  0.0058 -0.0108 17.1827
592 272 -0.0324  0.0478 158.6506
624 272 -0.0228  0.0827 124.6429
656 272 -0.0328  0.0436 139.4420
 16 304 -0.2354 -0.0826 21.4267
 48 304 -0.1949 -0.1382 80.7474
 80 304 -0.1758 -0.1117 157.8663
112 304 -0.5363 -0.0598 144.9306
144 304 -0.1463 -0.2020 311.4908
176 304 -0.0475 -0.1012 65.6935
208 304 -0.1491 -0.1748 145.9522
240 304 -0.1383 -0.1136 135.6891
272 304 -0.0521 -0.0475 232.1986
304 304 -0.0749 -0.0731 151.3654
336 304 -0.0671 -0.0078 81.3488
368 304 -0.0326  0.0031 124.1588
400 304 -0.0076  0.0519 57.3099
432 304 -0.0298  0.0308 188.2490
464 304 -0.0298  0.0226 203.4011
496 304 -0.0044  0.0483 146.2600
528 304 -0.0476  0.0381 128.9676
560 304  0.0254  0.1219 180.7424
592 304 -0.0152  0.0503 162.2753
624 304 -0.0122  0.0494 110.7690
656 304 -0.0447  0.0578 51.6273
 16 336 -0.0878 -0.1713 239.7693
 48 336 -0.8580 -0.2050 74.5341
 80 336 -0.3602 -0.2207 161.6413
112 336 -0.1613 -0.1678 192.0875
144 336 -0.1416 -0.1629 301.4061
176 336 -0.2481 -0.1133 306.6095
208 336 -0.1415 -0.0932 31.3242
240 336 -0.2223 -0.0884 159.0391
272 336 -0.0548 -0.0516 82.2993
304 336 -0.0756 -0.0909 65.7231
336 336 -0.1175 -0.0659 215.9152
368 336 -0.0585 -0.0027 163.5218
400 336 -0.0624  0.0091 87.4177
432 336 -0.0416  0.0227 163.5671
464 336  0.0029  0.0349 165.7286
496 336 -0.0054  0.0280 61.4868
528 336 -0.0094  0.0489 165.2248
560 336 -0.0564  0.0461 161.8085
592 336 -0.0340  0.0328 236.7787
624 336 -0.0214  0.0291 128.6411
656 336 -0.0184  0.0505 123.4916
 16 368 -0.0804 -0.0025 14.7752
 48 368 -0.3167 -0.3435 212.2583
 80 368 -0.2807 -0.3914 112.8097
112 368 -0.1538 -0.1401 35.8739
144 368 -0.1075 -0.2196 79.9968
176 368 -0.2131 -0.4284 77.0129
208 368 -0.0715 -0.1672 226.2577
240 368  0.0083 -0.2839 143.1680
272 368 -0.1791 -0.0871 38.9012
304 368 -0.0490 -0.0370 352.8400
336 368 -0.0194 -0.0313 281.4285
368 368 -0.1152 -0.0229 155.0031
400 368 -0.0767  0.0088 203.0634
432 368 -0.0299 -0.0055 240.6237
464 368 -0.0234  0.0346 117.2043
496 368 -0.0523  0.0397 318.7754
528 368 -0.0344  0.0842 109.1483
560 368 -0.0476  0.0642 41.5105
592 368 -0.0979  0.0559 137.0220
624 368 -0.0242  0.0153 238.1644
656 368 -0.0420  0.0090 110.7998
 16 400 -0.4219 -0.3328 59.4033
 48 400 -0.1820 -0.4082 207.3407
 80 400 -0.1904 -0.4398 254.7470
112 400 -0.2237 -0.3890 78.7404
144 400 -0.3227 -0.3578 159.6792
176 400 -0.2098 -0.2145 221.3220
208 400 -0.2488 -0.2159 159.0797
240 400 -0.0943 -0.2079 289.3351
272 400  0.0074 -0.2109 111.6162
304 400 -0.1895 -0.1857 237.8811
336 400 -0.0677 -0.0582 35.6783
368 400 -0.0502 -0.0429 66.9372
400 400  0.0041  0.0013 64.9298
432 400 -0.0410  0.0089 176.6859
464 400 -0.0187  0.0501 220.6238
496 400 -0.0223  0.0476 20.3260
528 400 -0.0243  0.0440 116.0763
560 400 -0.0236  0.0558 116.1148
592 400 -0.0122  0.0600 158.4727
624 400 -0.0127  0.0233 154.8734
656 400  0.0018  0.0370 175.8920
 16 432 -0.0784 -0.1334 20.5189
 48 432 -0.8055 -0.5251 83.8235
 80 432 -0.4883 -0.7400 79.2342
112 432 -0.6394 -0.2483 27.6505
144 432 -0.2218 -0.1892 229.7293
176 432 -0.3160 -0.3029 156.2876
208 432 -0.2898 -0.3049 148.9380
240 432 -0.2737 -0.3138 248.5320
272 432 -0.2593 -0.2933 314.7983
304 432 -0.1580 -0.0506 22.1137
336 432 -0.1113 -0.1110 184.7492
368 432 -0.1378 -0.0808 170.7616
400 432 -0.0915 -0.1078 145.1001
432 432 -0.1007 -0.0130 134.3448
464 432 -0.0634  0.0291 144.6345
496 432 -0.0514  0.0388 154.4685
528 432 -0.0347  0.0328 62.1821
560 432 -0.0227  0.0202 129.4576
592 432 -0.0422  0.0147 81.6532
624 432 -0.0058  0.0022 177.1449
656 432  0.0070  0.0014 87.7213
 16 464 -0.9475 -0.2135 79.5797
 48 464 -0.3063 -0.4212 95.0781
 80 464 -0.6758 -0.4745 112.2549
112 464 -0.4902 -0.2893 129.1484
144 464 -0.9556 -1.0050 84.3515
176 464 -0.2496 -0.5981 79.4305
208 464 -0.3387 -0.3112 55.5008
240 464 -0.2489 -0.2183 291.1358
272 464 -0.2173 -0.3525 24.9188
304 464 -0.1651 -0.2048 257.9550
336 464 -0.0804 -0.0890 196.4123
368 464 -0.1050 -0.1144 289.7491
400 464  0.0260 -0.0675 32.7729
432 464 -0.0548 -0.0055 87.0357
464 464 -0.0511  0.0049 133.0499
496 464 -0.0119  0.0651 131.0100
528 464 -0.0303  0.0364 119.9042
560 464 -0.0654  0.0680 185.3081
592 464 -0.0137  0.0189 123.1938
624 464 -0.0110  0.0310 234.1804
656 464 -0.0081  0.0032 61.8298
 16 496 -0.2475 -0.2174 62.3582
 48 496 -1.2459 -0.2952 108.1263
 80 496 -0.9524 -0.9495 138.2978
112 496 -0.1703 -0.4431 23.8083
144 496 -0.2055 -0.5116 123.5740
176 496 -0.2929 -0.4178 142.1980
208 496 -0.6383 -0.2251 45.1526
240 496 -0.2732 -0.1392 295.1264
272 496 -0.1680 -0.2481 108.2609
304 496 -0.1407 -0.1926 50.1394
336 496 -0.1683 -0.1368 236.0793
368 496 -0.1006 -0.0796 39.6084
400 496 -0.0761 -0.0179 55.7109
432 496 -0.0899 -0.0426 125.9890
464 496 -0.0757 -0.0054 180.0111
496 496 -0.1141  0.0145 242.8550
528 496 -0.0226  0.0203 120.0536
560 496 -0.0170  0.0182 109.8048
592 496  0.0021  0.0111 21.6463
624 496 -0.0163 -0.0157 87.2506
656 496  0.0072 -0.0289 154.7084
 16 528 -0.2138 -0.1094 21.1414
 48 528 -0.8297 -0.8010 102.4999
 80 528 -0.3193 -0.2587 204.5829
112 528 -0.5319 -0.5839 136.6721
144 528 -0.6535 -0.4815 205.7270
176 528 -0.1146 -0.0857 12.5355
208 528 -0.5293 -0.4372 185.1054
240 528 -0.4981 -0.2539 168.8965
272 528 -0.1521 -0.0712 58.5468
304 528 -0.1619 -0.1011 350.0779
336 528 -0.2922 -0.1426 307.9169
368 528 -0.0919 -0.0966 69.6607
400 528 -0.0722 -0.0787 224.0311
432 528 -0.1053 -0.0214 123.3473
464 528 -0.1261  0.0158 182.7484
496 528 -0.0532 -0.0166 59.9188
528 528 -0.0689  0.0040 376.4797
560 528 -0.0262 -0.0223 185.6218
592 528 -0.0268 -0.0410 93.5249
624 528  0.0303 -0.0720 41.2536
656 528  0.0184 -0.0369 81.9232
 16 560 -0.4130 -0.1280 29.0820
 48 560 -0.7328 -0.2229 123.6948
 80 560 -0.6155 -0.5178 39.4089
112 560 -0.5672 -0.5965 53.1723
144 560 -0.9252 -0.8189 88.5060
176 560 -0.7566 -0.5967 137.3473
208 560 -0.3589 -0.4846 58.0991
240 560 -0.3030 -0.7132 87.7482
272 560 -0.5653 -0.3657 95.4890
304 560 -0.2852 -0.1741 92.0048
336 560 -0.1671 -0.1073 148.6194
368 560 -0.2476 -0.1617 150.6905
400 560 -0.0706 -0.0478 25.7955
432 560 -0.0958 -0.0251 25.2011
464 560 -0.1657 -0.0099 163.2974
496 560 -0.0692 -0.0179 100.5998
528 560 -0.1328 -0.0524 112.7412
560 560 -0.0526 -0.0741 153.9642
592 560 -0.0057 -0.0409 211.4855
624 560  0.0453 -0.0767 117.0046
656 560  0.0135 -0.1195 88.6148
 16 592 -0.1246 -0.1174 29.3986
 48 592 -0.9445 -0.8223 50.0783
 80 592 -0.4359 -0.4423 137.0067
112 592 -0.5372 -0.4724 188.5215
144 592 -0.7381 -0.9158 104.8059
176 592 -0.9593 -1.4235 155.2766
208 592 -0.6939 -1.3701 43.0095
240 592 -0.9586 -0.7053 169.0355
272 592 -0.7057 -0.5591 113.6430
304 592 -0.5264 -0.4406 49.0871
336 592 -0.3730 -0.3859 192.9020
368 592 -0.4715 -0.0904 80.7146
400 592 -0.1648 -0.0923 129.9018
432 592 -0.2236  0.0080 136.4001
464 592 -0.2159 -0.0017 112.4669
496 592 -0.2320 -0.0582 135.2648
528 592 -0.2852 -0.0631 158.0029
560 592 -0.0853 -0.0906 160.6896
592 592  0.0110 -0.1563 132.1590
624 592  0.0095 -0.2253 125.0550
656 592  0.1192 -0.2060 137.8449
 16 624 -0.2898 -0.1425 24.8338
 48 624 -0.0331 -0.1481 62.5457
 80 624 -0.3440 -0.4513 95.4000
112 624 -0.4445 -0.6823 61.7447
144 624 -1.0483 -1.3844 51.2927
176 624 -0.9695 -0.7630 19.9742
208 624 -0.9432 -0.8337 70.0141
240 624 -0.2941 -0.1562 14.8117
272 624 -0.6510 -0.4650 56.1608
304 624 -0.9261 -0.6648 249.0283
336 624 -0.5962 -0.3939 29.3352
368 624 -0.6525 -0.1886 68.2536
400 624 -0.6100 -0.0330 157.6421
432 624 -0.4212 -0.0227 137.9374
464 624 -0.4219 -0.0166 188.8893
496 624 -0.5373 -0.1304 134.6630
528 624 -0.3708 -0.0940 89.1449
560 624 -0.2585 -0.2584 87.6444
592 624 -0.1169 -0.2116 135.1820
624 624 -0.0254 -0.2898 122.1630
656 624  0.2260 -0.4310 255.6074
 16 656 -0.1854 -0.2098 61.3097
 48 656 -0.2856 -0.2523 39.0239
 80 656 -0.3113 -0.1698 92.2337
112 656 -0.5767 -0.3457 150.6842
144 656 -1.0216 -0.8239 175.2173
176 656 -0.9696 -0.4806 90.2912
208 656 -0.4766 -0.2050 87.5477
240 656 -1.0162 -0.8649 85.7145
272 656 -1.0768 -0.6959 28.2065
304 656 -1.2817 -0.7127 62.3178
336 656 -0.8269 -0.4548 113.3554
368 656 -0.7873 -0.2412 122.9863
400 656 -0.3613  0.0226 75.5278
432 656 -0.7682 -0.0089 183.2967
464 656 -0.7147 -0.0109 91.6340
496 656 -1.0366 -0.0081 209.4884
528 656 -0.4193 -0.2803 34.5168
560 656 -0.2472 -0.2124 32.6495
592 656 -0.1577 -0.2813 160.6002
624 656  0.0463 -0.4406 67.1652
656 656 -0.0173 -0.6062 147.4908
 16 688 -0.3990 -0.1196 38.5345
 48 688 -0.1747 -0.0839 60.8061
 80 688 -0.5209 -0.1653 182.2185
112 688 -0.4879 -0.1111 20.8620
144 688 -0.5498 -0.4194 97.8984
176 688 -1.0093 -0.4979 94.3708
208 688 -1.0233 -0.7727 36.1847
240 688 -0.6655 -0.4405 30.6883
272 688 -1.1410 -0.8491 122.1293
304 688 -0.7612 -0.3434 96.6214
336 688 -0.7099 -0.4382 155.1407
368 688 -0.6094 -0.1606 172.2375
400 688 -0.3316  0.0699 130.1883
432 688 -0.4373  0.1751 33.6121
464 688 -0.3194 -0.0816 140.3577
496 688 -0.4186 -0.1285 165.3587
528 688 -0.0781 -0.7215 55.4025
560 688 -0.3609 -0.6050 121.3880
592 688 -0.1007 -0.8084 88.8452
624 688 -0.0267 -0.5260 54.0528
656 688 -0.0158 -0.4884 57.5650
 16 720 -0.1475 -0.0251 37.9615
 48 720 -0.1209 -0.0887 171.8432
 80 720 -0.2198 -0.0303 191.7898
112 720 -0.5003 -0.1496 151.7718
144 720 -0.3336 -0.0702 131.8101
176 720 -0.7099 -0.6897 188.4516
208 720 -0.9992 -0.7707 195.2086
240 720 -0.6650 -0.4479 53.5165
272 720 -0.1843 -0.1966 11.7061
304 720 -0.9223 -0.5000 142.4249
336 720 -1.0284 -0.3498 71.3424
368 720 -0.2138 -0.0157 131.0065
400 720 -0.1210  0.1672 81.6487
432 720  0.2530  0.3174 107.0644
464 720 -0.1171  0.0929 230.7222
496 720  0.4795 -0.7520 180.2388
528 720  0.5384 -1.0526 178.2042
560 720  0.8133 -0.0186 13.7659
592 720  0.0068 -0.3425 20.8635
624 720 -0.0217 -0.4656 139.0237
656 720 -0.0555 -0.4234 119.6546
 16 752 -0.0211 -0.0130 34.8641
 48 752 -0.0397 -0.0902 112.0018
 80 752 -0.0358 -0.0193 267.0591
112 752 -0.0823 -0.0707 161.6553
144 752 -0.3744 -0.1819 277.9625
176 752 -1.1028 -0.5482 113.9856
208 752 -0.2915 -0.3814 66.6966
240 752 -1.1904 -0.4775 95.4599
272 752 -0.8183 -0.6534 321.4615
304 752 -0.2090 -0.2392 164.7707
336 752 -0.1669 -0.1370 243.6510
368 752  0.2160  0.0811 109.2834
400 752  0.4597  0.1470 102.9633
432 752  0.9668  0.1660 81.9411
464 752  1.0777 -0.0725 230.8346
496 752  1.4260 -0.9989 135.0645
528 752  0.1125 -0.0273 24.9618
560 752  0.6722 -0.0287  9.0265
592 752  0.2121  0.3346 10.6590
624 752 -0.1591  0.1666  9.4362
656 752 -0.0662  0.0416 18.3004
 16 784  0.0388 -0.0200 65.7861
 48 784 -0.0218 -0.1084 63.2002
 80 784 -0.0631 -0.0248 361.1272
112 784 -0.1446 -0.0960 233.4061
144 784 -0.2147 -0.0682 169.6460
176 784 -0.1096 -0.2186 210.9097
208 784 -0.6382 -0.5230 38.9422
240 784 -0.7574 -0.8226 82.2424
272 784 -1.0638 -0.7575 68.3236
304 784 -0.2076 -0.5567 145.7859
336 784 -0.0470 -0.2281 152.9885
368 784  0.2238 -0.0102 164.3574
400 784  1.3100  0.3211 105.5079
432 784  1.4702  0.1779 170.9206
464 784  2.1058  0.1350 63.2214
496 784  1.4332 -0.8595 27.5020
528 784  0.1004  0.0561 16.1653
560 784  0.2468  0.2662  9.6146
592 784  0.1456  0.1330 35.5564
624 784  0.0071 -0.0108 23.2641
656 784 -0.0901  0.1342  8.2074
 16 816  0.0369 -0.0394 67.4476
 48 816  0.0165  0.0361 14.5866
 80 816  0.0259 -0.0446 256.6174
112 816  0.0372 -0.0428 134.2018
144 816  0.0379 -0.2007 133.1803
176 816  0.0140 -0.2941 246.3346
208 816 -0.2231 -0.4835 155.5896
240 816  0.0133 -0.7411 158.7897
272 816  0.0388 -0.3032 21.7943
304 816  0.0758 -0.1061 15.4237
336 816  0.1757 -0.0903 28.7816
368 816  0.7120 -0.0566 82.7218
400 816  1.2935  0.0852 90.1652
432 816  1.6322  0.3039 23.6488
464 816  2.0855 -0.0673 38.8421
496 816  0.0371 -0.0261 13.8949
528 816  0.1472  0.0456  6.7435
560 816  0.0488  0.1177  8.5824
592 816  0.0638  0.0336 17.9157
624 816  0.0051  0.0732  9.5572
656 816  0.0007 -0.0234 12.0754
 16 848  0.0609  0.0127 19.4117
 48 848  0.0627  0.0046 71.3008
 80 848  0.0363 -0.0181 16.3821
112 848  0.0607 -0.0854 122.0010
144 848  0.1173 -0.0987 173.6767
176 848  0.5828 -0.1209 167.1764
208 848  0.1080 -0.4520 280.8025
240 848  0.0437 -0.7372 276.5005
272 848  0.2229 -0.6511 27.9013
304 848  0.5550 -0.6923 160.2125
336 848  0.9164 -0.6703 41.5583
368 848  1.0425 -0.1615 216.5105
400 848  1.7827  0.1410 57.6870
432 848  1.8170  0.1966 134.6364
464 848  1.5668 -0.0141 12.5986
496 848  0.1028  0.0758 16.6271
528 848 -0.0403  0.0110  5.0838
560 848  0.0219  0.0246 49.9777
592 848  0.0458  0.1432 34.2743
624 848  0.0013  0.0562 43.1625
656 848 -0.0013  0.0048 27.2717
 16 880  0.0087 -0.0078 26.6775
 48 880  0.0214 -0.0225 35.4552
 80 880  0.1148 -0.0396 201.0789
112 880  0.0824 -0.0612 306.2303
144 880  0.0922 -0.0820 292.5560
176 880  0.3025 -0.2447 130.1389
208 880  0.4418 -0.2897 111.5165
240 880  0.2007 -0.7270 144.9036
272 880  0.7639 -0.6713 27.2651
304 880  0.3201 -0.3285 63.0838
336 880  1.0472 -0.6492 88.2612
368 880  1.3854 -0.1930 136.6435
400 880  1.5542  0.0796 47.7044
432 880  1.3324  0.1674 57.8159
464 880  0.9916  0.0969 29.1479
496 880  0.1550  0.1254  5.7868
528 880 -0.0598 -0.0153  8.7857
560 880  0.0553  0.0416 49.4644
592 880  0.0101  0.1554 46.0637
624 880 -0.0384  0.0529 74.5698
656 880 -0.0156  0.0915 67.3789
 16 912  0.0865 -0.0659 178.8336
 48 912  0.0263 -0.0195 15.4960
 80 912  0.0522 -0.1084 302.6390
112 912  0.1154 -0.0279 178.0991
144 912  0.2853 -0.1609 149.4309
176 912  0.2502 -0.3722 234.9417
208 912  0.0957 -0.0650 29.8223
240 912  0.7815 -1.2045 55.3741
272 912  0.6049 -0.6861 118.0998
304 912  0.3888 -0.4788 24.1370
336 912  0.7452 -0.5297 112.5583
368 912  0.9483 -0.2579 42.1619
400 912  1.1634  0.0340 40.6350
432 912  0.0573  0.0311 17.6420
464 912  0.1114  0.1163  9.4303
496 912  0.0081  0.0081  4.0554
528 912 -0.0168  0.0117  4.8646
560 912 -0.0268  0.0298 11.7433
592 912 -0.0053 -0.0434 12.5702
624 912  0.0758 -0.0698 17.2819
656 912  0.0190 -0.0221 42.3573
 16 944  0.0455 -0.0307 25.3406
 48 944  0.0136 -0.0132 49.7279
 80 944  0.1093 -0.0288 142.1893
112 944  0.0507 -0.0617 215.8870
144 944  0.2006 -0.0953 155.4561
176 944  0.2585 -0.2323 294.7314
208 944  0.2040 -0.0428 50.8029
240 944  0.4917 -0.3709 118.0632
272 944  0.9714 -1.0465 27.1174
304 944  0.6379 -0.7590 100.1585
336 944  0.2210 -0.3740 58.5753
368 944  0.5355 -0.2564 56.9733
400 944  0.0118  0.0662 14.1375
432 944  0.0599  0.0424 14.6464
464 944  0.1387 -0.0253  5.6741
496 944  0.0023 -0.0571  8.0870
528 944  0.0331 -0.0372  4.6758
624 944 -0.0398  0.0566  4.9296
656 944  0.0275 -0.0487  8.1818
 16 976  0.1109 -0.0129 29.9186
 48 976  0.0859 -0.0077 18.0972
 80 976  0.0899 -0.1029 136.8091
112 976  0.0697 -0.0415 414.2674
144 976  0.2270 -0.1071 197.1569
176 976  0.1489 -0.1843 63.3997
208 976  0.2457 -0.1716 157.0643
240 976  0.1044 -0.4621 57.5402
272 976  0.1611 -0.7756 29.2188
304 976  0.0870 -0.4687 99.8917
336 976  0.0307 -0.1271 82.3085
368 976  0.0044 -0.0218 24.8988
400 976  0.0574  0.0037 12.2811
432 976  0.0046  0.0395  7.8727
464 976  0.0051 -0.0022 21.6282
496 976 -0.1064 -0.0344 25.8572
528 976 -0.0615  0.0138 11.0493
 16 1008  0.0370 -0.0344 32.9367
 48 1008  0.0845 -0.0199 86.8628
 80 1008  0.0995 -0.0167 27.0533
112 1008  0.0376 -0.0474 284.7913
144 1008  0.0584 -0.1722 282.2361
176 1008  0.0948 -0.2523 165.8511
208 1008  0.0415 -0.0812 146.8742
240 1008  0.1213 -0.2277 44.4360
272 1008  0.1690 -0.1998 53.3313
304 1008  0.0267 -0.5423 39.0643
336 1008 -0.0231 -0.0546 22.8736
368 1008 -0.0332  0.0103 10.7990
400 1008  0.0652 -0.0608  9.5348
432 1008 -0.0235 -0.0422 17.7376
464 1008  0.0124 -0.0076 107.2798
496 1008  0.0204  0.0049 17.1122
528 1008 -0.0303 -0.1047 10.4098
560 1008  0.2142 -0.3381  5.6480
 16 1040  0.0344  0.0022 22.1532
 48 1040  0.2175 -0.0318 166.0904
 80 1040  0.0782 -0.0333 188.4065
112 1040  0.0445 -0.0295 326.5212
144 1040  0.1682 -0.1072 69.2770
176 1040  0.0941 -0.1061 102.5272
208 1040  0.1123 -0.2176 168.9680
240 1040  0.0607 -0.2030 34.6553
272 1040  0.0279 -0.7620 107.4746
304 1040 -0.0399 -0.2651 154.5291
336 1040 -0.0301 -0.0591 30.3175
368 1040 -0.0012  0.0198 12.3002
400 1040  0.0070  0.0023 44.5506
432 1040 -0.0116 -0.0102 21.0397
464 1040  0.0070 -0.0161 158.0398
496 1040 -0.0199 -0.0056 73.3426
528 1040 -0.0996  0.0971 10.1670
560 1040  0.0763  0.0682 14.6301
592 1040  0.1852 -0.0314  5.1895
 16 1072  0.0529 -0.0223 55.9230
 48 1072  0.0862 -0.0329 93.1386
 80 1072  0.0912 -0.0365 131.8025
112 1072  0.0466 -0.0109 35.8016
144 1072  0.0453 -0.0347 92.6448
176 1072  0.0480 -0.0516 346.6904
208 1072  0.0018 -0.0682 29.4676
240 1072  0.0589 -0.3049 73.9607
272 1072  0.0084 -0.1235 54.6168
304 1072  0.0001 -0.2413 165.6955
336 1072 -0.0668 -0.1343 181.3837
368 1072 -0.0591 -0.0410 108.8657
400 1072 -0.0088 -0.0261 79.5265
432 1072  0.0074 -0.0177 211.3725
464 1072  0.0306 -0.0360 31.5882
496 1072 -0.0097  0.0074 27.1042
528 1072 -0.0255  0.0130 28.5383
560 1072  0.0193 -0.0466 13.2328
592 1072 -0.0223 -0.1526 11.3976
624 1072  0.1721 -0.2500  5.6052
656 1072 -0.0287 -0.0875  9.1371
 16 1104  0.1244 -0.0156 126.1635
 48 1104  0.0211  0.0176 30.1793
 80 1104  0.1065 -0.0957 55.1839
112 1104  0.0747 -0.0430 130.2880
144 1104  0.0167 -0.0636 90.1910
176 1104  0.0397 -0.0920 329.2129
208 1104  0.0300 -0.0946 83.3990
240 1104  0.1669 -0.0931 82.7613
272 1104  0.0148 -0.0547 205.2674
304 1104  0.0299 -0.1022 129.5795
336 1104 -0.0387 -0.1113 223.8725
368 1104 -0.0286 -0.0951 156.0686
400 1104  0.0078 -0.0646 110.3936
432 1104  0.0280 -0.0242 126.6985
464 1104  0.0254 -0.0233 47.5224
496 1104 -0.0194 -0.0060 13.4084
528 1104  0.0057  0.0049 22.0976
560 1104 -0.0122  0.0582 15.2280
592 1104  0.0535  0.1053 11.7050
624 1104 -0.0135  0.0196 15.6934
656 1104 -0.0032 -0.0088 11.0398
 16 1136  0.0129 -0.0008 16.1453
 48 1136  0.0263  0.0105 22.2210
 80 1136  0.0914 -0.0326 181.8608
112 1136  0.0640 -0.0412 90.8969
144 1136  0.0762 -0.0749 107.6196
176 1136  0.0298 -0.1848 187.2547
208 1136  0.0232 -0.0746 216.0056
240 1136  0.0343 -0.4245 113.0606
272 1136  0.0269 -0.1332 70.5795
304 1136  0.0261 -0.0939 130.6862
336 1136  0.0238 -0.1074 170.7165
368 1136  0.0207 -0.0847 207.3595
400 1136  0.0158 -0.0977 82.7427
432 1136 -0.0017 -0.0704 78.5454
464 1136  0.0212 -0.0564 77.1941
496 1136 -0.0049  0.0941 39.9263
528 1136  0.0041 -0.0330 15.4974
560 1136  0.0140 -0.0155 19.2721
592 1136 -0.0784  0.0198 16.0814
624 1136 -0.0658  0.0131 15.3140
656 1136 -0.0938 -0.0278 31.0569
 16 1168  0.0146  0.0268 14.9449
 48 1168  0.0242 -0.0187 16.8510
 80 1168  0.0792 -0.0608 30.9749
112 1168  0.0785 -0.0426 48.8720
144 1168  0.0186 -0.0227 372.5776
176 1168 -0.0283 -0.0860 132.2321
208 1168  0.0725 -0.0637 276.5760
240 1168  0.0380 -0.2160 65.5165
272 1168  0.0169 -0.2432 70.9200
304 1168  0.0147 -0.0512 167.8753
336 1168  0.0754 -0.1274 211.3749
368 1168  0.0292 -0.1080 90.0130
400 1168  0.0606 -0.1311 91.1378
432 1168  0.0381 -0.0874 33.0628
464 1168  0.0434 -0.0637 157.4245
496 1168 -0.0005 -0.0108 15.1311
528 1168 -0.0045  0.0042 19.1040
560 1168  0.0129 -0.0088 11.9579
592 1168 -0.0122 -0.0241 13.1941
624 1168 -0.0307  0.0282 11.2059
656 1168  0.0051  0.0054 11.6208
 16 1200  0.0427 -0.0476 16.4470
 48 1200  0.0169 -0.0150 22.5326
 80 1200  0.0368 -0.0285 20.5451
112 1200 -0.0061  0.0058 22.9270
144 1200  0.0534 -0.0628 83.7205
176 1200  0.0370 -0.0295 180.1567
208 1200  0.0485 -0.0532 59.8417
240 1200  0.0796 -0.0928 125.9399
272 1200  0.0131 -0.0832 70.8996
304 1200  0.0044 -0.0321 319.1472
336 1200  0.0262 -0.1450 263.5005
368 1200  0.0228 -0.0822 243.6472
400 1200  0.0317 -0.0453 259.8112
432 1200  0.0016 -0.2597 65.3527
464 1200 -0.0041 -0.1383 23.1172
496 1200  0.0173  0.0049 18.1611
528 1200 -0.0094  0.0081 13.6664
560 1200  0.0377  0.0273 10.9496
592 1200 -0.0284  0.0391 16.9432
624 1200  0.0413  0.0084 47.6831
656 1200  0.0112  0.0677 39.9333
  0   0  0.0273 -0.0309  0.0000
  0   0  0.0247 -0.0390  0.0000
  0   0  0.0226  0.0354  0.0000
  0   0 -0.0125  0.1434  0.0000
  0   0 -0.0304  0.2287  0.0000
  0   0 -0.0326  0.1827  0.0000
  0   0 -0.0549  0.1291  0.0000
  0   0 -0.0593  0.1268  0.0000
  0   0 -0.0098  0.0839  0.0000
  0   0  0.0496  0.0206  0.0000
  0   0  0.0722 -0.0012  0.0000
