VARIABLES= "X pix", "Y pix", "U pix/dt", "V pix/dt", "CHC", ZONE I=21, J=30
 16 272 -0.0565 -0.4586 195.3259
 48 272 -0.0100 -0.1394 26.6928
 80 272 -0.0947 -0.2963 208.0684
112 272 -0.0218 -0.1502 348.3346
144 272 -0.0374 -0.0650 85.5827
176 272 -0.0811 -0.1663 133.2514
208 272 -0.0460 -0.1691 334.0994
240 272 -0.0398 -0.0433 131.3167
272 272  0.0179 -0.0641 80.9912
304 272  0.0756 -0.0014 177.7951
336 272  0.0512 -0.0240 123.0179
368 272  0.0963 -0.0210 170.1567
400 272  0.0301  0.0252 321.6657
432 272  0.0709  0.0325 110.4522
464 272  0.0849  0.0336 55.0076
496 272  0.1228  0.0575 210.3675
528 272  0.1725 -0.0064 126.6437
560 272  0.0400  0.0320 60.8305
592 272  0.0911  0.0258 170.8749
624 272  0.0749  0.0148 170.2077
656 272  0.0762 -0.0079 156.4677
 16 304 -0.2020 -0.1921 134.1989
 48 304 -0.0351 -0.1025 64.3883
 80 304 -0.2108 -0.2109 152.1377
112 304 -0.0341 -0.1557 40.8442
144 304 -0.0508 -0.1120 191.1785
176 304 -0.0112 -0.0700 253.4233
208 304 -0.0165 -0.1692 258.1919
240 304  0.0032 -0.0886 218.2110
272 304  0.0128 -0.0471 77.7133
304 304 -0.0149 -0.0905 219.5052
336 304  0.0625 -0.0784 108.1466
368 304  0.0756 -0.0178 147.0151
400 304  0.0587  0.0175 20.8217
432 304  0.1043  0.0413 74.9733
464 304  0.0957  0.0182 168.7759
496 304  0.0972  0.0397 149.7620
528 304  0.0878  0.0594 90.9203
560 304  0.0064  0.0723 171.2600
592 304  0.1204  0.0226 152.7295
624 304  0.1233  0.0080 69.7929
656 304  0.0783  0.0082 140.1190
 16 336 -0.0794 -0.3061 163.9266
 48 336 -0.2877 -0.0317 23.1011
 80 336 -0.0142 -0.5079 82.3358
112 336 -0.1494 -0.2032 191.3071
144 336 -0.1582 -0.2879 222.8439
176 336 -0.0492 -0.1805 197.5848
208 336 -0.0353 -0.0709 411.6250
240 336 -0.0328 -0.1857 68.3281
272 336  0.0076 -0.0330 21.4766
304 336 -0.0074 -0.1957 319.5908
336 336  0.0224 -0.0415 137.0384
368 336  0.0415 -0.0183 159.0384
400 336  0.0017  0.0005 38.4872
432 336  0.0804  0.0192 143.0075
464 336  0.0632  0.0507 93.7509
496 336  0.0092  0.0880 242.5386
528 336  0.0802  0.0314 172.3427
560 336  0.0944  0.0444 113.4086
592 336  0.0428  0.0100 292.9800
624 336  0.1019 -0.0009 95.5810
656 336  0.0848 -0.0383 197.8413
 16 368 -0.0951 -0.1493 106.4680
 48 368 -0.2834 -0.2443 41.6971
 80 368 -0.3283 -0.2068 148.0919
112 368 -0.0129 -0.5851 40.5253
144 368 -0.1012 -0.3700 55.2783
176 368 -0.0872 -0.2247 23.1025
208 368 -0.0506 -0.1436 207.2983
240 368 -0.0324 -0.2662 155.4641
272 368 -0.0130 -0.0439 286.7207
304 368 -0.0007 -0.1051 98.3329
336 368  0.0350 -0.0442 370.5438
368 368  0.0753 -0.0338 239.8440
400 368  0.0442 -0.0060 307.1973
432 368  0.0670  0.0032 180.0997
464 368  0.0894  0.0174 111.5876
496 368  0.1129  0.0038 292.4698
528 368  0.1208  0.0210 82.8188
560 368  0.0749  0.0292 179.8307
592 368  0.1134  0.0342 180.2095
624 368  0.0784  0.0032 175.5638
656 368  0.0208  0.0463 220.1538
 16 400 -0.4145 -0.1112 63.6726
 48 400 -0.1223 -0.0666 24.2287
 80 400 -0.2166 -0.3892 161.7099
112 400 -0.5004 -0.1900 78.4902
144 400 -0.1439 -0.2702 29.9487
176 400 -0.2404 -0.6385 47.3325
208 400 -0.1881 -0.3510 105.6128
240 400 -0.0535 -0.1311 77.2348
272 400 -0.1104 -0.1508 324.5027
304 400 -0.0548 -0.1438 153.4866
336 400  0.0079 -0.0978 125.9776
368 400  0.0209 -0.0500 150.9612
400 400  0.0809 -0.0137 67.9905
432 400  0.1235 -0.0101 211.9019
464 400  0.1441  0.0228 183.4153
496 400  0.0675  0.0164 80.2641
528 400  0.1006  0.0082 107.5595
560 400  0.1342  0.0026 250.9039
592 400  0.0765  0.0124 188.4963
624 400  0.0592  0.0147 151.4982
656 400  0.0723 -0.0018 117.5926
 16 432 -0.1289 -0.7245 162.7845
 48 432 -0.3563 -0.3037 132.4498
 80 432 -0.3148 -0.5081 156.5552
112 432 -0.3647 -0.3383 19.7565
144 432 -0.2654 -0.4308 308.4324
176 432 -0.2201 -0.4157 234.6956
208 432 -0.0833 -0.5172 70.2440
240 432 -0.1246 -0.2281 247.6029
272 432 -0.1882 -0.3490 249.1661
304 432 -0.0088 -0.5123 190.2704
336 432  0.0021 -0.1090 210.7210
368 432  0.0541 -0.1071 209.5626
400 432  0.0595 -0.0520 164.2208
432 432  0.0783 -0.0642 77.2184
464 432  0.0944  0.0002 79.3561
496 432  0.0755  0.0141 98.2563
528 432  0.0862  0.0780 37.7173
560 432  0.0938  0.0381 120.9442
592 432  0.1048  0.0094 156.4226
624 432  0.0892  0.0487 82.7093
656 432  0.1229 -0.0182 83.1898
 16 464 -0.0585 -0.2485 20.2420
 48 464 -0.3552 -0.3976 124.9546
 80 464 -0.3877 -0.5220 214.5794
112 464 -0.5437 -0.7210 143.4740
144 464 -0.2264 -0.2217 31.9795
176 464 -0.3127 -0.5447 117.3996
208 464 -0.5189 -0.3132 76.6863
240 464 -0.8311 -0.4717 159.7530
272 464 -0.1480 -0.4335 265.2056
304 464 -0.0336 -0.1950 98.7859
336 464 -0.0660 -0.2407 297.1348
368 464  0.0661 -0.0914 189.1177
400 464  0.0208 -0.1139 79.3040
432 464  0.0807 -0.0728 92.5980
464 464  0.0622 -0.0055 129.5912
496 464  0.0188  0.0081 22.5012
528 464  0.1229  0.0488 147.2749
560 464  0.1407  0.0164 133.0859
592 464  0.1121  0.0214 97.4350
624 464  0.1344 -0.0013 146.3221
656 464  0.1023  0.0453 197.5834
 16 496 -0.1352 -0.2113 165.7953
 48 496 -0.8503 -0.7913 216.2553
 80 496 -0.6286 -0.5419 47.2313
112 496 -0.3325 -0.3708 226.8563
144 496 -0.3500 -0.7417 147.7976
176 496 -0.5969 -0.7347 135.9229
208 496 -0.1832 -0.6408 190.8493
240 496 -0.7565 -0.2310 121.5124
272 496 -0.1826 -0.4454 328.3119
304 496 -0.0635 -0.2202 33.6053
336 496 -0.0335 -0.0817 281.9214
368 496  0.0192 -0.2178 72.2035
400 496  0.0856 -0.1174 77.5771
432 496  0.0594 -0.0891 161.1440
464 496  0.1319 -0.0417 238.3073
496 496  0.0704  0.0454 226.7849
528 496  0.1252  0.0863 127.0330
560 496  0.1427  0.0190 91.9198
592 496  0.0784  0.0925 59.3255
624 496  0.1066  0.0233 95.1725
656 496  0.1337  0.0206 108.5050
 16 528 -0.6065 -0.2945 40.4959
 48 528 -0.2103 -0.1948 76.3505
 80 528 -0.3813 -0.2019 21.9838
112 528 -0.2370 -0.7109 195.3208
144 528 -0.4074 -0.6357 40.3378
176 528 -0.2468 -0.5205 94.6564
208 528 -0.5588 -0.8319 125.9428
240 528 -0.9019 -0.7063 52.7904
272 528 -0.1018 -0.6765 98.6613
304 528 -0.1506 -0.7267 212.4894
336 528 -0.0444 -0.3635 209.6093
368 528 -0.0291 -0.2014 191.1798
400 528  0.0620 -0.3722 111.3787
432 528  0.1177 -0.0431 278.8920
464 528  0.1584 -0.0446 220.9477
496 528  0.1076 -0.0134 60.8611
528 528  0.1296  0.0392 96.5894
560 528  0.1391  0.0429 169.1333
592 528  0.0899  0.0846 73.1480
624 528  0.0599  0.0296 38.9626
656 528  0.0925  0.0139 119.1648
 16 560 -0.8303 -0.6840 81.2774
 48 560 -0.6275 -0.7826 80.6805
 80 560 -0.8992 -0.8290 126.1826
112 560 -0.8989 -0.7376 100.6567
144 560 -1.1622 -0.9129 20.2371
176 560 -0.5736 -0.8416 116.1244
208 560 -0.2204 -0.9998 118.6825
240 560 -0.5738 -0.7112 118.2666
272 560 -0.2603 -0.3880 86.4594
304 560 -0.3245 -0.7948 244.8602
336 560 -0.0480 -0.5189 235.7320
368 560  0.0076 -0.3560 74.5141
400 560  0.1155 -0.2274 159.2961
432 560  0.1344 -0.1231 114.3000
464 560  0.1410 -0.1130 88.6618
496 560  0.1294 -0.0217 85.6146
528 560  0.1936  0.0116 189.4423
560 560  0.1155  0.0347 89.7591
592 560  0.1141  0.0485 143.2466
624 560  0.1194  0.0431 101.0501
656 560  0.1137  0.0060 84.5038
 16 592 -0.1119 -0.4842 60.6334
 48 592 -0.3648 -0.8439 99.7458
 80 592 -0.5848 -0.6271 110.3108
112 592 -1.0272 -0.3907 125.2158
144 592 -0.8681 -0.7943 56.8366
176 592 -1.2188 -0.6170 45.7843
208 592 -0.7803 -1.0244 204.3201
240 592 -0.0757 -0.1911 13.4743
272 592 -0.2578 -1.2125 151.8048
304 592 -0.4728 -0.7821 112.2766
336 592 -0.0996 -0.7851 75.9816
368 592 -0.1004 -0.3428 156.5435
400 592 -0.0330 -0.4062 241.9563
432 592 -0.0112 -0.1735 32.4448
464 592  0.2013 -0.0843 170.4212
496 592  0.2284 -0.0290 84.9479
528 592  0.1825  0.0688 63.3226
560 592  0.1001  0.0418 313.9962
592 592  0.1088  0.0782 45.9680
624 592  0.1097  0.0456 76.7115
656 592  0.1140  0.0625 202.6109
 16 624 -0.4143 -0.2307 76.2393
 48 624 -0.1864 -0.1369 206.3489
 80 624 -0.2114 -0.1888 18.0645
112 624 -1.2110 -0.7443 63.6555
144 624 -0.8783 -0.8662 112.7685
176 624 -1.0648 -1.0503 146.1395
208 624 -1.1033 -1.3576 137.1388
240 624 -0.0902 -0.3805 17.5037
272 624 -0.0282 -0.0073 21.2978
304 624 -0.3854 -0.6308 15.2533
336 624 -0.5578 -1.4180 52.2896
368 624 -0.2512 -0.1691 284.3234
400 624 -1.3235 -0.2684 171.3457
432 624 -0.0193 -0.1573 20.8835
464 624  0.0289 -0.1251 145.9855
496 624  0.0492 -0.1021 154.4138
528 624  0.1678  0.0177 96.5013
560 624  0.2419  0.0484 177.3425
592 624  0.1597  0.0411 117.5262
624 624  0.1376  0.0690 39.9398
656 624  0.1220 -0.0635 104.8453
 16 656 -0.1803 -0.0418 139.5541
 48 656 -0.1927 -0.3503 268.5129
 80 656 -0.4012 -0.2751 84.8480
112 656 -0.6776 -0.6048 255.3699
144 656 -0.8313 -0.6771 141.6383
176 656 -1.1404 -0.9671 123.7616
208 656 -0.9689 -1.3793 91.0028
240 656 -1.5882 -1.7309 108.1385
272 656 -1.1059 -1.1782 120.6068
304 656 -1.1487 -1.0364 32.3596
336 656 -1.8888 -1.1414 140.5493
368 656 -1.0826 -0.9779 91.6372
400 656 -1.1319 -0.6041 103.5862
432 656 -0.5203 -0.7061 45.2680
464 656 -0.2077 -0.2977 115.9983
496 656  0.0677 -0.0803 163.0208
528 656  0.0588 -0.0239 78.8547
560 656  0.0800 -0.0080 187.1253
592 656  0.2558  0.0499 170.6468
624 656  0.1703 -0.0455 184.7613
656 656  0.1763  0.0886 183.3301
 16 688 -0.0215 -0.0199 14.2799
 48 688 -0.3708 -0.1581 118.0740
 80 688 -0.7802 -0.2308 207.7789
112 688 -1.1146 -0.3740 85.8249
144 688 -0.1665 -0.1919 53.1724
176 688 -1.0534 -1.2833 48.0366
208 688 -1.1011 -1.0212 60.2483
240 688 -1.9497 -1.9028 71.1458
272 688 -1.2784 -1.2232 109.0608
304 688 -1.7128 -1.0110 27.5027
336 688 -1.3169 -0.7019 17.5550
368 688 -2.0436 -0.9906 40.1056
400 688 -1.5057 -1.0265 99.9652
432 688 -1.0543 -0.9900 30.4291
464 688 -1.0908 -0.6759 90.3450
496 688 -0.5255 -0.2631 106.5578
528 688 -0.1832 -0.1403 119.7893
560 688 -0.0523 -0.0592 98.5885
592 688  0.0732  0.0613 146.7986
624 688  0.2081 -0.0144 201.8326
656 688  0.1347 -0.0280 86.6067
 16 720 -0.1046 -0.2842 45.8855
 48 720 -0.0599 -0.0653 51.0391
 80 720 -0.1311 -0.2283 282.6525
112 720 -0.3588 -0.1772 42.6041
144 720 -0.1892 -0.0907 180.9556
176 720 -1.1364 -1.0244 44.1345
208 720 -1.2196 -0.5013 122.9733
240 720 -1.7597 -1.7672 197.4820
272 720 -1.6060 -1.3458 200.3421
304 720 -1.5126 -1.3469 146.5653
336 720 -1.7894 -0.8544 88.4570
368 720 -1.2047 -0.3169 98.1651
400 720 -1.8293 -0.4943 24.5249
432 720 -2.1334 -1.0952 33.1964
464 720 -2.1146 -0.7737 200.8156
496 720 -1.1733 -1.0102 116.9815
528 720 -0.3492 -0.4022 204.6786
560 720 -0.2938 -0.1895 82.7136
592 720  0.0952  0.0113 123.5895
624 720  0.1063  0.0755 47.5021
656 720  0.0954 -0.0176 201.7983
 16 752 -0.0071 -0.0697 49.3410
 48 752 -0.0195 -0.1372 106.1881
 80 752 -0.1269 -0.1122 180.8946
112 752 -0.0437 -0.3121 219.2967
144 752 -0.2149 -0.1346 122.5626
176 752 -0.9501 -0.2514 207.4988
208 752 -1.4106 -0.9826 176.7331
240 752 -1.1607 -1.4017 85.1502
272 752 -1.1972 -1.3714 74.9266
304 752 -1.6264 -0.1299 153.8336
336 752 -0.8090  0.2892 171.4318
368 752 -1.0588  0.2795 44.1902
400 752 -1.2344  0.4029 73.6687
432 752 -0.8409 -0.0339 23.4106
464 752 -1.1212 -0.9108 22.7192
496 752 -1.1043 -1.0582 96.2347
528 752 -0.7179 -0.9900 22.8412
560 752 -0.3281 -0.1415 63.4229
592 752 -0.0517 -0.0995 126.5419
624 752  0.0102  0.0262 84.2991
656 752  0.0115 -0.0416 141.0023
 16 784  0.0317 -0.0172 79.9243
 48 784  0.0102 -0.0122 197.1481
 80 784 -0.0282 -0.0231 83.8180
112 784 -0.0589 -0.0723 330.6524
144 784 -0.0847 -0.0758 30.4948
176 784 -0.1610 -0.1806 121.7204
208 784 -0.8926 -0.8151 148.5927
240 784 -0.8273 -1.1031 35.5310
272 784 -0.5956 -1.2546 18.5441
304 784 -0.3406 -0.6448 55.0359
336 784  0.3045  0.4410 175.4315
368 784  0.2141  0.3476 35.9354
400 784  0.1669  0.0281 15.1626
432 784 -0.0307 -0.3428  6.2834
464 784  0.0718 -0.4152  5.6834
496 784  0.4913 -0.4836 15.4476
528 784 -0.4580 -0.6425 72.7938
560 784 -0.3055 -0.1366 121.6695
592 784 -0.1178 -0.2919 67.8150
624 784 -0.0172  0.0847 28.5958
656 784  0.0162  0.0586 47.4859
 16 816  0.0624 -0.0071 181.3865
 48 816  0.0196 -0.0985 283.7776
 80 816  0.0178 -0.1315 162.7630
112 816 -0.0410 -0.0368 259.9840
144 816  0.0002 -0.0704 128.1024
176 816 -0.1267 -0.1209 55.3755
208 816 -0.1516 -0.5372 27.2016
240 816 -0.0931 -0.2619 15.5333
272 816 -0.1234 -1.3927 56.0806
304 816  0.0677 -0.3727 63.1421
336 816  1.6701  1.3518 178.7670
368 816  0.9257  0.6319 13.3127
400 816  0.4002 -0.0477  8.1706
432 816 -0.1039 -0.3319  4.2032
464 816  0.0610 -0.3399  4.3784
496 816  0.1617 -0.1515  4.0935
528 816  0.1841 -0.1494 21.0442
560 816 -0.1136 -0.3840 39.0706
592 816 -0.0900 -0.1511 145.9063
624 816 -0.0272  0.0097 34.2048
656 816  0.0207  0.0099 100.4890
 16 848  0.0885  0.0103 52.8597
 48 848  0.0251  0.0341 28.0572
 80 848  0.0503 -0.0311 78.4212
112 848  0.0873 -0.0151 176.0429
144 848  0.0302 -0.0020 23.2173
176 848 -0.0266 -0.0682 43.8334
208 848  0.0284 -0.5218 88.3398
240 848 -0.1168 -1.0407 344.7258
272 848  0.0537 -1.3960 123.4490
304 848  0.7028 -1.1033 154.2568
336 848  2.9721 -0.0199 13.4766
368 848 -0.2700  0.1433 29.0739
400 848  0.4596 -0.1047  8.7375
432 848  0.3101 -0.3321 11.4762
464 848  0.2290 -0.0759  5.8209
496 848  0.1647  0.0547  5.4027
528 848  0.0838 -0.0353 12.0203
560 848 -0.0600 -0.0028 53.0626
592 848 -0.0366  0.0460 134.0520
624 848 -0.0291  0.1293 45.9611
656 848 -0.0291  0.0862 49.4077
 16 880  0.0937 -0.0128 22.6838
 48 880  0.1619  0.0021 86.2089
 80 880  0.0807 -0.0514 155.5028
112 880  0.0794 -0.1666 157.0158
144 880  0.0878 -0.0404 116.0876
176 880  0.1418 -0.1768 372.7537
208 880  0.0669 -0.1293 91.5281
240 880  0.0381 -1.1409 211.5419
272 880  0.1058 -1.4961 50.2292
304 880  1.4805 -1.7834 43.7658
336 880  0.1067  0.0102 21.8380
368 880 -0.0529  1.0779 10.6421
400 880 -0.1601  1.0077 12.5152
432 880 -0.0876  0.1284 10.3334
464 880  0.2999 -0.0281  8.0873
528 880 -0.0296  0.0143 13.3314
560 880 -0.0339  0.1459 18.4626
592 880 -0.0448  0.0410 39.7896
624 880  0.0105  0.1254 135.9191
656 880 -0.0243  0.0878 50.8163
 16 912  0.1450 -0.0086 38.3695
 48 912  0.0463 -0.0105 15.4276
 80 912  0.2574 -0.0087 145.5808
112 912  0.2169 -0.0635 106.3827
144 912  0.3310 -0.2338 321.9386
176 912  0.0354 -0.0574 127.6185
208 912  0.2066 -0.1099 31.4713
240 912  0.2562 -0.8094 259.2998
272 912  0.1439 -0.9202 148.1007
304 912 -0.2903 -0.2853 26.5837
336 912 -0.8250  0.2281 11.8786
368 912 -1.8959  0.7931  6.5902
400 912 -0.1046  0.7609 11.1454
432 912  0.4462  0.4785  5.7446
464 912  0.1509  0.3187  4.4728
528 912 -0.0338  0.0338  4.4990
560 912 -0.1078  0.1171 10.5282
592 912 -0.0418  0.0557 28.6149
624 912 -0.0450  0.0396 29.7100
656 912 -0.0295  0.0802 66.2384
 16 944  0.0166 -0.0093 31.1212
 48 944  0.3661  0.0861 22.2797
 80 944  0.2325 -0.0201 273.5419
112 944  0.1555 -0.0647 155.1278
144 944  0.2963 -0.0272 151.0250
176 944  0.4106 -0.0572 199.5480
208 944  0.3239 -0.1589 218.0335
240 944  0.4304 -0.7326 71.3104
272 944  0.0842 -0.3844 16.4043
304 944 -0.2979  0.0851 23.1819
336 944 -0.4029  0.5660 22.9361
368 944 -0.2662  0.3171  5.8768
400 944 -0.1148  0.4703  4.6405
432 944  0.1281  0.3243  4.6718
464 944  0.0448  0.0461  4.9282
496 944  0.0121 -0.0247  9.8577
528 944  0.0149 -0.0149  4.9599
592 944 -0.2018  0.3129  5.0839
624 944 -0.0477  0.0620 17.4461
656 944 -0.0476  0.0004 32.4791
 16 976  0.1626  0.0187 23.4191
 48 976  0.2314 -0.0162 51.7270
 80 976  0.0322 -0.0314 16.0216
112 976  0.6885  0.0103 173.9168
144 976  0.3630  0.0841 292.5771
176 976  0.0744 -0.0469 11.7999
208 976  0.1510 -0.1575 66.9168
240 976  0.1015 -0.4362 40.6195
272 976  0.1319 -0.7269 53.7542
304 976  0.0807 -0.4928 46.1970
336 976 -0.0198 -0.1434 21.7679
368 976 -0.3248  0.3062 72.2170
400 976 -0.3309  0.3837 12.6336
432 976  0.2195  0.1691 12.5103
464 976  0.0919  0.0570 128.0916
496 976  0.1026 -0.1459 29.1147
528 976  0.0482 -0.0433 33.0956
560 976  0.0924 -0.0856  7.5973
624 976 -0.0581  0.1132  4.4886
656 976 -0.0513  0.1353  8.5626
 16 1008  0.3057 -0.0910 35.8358
 48 1008  0.4281 -0.0019 50.5933
 80 1008  0.4094 -0.0451 140.6205
112 1008  0.1543 -0.0128 99.4752
144 1008  0.4301 -0.0417 154.1372
176 1008  0.2183 -0.0690 273.5150
208 1008  0.3265 -0.2319 129.9899
240 1008  0.6400 -0.8113 42.8609
272 1008  0.1978 -0.4147 64.8705
304 1008  0.0992 -0.1471 146.1410
336 1008 -0.0114 -0.3908 46.0546
368 1008 -0.0699 -0.2954 106.2900
400 1008  0.0109 -0.0385 99.4628
432 1008  0.1591 -0.1436 16.9486
464 1008 -0.0213 -0.0252 12.9044
496 1008  0.0245 -0.0443 19.3692
528 1008  0.0205 -0.0238 19.5777
560 1008  0.1395 -0.0444 14.4465
592 1008  0.1417 -0.0866  4.1584
656 1008 -0.0044 -0.0906  4.3714
 16 1040  0.1789 -0.0104 58.2174
 48 1040  0.0190  0.0197 271.3071
 80 1040  0.1313 -0.0130 229.3749
112 1040  0.2204 -0.0238 186.8741
144 1040  0.2745 -0.0614 68.8256
176 1040  0.2227 -0.0308 252.6816
208 1040  0.1729 -0.0878 353.2911
240 1040  0.2139 -0.1454 104.0667
272 1040  0.0753 -0.1343 162.1516
304 1040  0.3593 -0.2679 37.7060
336 1040  0.0520 -0.0686 15.5766
368 1040  0.0663 -0.2054 159.0926
400 1040  0.0409 -0.0648 14.4327
432 1040  0.1753 -0.0449 17.8325
464 1040  0.0404 -0.0145 18.8146
496 1040  0.2078 -0.1805 20.5985
528 1040  0.0329 -0.1114 15.4180
560 1040 -0.0091 -0.0163 14.2609
592 1040  0.3201 -0.3823  7.4766
624 1040 -0.1777 -0.3117  8.8228
656 1040  0.2208 -0.1911  7.3681
 16 1072  0.1191 -0.0037 84.6474
 48 1072  0.0953  0.0184 109.0378
 80 1072  0.0780  0.0238 249.0687
112 1072  0.2845 -0.0424 67.2360
144 1072  0.1749 -0.0345 22.9131
176 1072  0.1556 -0.0899 60.3046
208 1072  0.0776 -0.1812 33.4680
240 1072  0.3299 -0.0800 39.5631
272 1072  0.1121 -0.0998 206.4424
304 1072  0.1102 -0.5654 55.0057
336 1072  0.1334 -0.2253 125.9594
368 1072  0.3426 -0.3773 122.4956
400 1072  0.2752 -0.1464 24.9453
432 1072  0.1143 -0.0952 16.3890
464 1072  0.2197 -0.1731 20.0416
496 1072  0.1260 -0.2032 28.5562
528 1072  0.1497 -0.3676 56.6281
560 1072  0.0060 -0.2721 14.3962
592 1072  0.0369 -0.0007 19.6511
624 1072 -0.0307  0.0187 10.9718
656 1072  0.0900 -0.0794 24.7564
 16 1104  0.1428 -0.0006 126.7623
 48 1104  0.0971 -0.0391 97.4456
 80 1104  0.0536  0.0163 16.0306
112 1104  0.2219 -0.0761 151.2086
144 1104  0.2168 -0.0478 84.5212
176 1104  0.1863 -0.0495 39.9924
208 1104  0.1615 -0.1380 33.2065
240 1104  0.6181 -0.0125 160.8818
272 1104  0.1589 -0.1952 102.6868
304 1104  0.1663 -0.2674 133.1232
336 1104  0.1135 -0.2716 327.9219
368 1104  0.1822 -0.1941 163.9973
400 1104  0.3209 -0.1445 62.5483
432 1104  0.0228 -0.1458 26.1304
464 1104  0.2351 -0.1868 30.9142
496 1104 -0.0103 -0.0302 13.6921
528 1104  0.0142 -0.0419 13.7566
560 1104 -0.0012 -0.0445 12.3556
592 1104  0.1113 -0.1680 18.6900
624 1104  0.0232 -0.1142 16.5751
656 1104 -0.0012 -0.0076 19.3428
 16 1136 -0.0121  0.0051 15.9270
 48 1136  0.2010 -0.0262 89.2346
 80 1136  0.2431  0.0430 37.9916
112 1136  0.1777 -0.0758 32.8830
144 1136  0.1331 -0.0218 158.4585
176 1136  0.1840 -0.0255 219.8360
208 1136  0.2012 -0.0326 73.4652
240 1136  0.3427 -0.1076 78.7147
272 1136  0.0954 -0.1088 118.4004
304 1136  0.1540 -0.1667 91.2988
336 1136  0.2077 -0.1367 49.7012
368 1136  0.1741 -0.2354 151.0105
400 1136  0.1426 -0.1171 36.5217
432 1136  0.0487 -0.0141 12.7167
464 1136  0.0448 -0.0005 20.8152
496 1136  0.2963 -0.1306 23.7317
528 1136  0.0127  0.0073 14.0170
560 1136 -0.0232 -0.0023 15.9770
592 1136 -0.0082 -0.0557 11.4673
624 1136 -0.0073 -0.0150 31.0978
656 1136  0.0619 -0.0067 32.4389
 16 1168  0.0169  0.0188 16.7717
 48 1168  0.0763 -0.0068 15.7543
 80 1168  0.0491 -0.0318 112.8834
112 1168  0.0888 -0.0412 141.4899
144 1168  0.0704 -0.0304 110.4464
176 1168  0.1932 -0.0305 98.7483
208 1168  0.0759 -0.0281 288.8148
240 1168  0.1248 -0.0410 101.3240
272 1168  0.3539 -0.1665 104.7975
304 1168  0.1130 -0.0660 111.9344
336 1168  0.2655 -0.2183 87.1593
368 1168  0.1653 -0.1709 146.2562
400 1168  0.2025 -0.1636 129.0188
432 1168  0.0633 -0.2085 28.1237
464 1168  0.1065 -0.1828 26.8892
496 1168  0.0081 -0.0047 12.8427
528 1168  0.0121 -0.0378 16.3539
560 1168  0.0235 -0.0127 11.1909
592 1168  0.0114 -0.0377 13.8775
624 1168  0.0059 -0.0336 16.1554
656 1168  0.0495 -0.0185 18.9037
 16 1200  0.2779  0.0170 44.6825
 48 1200  0.0874  0.0538 33.1762
 80 1200  0.0336 -0.0750 15.0504
112 1200 -0.0004  0.0109 34.2767
144 1200  0.0925 -0.0325 79.8440
176 1200  0.0994 -0.0490 95.4891
208 1200  0.1022 -0.0491 71.9142
240 1200  0.1660 -0.2088 65.7586
272 1200  0.1262 -0.0740 117.0974
304 1200  0.0294 -0.0252 16.3887
336 1200  0.1768 -0.1394 191.2469
368 1200  0.2665 -0.1323 43.3676
400 1200  0.1491 -0.1567 199.8502
432 1200 -0.0091 -0.1567 23.1664
464 1200  0.2669 -0.0845 30.5184
496 1200  0.0152  0.0263 24.0978
528 1200 -0.0232 -0.0172 15.2298
560 1200  0.0442 -0.0557 15.3055
592 1200 -0.0205  0.0397 14.1388
624 1200  0.0011  0.0441 44.9218
656 1200  0.0314 -0.0085 51.0986
  0   0  0.1004 -0.1813  0.0000
  0   0  0.0378 -0.3157  0.0000
  0   0 -0.0240 -0.2714  0.0000
  0   0 -0.1789 -0.0581  0.0000
  0   0 -0.3262  0.0937  0.0000
