VARIABLES= "X pix", "Y pix", "U pix/dt", "V pix/dt", "CHC", ZONE I=21, J=30
 16 272 -0.1714 -0.1277 34.1781
 48 272 -0.1818 -0.2039 197.6957
 80 272 -0.2091 -0.1351 201.8746
112 272 -0.1104 -0.3559 167.4942
144 272 -0.0681 -0.0674 95.9918
176 272 -0.1654 -0.0786 84.0443
208 272 -0.1247 -0.0657 181.0488
240 272 -0.0336 -0.0103 17.6280
272 272 -0.0257 -0.0121 90.6495
304 272 -0.0184 -0.0372 131.3229
336 272 -0.0288 -0.0189 170.4734
368 272  0.0304 -0.0012 134.5000
400 272 -0.0023  0.0051 300.2096
432 272  0.0044  0.0272 209.9210
464 272  0.0096  0.0548 97.5865
496 272  0.0178  0.0234 230.3427
528 272  0.1992  0.0731 89.7620
560 272 -0.0352  0.0117 40.3002
592 272  0.0272  0.0434 130.0221
624 272  0.0599  0.0480 162.2207
656 272 -0.0079  0.0125 147.1584
 16 304 -0.0972 -0.2415 228.6126
 48 304 -0.1278 -0.1708 139.4004
 80 304 -0.0781 -0.3384 175.4205
112 304 -0.0853 -0.2567 209.7936
144 304 -0.0320 -0.0664 338.9654
176 304 -0.1319 -0.0248 86.2741
208 304 -0.0682 -0.2320 240.8001
240 304 -0.0849 -0.1859 136.3855
272 304 -0.1209  0.0018 150.4059
304 304 -0.0515 -0.0792 238.3933
336 304  0.0026 -0.0222 202.9134
368 304 -0.0068  0.0008 91.0473
400 304 -0.0111 -0.0046 75.8420
432 304 -0.0207  0.0229 343.4966
464 304  0.0195  0.0490 184.3541
496 304  0.0150  0.0320 135.2239
528 304  0.0178  0.0365 132.0705
560 304 -0.0176 -0.0015 160.3806
592 304  0.0044  0.0203 181.6431
624 304  0.0135  0.0786 139.1210
656 304  0.0010  0.0137 62.6962
 16 336 -0.0899 -0.0948 31.9253
 48 336 -0.2011 -0.1617 131.9139
 80 336 -0.3239 -0.2096 106.9022
112 336 -0.1971 -0.1706 188.6299
144 336 -0.2574 -0.3048 206.3347
176 336 -0.1291 -0.0188 180.4512
208 336 -0.1145 -0.2147 38.9465
240 336 -0.1315 -0.1514 165.6612
272 336 -0.0739 -0.2044 97.9403
304 336  0.0715 -0.0869 75.9288
336 336 -0.0786 -0.0459 188.5705
368 336 -0.0300 -0.0250 138.9118
400 336 -0.0347  0.0058 133.1148
432 336  0.0070  0.0194 151.0283
464 336  0.0037  0.0193 123.5034
496 336 -0.0313  0.0419 83.6128
528 336  0.0251  0.0438 96.7762
560 336  0.0202  0.0674 148.3253
592 336  0.0248  0.0179 185.7406
624 336  0.0158  0.0343 143.2813
656 336  0.0145  0.0064 145.4421
 16 368 -0.1290 -0.0558 22.2269
 48 368 -0.1825 -0.2007 252.3986
 80 368 -0.6016 -0.2457 106.0587
112 368 -0.0521 -0.2706 67.4774
144 368 -0.0641 -0.4118 216.2580
176 368 -0.1150 -0.1667 166.2461
208 368 -0.1989 -0.2494 188.3764
240 368 -0.1702 -0.1194 180.1992
272 368 -0.0555 -0.2139 62.7676
304 368 -0.0158 -0.0845 276.7361
336 368 -0.0447 -0.0423 232.6295
368 368 -0.0229 -0.0278 175.7353
400 368 -0.0030 -0.0168 78.8352
432 368 -0.0062  0.0174 200.9029
464 368  0.0056  0.0318 112.7440
496 368  0.0026  0.0408 290.4096
528 368  0.0100  0.0535 111.4250
560 368  0.0145  0.0329 47.5371
592 368  0.0046  0.0089 77.1781
624 368  0.0238  0.0262 210.7533
656 368  0.0483  0.0230 85.1324
 16 400 -0.2748 -0.2375 71.9992
 48 400 -0.1144 -0.4708 278.3578
 80 400 -0.2660 -0.2755 183.1824
112 400 -0.1069 -0.5661 136.3122
144 400 -0.1924 -0.4252 233.6677
176 400 -0.2526 -0.3596 140.0781
208 400 -0.1443 -0.1496 343.0704
240 400 -0.1339 -0.1422 290.6144
272 400 -0.0589 -0.1220 28.0625
304 400 -0.1791 -0.1442 236.8998
336 400 -0.0362 -0.0552 37.0401
368 400 -0.0097 -0.0043 135.8166
400 400 -0.0069 -0.0156 105.6864
432 400 -0.0162  0.0107 128.9199
464 400 -0.0121  0.0228 119.8924
496 400 -0.0187  0.0716 33.3334
528 400 -0.0037  0.0291 125.8480
560 400  0.0157  0.0511 204.8814
592 400  0.0138  0.0206 166.0040
624 400 -0.0037  0.0147 164.0771
656 400  0.0272  0.0034 161.6452
 16 432 -0.2278 -0.1334 43.0919
 48 432 -0.4967 -0.2188 167.1097
 80 432 -0.6791 -0.1789 126.1067
112 432 -0.2928 -0.3899 23.2270
144 432 -0.3025 -0.3248 199.1668
176 432 -0.2295 -0.3919 230.1847
208 432 -0.2625 -0.2593 265.0760
240 432 -0.1996 -0.3030 162.1033
272 432 -0.0874 -0.4427 210.0540
304 432 -0.0392 -0.0849 355.1509
336 432 -0.0555 -0.1013 108.7246
368 432 -0.0767 -0.0384 170.9005
400 432 -0.0903 -0.0254 219.7324
432 432 -0.1010 -0.0634 162.7063
464 432 -0.0235  0.0278 139.8471
496 432 -0.0054  0.0179 142.9336
528 432 -0.0025  0.0276 124.3453
560 432  0.0104  0.0329 111.1422
592 432  0.0199  0.0582 76.9551
624 432 -0.0006  0.0145 230.3239
656 432  0.0336 -0.0347 127.0067
 16 464 -0.0600 -0.1247 67.6146
 48 464 -0.1776 -0.3384 124.7567
 80 464 -0.3214 -0.6290 145.6488
112 464 -0.1537 -0.1627 92.2966
144 464 -0.2933 -0.2798 50.3595
176 464 -0.3118 -0.5036 70.1389
208 464 -0.1229 -0.2124 183.5201
240 464 -0.2132 -0.2892 219.8742
272 464 -0.0422 -0.7082 48.9534
304 464 -0.0378 -0.1205 266.1237
336 464 -0.0762 -0.1717 199.1805
368 464 -0.1234 -0.0683 313.3914
400 464 -0.0451 -0.0136 51.2955
432 464 -0.0084 -0.0333 142.5095
464 464 -0.0367  0.0121 135.1422
496 464  0.0421  0.1419 203.7929
528 464  0.0075  0.0260 153.7385
560 464  0.0009  0.0007 179.2495
592 464  0.0073 -0.0277 99.7519
624 464  0.0124 -0.0078 141.6941
656 464  0.0115 -0.0381 165.1022
 16 496 -0.2419 -0.2441 52.2486
 48 496 -0.4455 -0.2418 44.4566
 80 496 -0.8491 -0.2687 149.8859
112 496 -0.3713 -0.7552 263.7036
144 496 -0.4795 -0.5442 95.9489
176 496 -0.1677 -0.2384 157.3190
208 496 -0.3256 -0.4020 24.7239
240 496 -0.2475 -0.5478 33.8782
272 496 -0.2346 -0.1904 31.8526
304 496 -0.1467 -0.1174 105.7924
336 496 -0.1535 -0.1219 155.9983
368 496 -0.0926 -0.0550 126.8606
400 496 -0.0747 -0.0378 148.4751
432 496 -0.0683 -0.0135 136.8210
464 496 -0.0556  0.0066 174.2768
496 496 -0.0610 -0.0051 139.3149
528 496 -0.0053 -0.0339 93.8369
560 496  0.0130 -0.0154 63.5162
592 496  0.0106 -0.0433 30.3181
624 496  0.0443 -0.0569 96.5931
656 496  0.0514 -0.0617 129.2282
 16 528 -0.1548 -0.2864 26.0486
 48 528 -0.3745 -0.5042 190.5811
 80 528 -0.2831 -0.3547 56.2668
112 528 -0.6676 -0.5116 201.1273
144 528 -0.5066 -0.3957 14.6418
176 528 -0.3889 -0.5226 238.4329
208 528 -0.4918 -0.7775 80.3799
240 528 -0.4374 -0.3147 79.8314
272 528 -0.1716 -0.7374 70.9361
304 528 -0.0927 -0.2160 183.2330
336 528 -0.3551 -0.1125 175.2620
368 528 -0.1210 -0.1179 98.4703
400 528 -0.1476 -0.0971 67.6300
432 528 -0.1013 -0.0031 159.7064
464 528 -0.0633 -0.0304 195.1850
496 528 -0.0313 -0.0250 76.7396
528 528 -0.0763 -0.0120 220.7594
560 528 -0.0102 -0.0430 147.7450
592 528  0.0207 -0.0569 73.4651
624 528  0.0396 -0.0700 246.2980
656 528  0.0747 -0.1058 133.2777
 16 560 -0.1082 -0.0564 17.8085
 48 560 -1.1174 -0.2772 127.4388
 80 560 -1.0658 -0.3520 161.6208
112 560 -0.7546 -0.6531 45.0728
144 560 -0.8091 -1.1993 66.9957
176 560 -0.5919 -0.5927 244.4955
208 560 -0.3248 -0.6467 89.2833
240 560 -0.4162 -0.4247 46.3097
272 560 -0.3541 -0.3298 99.3856
304 560 -0.2076 -0.5559 301.2291
336 560 -0.2709 -0.1656 108.8269
368 560 -0.1941 -0.1835 116.1861
400 560 -0.1411 -0.0170 38.1344
432 560 -0.0766  0.0063 37.2500
464 560 -0.1425 -0.0196 162.1301
496 560 -0.1041 -0.0260 111.3147
528 560 -0.0280 -0.0502 102.8473
560 560  0.0040 -0.1509 166.8754
592 560  0.0128 -0.0907 78.3859
624 560  0.0607 -0.0193 77.4099
656 560  0.0814 -0.2199 71.9073
 16 592 -0.2049 -0.3944 33.3026
 48 592 -0.1081  0.0332 14.7428
 80 592 -0.6304 -0.7140 162.9562
112 592 -0.7976 -1.0595 194.0167
144 592 -0.8003 -0.9045 193.5061
176 592 -0.9199 -1.0004 84.2426
208 592 -0.6440 -0.7451 131.3582
240 592 -0.3160 -0.3410 98.7736
272 592 -0.9065 -0.6864 143.1620
304 592 -0.4016 -0.4748 144.7875
336 592 -0.6653 -0.3322 113.4765
368 592 -0.3657 -0.1706 194.3416
400 592 -0.2280 -0.1154 89.6944
432 592 -0.1865 -0.0218 208.0743
464 592 -0.2926 -0.0800 103.2503
496 592 -0.0668 -0.0399 123.2201
528 592 -0.0709 -0.0456 183.1704
560 592 -0.0594 -0.1837 140.5006
592 592  0.0088 -0.2542 112.0543
624 592  0.1327 -0.1901 59.7133
656 592  0.0744 -0.2567 142.5156
 16 624 -0.1229  0.0133 21.8076
 48 624 -0.2888 -0.3663 122.8674
 80 624 -0.1562 -0.0377 17.6727
112 624 -0.9361 -0.3817 22.5799
144 624 -1.3368 -0.8329 140.6846
176 624 -0.8751 -0.7656 135.6995
208 624  0.0038  0.0000 14.0602
240 624 -0.8345 -0.6910 167.1365
272 624 -0.8858 -0.6771 53.6430
304 624 -0.6750 -0.5339 84.8152
336 624 -0.4223 -0.2908 99.7158
368 624 -0.3013 -0.1368 17.3111
400 624 -0.5083 -0.0689 105.7670
432 624 -0.4511 -0.0630 192.9581
464 624 -0.3218 -0.0275 79.5392
496 624 -0.2460 -0.0543 183.1449
528 624 -0.3433 -0.1752 83.8165
560 624 -0.0849 -0.3503 119.5985
592 624  0.0261 -0.2446 164.8668
624 624  0.0756 -0.3445 140.2890
656 624  0.2306 -0.4623 128.8346
 16 656 -0.0730 -0.1346 91.1701
 48 656 -0.4974 -0.1447 31.3865
 80 656 -0.4068 -0.4279 117.4529
112 656 -0.3245 -0.5043 133.6915
144 656 -0.7671 -0.7506 121.7187
176 656 -0.5043 -0.7731 107.4891
208 656 -0.6433 -0.8661 96.4988
240 656 -0.9036 -0.8743 208.8111
272 656 -0.8536 -0.8042 54.9677
304 656 -0.5407 -0.5674 116.2291
336 656 -0.3906 -0.4317 136.2657
368 656 -0.5068 -0.1922 26.5890
400 656 -0.7026 -0.0310 73.0106
432 656 -0.3100  0.0410 43.9032
464 656 -0.3412 -0.0167 107.0599
496 656 -0.4314 -0.1555 144.4996
528 656 -0.2218 -0.4117 164.8859
560 656 -0.0391 -0.6374 58.1329
592 656 -0.0446 -0.5097 86.6205
624 656 -0.0356 -0.5296 46.4072
656 656  0.0707 -0.3352 187.7027
 16 688 -0.1437  0.0679 27.3921
 48 688 -0.1527 -0.0824 186.8816
 80 688 -0.1198 -0.1619 150.4460
112 688 -0.5606 -0.5418 34.5121
144 688 -0.6105 -0.6373 150.4251
176 688 -0.1918 -0.8964 153.6846
208 688 -0.8497 -0.8726 177.0881
240 688 -0.9282 -0.7658 94.6308
272 688 -1.2702 -0.5919 58.9832
304 688 -1.3463 -0.6072 180.2494
336 688 -0.6331 -0.3978 155.7039
368 688 -0.3416 -0.1833 80.2041
400 688 -0.1762 -0.0263 163.8636
432 688 -0.0839 -0.0018 31.2520
464 688 -0.1023 -0.1269 245.3902
496 688 -0.0466 -0.1494 47.9526
528 688 -0.0382 -0.4161 58.5991
560 688 -0.0498 -1.2294 231.9052
592 688 -0.0270 -0.8041 73.0157
624 688 -0.0918 -0.1378 99.7894
656 688 -0.0525 -0.2090 14.3255
 16 720 -0.0262 -0.0043 23.8622
 48 720 -0.0347 -0.0734 307.3671
 80 720 -0.1110 -0.2645 316.3031
112 720 -0.1555 -0.1846 190.2858
144 720 -0.2667 -0.3967 176.7796
176 720 -1.2119 -0.5203 79.5221
208 720 -0.8632 -0.8792 84.6214
240 720 -0.1529 -0.0580 15.7949
272 720 -0.5255 -0.6697 49.8239
304 720 -0.9722 -0.4406 119.4623
336 720 -0.3799 -0.3263 41.5507
368 720 -0.0759 -0.0297 112.3523
400 720 -0.0170  0.0608 56.3950
432 720  0.3275  0.0280 126.5580
464 720  0.2043 -0.0543 182.5055
496 720  0.4941 -0.2437 62.8445
528 720  0.6497 -1.0339 62.4101
560 720  0.0317 -0.0022 19.3589
592 720  0.1172  0.0393 22.4620
624 720 -0.0189 -0.3073 119.8072
656 720 -0.1173 -0.4103 123.2422
 16 752  0.0282 -0.0479 29.9690
 48 752 -0.0302 -0.1669 86.4118
 80 752 -0.0351 -0.0620 230.7661
112 752 -0.0510 -0.0118 158.0715
144 752 -0.0867 -0.1062 150.0170
176 752 -0.1884 -0.0538 285.3997
208 752 -0.5255 -0.7485 74.4143
240 752 -0.6715 -0.6895 251.7437
272 752 -0.5044 -0.1182 22.7646
304 752 -0.3347 -0.4181 95.7324
336 752 -0.0560 -0.1839 112.1442
368 752 -0.0356 -0.1540 46.0100
400 752  0.4618 -0.0164 110.8762
432 752  0.9691  0.0956 138.4718
464 752  0.8250 -0.0586 91.8618
496 752  1.1360 -0.9251 86.7595
528 752  0.9843 -1.0089 27.7267
560 752  0.2334  0.1174  8.9308
592 752  0.1343  0.1148 10.6762
624 752 -0.0314 -0.0125  9.3745
656 752 -0.0292 -0.0136 21.3122
 16 784  0.0369 -0.1642 44.5712
 48 784  0.0001 -0.0114 194.8871
 80 784  0.0454 -0.0679 348.2682
112 784 -0.0276 -0.1520 219.7142
144 784 -0.0653 -0.1931 271.4393
176 784 -0.1140 -0.1841 105.5503
208 784 -0.1289 -0.2943 126.4706
240 784 -0.2089 -0.4977 189.6065
272 784 -0.0663 -0.3873 19.2083
304 784 -0.1113 -0.3010 27.7638
336 784  0.0348 -0.2680 207.9996
368 784  0.2426 -0.0570 194.3407
400 784  0.6753  0.0111 58.8260
432 784  1.1107  0.1003 40.9128
464 784  1.4694 -0.0632 98.3726
496 784  1.8448 -0.4887 45.4738
528 784  0.0779 -0.0631 16.5705
560 784  0.1518  0.0682  7.9724
592 784  0.0908  0.0970 15.2042
624 784 -0.0388  0.0321 18.2051
656 784 -0.0100  0.0462  7.7560
 16 816  0.0532  0.0022 45.1807
 48 816  0.0091 -0.0057 16.2013
 80 816  0.0527 -0.1325 245.8505
112 816  0.1006 -0.2015 54.8241
144 816  0.1586 -0.1780 86.0582
176 816  0.0327 -0.3131 280.8936
208 816  0.0025 -0.3202 36.2950
240 816 -0.0141 -0.4955 90.5392
272 816 -0.0138 -0.5707 198.1317
304 816  0.0112 -0.0805 12.6617
336 816  0.3794 -0.3030 65.9539
368 816  0.6155 -0.0552 99.1313
400 816  1.0483  0.0671 158.3702
432 816  1.2723  0.0688 145.4025
464 816  1.7368 -0.0539 79.7374
496 816  0.6456 -0.2184 12.6334
528 816  0.0205 -0.0136  7.1821
560 816  0.0733  0.0573  6.7078
592 816  0.0550 -0.0267 13.7513
624 816  0.0043 -0.0600 11.2751
656 816 -0.0048 -0.0005 12.0282
 16 848  0.0449 -0.0089 26.1796
 48 848  0.2126 -0.0531 66.1049
 80 848  0.0230 -0.0288 23.8854
112 848  0.0647 -0.0427 263.5682
144 848  0.0864 -0.2443 256.2405
176 848  0.1075 -0.1691 270.4288
208 848  0.0805 -0.7201 116.5339
240 848  0.1665 -0.5103 33.3390
272 848  0.1063 -0.3069 33.5282
304 848  0.0169 -0.0850 174.2265
336 848 -0.0370 -0.0230 34.7746
368 848 -0.0832 -0.0915 84.1679
400 848  1.8203  0.1265 122.4934
432 848  1.3019  0.0609 75.6569
464 848  0.9499 -0.2096 27.4964
496 848  0.0104 -0.0034 18.2944
528 848  0.0817  0.0704  5.7964
560 848  0.0176  0.0149 25.6064
592 848  0.0128  0.0002 18.5860
624 848  0.0612  0.0120 26.8507
656 848 -0.0018  0.0291 23.7758
 16 880  0.1958 -0.0721 70.2687
 48 880  0.0342 -0.0453 24.5966
 80 880  0.1863 -0.1108 147.6058
112 880  0.0952 -0.1475 242.7063
144 880  0.1871 -0.2358 213.9964
176 880  0.2481 -0.1404 158.0634
208 880  0.3380 -0.3554 121.6933
240 880  0.1556 -0.9323 104.2742
272 880  0.2207 -0.0967 13.7280
304 880  0.5169 -0.4472 54.5924
336 880  0.5644 -0.4002 130.7817
368 880  1.1299 -0.0916 126.0398
400 880  1.0537 -0.1154 141.7788
432 880  0.0527 -0.0079 18.8543
464 880  0.7061 -0.0285 29.6365
496 880 -0.0182 -0.0148  5.7522
528 880  0.0211  0.0086  8.0291
560 880 -0.0032 -0.1443 14.1556
592 880  0.0324 -0.0442 19.2327
624 880  0.1189 -0.0807 15.1935
656 880  0.0989 -0.1000 17.5616
 16 912  0.0735 -0.0703 147.2610
 48 912  0.0352  0.0056 17.1905
 80 912  0.1782 -0.0224 190.8226
112 912  0.0437 -0.1294 114.6669
144 912  0.1937 -0.1156 183.7424
176 912  0.2315 -0.1398 212.9218
208 912  0.0489 -0.0676 20.1573
240 912  0.4324 -0.2630 95.3082
272 912  0.7119 -0.7391 154.7131
304 912  0.5772 -0.7404 67.7537
336 912  0.4548 -0.2920 22.8329
368 912  0.8343 -0.1895 33.6093
400 912  0.8055  0.0903 28.7166
432 912  0.0183  0.0264 17.4430
464 912  0.0138 -0.0134  9.1139
496 912  0.1335 -0.2318  4.0675
528 912  0.0044 -0.0028  4.7786
560 912 -0.1099 -0.0987  4.3445
592 912  0.1254 -0.3181  4.6644
624 912  0.1480 -0.0896  8.3018
656 912  0.2914 -0.3445  5.7151
 16 944  0.1062 -0.0050 31.1527
 48 944  0.0754 -0.0949 46.1362
 80 944  0.1064 -0.1732 126.2865
112 944  0.0710 -0.0680 168.5338
144 944  0.3277 -0.0819 141.3502
176 944  0.2824 -0.1884 288.1931
208 944  0.1265 -0.2887 234.8542
240 944  0.1303 -0.7721 113.2453
272 944  0.0713 -0.1519 13.6599
304 944  0.1707 -0.4766 85.6409
336 944  0.3793 -0.3172 44.0302
368 944  0.2504 -0.1407 103.7622
400 944 -0.0054 -0.0008 14.5858
432 944 -0.0001  0.0135 14.0744
464 944  0.0099  0.0173  5.5419
496 944 -0.0258  0.0006  7.4776
624 944  0.0871  0.0028  4.4699
 16 976  0.0579 -0.0789 28.8534
 48 976  0.0378 -0.0280 19.7784
 80 976  0.1706  0.0177 116.3697
112 976  0.0234  0.0098 12.1122
144 976  0.1461 -0.1286 258.1353
176 976  0.4028 -0.1509 59.0228
208 976  0.1505 -0.3194 111.8611
240 976  0.1629 -0.6432 76.4735
272 976  0.1320 -0.2713 98.2588
304 976  0.1338 -0.3915 80.6451
336 976  0.1370 -0.2255 86.1728
368 976 -0.0148 -0.0085 24.2317
400 976 -0.0020  0.0067 11.7218
432 976  0.0333  0.0095  7.6377
464 976  0.0247  0.0203 21.8494
496 976 -0.1000 -0.0722 10.9998
528 976 -0.0623  0.0477  4.2600
 16 1008  0.0366 -0.0127 26.3739
 48 1008  0.0933 -0.0377 295.3867
 80 1008  0.1938 -0.0847 30.6071
112 1008  0.0628 -0.1005 164.9651
144 1008  0.1010 -0.1899 254.9849
176 1008  0.1690 -0.2688 182.5913
208 1008  0.0901 -0.2178 46.5768
240 1008  0.0951 -0.3332 116.8926
272 1008  0.0399 -0.3086 45.7326
304 1008  0.1147 -0.3348 92.3196
336 1008  0.0055 -0.0553 22.1560
368 1008 -0.0136 -0.0080 11.0028
400 1008 -0.0322 -0.0067  9.3836
432 1008  0.0091  0.0166 17.7081
464 1008 -0.0404  0.0002 111.6698
496 1008 -0.0115  0.0220 22.5930
528 1008 -0.0066  0.0671  8.7103
560 1008  0.0150  0.0298  5.3559
 16 1040  0.0752 -0.0260 37.2450
 48 1040  0.1562 -0.0115 199.7566
 80 1040  0.1479 -0.0569 191.7104
112 1040  0.1256 -0.0694 128.5626
144 1040  0.2838 -0.1128 82.4760
176 1040  0.2000 -0.0880 43.7288
208 1040  0.1329 -0.0895 76.6242
240 1040  0.1033 -0.0128 31.0909
272 1040  0.0613 -0.3406 141.0795
304 1040 -0.0159 -0.1634 203.5074
336 1040 -0.0528 -0.0789 45.6320
368 1040  0.0235 -0.0032 12.7115
400 1040 -0.0207 -0.0011 43.1245
432 1040 -0.0600 -0.0423 31.7349
464 1040 -0.0316 -0.0086 96.8255
496 1040 -0.1886  0.1806 11.7129
528 1040  0.0059 -0.0180  8.2201
560 1040  0.0038  0.0083 10.5481
592 1040 -0.1007  0.0141  5.6461
 16 1072  0.0726 -0.0396 44.4550
 48 1072  0.1899 -0.0472 81.1316
 80 1072  0.0524 -0.1090 54.8222
112 1072  0.0765 -0.0146 34.6568
144 1072  0.0691 -0.0874 78.7966
176 1072  0.0962 -0.4037 158.8549
208 1072 -0.0004 -0.0345 42.8213
240 1072  0.0404 -0.1517 163.2079
272 1072  0.0098 -0.1117 26.5019
304 1072 -0.0022 -0.1608 181.5706
336 1072 -0.0736 -0.0458 146.2818
368 1072 -0.0340 -0.0451 81.0934
400 1072 -0.0290 -0.0296 126.2841
432 1072 -0.0042 -0.0088 237.9038
464 1072  0.0193 -0.0104 28.2467
496 1072 -0.1236  0.0877 17.7061
528 1072  0.0082  0.2860 11.1429
560 1072 -0.0085  0.0548  8.7182
592 1072  0.0037  0.0439  9.8391
624 1072 -0.0298  0.0275  5.4882
656 1072  0.0369  0.0338  5.2561
 16 1104  0.1017 -0.0921 40.6653
 48 1104  0.0206 -0.0240 52.5530
 80 1104  0.0399 -0.0134 161.6819
112 1104  0.1048 -0.0405 94.6167
144 1104  0.0377 -0.0845 104.5671
176 1104  0.0814 -0.1263 212.5290
208 1104  0.1092 -0.1422 48.2642
240 1104  0.1780 -0.1220 127.8426
272 1104  0.0397 -0.1231 48.0066
304 1104  0.0259 -0.1421 161.5248
336 1104  0.0011 -0.1354 241.2594
368 1104 -0.0043 -0.0755 128.1008
400 1104 -0.0002 -0.0379 161.4005
432 1104 -0.0064 -0.0422 34.7625
464 1104  0.0202 -0.0224 18.0431
496 1104 -0.0080 -0.0257 15.5210
528 1104 -0.0464  0.0338 19.7626
560 1104  0.0268  0.0592 12.8996
592 1104  0.0082  0.0925 11.9309
624 1104  0.0245  0.0398 12.2044
656 1104  0.0493  0.0036 11.4263
 16 1136  0.0323 -0.0133 45.9437
 48 1136  0.0041  0.0225 48.2167
 80 1136  0.0535 -0.0725 193.0217
112 1136  0.0647 -0.0172 65.0506
144 1136  0.0270 -0.0123 206.1824
176 1136  0.0560 -0.0414 115.3856
208 1136  0.0528 -0.0595 212.7257
240 1136  0.0146 -0.0891 298.1169
272 1136  0.0017 -0.1102 72.4294
304 1136  0.0007 -0.0724 204.7618
336 1136  0.0133 -0.0923 113.3079
368 1136  0.0420 -0.0748 193.8376
400 1136  0.0167 -0.0824 104.8234
432 1136  0.0109 -0.0220 90.2661
464 1136  0.0021 -0.0651 34.2753
496 1136  0.0031 -0.0124 20.7473
528 1136 -0.0078  0.0574 18.8678
560 1136 -0.0744  0.1623  9.2637
592 1136  0.1391  0.0209 15.3446
624 1136  0.0103  0.0242 14.9057
656 1136  0.0273  0.0082 18.3755
 16 1168  0.0681 -0.0066 19.1520
 48 1168  0.0006 -0.0026 19.7825
 80 1168  0.0531 -0.1174 49.8716
112 1168  0.0439 -0.0786 69.5861
144 1168  0.0320 -0.1139 82.6818
176 1168  0.0201 -0.0527 251.7186
208 1168  0.0856 -0.0539 310.3512
240 1168  0.0348 -0.3550 106.0039
272 1168  0.0956 -0.1573 42.6334
304 1168  0.0056 -0.1160 93.4735
336 1168  0.0452 -0.0774 228.4143
368 1168  0.0206 -0.0731 179.6122
400 1168  0.0188 -0.1038 207.2302
432 1168  0.0098 -0.0812 27.1145
464 1168  0.0264 -0.0614 186.9612
496 1168  0.0267 -0.0060 11.1838
528 1168  0.0037 -0.0313 17.8525
560 1168 -0.0970  0.0765 26.0112
592 1168 -0.1163  0.0396 13.9596
624 1168  0.0180  0.0480 12.3162
656 1168  0.0218  0.0089 11.8606
 16 1200  0.0889 -0.0426 25.4620
 48 1200  0.0251 -0.0042 29.5809
 80 1200  0.0826  0.0084 19.5740
112 1200 -0.0041 -0.0089 23.1562
144 1200  0.1139 -0.0600 73.7167
176 1200  0.0644 -0.0748 214.5513
208 1200  0.1171 -0.0293 57.5845
240 1200  0.0627 -0.2062 153.2656
272 1200  0.0269 -0.1217 70.1888
304 1200  0.0128 -0.0684 283.4371
336 1200  0.0235 -0.0886 288.3875
368 1200  0.0362 -0.1059 147.8533
400 1200  0.0449 -0.0884 203.7254
432 1200  0.0133 -0.0334 149.2961
464 1200 -0.0301  0.0133 34.8436
496 1200 -0.0081 -0.0024 18.4927
528 1200 -0.0044 -0.0155 24.1019
560 1200  0.0250  0.0067 10.6102
592 1200  0.0356  0.0353 19.1241
624 1200  0.0206  0.0543 47.6195
656 1200  0.0437  0.1627 39.5902
  0   0  0.0225  0.0175  0.0000
  0   0  0.0081 -0.0746  0.0000
  0   0  0.0091 -0.0684  0.0000
  0   0 -0.0069  0.0087  0.0000
  0   0 -0.0681  0.0805  0.0000
  0   0 -0.1720  0.1905  0.0000
  0   0 -0.1777  0.1952  0.0000
  0   0 -0.0493  0.1681  0.0000
  0   0  0.0399  0.0943  0.0000
  0   0  0.1190  0.0260  0.0000
  0   0  0.1159  0.0264  0.0000
  0   0  0.1312  0.0399  0.0000
  0   0  0.0676  0.0240  0.0000
