VARIABLES= "X pix", "Y pix", "U pix/dt", "V pix/dt", "CHC", ZONE I=21, J=30
 16 272 -0.1650 -0.1667 65.2453
 48 272 -0.0882 -0.1188 186.8676
 80 272 -0.0158 -0.3714 237.8228
112 272 -0.0320  0.0441 160.9471
144 272 -0.0249 -0.1370 22.9858
176 272 -0.0321 -0.1533 147.9945
208 272 -0.0337 -0.1213 180.3789
240 272  0.0178 -0.0601 58.6851
272 272  0.0264 -0.0490 319.7707
304 272  0.0520 -0.0281 170.9445
336 272  0.0129 -0.0222 85.0117
368 272  0.0633  0.0013 96.4171
400 272  0.0648  0.0280 190.6213
432 272  0.1794  0.0402 221.0139
464 272  0.1168  0.1264 179.5722
496 272  0.0711  0.0395 125.5289
528 272  0.0990  0.0682 185.7849
560 272  0.1161  0.1360 143.7405
592 272  0.0511  0.0322 50.7490
624 272  0.1255 -0.0061 133.1851
656 272  0.0427  0.0514 140.4768
 16 304 -0.0510 -0.0457 18.4479
 48 304 -0.1870 -0.1368 52.8244
 80 304 -0.0573 -0.4219 267.7527
112 304 -0.0672 -0.1855 191.9347
144 304 -0.0764 -0.4052 205.7553
176 304 -0.0181 -0.1039 263.1966
208 304 -0.0655 -0.1138 299.6401
240 304  0.0071 -0.0524 188.8230
272 304 -0.0067 -0.0940 223.4609
304 304  0.0164 -0.0744 298.2221
336 304  0.0579 -0.0084 267.7414
368 304  0.0088 -0.0350 66.2218
400 304  0.0860 -0.0017 70.6950
432 304  0.0395 -0.0142 251.7349
464 304  0.0553  0.0351 159.1499
496 304  0.1089  0.0149 85.0190
528 304  0.1463  0.0282 138.8814
560 304  0.0503  0.0409 127.5134
592 304  0.1015  0.0289 86.8458
624 304  0.0761 -0.0011 159.3892
656 304  0.0846  0.0094 71.1627
 16 336 -0.2662 -0.4775 78.9934
 48 336 -0.4099 -0.2420 168.9987
 80 336 -0.1575 -0.2559 178.6796
112 336 -0.1650 -0.2564 359.9128
144 336 -0.1592 -0.1467 288.3219
176 336 -0.0840 -0.1886 214.5361
208 336 -0.0155 -0.2428 148.6906
240 336 -0.0118 -0.0768 54.3419
272 336 -0.0169 -0.1998 314.7191
304 336  0.0259 -0.0621 110.2796
336 336  0.0415 -0.0350 92.9065
368 336  0.0170 -0.0322 190.7447
400 336  0.1005 -0.0174 166.9962
432 336  0.0829  0.0454 163.1321
464 336  0.0602  0.0290 160.3335
496 336  0.0926  0.0481 48.5846
528 336  0.1049  0.0225 168.8331
560 336  0.0555  0.0150 177.9874
592 336  0.0994  0.0081 129.9650
624 336  0.0941  0.0229 101.6545
656 336  0.0912  0.0202 179.0208
 16 368 -0.0834 -0.2743 205.3219
 48 368 -0.3172 -0.3602 247.7648
 80 368 -0.0620 -0.2703 175.6880
112 368 -0.0887 -0.2968 192.4079
144 368 -0.0356 -0.1937 169.5292
176 368 -0.0939 -0.1633 345.4293
208 368 -0.0774 -0.1620 231.8823
240 368 -0.0299 -0.1609 53.1806
272 368 -0.0339 -0.1918 124.0711
304 368 -0.0146 -0.1021 108.6531
336 368  0.0062 -0.0478 294.5784
368 368  0.0166 -0.0599 255.9291
400 368  0.0669 -0.0183 162.0230
432 368  0.1101  0.0113 51.0907
464 368  0.0588 -0.0096 153.1644
496 368  0.0964  0.0589 172.6588
528 368  0.1307  0.0376 170.8342
560 368  0.0910  0.0324 68.4377
592 368  0.0860  0.0386 65.7225
624 368  0.0942  0.0177 190.8207
656 368  0.1026  0.0452 151.8003
 16 400 -0.1465 -0.2103 34.6492
 48 400 -0.2268 -0.1828 48.7053
 80 400 -0.2104 -0.3145 140.7321
112 400 -0.4909 -0.3089 97.8253
144 400 -0.1595 -0.5206 211.0412
176 400 -0.1613 -0.2962 259.9670
208 400 -0.0907 -0.2294 187.4758
240 400 -0.0591 -0.1154 169.1251
272 400 -0.0650 -0.0982 234.7461
304 400 -0.0052 -0.1566 119.6439
336 400 -0.0090 -0.2022 72.4961
368 400  0.0262 -0.0461 221.5556
400 400  0.0955 -0.0245 117.0097
432 400  0.2031 -0.0337 73.1354
464 400  0.0904  0.0042 282.0326
496 400  0.0785  0.0373 124.6924
528 400  0.1355  0.0091 144.1495
560 400  0.1459  0.0385 78.2737
592 400  0.1046  0.0509 45.4944
624 400  0.1481  0.0291 106.8605
656 400  0.0729 -0.0160 154.0571
 16 432 -0.0865 -0.1663 215.3408
 48 432 -0.1329 -0.1142 14.4533
 80 432 -0.3411 -0.2485 85.9157
112 432 -0.1546 -0.5637 218.4372
144 432 -0.2899 -0.4704 170.4046
176 432 -0.0932 -0.3565 78.2144
208 432  0.0317 -0.1025 13.3177
240 432 -0.0559 -0.2338 368.1874
272 432 -0.0276 -0.1270 23.7067
304 432 -0.0414 -0.1568 154.8525
336 432  0.0205 -0.1245 131.5076
368 432  0.0443 -0.0895 245.7410
400 432  0.0206 -0.0283 151.8723
432 432  0.0810 -0.0350 146.4782
464 432  0.0616  0.0036 156.8085
496 432  0.1247 -0.0487 312.8561
528 432  0.1880  0.0226 200.5782
560 432  0.1278  0.0062 80.5868
592 432  0.1176  0.0284 76.6608
624 432  0.0673  0.0015 59.4077
656 432  0.1177 -0.0101 110.2112
 16 464 -0.3724 -0.1284 97.7821
 48 464 -0.1296 -0.2767 96.4947
 80 464 -0.3219 -0.4397 103.3549
112 464 -0.2735 -0.1815 292.2007
144 464 -0.2202 -0.4446 284.1325
176 464 -0.2256 -0.3743 26.8093
208 464 -0.2662 -0.2986 160.8878
240 464 -0.0914 -0.4154 292.9588
272 464 -0.1005 -0.3325 242.0502
304 464  0.0020 -0.2072 370.4554
336 464 -0.0284 -0.3595 110.3700
368 464  0.0243 -0.0798 177.3580
400 464  0.0673 -0.0305 95.3778
432 464  0.1001 -0.0236 62.2530
464 464  0.1084 -0.0233 144.5984
496 464  0.0840  0.0081 197.0737
528 464  0.1129  0.0047 140.6021
560 464  0.0721  0.0122 48.5783
592 464  0.1407  0.0595 244.0994
624 464  0.0930  0.0249 103.0268
656 464  0.1589 -0.0113 170.4548
 16 496 -0.1736 -0.1897 18.6027
 48 496 -0.2464 -0.5959 121.3658
 80 496 -0.2461 -0.5409 50.9697
112 496 -0.1001 -0.6400 153.8355
144 496 -0.3741 -0.4709 130.9257
176 496 -0.1563 -0.5768 92.1686
208 496 -0.2184 -0.5080 68.3921
240 496 -0.1482 -0.2633 122.9122
272 496 -0.1121 -0.5173 96.6291
304 496 -0.0267 -0.4463 274.1921
336 496  0.0025 -0.1668 181.6201
368 496  0.0142 -0.1624 187.6571
400 496  0.0913 -0.0696 138.8082
432 496  0.0533 -0.0291 31.6880
464 496  0.0647 -0.0078 238.2592
496 496  0.1363 -0.0099 130.1946
528 496  0.1015  0.0066 100.8308
560 496  0.1324 -0.0154 212.0901
592 496  0.0507 -0.0048 37.7878
624 496  0.1875 -0.0029 127.3307
656 496  0.1910 -0.0647 91.0708
 16 528 -0.1782 -0.4277 44.2127
 48 528 -0.1800 -0.5087 162.0847
 80 528 -0.3984 -0.4216 190.5578
112 528 -1.2708 -0.7610 261.8518
144 528 -0.1862 -0.3773 96.3254
176 528 -0.2472 -0.6866 173.3552
208 528 -0.4902 -0.7592 111.6380
240 528 -0.0797 -0.4945 77.0593
272 528 -0.1234 -0.4753 176.8857
304 528 -0.0503 -0.3314 159.0310
336 528 -0.0225 -0.2330 215.0703
368 528  0.0423 -0.1637 149.1895
400 528  0.0528 -0.1192 33.4407
432 528  0.0215 -0.0585 29.5803
464 528  0.1286 -0.0393 125.2692
496 528  0.1415  0.0002 164.6878
528 528  0.1436 -0.0128 111.1912
560 528  0.1095  0.0088 86.4885
592 528  0.2720  0.0399 44.3640
624 528  0.0824 -0.0262 287.0709
656 528  0.1164 -0.0208 99.7756
 16 560 -0.2121 -0.1682 23.0504
 48 560 -0.5200 -0.1851 14.3022
 80 560 -0.3157 -0.8186 159.3512
112 560 -0.6763 -0.6066 135.1704
144 560 -0.6487 -0.8161 106.2939
176 560 -0.5647 -0.8838 336.4948
208 560 -0.2974 -0.8171 56.9233
240 560 -0.1482 -1.2029 187.1095
272 560 -0.1642 -0.8588 125.1238
304 560 -0.0110 -0.1413 67.8607
336 560 -0.1000 -0.3237 159.3480
368 560  0.0060 -0.4364 42.0051
400 560  0.0075 -0.2534 183.3283
432 560  0.0537 -0.0568 155.1528
464 560  0.0268 -0.0557 83.0220
496 560  0.0759 -0.0261 167.2049
528 560  0.1032  0.0184 133.8220
560 560  0.1462 -0.0078 77.8361
592 560  0.1229 -0.0106 46.4862
624 560  0.0920 -0.0500 36.3593
656 560  0.1483 -0.0530 150.8815
 16 592 -0.0764 -0.1199 17.0860
 48 592 -0.1660 -0.4258 52.0484
 80 592 -0.2165 -0.3789 28.7612
112 592 -0.6702 -0.9272 156.6279
144 592 -0.7651 -1.4505 59.2193
176 592 -0.7664 -0.8141 75.0320
208 592 -0.6963 -1.0405 179.9146
240 592 -0.6732 -1.1712 81.6311
272 592 -0.1731 -0.6835 24.1415
304 592 -0.2540 -0.5297 94.9934
336 592 -0.3914 -0.5121 139.2100
368 592 -0.0403 -0.3839 228.5432
400 592 -0.2555 -0.2461 133.1304
432 592 -0.0762 -0.0824 184.1599
464 592 -0.0792 -0.0694 89.6354
496 592  0.0431 -0.0445 131.4593
528 592  0.0521 -0.0500 112.9240
560 592  0.0748 -0.0509 39.0399
592 592  0.0903 -0.0362 39.7512
624 592  0.2155 -0.0895 91.8765
656 592  0.1664 -0.0853 127.4812
 16 624 -0.1056 -0.1417 186.3978
 48 624 -0.1567 -0.1654 27.9696
 80 624 -0.3282 -0.5969 115.6047
112 624 -0.2570 -0.1843 64.0224
144 624 -0.8844 -0.6549 70.5326
176 624 -1.0191 -1.3857 146.4730
208 624 -1.0335 -1.2158 193.1715
240 624 -0.8584 -1.0420 80.2474
272 624 -1.4296 -1.0387 98.1302
304 624 -1.0867 -0.8125 138.7067
336 624 -0.9585 -0.7146 116.3370
368 624 -0.8551 -0.6662 232.4868
400 624 -0.4268 -0.1293 82.3997
432 624 -0.2064 -0.1569 101.8055
464 624 -0.4829 -0.1889 125.3027
496 624 -0.0713 -0.0724 20.0568
528 624  0.0212 -0.1419 98.6806
560 624  0.0587 -0.0712 160.8223
592 624  0.1324 -0.0618 41.6520
624 624  0.1399 -0.1848 148.0737
656 624  0.2244 -0.0638 236.7794
 16 656 -0.0519 -0.1915 25.0759
 48 656 -0.1959 -0.3632 144.2503
 80 656 -0.2053 -0.2944 369.1433
112 656 -0.7047 -0.3235 180.4858
144 656 -0.8188 -0.8358 43.8145
176 656 -1.0812 -0.8587 200.6161
208 656 -1.3463 -1.1444 140.1354
240 656 -1.1470 -0.9698 79.9346
272 656 -1.3607 -0.6617 32.8835
304 656 -1.4119 -0.5203 21.9048
336 656 -1.1785 -0.7842 85.0480
368 656 -1.2856 -0.4364 153.9000
400 656 -0.9875 -0.2873 49.4128
432 656 -0.8544 -0.1621 193.4691
464 656 -0.9963 -0.2670 26.3864
496 656 -0.3392 -0.1690 61.7192
528 656 -0.0435 -0.1391 24.8578
560 656  0.0012 -0.1495 139.9873
592 656  0.0538 -0.1205 27.3001
624 656  0.1465 -0.2295 95.2014
656 656  0.2625 -0.1197 35.0041
 16 688 -0.1754 -0.0530 25.2839
 48 688 -0.0989 -0.0262 144.6507
 80 688 -0.1138 -0.1288 225.3416
112 688 -0.9408 -0.2545 60.2181
144 688 -1.2467 -1.0460 18.8637
176 688 -1.2443 -0.9250 96.7326
208 688 -1.2285 -1.1030 69.1406
240 688 -1.3959 -1.0845 243.8171
272 688 -0.7181 -0.5432 40.2991
304 688 -1.0238 -0.4058 65.4840
336 688 -1.7533 -0.6320 150.7365
368 688 -1.4403 -0.2164 47.3159
400 688 -1.7494 -0.0137 200.4800
432 688 -1.6101 -0.1607 33.3386
464 688 -1.8140 -0.9118 69.2154
496 688 -0.6307 -0.4234 31.8339
528 688 -0.7037 -0.5410 97.3203
560 688 -0.2216 -0.5476 145.7256
592 688  0.0436 -0.2792 25.0784
624 688  0.0517 -0.1884 59.1497
656 688  0.0715 -0.4061 103.3770
 16 720 -0.0468 -0.0566 59.4591
 48 720 -0.0621 -0.0918 160.0230
 80 720 -0.1090 -0.0677 229.5134
112 720 -0.0810 -0.0370 14.0863
144 720 -0.2212 -0.2109 36.8056
176 720 -0.0287 -0.0645 11.4770
208 720 -1.2814 -0.9333 286.3989
240 720 -1.1155 -0.8424 289.9091
272 720 -1.0932 -0.8291 139.9568
304 720 -1.1065 -0.3867 85.5632
336 720 -1.0052 -0.1084 25.3797
368 720 -1.1194  0.0445 20.7263
400 720 -1.3609  0.6861 32.9297
432 720 -1.1734 -0.3119 16.5773
464 720 -0.9586 -0.6989 13.0057
496 720 -0.6674 -0.8877 19.1578
528 720 -0.4900 -0.6567 42.9392
560 720 -0.1173 -0.3858 48.1935
592 720 -0.0250 -0.1048 30.7620
624 720 -0.4992  0.0776 26.2044
656 720 -0.0022 -0.3500 33.1440
 16 752 -0.0188 -0.0053 28.4571
 48 752 -0.0042 -0.0373 96.9581
 80 752 -0.0068 -0.0415 222.5369
112 752 -0.0599 -0.0253 233.8809
144 752 -0.1791 -0.0764 163.7036
176 752 -0.3677 -0.3282 43.7604
208 752 -1.1578 -1.2164 92.3829
240 752 -1.0748 -1.1205 103.0775
272 752 -0.9963 -0.8675 291.6899
304 752 -0.7235 -0.1657 38.3989
336 752 -0.0420  0.0892 203.8476
368 752 -0.3140  0.9797 90.8605
400 752 -0.0741  1.5718 90.7093
432 752  0.0075  0.1949 17.9605
464 752  0.2614 -1.7130 11.1334
496 752  1.9099 -1.7551  6.7524
528 752  0.3917 -0.3377 25.9656
560 752 -0.0274 -0.2100 10.1822
592 752 -0.0396 -0.3226 29.6279
624 752 -0.5098  0.0044  9.6854
656 752 -0.0997  0.0327 13.0980
 16 784  0.0343  0.0090 25.1785
 48 784  0.0203 -0.0685 65.0654
 80 784  0.0881 -0.0267 145.3481
112 784  0.0250 -0.0228 356.4778
144 784 -0.0089 -0.0654 79.2018
176 784 -0.2623 -0.2614 105.4193
208 784 -0.4580 -0.1990 86.5741
240 784 -0.2634 -0.7154 115.8232
272 784 -0.3834 -0.3808 84.1648
304 784 -0.3189 -0.1610 64.0022
336 784 -0.0893  0.3170 187.4996
368 784  1.0308  1.0070 89.4598
400 784  2.0772  1.4379 67.4514
432 784  0.0256 -0.0808 21.8174
464 784  0.3439 -0.1412 13.0473
496 784  0.3882 -0.9339  8.0048
528 784  0.4033 -0.1062  6.8245
560 784 -0.0479 -0.2899 53.3472
592 784  0.0239 -0.2022 23.4113
624 784 -0.0290  0.0243 23.4858
656 784 -0.1075  0.1184  8.9464
 16 816  0.0231 -0.0348 27.4309
 48 816  0.4110  0.0037 24.2215
 80 816  0.1224 -0.0046 222.2834
112 816  0.0350 -0.0540 306.9355
144 816  0.0320 -0.0271 100.2448
176 816  0.0727 -0.4125 70.9215
208 816 -0.0324 -0.4139 110.7536
240 816  0.0072 -0.7828 227.6770
272 816  0.0351 -0.5585 45.3281
304 816  0.2442 -0.1502 29.6535
336 816  0.9918  0.5992 172.3010
368 816  1.8475  1.2898 140.2777
400 816  0.1131  0.0126  9.3010
432 816  0.0566  0.1225 13.1119
464 816  0.4797 -0.1683 11.6719
496 816  0.3216 -0.3184 13.8833
528 816  0.3629  0.0353  6.1472
560 816  0.0283 -0.1309 68.9077
592 816 -0.0185 -0.1029 38.8694
624 816 -0.0348  0.0038 14.8105
656 816 -0.0439  0.0070 15.7290
 16 848  0.0272 -0.0065 13.2595
 48 848  0.0871 -0.0175 56.7476
 80 848  0.0846 -0.0315 71.7663
112 848  0.1617 -0.0565 391.4520
144 848  0.6786 -0.0131 169.8901
176 848  0.1293 -0.1993 134.6551
208 848  0.1042 -0.2089 301.9771
240 848  0.1248 -0.4110 123.9653
272 848  0.1599 -0.2234 18.9806
304 848  0.4187 -0.1352 47.6802
336 848  2.2081 -0.2675 55.5303
368 848  3.7020  1.0897 99.0177
400 848  3.0647  1.0484 12.5390
432 848  0.0740 -0.0345 19.0271
464 848  0.0009  0.0903  8.1154
496 848  0.1319  0.0960 14.2284
528 848  0.0777  0.0414  7.6696
560 848  0.0376  0.0856 45.8353
592 848 -0.0105  0.0396 115.4529
624 848 -0.0635  0.0294 66.5170
656 848 -0.0600  0.0537 46.0373
 16 880  0.0137 -0.0039 16.9930
 48 880  0.1360 -0.0406 171.8502
 80 880  0.1099 -0.0117 185.9893
112 880  0.1596 -0.0639 73.4119
144 880  0.1752 -0.0295 164.4872
176 880  0.1595 -0.0472 39.6635
208 880  0.6721 -0.2356 52.4486
240 880  0.3084 -0.4175 79.0967
272 880  0.7746 -1.0173 23.0113
304 880  1.0892 -0.9107 19.4392
336 880  0.0634  0.0259 16.7456
368 880  4.2094 -0.0537 51.1897
400 880  0.1528  0.0345 12.6084
432 880  0.0267  0.0179 12.7207
464 880  0.0364  0.0572 14.1032
496 880  0.1912  0.1007  5.9068
528 880 -0.0140 -0.0003 14.1191
560 880  0.0043  0.0769 17.0510
592 880 -0.0491  0.0844 51.8191
624 880 -0.0614  0.0810 50.5145
656 880 -0.0236  0.0696 76.6984
 16 912  0.1004  0.0160 305.2014
 48 912  0.1998 -0.0275 40.5254
 80 912  0.1382 -0.1267 160.0827
112 912  0.2749 -0.1758 208.5547
144 912  0.4201 -0.1051 139.7151
176 912  0.3133 -0.1746 111.6925
208 912  0.3435 -0.3920 65.9906
240 912  1.2184 -0.7620 66.1963
272 912  1.3670 -1.1086 100.0984
304 912  0.5839 -0.4074 12.7561
336 912  0.2276 -0.0926 106.2299
368 912  0.0035  0.0055 13.1459
400 912  0.1425  0.3218 11.2090
432 912 -0.0286  0.2650 11.5896
464 912  0.0778  0.1482  7.1399
528 912 -0.0144  0.0178  4.8986
560 912 -0.0546  0.0590 13.4095
592 912 -0.0041  0.0661 23.5323
624 912 -0.0929  0.0111 16.5871
656 912 -0.0467  0.0883 42.4600
 16 944  0.0628 -0.0045 21.0548
 48 944  0.0571 -0.0077 57.5274
 80 944  0.0911 -0.0342 81.6530
112 944  0.1980 -0.0459 175.1599
144 944  0.1184 -0.0277 58.4792
176 944  0.2367 -0.0971 32.8144
208 944  0.3917 -0.5175 180.7006
240 944  0.8765 -0.7805 160.2114
272 944  0.8288 -1.3060 56.1836
304 944  0.7968 -1.4518 88.2085
336 944  0.9593 -1.0629 21.5027
368 944  0.0501  0.0152 17.7345
400 944 -0.0297  0.4853  7.9436
432 944  0.1252  0.1779 12.1850
464 944  0.2318  0.0677  4.3824
496 944  0.0008  0.0303  7.9870
528 944 -0.0077  0.0073  4.6500
592 944 -0.0317  0.0387  6.1984
624 944 -0.0096 -0.0034 16.2716
656 944  0.0770 -0.0075 25.9996
 16 976  0.1454 -0.0149 101.7019
 48 976  0.2234 -0.0124 106.3410
 80 976  0.2790 -0.0813 101.7850
112 976  0.4254 -0.1127 266.8604
144 976  0.6561 -0.1021 73.1371
176 976  0.3778 -0.1669 175.9296
208 976  0.2643 -0.3545 122.9738
240 976  0.7528 -0.9683 98.9357
272 976  0.4301 -0.7062 32.7050
304 976  0.0994 -1.8001 57.8117
336 976 -0.0268  1.9842 11.5958
368 976 -0.1352  0.0631  7.8945
400 976  0.2048  0.4212  6.5009
432 976  0.1547  0.2985  4.9549
464 976  0.0667  0.0613 25.6753
496 976  0.0219 -0.0710 16.8297
528 976  0.0037 -0.0059 37.4320
560 976  0.0025 -0.0035  7.5364
592 976 -0.0882 -0.1398  7.0365
624 976  0.0058 -0.0844  7.3376
656 976  0.0862 -0.0187  7.3540
 16 1008  0.1873 -0.0367 107.8220
 48 1008  0.1505 -0.0291 44.0114
 80 1008  0.1487 -0.0427 70.7168
112 1008  0.2418 -0.0241 17.9125
144 1008  0.1004 -0.0318 126.0391
176 1008  0.2937 -0.1723 75.5995
208 1008  0.3614 -0.4045 78.7459
240 1008  0.1530 -0.2840 26.5672
272 1008  0.0455 -0.7991 64.1818
304 1008 -0.0154 -1.0722 16.3136
336 1008  0.0117  0.8468 16.3754
368 1008  0.0642  0.3847  9.0496
400 1008  0.1746  0.1953 12.4509
432 1008  0.0784  0.0923 80.3172
464 1008  0.3286  0.1330 59.0608
496 1008  0.3054 -0.1342 48.9640
528 1008  0.0204 -0.0244 18.0386
560 1008 -0.0347 -0.0319  9.3126
592 1008  0.1845  0.0157  8.0366
624 1008 -0.0093  0.0096  4.7479
 16 1040  0.2144 -0.0224 159.5716
 48 1040  0.2087 -0.0048 38.3377
 80 1040  0.1743 -0.0820 93.8161
112 1040  0.3753 -0.0935 163.1862
144 1040  0.1380 -0.0965 172.7799
176 1040  0.0733 -0.0106 21.8087
208 1040  0.2156 -0.2199 146.8757
240 1040  0.0817 -0.2084 27.4410
272 1040  0.0616 -0.3526 96.7177
304 1040  0.0099 -0.3076 26.2594
336 1040 -0.1336 -0.3510 203.7745
368 1040 -0.1710 -0.0226 76.5106
400 1040  0.0974  0.0423 176.8177
432 1040  0.4757  0.1520 24.1720
464 1040  0.1809 -0.0383 21.4989
496 1040  0.2071 -0.0565 25.9511
528 1040  0.0133 -0.0319 13.6364
560 1040 -0.0005  0.0123 13.8313
592 1040 -0.0106 -0.0272 23.4937
624 1040  0.0460 -0.0102 12.7672
656 1040  0.0869 -0.0681  8.3434
 16 1072  0.2261 -0.0279 72.3927
 48 1072  0.0754 -0.0288 170.2885
 80 1072  0.3781 -0.0574 102.3653
112 1072  0.1330 -0.0393 51.7290
144 1072  0.0907 -0.0787 234.6697
176 1072  0.1035 -0.0503 136.8312
208 1072  0.1765 -0.1856 37.5078
240 1072  0.1037 -0.1620 116.2883
272 1072  0.0551 -0.2011 49.2339
304 1072  0.0460 -0.1239 267.1152
336 1072 -0.0172 -0.2399 145.4788
368 1072 -0.0045 -0.1291 213.4134
400 1072  0.0796 -0.0204 165.9809
432 1072  0.3372  0.0387 46.6828
464 1072  0.0813 -0.0180 26.2071
496 1072  0.0401 -0.0578 16.5929
528 1072  0.2063 -0.1467 51.8235
560 1072 -0.0046 -0.0100 16.7651
592 1072 -0.0417  0.0405  8.6905
624 1072  0.0000 -0.0129 13.4284
656 1072  0.0498 -0.0032 30.6324
 16 1104  0.0600 -0.1228 29.7230
 48 1104  0.0346 -0.0363 36.5386
 80 1104  0.0839 -0.0401 208.9474
112 1104  0.0555 -0.0353 195.2658
144 1104  0.1350 -0.0095 73.1396
176 1104  0.0856 -0.0531 27.7390
208 1104  0.1838 -0.1316 250.3632
240 1104  0.2553 -0.2789 169.1672
272 1104  0.1049 -0.1500 26.3521
304 1104  0.0540 -0.1230 148.7396
336 1104  0.0714 -0.0870 220.1984
368 1104  0.0921 -0.0547 177.4873
400 1104  0.0866 -0.0933 206.8984
432 1104  0.1469 -0.1124 122.1620
464 1104  0.1588 -0.0556 45.7648
496 1104 -0.0045  0.0149 11.5002
528 1104  0.0867 -0.0729 15.7635
560 1104 -0.0231 -0.0264 12.9489
592 1104 -0.0030  0.0074 15.6521
624 1104  0.0868 -0.0135 17.7217
656 1104  0.0093  0.0189 20.0361
 16 1136  0.0266  0.0029 14.8677
 48 1136  0.3175 -0.0481 26.3886
 80 1136  0.1100 -0.0371 52.1909
112 1136  0.2011 -0.0468 24.6510
144 1136  0.1447 -0.0465 89.1619
176 1136  0.0266 -0.0710 326.8111
208 1136  0.3573 -0.0944 108.4424
240 1136  0.1596 -0.1025 227.2698
272 1136  0.0839 -0.1850 124.5714
304 1136  0.0506 -0.1009 64.3341
336 1136  0.0681 -0.0947 163.7926
368 1136  0.1692 -0.1185 210.8527
400 1136  0.1108 -0.0922 132.2812
432 1136  0.0766 -0.1160 275.4350
464 1136  0.0694 -0.0395 31.3049
496 1136 -0.0008 -0.0071 13.6769
528 1136 -0.0026 -0.0125 15.3864
560 1136 -0.0191  0.0153 16.6459
592 1136  0.0094 -0.0023 12.0998
624 1136 -0.0202 -0.0068 26.9512
656 1136  0.0886  0.0341 33.2361
 16 1168 -0.0008 -0.0079 14.5444
 48 1168  0.0103  0.0140 14.1319
 80 1168  0.2809 -0.0314 82.6869
112 1168  0.1314 -0.0609 22.4637
144 1168  0.0488 -0.0208 19.0064
176 1168  0.3085 -0.0551 120.5393
208 1168  0.1238 -0.1845 75.6870
240 1168  0.0828 -0.1102 40.2359
272 1168  0.0933 -0.1009 61.5001
304 1168  0.0615 -0.0445 67.2859
336 1168  0.0377 -0.0385 182.5686
368 1168  0.0981 -0.1856 151.2676
400 1168  0.2628 -0.0832 160.1122
432 1168  0.3228 -0.1077 114.9801
464 1168  0.0308 -0.0187 20.2762
496 1168  0.0742 -0.0543 28.0344
528 1168  0.0057 -0.0315 12.6323
560 1168  0.0276 -0.0256 14.8454
592 1168  0.0012  0.0243 12.7296
624 1168 -0.0335  0.0278 10.1527
656 1168  0.0438  0.0456 26.6708
 16 1200  0.0515  0.0244 11.8380
 48 1200  0.0426  0.0039 18.3983
 80 1200  0.0570 -0.0150 101.8076
112 1200  0.1414 -0.0704 174.7445
144 1200  0.0584 -0.0557 65.5189
176 1200  0.0651 -0.0403 130.7423
208 1200  0.0983 -0.0932 231.3862
240 1200  0.0503 -0.0884 133.5296
272 1200  0.0420 -0.0899 352.6692
304 1200  0.2234 -0.0501 31.1494
336 1200  0.0808 -0.1023 49.2905
368 1200  0.0979 -0.1264 219.6278
400 1200  0.0979 -0.2217 225.6061
432 1200  0.0976 -0.0917 107.9300
464 1200  0.0798 -0.0503 50.8299
496 1200 -0.0006 -0.0125 16.5608
528 1200 -0.0259  0.0061 15.2986
560 1200  0.0243 -0.0242 15.0439
592 1200 -0.0463  0.0108 16.8646
624 1200  0.0018  0.0017 13.4407
656 1200  0.0216 -0.0169 21.8755
  0   0  0.2697 -0.0595  0.0000
  0   0  0.4188 -0.1025  0.0000
  0   0  0.3015 -0.0560  0.0000
