VARIABLES= "X pix", "Y pix", "U pix/dt", "V pix/dt", "CHC", ZONE I=21, J=30
 16 272 -0.2318 -0.2037 240.4125
 48 272 -0.2336 -0.2042 132.3612
 80 272 -0.0981 -0.2767 163.0361
112 272 -0.1980 -0.1027 286.0582
144 272 -0.2626 -0.1040 186.0180
176 272 -0.0692 -0.0805 154.8474
208 272 -0.1009 -0.1201 222.2696
240 272 -0.0603 -0.0736 292.2405
272 272 -0.0939 -0.0020 300.9548
304 272 -0.0058 -0.0386 194.9745
336 272 -0.0455 -0.0058 133.0309
368 272 -0.0202  0.0103 100.5477
400 272  0.0039  0.0391 60.6681
432 272 -0.0071  0.0246 122.1226
464 272  0.0005  0.0569 165.8038
496 272 -0.0060  0.0682 154.4017
528 272 -0.0024  0.0528 193.8914
560 272  0.0016  0.0166 18.7091
592 272 -0.0066  0.0248 116.9262
624 272  0.0066  0.0238 103.7623
656 272  0.0317  0.0025 162.5610
 16 304 -0.3614 -0.2653 307.2405
 48 304 -0.1501 -0.1513 203.6580
 80 304 -0.1026 -0.2818 210.2281
112 304 -0.2941 -0.2783 150.7547
144 304 -0.0593 -0.1346 292.0855
176 304 -0.0619 -0.0875 119.5840
208 304  0.0060  0.0015 14.3636
240 304 -0.0978 -0.1070 135.5213
272 304 -0.0202 -0.0932 318.9140
304 304 -0.0246 -0.0397 230.3444
336 304 -0.0167 -0.0326 99.6327
368 304 -0.0169  0.0174 160.2265
400 304 -0.0021  0.0404 73.5295
432 304  0.0070  0.0378 128.2921
464 304  0.0110  0.0137 373.2902
496 304  0.0135  0.0573 160.7755
528 304  0.0192  0.0491 68.0685
560 304  0.0411  0.0599 225.7960
592 304 -0.0027  0.0237 124.7146
624 304  0.0138  0.0161 140.4617
656 304  0.0045  0.0187 89.6341
 16 336 -0.0571 -0.1857 24.8023
 48 336 -0.1693 -0.2039 48.6516
 80 336 -0.1271 -0.2380 264.6869
112 336 -0.1324 -0.1870 47.9439
144 336 -0.1365 -0.2614 30.3252
176 336 -0.1474 -0.0450 93.4749
208 336 -0.1326 -0.1751 334.5905
240 336 -0.0815 -0.1177 116.9665
272 336 -0.0233 -0.1135 199.9429
304 336 -0.0611 -0.0563 288.7690
336 336 -0.0310 -0.0076 160.0834
368 336 -0.0307 -0.0072 107.3359
400 336 -0.0046 -0.0049 91.2423
432 336 -0.0077  0.0788 231.3516
464 336 -0.0023  0.0325 188.1057
496 336  0.0104  0.0123 151.5782
528 336  0.0129  0.0123 243.2760
560 336  0.0150  0.0567 247.1879
592 336 -0.0263  0.0108 48.9300
624 336  0.0112  0.0202 112.4138
656 336  0.0211 -0.0059 83.4836
 16 368 -0.3078 -0.1836 53.9580
 48 368 -0.2030 -0.4608 178.6568
 80 368 -0.1352 -0.1647 129.8886
112 368 -0.0872 -0.1492 266.7552
144 368 -0.1491 -0.2373 51.8564
176 368 -0.1652 -0.2442 169.8473
208 368 -0.0676 -0.2831 114.7712
240 368 -0.1152 -0.1056 189.4850
272 368 -0.0610 -0.0793 41.0499
304 368 -0.0744 -0.0903 127.1356
336 368 -0.1182 -0.0699 286.9238
368 368 -0.0522 -0.0175 117.3834
400 368 -0.0310  0.0083 86.5927
432 368 -0.0129  0.0094 59.3309
464 368 -0.0167  0.0567 196.0896
496 368 -0.1531  0.0047 90.9562
528 368 -0.0171  0.0398 240.0811
560 368  0.0052  0.0292 154.5082
592 368  0.0355  0.0431 182.1016
624 368  0.0019  0.0308 129.5851
656 368  0.0134  0.0076 61.7096
 16 400 -0.0172 -0.0147 15.9242
 48 400 -0.1570 -0.2659 141.1138
 80 400 -0.5991 -0.0711 223.2469
112 400 -0.3648 -0.1433 302.1555
144 400 -0.0940 -0.0555 244.5289
176 400 -0.1114 -0.0850 210.3953
208 400 -0.1152 -0.1518 83.7533
240 400 -0.0642 -0.1121 155.5174
272 400 -0.0741 -0.1569 70.7954
304 400 -0.0507 -0.0535 143.0418
336 400 -0.0883 -0.0544 88.4842
368 400 -0.0856 -0.0221 182.2472
400 400 -0.0316  0.0079 113.6663
432 400 -0.0200  0.0038 201.2797
464 400 -0.0070  0.0235 147.0096
496 400 -0.0197  0.0394 149.5700
528 400  0.0051  0.0117 202.2222
560 400 -0.0077  0.0265 102.7123
592 400  0.0012  0.0168 165.4703
624 400  0.0078  0.0290 157.0616
656 400  0.0064 -0.0033 133.0217
 16 432 -0.3759 -0.2448 125.2524
 48 432 -0.1263 -0.1752 191.1149
 80 432 -0.4986 -0.5311 83.3441
112 432 -0.3190 -0.3036 98.8878
144 432 -0.1829 -0.2645 268.9330
176 432 -0.0869 -0.1573 309.2322
208 432 -0.3734 -0.1659 94.7857
240 432 -0.1184 -0.1519 269.7142
272 432 -0.1453 -0.1116 79.0134
304 432 -0.0679 -0.0813 81.3792
336 432 -0.0670 -0.0619 182.8081
368 432 -0.0755  0.0008 122.9728
400 432 -0.0734 -0.0406 251.5727
432 432 -0.0330 -0.0148 167.8362
464 432 -0.0324  0.0451 79.0118
496 432 -0.0571 -0.0030 24.6830
528 432 -0.0243  0.0535 191.6937
560 432  0.0026  0.0126 106.5282
592 432 -0.0036 -0.0062 106.6188
624 432  0.0180 -0.0329 91.7700
656 432  0.0571  0.0442 77.3389
 16 464 -0.2351 -0.1465 108.5982
 48 464 -0.1440 -0.1366 50.0062
 80 464 -0.1276 -0.2345 342.0054
112 464 -0.4615 -0.3828 57.5722
144 464 -0.1523 -0.3433 112.4316
176 464 -0.2176 -0.4885 134.9996
208 464 -0.2777 -0.3663 158.3115
240 464 -0.3664 -0.3190 194.8324
272 464 -0.0923 -0.1863 236.9594
304 464 -0.1385 -0.0828 51.9163
336 464 -0.1522 -0.0911 141.4797
368 464 -0.0716 -0.0324 186.4073
400 464 -0.0840 -0.0325 109.0879
432 464 -0.0627  0.0121 86.5611
464 464 -0.0270 -0.0138 152.0797
496 464 -0.0521  0.0099 116.3186
528 464 -0.0209 -0.0038 128.9778
560 464 -0.0115 -0.0108 140.4844
592 464  0.0024 -0.0071 202.6408
624 464 -0.0081 -0.0107 102.3401
656 464  0.0074 -0.0474 196.3854
 16 496 -0.1950 -0.0945 41.3024
 48 496 -0.8978 -0.3193 72.8578
 80 496 -0.4211 -0.2662 45.3606
112 496 -0.3929 -0.3075 202.7205
144 496 -0.5522 -0.4394 90.8496
176 496 -0.6933 -0.3398 98.4775
208 496 -0.2284 -0.2003 42.0401
240 496 -0.2578 -0.3449 31.2076
272 496 -0.2543 -0.3342 113.1270
304 496 -0.1593 -0.1396 152.7318
336 496 -0.0133 -0.0352 18.6942
368 496 -0.1234 -0.0803 149.1568
400 496 -0.0740 -0.0161 148.8904
432 496 -0.0670 -0.0264 164.9178
464 496 -0.0815 -0.0234 116.6212
496 496 -0.0827  0.0017 163.6095
528 496  0.0178  0.0254 86.0806
560 496 -0.0228  0.0041 112.9778
592 496 -0.0079 -0.0118 140.3022
624 496  0.0313 -0.0377 90.9154
656 496  0.0322 -0.0586 115.8279
 16 528 -0.2867 -0.1597 34.4154
 48 528 -0.1815 -0.2135 150.3570
 80 528 -0.2589 -0.2111 178.7101
112 528 -0.7207 -0.7242 176.0999
144 528 -0.8736 -0.7727 147.8090
176 528 -0.2360 -0.4193 278.5732
208 528 -0.1941 -0.4301 431.6371
240 528 -0.2634 -0.4775 76.2748
272 528 -0.3913 -0.2533 212.3891
304 528 -0.1935 -0.1975 239.2821
336 528 -0.1811 -0.2055 88.0915
368 528 -0.1849 -0.1440 80.9105
400 528 -0.2679 -0.0315 205.0000
432 528 -0.1721 -0.0780 120.4145
464 528 -0.0928 -0.0301 156.3620
496 528 -0.0675  0.0271 123.3061
528 528 -0.0605 -0.0046 59.4570
560 528 -0.0148 -0.0224 64.7570
592 528 -0.0035  0.0267 149.7577
624 528  0.0040 -0.0847 107.5340
656 528  0.0020 -0.1039 93.4582
 16 560 -0.2789 -0.2539 43.6267
 48 560 -0.4352 -0.3376 49.9800
 80 560 -0.8736 -0.3021 202.1543
112 560 -0.5851 -0.5063 191.8388
144 560 -0.9248 -0.5072 34.9687
176 560 -0.8085 -0.6436 25.7219
208 560 -0.3765 -0.5558 53.8686
240 560 -0.3285 -0.6034 151.2928
272 560 -0.6450 -0.2727 106.8736
304 560 -0.3542 -0.4860 78.2796
336 560 -0.1962 -0.1391 28.3980
368 560 -0.4161 -0.1187 202.1389
400 560 -0.2304 -0.1430 109.5935
432 560 -0.1820 -0.0639 139.5484
464 560 -0.1913  0.0012 79.2254
496 560 -0.1031 -0.0673 102.2825
528 560 -0.0991 -0.0851 239.6276
560 560 -0.0547 -0.0096 153.1623
592 560 -0.0218 -0.0656 115.7234
624 560 -0.0013 -0.0644 65.1941
656 560  0.0273 -0.0742 148.8265
 16 592 -0.6682 -0.2653 132.0082
 48 592 -0.4294 -0.1044 82.6133
 80 592 -1.0440 -0.7590 116.5991
112 592 -0.3492 -0.3418 28.3744
144 592 -0.8113 -1.4068 59.5906
176 592 -1.1859 -0.7957 175.9396
208 592 -0.2929 -0.2220 38.4297
240 592 -0.8195 -0.6417 196.2459
272 592 -0.4859 -0.3487 57.9484
304 592 -0.4580 -0.3614 65.2764
336 592 -0.3031 -0.1902 71.2095
368 592 -0.3087 -0.1835 46.8584
400 592 -0.3404 -0.1412 260.2212
432 592 -0.2277 -0.0863 190.2468
464 592 -0.2512 -0.0108 191.5057
496 592 -0.2119 -0.0625 291.4611
528 592 -0.1290 -0.0872 302.9725
560 592 -0.1127 -0.1096 157.5976
592 592 -0.0351 -0.1782 162.7939
624 592  0.0308 -0.1448 59.4312
656 592  0.0277 -0.1420 191.6975
 16 624 -0.3242 -0.0755 57.1645
 48 624 -0.2404 -0.4625 169.8832
 80 624 -0.0790 -0.2153 30.5953
112 624 -0.4439 -0.4827 47.1609
144 624 -0.3652 -0.2337 161.4001
176 624 -1.2169 -0.7171 169.9645
208 624 -0.9825 -0.7118 85.8245
240 624 -0.7861 -0.6628 70.5100
272 624 -1.1285 -0.4603 138.1802
304 624 -0.5011 -0.4552 45.8219
336 624 -0.4441 -0.3363 121.8512
368 624 -0.2084 -0.1547 97.6757
400 624 -0.2382 -0.1505 188.0346
432 624 -0.1505 -0.1395 255.5079
464 624 -0.3185 -0.0594 90.4538
496 624 -0.1030 -0.1782 201.6859
528 624 -0.1131 -0.2151 88.2406
560 624  0.0187 -0.2533 152.6995
592 624  0.0062 -0.1715 119.9874
624 624  0.0465 -0.2294 156.2224
656 624  0.0178 -0.1551 60.6382
 16 656 -0.5857 -0.0788 91.6163
 48 656 -0.1595 -0.0903 318.4747
 80 656 -0.3356 -0.2236 93.7084
112 656 -0.6013 -0.4398 135.6714
144 656 -0.8201 -0.5456 132.5348
176 656 -1.2595 -0.8757 118.2479
208 656 -0.8488 -0.7389 48.4884
240 656 -1.0055 -1.2275 101.7486
272 656 -0.3687 -0.2682 36.7700
304 656 -0.4225 -0.2484 135.6525
336 656 -0.3741 -0.2716 174.5580
368 656 -0.2253 -0.1323 35.0945
400 656 -0.2036 -0.1315 164.9731
432 656 -0.0980 -0.1085 196.3665
464 656 -0.0043 -0.1712 141.1020
496 656  0.0351 -0.2482 188.7770
528 656 -0.0137 -0.2937 183.0688
560 656  0.1437 -0.2970 56.9792
592 656  0.0982 -0.2848 61.6920
624 656  0.0233 -0.2147 127.2961
656 656 -0.0307 -0.1409 57.8332
 16 688 -0.0960 -0.0663 54.8828
 48 688 -0.2648 -0.0811 97.5634
 80 688 -0.1185 -0.1423 228.5725
112 688 -0.2758 -0.1692 62.0512
144 688 -0.7669 -0.5339 45.6894
176 688 -0.6624 -0.6268 44.8079
208 688 -0.7231 -0.6672 166.5085
240 688 -0.6930 -0.8169 202.4745
272 688 -0.3252 -0.2430 29.9963
304 688 -0.3813 -0.4404 81.2907
336 688  0.0065 -0.3477 143.4610
368 688 -0.3537 -0.2420 160.9765
400 688 -0.2452 -0.1797 56.7870
432 688 -0.1607 -0.0593 65.3842
464 688  0.1464 -0.1564 173.8639
496 688  0.1702 -0.3369 127.9992
528 688  0.2010 -0.3523 150.0068
560 688  0.5604 -0.1568 33.1391
592 688  0.3942 -0.2207 67.1452
624 688  0.1303  0.0330 72.4816
656 688 -0.1056  0.0915 122.6617
 16 720 -0.0140 -0.0342 31.0091
 48 720 -0.0789 -0.1770 42.3881
 80 720 -0.0315 -0.0391 16.2523
112 720 -0.3578 -0.1427 203.1016
144 720 -0.1054 -0.1843 82.8923
176 720 -0.5872 -0.3050 69.2784
208 720 -0.3353 -0.3354 73.3495
240 720 -0.7698 -0.7517 91.5214
272 720 -0.6718 -0.4762 60.4971
304 720 -0.6520 -0.6490 91.2920
336 720 -0.3782 -0.4106 190.0657
368 720 -0.1688 -0.2226 35.2160
400 720  0.0807 -0.2650 181.2081
432 720  0.4047 -0.2637 303.1288
464 720  0.6215 -0.4494 31.6175
496 720  0.7242 -0.5867 105.7566
528 720  0.8540 -0.8599 27.2125
560 720  0.6184  0.0007 71.9258
592 720  0.8994  0.1020 20.3091
624 720  0.0632  0.3314 64.1982
656 720 -0.3772  0.3909 70.6755
 16 752 -0.0067 -0.0090 37.2816
 48 752 -0.0660 -0.0430 24.8428
 80 752 -0.0241 -0.1702 244.8394
112 752 -0.0211 -0.0808 255.8430
144 752  0.2512 -0.1205 70.1790
176 752  0.3090 -0.1910 125.7691
208 752 -0.1852 -0.3377 101.7836
240 752 -0.1795 -0.4946 203.0531
272 752 -0.1369 -0.3707 73.4613
304 752 -0.2690 -0.5027 98.2804
336 752 -0.1131 -0.4402 91.1556
368 752 -0.0198 -0.3444 97.0238
400 752  0.2155 -0.0402 165.1669
432 752  0.4663 -0.0933 17.3127
464 752  0.5464 -0.2985 41.0475
496 752  0.9957 -0.6432 72.3559
528 752 -1.2846 -0.1513 60.0921
560 752 -0.1937 -0.0792 12.2578
592 752  0.1241  0.2086 11.4509
624 752  0.2430 -2.7915  9.6316
656 752  0.3830 -2.4793  9.6209
 16 784  0.1329 -0.0355 287.7181
 48 784  0.0161 -0.0112 45.7833
 80 784 -0.0365 -0.0686 110.6373
112 784 -0.0155 -0.0687 437.7395
144 784 -0.0376 -0.2445 240.5368
176 784 -0.0521 -0.2896 130.3079
208 784 -0.0673 -0.3479 84.5685
240 784 -0.1079 -0.3386 254.1602
272 784 -0.1205 -0.3712 145.1716
304 784 -0.0337 -0.3803 114.2862
336 784  0.0401 -0.4308 194.7166
368 784  0.1871 -0.2364 289.1236
400 784  0.4959 -0.2120 81.1191
432 784  0.4288 -0.1539 70.6874
464 784  0.4749 -0.3004 58.6052
496 784  0.4650 -0.5707 87.9071
528 784 -0.0039 -0.1050 15.1756
560 784 -1.3505 -0.3642  8.6256
592 784 -0.1768 -0.1994  9.5214
624 784  0.0638  0.1193 25.9301
656 784  0.4181 -0.4329 18.9034
 16 816  0.0354 -0.0404 16.8095
 48 816  0.0379 -0.0822 119.3290
 80 816  0.0285 -0.1064 41.7189
112 816  0.1225 -0.0844 136.1030
144 816  0.0270 -0.1704 135.5840
176 816 -0.0045 -0.1341 514.9474
208 816 -0.0188 -0.2199 107.3625
240 816 -0.0135 -0.7419 54.3431
272 816 -0.0040 -0.3718 30.8237
304 816  0.0139 -0.1440 15.6740
336 816  0.2271 -0.3367 35.5493
368 816  0.2892 -0.3259 118.6162
400 816  0.4937 -0.1693 203.2614
432 816  0.8348 -0.9287 90.7692
464 816  0.2200 -0.1702 22.5760
496 816  0.0487 -0.3875 18.0925
528 816 -0.4571 -0.1568  5.8764
560 816 -0.3052 -0.9283  7.6860
592 816  0.1476  0.0778 20.3630
624 816  0.0557  0.0618 17.5847
656 816  0.1182 -0.1877 13.0148
 16 848  0.0821 -0.0629 50.7856
 48 848  0.1294 -0.0656 87.7557
 80 848  0.2225 -0.0651 125.3970
112 848  0.0355 -0.0435 418.3080
144 848  0.1430 -0.0497 175.9467
176 848  0.0640 -0.2482 145.1116
208 848  0.0660 -0.1967 138.7837
240 848  0.1544 -0.3068 40.2261
272 848  0.0650 -0.3023 81.0970
304 848  0.0690 -0.5195 98.7549
336 848  0.6193 -1.0876 77.9160
368 848  0.4103 -0.5476 83.9075
400 848  0.2776 -0.4870 61.8360
432 848  0.6577 -0.4596 71.6153
464 848  0.2395 -0.8734 32.1042
496 848 -0.1674 -0.2358 16.1930
528 848 -0.2819 -0.1893  5.8659
560 848 -0.0102  0.0067 12.3355
592 848  0.0071 -0.0332 47.2674
624 848  0.1831  0.0149 130.5386
656 848  0.4019 -0.0501 15.5636
 16 880  0.0566 -0.0100 43.9155
 48 880  0.0797 -0.0356 72.2618
 80 880  0.1804 -0.1464 114.1007
112 880  0.2262 -0.1720 84.7935
144 880  0.0613 -0.1213 96.0802
176 880  0.0644 -0.1412 224.3596
208 880  0.0861 -0.1973 63.3052
240 880  0.2825 -0.2952 75.9519
272 880  0.0711 -0.2127 173.3900
304 880  0.1256 -0.2560 67.8628
336 880  0.1969 -0.5522 58.1665
368 880  0.3900 -0.2279 35.9753
400 880  0.4297 -0.4732 79.4589
432 880 -0.0466 -0.0805 14.8312
464 880  0.0405 -0.1698 17.0306
496 880 -0.1465 -0.0764  5.3477
528 880 -0.0678 -0.0986  7.9937
560 880  0.1171 -0.0848  7.5124
592 880  0.1235 -0.0202  9.6312
624 880  0.0760 -0.0503 29.1828
656 880  0.1623 -0.0921  9.8839
 16 912  0.0103  0.0201 27.9772
 48 912  0.0378 -0.0077 219.7330
 80 912  0.0762 -0.2176 228.5201
112 912  0.0814 -0.0874 200.3739
144 912  0.1578 -0.1138 402.2920
176 912  0.1159 -0.0977 17.2382
208 912  0.1251 -0.0788 28.6699
240 912  0.0773 -0.6309 115.7843
272 912  0.0790 -0.3852 202.9017
304 912  0.1555 -0.3447 152.1856
336 912  0.2427 -0.4595 151.7167
368 912  0.0646 -0.4626 53.1850
400 912 -0.0395 -0.3949 14.2209
432 912  0.0100 -0.1818 16.1468
464 912 -0.1450 -0.0978  8.0346
528 912 -0.0469  0.0429  5.0888
560 912  0.0544 -0.0115  4.7872
624 912  0.0591 -0.0513 10.0618
656 912  0.1719 -0.0928  5.0758
 16 944  0.0765 -0.0170 63.8528
 48 944  0.0035  0.0052 15.5369
 80 944  0.0571 -0.0252 295.8856
112 944  0.1832 -0.0692 355.4774
144 944  0.0596 -0.0686 31.9274
176 944  0.0457 -0.2842 262.5103
208 944  0.2346 -0.1676 58.2582
240 944  0.1047 -0.3612 126.6353
272 944  0.0466 -0.1949 159.2856
304 944  0.0554 -0.2347 16.5156
336 944 -0.0355 -0.2897 90.6592
368 944 -0.2447 -0.3870 105.5769
400 944 -0.0865 -0.3882 21.3642
432 944 -0.4434 -0.4987  9.8989
464 944 -0.3693 -0.1338  5.2087
496 944 -0.0509  0.0079  5.3806
624 944  0.0242 -0.0181  5.1188
656 944  0.0461  0.0078  4.2710
 16 976  0.0887 -0.0109 115.2961
 48 976  0.0744 -0.0249 18.1488
 80 976  0.0807 -0.0307 114.4777
112 976  0.1050 -0.0499 121.9914
144 976  0.0646 -0.0192 13.4004
176 976  0.0946 -0.1843 125.5149
208 976  0.1201 -0.2092 66.6844
240 976  0.0525 -0.1751 111.2281
272 976  0.0791 -0.1843 86.5695
304 976  0.0319 -0.0940 201.2244
336 976 -0.0739 -0.0198 38.4091
368 976 -0.1165 -0.3732 21.6165
400 976 -0.2218 -0.7852  7.2962
432 976 -0.3169 -0.4588  7.7803
464 976 -0.3048 -0.0943 22.2098
496 976 -0.1148  0.0902  6.6913
528 976  0.0070  0.0108  4.2162
 16 1008  0.0686  0.0136 29.5656
 48 1008  0.1555 -0.0269 51.7397
 80 1008  0.0998 -0.0346 83.8424
112 1008  0.0775 -0.0382 215.8790
144 1008  0.0897 -0.2104 165.5075
176 1008  0.2246 -0.0851 155.9594
208 1008  0.0297 -0.1315 142.1021
240 1008  0.0321 -0.1065 266.3400
272 1008  0.1550 -0.1770 300.9307
304 1008 -0.0033 -0.0007 28.4751
336 1008 -0.0049  0.1151 22.1969
368 1008 -0.1406 -2.6454 10.6155
400 1008 -2.2048 -0.2101  9.0011
432 1008 -0.0743 -0.1533 31.3320
464 1008 -0.1958 -0.3612 140.6361
496 1008 -0.0007 -0.0194 18.3017
528 1008  0.0367  0.0503  8.1488
560 1008 -0.0654  0.0521  5.1760
 16 1040  0.1487 -0.0250 136.6129
 48 1040  0.1234 -0.0129 38.5034
 80 1040  0.3837 -0.0467 145.1347
112 1040  0.1127 -0.0519 41.7736
144 1040  0.1012 -0.0479 258.0003
176 1040  0.2290 -0.0903 185.1542
208 1040  0.0296 -0.2639 187.4045
240 1040  0.0336 -0.0967 95.7959
272 1040  0.0738 -0.0708 222.5016
304 1040  0.0280 -0.0079 178.5827
336 1040  0.0283  0.0350 27.1042
368 1040 -0.0426 -0.1798 12.2265
400 1040 -0.0083  0.0028 49.7593
432 1040  0.0099 -0.4538 35.6314
464 1040 -0.0383  0.0139 40.7669
496 1040 -0.0008  0.0364 13.2961
528 1040 -0.0067  0.0126 11.8422
560 1040 -0.0187 -0.0067 10.4231
592 1040 -0.0729 -0.0321  5.3667
 16 1072  0.0724 -0.0288 260.7477
 48 1072  0.3605 -0.0261 130.8433
 80 1072  0.0937 -0.0097 394.2196
112 1072  0.0638 -0.0218 153.4314
144 1072  0.0761 -0.0681 122.2818
176 1072  0.0612 -0.0166 100.5278
208 1072 -0.0022 -0.0851 94.7660
240 1072  0.0642 -0.1130 119.8389
272 1072  0.1048 -0.0801 164.8014
304 1072  0.0546 -0.0233 54.0161
336 1072  0.1183 -0.0123 27.3382
368 1072  0.2257 -0.0768 177.9961
400 1072  0.1476 -0.2324 114.3326
432 1072 -0.0043 -0.4023 35.5790
464 1072 -0.0620 -0.0094 13.3262
496 1072 -0.0176  0.3447 16.6246
528 1072 -0.0013  0.1183 11.2218
560 1072 -0.0166  0.0808  7.3352
592 1072 -0.0060  0.0322  8.4210
624 1072 -0.0529 -0.0014  4.9362
656 1072  0.0070  0.0248  5.1365
 16 1104  0.0339  0.0011 28.1251
 48 1104  0.0769 -0.0490 70.0823
 80 1104  0.1313 -0.0222 43.9511
112 1104  0.2280 -0.0354 74.8414
144 1104  0.0614 -0.0358 61.0377
176 1104  0.1478 -0.0411 43.1726
208 1104  0.0490 -0.0259 183.0250
240 1104  0.0451 -0.1620 105.9278
272 1104  0.1975 -0.0296 62.5843
304 1104  0.1078 -0.0451 61.1390
336 1104  0.2012 -0.1187 129.6939
368 1104  0.2290 -0.0898 110.7923
400 1104  0.1799 -0.1492 133.1581
432 1104  0.0211 -0.1028 85.2754
464 1104  0.0143 -0.0403 22.6258
496 1104 -0.0192 -0.0025 15.4687
528 1104 -0.0145  0.0003 11.9508
560 1104  0.0041  0.0055 13.1250
592 1104 -0.0220  0.0392 10.3753
624 1104  0.0323  0.0399  9.5456
656 1104  0.0066  0.0305 10.1029
 16 1136 -0.0129 -0.0167 16.8020
 48 1136  0.0218 -0.0114 308.9008
 80 1136  0.0956 -0.0056 40.4932
112 1136  0.1006 -0.0270 100.9055
144 1136  0.0950 -0.0553 188.6002
176 1136  0.0653 -0.0397 69.7203
208 1136  0.0323 -0.1166 387.5040
240 1136  0.0113 -0.0788 132.4696
272 1136  0.0458 -0.0550 97.6977
304 1136  0.0861 -0.0957 265.6470
336 1136  0.0827 -0.1064 122.1919
368 1136  0.0537 -0.1074 101.7573
400 1136  0.0929 -0.1411 187.2728
432 1136  0.0864 -0.0816 33.3294
464 1136  0.0173 -0.0809 117.9479
496 1136 -0.0105 -0.0487 16.0630
528 1136 -0.0434 -0.1701 34.4793
560 1136 -0.0180  0.0282 13.0477
592 1136  0.0258 -0.0177 13.6969
624 1136 -0.0005  0.0027 14.3231
656 1136  0.0171 -0.0101 18.1283
 16 1168  0.0338 -0.0145 17.2295
 48 1168  0.0345  0.0003 19.0446
 80 1168  0.1489 -0.0720 74.8796
112 1168  0.0556 -0.0291 98.7544
144 1168  0.0462 -0.0408 173.4078
176 1168  0.0467 -0.0593 117.1045
208 1168  0.0625 -0.0725 114.1187
240 1168  0.0367 -0.1403 75.8591
272 1168  0.0165 -0.0666 222.1393
304 1168  0.0087 -0.1564 209.9986
336 1168  0.0477 -0.1635 152.5074
368 1168  0.0852 -0.1445 103.2165
400 1168  0.0207 -0.0949 52.1896
432 1168  0.0008 -0.0300 30.4214
464 1168  0.0458 -0.1367 49.7114
496 1168 -0.0085  0.0276 14.7416
528 1168  0.0120  0.0587 19.2899
560 1168  0.0306  0.0239 10.9102
592 1168  0.0318  0.0184 12.6485
624 1168  0.0258 -0.0109 12.2260
656 1168  0.0052  0.0166 11.3285
 16 1200  0.1237  0.0422 17.7672
 48 1200  0.0798 -0.0133 19.3253
 80 1200  0.0056 -0.0549 14.2723
112 1200  0.0264 -0.0306 92.0282
144 1200  0.0350 -0.0116 38.5154
176 1200  0.0339 -0.0957 152.8114
208 1200  0.1189 -0.0356 85.6901
240 1200  0.0587 -0.0605 57.5819
272 1200  0.1249 -0.0971 60.4563
304 1200  0.1120 -0.0880 193.7551
336 1200  0.0430 -0.1247 154.6424
368 1200  0.1194 -0.1619 74.6804
400 1200  0.0629 -0.1420 136.5947
432 1200  0.0320 -0.1956 82.2635
464 1200  0.1246 -0.1502 268.9759
496 1200 -0.0122  0.0282 15.9649
528 1200 -0.0062 -0.0056 19.1450
560 1200 -0.0177  0.0327 16.3931
592 1200 -0.0130  0.0154 16.0877
624 1200  0.0186 -0.1446 26.4547
656 1200 -0.0075 -0.0098 11.7487
  0   0 -0.0539 -0.0220  0.0000
  0   0 -0.0625 -0.0371  0.0000
  0   0 -0.0248 -0.0672  0.0000
  0   0 -0.0282  0.0798  0.0000
  0   0 -0.0096  0.1583  0.0000
  0   0 -0.0020  0.1479  0.0000
  0   0 -0.0142  0.1321  0.0000
  0   0 -0.0203  0.1200  0.0000
  0   0  0.0051  0.1450  0.0000
  0   0  0.0907  0.1484  0.0000
  0   0  0.0780  0.0686  0.0000
  0   0  0.0345  0.0026  0.0000
  0   0  0.0536  0.0198  0.0000
  0   0  0.0930  0.0919  0.0000
