VARIABLES= "X pix", "Y pix", "U pix/dt", "V pix/dt", "CHC", ZONE I=21, J=30
 16 272 -0.1131 -0.1551 85.1040
 48 272 -0.1216 -0.1188 169.5750
 80 272 -0.0801 -0.1044 51.3573
112 272 -0.0791 -0.0088 294.8346
144 272 -0.0879 -0.0977 56.8334
176 272 -0.0955 -0.1611 243.0124
208 272 -0.0545 -0.0606 192.9902
240 272 -0.0903 -0.0672 126.1174
272 272 -0.0335 -0.0318 277.3690
304 272 -0.0282 -0.0258 244.7952
336 272  0.0041 -0.0068 142.5236
368 272  0.0177  0.0231 217.6733
400 272  0.0123  0.0053 226.2562
432 272  0.0185  0.0277 165.7526
464 272 -0.0143  0.1021 217.3313
496 272  0.0236  0.0565 161.5045
528 272  0.0413  0.0658 117.3722
560 272  0.0222  0.0841 160.1335
592 272  0.0498  0.0364 74.8922
624 272  0.0517  0.0216 164.9980
656 272  0.0322  0.0716 134.5110
 16 304 -0.2997 -0.2030 75.9337
 48 304 -0.1579 -0.2280 54.6598
 80 304 -0.0680 -0.5331 163.8410
112 304 -0.1271 -0.1299 189.6943
144 304 -0.1533 -0.2156 176.4416
176 304 -0.1039 -0.1755 185.7422
208 304 -0.0651 -0.2096 298.4313
240 304 -0.0535 -0.0935 88.4859
272 304 -0.0269 -0.0348 178.8725
304 304 -0.0130 -0.0439 228.1483
336 304  0.0029 -0.0099 157.4405
368 304  0.0300  0.0068 122.9108
400 304 -0.0003  0.0012 65.4573
432 304  0.0045  0.0559 53.8023
464 304  0.0346  0.0506 168.6880
496 304  0.0213  0.0805 95.9206
528 304  0.0458  0.0800 148.0723
560 304  0.0193  0.0805 85.4404
592 304  0.0355  0.0405 69.9733
624 304  0.0298  0.0133 181.0643
656 304  0.0513  0.0297 91.9366
 16 336 -0.1695 -0.2140 47.4839
 48 336 -0.2185 -0.3597 193.7001
 80 336 -0.1271 -0.1744 233.2216
112 336 -0.1345 -0.1198 518.4248
144 336 -0.0464 -0.0936 42.1573
176 336 -0.1085 -0.1014 304.8056
208 336 -0.1157 -0.1688 150.7531
240 336 -0.0834 -0.0449 132.0968
272 336 -0.0824  0.0129 59.6685
304 336 -0.0079 -0.0643 193.1240
336 336 -0.0069 -0.0391 86.3995
368 336  0.0035 -0.0228 90.6326
400 336  0.0190  0.0021 188.5929
432 336  0.0343  0.0296 177.6441
464 336  0.0401  0.0418 128.3062
496 336  0.0650  0.0437 79.0397
528 336  0.0672  0.0320 180.8356
560 336  0.0471 -0.0048 186.7832
592 336  0.1006  0.0431 178.0907
624 336  0.0463  0.0287 123.0733
656 336  0.0588  0.0195 193.5801
 16 368 -0.1002 -0.1993 225.4758
 48 368 -0.1112 -0.1705 313.2203
 80 368 -0.3456 -0.1687 70.7735
112 368 -0.2289 -0.3080 217.2056
144 368 -0.0884 -0.2988 162.4803
176 368 -0.0526 -0.4455 307.4105
208 368 -0.1223 -0.2051 156.8034
240 368 -0.0422 -0.0918 65.0932
272 368 -0.0703 -0.0785 42.7661
304 368 -0.0491 -0.0886 168.3509
336 368 -0.0146 -0.1059 357.7701
368 368 -0.0072 -0.0494 170.1431
400 368  0.0068 -0.0182 155.5479
432 368  0.0280  0.0214 61.2576
464 368  0.0702  0.0293 139.4137
496 368  0.0484  0.0993 284.2076
528 368  0.0410  0.0089 201.8176
560 368  0.0880  0.0284 230.8074
592 368  0.0299  0.0621 82.8257
624 368  0.0188  0.0350 36.2630
656 368  0.0372  0.0157 112.7431
 16 400 -0.2062 -0.1761 27.5689
 48 400 -0.0802 -0.2338 111.0681
 80 400 -0.2122 -0.3419 260.1552
112 400 -0.3997 -0.3996 70.4143
144 400 -0.2438 -0.3039 194.3931
176 400 -0.1485 -0.4300 185.4478
208 400 -0.2569 -0.1455 314.2557
240 400 -0.0971 -0.1036 107.2541
272 400 -0.0386 -0.1180 196.6048
304 400 -0.0592 -0.0961 207.7656
336 400 -0.0354 -0.0320 125.1692
368 400 -0.0005 -0.0183 169.8509
400 400  0.0071 -0.0382 138.6083
432 400  0.0152  0.0486 88.4242
464 400 -0.0092  0.0933 251.5011
496 400  0.0400  0.0533 194.3205
528 400  0.0423  0.0461 157.5513
560 400  0.0173  0.0185 201.5697
592 400  0.0725  0.0488 93.7192
624 400  0.0429  0.0176 145.1130
656 400  0.0552  0.0335 152.8386
 16 432 -0.0273  0.0100 21.7031
 48 432 -0.2481 -0.1207 20.3508
 80 432 -0.2371 -0.3921 191.3792
112 432 -0.2051 -0.6247 147.1674
144 432 -0.3675 -0.3311 162.7282
176 432 -0.1399 -0.5053 32.7427
208 432 -0.0253 -0.0326 14.6089
240 432 -0.2600 -0.1242 200.2367
272 432 -0.1145 -0.1913 100.5756
304 432 -0.0486 -0.0515 210.9879
336 432 -0.0735 -0.1210 174.7482
368 432 -0.0141 -0.0627 218.7626
400 432 -0.0102 -0.0310 170.9223
432 432  0.0283 -0.0190 167.1286
464 432  0.0129  0.0233 94.8114
496 432  0.0601  0.0260 175.9715
528 432  0.0676  0.0697 86.9144
560 432  0.0521  0.0513 155.2247
592 432  0.0434  0.0153 220.4121
624 432  0.0372 -0.0089 32.1197
656 432  0.0846  0.0036 95.6965
 16 464 -0.3826 -0.2273 110.1038
 48 464 -0.3375 -0.3969 136.0120
 80 464 -0.5985 -0.3735 136.3197
112 464 -0.2566 -0.7545 84.2668
144 464 -0.6043 -0.3065 214.2756
176 464 -0.4012 -0.3628 211.1294
208 464 -0.3781 -0.2816 37.5691
240 464 -0.1835 -0.1029 129.5375
272 464 -0.0749 -0.1960 372.6955
304 464 -0.0749 -0.1774 449.5455
336 464 -0.0472 -0.1852 197.4425
368 464 -0.0132 -0.0829 259.6926
400 464 -0.0303 -0.0580 95.2401
432 464 -0.0182 -0.0031 44.1859
464 464 -0.0135  0.0327 127.2203
496 464  0.0146  0.0320 206.4559
528 464  0.0264  0.0330 116.8292
560 464  0.0527  0.0497 68.7487
592 464  0.0794  0.0077 240.9697
624 464  0.0880 -0.0102 246.7134
656 464  0.0741 -0.0148 183.1693
 16 496 -0.2273 -0.2039 22.9413
 48 496 -0.3049 -0.2483 58.0197
 80 496 -0.2110 -0.4189 108.3227
112 496 -0.0938 -0.2216 18.3356
144 496 -0.3524 -1.2229 133.8298
176 496 -0.2296 -0.9736 194.9211
208 496 -0.2970 -0.5174 103.1697
240 496 -0.2012 -0.4100 111.7785
272 496 -0.1283 -0.3824 171.8135
304 496 -0.0904 -0.2059 197.5610
336 496 -0.0233 -0.1808 157.7478
368 496 -0.0403 -0.1094 155.6244
400 496  0.0103 -0.0491 213.9258
432 496  0.0076 -0.0379 163.1134
464 496  0.0053  0.0296 180.3851
496 496  0.0154  0.0334 112.9921
528 496  0.0332  0.0022 155.9018
560 496  0.0220  0.0006 84.0422
592 496  0.0538  0.0035 203.9394
624 496 -0.0012  0.0327 44.8118
656 496  0.0910 -0.0057 84.8234
 16 528 -0.1511 -0.2238 105.4172
 48 528 -0.6532 -0.6199 89.6952
 80 528 -0.4225 -0.3733 143.5499
112 528 -0.7966 -0.7970 53.0355
144 528 -0.3321 -0.7311 204.3203
176 528 -1.0813 -0.7677 112.4371
208 528 -0.2650 -0.6950 215.9203
240 528 -0.3675 -0.4857 99.2454
272 528 -0.1012 -0.4268 104.1814
304 528 -0.1759 -0.3593 102.0935
336 528 -0.1466 -0.2811 167.4605
368 528 -0.0795 -0.1763 169.9577
400 528 -0.0227 -0.0218 222.1726
432 528 -0.0670  0.0029 74.1669
464 528 -0.0140  0.0086 112.7158
496 528  0.0020  0.0151 112.1190
528 528  0.0315  0.0047 205.3039
560 528  0.0371  0.0113 69.7337
592 528  0.0513 -0.0038 54.8841
624 528  0.0733  0.0211 39.6256
656 528  0.0911 -0.0310 108.0636
 16 560 -0.3254 -0.0583 17.8442
 48 560 -0.1898 -0.2678 95.0563
 80 560 -0.8516 -0.7008 141.0706
112 560 -0.5746 -0.9645 74.2658
144 560 -1.1029 -0.7842 139.0435
176 560 -0.7262 -1.2791 224.1507
208 560 -0.2631 -0.6816 60.2569
240 560 -0.3043 -0.4823 66.2448
272 560 -0.3703 -0.7686 104.6730
304 560 -0.4579 -0.0634 175.7353
336 560 -0.1671 -0.4068 196.2537
368 560 -0.1299 -0.1420 175.5249
400 560 -0.1378 -0.1364 110.6237
432 560 -0.0864 -0.0461 42.1396
464 560 -0.0601 -0.0101 116.4310
496 560 -0.0508 -0.0073 171.5745
528 560 -0.0041 -0.0095 207.7194
560 560  0.0240 -0.0459 159.7730
592 560 -0.0232 -0.0527 23.0814
624 560  0.0890 -0.0524 27.6954
656 560  0.0992  0.0016 176.8176
 16 592 -0.2109 -0.0854 76.0121
 48 592 -0.7226 -0.2092 23.3625
 80 592 -0.7044 -0.4454 215.0051
112 592 -0.9401 -0.7563 154.6847
144 592 -1.1124 -0.9538 140.6836
176 592 -1.4132 -0.9467 130.2741
208 592 -0.9207 -1.0356 118.0420
240 592 -0.4409 -0.7476 134.3997
272 592 -0.7006 -0.6891 31.6833
304 592 -0.6153 -0.4740 141.1226
336 592 -0.4787 -0.3627 133.7948
368 592 -0.3497 -0.1038 211.9227
400 592 -0.3727 -0.0891 155.8493
432 592 -0.1886 -0.0330 100.1495
464 592 -0.2238  0.0209 104.1372
496 592 -0.0574 -0.0351 155.0803
528 592 -0.0623 -0.0673 133.5082
560 592 -0.0206 -0.0966 89.9232
592 592  0.0473 -0.0854 36.8927
624 592  0.1023 -0.1986 169.0626
656 592  0.1074 -0.1609 109.1475
 16 624 -0.9123 -0.3514 145.1003
 48 624 -0.2441 -0.1960 221.5277
 80 624 -1.3476 -0.5024 146.9329
112 624 -0.8468 -0.6961 43.5411
144 624 -1.3875 -0.8528 186.6310
176 624 -1.2640 -1.3163 167.0380
208 624 -1.0881 -0.9970 39.1731
240 624 -1.0802 -1.0800 86.9756
272 624 -0.9987 -0.9064 172.1109
304 624 -0.8548 -0.4209 53.5675
336 624 -0.6304 -0.3561 114.3810
368 624 -0.5592 -0.3635 88.1874
400 624 -0.4709 -0.1586 158.0669
432 624 -0.5331 -0.0335 110.5627
464 624 -0.4439  0.0466 51.1273
496 624 -0.0774 -0.0394 126.2249
528 624 -0.1343 -0.1998 161.3973
560 624 -0.1137 -0.0904 284.5934
592 624  0.0334 -0.1668 65.6675
624 624  0.0581 -0.1301 135.8460
656 624  0.1804 -0.2261 98.5759
 16 656 -0.3336 -0.1078 50.7865
 48 656 -0.1867 -0.1482 258.9918
 80 656 -1.0514 -0.5415 158.3412
112 656 -0.8666 -0.4138 191.1367
144 656 -0.8863 -0.7043 212.5607
176 656 -1.1242 -0.9140 139.5600
208 656 -1.2340 -0.9696 300.7550
240 656 -1.3551 -1.3636 138.8303
272 656 -1.3830 -0.9178 95.2298
304 656 -1.3151 -0.7685 22.6243
336 656 -1.0033 -0.4273 126.1828
368 656 -0.9404 -0.2273 63.0892
400 656 -0.8744 -0.0528 52.6780
432 656 -0.7502 -0.0028 184.3672
464 656 -1.2416 -0.0469 154.2418
496 656 -0.6492 -0.2206 182.7873
528 656 -0.6376 -0.3568 41.6755
560 656 -0.3256 -0.3755 92.3266
592 656  0.0567 -0.0793 34.2680
624 656  0.0995 -0.4325 73.1395
656 656  0.0379 -0.2052 63.5158
 16 688 -0.1510 -0.0897 42.2187
 48 688 -0.4560 -0.1613 118.3877
 80 688 -0.7142 -0.4169 122.3949
112 688 -0.6984 -0.4764 124.7540
144 688 -0.3381 -0.4319 51.8680
176 688 -1.2231 -0.9687 149.4055
208 688 -0.1244 -0.0628 15.0921
240 688 -1.2747 -0.8662 165.4393
272 688 -1.6949 -1.0982 16.5005
304 688 -1.2605 -0.6670 115.4136
336 688 -1.2182 -0.3375 206.1176
368 688 -0.8748 -0.0139 265.3071
400 688 -0.8968  0.0411 92.6722
432 688 -0.9467  0.1172 198.9883
464 688 -0.5975 -0.1039 182.8052
496 688 -0.5316 -0.2256 113.8461
528 688 -0.4375 -0.3707 117.7483
560 688 -0.2583 -0.6181 103.5679
592 688 -0.1098 -0.6190 77.3712
624 688  0.0179 -0.2438 51.2006
656 688  0.0558 -0.2642 102.6741
 16 720 -0.0145 -0.0288 68.5346
 48 720 -0.1069 -0.0900 45.7760
 80 720 -0.4435 -0.0551 113.8261
112 720 -0.1812 -0.1513 34.3062
144 720 -0.2994 -0.1061 113.5856
176 720 -0.2339 -0.3321 148.9639
208 720 -0.9165 -1.1994 135.9157
240 720 -1.1924 -0.8339 202.7597
272 720 -1.2048 -0.7607 34.8692
304 720 -1.1621 -0.7793 114.6412
336 720 -0.8076 -0.4031 227.2027
368 720 -0.3567  0.0962 167.0447
400 720 -0.4439  0.2965 89.2451
432 720 -0.1869  0.3239 28.1077
464 720 -0.1325 -0.1562 93.4268
496 720  0.3639 -1.1990 67.6923
528 720  0.1268 -0.0365 18.6793
560 720  0.8401  0.0815 13.1913
592 720  0.0049 -0.4469 58.4673
624 720 -0.0281 -0.3591 38.6729
656 720 -0.0641 -0.1463 36.8892
 16 752 -0.0130 -0.0133 18.9922
 48 752 -0.0123 -0.0016 50.7797
 80 752 -0.0205 -0.0802 301.4727
112 752 -0.0982 -0.0568 234.4647
144 752 -0.2124 -0.1381 224.0330
176 752 -0.2013 -0.3519 122.0580
208 752 -0.6986 -0.8449 121.6300
240 752 -0.9033 -0.7304 104.2046
272 752 -0.9910 -0.8648 17.8488
304 752 -0.5992 -0.4940 137.0807
336 752 -0.2941 -0.1585 104.2902
368 752 -0.0216  0.0268 25.5860
400 752  0.3927  0.1950 75.1764
432 752  0.3131  0.1207 21.3592
464 752  1.6144 -0.0297 51.7341
496 752  1.1770 -1.7512 32.4727
528 752  0.1533 -0.0616 11.4693
560 752  1.2015  0.1059 10.5027
592 752  0.1040  0.0520 22.8488
624 752 -0.0885  0.0283  9.1743
656 752 -0.0510 -0.0055 18.0619
 16 784  0.0291 -0.0334 45.8119
 48 784  0.0572  0.0007 63.6666
 80 784  0.0110 -0.0254 143.6825
112 784 -0.0497 -0.0277 148.4486
144 784 -0.0398 -0.0841 72.9901
176 784 -0.1067 -0.3595 92.8311
208 784 -1.1766 -0.6648 54.7232
240 784 -0.2984 -0.6309 79.6928
272 784 -0.8309 -0.7281 140.5718
304 784 -0.4355 -0.5377 78.2628
336 784  0.0216 -0.1033 167.7797
368 784  0.4487  0.0998 265.2328
400 784  0.5713  0.2750 16.1122
432 784  1.9873  0.2622 91.8189
464 784  2.5292 -0.4277 97.8288
496 784  0.1006 -0.0473 20.2696
528 784  0.4805  0.0935 11.6318
560 784  0.5178  0.0257  7.0430
592 784  0.0570 -0.0475 14.5926
624 784 -0.0316  0.0421 25.9425
656 784 -0.0021  0.0236  8.2799
 16 816  0.0094 -0.0213 21.6683
 48 816  0.0538 -0.0135 59.9232
 80 816  0.0179 -0.0275 188.3605
112 816  0.0816 -0.1144 213.4851
144 816  0.0207 -0.1220 84.2997
176 816  0.0081 -0.1369 27.2593
208 816  0.0412 -0.3491 124.7328
240 816 -0.1170 -0.4090 95.1760
272 816 -0.2290 -0.5597 48.7259
304 816  0.0139 -0.0440 15.4759
336 816  0.5570 -0.2843 150.7820
368 816  0.9814  0.0984 238.1083
400 816  1.2921  0.2721 150.1372
432 816  0.1723  0.0701 11.2560
464 816  2.7292 -0.0527 38.4983
496 816  0.0358  0.0164 16.2332
528 816  0.0716 -0.0247  6.4010
560 816  0.1590  0.1755 13.6974
592 816  0.0789  0.0079 22.0312
624 816  0.0048  0.0124 11.1143
656 816  0.0021  0.0264 17.7426
 16 848  0.0463  0.0136 14.6243
 48 848  0.0624 -0.0191 21.7255
 80 848  0.1109 -0.0091 112.6847
112 848  0.1801 -0.1523 348.1089
144 848  0.0842 -0.0366 265.0404
176 848  0.2533 -0.2411 120.7013
208 848  0.2290 -0.0669 174.6315
240 848  0.1903 -0.8679 112.2663
272 848  0.2235 -0.1816 19.4447
304 848  0.2498 -0.4715 20.9265
336 848  0.9268 -0.3337 90.6514
368 848  1.1007 -0.0971 98.1623
400 848  2.2132  0.1769 35.8139
432 848  2.5790  0.2873 53.9260
464 848  0.0137 -0.0853 16.9208
496 848  0.0481 -0.0295 11.8936
528 848  0.0490  0.0729  5.5158
560 848  0.0716  0.1040 89.3646
592 848  0.1153  0.0445 59.1306
624 848  0.0450  0.0280 96.0590
656 848  0.0087  0.0013 25.0786
 16 880 -0.0021  0.0080 18.1393
 48 880  0.1158 -0.0219 134.2948
 80 880  0.2371 -0.0371 157.1991
112 880  0.1203 -0.0848 105.3815
144 880  0.1399 -0.0553 226.0914
176 880  0.1584 -0.0450 248.8302
208 880  0.2946 -0.1501 429.5635
240 880  0.1832 -0.3720 77.8960
272 880  0.7604 -0.4475 181.8540
304 880  0.8547 -0.8684 88.8642
336 880  1.2615 -0.2701 55.2171
368 880  1.8310 -0.1781 77.3951
400 880  2.5566  0.1035 159.3248
432 880  2.0159  0.2326 66.7643
464 880  1.1911  0.1279 20.5260
496 880 -0.0590 -0.0703  5.7347
528 880  0.0695  0.0299 11.0790
560 880  0.0079  0.0850 13.7910
592 880  0.0116  0.1145 48.5736
624 880  0.0616  0.0698 100.4907
656 880 -0.0704  0.0949 134.7644
 16 912  0.0497  0.0149 24.5054
 48 912  0.1610 -0.0365 25.1369
 80 912  0.1531 -0.0555 199.7520
112 912  0.1354 -0.2082 140.2543
144 912  0.2058 -0.0931 80.8659
176 912  0.1569 -0.3796 203.8714
208 912  0.2566 -0.3657 191.4137
240 912  0.3156 -0.4600 44.4571
272 912  0.7359 -0.8469 136.1526
304 912  1.1140 -1.2115 56.0493
336 912  1.5997 -1.0219 19.0774
368 912  1.6549 -0.1618 38.3131
400 912  0.6584  0.0199 19.0016
432 912  0.6303  0.1346 17.0561
464 912 -0.0551 -0.0414  9.8677
496 912  0.0559 -0.0895  4.0716
528 912  0.0252 -0.0295  4.9018
560 912  0.0322 -0.0173 14.0608
592 912 -0.0117 -0.0271 17.7460
624 912  0.0161 -0.0204 35.4143
656 912 -0.0275  0.1469 80.1486
 16 944  0.2757 -0.0439 28.8037
 48 944  0.0133  0.0102 47.2208
 80 944  0.1507 -0.0963 130.1590
112 944  0.1487 -0.2018 112.7266
144 944  0.1729 -0.0988 66.3051
176 944  0.1684 -0.4546 66.8105
208 944  0.2518 -0.0605 89.6880
240 944  0.0722 -0.1317 100.8765
272 944  0.4804 -0.8236 23.6130
304 944  0.7665 -0.9665 17.9745
336 944  0.4097 -0.6356 97.7674
368 944  0.0256  0.0549 19.9172
400 944  0.2156  0.0299 12.4818
432 944 -0.0036  0.0024 14.0506
464 944 -0.0758  0.0341  5.8135
496 944  0.0075  0.0003  7.8046
528 944  0.0015 -0.0015  4.6545
592 944  0.0618 -0.3230  4.8098
624 944  0.0727 -0.2116  6.7528
656 944  0.0689 -0.1203 10.3621
 16 976  0.1666 -0.0114 91.0624
 48 976  0.2089 -0.0963 92.6302
 80 976  0.2918 -0.0584 87.1423
112 976  0.1969 -0.1361 241.3023
144 976  0.1496 -0.1687 90.9391
176 976  0.2144 -0.1166 97.6369
208 976  0.1611 -0.2031 66.7765
240 976  0.3478 -0.6309 59.7908
272 976  0.1668 -0.6456 36.1877
304 976  0.2272 -1.1651 83.7827
336 976  0.1670 -0.4333 41.7943
368 976 -0.0087 -0.0035 23.4721
400 976 -0.0333 -0.0202 11.6802
432 976  0.0747 -0.0058  7.3843
464 976 -0.0099 -0.0096 20.2317
496 976 -0.0128 -0.0016 18.8005
528 976 -0.0206  0.0016 31.4746
560 976 -0.2137  0.0474  5.3732
 16 1008  0.1787 -0.0002 88.6985
 48 1008  0.2308 -0.0568 44.3161
 80 1008  0.1611 -0.0253 28.4476
112 1008  0.1887 -0.1494 343.2259
144 1008  0.3054 -0.1112 52.6036
176 1008  0.0540 -0.0533 150.9314
208 1008  0.1863 -0.3650 73.1330
240 1008  0.1526 -0.3816 146.2412
272 1008  0.0349 -0.1417 40.3789
304 1008  0.0003 -0.2415 13.6799
336 1008 -0.0127 -0.5628 19.2527
368 1008  0.0155  0.0557 10.7613
400 1008  0.0098  0.1042  8.1380
432 1008  0.0223  0.0217 17.5103
464 1008  0.0055  0.0178 89.6270
496 1008  0.0618 -0.0743 69.7495
528 1008 -0.0496 -0.1143 17.6378
560 1008 -0.2128  0.1847  8.4884
 16 1040  0.1448 -0.0160 147.9647
 48 1040  0.3149 -0.0122 73.7841
 80 1040  0.1424 -0.0826 71.2819
112 1040  0.1915 -0.0074 194.6284
144 1040  0.1150 -0.1424 171.7056
176 1040  0.0949 -0.1303 77.1689
208 1040  0.1679 -0.2375 211.8261
240 1040  0.0529 -0.1956 32.2409
272 1040  0.0352 -0.3524 22.6947
304 1040  0.0223 -0.2926 34.9696
336 1040 -0.0641 -0.2338 38.7145
368 1040  0.1623  0.1234 12.6931
400 1040  0.0208  0.0223 41.3301
432 1040  0.0455 -0.0017 36.5477
464 1040  0.0898 -0.0200 36.0676
496 1040  0.0532 -0.0520 25.8458
528 1040 -0.0491  0.0655 23.2711
560 1040  0.0492  0.0256 10.0563
592 1040 -0.3364  0.0184  5.2276
 16 1072  0.1051 -0.0205 102.5958
 48 1072  0.0806 -0.0108 209.0170
 80 1072  0.1655 -0.0252 271.4605
112 1072  0.1690 -0.1239 79.1332
144 1072  0.3086 -0.2026 105.4243
176 1072  0.1477 -0.2981 85.4548
208 1072  0.0722 -0.1791 95.6501
240 1072  0.0409 -0.1461 131.5612
272 1072  0.0081 -0.3078 47.0467
304 1072  0.0621 -0.4190 170.5701
336 1072 -0.0381 -0.1762 193.6011
368 1072 -0.0733 -0.1024 211.6359
400 1072  0.0005 -0.0779 159.8011
432 1072  0.0772 -0.0728 39.7054
464 1072  0.0613 -0.0199 22.5822
496 1072  0.0070 -0.0500 18.3839
528 1072  0.0407 -0.0953 40.4545
560 1072 -0.0084  0.0090 15.0253
592 1072 -0.1944  0.1688 13.1499
624 1072  0.0568  0.2693  6.7170
656 1072  0.1131  0.1661 11.8441
 16 1104  0.0564 -0.0166 21.7530
 48 1104  0.0837 -0.0096 35.3972
 80 1104  0.1022 -0.0373 135.2579
112 1104  0.0792 -0.0266 216.3653
144 1104  0.0793 -0.0241 45.3984
176 1104  0.0813 -0.0531 69.2879
208 1104  0.2241 -0.0929 230.5022
240 1104  0.0798 -0.3196 203.1502
272 1104 -0.0024 -0.1044 16.6682
304 1104  0.0042 -0.1768 103.3327
336 1104  0.0124 -0.1244 159.0692
368 1104  0.0454 -0.1564 145.0285
400 1104  0.0379 -0.0446 169.4933
432 1104  0.0760 -0.1350 97.8897
464 1104  0.0031 -0.0820 33.2672
496 1104  0.1302 -0.0854 29.9105
528 1104  0.0071 -0.0645 14.6378
560 1104 -0.0162  0.0282 18.5014
592 1104  0.0598  0.0049 10.6238
624 1104 -0.0063  0.0112 15.2787
656 1104 -0.0143  0.0026 11.7426
 16 1136  0.0163 -0.0110 16.8217
 48 1136  0.0541 -0.0519 65.1366
 80 1136  0.0879 -0.0508 23.5918
112 1136  0.0325 -0.0408 104.1098
144 1136  0.0999 -0.0412 46.4232
176 1136  0.0811 -0.1678 78.0166
208 1136  0.1024 -0.1680 112.6097
240 1136  0.0559 -0.1781 217.9249
272 1136  0.0243 -0.1585 343.1601
304 1136  0.0402 -0.1482 91.5906
336 1136  0.0475 -0.0988 117.0990
368 1136  0.0462 -0.1362 209.7010
400 1136  0.0599 -0.0496 250.2542
432 1136  0.0497 -0.1571 255.5287
464 1136  0.0323 -0.0569 62.1484
496 1136  0.0062 -0.0060 14.5423
528 1136  0.0070 -0.0291 15.6888
560 1136 -0.0012  0.0117 17.4329
592 1136 -0.0151 -0.0220 14.6733
624 1136 -0.0383  0.0191 17.6983
656 1136  0.0082 -0.0599 34.8939
 16 1168  0.0178 -0.0273 12.3287
 48 1168  0.0457  0.0147 18.4944
 80 1168  0.0359 -0.0173 145.2037
112 1168  0.1009 -0.0696 36.0267
144 1168  0.0232 -0.0243 17.0229
176 1168  0.0754 -0.0254 261.3259
208 1168  0.0561 -0.0335 31.4495
240 1168  0.0733 -0.0529 156.7971
272 1168  0.0978 -0.1392 147.1935
304 1168  0.0361 -0.0793 107.5944
336 1168  0.0476 -0.1422 127.8865
368 1168  0.0100 -0.0260 67.7811
400 1168  0.1073 -0.1005 197.8486
432 1168  0.0513 -0.0817 121.4316
464 1168  0.0510 -0.0596 78.4030
496 1168  0.0049 -0.0547 22.1185
528 1168  0.0072 -0.0397 12.3585
560 1168  0.0202 -0.0015 11.6155
592 1168  0.0375  0.0010 14.3931
624 1168 -0.0203  0.0266  9.7135
656 1168  0.0484 -0.0162 30.9865
 16 1200  0.0315  0.0000 15.5843
 48 1200  0.0800 -0.0081 14.6813
 80 1200  0.0391 -0.0064 118.9415
112 1200  0.0745 -0.1184 156.7581
144 1200  0.0569 -0.0152 204.3450
176 1200  0.1215 -0.0493 25.5362
208 1200  0.0943 -0.0657 235.2495
240 1200  0.1409 -0.1054 127.6935
272 1200  0.0580 -0.1995 34.4867
304 1200  0.0140 -0.0716 157.3741
336 1200  0.0676 -0.1674 42.4413
368 1200  0.0533 -0.1153 177.9048
400 1200  0.0941 -0.1679 104.1406
432 1200  0.1036 -0.0626 115.3888
464 1200  0.0552 -0.0763 251.9974
496 1200 -0.0279 -0.0426 21.8182
528 1200 -0.0137  0.0036 16.9581
560 1200 -0.0014 -0.0172 11.6544
592 1200 -0.0178 -0.0101 14.6131
624 1200 -0.0206 -0.0096 12.9606
656 1200 -0.0355  0.0429 33.7981
  0   0  0.0490 -0.0427  0.0000
  0   0  0.0326 -0.0574  0.0000
  0   0  0.0013 -0.0034  0.0000
  0   0 -0.0448  0.0494  0.0000
  0   0 -0.0399  0.1003  0.0000
  0   0 -0.0143  0.1474  0.0000
  0   0 -0.0106  0.1641  0.0000
  0   0 -0.0453  0.1672  0.0000
  0   0 -0.0148  0.1371  0.0000
