VARIABLES= "X pix", "Y pix", "U pix/dt", "V pix/dt", "CHC", ZONE I=21, J=30
 16 272 -0.0462 -0.0359 19.4288
 48 272 -0.1175 -0.2690 210.6738
 80 272 -0.1392 -0.2224 183.2494
112 272 -0.1005 -0.1046 105.7007
144 272 -0.1096 -0.2420 77.3465
176 272 -0.1047 -0.0782 58.5006
208 272 -0.0701 -0.2203 123.3112
240 272 -0.0565 -0.2440 77.8468
272 272 -0.0352 -0.1038 77.7002
304 272 -0.0594 -0.0853 201.9890
336 272 -0.0770 -0.0306 133.7912
368 272 -0.0354 -0.0306 94.4357
400 272 -0.0226  0.0017 54.4249
432 272  0.0381  0.0318 160.2064
464 272 -0.0097  0.0132 133.8294
496 272 -0.0015  0.0556 88.4947
528 272  0.0980  0.0407 131.0503
560 272  0.0266  0.0606 66.9196
592 272  0.0095  0.0018 241.7928
624 272  0.0089  0.0152 199.9997
656 272 -0.0130 -0.0430 172.4753
 16 304 -0.1538 -0.1763 100.1314
 48 304 -0.1481 -0.5067 93.3800
 80 304 -0.1957 -0.4538 111.5789
112 304 -0.1409 -0.2892 200.4464
144 304 -0.1526 -0.1531 39.9559
176 304 -0.1496 -0.1783 180.2700
208 304 -0.0977 -0.1016 206.3358
240 304 -0.0869 -0.1922 87.7869
272 304 -0.0731 -0.0979 290.1454
304 304 -0.0483 -0.0842 282.8599
336 304 -0.0627 -0.0552 135.0536
368 304  0.0046 -0.0389 64.1984
400 304 -0.0196 -0.0023 242.9158
432 304  0.0128  0.0236 191.1696
464 304 -0.0099 -0.0084 363.9927
496 304 -0.0047  0.0314 107.1394
528 304  0.0429  0.0225 128.5851
560 304  0.0259  0.0344 329.7068
592 304  0.0020  0.0123 202.5341
624 304  0.0550  0.0082 207.6640
656 304  0.0224  0.0235 46.9845
 16 336 -0.1146 -0.0485 17.9834
 48 336 -0.2680 -0.1757 45.4141
 80 336 -0.0654 -0.1385 52.5151
112 336 -0.2480 -0.3014 206.7122
144 336 -0.3695 -0.3048 67.1356
176 336 -0.1315 -0.1104 20.0017
208 336 -0.0886 -0.1136 214.4824
240 336 -0.1835 -0.1465 161.3777
272 336 -0.1057 -0.0956 226.5555
304 336 -0.1284 -0.0917 219.7280
336 336 -0.0908 -0.0719 170.6998
368 336 -0.0533 -0.0374 284.7400
400 336 -0.0313 -0.0527 171.1628
432 336 -0.0089  0.0265 104.7448
464 336 -0.0119  0.0014 109.6474
496 336  0.0000  0.0083 19.6619
528 336  0.0067  0.0228 90.2389
560 336 -0.0225  0.0281 151.8408
592 336  0.0116  0.0216 162.4515
624 336  0.0180  0.0280 104.8931
656 336  0.0037  0.0000 163.4797
 16 368 -0.2920 -0.2363 20.0763
 48 368 -0.0927 -0.1898 102.9630
 80 368 -0.3092 -0.3432 117.0622
112 368 -0.3973 -0.1562 126.8742
144 368 -0.0861 -0.5146 151.0590
176 368 -0.1083 -0.1234 124.0657
208 368 -0.2632 -0.0910 146.8077
240 368 -0.1824 -0.2213 295.7963
272 368 -0.2206 -0.0622 135.9912
304 368 -0.0763 -0.0509 229.5995
336 368 -0.0258 -0.0815 221.6896
368 368 -0.0381 -0.0689 305.7555
400 368  0.0027 -0.0626 166.3866
432 368 -0.0029 -0.0311 89.1242
464 368 -0.0063 -0.0126 134.5248
496 368  0.0461  0.0136 145.3740
528 368  0.0424  0.0388 195.7575
560 368  0.0216  0.0086 29.5065
592 368  0.0241  0.0181 67.6824
624 368  0.0215  0.0534 329.2044
656 368  0.0338  0.0060 113.0772
 16 400  1.8604  0.0976 24.5003
 48 400 -0.2028 -0.2794 96.8557
 80 400 -0.1812 -0.6243 105.7421
112 400 -0.2992 -0.4553 172.5731
144 400 -0.2025 -0.2509 120.2954
176 400 -0.2049 -0.0759 235.1931
208 400 -0.1215 -0.1050 474.5900
240 400 -0.1607 -0.1894 74.3923
272 400 -0.1312 -0.2064 33.0084
304 400 -0.0923 -0.1984 115.5332
336 400 -0.1165 -0.0732 67.1475
368 400 -0.0630 -0.1105 131.0369
400 400 -0.0249 -0.0882 206.0456
432 400  0.0031 -0.0232 162.6205
464 400  0.0012 -0.0154 237.2259
496 400  0.0327  0.0143 62.9340
528 400  0.0432 -0.0144 66.8726
560 400  0.0092  0.0279 44.2972
592 400  0.0249  0.0351 56.5717
624 400  0.0068 -0.0022 130.1740
656 400  0.0454  0.0330 165.2126
 16 432 -0.0426  0.0157 18.7350
 48 432 -0.7161 -0.2343 126.0470
 80 432 -0.2511 -0.5051 172.0972
112 432 -0.2518 -0.3718 200.3603
144 432 -1.0483 -0.3337 53.9181
176 432 -0.1850 -0.2614 185.2404
208 432 -0.3547 -0.2868 83.2765
240 432 -0.5259 -0.2711 101.2122
272 432 -0.0560 -0.1443 19.7458
304 432 -0.2089 -0.2476 333.3272
336 432 -0.0864 -0.2119 148.5852
368 432 -0.0541 -0.1887 110.4531
400 432 -0.0765 -0.1190 30.1813
432 432 -0.0157 -0.0253 71.2695
464 432 -0.0041 -0.0159 181.6323
496 432  0.0479 -0.0027 126.1503
528 432  0.0381  0.0136 106.6171
560 432  0.0415  0.0069 133.0174
592 432  0.0065  0.0316 121.6650
624 432  0.0476 -0.0025 151.8184
656 432  0.0119 -0.0045 123.5361
 16 464 -0.1990 -0.0649 16.3878
 48 464 -0.2435 -0.1311 18.2281
 80 464 -0.5559 -0.5788 202.8470
112 464 -0.3136 -0.5608 99.3017
144 464 -0.0550 -0.1388 16.6686
176 464 -0.4202 -0.3104 163.7713
208 464 -0.3721 -0.4689 168.1936
240 464 -0.0708 -0.2491 25.8079
272 464 -0.4248 -0.3650 156.4922
304 464 -0.1714 -0.2107 92.5502
336 464 -0.1378 -0.2240 151.3942
368 464 -0.1110 -0.1925 168.8104
400 464 -0.0457 -0.1686 145.1953
432 464 -0.0373 -0.1306 241.2997
464 464  0.0163 -0.0630 68.6241
496 464  0.0693 -0.0255 155.6670
528 464  0.0508 -0.0240 152.8497
560 464  0.0403 -0.0067 128.2205
592 464  0.0356  0.0613 122.5958
624 464  0.0214  0.0181 187.0943
656 464  0.0294  0.0012 219.3285
 16 496 -0.5064 -0.1218 20.9573
 48 496 -0.1854 -0.7312 237.2022
 80 496 -0.5021 -1.1221 60.8564
112 496 -0.2123 -0.2825 12.6124
144 496 -0.8525 -0.7990 122.8078
176 496 -0.2826 -0.3883 30.1766
208 496 -0.4357 -0.4390 168.1610
240 496 -0.3047 -0.5806 163.4292
272 496 -0.4173 -0.3458 280.1444
304 496 -0.2531 -0.2537 33.9297
336 496 -0.1743 -0.2479 77.1188
368 496 -0.0876 -0.3451 37.1682
400 496 -0.0727 -0.1775 170.0421
432 496 -0.0442 -0.1693 185.2185
464 496  0.0081 -0.1335 159.2731
496 496  0.0050 -0.0441 148.6675
528 496  0.0017 -0.0184 36.5590
560 496  0.0593 -0.0064 75.5782
592 496  0.0311  0.0395 16.9803
624 496  0.0613  0.0212 187.1526
656 496  0.0287  0.0050 128.0075
 16 528 -0.5477 -0.1892 32.2642
 48 528 -0.3131 -0.4089 99.7008
 80 528 -1.1553 -0.4438 84.2972
112 528 -0.3112 -0.7586 229.1235
144 528 -0.4439 -0.5977 45.7709
176 528 -0.3689 -0.7144 121.9024
208 528 -0.7170 -0.5356 358.1522
240 528 -0.8269 -0.7875 23.9275
272 528 -0.2550 -0.4730 197.3169
304 528 -0.3168 -0.3428 137.3359
336 528 -0.0174 -0.2550 74.6627
368 528 -0.2393 -0.3538 287.9417
400 528 -0.0383 -0.2714 142.4906
432 528 -0.0043 -0.2098 121.0970
464 528  0.0775 -0.1667 139.4615
496 528  0.1186 -0.1019 241.2323
528 528  0.0852 -0.0538 131.4164
560 528  0.0775  0.0123 186.7424
592 528  0.0969  0.0299 54.4753
624 528  0.0866  0.0885 45.0808
656 528  0.0451  0.0327 146.0678
 16 560 -0.8306 -0.7428 34.5150
 48 560 -0.9579 -0.2666 78.1855
 80 560 -1.1026 -0.7449 50.3116
112 560 -0.8118 -0.3066 159.4046
144 560 -1.0245 -0.8367 110.2428
176 560 -0.4752 -0.7782 20.1395
208 560 -0.7216 -0.8101 155.4944
240 560 -0.5439 -0.7159 113.1093
272 560 -0.5040 -0.8148 51.1906
304 560 -0.4448 -0.3489 223.0154
336 560 -0.5057 -0.5972 63.3906
368 560 -0.2047 -0.3741 165.0409
400 560 -0.1181 -0.2974 91.1045
432 560 -0.0006 -0.3830 93.4138
464 560  0.0579 -0.1790 63.6376
496 560  0.0661 -0.0970 84.2798
528 560  0.1469 -0.0153 127.7671
560 560  0.1584 -0.0054 193.0657
592 560  0.1573  0.0194 34.4412
624 560  0.1038  0.0889 152.3105
656 560  0.1059  0.0790 217.8134
 16 592 -0.1724 -0.1768 22.0032
 48 592 -0.1761 -0.2828 25.7889
 80 592 -0.3008 -0.1867 61.7584
112 592 -0.6217 -0.8095 132.5697
144 592 -0.7014 -0.7285 154.4728
176 592 -0.8490 -1.3853 74.1266
208 592 -0.8530 -1.0647 67.3425
240 592 -1.1281 -1.0912 61.0952
272 592 -0.9314 -0.4728 93.8282
304 592 -0.7556 -0.9065 197.3844
336 592 -0.3894 -0.7589 104.8769
368 592 -0.3150 -0.8046 113.3878
400 592 -0.0078 -0.7011 159.6107
432 592  0.1092 -0.3879 72.1378
464 592  0.1298 -0.4226 162.5626
496 592  0.2414 -0.3062 163.1144
528 592  0.3514 -0.0906 77.2351
560 592  0.2493  0.0014 138.8876
592 592  0.2278  0.1377 92.6340
624 592  0.1136  0.1451 42.8185
656 592  0.0010  0.1352 74.1352
 16 624 -0.1166 -0.2114 39.7359
 48 624 -0.2273 -0.1604 66.2733
 80 624 -0.6892 -0.3695 168.7500
112 624 -0.8588 -0.7387 76.6659
144 624 -0.8415 -0.5808 131.5706
176 624 -0.8582 -0.7302 95.6873
208 624 -1.0148 -1.1586 253.6680
240 624 -0.9729 -0.8851 146.6014
272 624 -0.8428 -1.0253 42.3091
304 624 -0.8391 -1.0488 195.6040
336 624 -0.5825 -1.0250 128.8551
368 624 -0.2925 -0.9239 96.0307
400 624 -0.0570 -1.1580 119.6976
432 624  0.1105 -0.9917 41.4700
464 624  0.0229 -0.1969 17.8769
496 624  0.6995 -0.2239 107.2385
528 624  0.7065 -0.0354 113.7143
560 624  0.2616  0.0102 368.9685
592 624  0.2225  0.1767 48.4238
624 624  0.2126  0.1708 56.8528
656 624  0.0180  0.2752 142.1785
 16 656 -0.2736 -0.0132 18.0829
 48 656 -0.8000 -0.3278 27.9224
 80 656 -0.2946 -0.1724 134.5076
112 656 -0.7559 -0.3774 25.7710
144 656 -0.9847 -0.6891 144.2311
176 656 -0.9669 -0.8379 126.8775
208 656 -0.8895 -0.8618 33.6875
240 656 -1.2129 -1.0362 100.1675
272 656 -1.0065 -1.4961 68.3944
304 656 -0.7562 -1.0502 74.4329
336 656 -0.7391 -1.3074 47.9679
368 656 -0.2186 -1.2589 112.6555
400 656  0.2113 -2.0170 214.3645
432 656  0.7811 -1.6508 60.0909
464 656  1.0049 -1.1422 151.0138
496 656  1.0109 -0.3690 131.1321
528 656  1.3922  0.0427 148.5970
560 656  0.8962  0.1940 109.2449
592 656  0.5123  0.4685 212.9594
624 656  0.1209  0.4817 103.6857
656 656  0.0939  0.5508 69.9133
 16 688 -0.0651 -0.1044 35.1351
 48 688 -0.0915 -0.1128 191.2224
 80 688 -0.5364 -0.3867 84.7984
112 688 -0.6868 -0.5688 188.4387
144 688 -0.8866 -0.4349 260.6616
176 688 -0.1393 -0.0397 28.6508
208 688 -0.1914 -0.2217 24.7731
240 688 -0.8918 -1.0762 32.7495
272 688 -1.1167 -1.1135 63.1555
304 688 -1.1395 -1.5177 136.5986
336 688 -1.0198 -1.6515 111.4806
368 688 -0.4601 -1.0923 74.4668
400 688 -0.2291 -2.8480 126.3598
432 688  1.0754 -2.7692 49.9353
464 688  0.2560 -1.4512 38.9704
496 688  1.1429 -0.2102 88.8583
528 688  1.0992  0.1067 47.4847
560 688  1.1387  0.2676 31.9735
592 688  0.9816  0.8106 105.4841
624 688  0.2922  0.6536 94.0818
656 688  0.1846  0.6568 95.7066
 16 720 -0.0277 -0.0385 21.7090
 48 720 -0.0685 -0.0941 314.4851
 80 720 -0.2678 -0.1416 121.7822
112 720 -0.2957 -0.1803 28.6184
144 720 -0.8950 -0.7240 110.0727
176 720 -1.1242 -1.2775 134.4592
208 720 -1.0152 -0.7933 63.8834
240 720 -0.9676 -1.0407 38.9331
272 720 -1.3105 -0.2933 83.1186
304 720 -1.1066 -1.2189 34.4926
336 720 -0.3599 -0.1519 121.8892
368 720 -0.4751  0.1376 41.9077
400 720 -1.3976  0.0120 53.2605
432 720 -3.0291  0.2320  8.9072
464 720 -0.4220  0.3954 37.7694
496 720  0.3881 -0.5874 63.1711
528 720 -0.2874 -0.2438 26.6567
560 720  0.3864  0.3079 46.1082
592 720  0.3750  0.9970 82.0378
624 720  0.1570  0.2091 13.6335
656 720  0.2393  1.0896 62.3881
 16 752 -0.0213 -0.0340 181.2513
 48 752 -0.0547  0.0097 93.2296
 80 752 -0.1088 -0.1086 209.5191
112 752 -0.6531 -0.3103 167.1849
144 752 -0.3460 -0.4933 23.4816
176 752 -0.5138 -0.3775 175.8020
208 752 -1.0842 -0.8531 204.7446
240 752 -1.0125 -1.1668 100.8580
272 752 -1.2683 -1.1298 100.8454
304 752 -1.6685 -1.2362 210.1791
336 752 -0.5964 -0.2968 19.7047
368 752 -0.1457  0.0563 37.6820
400 752 -0.1695 -0.1070 14.3147
432 752 -0.3978  0.1683  5.4430
464 752 -1.5394  0.3505  8.5977
496 752 -2.9590 -2.3179 46.0089
528 752 -2.1035 -1.9099 92.6650
560 752 -0.7986 -0.3541 54.6395
592 752 -0.0182  0.8393 63.7931
624 752  0.2282  0.8685 70.1066
656 752  0.2362  0.6898 72.9901
 16 784 -0.0069 -0.0002 19.2296
 48 784 -0.0889 -0.1044 51.4686
 80 784 -0.0927 -0.0366 199.7171
112 784 -0.1253 -0.3094 96.4197
144 784 -0.1248 -0.1464 35.1809
176 784 -0.2175 -0.2449 218.9125
208 784 -0.6924 -0.3323 25.3403
240 784 -0.7527 -0.2923 41.6481
272 784 -1.7981 -0.8047 21.7631
304 784 -1.6773 -1.4468 26.3395
336 784 -2.5442 -2.3333 65.9803
368 784 -2.8419 -2.9047 20.1122
400 784 -0.0693 -0.0050 10.7732
432 784 -1.7422  2.2287  6.9382
464 784 -0.2641  0.1417  4.0963
496 784 -0.3128  0.3331 20.6219
528 784 -2.1837 -1.6925 53.6103
560 784 -1.0986 -1.1306 118.6374
592 784 -1.0961  0.1719 133.1982
624 784 -0.1388  0.2619 28.2488
656 784  0.1816  0.3973 113.2730
 16 816  0.0019  0.0100 17.1128
 48 816 -0.1134  0.0044 39.2236
 80 816 -0.0812 -0.0870 238.2200
112 816 -0.0609 -0.0754 18.2222
144 816 -0.1586 -0.1836 250.1184
176 816 -0.2362 -0.1026 103.8487
208 816 -0.8331 -0.2395 18.9551
240 816 -0.9966 -0.3706 150.4003
272 816 -1.7339 -0.6353 33.0871
304 816 -2.9963 -1.3831 46.8874
336 816  0.0128 -0.1163 27.5436
368 816  2.5728 -0.0791 19.1356
400 816 -0.2082  0.0056  7.5455
432 816 -0.2807 -0.0230  9.9069
464 816 -0.4740  0.1335  4.4594
496 816 -0.0743  0.0959  4.7177
528 816 -0.0631 -0.0137 99.1071
560 816 -1.0910 -1.3592 24.3082
592 816 -1.0847 -0.2179 82.0861
624 816 -0.3786 -0.1153 43.3596
656 816 -0.0252 -0.0022 94.3103
 16 848  0.0391 -0.0086 24.2171
 48 848  0.0041  0.0002 37.7210
 80 848 -0.0206 -0.0508 248.3786
112 848 -0.0406 -0.0079 88.4172
144 848 -0.1548 -0.0061 309.3761
176 848 -0.2614 -0.0462 274.3992
208 848 -0.8711 -0.1431 127.8726
240 848 -1.1680 -0.0522 51.7739
272 848 -1.8398 -0.0948 45.9345
304 848 -3.2989 -0.1862 41.1690
336 848  0.0792 -0.3737 12.1748
368 848  0.0162 -0.4865  4.8992
400 848  0.3173 -0.4750  8.0444
432 848 -0.0177 -0.0742 11.5504
464 848 -0.1023 -0.0246  5.0440
496 848 -0.1749  0.0019  4.4498
528 848  0.0110 -0.0149 22.8839
560 848 -0.6811 -0.8000 84.0457
592 848 -0.0623 -0.0364 50.5786
624 848 -0.3401 -0.1543 95.8999
656 848 -0.0022 -0.0133 37.0687
 16 880  0.0377 -0.0006 16.0835
 48 880  0.0458 -0.0142 111.0601
 80 880 -0.0119 -0.0004 73.1088
112 880 -0.0212 -0.0243 312.3173
144 880 -0.1010  0.0095 159.4352
176 880 -0.1432  0.1403 57.8892
208 880 -0.1525  0.1071 308.4184
240 880 -0.8582  0.0641 184.0907
272 880 -1.5670  0.1128 149.4243
304 880 -1.0683 -0.9870 11.3873
336 880  0.4992 -0.5000 17.0284
368 880  0.1292 -0.1978  4.3025
400 880  0.0078 -0.0830  4.1499
432 880  0.3232 -0.2382  5.0355
464 880 -0.1647 -0.1417  5.4220
528 880  0.0624 -0.0651 13.1512
560 880  0.0334 -0.0676 16.5353
592 880  0.0825 -0.0685  6.8406
624 880 -0.0700 -0.0452 25.1855
656 880 -0.0117 -0.0585 12.4319
 16 912  0.0487  0.0072 144.3084
 48 912  0.0776  0.0165 44.6616
 80 912  0.0306  0.0295 155.0430
112 912 -0.0031 -0.0115 150.9697
144 912 -0.0130  0.1525 145.1092
176 912 -0.0484  0.0812 112.9302
208 912 -0.1179  0.1761 214.6622
240 912 -0.1283  0.3253 17.4892
272 912 -0.6191  0.4180 273.5820
304 912 -1.4237 -2.9002 108.9204
336 912 -0.0373 -0.0646 12.3226
368 912  0.4879 -0.4908 22.0502
400 912  0.1291 -0.0830  4.2622
528 912  0.0276 -0.0276  4.3854
560 912  0.0126 -0.0779  5.7338
592 912  0.0150  0.0000  4.1290
624 912  0.0883 -0.0619  7.5961
656 912 -0.1231 -0.0413  6.7071
 16 944  0.1398  0.0090 46.5392
 48 944  0.0332  0.0029 18.1577
 80 944  0.0413  0.0298 234.2304
112 944  0.0048  0.0207 309.4637
144 944  0.0166  0.0432 98.5725
176 944  0.0651  0.0965 107.8819
208 944 -0.0468  0.2318 155.6476
240 944  0.0354  0.6233 212.2077
272 944 -0.0318  0.2431 20.9413
304 944 -0.7185 -0.9710 24.1200
336 944 -0.8096 -1.8843 77.7723
368 944 -0.0550  0.0149 15.9643
400 944  0.3410 -0.3449 17.2750
432 944  0.0021 -0.2365  7.3918
464 944 -0.0130 -0.0857  8.0011
496 944  0.0075 -0.0431  7.9284
528 944  0.0079 -0.0123  4.2856
624 944  0.0975 -0.0267  4.7460
656 944 -0.1061 -0.0449  4.7149
 16 976  0.0855  0.0213 26.3848
 48 976  0.1076  0.0192 70.8143
 80 976  0.0239  0.0213 324.5058
112 976  0.0559  0.0505 465.5643
144 976  0.1838  0.0924 194.0878
176 976  0.0326  0.0644 270.5005
208 976  0.0529  0.0806 285.5422
240 976  0.3362  0.3563 37.0736
272 976  0.5285  0.6374 27.4163
304 976  0.5006 -0.2652 132.4140
336 976 -0.4087 -0.3834 128.7710
368 976 -0.0123 -0.3031  9.2254
400 976 -0.8356 -1.2494 14.1183
432 976 -1.1915 -1.0397 12.4837
464 976 -0.0019 -0.0283 35.7311
496 976 -0.0390 -0.0090  9.1076
528 976 -0.0148  0.0405  5.0603
 16 1008  0.0313  0.0127 21.3984
 48 1008  0.0457  0.0497 49.4303
 80 1008  0.0990  0.0445 208.9496
112 1008  0.0814  0.0376 84.2225
144 1008  0.0672  0.0129 104.3905
176 1008  0.1060  0.0229 218.0606
208 1008  0.0961  0.0475 290.0307
240 1008  0.3339  0.1369 58.3271
272 1008  0.4524  0.0902 175.6471
304 1008  0.8603 -0.0939 61.7177
336 1008  0.4534 -0.2725 17.7321
368 1008  0.0754 -1.5257 12.2738
400 1008 -0.0030 -0.0549 10.6840
432 1008 -0.5478 -1.7484 13.1902
464 1008  0.0219 -0.0303 11.5014
496 1008 -0.0022 -0.0296 25.6869
528 1008 -0.0386  0.0095 12.7333
560 1008 -0.0681  0.1178  6.8522
592 1008 -0.0430  0.0338  4.0797
 16 1040  0.0380  0.0336 113.6595
 48 1040  0.1081 -0.0077 176.0193
 80 1040  0.0689 -0.0103 217.7595
112 1040  0.0748 -0.0198 134.8931
144 1040  0.2084  0.0308 96.7441
176 1040  0.1524  0.0173 141.5237
208 1040  0.1089  0.0347 24.2176
240 1040  0.3702 -0.0466 35.9784
272 1040  0.9816  0.1850 46.1968
304 1040  0.5385 -0.1552 26.7727
336 1040  0.7545 -0.6173 28.0313
368 1040  0.2688 -1.0031 62.8195
400 1040 -0.0040 -0.1195 13.8274
432 1040 -0.0013 -0.5369 24.5807
464 1040  0.0078 -0.0537 32.2178
496 1040  0.0209  0.0025 16.8436
528 1040 -0.0061 -0.0481 11.0343
560 1040 -0.0352 -0.0296 13.7234
592 1040 -0.1229 -0.0468  6.1367
 16 1072  0.2415  0.0276 91.9695
 48 1072  0.0268 -0.0305 69.0521
 80 1072  0.0283 -0.0048 108.8758
112 1072  0.0696 -0.0048 23.9603
144 1072  0.0902  0.0065 77.6872
176 1072  0.0685  0.0131 299.7007
208 1072  0.1040  0.0068 278.0859
240 1072  0.1174 -0.0337 42.8709
272 1072  0.2460 -0.1154 92.0530
304 1072  0.4732 -0.1016 18.0158
336 1072  0.3979 -0.3751 86.5495
368 1072  0.7432 -0.7742 44.4954
400 1072  0.1439 -0.4082 22.6741
432 1072  0.0184 -0.0466 24.1028
464 1072  0.0038  0.0115  9.3172
496 1072  0.0466  0.0389 14.0101
528 1072 -0.0113 -0.0661 11.0188
560 1072 -0.0510  0.0462  8.7239
592 1072  0.0045  0.0467 10.5262
624 1072 -0.0612  0.0381  5.6924
656 1072 -0.0714  0.0528  4.6219
 16 1104  0.0311 -0.0125 22.3108
 48 1104  0.0104 -0.0386 35.3040
 80 1104  0.0920  0.0266 172.0884
112 1104  0.0723 -0.0051 42.0862
144 1104  0.1780  0.0249 110.8539
176 1104  0.1087 -0.0123 93.4881
208 1104  0.1440 -0.1003 234.5944
240 1104  0.1012 -0.0881 59.7229
272 1104  0.7692 -0.0749 173.6920
304 1104  0.4121 -0.2766 74.0724
336 1104  0.2919 -0.3586 150.8144
368 1104  0.0689 -0.1572 21.7588
400 1104  0.1061 -0.4652 41.0972
432 1104  0.0133 -0.0379 19.2309
464 1104  0.0003  0.0032 19.3290
496 1104 -0.0100 -0.0187 14.4713
528 1104 -0.0055 -0.0045 11.3336
560 1104  0.0098 -0.0055 12.6572
592 1104 -0.0139 -0.0018 10.5942
624 1104  0.0458  0.0516 11.4602
656 1104 -0.0975  0.0941  8.6444
 16 1136  0.0793  0.0087 31.0816
 48 1136  0.0115  0.0251 20.8462
 80 1136  0.0715 -0.0120 106.1343
112 1136  0.2580 -0.0566 94.0696
144 1136 -0.0025 -0.0300 15.3670
176 1136  0.1457 -0.0109 162.6815
208 1136  0.0849 -0.1565 133.7899
240 1136  0.0958 -0.0535 55.6778
272 1136  0.0820 -0.0735 21.1528
304 1136  0.1534 -0.1726 148.1237
336 1136  0.1341 -0.4026 132.3811
368 1136  0.1052 -0.1736 19.9766
400 1136  0.0398 -0.5557 150.3315
432 1136  0.0382 -0.6061 58.0468
464 1136  0.0280 -0.1266 20.4566
496 1136 -0.0191 -0.0580 15.1038
528 1136  0.0082 -0.0315 16.3556
560 1136  0.0015 -0.0206 10.7587
592 1136 -0.0787 -0.0154 12.9258
624 1136 -0.0213 -0.0157 13.5886
656 1136 -0.0219  0.0263 17.5341
 16 1168  0.0214  0.0112 28.8359
 48 1168 -0.0144  0.0135 17.1201
 80 1168  0.0562 -0.0247 82.0962
112 1168  0.2045 -0.0542 24.2457
144 1168  0.0962 -0.0211 19.4319
176 1168  0.0767 -0.0415 97.1997
208 1168  0.1640 -0.1079 167.4910
240 1168  0.2636 -0.0812 144.5195
272 1168  0.1574 -0.0855 28.9998
304 1168  0.0934 -0.0307 42.4197
336 1168  0.2886 -0.1581 70.6856
368 1168  0.4067 -0.3080 291.0579
400 1168  0.3979 -0.3042 151.7496
432 1168  0.0548 -0.1026 13.5733
464 1168  0.0266 -0.0198 12.2448
496 1168  0.0116 -0.0195 14.5818
528 1168  0.0076 -0.0289 20.7492
560 1168 -0.0002 -0.0083 12.7978
592 1168 -0.0129  0.0034 10.8035
624 1168  0.0039  0.0206 13.7296
656 1168  0.0389 -0.0668 14.1693
 16 1200  0.0173 -0.0094 10.7081
 48 1200  0.0180  0.0203 15.2446
 80 1200  0.1176  0.0367 123.1554
112 1200  0.1525 -0.0293 106.6738
144 1200  0.0589  0.0240 143.2476
176 1200  0.1626 -0.2260 134.6676
208 1200  0.0405 -0.0418 227.8006
240 1200  0.1220 -0.1619 205.9925
272 1200  0.1719 -0.1144 163.7158
304 1200  0.0653 -0.2175 70.4467
336 1200  0.4105 -0.1282 129.4842
368 1200  0.2275 -0.0603 118.2434
400 1200  0.0000 -0.0217 13.6856
432 1200  0.0184 -0.0209 13.0191
464 1200  0.0118 -0.0252 13.1548
496 1200  0.0077 -0.0239 23.3237
528 1200 -0.0041  0.0294 23.1875
560 1200  0.0121  0.0023 14.3182
592 1200 -0.0075 -0.0041 13.7397
624 1200 -0.0004 -0.0511 15.4410
656 1200  0.0408  0.0185 28.5069
  0   0  0.1898 -0.1526  0.0000
  0   0  0.0636 -0.1171  0.0000
  0   0 -0.0382 -0.0251  0.0000
  0   0 -0.0822  0.0343  0.0000
  0   0 -0.1025  0.0508  0.0000
  0   0 -0.1236  0.1071  0.0000
  0   0 -0.1443  0.2008  0.0000
  0   0 -0.1174  0.2886  0.0000
  0   0 -0.0597  0.3000  0.0000
  0   0 -0.0155  0.4245  0.0000
  0   0  0.0601  0.4469  0.0000
  0   0  0.1999  0.2918  0.0000
  0   0  0.2754  0.0971  0.0000
  0   0  0.2303 -0.0091  0.0000
