VARIABLES= "X pix", "Y pix", "U pix/dt", "V pix/dt", "CHC", ZONE I=21, J=30
 16 272 -0.1660 -0.2269 74.7688
 48 272 -0.1356 -0.0939 240.2246
 80 272 -0.0876 -0.1109 22.0553
112 272 -0.2872 -0.3533 140.2675
144 272 -0.0991 -0.3018 46.3132
176 272 -0.1331 -0.0115 278.9668
208 272 -0.0817 -0.0959 172.0816
240 272 -0.1142 -0.1574 82.3662
272 272 -0.1027 -0.0396 243.8804
304 272 -0.0871 -0.0237 223.8258
336 272 -0.0267  0.0006 160.4997
368 272 -0.0415  0.0123 159.8080
400 272 -0.0055  0.0466 146.0320
432 272 -0.0027  0.0419 181.9000
464 272  0.0697  0.1087 187.6443
496 272 -0.0277  0.0992 181.7040
528 272 -0.0243  0.0541 72.1594
560 272  0.0184  0.0601 188.3165
592 272 -0.0214  0.0786 30.4314
624 272  0.0025  0.0211 148.0529
656 272 -0.0295  0.0599 144.0484
 16 304 -0.2636 -0.1222 100.3164
 48 304 -0.0432 -0.0239 36.4136
 80 304 -0.2562 -0.2464 191.7886
112 304 -0.0644 -0.1682 269.3081
144 304 -0.2266 -0.3022 250.5443
176 304 -0.1080 -0.1036 193.0088
208 304 -0.1197 -0.1638 241.2025
240 304 -0.1317 -0.1086 89.4887
272 304 -0.0683 -0.0473 118.8499
304 304 -0.0461 -0.0379 211.1817
336 304 -0.0626 -0.0022 95.7673
368 304 -0.0372  0.0187 158.6167
400 304 -0.0264  0.0187 77.6736
432 304 -0.0493  0.0162 53.3276
464 304 -0.0114  0.0307 208.6885
496 304 -0.0246  0.0182 102.1179
528 304 -0.0104  0.0582 173.9159
560 304  0.0043  0.0390 89.9311
592 304 -0.0174  0.0654 95.1062
624 304 -0.0134  0.0176 171.3466
656 304 -0.0082  0.0277 114.3122
 16 336 -0.0497 -0.5120 104.5914
 48 336 -0.3845 -0.1723 182.7780
 80 336 -0.2255 -0.2465 150.1583
112 336 -0.2049 -0.3011 159.7893
144 336 -0.0999 -0.4004 127.0557
176 336 -0.2046 -0.2607 261.5166
208 336 -0.0516 -0.0866 298.5022
240 336 -0.0476 -0.1436 246.4742
272 336 -0.0777 -0.0145 29.0591
304 336 -0.0593 -0.1338 249.0046
336 336 -0.0273 -0.0420 65.1539
368 336 -0.0292  0.0037 63.8478
400 336 -0.0261  0.0272 153.5777
432 336 -0.0220  0.0480 199.4104
464 336  0.0064  0.0523 122.1368
496 336  0.0079  0.0584 75.5257
528 336  0.0101  0.0534 111.5020
560 336  0.0219  0.0362 199.4330
592 336 -0.0039  0.0559 147.1839
624 336  0.0165  0.0361 96.1894
656 336 -0.0096  0.0206 198.1557
 16 368 -0.4209 -0.2387 158.9291
 48 368 -0.1815 -0.2475 78.1400
 80 368 -0.3548 -0.3469 220.0673
112 368 -0.1170 -0.2477 42.9405
144 368 -0.1832 -0.2244 219.2421
176 368 -0.2001 -0.2961 63.9687
208 368 -0.5481 -0.0728 130.6602
240 368 -0.1511 -0.1345 104.1904
272 368 -0.1316 -0.0646 56.5809
304 368 -0.1110 -0.1042 119.1018
336 368 -0.0924 -0.0699 295.0534
368 368 -0.0273 -0.0493 217.4580
400 368 -0.0362 -0.1146 251.7735
432 368 -0.0033  0.0054 97.5214
464 368 -0.0236  0.0446 157.6513
496 368 -0.0249  0.0891 277.5835
528 368 -0.0079  0.0415 121.3459
560 368  0.0058  0.0428 171.1510
592 368 -0.0088  0.0346 65.7502
624 368  0.0159  0.0058 38.1482
656 368  0.0015  0.0565 111.0177
 16 400 -0.3475 -0.1684 18.2158
 48 400 -0.9622 -0.3069 140.7154
 80 400 -0.4504 -0.5650 141.6707
112 400 -0.2942 -0.2235 132.5488
144 400 -0.1842 -0.4052 85.2798
176 400 -0.1869 -0.2900 142.7030
208 400 -0.1961 -0.1294 73.1344
240 400 -0.1248 -0.2422 160.9255
272 400 -0.0878 -0.1362 173.4753
304 400 -0.1491 -0.1466 221.2423
336 400 -0.0723 -0.0650 245.2266
368 400 -0.0882 -0.0515 75.9720
400 400 -0.0335  0.0040 139.8084
432 400  0.0678  0.0544 126.7727
464 400  0.0209  0.0301 236.0420
496 400 -0.0050  0.0239 221.8398
528 400 -0.0022  0.0491 144.1949
560 400  0.0000  0.0557 138.4883
592 400 -0.0779  0.0658 61.8305
624 400 -0.0007  0.0299 136.3674
656 400  0.0086  0.0170 158.4335
 16 432 -0.0066 -0.0238 17.6882
 48 432 -0.6076 -0.4369 225.0478
 80 432 -0.2061 -0.2599 76.9622
112 432 -0.1514 -0.3105 187.6128
144 432 -0.1715 -0.2924 181.5771
176 432 -0.2443 -0.1906 29.9106
208 432 -0.0010 -0.5380 110.1049
240 432 -0.1558 -0.2394 229.1584
272 432 -0.1511 -0.3011 120.7520
304 432 -0.0827 -0.1195 166.8178
336 432 -0.0991 -0.0833 169.7900
368 432 -0.0606 -0.0572 207.2391
400 432 -0.0346 -0.0150 209.8670
432 432 -0.0500  0.0276 199.2435
464 432 -0.0218  0.0455 80.3335
496 432 -0.0211  0.0088 175.9639
528 432 -0.0326 -0.0085 150.9261
560 432  0.0535  0.0494 139.2224
592 432  0.0322  0.0031 141.1009
624 432 -0.0159  0.0171 39.7445
656 432  0.0085 -0.0081 107.8265
 16 464 -0.3444 -0.2942 159.2935
 48 464 -0.2545 -0.1282 90.5631
 80 464 -0.4751 -0.4292 157.8716
112 464 -0.0175 -0.2503 35.3426
144 464 -0.3286 -0.7821 86.7924
176 464 -0.2190 -0.2977 198.7900
208 464 -0.5298 -0.2518 162.8573
240 464 -0.1989 -0.3970 31.6293
272 464 -0.2442 -0.2120 238.3450
304 464 -0.0526 -0.0738 320.6168
336 464 -0.1974 -0.1202 101.5987
368 464 -0.1079 -0.0517 310.9542
400 464 -0.0911 -0.0246 102.0577
432 464 -0.0414 -0.0183 32.0535
464 464 -0.0235 -0.0082 129.0150
496 464 -0.0214  0.0788 186.0096
528 464 -0.0541  0.0451 110.9474
560 464 -0.0185  0.0503 94.8734
592 464  0.0514 -0.0127 201.0428
624 464  0.0118  0.0059 96.6587
656 464  0.0015 -0.0118 136.6520
 16 496 -0.3652 -0.2183 47.5484
 48 496 -0.6029 -0.8752 157.3313
 80 496 -0.5279 -0.3673 27.3902
112 496 -0.2579 -0.4555 47.0458
144 496 -0.6486 -0.6872 79.5659
176 496 -0.5872 -0.8421 90.4191
208 496 -0.4839 -0.4208 110.7963
240 496 -0.2678 -0.4134 121.0824
272 496 -0.2335 -0.2677 67.0753
304 496 -0.1793 -0.2005 120.2514
336 496 -0.1156 -0.1055 202.2741
368 496 -0.1125 -0.1475 225.6118
400 496 -0.0521  0.0155 230.9309
432 496 -0.0489 -0.0038 122.8743
464 496 -0.0636  0.0468 140.4509
496 496 -0.0375  0.0314 113.5186
528 496 -0.0206  0.0290 196.3933
560 496 -0.0182  0.0339 48.5976
592 496 -0.0386  0.0368 257.1277
624 496  0.0647 -0.0255 96.5244
656 496  0.0102  0.0078 99.7654
 16 528 -0.1423 -0.1130 24.9194
 48 528 -0.1303 -0.2972 42.4369
 80 528 -0.7800 -0.4342 108.6346
112 528 -0.7145 -0.7773 96.6597
144 528 -0.1725 -0.1451 11.4001
176 528 -0.5855 -0.8015 187.3327
208 528 -0.6693 -0.7023 61.9699
240 528 -0.2080 -0.4214 126.1831
272 528 -0.1767 -0.5737 60.6256
304 528 -0.1910 -0.2533 46.0473
336 528 -0.2645 -0.3043 197.5910
368 528 -0.1625 -0.1096 186.4453
400 528 -0.1536 -0.0351 192.2385
432 528 -0.0639 -0.0128 51.4309
464 528 -0.0721  0.0239 107.7820
496 528 -0.0065  0.0073 115.0455
528 528 -0.0377  0.0018 157.6703
560 528 -0.0212 -0.0422 97.8396
592 528 -0.0080 -0.0273 59.2608
624 528 -0.0254 -0.0774 128.3754
656 528  0.0364 -0.0334 150.7190
 16 560 -0.5039 -0.1199 54.5860
 48 560 -0.6672 -0.4363 44.0823
 80 560 -0.3485 -0.2383 100.4784
112 560 -0.5182 -0.4120 141.9068
144 560 -0.8167 -1.1746 86.4143
176 560 -0.4233 -0.0404 19.9472
208 560 -0.7469 -0.7493 111.5653
240 560 -1.3146 -0.8776 170.3813
272 560 -0.3884 -0.5191 232.6084
304 560 -0.7516 -0.4205 61.9776
336 560 -0.4244 -0.1788 153.0068
368 560 -0.2010 -0.1180 231.6064
400 560 -0.2138 -0.1143 82.3981
432 560 -0.1502 -0.0156 22.3698
464 560 -0.1499  0.0134 40.0927
496 560 -0.1732 -0.0012 142.5915
528 560 -0.0623 -0.0444 79.2162
560 560 -0.0393 -0.0330 171.8977
592 560 -0.0305 -0.0864 38.9812
624 560  0.0131 -0.0771 17.2467
656 560  0.0635 -0.0918 95.8290
 16 592 -0.0982 -0.1126 25.0487
 48 592 -0.2230 -0.2928 55.9969
 80 592 -0.3182 -0.3482 94.5575
112 592 -0.8857 -0.8643  9.8769
144 592 -1.1675 -0.9571 130.7581
176 592 -0.9142 -0.8956 106.2498
208 592 -1.2740 -0.7587 151.0847
240 592 -0.8003 -1.3387 140.8584
272 592 -0.8141 -0.7104 81.5610
304 592 -0.9268 -0.4955 98.0185
336 592 -0.3335 -0.2528 181.0127
368 592 -0.1266 -0.2408 176.9160
400 592 -0.2241 -0.0410 46.2327
432 592 -0.0759 -0.0470 104.4524
464 592 -0.2926 -0.0419 141.1910
496 592 -0.1554 -0.0356 120.9357
528 592 -0.2197 -0.0719 176.2442
560 592 -0.0284 -0.0493 57.6623
592 592 -0.0340 -0.1226 51.6401
624 592  0.0317 -0.1255 124.8937
656 592  0.0704 -0.1395 157.0439
 16 624 -0.3749 -0.0641 88.0407
 48 624 -0.2251 -0.2248 265.3759
 80 624 -0.7997 -0.2422 84.2915
112 624 -0.9045 -0.5309 165.8595
144 624 -0.9328 -0.6251 193.8777
176 624 -0.9981 -0.7170 43.7068
208 624 -1.1466 -0.8907 144.3276
240 624 -1.2385 -1.0055 208.8560
272 624 -0.8852 -0.6466 90.7274
304 624 -0.4119 -0.1891 27.6863
336 624 -0.2707 -0.1812 58.7705
368 624 -0.7222 -0.0300 142.1409
400 624 -0.4990 -0.1032 158.8287
432 624 -0.2536 -0.0167 138.9051
464 624 -0.2075  0.0166 81.9506
496 624 -0.3069 -0.0794 158.1136
528 624 -0.2782 -0.0673 267.8134
560 624 -0.2553 -0.3285 106.8925
592 624 -0.0133 -0.1502 45.7938
624 624 -0.0013 -0.1890 154.0075
656 624 -0.0089 -0.1726 104.7857
 16 656 -0.1798 -0.1192 35.5586
 48 656 -0.3767 -0.0264 95.9558
 80 656 -0.8671 -0.5943 104.4097
112 656 -1.2884 -0.5755 79.9883
144 656 -0.8747 -0.9445 123.2992
176 656 -1.6904 -0.9447 220.7192
208 656 -0.1674 -0.0724  9.2342
240 656 -0.2429 -0.5929 119.9719
272 656 -0.1934 -0.7121 120.9782
304 656 -1.3134 -0.6819 32.4186
336 656 -1.1350 -0.4595 141.1329
368 656 -0.7168 -0.1042 172.3599
400 656 -0.6668 -0.0451 46.8382
432 656 -1.2646 -0.0191 181.6496
464 656 -0.5603 -0.0569 181.2123
496 656 -1.0949 -0.1147 181.7950
528 656 -0.4442 -0.2136 65.3405
560 656 -0.2117 -0.3217 54.2702
592 656 -0.0677 -0.1956 41.4036
624 656 -0.0093 -0.4034 47.1531
656 656  0.0151 -0.2146 74.1606
 16 688 -0.5764 -0.2425 191.8537
 48 688 -0.2743 -0.0890 71.7695
 80 688 -0.1392 -0.3144 49.7198
112 688 -0.1219 -0.3733 68.2891
144 688 -0.2700 -0.2990 42.4076
176 688 -0.2448 -0.3161 43.9922
208 688 -0.5824 -0.5214 339.9283
240 688 -1.6204 -0.8907 84.8122
272 688 -1.4907 -0.8121 94.8955
304 688 -0.8842 -0.5463 121.4483
336 688 -0.9985 -1.1210 229.7334
368 688 -0.8694 -0.3144 203.7875
400 688 -0.5872  0.0263 112.7182
432 688 -0.5716  0.0310 80.2691
464 688 -0.1571 -0.0445 166.6651
496 688 -0.2340 -0.3668 79.1752
528 688 -0.2633 -0.6698 96.2477
560 688 -0.0030 -0.4399 89.5003
592 688  0.0581 -0.1342 11.5938
624 688 -0.0148 -0.3087 59.6058
656 688 -0.0008 -0.2116 46.6038
 16 720 -0.0724 -0.0195 243.8947
 48 720 -0.1785 -0.0415 68.8658
 80 720 -0.1235 -0.1185 259.5041
112 720 -0.1695 -0.2705 283.5365
144 720 -0.0560 -0.0277 24.9153
176 720 -0.5030 -0.4827 64.9377
208 720 -1.1368 -1.0347 240.3259
240 720 -1.0493 -1.0013 53.5170
272 720 -1.1600 -0.7786 225.4906
304 720 -0.3788 -0.4895 189.0492
336 720 -0.7496 -0.3500 124.9160
368 720 -0.1732 -0.0681 304.6755
400 720  0.0183  0.0743 66.8772
432 720  0.0419  0.1138 40.2927
464 720  0.1705 -0.0670 87.7449
496 720  0.2160 -0.5965 122.2567
528 720  0.6020 -1.2047 60.0880
560 720  0.2887  0.0765 15.3804
592 720  0.0690  0.2796 24.7880
624 720 -0.0313 -0.3319 30.9017
656 720 -0.0657 -0.2744 97.0316
 16 752 -0.0119  0.0110 16.7332
 48 752 -0.0347 -0.0209 64.8712
 80 752 -0.0901 -0.0791 162.5289
112 752 -0.1319 -0.0978 239.2169
144 752 -0.3318 -0.1931 108.0266
176 752 -0.7452 -0.8063 104.2909
208 752 -0.3708 -0.3580 212.4624
240 752 -0.6742 -0.5637 67.9042
272 752 -0.2519 -0.3925 16.8995
304 752 -0.4722 -0.2411 30.0028
336 752 -0.1864 -0.2226 95.2844
368 752 -0.0569 -0.1010 285.3694
400 752 -0.0012  0.2156 332.7771
432 752  0.6801  0.0749 47.5133
464 752  1.2922 -0.0651 41.1232
496 752 -0.7131 -0.5048 153.3470
528 752  0.0540 -0.1034 25.3204
560 752  0.5101 -0.0743  8.7955
592 752  0.1813  0.2279 10.6471
624 752 -0.0926  0.0677 10.0793
656 752 -0.0370 -0.0318 23.4109
 16 784  0.0032 -0.0042 209.6400
 48 784 -0.0303 -0.0437 110.1043
 80 784  0.0228 -0.0300 65.0850
112 784  0.0022 -0.0148 248.5917
144 784 -0.0369 -0.0949 97.6535
176 784 -0.1381 -0.1223 29.2946
208 784 -0.2326 -0.2432 57.4391
240 784 -0.1602 -0.4804 30.1471
272 784 -0.2746 -0.3150 121.7956
304 784 -0.3451 -0.3496 31.3983
336 784  0.0115 -0.2330 181.0226
368 784  0.4849 -0.1056 208.6134
400 784  0.7439  0.1054 65.9444
432 784  0.3603 -0.0359 34.2110
464 784 -0.2042 -0.3070 142.4668
496 784 -0.1270 -0.1210 94.5356
528 784  0.0973  0.0050 16.1565
560 784  0.1440  0.1664 10.0765
592 784  0.1062  0.1041 27.8561
624 784  0.0222 -0.0413 19.7686
656 784 -0.0610  0.0337  8.7936
 16 816 -0.0008 -0.0311 23.6792
 48 816  0.0194 -0.0082 113.5122
 80 816  0.0513 -0.0368 91.2634
112 816  0.0267 -0.0812 205.7890
144 816  0.0004 -0.1231 102.4702
176 816 -0.0071 -0.1331 187.1949
208 816 -0.0982 -0.4962 79.9279
240 816 -0.0770 -0.3421 95.4984
272 816 -0.0042 -0.3668 79.8253
304 816  0.0437 -0.4718 52.9962
336 816  0.1397 -0.3887 215.5424
368 816  0.4591 -0.1862 187.4157
400 816  0.6620  0.0899 108.6817
432 816  1.5573  0.1154 119.9152
464 816  1.7386 -0.0135 40.2280
496 816  0.2488 -0.0839 13.6668
528 816  0.1496  0.0897  7.1945
560 816  0.0225  0.1049  7.8156
592 816  0.0024  0.0167 15.1854
624 816  0.0241  0.0333  9.4930
656 816  0.0201  0.0037 12.3796
 16 848  0.0025 -0.0237 21.3668
 48 848  0.0184 -0.0183 19.7666
 80 848  0.0836 -0.0298 157.5606
112 848  0.0434 -0.0208 402.4026
144 848  0.0555 -0.0747 243.8764
176 848  0.1133 -0.1381 222.1098
208 848  0.1674 -0.4199 284.8141
240 848  0.1029 -0.2254 29.0996
272 848  0.1472 -0.3617 38.8115
304 848  0.3643 -0.3682 44.3459
336 848  0.6770 -0.4946 97.5821
368 848  0.9579 -0.1386 76.5819
400 848  1.3734  0.0513 77.1517
432 848  1.5906  0.0729 23.9208
464 848  1.1625 -0.0906 33.6123
496 848  0.0680  0.0849 18.3837
528 848 -0.0609 -0.0721  5.8213
560 848 -0.0121 -0.0132 50.3820
592 848  0.0674  0.0151 53.0215
624 848  0.0290  0.0080 39.5309
656 848 -0.0037  0.0090 27.1484
 16 880  0.0279 -0.0003 16.1749
 48 880  0.0561 -0.1414 151.4034
 80 880  0.2105 -0.0289 106.2158
112 880  0.0744 -0.1373 116.5736
144 880  0.3583 -0.0704 123.5051
176 880  0.0872 -0.0798 15.9014
208 880  0.2150 -0.1806 43.8067
240 880  0.0837 -0.3291 291.8866
272 880  0.1318 -0.0065 93.3269
304 880  1.1712 -0.8302 34.4974
336 880  0.7032 -0.4731 99.1705
368 880  1.1016 -0.2943 53.2174
400 880  1.0641 -0.0741 24.9689
432 880  0.2289 -0.0447 15.5163
464 880  0.7454 -0.0948 34.5550
496 880  0.1452  0.1411  5.9540
528 880 -0.0906  0.0182  8.8135
560 880 -0.0554 -0.0707 19.3872
592 880 -0.0258 -0.0070 20.0550
624 880  0.1961 -0.0408 17.8625
656 880  0.0195  0.0464 31.6696
 16 912  0.0033  0.0103 25.2483
 48 912  0.0403 -0.0050 53.6813
 80 912  0.0743 -0.0259 131.1324
112 912  0.0315 -0.1090 37.3228
144 912  0.0567 -0.0959 157.2054
176 912  0.3952 -0.1007 89.9241
208 912  0.1468 -0.3878 143.2561
240 912  0.3417 -0.3993 217.4618
272 912  0.2036 -0.6124 38.4994
304 912  0.9618 -0.9718 26.4673
336 912  1.0284 -0.9944 41.8386
368 912  0.1602 -0.0902 10.8778
400 912  0.5755 -0.0312 17.9823
432 912  0.1767 -0.0012 16.7740
464 912  0.1554  0.1177 10.1699
496 912  0.0081  0.0081  4.1001
528 912 -0.0244  0.0244  4.8441
560 912  0.0455  0.0372  5.3635
592 912 -0.0861  0.1610  5.3835
624 912  0.1498  0.0424  8.4787
656 912  0.0140  0.0979  7.6808
 16 944  0.0515 -0.0204 153.7102
 48 944  0.0290 -0.0317 31.2191
 80 944  0.0447  0.0607 148.8949
112 944  0.0994 -0.0320 94.6229
144 944  0.2502 -0.0225 57.4738
176 944  0.1304 -0.1076 70.9201
208 944  0.4949 -0.0880 118.3121
240 944  0.2602 -0.4363 107.0400
272 944  0.1783 -0.7104 127.1860
304 944  0.6815 -0.8862 37.4853
336 944  0.1343 -0.2435 91.9371
368 944  0.1083 -0.2381 184.9443
400 944 -0.1314  0.1393 23.1270
432 944  0.0587  0.0425 15.0858
464 944  0.0878 -0.0663  5.9478
496 944  0.0014 -0.0465  8.2178
528 944  0.0223 -0.0290  4.2593
 16 976  0.0573 -0.0111 94.9643
 48 976  0.1523 -0.0650 143.8123
 80 976  0.0758 -0.0155 221.5740
112 976  0.0568 -0.0605 376.0707
144 976  0.1969 -0.0867 149.5336
176 976  0.2262 -0.1979 74.0730
208 976  0.2069 -0.2462 48.6580
240 976  0.1312 -0.2621 100.1313
272 976  0.3447 -0.4597 101.2757
304 976  0.3288 -0.6172 41.5493
336 976  0.0000 -0.1269 76.9195
368 976 -0.0060 -0.0048 25.0604
400 976  0.0725  0.0115 12.2075
432 976 -0.0546  0.0079  8.0062
464 976 -0.0115 -0.0075 21.8000
496 976 -0.0397 -0.1384 14.4520
528 976  0.1408 -0.1106  4.8984
 16 1008  0.0706 -0.0119 24.3796
 48 1008  0.2136 -0.0296 111.4968
 80 1008  0.0563 -0.0136 15.4297
112 1008  0.1021 -0.1153 335.3193
144 1008  0.0558 -0.2238 62.2890
176 1008  0.2893 -0.2963 54.7530
208 1008  0.0683 -0.1887 108.6848
240 1008  0.0962 -0.3049 191.0567
272 1008  0.0968 -0.2180 25.5534
304 1008 -0.0299 -0.3952 25.8630
336 1008 -0.0221 -0.0811 20.7202
368 1008 -0.0001 -0.0271 11.1308
400 1008  0.0559 -0.0856  9.2767
432 1008 -0.0384 -0.0529 18.3758
464 1008 -0.0618  0.0266 112.4569
496 1008 -0.0498  0.0027 25.3483
528 1008  0.0688 -0.0711 11.0917
560 1008  0.2304 -0.3857  5.8478
 16 1040 -0.0007 -0.0323 71.1152
 48 1040  0.0114 -0.0112 330.4925
 80 1040  0.0594 -0.0025 31.8193
112 1040  0.1109 -0.0843 152.7157
144 1040  0.0522 -0.1530 250.6443
176 1040  0.3079 -0.1023 51.8049
208 1040  0.1387 -0.2177 61.9010
240 1040  0.1056 -0.3453 180.3679
272 1040  0.0981 -0.4366 60.9501
304 1040 -0.0270 -0.1349 23.8377
336 1040 -0.0426 -0.1268 58.9669
368 1040 -0.0306 -0.0064 12.8749
400 1040 -0.0129  0.0018 40.8169
432 1040 -0.0015 -0.0421 30.2866
464 1040 -0.0591 -0.0073 194.7260
496 1040 -0.1137  0.3424 14.4632
528 1040 -0.1627  0.1224  7.1287
560 1040  0.0596  0.0694 12.6560
592 1040  0.2617  0.0315  5.7247
 16 1072  0.0059  0.0059 22.9971
 48 1072  0.1256 -0.0197 80.0309
 80 1072  0.1826 -0.0246 189.7759
112 1072  0.0488 -0.0107 110.1963
144 1072  0.0583 -0.0653 292.2136
176 1072  0.1434 -0.2080 62.9401
208 1072  0.0251 -0.1183 154.6796
240 1072  0.1415 -0.0409 121.9266
272 1072 -0.0173 -0.1056 25.4453
304 1072  0.0191 -0.3304 293.1982
336 1072 -0.0222 -0.1384 109.7607
368 1072 -0.2100 -0.0740 73.4187
400 1072 -0.0699 -0.0308 137.5692
432 1072 -0.0325 -0.0183 28.8168
464 1072 -0.0231 -0.0056 17.1022
496 1072 -0.0840  0.0277 23.2919
528 1072 -0.0118  0.2672 11.1259
560 1072  0.1076 -0.0651  9.8561
592 1072 -0.0201 -0.1580 10.1806
624 1072  0.1657 -0.1753  5.3953
656 1072 -0.0037 -0.4599  5.5830
 16 1104  0.0178 -0.0076 19.5884
 48 1104  0.0277  0.0023 76.1566
 80 1104  0.0125 -0.0320 112.3427
112 1104  0.0349 -0.0554 219.0718
144 1104  0.0446 -0.0425 71.4361
176 1104  0.0193 -0.0334 50.0912
208 1104  0.0186 -0.1189 210.4210
240 1104  0.0591 -0.0953 50.8212
272 1104 -0.0126 -0.1011 33.6532
304 1104 -0.0173 -0.0609 17.3515
336 1104 -0.0197 -0.0981 108.5056
368 1104 -0.0249 -0.0429 275.5223
400 1104 -0.0182 -0.0244 126.6339
432 1104 -0.0060 -0.0424 137.0594
464 1104 -0.0212 -0.0154 34.6479
496 1104  0.0015  0.0119 18.8179
528 1104 -0.0291  0.0095 21.9076
560 1104  0.0291  0.1536 14.0516
592 1104  0.0130  0.0588 12.7549
624 1104 -0.0219 -0.0842 12.1016
656 1104  0.0546  0.0077 12.1345
 16 1136 -0.0034  0.0075 16.5869
 48 1136  0.0374 -0.0783 177.7371
 80 1136 -0.0091 -0.0137 34.5678
112 1136  0.0193 -0.0218 121.3223
144 1136  0.0288 -0.0372 63.5474
176 1136  0.0144 -0.1365 34.1040
208 1136  0.0104 -0.0296 337.6435
240 1136  0.0716 -0.1128 178.3210
272 1136  0.0275 -0.1849 227.3341
304 1136  0.0271 -0.0919 77.1505
336 1136 -0.0116 -0.1087 220.5417
368 1136 -0.0727 -0.0361 299.1072
400 1136 -0.0173 -0.0858 157.6285
432 1136  0.0457 -0.1266 211.3214
464 1136 -0.0341 -0.0448 25.2640
496 1136 -0.0040 -0.0226 12.7598
528 1136 -0.0020 -0.0065 18.9669
560 1136 -0.0583  0.1153 11.5054
592 1136  0.2945  0.0061 13.7527
624 1136 -0.0058 -0.0019 14.5177
656 1136  0.0277  0.0180 17.8242
 16 1168 -0.0217  0.0079 14.8779
 48 1168  0.0589 -0.0022 133.3424
 80 1168  0.0415 -0.0494 150.7568
112 1168  0.0199 -0.0322 35.7704
144 1168  0.0247 -0.0468 78.5142
176 1168  0.0331 -0.0523 232.4346
208 1168  0.0128 -0.0895 46.2153
240 1168  0.0335 -0.0586 128.5924
272 1168  0.0357 -0.1029 244.2827
304 1168  0.0211 -0.0572 101.9877
336 1168  0.0092 -0.1186 89.2180
368 1168 -0.0004 -0.0674 59.9581
400 1168  0.0041 -0.0362 193.5837
432 1168 -0.0025 -0.0813 86.3730
464 1168  0.0037 -0.0987 24.4874
496 1168 -0.0007 -0.0258 16.9725
528 1168  0.0147  0.0055 16.4427
560 1168 -0.0368  0.0349 21.8018
592 1168 -0.1154  0.0268 15.3862
624 1168  0.0010  0.0045 10.0280
656 1168  0.0511  0.0902 18.7832
 16 1200 -0.0054 -0.0364 27.9081
 48 1200  0.0097 -0.0236 18.5494
 80 1200  0.0083 -0.0176 109.6304
112 1200  0.0543 -0.0929 193.3873
144 1200  0.0555 -0.0556 98.4073
176 1200  0.0256 -0.1156 42.6095
208 1200  0.0206 -0.0485 273.0732
240 1200  0.0220 -0.0911 218.3254
272 1200  0.0196 -0.1045 37.0191
304 1200  0.0219 -0.0534 183.6944
336 1200  0.0386 -0.1786 41.8557
368 1200  0.0149 -0.0689 233.0413
400 1200  0.0005 -0.0565 285.6229
432 1200  0.0301 -0.0826 82.6213
464 1200 -0.0029 -0.0179 311.6444
496 1200  0.0051  0.0003 16.5583
528 1200  0.0070  0.0225 19.0414
560 1200 -0.0174  0.0137 12.2326
592 1200 -0.0057 -0.0045 15.1364
624 1200  0.0223  0.0282 12.6580
656 1200  0.0807  0.0186 42.0180
  0   0  0.0493 -0.0280  0.0000
  0   0  0.0091 -0.0864  0.0000
  0   0 -0.0083 -0.0778  0.0000
  0   0 -0.0270  0.0101  0.0000
  0   0 -0.0595  0.1159  0.0000
  0   0 -0.1227  0.1877  0.0000
  0   0 -0.1492  0.1831  0.0000
  0   0 -0.0231  0.1645  0.0000
  0   0  0.0676  0.1707  0.0000
  0   0  0.0384  0.0859  0.0000
  0   0  0.0184  0.0523  0.0000
  0   0  0.0331 -0.0003  0.0000
  0   0  0.0802 -0.1081  0.0000
