VARIABLES= "X pix", "Y pix", "U pix/dt", "V pix/dt", "CHC", ZONE I=21, J=30
 16 272  0.0127 -0.1992 19.2485
 48 272 -0.3652 -0.1766 39.4866
 80 272 -0.0508 -0.0809 79.3821
112 272 -0.2695 -0.0731 82.8420
144 272 -0.0706 -0.1163 156.9864
176 272 -0.1025 -0.1644 146.7559
208 272 -0.1145 -0.1061 93.6889
240 272 -0.0851 -0.0309 23.9218
272 272 -0.0712 -0.0278 271.4239
304 272 -0.0132 -0.0093 185.0526
336 272 -0.0331 -0.0018 115.1845
368 272 -0.0089  0.0031 71.1244
400 272  0.0163  0.0202 163.2975
432 272  0.0022  0.0356 177.4963
464 272  0.0130  0.0346 133.2430
496 272  0.0324  0.0679 89.3952
528 272 -0.0114  0.0567 78.6228
560 272  0.0020  0.0547 96.5576
592 272 -0.0092  0.0533 283.4443
624 272  0.0096  0.0536 149.7568
656 272  0.0043 -0.0141 160.7938
 16 304 -0.1938 -0.1372 174.2005
 48 304 -0.0887 -0.3211 334.1528
 80 304 -0.1141 -0.1355 139.4168
112 304 -0.1416 -0.0949 202.2081
144 304 -0.5029  0.0458 85.1531
176 304 -0.1553 -0.1570 255.6576
208 304 -0.0682 -0.0457 120.2200
240 304 -0.0798 -0.0571 228.3057
272 304 -0.0938 -0.0461 198.5127
304 304 -0.0438 -0.0377 285.5364
336 304 -0.0336 -0.0184 170.0241
368 304 -0.0249 -0.0028 173.3711
400 304 -0.0192  0.0172 199.7518
432 304 -0.0277  0.0111 166.1453
464 304  0.0113  0.0308 358.4895
496 304  0.0247  0.0891 239.6144
528 304  0.0273  0.0893 154.4245
560 304  0.1514  0.0409 333.2960
592 304 -0.0244  0.0625 215.4729
624 304 -0.0099  0.0565 202.6988
656 304 -0.0165  0.0535 108.5344
 16 336 -0.1290 -0.3356 208.0306
 48 336 -0.3776 -0.1079 99.0123
 80 336 -0.2917 -0.2166 74.9562
112 336 -0.0794 -0.3565 285.4550
144 336 -0.0972 -0.2596 71.1738
176 336 -0.1186 -0.2646 341.6284
208 336 -0.0274 -0.1357 390.3557
240 336 -0.1021 -0.0597 161.4955
272 336 -0.1030 -0.1524 169.0689
304 336 -0.0449 -0.0571 227.6609
336 336 -0.0491 -0.1217 142.1077
368 336 -0.0385 -0.0057 141.8873
400 336 -0.0152  0.0235 151.7676
432 336  0.0011  0.0260 146.4088
464 336 -0.0089  0.0372 101.6242
496 336 -0.0185  0.0532 26.0969
528 336  0.0060  0.0289 171.2894
560 336  0.0156  0.0547 167.9826
592 336  0.0178  0.0462 155.5478
624 336 -0.0002  0.0250 142.6233
656 336 -0.0039  0.0437 180.9606
 16 368 -0.5039 -0.2590 38.9673
 48 368 -0.1764 -0.5614 124.1774
 80 368 -0.0678 -0.0546 11.8733
112 368 -0.1413 -0.2415 202.5547
144 368 -0.3613 -0.2999 268.9038
176 368 -0.2810 -0.2348 234.2886
208 368 -0.1082 -0.1782 127.9740
240 368 -0.1909 -0.3065 199.5937
272 368 -0.0999 -0.1936 72.2300
304 368 -0.0176 -0.0005 190.0461
336 368 -0.0208 -0.0493 149.5961
368 368 -0.0358 -0.0367 276.6149
400 368 -0.0366 -0.0282 223.6684
432 368  0.0020  0.0190 92.3933
464 368  0.0197  0.0239 110.5072
496 368  0.0241  0.0404 119.7550
528 368 -0.0054  0.0306 224.8945
560 368  0.0035  0.0081 17.5793
592 368  0.0310  0.0987 42.5722
624 368 -0.0112  0.0659 235.1862
656 368 -0.0330  0.0830 149.0756
 16 400 -0.3415 -0.1440 39.8415
 48 400 -0.6931 -0.5379 75.3634
 80 400 -0.3855 -0.3664 130.8620
112 400 -0.2428 -0.3296 174.8156
144 400 -0.1884 -0.2358 76.1891
176 400 -0.2869 -0.2421 98.6174
208 400 -0.1560 -0.2797 195.3795
240 400 -0.2623 -0.1794 63.7876
272 400 -0.0593 -0.1436 55.1073
304 400 -0.0870 -0.1165 179.5592
336 400 -0.0601 -0.0998 218.8057
368 400 -0.0637 -0.0529 217.2132
400 400 -0.0185 -0.0244 70.3193
432 400  0.0254 -0.0033 52.3440
464 400  0.0203  0.0141 173.4626
496 400  0.0347  0.0485 232.6915
528 400 -0.0222  0.0237 413.1253
560 400  0.0287  0.0507 45.8963
592 400  0.0339  0.0708 81.6262
624 400 -0.0014  0.0546 148.1179
656 400 -0.0474  0.1085 162.4817
 16 432 -0.1599 -0.0516 38.0542
 48 432 -0.5601 -0.4403 159.1106
 80 432 -0.5994 -0.6408 235.9494
112 432 -0.4242 -0.4434 277.5352
144 432 -0.2158 -0.4771 65.4278
176 432 -0.3302 -0.3552 213.7992
208 432 -0.0721 -0.4326 176.5440
240 432 -0.3114 -0.1654 36.2178
272 432 -0.0159 -0.5076 55.0688
304 432 -0.1011 -0.1182 83.1021
336 432 -0.1006 -0.1772 183.6387
368 432 -0.0420 -0.0766 154.3296
400 432  0.0024 -0.0427 118.9619
432 432 -0.0054 -0.0165 38.3986
464 432  0.0579  0.0347 251.7815
496 432  0.0230  0.0724 84.7008
528 432  0.0490  0.0373 144.1961
560 432  0.0183  0.0417 75.0426
592 432  0.1241 -0.0252 163.7931
624 432  0.0165  0.0537 55.7598
656 432 -0.0291  0.0220 153.3556
 16 464 -0.6210 -0.2861 18.8626
 48 464 -0.2516 -0.2924 36.2238
 80 464 -0.0958 -0.2951 67.5484
112 464 -0.1245 -0.3846 19.5761
144 464 -0.4674 -0.3347 38.0619
176 464 -0.2770 -0.4036 192.5312
208 464 -0.2263 -0.2228 278.9995
240 464 -0.3226 -0.2912 149.5452
272 464 -0.3021 -0.2021 306.1610
304 464 -0.1103 -0.2608 223.8648
336 464 -0.0648 -0.1049 195.9113
368 464 -0.0625 -0.1316 134.1955
400 464 -0.0345 -0.0963 328.2659
432 464 -0.0179 -0.0442 192.5667
464 464  0.0096 -0.0169 22.8611
496 464  0.0308  0.0355 150.3834
528 464  0.0377  0.0977 178.2742
560 464  0.0229  0.0905 142.1630
592 464  0.0609  0.0967 171.8752
624 464  0.0202  0.0593 101.2986
656 464  0.0038  0.0734 264.7423
 16 496 -0.3895 -0.3222 170.8694
 48 496 -0.3473 -0.3843 25.5956
 80 496 -0.2264 -0.5256 91.2590
112 496 -0.9242 -0.8035 124.2229
144 496 -0.4341 -0.4766 209.1317
176 496 -0.2743 -0.7136 53.3529
208 496 -0.2386 -0.3245 199.2004
240 496 -0.1320 -0.6500 133.5176
272 496 -0.1883 -0.2994 61.9686
304 496 -0.0844 -0.1118 17.1893
336 496 -0.0667 -0.1899 249.2155
368 496 -0.0558 -0.2557 180.5124
400 496 -0.0170 -0.1852 106.4950
432 496  0.0366 -0.0494 87.8028
464 496  0.0570 -0.0155 114.7579
496 496  0.0624  0.0444 90.5288
528 496  0.0400  0.0490 51.1458
560 496  0.0556  0.0666 251.6842
592 496  0.0125  0.0273 67.0548
624 496  0.0277  0.0713 162.3648
656 496  0.0073  0.1017 97.3956
 16 528 -0.8094 -0.8442 112.4841
 48 528 -0.5080 -0.2531 28.9296
 80 528 -1.0044 -0.5063 146.9963
112 528 -0.3777 -0.4286 49.2160
144 528 -0.1248 -0.1970 10.0393
176 528 -0.2514 -0.4737 129.4259
208 528 -0.7537 -1.1881 156.8266
240 528 -0.2648 -0.4183 42.4345
272 528 -0.2324 -0.2702 96.0623
304 528 -0.0998 -0.5617 163.9606
336 528 -0.1969 -0.2275 155.6700
368 528 -0.0887 -0.2651 287.0727
400 528 -0.0003 -0.2412 82.1741
432 528  0.0339 -0.1435 68.4124
464 528  0.0635 -0.0331 134.1156
496 528  0.1026  0.0048 101.2426
528 528  0.0389  0.0497 150.2809
560 528  0.0373  0.0770 97.5935
592 528  0.0621  0.1308 40.6216
624 528  0.0605  0.0688 60.8871
656 528  0.0401  0.0694 135.1419
 16 560 -0.2614 -0.0451 21.0143
 48 560 -0.2458 -0.1759 37.9629
 80 560 -0.9338 -0.6556 147.3021
112 560 -0.7805 -0.5456 136.5993
144 560 -0.3539 -0.3181 15.5949
176 560 -0.7858 -0.6459 49.6394
208 560 -0.1839 -0.8772 225.4827
240 560 -0.6878 -0.9638 78.1182
272 560 -0.1675 -0.4147 17.4224
304 560 -0.2282 -0.7095 57.5377
336 560 -0.0524 -0.5115 100.6102
368 560 -0.0257 -0.4779 92.1737
400 560  0.0651 -0.3312 231.2725
432 560  0.1056 -0.1300 125.0957
464 560  0.2294 -0.0554 64.6370
496 560  0.2217  0.0325 247.8593
528 560  0.1158  0.0759 132.7288
560 560  0.0941  0.0652 119.8475
592 560  0.0954  0.1598 217.7122
624 560  0.0379  0.1450 135.9666
656 560  0.0537  0.0584 187.5179
 16 592 -0.2241 -0.0953 135.6787
 48 592 -0.2928 -0.1525 20.7552
 80 592 -0.2552 -0.1450 68.8774
112 592 -0.4294 -0.2815 60.2809
144 592 -0.6653 -0.6135 223.5841
176 592 -1.2054 -0.9195 89.9313
208 592 -0.8927 -0.9160 40.6972
240 592 -0.7064 -1.0061 134.8849
272 592 -0.4245 -0.9348 124.9211
304 592 -0.2807 -0.8651 274.4258
336 592 -0.0270 -0.6902 176.3037
368 592  0.0292 -0.8016 170.7937
400 592  0.1095 -0.4931 178.9918
432 592  0.2078 -0.2630 81.5002
464 592  0.4821 -0.0693 101.9066
496 592  0.2435  0.0412 130.4704
528 592  0.2086  0.1426 120.8311
560 592  0.2822  0.1844 144.1015
592 592  0.0572  0.2272 78.6104
624 592  0.0545  0.1604 40.6817
656 592  0.0651  0.0604 267.2410
 16 624 -0.3555 -0.2091 223.7044
 48 624 -0.3395 -0.2025 316.0844
 80 624 -0.1748 -0.1648 19.7173
112 624 -0.9298 -0.7495 27.8341
144 624 -0.6757 -0.7010 197.3231
176 624 -0.7323 -0.6537 31.1522
208 624 -0.7647 -0.9351 160.1994
240 624 -0.2480 -0.4148 26.8777
272 624 -0.7778 -1.8097 162.0258
304 624 -0.2776 -1.2481 22.7011
336 624 -0.1052 -0.5311  1.0000
368 624 -0.1654 -0.9308 201.3661
400 624 -0.0363 -0.7909 77.6508
432 624  0.1025 -0.2777 135.3469
464 624  0.1857 -0.0883 182.2633
496 624  0.1734 -0.0078 70.3477
528 624  0.2681  0.1453 104.1100
560 624  0.2139  0.2321 118.9055
592 624  0.1187  0.1403 89.4854
624 624  0.1072  0.2367 66.5066
656 624 -0.0032  0.1472 158.0689
 16 656 -0.1454 -0.0697 237.7594
 48 656 -0.1620 -0.0140 63.0703
 80 656 -0.4246 -0.3529 143.4980
112 656 -0.7675 -0.5196 128.5075
144 656 -1.1484 -0.4400 21.7361
176 656 -1.0046 -1.1307 118.1083
208 656 -0.9987 -1.0093 96.6024
240 656 -0.8132 -1.3999 14.0601
272 656 -0.2702 -0.8209 49.6883
304 656 -0.2794 -1.4284 49.6503
336 656 -0.3876 -1.2026 96.5823
368 656 -0.6360 -1.0757 61.5131
400 656 -0.6633 -0.7016 44.8261
432 656 -0.4854 -0.5932 56.0331
464 656 -0.1092 -0.3998 203.8073
496 656  0.1470  0.0505 217.7467
528 656  0.2713  0.2397 193.4093
560 656  0.1231  0.1990 198.4732
592 656  0.1418  0.1935 103.5552
624 656  0.0848  0.1843 56.1228
656 656  0.0207  0.1302 35.5884
 16 688 -0.0943 -0.1584 251.7878
 48 688 -0.3760 -0.3130 63.5893
 80 688 -0.1817 -0.1266 299.4015
112 688 -0.7560 -0.6292 81.2750
144 688 -0.2285 -0.1484 27.4520
176 688 -0.3116 -0.1478 16.2306
208 688 -1.5339 -0.8664 154.5416
240 688 -1.3514 -1.0903 78.3184
272 688 -1.4237 -1.7188 65.8383
304 688 -1.9603 -1.9007 64.8902
336 688 -1.4844 -0.8241 51.4372
368 688 -1.8735 -0.9084 85.6077
400 688 -2.0068 -1.1114 28.7143
432 688 -1.7383 -0.9342 200.4031
464 688 -1.1258 -0.6892 133.6957
496 688 -0.6830 -0.2503 135.3842
528 688 -0.1398  0.1300 173.3353
560 688  0.0249  0.4717 168.7835
592 688  0.0702  0.3499 116.6997
624 688  0.1093  0.3093 275.2995
656 688  0.0729  0.3816 123.4123
 16 720 -0.1777 -0.2114 94.1283
 48 720 -0.0995 -0.0835 33.8253
 80 720 -0.2531 -0.1023 114.9928
112 720 -0.2896 -0.1625 223.6971
144 720 -0.4097 -0.2429 154.0286
176 720 -0.6242 -0.3515 18.4472
208 720  3.4982  3.9235 50.7415
240 720 -1.5439 -1.2280 143.6274
272 720 -3.0212 -2.0171 12.1156
304 720 -2.7776 -1.8937 47.9281
336 720 -2.2580 -0.1198 59.6014
368 720 -2.4648 -0.9674 102.5467
400 720 -2.4201 -0.7840 51.0180
432 720 -1.9350 -0.1617 29.4415
464 720 -1.6887 -0.8516 25.2173
496 720 -1.7449 -0.6513 224.6286
528 720 -0.4677  0.0136 27.2448
560 720 -0.3965  0.1144 88.0543
592 720 -0.1133  0.3869 105.8118
624 720  0.0429  0.3148 107.0333
656 720 -0.0317  0.3685 121.2362
 16 752 -0.0618 -0.0028 163.4079
 48 752 -0.0988 -0.0480 49.6416
 80 752 -0.1827 -0.0809 76.5391
112 752 -0.2900  0.1219 201.9489
144 752 -0.5331 -0.2574 31.2007
176 752 -0.4648 -0.1239 170.4171
208 752 -0.2408  0.0493 21.6369
240 752 -0.0446  0.0027 11.0315
272 752 -2.1019 -1.8927 15.9906
304 752 -1.8153 -2.2134 28.4183
336 752 -1.7229 -0.0568 75.6454
368 752 -1.6853 -0.2780 11.6073
400 752 -2.1284 -0.4332 49.6908
432 752 -1.9598 -0.3244 54.2349
464 752 -2.3482 -0.7546 63.3707
496 752 -1.5123 -1.1609 51.6390
528 752 -0.9912 -0.5770 48.4463
560 752 -0.8786 -0.1737 157.9606
592 752 -0.2897  0.1728 27.9864
624 752 -0.1751  0.2342 68.0092
656 752 -0.0802  0.2906 97.0208
 16 784  0.0040 -0.0118 40.1222
 48 784 -0.0103 -0.0138 164.0795
 80 784 -0.1880 -0.0104 204.1310
112 784 -0.1902 -0.0168 107.2919
144 784 -0.1883 -0.0980 182.9500
176 784 -0.6713 -0.0774 122.0715
208 784 -0.8776 -0.3840 193.4547
240 784 -1.3519 -0.8785 92.8075
272 784 -0.4383 -0.6191 86.1518
304 784 -0.4108 -1.0573 25.3372
336 784 -0.4540  0.2042 15.6745
368 784 -0.0912  0.3708 16.4992
400 784 -0.0229  0.1342 10.6893
432 784 -0.1105  0.0874 22.7793
464 784 -0.8717 -0.0759 17.2337
496 784 -1.7064 -0.9393 46.7839
528 784 -1.1801 -0.6364 77.1755
560 784 -0.8798 -0.2287 111.9530
592 784 -0.4016  0.0783 76.9618
624 784 -0.1714  0.1308 34.5785
656 784 -0.0739  0.1274 149.5361
 16 816  0.0292  0.0017 14.4901
 48 816 -0.0121 -0.0319 24.5746
 80 816 -0.0702 -0.0066 243.8731
112 816 -0.0936 -0.0069 51.0207
144 816 -0.2334 -0.0175 88.7197
176 816 -0.1839 -0.0058 199.2282
208 816 -0.6350 -0.1587 105.4629
240 816 -1.0374 -0.6749 132.2983
272 816 -1.2874 -1.4545 57.2861
304 816 -0.5036 -1.3388 18.9135
336 816  0.0705  0.2626 15.9361
368 816  0.0616  0.3279  5.3293
432 816 -0.0154  0.0338  4.0394
464 816  0.0142  0.0023  4.7668
496 816  0.0488 -0.0391 11.6337
528 816 -0.9778 -0.6121 46.6824
560 816 -0.5349 -0.1884 61.9966
592 816 -0.1654  0.2010 37.4074
624 816 -0.0904  0.2265 44.0742
656 816 -0.1468  0.1399 54.4617
 16 848  0.0104  0.0006 18.7966
 48 848 -0.0102 -0.0035 83.5491
 80 848  0.0181 -0.0173 199.5143
112 848 -0.0182  0.0246 107.8541
144 848 -0.0793 -0.0015 145.8976
176 848 -0.1111  0.0235 260.4215
208 848 -0.3508  0.0310 179.6404
240 848 -0.8786 -0.8656 104.6076
272 848 -0.0583 -0.2646 12.8587
304 848 -0.6434 -1.8364 56.7485
336 848  0.0503  0.6264 65.8463
368 848  0.0620  0.1718  4.4832
496 848  0.0104 -0.0128  4.1839
528 848 -0.0090 -0.0956 52.1762
560 848 -0.4499  0.0181 60.1600
592 848 -0.1974  0.0355 100.8999
624 848 -0.2694  0.1425 31.2138
656 848 -0.0946  0.1304 60.5648
 16 880  0.0243  0.0059 25.9087
 48 880  0.0240  0.0204 338.0957
 80 880  0.0357  0.0013 202.9805
112 880  0.0100  0.0270 74.6537
144 880 -0.0071  0.0267 232.4079
176 880 -0.0612  0.0136 92.6806
208 880 -0.1205  0.0004 53.9369
240 880 -0.2327 -0.3375 152.6327
272 880 -0.1768 -0.8414 51.9757
304 880 -1.0122 -1.8471 42.8204
336 880  0.0048  0.8618 44.6281
368 880 -0.3756  0.2483  4.8354
432 880 -0.0033  0.0596  4.2733
528 880 -0.0242  0.0222 14.7504
560 880  0.0752  0.0670 19.6523
592 880 -0.1543  0.1290 32.3936
624 880 -0.1461  0.1032 83.2015
656 880 -0.1457  0.1007 120.7027
 16 912  0.0532  0.0173 24.9727
 48 912 -0.0107  0.0128 41.3099
 80 912  0.0136  0.0306 207.5158
112 912  0.0277  0.0418 275.2216
144 912  0.0320  0.0501 169.9842
176 912  0.0299  0.0409 325.8282
208 912 -0.0123  0.0407 216.9876
240 912 -0.0241 -0.1719 180.9094
272 912 -0.2567 -0.5991 105.9812
304 912 -0.6886 -1.3747 67.5411
336 912 -0.1624 -0.2548 12.1898
368 912 -0.3163  0.3876 15.0505
400 912 -0.0445  0.0829  4.0394
528 912 -0.0283  0.0373  4.4263
560 912 -0.0274  0.3907  4.6714
592 912 -0.1194  0.1921  8.2196
624 912 -0.0802  0.0848 18.2925
656 912 -0.3727  0.1189 33.2219
 16 944  0.0439  0.0721 52.8983
 48 944  0.0087 -0.0107 20.9694
 80 944  0.0545  0.0442 171.2947
112 944  0.0391  0.0565 156.4396
144 944  0.0422  0.0254 123.8642
176 944  0.0661  0.0249 156.0148
208 944  0.1037 -0.0237 150.4585
240 944  0.1706 -0.0767 147.8776
272 944 -0.0067 -0.1618 12.4723
304 944 -0.1899 -0.8838 206.2852
336 944 -0.7519 -1.5871 42.7044
368 944 -1.1312 -1.0691 64.6586
400 944 -0.1078  0.7320  9.1798
432 944  0.0142  0.3611  4.9239
464 944  0.0970  0.1194  6.0059
496 944 -0.0021  0.0394 10.7515
528 944 -0.0154  0.0051  4.9561
624 944 -0.0937  0.0687 10.1646
656 944 -0.1087  0.0359 19.1969
 16 976  0.0410  0.0452 35.3906
 48 976  0.0907  0.0542 74.5409
 80 976  0.1001  0.0181 201.8210
112 976  0.0637  0.0042 284.2516
144 976  0.0974  0.0142 220.9137
176 976  0.1364  0.0178 198.3914
208 976  0.2724  0.0498 200.4688
240 976  0.0969 -0.0575 139.4446
272 976  0.3239 -0.2841 46.8531
304 976 -0.0547 -0.7560 199.9429
336 976 -0.0474 -0.8240 45.5546
368 976 -0.1429 -0.5596 130.9251
400 976  0.0043 -0.0132 15.2007
432 976 -0.0224 -0.0085 14.7154
464 976  0.1037  0.0161 13.5568
496 976  0.1329 -0.3027 18.8795
528 976  0.1113 -0.0085 11.0329
624 976 -0.1078  0.1536  4.4090
656 976 -0.2265  0.3439  7.6989
 16 1008  0.0499  0.0485 88.8332
 48 1008  0.0474  0.0049 39.5097
 80 1008  0.0893  0.0867 191.8000
112 1008  0.0804  0.0260 434.3239
144 1008  0.1775  0.0391 287.7686
176 1008  0.1113  0.0182 258.1829
208 1008  0.3272 -0.0215 110.7427
240 1008  0.4363 -0.0257 149.9576
272 1008  0.6304 -0.0227 129.0862
304 1008  0.3481 -0.2372 90.8004
336 1008  0.1363 -0.4882 95.8383
368 1008 -0.0240 -0.6206 29.3545
400 1008 -0.0201 -0.0124 11.1770
432 1008  0.0248 -0.0672 12.5137
464 1008  0.1434 -0.1751 24.0447
496 1008  0.0522 -0.0411 16.4001
528 1008  0.0290  0.0453 12.3638
560 1008  0.0491 -0.0431  8.6126
 16 1040  0.2489  0.0125 302.6483
 48 1040  0.0566 -0.0080 18.9011
 80 1040  0.0862 -0.0075 179.2600
112 1040  0.0655 -0.0186 214.3710
144 1040  0.0930  0.0064 244.3146
176 1040  0.0629 -0.0340 244.3552
208 1040  0.4791 -0.0112 94.1127
240 1040  0.1694 -0.0697 51.3541
272 1040  0.2405 -0.1097 80.1558
304 1040  0.1872 -0.1351 30.2951
336 1040  0.4021 -0.3813 87.6812
368 1040  0.5084 -0.2362 113.7919
400 1040  0.0757 -0.0465 15.5732
432 1040  0.1253 -0.2406 24.7036
464 1040  0.0158 -0.0325 13.5552
496 1040  0.0744 -0.0827 20.1209
528 1040 -0.0055 -0.0437 11.4404
560 1040 -0.0138 -0.1423 11.0859
592 1040  0.2364 -0.0596  4.6512
656 1040 -0.1723 -0.2343  7.1435
 16 1072  0.1719  0.0240 99.2490
 48 1072  0.0609  0.0328 71.5840
 80 1072  0.1266 -0.0132 233.4951
112 1072  0.0630 -0.0519 58.7687
144 1072  0.0981  0.0010 40.1222
176 1072  0.1806 -0.0174 46.9422
208 1072  0.1726  0.0109 187.8704
240 1072  0.0785 -0.0444 35.0767
272 1072  0.4684 -0.1011 33.6399
304 1072  0.1221 -0.1835 24.8228
336 1072  0.2505 -0.2780 134.4698
368 1072  0.3826 -0.3441 131.8186
400 1072  0.0212  0.0175 10.7953
432 1072 -0.0050 -0.0356 14.9925
464 1072  0.0008 -0.0281 14.5321
496 1072  0.0212 -0.0037 17.1781
528 1072  0.0315  0.0015 16.2140
560 1072 -0.0185  0.0274 17.4540
592 1072  0.0106 -0.0238 16.1297
624 1072 -0.3317 -0.1499  9.1572
656 1072 -0.0329 -0.0284 16.0025
 16 1104  0.0567  0.0072 17.9882
 48 1104 -0.0042 -0.0046 24.1466
 80 1104  0.1252  0.0145 131.8206
112 1104  0.1585 -0.0018 69.0918
144 1104  0.1222  0.0072 98.9665
176 1104  0.0709 -0.0395 84.0507
208 1104  0.1162 -0.0811 251.2922
240 1104  0.1449 -0.0725 74.3447
272 1104  0.1576 -0.2513 102.4927
304 1104  0.2098 -0.1331 56.2064
336 1104  0.1278 -0.1658 145.4696
368 1104  0.2487 -0.2796 208.3316
400 1104  0.0164  0.0078 16.8532
432 1104  0.0405 -0.0810 26.2671
464 1104  0.0615 -0.0383 27.5112
496 1104  0.2254 -0.3177 41.7303
528 1104 -0.0069  0.0043 16.0795
560 1104  0.0423 -0.0455 14.9636
592 1104  0.0222 -0.0157 13.6254
624 1104  0.0403 -0.0129 10.4431
656 1104 -0.0027 -0.0153 18.2039
 16 1136  0.0130 -0.0016 13.9885
 48 1136  0.1019  0.0434 46.8971
 80 1136  0.1399 -0.0060 41.1751
112 1136  0.0986 -0.0017 75.8743
144 1136  0.0795 -0.0054 109.4715
176 1136  0.1035 -0.0365 236.8476
208 1136  0.3632 -0.0196 102.6372
240 1136  0.1485 -0.0828 114.0478
272 1136  0.1018 -0.0279 77.2008
304 1136  0.1053 -0.1084 212.8863
336 1136  0.1111 -0.1424 55.2659
368 1136  0.1885 -0.1631 265.1119
400 1136  0.0092 -0.0020 21.3335
432 1136  0.0086 -0.0022 14.2555
464 1136  0.0417 -0.0783 50.9481
496 1136  0.0246 -0.0330 13.5180
528 1136 -0.0007 -0.1189 19.1321
560 1136 -0.0050 -0.0274 15.5058
592 1136  0.0237 -0.0083 12.2973
624 1136 -0.0229 -0.0338 38.7808
656 1136  0.1814 -0.0455 34.6773
 16 1168  0.0117  0.0108 15.5178
 48 1168  0.0131  0.0141 15.5542
 80 1168  0.1695  0.0024 57.8950
112 1168  0.0520 -0.0053 116.3839
144 1168  0.1387  0.0129 172.4026
176 1168  0.1212 -0.0362 55.5324
208 1168  0.1361 -0.0472 89.5923
240 1168  0.1169 -0.0678 215.8501
272 1168  0.0828 -0.1920 65.0941
304 1168  0.0576 -0.0961 53.6035
336 1168  0.1208 -0.0411 90.3340
368 1168  0.1692 -0.0933 223.5931
400 1168  0.0200 -0.0763 16.2145
432 1168 -0.0009 -0.0817 11.2827
464 1168  0.0345 -0.0066 13.0602
496 1168  0.0289 -0.0186 24.6559
528 1168  0.0219 -0.0287 11.3253
560 1168  0.0178 -0.0370 13.7600
592 1168 -0.0074 -0.0166 14.5717
624 1168 -0.0215  0.0019  9.3703
656 1168  0.0081 -0.0435 27.7542
 16 1200  0.0367  0.0004 11.2442
 48 1200  0.0129  0.0104 14.8422
 80 1200  0.0466  0.0091 74.9476
112 1200  0.0655  0.0010 167.4237
144 1200  0.1297 -0.0225 77.1308
176 1200  0.1337 -0.1426 177.3166
208 1200  0.1623 -0.0137 174.7832
240 1200  0.2975 -0.0445 163.8598
272 1200  0.0850 -0.0769 43.2025
304 1200  0.0732 -0.0992 54.0251
336 1200  0.3745 -0.1592 141.5733
368 1200  0.2897 -0.1893 125.5643
400 1200  0.0309  0.0238 14.1442
432 1200 -0.0039 -0.0046 19.1534
464 1200  0.0087 -0.0196 12.1867
496 1200  0.0368 -0.0310 20.0741
528 1200  0.0233 -0.0143 15.6523
560 1200  0.0716 -0.0659 15.8729
592 1200 -0.0056  0.0015 15.2279
624 1200  0.0058  0.0136 13.4391
656 1200 -0.0419 -0.0151 31.3780
  0   0 -0.1028 -0.0776  0.0000
  0   0 -0.1209 -0.0929  0.0000
  0   0 -0.1245 -0.0311  0.0000
  0   0 -0.1583 -0.0077  0.0000
  0   0 -0.1360  0.0029  0.0000
  0   0 -0.1173  0.0148  0.0000
  0   0 -0.1332  0.0630  0.0000
  0   0 -0.1425  0.0927  0.0000
  0   0 -0.1018  0.0633  0.0000
  0   0 -0.0233  0.0518  0.0000
  0   0  0.0113  0.0585  0.0000
  0   0  0.0603  0.0691  0.0000
  0   0  0.1300  0.0448  0.0000
  0   0  0.2330 -0.0190  0.0000
  0   0  0.3126 -0.1212  0.0000
  0   0  0.3997 -0.0709  0.0000
  0   0  0.4601 -0.0633  0.0000
  0   0  0.2546 -0.0820  0.0000
