VARIABLES= "X pix", "Y pix", "U pix/dt", "V pix/dt", "CHC", ZONE I=21, J=30
 16 272 -0.1709 -0.1510 90.2174
 48 272 -0.2104 -0.3566 159.0234
 80 272 -0.0532 -0.3373 241.6009
112 272 -0.0136 -0.1809 58.8034
144 272 -0.0516 -0.1013 117.4771
176 272 -0.0235 -0.1136 137.7856
208 272  0.0046 -0.1033 248.1322
240 272 -0.0243 -0.0668 34.4824
272 272 -0.0075 -0.0658 361.8468
304 272  0.0184 -0.0360 201.8819
336 272  0.0198 -0.0171 65.8557
368 272  0.0499  0.0308 93.4742
400 272  0.1015  0.0126 189.6903
432 272  0.0945  0.0518 226.7732
464 272  0.1207  0.0379 200.4837
496 272  0.0983  0.0467 117.1252
528 272  0.0766  0.0590 89.3191
560 272  0.0822  0.0569 81.0649
592 272  0.0213  0.0268 194.4294
624 272  0.0461  0.0307 150.5934
656 272  0.0213  0.0305 74.3472
 16 304 -0.0861 -0.0495 222.6960
 48 304 -0.2295 -0.1947 37.2144
 80 304 -0.0532 -0.1433 492.2671
112 304 -0.1119 -0.1531 238.3968
144 304 -0.0541 -0.2646 223.1325
176 304 -0.0486 -0.3227 145.6515
208 304 -0.0895 -0.0994 230.5570
240 304 -0.0126 -0.0844 274.1608
272 304 -0.0141 -0.0659 266.3340
304 304  0.0083 -0.0126 274.1146
336 304  0.0252 -0.0344 224.1732
368 304  0.0290 -0.0037 53.3335
400 304  0.0316  0.0155 104.4058
432 304  0.0719  0.0255 198.0518
464 304  0.0839  0.0187 179.9235
496 304  0.0084  0.0922 373.6901
528 304  0.0357  0.0433 132.8909
560 304  0.1064  0.0519 166.3123
592 304  0.0870  0.0619 118.8593
624 304  0.0824  0.0153 146.8469
656 304  0.0650  0.0378 78.4084
 16 336 -0.1289 -0.2345 219.5666
 48 336 -0.1997 -0.4025 204.9341
 80 336 -0.2185 -0.2698 168.2288
112 336 -0.2164 -0.2835 284.4298
144 336 -0.0933 -0.2475 146.7988
176 336 -0.1085 -0.3008 185.2362
208 336 -0.0642 -0.2231 65.1538
240 336 -0.0375 -0.0697 68.6951
272 336 -0.0319 -0.0786 297.2562
304 336  0.0113 -0.0343 237.9834
336 336  0.0119 -0.0462 108.8700
368 336  0.0273 -0.0123 130.6956
400 336  0.0570 -0.0073 155.8832
432 336  0.0565  0.0118 163.2634
464 336  0.0918  0.0528 153.8365
496 336  0.0651  0.0360 36.2303
528 336  0.0902  0.0583 161.7717
560 336  0.0916  0.0276 152.8255
592 336  0.0837  0.0614 166.1733
624 336  0.1049  0.0168 108.9787
656 336  0.0783  0.0232 211.1606
 16 368 -0.6647 -0.1260 181.1580
 48 368 -0.2047 -0.3520 249.4014
 80 368 -0.1125 -0.2149 193.8644
112 368 -0.1406 -0.1745 307.6386
144 368 -0.2340 -0.2987 220.7701
176 368 -0.1256 -0.2040 208.4191
208 368 -0.0530 -0.3432 260.4201
240 368 -0.0851 -0.1669 84.1766
272 368 -0.0237 -0.1125 168.5933
304 368 -0.0118 -0.1064 169.2320
336 368  0.0109 -0.0944 209.5294
368 368  0.0296 -0.0763 341.0450
400 368  0.0431 -0.0293 243.5420
432 368  0.0734  0.0039 65.7035
464 368  0.1059  0.0318 238.3015
496 368  0.0599  0.0165 156.2085
528 368  0.1137  0.0351 189.6603
560 368  0.0598  0.0512 26.1446
592 368  0.0620  0.0609 57.8635
624 368  0.0868  0.0243 96.3820
656 368  0.1186  0.0913 170.8699
 16 400 -0.2556 -0.2003 25.8026
 48 400 -0.0804 -0.2396 71.5227
 80 400 -0.1655 -0.1614 186.4947
112 400 -0.1541 -0.5432 176.6896
144 400 -0.0560 -0.5198 49.0311
176 400 -0.1565 -0.3303 162.1687
208 400 -0.1509 -0.2342 155.4408
240 400 -0.1140 -0.2376 63.0441
272 400 -0.0641 -0.1970 95.5972
304 400 -0.0305 -0.1506 134.6631
336 400 -0.0003 -0.1259 233.8426
368 400  0.0271 -0.0764 230.8055
400 400  0.0413 -0.0259 125.6240
432 400 -0.0146 -0.0414 55.2511
464 400  0.0753 -0.0142 232.8768
496 400  0.0753  0.0165 157.0713
528 400  0.0930  0.0353 193.0643
560 400  0.0812  0.0231 108.2618
592 400  0.0611 -0.0126 40.2684
624 400  0.1588  0.0342 108.9067
656 400  0.1094  0.0512 119.0729
 16 432 -0.1384 -0.3868 115.6869
 48 432 -0.2783 -0.1607 37.7459
 80 432 -0.1011 -0.1906 30.5376
112 432 -0.5051 -0.2197 103.7861
144 432 -0.3022 -0.4480 206.8855
176 432 -0.1325 -0.2832 191.7241
208 432 -0.1577 -0.0593 15.7493
240 432 -0.1091 -0.4051 186.9569
272 432 -0.0620 -0.0975 55.1116
304 432 -0.0385 -0.1445 123.7475
336 432 -0.0102 -0.1300 139.7952
368 432  0.0335 -0.0808 291.1957
400 432  0.0381 -0.0335 147.5406
432 432  0.0731 -0.0260 114.0805
464 432  0.1277 -0.0085 123.0213
496 432  0.0962  0.0678 146.6199
528 432  0.1218  0.0586 88.7106
560 432  0.1244  0.0450 127.3156
592 432  0.0806  0.0902 101.9605
624 432  0.0841  0.0358 38.8530
656 432  0.1007 -0.0035 99.6686
 16 464 -0.0144 -0.0772 49.5074
 48 464 -0.2331 -0.2047 37.7509
 80 464 -0.5245 -0.7324 78.0744
112 464 -0.6358 -0.1986 80.4234
144 464 -0.6072 -0.2929 76.2646
176 464 -0.1460 -0.6283 68.0380
208 464 -0.3542 -0.3838 92.3342
240 464 -0.1521 -0.3598 135.7683
272 464 -0.1179 -0.3013 196.9242
304 464 -0.0463 -0.2661 319.0945
336 464 -0.0245 -0.0925 200.5277
368 464  0.0224 -0.1355 197.3321
400 464  0.0099 -0.0926 120.2570
432 464  0.0572 -0.0621 134.2635
464 464  0.0314  0.0102 44.3380
496 464  0.0793 -0.0104 211.0755
528 464  0.0673  0.0287 145.2613
560 464  0.1292  0.0214 73.1726
592 464  0.1475  0.0705 231.0004
624 464  0.0980  0.0346 127.9703
656 464  0.0719  0.0431 133.9317
 16 496 -0.1572 -0.1494 115.3625
 48 496 -0.2414 -0.2886 133.7804
 80 496 -0.6037 -0.4169 69.7370
112 496 -1.0004 -0.5554 48.6298
144 496 -0.2613 -0.6610 233.7260
176 496 -0.2698 -0.6664 76.0421
208 496 -0.2339 -0.4241 33.1537
240 496 -0.5414 -0.2810 61.2373
272 496 -0.1812 -0.3119 116.8964
304 496 -0.0535 -0.2429 69.3543
336 496 -0.0156 -0.2774 182.3519
368 496 -0.0088 -0.1759 174.7534
400 496  0.0621 -0.1345 135.6212
432 496  0.0498 -0.0830 40.3606
464 496  0.1212 -0.0032 183.2408
496 496  0.1350  0.0196 132.6349
528 496  0.1605  0.0083 119.1502
560 496  0.1090  0.0587 276.0564
592 496  0.1005  0.0291 47.9271
624 496  0.2037  0.0231 163.5055
656 496  0.1254  0.0035 120.3523
 16 528 -0.1644 -0.1443 17.7912
 48 528 -0.7118 -1.1615 92.2297
 80 528 -0.5523 -0.2917 233.0605
112 528 -0.9185 -0.5361 109.6345
144 528 -0.2554 -0.7206 159.6668
176 528 -0.5189 -0.8635 19.6169
208 528 -0.3485 -0.6841 127.3075
240 528 -0.6211 -0.6898 252.9501
272 528 -0.1804 -0.5550 174.4791
304 528 -0.0989 -0.3828 154.2217
336 528 -0.0242 -0.3891 119.2461
368 528  0.0284 -0.3437 186.2661
400 528  0.0500 -0.2126 26.5094
432 528  0.1413 -0.0679 50.7311
464 528  0.1440 -0.0220 161.9915
496 528  0.2720  0.0137 132.3888
528 528  0.2201  0.0275 139.4425
560 528  0.1800  0.0376 72.9066
592 528  0.0812  0.0139 62.2142
624 528  0.1457 -0.0135 288.9162
656 528  0.1693  0.0083 105.0011
 16 560 -0.1821 -0.1298 65.3456
 48 560 -0.7308 -0.7895 34.8627
 80 560 -0.7410 -0.8008 72.4632
112 560 -0.6168 -0.6367 141.5695
144 560 -0.8037 -0.7194 208.5518
176 560 -0.3382 -1.0905 236.6909
208 560 -0.1532 -1.2274 302.1100
240 560 -0.2547 -0.8207 58.8934
272 560 -0.2206 -0.4370 123.7292
304 560 -0.1355 -0.7078 170.4146
336 560 -0.0511 -0.2579 166.1812
368 560 -0.0005 -0.2462 177.8822
400 560  0.0791 -0.3155 154.9032
432 560  0.1078 -0.0822 192.2822
464 560  0.1037 -0.0483 90.6045
496 560  0.1704  0.0072 188.3550
528 560  0.2580  0.0678 182.7223
560 560  0.1490  0.0207 41.1684
592 560  0.1300  0.0205 31.4568
624 560  0.1492 -0.0184 38.8980
656 560  0.1624  0.0128 147.9548
 16 592 -0.0827 -0.0020 20.5325
 48 592 -0.3102 -0.1610 61.1705
 80 592 -0.2431 -0.1072 13.3015
112 592 -0.6803 -0.6625 90.9384
144 592 -0.7748 -0.6731 215.1949
176 592 -0.8205 -0.7497 34.6533
208 592 -0.6397 -1.0407 199.9025
240 592 -0.6416 -1.0735 90.5543
272 592 -0.2121 -0.6051 243.5081
304 592 -0.1419 -0.7518 40.3577
336 592 -0.2171 -0.7400 153.1685
368 592 -0.1131 -0.4157 150.1036
400 592 -0.0726 -0.3207 176.7092
432 592  0.0646 -0.1186 202.2431
464 592  0.1324 -0.1979 119.7203
496 592  0.1723 -0.0054 98.3542
528 592  0.1853  0.0068 97.9413
560 592  0.1690  0.0343 39.1918
592 592  0.2247 -0.0102 27.2625
624 592  0.1688 -0.0247 53.5992
656 592  0.1991  0.0164 173.7175
 16 624 -0.2432 -0.2161 166.1763
 48 624 -0.2638 -0.2211 54.4800
 80 624 -0.1168 -0.3134 49.2961
112 624 -0.2776 -0.7085 99.8743
144 624 -0.2692 -0.6184 55.5651
176 624 -0.9405 -1.1078 66.3938
208 624 -0.9463 -1.0731 182.6341
240 624 -0.9547 -1.2684 109.1183
272 624 -1.0469 -1.1321 40.6836
304 624 -0.5784 -0.8880 146.1468
336 624 -0.6526 -0.9164 126.5168
368 624 -0.8017 -0.7575 104.0830
400 624 -0.3704 -0.3711 119.1013
432 624 -0.0684 -0.2085 167.8465
464 624 -0.0758 -0.3781 170.6984
496 624  0.0555 -0.0457 14.7015
528 624  0.1562  0.0411 204.0442
560 624  0.0971  0.0617 155.9780
592 624  0.1233 -0.0224 68.8380
624 624  0.1781 -0.0522 135.1979
656 624  0.1585 -0.0922 131.6789
 16 656 -0.1576 -0.0368 158.1285
 48 656 -0.4487 -0.2773 66.7672
 80 656 -0.2218 -0.1918 267.8596
112 656 -0.3661 -0.2314 184.4883
144 656 -1.4746 -0.6628 146.4380
176 656 -0.5811 -1.1771 93.5271
208 656 -0.9896 -1.1759 134.2178
240 656 -1.5759 -1.4643 56.7976
272 656 -1.9073 -1.2949 23.3502
304 656 -1.6810 -1.0847 66.3467
336 656 -1.0047 -0.7402 91.2391
368 656 -1.0475 -0.8542 86.5309
400 656 -0.9705 -0.8287 71.5994
432 656 -0.8647 -0.6853 123.2932
464 656 -0.3357 -0.2628 124.7254
496 656 -0.1160 -0.1183 93.7827
528 656 -0.0266 -0.0471 68.4982
560 656  0.0052 -0.0235 161.0073
592 656  0.0377  0.0261 22.1676
624 656  0.1245 -0.0591 97.3175
656 656  0.1593 -0.0436 64.1375
 16 688 -0.0771 -0.0748 33.0987
 48 688 -0.1967 -0.2048 158.8552
 80 688 -0.8946 -0.1808 243.7224
112 688 -0.4955 -0.2523 132.4741
144 688 -0.6343 -0.2385 85.7212
176 688 -1.2699 -0.9413 112.7503
208 688 -1.5435 -1.1473 67.1412
240 688 -1.6855 -1.4415 73.4290
272 688 -1.7252 -1.2032 95.5658
304 688 -2.1238 -1.0557 230.5338
336 688 -1.7249 -0.9478 116.1789
368 688 -0.2682 -0.0270 10.2915
400 688 -1.8326 -0.8239 102.4506
432 688 -1.2130 -0.6810 266.2929
464 688 -0.9108 -1.1147 29.4629
496 688 -0.5584 -0.3707 19.6651
528 688 -0.2582 -0.2456 58.9744
560 688 -0.1200 -0.1424 159.8445
592 688  0.0312 -0.1049 22.1990
624 688  0.0307 -0.0849 38.0165
656 688  0.0037 -0.1168 29.7610
 16 720 -0.0776 -0.0803 150.3739
 48 720 -0.7396 -0.1248 70.0798
 80 720 -0.1328 -0.2473 107.6855
112 720 -0.1878 -0.0395 22.1824
144 720 -0.8464 -0.1516 305.6509
176 720 -0.8916 -0.1512 22.0232
208 720 -1.4184 -0.7536 60.7879
240 720 -2.2838 -1.9182 203.2017
272 720 -1.7251 -1.0548 22.8907
304 720 -1.5525 -0.9130 87.0539
336 720 -1.2185 -0.1726 134.5217
368 720 -1.7454 -0.3237 40.4225
400 720 -2.1829 -0.3934 19.3004
432 720 -2.2841 -0.6437  9.9301
464 720 -1.9989 -0.9513 51.4241
496 720 -0.2678 -0.0801 11.8096
528 720 -0.4962 -0.3343 40.5694
560 720 -0.2471 -0.2106 62.7158
592 720 -0.2491 -0.0742 21.5226
624 720 -0.4261  0.3741 14.3647
656 720 -0.0933 -0.0053 14.0058
 16 752 -0.0083 -0.0449 41.9534
 48 752 -0.0136 -0.0717 128.0349
 80 752 -0.0338 -0.1649 104.8715
112 752 -0.3364 -0.0976 141.0141
144 752 -0.6961 -0.1333 189.6186
176 752 -0.3921 -0.1792 70.1565
208 752 -0.9973 -0.6916 74.4462
240 752 -1.4772 -1.2967 90.9832
272 752 -1.3290 -1.1571 70.0059
304 752 -1.0858 -0.0375 28.2231
336 752 -0.3932  0.2105 146.7017
368 752 -1.0690  0.5632 82.1304
400 752 -0.6767  0.1112 28.3262
432 752 -2.1127 -0.3137 31.6280
464 752 -0.1400  0.1072 17.7890
496 752 -0.5005 -0.9300 69.2284
528 752 -0.3678 -0.7230 101.6462
560 752 -0.4933 -0.2719 114.1886
592 752 -0.2311 -0.0507 81.1341
624 752 -0.0645  0.0232 18.8286
656 752 -0.4750  0.1868  9.4099
 16 784 -0.0123 -0.0142 24.3968
 48 784  0.0074 -0.0534 44.5591
 80 784 -0.1046 -0.0369 49.0119
112 784 -0.0901 -0.0143 259.1525
144 784 -0.1297 -0.0433 288.4915
176 784 -0.1008 -0.1413 212.6823
208 784 -0.2300 -0.1543 177.9101
240 784 -0.8559 -1.1119 83.1246
272 784 -0.9633 -1.3096 146.0137
304 784 -0.1262 -0.1726 20.9643
336 784  0.5105  1.3333 104.1874
368 784 -0.1337  1.5033 14.4744
400 784  0.1589 -0.9966 14.2697
432 784 -0.0725 -0.5000  4.3298
464 784  0.0371 -0.4156  4.3667
496 784  0.4099 -0.4727  6.9240
528 784  0.2108 -0.3316 78.1764
560 784 -0.3857 -0.2973 89.5866
592 784 -0.2299 -0.2281 109.8019
624 784 -0.1062  0.0040 21.9858
656 784 -0.1511  0.1284 11.4347
 16 816  0.1217  0.0059 31.0548
 48 816  0.0020 -0.0309 33.3138
 80 816  0.0247 -0.0419 345.2884
112 816  0.0126 -0.0015 27.9020
144 816 -0.0075 -0.0149 175.3736
176 816 -0.1043 -0.1325 38.5778
208 816 -0.1587 -0.2661 35.6196
240 816 -0.0602 -0.3077 107.8567
272 816 -0.0606 -0.6268 59.7757
304 816  0.7449 -0.1158 45.8572
336 816  0.2078  0.0800 12.9445
368 816  0.1703 -0.0772  8.7432
400 816  0.1733 -0.4589 18.4462
432 816  0.3187 -0.4781  5.7467
464 816  0.0694 -0.2498  6.1833
528 816  0.3201 -0.3380 12.4051
560 816 -0.1092 -0.0960 66.2977
592 816 -0.1820 -0.0269 144.2994
624 816 -0.1372  0.0478 40.1202
656 816 -0.0811  0.0296 11.1552
 16 848  0.0189 -0.0216 14.1741
 48 848  0.0674 -0.0043 74.2650
 80 848  0.0732 -0.0306 280.3195
112 848  0.0420 -0.0098 212.0752
144 848  0.1468  0.0096 66.6572
176 848  0.1114 -0.1931 79.7600
208 848  0.1238 -0.2627 221.8365
240 848  0.0512 -0.4888 116.9792
272 848  0.0882 -0.2985 15.9657
304 848  1.2215 -1.1073 125.5988
336 848  0.4982 -0.3718 36.8754
368 848 -0.1277  0.0401 22.6091
400 848  0.0969 -0.6644 15.2956
432 848  0.0843 -0.0563 10.7317
464 848  0.1036 -0.9810  7.8239
496 848  0.1158 -0.2638  4.8503
528 848  0.1256 -0.0045  9.6098
560 848 -0.1002  0.0405 35.7286
592 848 -0.1583 -0.1103 138.9595
624 848 -0.1600  0.0668 62.2941
656 848 -0.1409  0.1087 65.5942
 16 880  0.0114  0.0075 11.6232
 48 880  0.1594 -0.0909 152.0452
 80 880  0.0796 -0.0189 233.9985
112 880  0.0991 -0.0400 80.3686
144 880  0.1344 -0.0479 185.7700
176 880  0.1200  0.0062 36.4521
208 880  0.5193  0.0214 53.3138
240 880  0.1754 -0.9939 144.5440
272 880  0.1424 -0.9042 83.5250
304 880  1.7567 -1.5324 40.6863
336 880  0.0238  0.2802 28.8596
368 880 -0.1236  0.1319 10.8158
400 880 -0.0593  0.1297  8.3424
432 880  0.0249  0.0372 15.3546
464 880  0.0878 -0.0140  8.8467
496 880 -0.0974  0.0215  4.1710
528 880  0.0289  0.0121 13.2109
560 880 -0.0727  0.0376 100.0839
592 880 -0.0900  0.1958 49.9997
624 880 -0.1039  0.0407 43.0433
656 880 -0.1117  0.0507 140.3451
 16 912  0.2090  0.0204 26.6134
 48 912  0.1184  0.0164 25.6092
 80 912  0.4344 -0.0039 107.2320
112 912  0.2468 -0.1112 206.1444
144 912  0.1768 -0.0633 77.5080
176 912  0.1887 -0.1016 129.5550
208 912  0.2368 -0.1859 218.1952
240 912  0.2150 -0.2995 36.6767
272 912  0.0778 -0.3331 17.6458
304 912 -0.0376 -0.0779 69.6931
336 912 -0.0777  0.0537 16.6494
368 912 -0.5400  0.2843 10.1297
400 912  0.0029  0.9315 13.4095
432 912  0.0035  0.0008 10.9893
464 912 -0.0622 -0.1085  5.3455
528 912 -0.0041  0.0041  4.6469
560 912  0.0410 -0.0332 12.1408
592 912 -0.0674  0.0598 31.0215
624 912 -0.1161  0.0847 22.1309
656 912 -0.2028  0.0884 41.2273
 16 944  0.1245  0.0367 31.8753
 48 944  0.1159 -0.0052 18.2698
 80 944  0.2383 -0.0417 85.6900
112 944  0.2346 -0.0023 155.6691
144 944  0.3398 -0.0472 35.9293
176 944  0.2892 -0.0770 38.4915
208 944  0.1851 -0.1972 71.3979
240 944  0.3597 -0.5910 103.6499
272 944  0.1223 -0.5649 16.2070
304 944  0.9471 -2.6671 81.0911
336 944 -0.0949  2.9295 10.8227
368 944 -0.4449  2.2788  5.8676
400 944 -0.1739  0.3560  8.1223
432 944  0.0012  0.0718  5.6607
464 944  0.0525  0.0564  4.6345
496 944  0.0080  0.0649  9.2127
528 944 -0.0183  0.0248  4.8403
592 944  0.0165 -0.0197  5.8548
624 944  0.0275 -0.0132 18.6710
656 944 -0.0303  0.0146 37.3615
 16 976  0.2975 -0.0330 59.2094
 48 976  0.1265 -0.0066 189.3227
 80 976  0.4975 -0.0711 118.6125
112 976  0.2339 -0.0498 207.7311
144 976  0.1525 -0.0221 221.0403
176 976  0.1337 -0.1156 327.8279
208 976  0.5575 -0.1783 151.3250
240 976  0.5271 -0.4314 83.2033
272 976  0.1027 -0.7525 57.1199
304 976 -0.0536 -1.2282 54.5518
336 976 -0.0685  0.1300 33.3967
368 976 -0.3361  0.2861 11.6451
400 976 -0.0356  0.4399  6.7047
432 976  0.2338  0.2953  8.4051
464 976  0.1128  0.1176 74.5816
496 976  0.0856 -0.2088 15.3721
528 976 -0.0385  0.0311 37.8977
560 976 -0.0583  0.0518  8.1138
592 976  0.0856  0.1994  8.0390
624 976 -0.0328  0.1214  7.8528
656 976  0.0088 -0.0248  7.1379
 16 1008  0.0990  0.0026 39.9612
 48 1008  0.0761 -0.0202 36.7992
 80 1008  0.2046  0.0060 93.1253
112 1008  0.4459  0.0079 248.6194
144 1008  0.1532 -0.0628 184.7372
176 1008  0.0802 -0.0204 307.6966
208 1008  0.2019 -0.1032 179.1008
240 1008  0.0690 -0.0458 14.2015
272 1008  0.0699 -0.3496 63.8296
304 1008 -0.0399 -0.5481 126.2169
336 1008 -0.5698 -1.2047 68.4450
368 1008 -0.1544 -0.1351 34.0243
400 1008 -0.0305 -0.0117 32.0462
432 1008  0.1414 -0.0061 25.5644
464 1008  0.1261 -0.0641 163.5843
496 1008  0.0497 -0.1818 37.6733
528 1008  0.0092 -0.0998 15.9029
560 1008 -0.0056 -0.0023 11.6422
592 1008 -0.1678 -0.0773  5.5794
624 1008  0.0273 -0.1444  9.7519
656 1008 -0.1039  0.1309  4.8015
 16 1040  0.0840  0.0575 310.4793
 48 1040  0.1774  0.0177 42.6120
 80 1040  0.1443 -0.0377 148.2352
112 1040  0.4127 -0.1227 118.1487
144 1040  0.1171 -0.0415 294.2791
176 1040  0.3616 -0.0395 135.8559
208 1040  0.2117 -0.2194 130.8414
240 1040  0.0725 -0.1108 17.0085
272 1040  0.0666 -0.2938 84.6019
304 1040  0.0100 -0.1020 20.4281
336 1040  0.0456 -0.3075 247.7539
368 1040  0.0429 -0.2361 82.0178
400 1040  0.0968 -0.0572 172.9814
432 1040  0.1832  0.0051 29.4347
464 1040  0.0730 -0.0563 24.3884
496 1040  0.0664 -0.0906 19.1504
528 1040  0.0138 -0.0257 16.0158
560 1040 -0.0025  0.0007 15.9334
592 1040 -0.0174  0.0149 16.9235
624 1040  0.0369  0.0212 14.9194
656 1040 -0.0963  0.0179  9.0274
 16 1072  0.1876  0.0119 89.5515
 48 1072  0.2030 -0.0140 152.8150
 80 1072  0.0684  0.0091 325.7437
112 1072  0.0696 -0.0528 19.1044
144 1072  0.1615 -0.0189 240.9870
176 1072  0.0878 -0.0536 94.1829
208 1072  0.1282 -0.0665 45.2866
240 1072  0.1581 -0.1140 53.6224
272 1072  0.0651 -0.3911 215.5454
304 1072  0.0621 -0.2389 91.8219
336 1072  0.0777 -0.1574 178.4922
368 1072  0.1423 -0.1653 156.4044
400 1072  0.2238 -0.1898 143.4083
432 1072  0.2407 -0.0077 35.0814
464 1072  0.0697 -0.0569 20.8948
496 1072  0.0473 -0.0755 21.7455
528 1072  0.1641 -0.1023 29.6596
560 1072  0.0183 -0.0075 15.9873
592 1072  0.0192  0.0216  8.7702
624 1072  0.0221  0.0196 14.2568
656 1072 -0.0269  0.0147 27.3477
 16 1104  0.0530 -0.0072 35.7490
 48 1104  0.0222  0.0036 32.0337
 80 1104  0.1520 -0.0108 185.3833
112 1104  0.2087 -0.0239 96.5014
144 1104  0.0507 -0.0248 25.8429
176 1104  0.1501 -0.0469 28.9650
208 1104  0.2278 -0.1422 191.7616
240 1104  0.0832 -0.1473 64.1749
272 1104  0.0129 -0.0439 16.9813
304 1104  0.0807 -0.1877 75.7600
336 1104  0.1129 -0.2372 140.8167
368 1104  0.1189 -0.1497 182.1786
400 1104  0.3177 -0.0896 150.3769
432 1104  0.1609 -0.2003 48.6944
464 1104  0.0537 -0.1585 27.4119
496 1104  0.0000  0.0212 10.7155
528 1104  0.0288 -0.0223 16.9604
560 1104 -0.0102  0.0271 13.0990
592 1104  0.0347 -0.0146 13.5259
624 1104  0.0649 -0.0267 19.2951
656 1104 -0.0063 -0.0077 18.1709
 16 1136  0.0142 -0.0129 15.6133
 48 1136  0.2027 -0.0085 45.5198
 80 1136  0.1311 -0.0227 33.7336
112 1136  0.0773 -0.0086 47.2269
144 1136  0.1127 -0.1792 46.6951
176 1136  0.1882 -0.0710 105.1180
208 1136  0.1355 -0.1300 125.7559
240 1136  0.1141 -0.0544 194.2118
272 1136  0.0696 -0.0666 130.1445
304 1136  0.1122 -0.0756 65.4504
336 1136  0.0834 -0.1949 135.1540
368 1136  0.2161 -0.2503 152.5190
400 1136  0.1779 -0.1635 166.5611
432 1136  0.1245 -0.2132 313.9218
464 1136  0.0009 -0.0226 24.8699
496 1136 -0.0053  0.0249 10.3475
528 1136  0.0228 -0.0266 13.8888
560 1136  0.0247 -0.0608 16.3282
592 1136 -0.0091  0.0128 11.6783
624 1136  0.0158  0.0121 33.8564
656 1136 -0.0763  0.0098 38.1484
 16 1168 -0.0085 -0.0290 11.9778
 48 1168  0.0267  0.0166 13.4227
 80 1168  0.0940 -0.0186 191.2345
112 1168  0.1470 -0.0086 34.2427
144 1168  0.0049 -0.0115 11.7388
176 1168  0.2406 -0.1562 87.6752
208 1168  0.2025 -0.0826 75.5635
240 1168  0.0700 -0.0528 155.8808
272 1168  0.2498 -0.0471 25.0959
304 1168  0.1076 -0.0755 43.2232
336 1168  0.1616 -0.2071 24.8390
368 1168  0.3949 -0.1616 126.6460
400 1168  0.0606 -0.0854 207.4636
432 1168  0.0992 -0.1009 55.6033
464 1168  0.0472 -0.0387 18.0147
496 1168  0.0114 -0.0549 28.1997
528 1168  0.0034 -0.0173 10.0867
560 1168 -0.0133 -0.0118 12.0705
592 1168  0.0124 -0.0142 14.6162
624 1168 -0.0096 -0.0466 10.1233
656 1168  0.0223 -0.0059 26.1195
 16 1200  0.0465 -0.0202 10.2551
 48 1200  0.0399 -0.0133 16.6386
 80 1200  0.0640  0.0448 110.5551
112 1200  0.1151  0.0180 168.1891
144 1200  0.0989 -0.0117 50.1960
176 1200  0.2611 -0.1133 165.3706
208 1200  0.0791 -0.0724 247.8373
240 1200  0.2757 -0.1623 110.9717
272 1200  0.0487 -0.0313 19.5474
304 1200  0.0638 -0.1295 26.1603
336 1200  0.0791 -0.1207 188.2799
368 1200  0.1270 -0.1612 153.5898
400 1200  0.2747 -0.1996 141.7787
432 1200  0.1114 -0.1109 50.8112
464 1200 -0.0070 -0.0328 15.7792
496 1200  0.0387 -0.0403 21.7377
528 1200  0.0043 -0.0313 14.9866
560 1200 -0.0245 -0.0422 15.1769
592 1200  0.0167 -0.0132 15.6795
624 1200  0.0015  0.0080 13.0948
656 1200 -0.0098  0.0273 20.9713
  0   0 -0.0596 -0.0156  0.0000
  0   0 -0.0216 -0.0452  0.0000
  0   0 -0.0387 -0.0406  0.0000
