VARIABLES= "X pix", "Y pix", "U pix/dt", "V pix/dt", "CHC", ZONE I=21, J=30
 16 272 -0.0694 -0.1639 61.5113
 48 272 -0.1106 -0.3096 122.1089
 80 272 -0.0051 -0.1005 79.5027
112 272 -0.0106  0.0022 51.2324
144 272 -0.0559 -0.1158 43.9493
176 272 -0.0678 -0.0959 213.7682
208 272 -0.0387 -0.0626 219.7077
240 272 -0.0244 -0.0980 164.8669
272 272 -0.0065 -0.0386 335.4553
304 272  0.0406 -0.0751 183.2895
336 272  0.0516 -0.0394 52.5318
368 272  0.0848  0.0010 126.9111
400 272  0.0474  0.0261 222.2210
432 272  0.0531  0.0529 112.5238
464 272  0.0616  0.0741 300.4446
496 272  0.0506  0.0572 214.8632
528 272  0.0701  0.0712 223.0979
560 272  0.0244  0.0562 131.3661
592 272  0.0846  0.0288 59.1649
624 272  0.0868  0.0309 131.4070
656 272  0.0176  0.0046 164.0605
 16 304 -0.1091 -0.2887 79.1751
 48 304 -0.0533 -0.1097 91.5488
 80 304 -0.0393 -0.5046 234.5218
112 304 -0.0917 -0.1939 207.6942
144 304 -0.2257 -0.1741 224.8426
176 304 -0.0443 -0.1092 256.9424
208 304 -0.0922 -0.1908 276.7498
240 304 -0.0380 -0.1018 68.3385
272 304 -0.0075 -0.0777 200.9355
304 304  0.0059 -0.0407 152.2050
336 304  0.0547 -0.0299 153.9499
368 304  0.0205 -0.0223 72.0835
400 304  0.0823  0.0074 94.1188
432 304  0.0183 -0.0014 123.7928
464 304  0.0338  0.0196 209.5521
496 304  0.0481  0.0502 90.7505
528 304  0.0689  0.0102 157.5888
560 304  0.1110  0.0260 44.3436
592 304  0.0651  0.0373 89.8933
624 304  0.1023 -0.0007 242.2048
656 304  0.0550  0.0321 73.3987
 16 336 -0.1477 -0.1491 165.2083
 48 336 -0.3006 -0.3608 261.6869
 80 336 -0.0761 -0.3181 122.5186
112 336 -0.1740 -0.1739 255.7398
144 336 -0.0630 -0.1926 121.8644
176 336 -0.1306 -0.1632 233.1373
208 336 -0.0272 -0.2702 102.1001
240 336 -0.0991 -0.0953 85.4355
272 336 -0.0175 -0.0584 466.4138
304 336  0.0154 -0.0636 146.4303
336 336  0.0214 -0.0231 98.4664
368 336  0.0319 -0.0081 88.5360
400 336  0.0382 -0.0182 206.4521
432 336  0.0587  0.0270 166.4919
464 336  0.0783  0.0341 144.5380
496 336  0.1131  0.0587 70.6786
528 336  0.0274  0.0264 167.2589
560 336  0.0636  0.0006 164.7191
592 336  0.1129  0.0407 153.5636
624 336  0.1154  0.0159 114.6940
656 336  0.0628  0.0116 195.1747
 16 368 -0.1727 -0.2085 205.4405
 48 368 -0.5014 -0.1076 38.8412
 80 368 -0.1294 -0.1986 136.1070
112 368 -0.1859 -0.5043 207.1214
144 368 -0.0438 -0.2138 94.7377
176 368 -0.0550 -0.3325 325.4900
208 368 -0.0786 -0.1211 339.2382
240 368 -0.0798 -0.1489 46.8947
272 368 -0.0118 -0.0560 130.3814
304 368 -0.0113 -0.0718 166.8445
336 368 -0.0036 -0.0526 426.1796
368 368  0.0184 -0.0348 129.6968
400 368  0.0238 -0.0206 179.1884
432 368  0.0552  0.0310 42.2712
464 368  0.0152  0.0299 188.9481
496 368  0.0597  0.0215 306.2933
528 368  0.0929  0.0409 221.7100
560 368  0.1152  0.0248 117.4479
592 368  0.0960  0.0260 81.7032
624 368  0.0618  0.0168 84.7626
656 368  0.0630 -0.0012 136.7270
 16 400 -0.1024 -0.1067 45.7545
 48 400 -0.4954 -0.1551 38.6488
 80 400 -0.2874 -0.2988 203.6097
112 400 -0.0872 -0.3772 152.6839
144 400 -0.3165 -0.2077 166.5650
176 400 -0.2467 -0.3564 306.1899
208 400 -0.1029 -0.2385 254.8460
240 400 -0.0624 -0.3353 81.3860
272 400 -0.0554 -0.1159 180.1693
304 400 -0.0416 -0.1477 123.8096
336 400  0.0169 -0.0544 63.8211
368 400  0.0481 -0.0382 208.7887
400 400  0.0544 -0.0286 164.7216
432 400 -0.0085 -0.0331 59.9400
464 400  0.1316  0.0559 246.0497
496 400  0.0757  0.0233 130.6465
528 400  0.0713  0.0334 140.2186
560 400  0.0374  0.0360 92.5718
592 400  0.1558  0.0440 106.7743
624 400  0.1095  0.0402 159.8093
656 400  0.0886 -0.0229 167.4617
 16 432  0.0181 -0.0854 32.7751
 48 432  0.0325  0.0237 16.0720
 80 432 -0.2481 -0.2767 73.8765
112 432 -0.1708 -0.5922 256.5590
144 432 -0.1760 -0.4482 170.0998
176 432 -0.0055 -0.0948 49.8916
208 432 -0.0936 -0.0518 39.0960
240 432 -0.2077 -0.2669 142.9980
272 432 -0.2038 -0.1207 29.1086
304 432 -0.0451 -0.1202 184.7814
336 432 -0.0037 -0.0716 162.5936
368 432  0.0095 -0.0792 262.0787
400 432  0.0485 -0.0470 143.8898
432 432  0.0166  0.0342 170.0934
464 432  0.0476 -0.0105 133.9097
496 432  0.1073  0.0583 275.7629
528 432  0.0860  0.0239 93.3398
560 432  0.0887  0.0675 210.7080
592 432  0.0796  0.0128 133.9440
624 432  0.0824  0.0289 45.8556
656 432  0.1193 -0.0173 115.6708
 16 464 -0.7698 -0.7309 134.1010
 48 464 -0.4548 -0.1772 210.0208
 80 464 -0.5789 -0.5383 93.3720
112 464 -0.6597 -0.6918 259.1762
144 464 -0.4436 -0.3609 205.7316
176 464 -0.2591 -0.4502 265.8797
208 464 -0.1275 -0.2354 65.4571
240 464 -0.2672 -0.3678 256.7796
272 464 -0.0883 -0.2690 196.2628
304 464 -0.0792 -0.1521 321.8640
336 464 -0.1080 -0.0668 253.2919
368 464  0.0358 -0.0823 210.3685
400 464  0.0391 -0.0727 98.5594
432 464  0.0429 -0.0402 81.5021
464 464  0.0718  0.0104 107.4688
496 464  0.0427  0.0103 203.8243
528 464  0.0506  0.0435 147.1873
560 464  0.0812 -0.0156 53.5075
592 464  0.1214  0.0541 248.1831
624 464  0.0793 -0.0001 115.9088
656 464  0.1535 -0.0162 106.1825
 16 496 -0.1810 -0.0848 41.3923
 48 496 -0.2291 -0.2004 48.0434
 80 496 -0.2721 -0.2939 122.4736
112 496 -0.0648 -0.0768 17.1222
144 496 -0.5434 -0.9815 88.0029
176 496 -0.1066 -0.6978 98.1143
208 496 -0.3441 -0.4403 105.9423
240 496 -0.1972 -0.4269 47.4946
272 496 -0.1641 -0.4981 176.3624
304 496 -0.0815 -0.3625 180.2891
336 496 -0.0100 -0.1673 206.8013
368 496  0.0006 -0.1551 160.7190
400 496  0.0457 -0.0310 217.5422
432 496 -0.0179 -0.0928 73.3448
464 496  0.0459  0.0056 226.7105
496 496  0.0629  0.0155 133.9063
528 496  0.0857 -0.0030 107.3507
560 496  0.1061  0.0280 226.9096
592 496  0.0206  0.0168 270.7778
624 496  0.0675 -0.0236 233.2379
656 496  0.0935  0.0009 88.1417
 16 528 -0.1475 -0.3704 45.7862
 48 528 -0.5869 -0.3717 128.2223
 80 528 -0.7035 -0.9786 157.9024
112 528 -0.4266 -1.2263 215.0279
144 528 -1.3294 -0.7052 22.8711
176 528 -0.2084 -0.5200 141.1803
208 528 -0.2636 -0.5408 215.7930
240 528 -0.1866 -0.6859 126.5331
272 528 -0.2072 -0.4478 121.4829
304 528 -0.0330 -0.4559 124.9473
336 528 -0.0260 -0.2402 112.7097
368 528 -0.0001 -0.1761 154.1945
400 528  0.0647 -0.0599 39.2199
432 528  0.0089 -0.0167 120.7150
464 528  0.0524 -0.0154 139.4750
496 528  0.0174  0.0007 213.3714
528 528  0.0518 -0.0005 219.7588
560 528  0.0793 -0.0073 55.3628
592 528  0.0258 -0.0216 131.3028
624 528  0.0820 -0.0254 19.4009
656 528  0.1648 -0.0824 95.8088
 16 560 -0.1722 -0.1265 26.6516
 48 560 -0.6178 -0.2309 60.9985
 80 560 -0.6949 -0.5839 235.9762
112 560 -1.2396 -0.8767 87.9983
144 560 -0.8110 -1.0681 116.7250
176 560 -0.5233 -0.9012 282.4113
208 560 -0.2778 -0.9165 66.8288
240 560 -0.5425 -0.9762 52.8508
272 560 -0.0971 -0.4912 65.6938
304 560 -0.1544 -0.3651 31.7924
336 560 -0.0725 -0.2092 197.3018
368 560 -0.0462 -0.2142 114.5591
400 560 -0.0192 -0.1888 80.9115
432 560  0.0201 -0.0377 146.9280
464 560 -0.0091 -0.0099 130.8470
496 560 -0.0119 -0.0376 170.9586
528 560  0.0613 -0.0086 170.2391
560 560  0.0354 -0.0254 82.1770
592 560  0.0441 -0.0329 34.4196
624 560  0.0301 -0.0782 33.1488
656 560  0.1055 -0.0507 185.8006
 16 592 -0.2716 -0.2089 52.0350
 48 592 -0.3224 -0.1867 31.2197
 80 592 -1.0922 -0.3564 19.3835
112 592 -0.9819 -0.9623 217.5679
144 592 -0.5991 -0.9804 60.0120
176 592 -1.0143 -0.9869 85.9477
208 592 -1.1028 -0.9375 112.3271
240 592 -0.5599 -0.5961 117.0018
272 592 -0.5534 -0.7299 41.8572
304 592 -0.3053 -0.4266 150.1832
336 592 -0.3457 -0.3427 129.7111
368 592 -0.1561 -0.0823 91.8731
400 592 -0.1118 -0.1580 201.4948
432 592 -0.1084 -0.0451 165.8095
464 592 -0.1223 -0.0181 54.9118
496 592 -0.0004 -0.0776 112.0815
528 592 -0.0779 -0.0661 109.6010
560 592  0.0275 -0.0342 134.9382
592 592  0.1010 -0.0575 50.2407
624 592  0.1966 -0.1130 114.2702
656 592  0.1036 -0.0866 176.3320
 16 624 -0.2187 -0.1447 215.8039
 48 624 -0.2461 -0.2421 148.8533
 80 624 -0.4059 -0.2229 123.0161
112 624 -1.0916 -0.6663 30.5933
144 624 -0.9404 -0.8715 108.3736
176 624 -0.9721 -0.6251 143.1364
208 624 -0.8910 -1.0480 296.1995
240 624 -0.9481 -0.9334 116.3942
272 624 -0.9207 -0.6930 76.5572
304 624 -0.7032 -0.6949 162.2078
336 624 -0.6716 -0.3662 70.1788
368 624 -0.4664 -0.1856 139.4828
400 624 -0.3998  0.0322 27.6380
432 624 -0.3925 -0.1296 94.9962
464 624 -0.4777  0.0620 215.6441
496 624 -0.1592  0.0053 13.2483
528 624 -0.0575 -0.0826 206.3843
560 624  0.0100 -0.1285 206.1387
592 624  0.1053 -0.1009 57.3590
624 624  0.1378 -0.1724 143.8573
656 624  0.0642 -0.1260 52.5359
 16 656 -0.0744 -0.1594 35.6790
 48 656 -0.5908 -0.2798 210.1639
 80 656 -0.1518 -0.1999 322.6690
112 656 -0.6588 -0.2236 26.5475
144 656 -0.9912 -0.6826 144.3527
176 656 -1.0183 -0.4999 94.0562
208 656 -1.0969 -0.8985 64.5991
240 656 -1.3099 -0.9548 139.9424
272 656 -1.2425 -0.9438 229.0280
304 656 -1.2082 -0.7263 43.4436
336 656 -1.4246 -0.7022 58.8949
368 656 -0.9362 -0.3285 283.8292
400 656 -0.9694 -0.1235 36.9492
432 656 -0.9757  0.0168 74.5183
464 656 -1.0737 -0.0903 118.3541
496 656 -0.9248 -0.1725 189.5106
528 656 -0.0634 -0.3058 55.2653
560 656 -0.0519 -0.2310 150.2224
592 656  0.0255 -0.2755 58.9433
624 656  0.0922 -0.1453 136.2089
656 656  0.1350 -0.2762 51.0113
 16 688 -0.0456 -0.0683 76.9819
 48 688 -0.1072 -0.0673 161.0055
 80 688 -0.9220 -0.1997 174.9181
112 688 -0.1961 -0.2300 72.8796
144 688 -0.6091 -0.2463 44.8119
176 688 -1.0116 -0.7040 39.4129
208 688 -1.1087 -0.7792 149.3120
240 688 -0.1724 -0.0642 12.5056
272 688 -1.2139 -0.7638 111.1863
304 688 -0.7650 -0.7398 162.2021
336 688 -0.8784 -0.3002 86.9009
368 688 -1.3004 -0.0844 73.8567
400 688 -1.3551  0.1190 109.9822
432 688 -1.0558  0.0854 185.6579
464 688 -1.2972  0.0639 233.5834
496 688 -1.1656 -0.3160 115.2044
528 688 -0.7874 -0.6864 81.4331
560 688 -0.1818 -0.7171 65.5033
592 688 -0.0614 -0.4407 28.4176
624 688  0.0245 -0.2942 76.9823
656 688  0.0565 -0.3521 70.5871
 16 720  0.0087 -0.0701 34.3870
 48 720 -0.0435 -0.0381 157.0002
 80 720 -0.0648 -0.0949 243.4364
112 720 -0.1631 -0.0624 33.7856
144 720 -0.1852 -0.0556 29.6839
176 720 -0.3893 -0.0404 26.1898
208 720 -1.1011 -0.5824 18.4362
240 720 -1.3017 -1.1920 165.0153
272 720 -1.3120 -0.7726 66.0627
304 720 -1.3409 -0.5411 38.3766
336 720 -0.7038 -0.2550 295.1644
368 720 -0.1154 -0.0796 78.7266
400 720 -0.7893  0.3970 43.4314
432 720 -0.1087  0.1316 39.5468
464 720 -0.7740 -0.2576 184.9749
496 720  0.2053 -1.5423 14.4976
528 720  0.8146 -0.1119 10.9785
560 720  0.7802 -0.2331 32.9737
592 720 -0.0431 -0.5091 120.0010
624 720  0.0071 -0.1153 36.3948
656 720  0.0021 -0.3260 50.0742
 16 752 -0.0100 -0.0084 15.8223
 48 752  0.0004 -0.0251 90.5848
 80 752 -0.0338 -0.0350 180.9608
112 752 -0.0595 -0.0720 169.3371
144 752 -0.1980 -0.2156 127.9868
176 752 -0.2349 -0.2464 99.3353
208 752 -1.0487 -0.7885 99.0885
240 752 -0.9358 -1.1970 59.2329
272 752 -0.0832 -0.3712 30.3701
304 752 -0.8089 -0.6348 15.0111
336 752 -0.3722 -0.0187 114.4850
368 752  0.1407  1.0901 110.6642
400 752  0.8664  1.1130 23.8238
432 752  0.1275 -0.0322 14.2479
464 752  0.8418 -1.6761 51.4777
496 752  0.3528 -0.9462 14.3246
528 752  2.1387  0.0456 15.8809
560 752  0.4116  0.1676 22.0544
592 752 -0.0144 -0.0050 60.1013
624 752 -0.2038  0.1650  9.5184
656 752 -0.0601  0.0161 15.8458
 16 784  0.0970 -0.0019 60.4037
 48 784  0.0547 -0.0137 34.6370
 80 784  0.0203 -0.0496 429.7170
112 784  0.0480 -0.1008 126.7390
144 784 -0.0038 -0.0652 101.4333
176 784 -0.1115 -0.4467 125.7051
208 784 -0.2169 -0.4169 48.1767
240 784 -0.4125 -0.6722 90.8075
272 784 -0.5987 -0.7122 56.5186
304 784 -0.2763 -0.3334 50.7835
336 784  0.0119  0.0149 187.7602
368 784  0.4921  0.2904 213.9427
400 784  1.7278  0.5476 21.2066
432 784  2.7907  0.4102 63.0049
464 784  0.1245  0.0166 22.4051
496 784  0.2400 -0.7030 12.9523
528 784  1.0551 -0.0603 14.7818
560 784  0.2337 -0.0417 22.3026
592 784  0.0579 -0.2246 18.4065
624 784 -0.0265  0.0165 30.8258
656 784 -0.0573  0.0667  8.7508
 16 816  0.1118 -0.0106 22.0773
 48 816  0.0348  0.0009 64.9626
 80 816  0.1114 -0.1041 118.5118
112 816  0.0644 -0.0480 388.6255
144 816  0.0868 -0.0275 83.6083
176 816  0.0121 -0.2079 37.1838
208 816  0.0492 -0.2575 108.9904
240 816 -0.0059 -0.4109 176.0302
272 816  0.0252 -0.2412 14.2090
304 816  0.5091 -0.2070 53.4305
336 816  0.1929 -0.0265 27.5270
368 816  0.9296  0.4395 142.5333
400 816  3.0983  0.9933 115.5519
432 816  3.2000  0.7594 46.4570
464 816  0.0465  0.0543 13.3522
496 816  0.1986 -0.1219 13.5807
528 816  0.7454 -0.0363  8.2970
560 816  0.1554  0.1946 83.7379
592 816  0.0434  0.0060 27.7500
624 816 -0.0084  0.0155 11.2985
656 816  0.0047  0.0094 23.4449
 16 848  0.0212 -0.0081 15.5448
 48 848  0.1496 -0.0115 51.1521
 80 848  0.1045 -0.0406 146.0409
112 848  0.3443 -0.0506 290.4402
144 848  0.1529 -0.2278 330.1690
176 848  0.1561 -0.1208 148.6450
208 848  0.0730 -0.1779 365.8125
240 848  0.2132 -0.4918 76.4266
272 848  0.9701 -0.6386 14.0619
304 848  0.0589 -0.0776 18.7801
336 848  1.1452 -0.2897 104.1460
368 848  2.3658  0.0972 31.7998
400 848  3.6056  1.1053 108.0384
432 848  3.5674  0.7670 19.6350
464 848  0.0601 -0.0507 12.2029
496 848 -0.0087  0.0002 17.5655
528 848  0.1950  0.0886  6.7192
560 848  0.0954  0.1479 52.8244
592 848  0.0325  0.0473 44.0989
624 848  0.0409  0.0280 123.6986
656 848 -0.0100  0.0371 27.6654
 16 880  0.0701 -0.0124 16.0680
 48 880  0.1755 -0.0543 81.3505
 80 880  0.1148 -0.0388 111.1278
112 880  0.1120 -0.0650 64.0247
144 880  0.1501 -0.0316 84.8510
176 880  0.1485 -0.0738 151.5882
208 880  0.2877 -0.2978 228.1222
240 880  0.3146 -0.4931 116.7647
272 880  0.3230 -0.1989 12.7295
304 880  1.2099 -0.6754 65.7352
336 880  2.3729 -0.5347 23.3446
368 880  2.9943 -0.0070 104.4397
400 880  3.6381  0.6459 87.1799
432 880  0.2206  0.0028 15.7619
464 880  0.0948  0.0254 20.7362
496 880  0.0443  0.0129  6.2813
528 880  0.0068  0.0170 13.9656
560 880  0.0043  0.0530 21.8813
592 880 -0.0393  0.1643 33.8669
624 880 -0.0520  0.1444 40.0760
656 880 -0.0277  0.1510 159.0299
 16 912  0.3480 -0.0216 36.3607
 48 912  0.1051 -0.0047 18.9727
 80 912  0.5460 -0.0444 115.4860
112 912  0.9886 -0.0899 154.0774
144 912  0.7010 -0.0705 167.8664
176 912  0.1489 -0.2141 158.6954
208 912  0.7142 -0.2576 103.8575
240 912  0.4883 -1.0312 88.7833
272 912  0.2016 -0.1287 18.3992
304 912  1.2121 -0.8342 80.2883
336 912  1.6392 -0.9834 35.0550
368 912  2.6851 -0.6668 14.5008
400 912  0.1295  0.0141 15.2682
432 912  0.0358  0.0373 21.4143
464 912  0.0181  0.0169  9.4597
496 912  0.0960 -0.1723  4.0554
528 912  0.0245 -0.0245  5.0095
560 912  0.0004  0.0029 14.4781
592 912  0.0117  0.1012 29.9161
624 912 -0.0169  0.0338 19.5789
656 912 -0.0059  0.1012 46.4159
 16 944  0.2075 -0.0573 19.7364
 48 944  0.0205 -0.0444 23.3669
 80 944 -0.1127 -0.0971 170.2761
112 944  0.8429 -0.0440 120.2551
144 944  0.1403 -0.1617 29.1944
176 944  0.4359 -0.1852 58.3786
208 944  1.2177 -0.7563 184.2833
240 944  0.0812 -0.0700 18.4105
272 944  0.7600 -1.1058 169.3809
304 944  1.1464 -1.4033 80.3999
336 944  0.7751 -1.6738 44.6395
368 944  1.4858 -0.1164 54.9866
400 944  0.0333  0.0559 13.2740
432 944 -0.0027  0.5909 13.9201
464 944  0.0414  0.0480  6.4896
496 944 -0.0076 -0.0090  7.7338
528 944 -0.0093  0.0093  4.6066
592 944 -0.0137  0.0127  6.3523
624 944  0.0571 -0.0301 11.0962
656 944  0.0263 -0.0203 20.4823
 16 976  0.1333 -0.0710 41.2745
 48 976  0.2294 -0.0047 70.7894
 80 976  0.3323 -0.0487 86.7959
112 976  0.2065 -0.0610 219.4396
144 976  0.1380 -0.3059 29.7908
176 976  0.1718 -0.1470 208.7802
208 976  0.3072 -0.2036 123.3289
240 976  0.2345 -0.7065 110.1355
272 976  0.2845 -0.5554 33.4335
304 976  0.6656 -1.4156 24.3609
336 976  0.0739 -0.6740 49.8505
368 976 -0.0362  0.0869 17.3742
400 976  0.0198  0.0798 11.9766
432 976  0.0849  0.1645  6.5511
464 976  0.0161  0.0246 21.2740
496 976  0.0186 -0.0077 18.0377
528 976 -0.0027 -0.0016 41.4514
560 976 -0.0090  0.0032  7.3461
592 976 -0.3171 -0.3234  7.0015
624 976 -0.0186 -0.2451  4.9902
656 976  0.0845 -0.1651  6.8495
 16 1008  0.1758 -0.0386 59.1896
 48 1008  0.2002 -0.0201 58.7490
 80 1008  0.1759 -0.0321 66.8677
112 1008  0.0747 -0.0175 28.6888
144 1008  0.1219 -0.0501 89.4433
176 1008  0.1610 -0.1469 86.1118
208 1008  0.2547 -0.4725 123.4131
240 1008  0.1766 -0.2750 84.8406
272 1008  0.1374 -0.5209 74.3316
304 1008  0.2188 -0.9867 36.6947
336 1008  0.0420  0.8479 12.8622
368 1008  0.0766  0.7334 10.1154
400 1008  0.2498  0.2885  7.2139
432 1008  0.0633  0.0588 23.2542
464 1008  0.2239 -0.0256 64.7603
496 1008  0.1117 -0.1076 88.3746
528 1008  0.0026 -0.0379 14.8478
560 1008 -0.0159 -0.0488  7.8860
592 1008 -0.3247 -0.0301  6.3362
 16 1040  0.0863 -0.0217 93.7878
 48 1040  0.1542 -0.0505 77.0985
 80 1040  0.2057 -0.0693 32.8567
112 1040  0.1969 -0.0959 155.5565
144 1040  0.1674 -0.1149 79.0183
176 1040  0.2328 -0.2103 86.9669
208 1040  0.1154 -0.3431 177.7287
240 1040 -0.0143 -0.1055 13.9308
272 1040  0.0504 -0.3138 55.4622
304 1040  0.0056 -0.2046 26.7353
336 1040 -0.0773 -0.2528 37.6858
368 1040  0.5423  0.1463 21.1246
400 1040 -0.0010  0.0081 187.5621
432 1040  0.0897  0.0109 26.7816
464 1040  0.1744 -0.0365 68.5304
496 1040  0.0972 -0.0930 30.3898
528 1040  0.0015  0.0203 12.7210
560 1040 -0.0124  0.0387  9.8354
592 1040 -0.0771  0.0785 17.1471
624 1040 -0.0129  0.2163  7.4307
656 1040 -0.0099  0.1094  6.7711
 16 1072  0.1954 -0.0143 58.5040
 48 1072  0.2123 -0.0387 203.6574
 80 1072  0.1613 -0.0954 27.8649
112 1072  0.1129 -0.0441 60.7711
144 1072  0.0761 -0.1475 156.6707
176 1072  0.1790 -0.1076 83.8927
208 1072  0.1401 -0.1157 100.9066
240 1072  0.0240 -0.1850 117.6494
272 1072  0.0489 -0.3017 49.1800
304 1072  0.0360 -0.5214 124.9639
336 1072 -0.0706 -0.1856 102.9117
368 1072 -0.0528 -0.0650 246.4977
400 1072  0.0307 -0.0088 167.1432
432 1072  0.1829 -0.0053 52.1239
464 1072  0.0541 -0.0159 21.8905
496 1072  0.0144 -0.0140 18.8267
528 1072  0.0725 -0.1878 47.4455
560 1072 -0.0160 -0.0062 13.8839
592 1072  0.0259  0.0069 10.8290
624 1072  0.0205 -0.0069 12.9926
656 1072 -0.0314  0.0185 18.5388
 16 1104  0.1052 -0.0067 20.9442
 48 1104  0.0241 -0.0081 49.2366
 80 1104  0.2589 -0.0397 66.8069
112 1104  0.1288 -0.0491 226.6272
144 1104  0.0219 -0.0332 17.0328
176 1104  0.0251 -0.0699 45.0842
208 1104  0.1611 -0.2369 243.4872
240 1104  0.0323 -0.1423 266.7092
272 1104  0.0570 -0.0403 21.4648
304 1104  0.0312 -0.1076 161.3966
336 1104  0.0429 -0.1492 170.4760
368 1104  0.1553 -0.0639 213.5969
400 1104  0.0846 -0.0497 111.4421
432 1104  0.1160 -0.0709 68.5896
464 1104  0.0290 -0.0556 22.0165
496 1104  0.0396 -0.1090 39.0261
528 1104  0.0239 -0.0358 19.2337
560 1104  0.0126 -0.0091 16.0113
592 1104 -0.0551  0.0217 13.9153
624 1104  0.0446  0.0125 11.2172
656 1104  0.0547  0.0245 17.4246
 16 1136 -0.0063  0.0006 15.5028
 48 1136  0.1179 -0.0672 58.9573
 80 1136  0.1027 -0.1064 43.5116
112 1136  0.0386 -0.0812 30.2287
144 1136  0.0935 -0.0791 28.9388
176 1136  0.0576 -0.0558 178.1000
208 1136  0.1846 -0.1387 71.5476
240 1136  0.1252 -0.0804 227.5933
272 1136  0.3794 -0.1843 164.7011
304 1136  0.0699 -0.1489 70.1866
336 1136  0.1251 -0.0800 133.7814
368 1136  0.0588 -0.0627 217.6535
400 1136  0.0508 -0.1383 110.3783
432 1136  0.1513 -0.0675 316.6066
464 1136  0.0096 -0.0232 19.6724
496 1136  0.0340 -0.0103 19.1507
528 1136 -0.0254 -0.0258 16.5798
560 1136 -0.0039  0.0040 15.8534
592 1136 -0.0065 -0.0017 11.7384
624 1136  0.0087 -0.0291 30.7950
656 1136 -0.0825 -0.0477 34.9531
 16 1168  0.0111 -0.0018 17.9586
 48 1168  0.0361 -0.0278 14.6413
 80 1168  0.0714 -0.0419 136.7611
112 1168  0.1418 -0.0198 20.6937
144 1168  0.0280 -0.0572 14.3466
176 1168  0.2742 -0.1421 113.8397
208 1168  0.0922 -0.0438 42.0816
240 1168  0.2513 -0.0993 82.5538
272 1168  0.0920 -0.0928 211.3194
304 1168  0.0283 -0.0722 94.2232
336 1168  0.0459 -0.1613 75.9862
368 1168  0.0514 -0.0700 36.4250
400 1168  0.0948 -0.1676 206.0711
432 1168  0.1515 -0.0534 234.0697
464 1168  0.0901 -0.1457 71.5891
496 1168  0.0307 -0.0308 16.9820
528 1168  0.0080 -0.0178 12.2638
560 1168 -0.0039  0.0087 13.3025
592 1168  0.0001  0.0231 14.3219
624 1168  0.0717 -0.0579  9.4847
656 1168  0.0381  0.0770 29.4427
 16 1200  0.0415 -0.0114 14.8212
 48 1200  0.0644 -0.0032 15.8373
 80 1200  0.0301 -0.0131 125.8059
112 1200  0.0616 -0.0925 144.5427
144 1200  0.0975 -0.1063 90.0632
176 1200  0.0260 -0.1352 107.1715
208 1200  0.0570 -0.0775 203.8726
240 1200  0.0432 -0.0430 129.5963
272 1200  0.1046 -0.0959 384.7941
304 1200  0.0577 -0.1660 100.1384
336 1200  0.0639 -0.0793 97.0087
368 1200  0.1000 -0.1130 157.6464
400 1200  0.0518 -0.0763 259.6080
432 1200  0.0926 -0.1512 117.2008
464 1200  0.0408 -0.1824 63.0575
496 1200  0.0373 -0.0171 21.9246
528 1200 -0.0123 -0.0076 16.7227
560 1200 -0.0224  0.0219 12.6097
592 1200  0.0166 -0.0073 15.1329
624 1200 -0.0035  0.0185 12.8303
656 1200 -0.0090 -0.0446 28.6091
  0   0  0.0914 -0.1304  0.0000
  0   0  0.1833 -0.1009  0.0000
  0   0  0.1989 -0.1536  0.0000
