VARIABLES= "X pix", "Y pix", "U pix/dt", "V pix/dt", "CHC", ZONE I=21, J=30
 16 272 -0.1782 -0.1201 26.0193
 48 272 -0.2787 -0.1587 216.4030
 80 272 -0.2487 -0.1458 204.7515
112 272 -0.3295 -0.0941 218.3689
144 272 -0.0781 -0.1292 248.1165
176 272 -0.0947 -0.0670 228.6198
208 272 -0.0875 -0.0680 63.7366
240 272 -0.1140 -0.0642 65.7395
272 272 -0.0621 -0.0069 37.4308
304 272 -0.0796 -0.0311 120.5196
336 272 -0.0857  0.0064 152.3508
368 272 -0.0482  0.0093 138.5523
400 272 -0.0582  0.0384 256.3817
432 272 -0.0848  0.0161 177.2215
464 272 -0.0111  0.0652 80.2799
496 272 -0.0345  0.0516 350.5554
528 272  0.0336  0.0557 201.2236
560 272  0.0383  0.0195 14.3456
592 272 -0.0228  0.0533 179.9158
624 272 -0.0168  0.0404 104.8518
656 272 -0.0376  0.0401 132.0203
 16 304 -0.2293 -0.1346 126.3510
 48 304 -0.3362 -0.3006 46.0134
 80 304 -0.1903 -0.2777 159.5613
112 304 -0.3632 -0.4428 173.9656
144 304 -0.0695 -0.2402 75.4068
176 304 -0.1781 -0.0857 189.6478
208 304 -0.1239 -0.1276 264.0737
240 304 -0.0837 -0.0580 220.9876
272 304 -0.0904 -0.0363 231.5123
304 304 -0.0552 -0.0398 280.6960
336 304 -0.0726 -0.0104 114.1953
368 304 -0.0507  0.0139 101.5939
400 304 -0.0856  0.0248 40.9793
432 304 -0.0418  0.0291 51.7645
464 304 -0.0637  0.0484 199.8016
496 304 -0.0265  0.0750 146.0069
528 304 -0.0151  0.0771 119.7977
560 304 -0.0353  0.0654 192.6997
592 304 -0.0289  0.0772 156.5875
624 304 -0.0244  0.0504 269.1890
656 304 -0.0405  0.0506 94.3980
 16 336 -0.2319 -0.2158 74.7086
 48 336 -0.0789 -0.1013 14.8840
 80 336 -0.3879 -0.2031 158.3630
112 336 -0.3537 -0.3889 146.0595
144 336 -0.1373 -0.2084 249.3799
176 336 -0.2094 -0.1602 237.6801
208 336 -0.0788 -0.0739 18.7733
240 336 -0.1125 -0.1757 164.0444
272 336 -0.0071 -0.0591 106.4100
304 336 -0.0399 -0.0403 172.9267
336 336 -0.0906 -0.0544 240.8372
368 336 -0.0824 -0.0068 128.7143
400 336 -0.0490  0.0109 135.2564
432 336 -0.0328  0.0461 157.7077
464 336 -0.0714  0.0248 194.3464
496 336 -0.2006  0.0262 41.7161
528 336 -0.0350  0.0291 170.1607
560 336 -0.0511  0.0477 133.2890
592 336 -0.0352  0.0671 244.1161
624 336 -0.0423  0.0452 113.2366
656 336 -0.0229  0.0312 119.9962
 16 368 -0.0918  0.0148 21.0926
 48 368 -0.3834 -0.2325 200.0780
 80 368 -0.2015 -0.1678 172.0033
112 368 -0.1207 -0.2693 21.2526
144 368 -0.3387 -0.1922 19.8638
176 368 -0.1493 -0.3158 118.1231
208 368 -0.2043 -0.1254 86.3274
240 368 -0.2073 -0.1977 189.7480
272 368 -0.0814 -0.1244 24.7909
304 368 -0.0690 -0.0879 306.7269
336 368 -0.1008 -0.0206 377.5304
368 368 -0.0944 -0.0488 167.2323
400 368 -0.0307  0.0221 325.8540
432 368 -0.0448  0.0305 167.9009
464 368 -0.0347  0.0521 93.5658
496 368 -0.0164  0.0379 443.9601
528 368 -0.0223  0.0679 136.0157
560 368 -0.0451  0.1082 124.7981
592 368  0.0699  0.0376 141.4677
624 368 -0.0228  0.0406 265.1848
656 368 -0.0017  0.0325 109.5243
 16 400 -0.4174 -0.4314 63.3260
 48 400 -1.0683 -0.3384 106.9792
 80 400 -0.6333 -0.2798 169.8625
112 400 -0.8936 -0.0970 101.5080
144 400 -0.3170 -0.3712 36.3150
176 400 -0.3726 -0.3477 135.7610
208 400 -0.1991 -0.3530 99.2139
240 400 -0.1845 -0.1879 246.7990
272 400 -0.1764 -0.1143 170.2106
304 400 -0.1137 -0.0391 228.8617
336 400 -0.0400 -0.0530 70.5365
368 400 -0.0888 -0.0340 100.4059
400 400 -0.0708 -0.0127 37.9622
432 400 -0.0708  0.0202 196.2361
464 400 -0.0424  0.0337 224.6348
496 400 -0.0287  0.0398 23.1260
528 400 -0.0218  0.0474 141.8755
560 400 -0.0289  0.0227 221.0295
592 400 -0.0142  0.0345 256.1743
624 400 -0.0398  0.0485 129.3601
656 400  0.0079  0.0488 138.7952
 16 432 -0.1046 -0.0653 127.1056
 48 432 -0.2817 -0.4773 81.6630
 80 432 -0.7461 -0.4104 118.9035
112 432 -0.7521 -1.2431 79.9643
144 432 -0.5073 -0.2626 250.7469
176 432 -0.1747 -0.3735 183.9780
208 432 -0.1730 -0.4477 63.9188
240 432 -0.0595 -0.1636 314.1717
272 432 -0.1547 -0.2634 153.6555
304 432 -0.0274 -0.0775 31.5141
336 432 -0.0802 -0.0772 266.8781
368 432 -0.0890 -0.0657 186.0118
400 432 -0.0721 -0.0323 182.4379
432 432 -0.0152  0.0513 139.3521
464 432 -0.0763  0.1104 170.3059
496 432 -0.0502  0.0390 162.7699
528 432 -0.0261  0.0879 67.4822
560 432 -0.0291  0.0311 116.6920
592 432 -0.0441  0.0172 83.6479
624 432  0.0037  0.0189 206.6605
656 432 -0.0253 -0.0377 114.9417
 16 464 -0.5968 -0.7327 53.1247
 48 464 -0.3791 -0.2325 173.5399
 80 464 -0.8036 -0.3680 161.2480
112 464 -0.4459 -0.3428 124.9817
144 464 -0.4676 -0.2936 143.5322
176 464 -0.4973 -0.2568 192.9618
208 464 -0.2711 -0.4881 130.1334
240 464 -0.3882 -0.3658 199.8240
272 464 -0.0946 -0.0586 11.7743
304 464 -0.1965 -0.2345 100.2919
336 464 -0.1352 -0.1393 170.7258
368 464 -0.0707 -0.0799 295.1902
400 464 -0.0401 -0.0343 119.1513
432 464 -0.1005 -0.0274 77.7022
464 464 -0.0510  0.0282 113.9627
496 464 -0.0712 -0.0198 118.4023
528 464  0.0159  0.0212 150.1947
560 464 -0.0210  0.0153 163.8826
592 464 -0.0104  0.0165 124.6427
624 464 -0.0048 -0.0034 125.2289
656 464  0.0132  0.0085 185.0752
 16 496 -0.2953 -0.1077 19.5300
 48 496 -0.4919 -0.2751 77.3996
 80 496 -1.2276 -0.7006 142.4293
112 496 -0.3110 -0.6535 165.4463
144 496 -0.7242 -0.6233 187.9616
176 496 -0.4902 -0.6824 155.0380
208 496 -0.6289 -0.6724 207.2402
240 496 -0.4408 -0.1751 27.4558
272 496 -0.2696 -0.4269 188.8700
304 496 -0.1670 -0.2772 56.6924
336 496 -0.1535 -0.0831 203.1206
368 496 -0.0914 -0.0175 147.8368
400 496 -0.0886 -0.0712 33.0244
432 496 -0.0857 -0.0117 167.8904
464 496 -0.1041 -0.0006 213.4680
496 496 -0.0491  0.0182 178.1017
528 496 -0.0889  0.0270 83.3786
560 496 -0.0752  0.0287 162.4450
592 496 -0.0184 -0.0050 35.6139
624 496  0.0222 -0.0359 86.1131
656 496  0.0175 -0.0243 140.6814
 16 528 -0.1821 -0.1500 24.9745
 48 528 -0.2339 -0.1885 166.8973
 80 528 -0.5187 -0.3403 166.5638
112 528 -0.9919 -0.7699 18.3129
144 528 -0.6832 -0.7374 349.6834
176 528 -0.3848 -0.4960 198.0178
208 528 -0.5432 -0.5817 172.3314
240 528 -0.6757 -0.1700 189.7893
272 528 -0.1889 -0.1751 65.6433
304 528 -0.2463 -0.2478 235.9749
336 528 -0.0481 -0.0772 23.5655
368 528 -0.1286 -0.0757 113.3512
400 528 -0.1080 -0.0685 230.4144
432 528 -0.0759 -0.0334 49.5881
464 528 -0.1017  0.0051 217.0372
496 528 -0.0328  0.0899 141.0766
528 528 -0.0388  0.0119 293.1046
560 528 -0.0336 -0.0073 156.3153
592 528 -0.0065 -0.0324 166.3776
624 528  0.0177 -0.0097 138.8014
656 528  0.0183 -0.0382 123.7527
 16 560 -0.5602 -0.2925 64.4589
 48 560 -0.7907 -0.4179 288.9856
 80 560 -0.7717 -0.4689 59.5669
112 560 -0.2814 -0.1674 150.5378
144 560 -0.1374 -0.1428  9.9805
176 560 -0.8310 -0.8851 85.5154
208 560 -0.5799 -0.6821 203.8209
240 560 -0.2968 -0.7121 97.6998
272 560 -0.9479 -0.1620 75.7516
304 560 -0.6062 -0.2393 88.4421
336 560 -0.1961 -0.2096 266.9608
368 560 -0.2477 -0.1613 70.7943
400 560 -0.0797 -0.0103 17.1009
432 560 -0.1431 -0.0652 41.9719
464 560 -0.0924  0.0108 212.7689
496 560 -0.0854 -0.0294 82.5378
528 560 -0.1021 -0.0153 185.6935
560 560 -0.0466 -0.0337 120.2450
592 560 -0.0330 -0.0920 161.4290
624 560  0.0079 -0.0590 140.2357
656 560  0.0410 -0.0529 97.4988
 16 592 -0.5904  0.0255 51.3007
 48 592 -0.7102  0.0256 16.6601
 80 592 -1.3148 -0.6955 30.6062
112 592 -0.7393 -0.6039 126.8214
144 592 -0.8766 -0.9756 106.7026
176 592 -0.8459 -0.7340 114.2927
208 592 -0.7094 -0.6394 72.7601
240 592 -0.3680 -0.6756 39.2748
272 592 -1.1201 -0.8451 63.3564
304 592 -0.8482 -0.3476 83.6850
336 592 -0.5844 -0.3070 290.6774
368 592 -0.5889 -0.2048 136.3289
400 592 -0.5379 -0.1202 183.4558
432 592 -0.3413 -0.0998 118.6045
464 592 -0.1796  0.0181 221.3999
496 592 -0.2458 -0.0637 179.2911
528 592 -0.1338 -0.1133 133.7089
560 592 -0.1061 -0.1117 112.9583
592 592  0.0438 -0.0892 118.4635
624 592  0.0702 -0.1786 121.9462
656 592  0.1137 -0.1309 150.4370
 16 624 -0.2095 -0.0912 26.5579
 48 624 -0.2352 -0.1248 113.9629
 80 624 -0.7740 -0.2023 124.7081
112 624 -0.5511 -0.3588 109.0078
144 624 -1.0699 -0.7127 37.8677
176 624 -1.0268 -0.9691 63.9355
208 624 -0.9765 -0.9476 173.9387
240 624 -1.0646 -0.9393 61.5406
272 624 -0.3988 -0.1966 27.7053
304 624 -0.8509 -0.6145 164.6934
336 624 -0.7867 -0.9003 40.8267
368 624 -0.6383 -0.2267 109.1083
400 624 -0.6980 -0.0836 123.2741
432 624 -0.6756 -0.0398 182.4382
464 624 -0.1986 -0.0742 149.2754
496 624 -0.4659 -0.0428 177.4159
528 624 -0.2428 -0.0965 177.9403
560 624 -0.2908 -0.1603 88.6925
592 624  0.0091 -0.2352 115.0356
624 624  0.0064 -0.1788 28.8197
656 624  0.2418 -0.3964 268.8356
 16 656 -0.0207 -0.0740 25.9158
 48 656 -0.2420 -0.0546 208.2599
 80 656 -0.6412 -0.0709 91.1980
112 656 -0.6858 -0.2407 81.1308
144 656 -0.7126 -0.6071 279.3557
176 656 -1.0021 -0.8378 204.8965
208 656 -1.0606 -1.0713 90.8964
240 656 -1.2225 -0.8122 65.5458
272 656 -1.3808 -0.8139 55.3500
304 656 -0.7228 -0.3901 27.3802
336 656 -1.0585 -0.3522 125.1835
368 656 -0.7389 -0.1713 141.2320
400 656 -0.6869 -0.0471 146.2885
432 656 -1.1397  0.0140 160.1180
464 656 -0.8833 -0.0300 97.7553
496 656 -0.8035 -0.0647 158.9803
528 656 -0.4979 -0.2670 33.2520
560 656 -0.2600 -0.3818 45.7311
592 656 -0.0553 -0.5254 112.1159
624 656  0.0808 -0.4671 74.1638
656 656  0.1093 -0.8405 176.9750
 16 688 -0.3161 -0.1372 25.9461
 48 688 -0.1777 -0.0989 101.4913
 80 688 -0.2350 -0.2114 185.4285
112 688 -0.1844 -0.1185 51.0334
144 688 -0.4289 -0.1492 63.9484
176 688 -1.1180 -0.8931 208.3446
208 688 -0.9909 -0.8846 225.6698
240 688 -1.1205 -1.4970 131.3159
272 688 -1.0909 -1.0113 99.1982
304 688 -1.1976 -0.6592 81.5203
336 688 -0.7643 -0.2839 75.2318
368 688 -0.7804 -0.0504 239.7713
400 688 -0.7155  0.0815 62.7260
432 688 -0.2657  0.1121 87.9619
464 688 -0.4088 -0.0696 84.7119
496 688 -0.7297 -0.3435 166.6782
528 688 -0.0627 -0.3133 23.2410
560 688 -0.5236 -0.8190 118.3404
592 688 -0.1156 -1.1347 187.5358
624 688 -0.0128 -0.4241 33.6390
656 688  0.0390 -0.5767 55.4086
 16 720 -0.1221 -0.0391 50.6253
 48 720 -0.1140 -0.0863 25.5454
 80 720 -0.1879 -0.0560 250.2265
112 720 -0.2629 -0.1469 113.0511
144 720 -0.5219 -0.7722 98.4896
176 720 -0.8146 -0.7611 197.4350
208 720 -1.5326 -0.9303 20.6236
240 720 -0.9242 -0.8770 41.1266
272 720 -1.0067 -0.8888 33.7408
304 720 -0.9578 -0.7590 205.4121
336 720 -0.7034 -0.2690 109.3008
368 720 -0.1528  0.0639 79.5506
400 720 -0.1123  0.1372 151.3210
432 720 -0.0539  0.4394 185.7624
464 720 -0.4423 -0.1901 181.2335
496 720 -1.1012 -0.8743 60.1486
528 720  0.1191 -0.2871 20.5210
560 720  0.9345  0.0213 12.9660
592 720 -0.0347 -0.1003 38.9737
624 720 -0.0222 -0.0917 43.0315
656 720 -0.0259 -0.2497 140.9502
 16 752 -0.0186 -0.0125 18.1809
 48 752 -0.0612 -0.2225 121.7574
 80 752 -0.0781 -0.1161 106.2951
112 752 -0.2273 -0.1192 183.4430
144 752 -0.6068 -0.2805 163.6201
176 752 -0.7726 -0.4079 128.9089
208 752 -0.8033 -0.8043 128.7809
240 752 -1.0518 -0.8595 216.8758
272 752 -0.6579 -0.6969 231.9235
304 752 -0.7406 -0.6588 35.5041
336 752 -0.3399 -0.0959 184.0649
368 752  0.2749  0.1588 144.0013
400 752  0.4623  0.2748 115.7817
432 752  1.1672  0.3360 67.9676
464 752  1.0891 -0.2703 114.8139
496 752  0.1068 -1.1388 128.8772
528 752  0.1350 -0.4458 11.6785
560 752  1.3118  0.1544 10.5043
592 752  0.1523  0.1511 26.5380
624 752 -0.4145  0.3042  9.0968
656 752 -0.0735  0.0265 14.2568
 16 784 -0.0531 -0.0169 18.9746
 48 784  0.0020 -0.0826 247.6163
 80 784 -0.0195 -0.0990 291.2683
112 784 -0.0363 -0.0969 226.6852
144 784 -0.1396 -0.1265 70.1988
176 784 -0.1461 -0.2767 77.8959
208 784 -0.4143 -0.5568 167.6944
240 784 -0.6262 -0.6760 104.7001
272 784 -0.3796 -0.6100 149.1122
304 784 -0.1193 -0.2552 168.6923
336 784 -0.1906 -0.0855 227.3748
368 784  0.4712  0.0406 125.7201
400 784  1.3153  0.3794 182.4981
432 784  0.6763  0.2764 38.0442
464 784  1.0710  0.1542 85.5953
496 784  1.7517 -1.1659 38.0653
528 784  0.3695  0.0798 12.4992
560 784  0.7044  0.0212  7.3672
592 784 -0.0285  0.0611 13.0090
624 784 -0.0370  0.0419 29.5446
656 784 -0.0791  0.1347  8.4426
 16 816 -0.0065 -0.0291 99.8746
 48 816  0.0101  0.0017 41.7431
 80 816  0.0485 -0.0628 50.3362
112 816  0.0229 -0.0793 113.6729
144 816  0.0283 -0.1290 132.5881
176 816 -0.0098 -0.1482 77.7021
208 816 -0.0464 -0.3262 177.2233
240 816 -0.0433 -0.6281 54.1231
272 816  0.0053 -0.5450 64.4881
304 816 -0.0255 -0.4419 42.0957
336 816  0.3116 -0.1809 30.2658
368 816  0.8623  0.0950 55.9896
400 816  0.8014  0.2412 82.5463
432 816  0.5733  0.0844 62.3438
464 816  2.8551  0.1287 151.0389
496 816  0.2607 -0.0752 16.8373
528 816  0.0994  0.0198  6.7030
560 816  0.1484  0.1759 14.1332
592 816  0.0594  0.0166 46.9740
624 816 -0.0290  0.0428 10.5808
656 816 -0.0335  0.0231 16.3595
 16 848  0.0629 -0.0133 30.5035
 48 848  0.0989  0.0740 42.3441
 80 848  0.0512 -0.0424 43.2397
112 848  0.0707 -0.0395 105.5640
144 848  0.0633 -0.0366 184.9211
176 848  0.1923 -0.1442 193.3039
208 848  0.5057 -0.0584 182.5060
240 848  0.1212 -0.5243 159.9817
272 848  0.2406 -0.6798 51.8177
304 848  1.3997 -0.6995 43.8336
336 848  1.0729 -0.6235 42.6649
368 848  1.4166 -0.0658 63.5504
400 848  1.8896  0.3049 137.0986
432 848  1.9692  0.1278 33.4848
464 848  0.2613  0.0459 15.7308
496 848  0.0878 -0.0515 11.8849
528 848  0.0673  0.0547  5.4988
560 848  0.0355  0.1084 77.7586
592 848  0.0327  0.1441 124.5834
624 848 -0.0018  0.1005 59.9829
656 848  0.0011  0.0162 26.6141
 16 880  0.0316 -0.0427 21.8136
 48 880 -0.0292  0.0082 20.7108
 80 880  0.1424 -0.0772 188.9469
112 880  0.0943 -0.0258 114.9829
144 880  0.1318 -0.0784 244.0702
176 880  0.3420 -0.1836 131.0777
208 880  0.1559 -0.2764 207.2959
240 880  0.2906 -0.5269 119.1443
272 880  0.3211 -0.6330 98.1361
304 880  0.7909 -0.7136 107.4928
336 880  1.1135 -0.3062 202.1344
368 880  1.8825 -0.3158 194.2374
400 880  1.3933  0.0612 64.7372
432 880  1.8905  0.3529 90.5073
464 880  0.1891  0.1102 20.8293
496 880 -0.0233 -0.0186  5.6579
528 880  0.0635  0.0340 11.2109
560 880  0.0384  0.0946 29.7938
592 880  0.0061  0.1241 44.7790
624 880 -0.0036  0.1364 106.4045
656 880 -0.0478  0.1512 67.9116
 16 912  0.2464 -0.0347 160.8170
 48 912  0.0401 -0.0312 14.8566
 80 912  0.0584 -0.1870 233.3358
112 912  0.0966 -0.1432 158.2679
144 912  0.1606 -0.1702 216.1154
176 912  0.1456 -0.1934 231.5813
208 912  0.0438 -0.1086 30.4565
240 912  0.2478 -0.7330 122.9215
272 912  0.5462 -0.9994 69.4596
304 912  0.9042 -0.6723 29.6562
336 912  1.3140 -0.7234 52.0800
368 912  1.4140 -0.0544 36.7978
400 912  0.3603  0.0156 17.0906
432 912  0.0965  0.0291 20.1975
464 912 -0.0198 -0.0150  9.2204
496 912 -0.0081 -0.0164  4.0355
528 912  0.0103 -0.0126  4.8740
560 912  0.0077 -0.0142 12.4214
592 912  0.0043  0.0238 24.4384
624 912 -0.0712  0.0631 48.3147
656 912 -0.0470  0.0940 75.8151
 16 944  0.0378 -0.0306 17.6869
 48 944  0.0354 -0.0191 115.1811
 80 944  0.0962 -0.1649 158.1171
112 944  0.1667 -0.0775 160.7312
144 944  0.1775 -0.1201 241.0238
176 944  0.2416 -0.1832 287.1783
208 944  0.0690 -0.3208 180.9741
240 944 -0.0229 -0.1577 178.7272
272 944  0.2838 -0.6175 36.1280
304 944  0.6771 -1.1524 136.1128
336 944  0.8200 -0.7455 67.0543
368 944  0.1893  0.0040 86.3268
400 944  0.0390  0.3822 14.4756
432 944 -0.0095  0.0036 13.1909
464 944 -0.0421  0.0127  5.7148
496 944 -0.0008 -0.0163  7.8473
528 944  0.0063 -0.0063  4.6193
592 944  0.0497 -0.0801  5.7551
624 944  0.0764 -0.0760 10.2949
656 944  0.0329 -0.0239 20.9029
 16 976  0.0544 -0.0286 34.8472
 48 976  0.0645 -0.0189 31.5210
 80 976  0.0814 -0.0387 229.1923
112 976  0.1687 -0.0754 396.4540
144 976  0.1395 -0.1257 191.7216
176 976  0.1586 -0.1328 82.4870
208 976  0.1502 -0.3285 73.3893
240 976  0.1199 -0.8725 198.3341
272 976  0.1586 -0.5601 59.9728
304 976  0.1845 -1.1773 47.4604
336 976 -0.0746 -0.1190 68.2092
368 976 -0.0150 -0.0144 25.1346
400 976 -0.0214 -0.0051 12.3922
432 976  0.0637  0.0342  7.4882
464 976 -0.0076 -0.0097 21.2900
496 976 -0.0735 -0.0323 25.9769
528 976 -0.0036 -0.0040 34.8952
560 976 -0.0930  0.0426  5.7965
656 976  0.0832 -0.3784  5.9909
 16 1008  0.1023 -0.0320 49.0405
 48 1008  0.0854 -0.0317 67.6066
 80 1008  0.0637 -0.0413 56.5959
112 1008  0.0494 -0.0442 159.9005
144 1008  0.1586 -0.0928 52.6116
176 1008  0.1186 -0.1251 185.9835
208 1008  0.2585 -0.1122 60.6051
240 1008  0.0540 -0.3110 63.2899
272 1008  0.0396 -0.5106 61.5648
304 1008  0.0401 -0.7432 99.3941
336 1008 -0.0311 -0.0592 22.4905
368 1008 -0.0061  0.0684 10.2267
400 1008  0.0365  0.0497  8.0841
432 1008  0.0188  0.0160 17.8422
464 1008  0.0390  0.0231 43.7009
496 1008 -0.0056 -0.0279 39.2674
528 1008 -0.0338 -0.0553 22.3796
560 1008 -0.1057  0.0807 12.8494
 16 1040  0.0302 -0.0045 35.8511
 48 1040  0.0518 -0.0366 245.1468
 80 1040  0.0666 -0.0447 252.2568
112 1040  0.0950 -0.0971 143.3619
144 1040  0.0759 -0.1062 30.0377
176 1040  0.1025 -0.1420 70.4110
208 1040  0.0896 -0.1288 229.6084
240 1040  0.0525 -0.2530 18.8022
272 1040  0.0340 -0.2878 119.9653
304 1040 -0.1322 -0.6732 99.1411
336 1040 -0.0049  0.1869 27.6638
368 1040  0.1082  0.0786 11.9096
400 1040  0.0186  0.0142 54.9540
432 1040  0.0142  0.0291 28.2699
464 1040  0.0373 -0.0141 137.6577
496 1040  0.0203 -0.0138 81.7697
528 1040 -0.0221  0.0148 36.0853
560 1040  0.0154  0.0514  7.9752
592 1040 -0.0778  0.1378  8.4523
624 1040 -0.0477  0.4315  5.7099
656 1040 -0.0405  0.3043  5.2344
 16 1072  0.0935 -0.0278 49.7025
 48 1072  0.1323 -0.0826 39.6901
 80 1072  0.0309 -0.0284 194.0014
112 1072  0.0038 -0.0314 162.1336
144 1072  0.0481 -0.0504 321.8525
176 1072  0.1109 -0.1008 176.6712
208 1072  0.0530 -0.0383 18.5474
240 1072  0.0352 -0.1640 116.3187
272 1072  0.0154 -0.2040 150.5164
304 1072 -0.0128 -0.1846 22.1401
336 1072 -0.0861 -0.0945 212.5678
368 1072 -0.0854 -0.0980 188.5212
400 1072 -0.0364 -0.0258 48.1878
432 1072  0.0275 -0.0298 355.1479
464 1072  0.0278 -0.0451 48.1626
496 1072 -0.0043 -0.0256 22.7153
528 1072  0.0693 -0.1423 44.8024
560 1072 -0.0066  0.0002 14.0037
592 1072  0.0597  0.0136 16.3420
624 1072 -0.0254 -0.0326 11.9487
656 1072 -0.0113  0.0059 14.9840
 16 1104  0.0473 -0.0292 60.7549
 48 1104  0.0031 -0.0072 34.8068
 80 1104  0.0327 -0.0228 153.3157
112 1104  0.0474 -0.0215 149.3273
144 1104  0.0271 -0.0506 148.8172
176 1104  0.0385 -0.0482 400.3176
208 1104  0.0737 -0.0918 29.9005
240 1104  0.0450 -0.0970 270.1936
272 1104  0.0274 -0.2614 53.1927
304 1104 -0.0158 -0.1031 136.1336
336 1104 -0.0213 -0.1563 233.5481
368 1104 -0.0187 -0.0915 140.8674
400 1104  0.0041 -0.0530 152.9530
432 1104  0.0170 -0.0663 128.1344
464 1104  0.0442 -0.0440 36.9920
496 1104  0.0277 -0.0566 16.6432
528 1104 -0.0042 -0.0058 14.1702
560 1104 -0.0055 -0.0020 22.9684
592 1104 -0.0005  0.0117 11.4347
624 1104 -0.0484  0.0183  9.5782
656 1104  0.0679  0.0290 15.2280
 16 1136  0.0032 -0.0121 16.3411
 48 1136  0.0225 -0.0339 23.1761
 80 1136  0.1077 -0.0461 119.7793
112 1136  0.0234 -0.0711 20.6102
144 1136 -0.0134 -0.0778 196.9592
176 1136  0.0127 -0.0667 251.2285
208 1136 -0.0113 -0.1031 113.0267
240 1136  0.0083 -0.2814 193.7374
272 1136  0.0038 -0.1310 123.8904
304 1136  0.0199 -0.2114 188.9759
336 1136 -0.0126 -0.0746 176.2447
368 1136  0.0169 -0.0717 203.3398
400 1136  0.0483 -0.1198 82.3468
432 1136 -0.0026 -0.0524 40.9341
464 1136  0.0312 -0.0229 22.4410
496 1136  0.0324 -0.2533 26.9816
528 1136  0.0003  0.0033 11.6155
560 1136 -0.0050 -0.0065 17.9741
592 1136  0.0050 -0.0498 11.6033
624 1136 -0.0122  0.0050 23.3877
656 1136 -0.0246  0.0492 32.2235
 16 1168  0.0376  0.0278 16.0402
 48 1168 -0.0046 -0.0298 35.9619
 80 1168  0.0344 -0.0561 46.6353
112 1168  0.0078 -0.0192 254.9666
144 1168  0.0171 -0.0701 179.3287
176 1168 -0.0155 -0.0496 132.0596
208 1168  0.0325 -0.1449 318.5557
240 1168  0.0589 -0.1114 74.8295
272 1168  0.0168 -0.0617 81.7147
304 1168  0.0110 -0.0851 45.1790
336 1168  0.0301 -0.1115 235.9528
368 1168  0.0301 -0.0991 145.1178
400 1168  0.0107 -0.1131 231.9810
432 1168  0.0492 -0.1015 47.5203
464 1168 -0.0066 -0.0490 310.8214
496 1168  0.0108 -0.0314 17.4063
528 1168 -0.0090 -0.0158 12.7751
560 1168  0.0028 -0.0071 10.7381
592 1168  0.0205  0.0292 14.3319
624 1168  0.0212  0.0055 11.7853
656 1168 -0.0060 -0.0011 10.9417
 16 1200  0.0495 -0.0252 41.8752
 48 1200  0.0023 -0.0307 16.6974
 80 1200  0.0169 -0.0117 20.8315
112 1200 -0.0010 -0.0029 23.8186
144 1200  0.0501 -0.0610 126.3658
176 1200 -0.0047 -0.0097 105.0387
208 1200  0.0253 -0.0802 62.9865
240 1200 -0.0009 -0.1057 276.1284
272 1200  0.0137 -0.1153 92.9676
304 1200  0.0219 -0.1090 81.1541
336 1200  0.0442 -0.0702 101.7905
368 1200  0.0273 -0.0816 205.0413
400 1200  0.0313 -0.1754 212.7190
432 1200  0.0226 -0.0525 19.2874
464 1200  0.0049 -0.0436 237.8715
496 1200 -0.0160 -0.0183 21.6264
528 1200  0.0057 -0.0086 18.6587
560 1200 -0.0003 -0.0126 12.6894
592 1200 -0.0111 -0.0172 16.1978
624 1200  0.0113  0.0810 46.2692
656 1200 -0.0058  0.0514 45.2802
  0   0  0.0089 -0.0529  0.0000
  0   0  0.0430 -0.0849  0.0000
  0   0  0.0155 -0.0257  0.0000
  0   0  0.0081  0.0625  0.0000
  0   0 -0.0119  0.1467  0.0000
  0   0 -0.0150  0.1739  0.0000
