VARIABLES= "X pix", "Y pix", "U pix/dt", "V pix/dt", "CHC", ZONE I=21, J=30
 16 272 -0.0555 -0.0730 35.5919
 48 272 -0.0195 -0.0697 377.3905
 80 272 -0.1420 -0.1259 197.4686
112 272 -0.0925 -0.1669 105.2862
144 272 -0.0555 -0.0667 228.1652
176 272 -0.1289 -0.0513 63.4651
208 272 -0.0273 -0.1019 227.7156
240 272 -0.0431 -0.0501 113.3825
272 272 -0.0190 -0.0273 53.6093
304 272  0.0058 -0.0293 179.9722
336 272 -0.0004 -0.0074 119.3843
368 272 -0.0020  0.0072 109.3019
400 272  0.0225  0.0378 78.5141
432 272 -0.0128  0.0391 242.4983
464 272  0.0398  0.0141 155.4493
496 272  0.0452  0.0338 103.4472
528 272  0.1090  0.0342 112.7271
560 272  0.0300  0.0645 47.8758
592 272  0.0731  0.0001 102.1163
624 272  0.0506  0.0172 204.7282
656 272  0.0069 -0.0151 191.0045
 16 304 -0.0887 -0.1295 233.4472
 48 304 -0.0953 -0.2220 158.7283
 80 304 -0.0481 -0.0835 248.7365
112 304 -0.1278 -0.1632 163.5900
144 304 -0.1009 -0.1305 136.1577
176 304 -0.0592 -0.0964 64.7734
208 304 -0.0063 -0.0860 205.5612
240 304 -0.0394 -0.1961 213.2848
272 304 -0.0016 -0.0281 34.8825
304 304 -0.0245 -0.0481 218.8788
336 304  0.0118 -0.0055 263.3290
368 304  0.0149 -0.0058 63.3721
400 304  0.0511  0.0111 267.5251
432 304  0.0073  0.0068 235.0367
464 304  0.0295  0.0653 336.0944
496 304  0.0461  0.0488 69.3708
528 304  0.0440  0.0546 136.5504
560 304  0.0761  0.0596 305.9269
592 304  0.0487  0.0084 174.1517
624 304  0.0024  0.0251 195.4424
656 304  0.0267  0.0207 61.5825
 16 336 -0.1086 -0.0970 32.4191
 48 336 -0.1084 -0.4292 34.3721
 80 336 -0.0746 -0.1038 53.4024
112 336 -0.0923 -0.1789 274.3918
144 336 -0.0839 -0.0907 354.1450
176 336 -0.0345 -0.0514 94.6365
208 336 -0.0604 -0.2120 237.2019
240 336 -0.0348 -0.0992 191.4466
272 336 -0.0336 -0.0760 213.2078
304 336 -0.0269 -0.0768 181.8351
336 336 -0.0002 -0.0375 190.2243
368 336  0.0128 -0.0054 235.1870
400 336  0.0274 -0.0091 171.6855
432 336  0.0221  0.0130 122.8682
464 336  0.0528  0.0309 105.8052
496 336  0.0073  0.0322 32.6512
528 336  0.0381  0.0475 68.1742
560 336  0.0377  0.0225 151.5684
592 336  0.0214  0.0186 184.9780
624 336  0.0427  0.0079 139.2403
656 336  0.0539  0.0101 123.8843
 16 368 -0.1365 -0.0558 21.6946
 48 368 -0.1116 -0.2612 137.3942
 80 368 -0.0716 -0.0922 176.6656
112 368 -0.1019 -0.1345 172.1045
144 368 -0.1716 -0.2807 100.6421
176 368 -0.1896 -0.0751 99.5412
208 368 -0.1533 -0.1830 119.2939
240 368 -0.1097 -0.2794 278.2440
272 368 -0.0479 -0.0840 170.0343
304 368 -0.0195 -0.0470 194.9876
336 368 -0.0118 -0.0354 275.9826
368 368 -0.0021 -0.0417 259.5719
400 368  0.0190  0.0048 209.5694
432 368  0.0076 -0.0043 159.9996
464 368  0.0446  0.0168 85.4154
496 368  0.0590  0.0241 148.0822
528 368  0.0634  0.0472 194.8589
560 368  0.0192  0.0228 61.8216
592 368  0.0224  0.0411 64.8028
624 368  0.0432  0.0148 272.3629
656 368  0.0181  0.0118 90.9024
 16 400 -0.1103 -0.0383 19.3326
 48 400 -0.3418 -0.2714 61.1266
 80 400 -0.3309 -0.2086 226.5423
112 400 -0.0919 -0.3086 188.4324
144 400  0.0532 -0.2462 166.9993
176 400 -0.3762 -0.2457 86.1602
208 400 -0.1692 -0.1374 395.7172
240 400 -0.1381 -0.1813 118.2401
272 400 -0.0457 -0.1206 52.6338
304 400 -0.0574 -0.0474 264.0359
336 400 -0.0071 -0.0518 124.3056
368 400 -0.0150 -0.0326 152.9714
400 400 -0.0125 -0.0266 223.8603
432 400  0.0056 -0.0058 191.3087
464 400  0.0146  0.0007 183.5018
496 400  0.0294  0.0264 51.7646
528 400  0.0452  0.0092 77.1103
560 400  0.0620  0.0260 64.7065
592 400  0.0618  0.0063 105.9357
624 400  0.0531 -0.0122 139.4693
656 400  0.1412  0.0604 152.3751
 16 432 -0.1051 -0.0228 44.3931
 48 432 -0.1153 -0.4381 129.1584
 80 432 -0.2168 -0.4381 157.6707
112 432 -0.7792 -0.3342 177.3167
144 432 -0.1740 -0.3110 209.2522
176 432 -0.1432 -0.3064 226.6656
208 432 -0.1590 -0.3950 143.2216
240 432 -0.1505 -0.2659 190.7295
272 432 -0.0213 -0.1361 28.1765
304 432 -0.1506 -0.0624 115.4944
336 432 -0.0549 -0.0775 200.3075
368 432 -0.0165 -0.0934 141.1038
400 432 -0.0578 -0.0319 285.4604
432 432 -0.0316 -0.0054 73.8550
464 432 -0.0039  0.0017 195.9505
496 432  0.0400  0.0100 283.1121
528 432  0.0376  0.0072 113.2884
560 432  0.0474  0.0232 126.0855
592 432  0.0029  0.0573 94.2597
624 432  0.0692 -0.0052 158.6622
656 432  0.0427 -0.0290 105.7253
 16 464 -0.0785 -0.1320 26.5030
 48 464 -0.1722 -0.2269 16.9351
 80 464 -0.2573 -0.3227 252.5560
112 464 -0.0883 -0.1675 184.1396
144 464 -0.0476 -0.1718 24.2106
176 464 -0.3243 -0.2602 224.5534
208 464 -0.4569 -0.1872 176.2031
240 464 -0.1846 -0.2161 153.7168
272 464 -0.1099 -0.1757 45.8070
304 464 -0.1298 -0.1823 310.5760
336 464 -0.0475 -0.0933 196.9336
368 464 -0.0422 -0.0835 261.0607
400 464  0.0051 -0.0270 115.9355
432 464  0.0018 -0.0290 318.4287
464 464  0.0133 -0.0248 83.8734
496 464  0.0209 -0.0438 183.4372
528 464  0.0313 -0.0051 155.3929
560 464  0.0189 -0.0159 137.9602
592 464  0.0333  0.0523 104.8375
624 464  0.0795 -0.0198 137.1521
656 464  0.0275 -0.0012 127.4261
 16 496 -0.2207 -0.1391 22.7825
 48 496 -0.0828 -0.2099 105.7975
 80 496 -0.6727 -0.4728 220.9804
112 496 -0.3593 -0.2027 36.1876
144 496  0.0041  0.0066 15.9670
176 496 -0.4696 -0.1836 122.4940
208 496 -0.1582 -0.2904 250.0751
240 496 -0.1947 -0.5332 122.0382
272 496 -0.1931 -0.1299 28.0976
304 496 -0.2505 -0.0592 72.2421
336 496 -0.2760 -0.1532 134.4277
368 496 -0.0828 -0.0694 91.1397
400 496 -0.0538 -0.0819 148.1870
432 496 -0.0178 -0.1089 98.2833
464 496 -0.0094 -0.0292 236.3856
496 496  0.0104 -0.0559 133.7897
528 496  0.0309 -0.0336 29.3508
560 496  0.0879 -0.0068 60.4947
592 496  0.0414  0.0249 15.0505
624 496  0.1009 -0.0000 216.3371
656 496  0.0538 -0.0142 137.9547
 16 528 -0.7136 -1.3379 57.9836
 48 528 -1.1082 -0.7081 203.6368
 80 528 -0.6888 -0.7090 24.7036
112 528 -0.4711 -0.3556 43.7408
144 528 -0.8471 -0.4877 145.8850
176 528 -0.6941 -0.3953 125.6368
208 528 -0.3220 -0.5449 175.0802
240 528 -0.2668 -0.6452 256.5882
272 528 -0.1673 -0.2509 37.8949
304 528 -0.4999 -0.2475 125.8708
336 528 -0.0671 -0.1680 100.0793
368 528 -0.0953 -0.0921 32.0955
400 528 -0.0852 -0.1825 164.3332
432 528 -0.0120 -0.0554 158.7887
464 528 -0.0268 -0.0758 147.4517
496 528  0.0580 -0.0297 247.5586
528 528  0.0559 -0.0143 342.7977
560 528  0.0808  0.0098 176.5362
592 528  0.0723 -0.0349 57.9742
624 528  0.1063  0.0396 69.6327
656 528  0.0524 -0.0280 178.8651
 16 560 -0.1376 -0.0428 68.8529
 48 560 -0.2555 -0.1629 114.3963
 80 560 -0.3405 -0.3302 20.9001
112 560 -0.8522 -0.7812 66.8136
144 560 -0.3418 -0.3869 103.9569
176 560 -0.8194 -0.8052 91.3287
208 560 -0.3438 -0.8372 60.8397
240 560 -0.6676 -0.4797 226.8650
272 560 -0.3393 -0.2164 20.6812
304 560 -0.1925 -0.3021 206.3710
336 560 -0.2166 -0.3806 152.0067
368 560 -0.1887 -0.3261 154.1582
400 560 -0.1252 -0.2635 82.8520
432 560 -0.0749 -0.1091 71.0598
464 560 -0.0066 -0.0907 65.5940
496 560  0.0592 -0.0979 64.6757
528 560  0.0623 -0.0653 103.9788
560 560  0.1962 -0.0660 242.6524
592 560  0.0938 -0.0380 45.1743
624 560  0.0847 -0.0192 134.1302
656 560  0.0639  0.0280 163.6666
 16 592 -0.1920 -0.0260 24.5255
 48 592 -0.1476 -0.3559 33.7312
 80 592 -0.2176 -0.3628 142.2054
112 592 -0.3666 -0.6461 152.5942
144 592 -0.6722 -0.7548 139.4064
176 592 -0.2910 -0.1992 14.4178
208 592 -0.5251 -0.7167 249.7335
240 592 -0.4297 -0.6883 59.2851
272 592 -0.7239 -0.6852 44.2346
304 592 -0.2710 -0.5454 196.9174
336 592 -0.3785 -0.3266 124.5190
368 592 -0.3423 -0.4970 124.3830
400 592 -0.1488 -0.2286 54.2691
432 592 -0.1093 -0.2283 78.5597
464 592 -0.0515 -0.2643 151.7812
496 592  0.0877 -0.2262 238.0577
528 592  0.1621 -0.1098 146.1548
560 592  0.1480 -0.0780 72.1965
592 592  0.1409 -0.0085 118.2255
624 592  0.0910  0.0239 20.2256
656 592  0.0642  0.0237 297.1310
 16 624 -0.1355 -0.0491 21.3795
 48 624 -0.8027 -0.6288 43.8805
 80 624 -0.1677 -0.1981 270.7728
112 624 -0.3313 -0.2868 116.0954
144 624 -0.8713 -1.0464 151.5805
176 624 -0.7444 -0.8012 156.5609
208 624 -0.7619 -0.7413 66.1296
240 624 -1.0497 -1.0231 73.6271
272 624 -0.2095 -0.3401 44.7908
304 624 -0.7117 -0.4583 206.4944
336 624 -0.2618 -0.4338 106.5402
368 624 -0.3695 -0.4280 209.4166
400 624 -0.2155 -0.2455 152.7258
432 624 -0.0603 -0.2759 35.6837
464 624 -0.1057 -0.5068 81.4113
496 624  0.3343 -0.2559 174.9578
528 624  0.2596 -0.2469 138.4676
560 624  0.1247 -0.0795 312.1172
592 624  0.2749 -0.0431 48.1204
624 624  0.3153  0.0781 79.9777
656 624  0.1141  0.1662 152.3205
 16 656 -0.1219 -0.1863 23.4819
 48 656 -0.6167 -0.2422 140.7646
 80 656 -0.5245 -0.2630 158.3153
112 656 -0.3167 -0.1364 68.5513
144 656 -0.3774 -0.4178 156.9101
176 656 -0.2484 -0.2633 154.3442
208 656 -0.6571 -0.8970 152.7881
240 656 -0.6872 -0.7745 147.4323
272 656 -0.3897 -0.2011 341.2409
304 656 -0.4237 -0.4478 97.1200
336 656 -0.9449 -0.7390 115.4920
368 656 -0.2655 -0.5918 64.9904
400 656 -0.1052 -0.0482 187.6786
432 656  0.0285 -0.4014 130.1539
464 656  0.1730 -0.4875 219.5765
496 656  0.3248 -0.4423 106.2193
528 656  0.7819 -0.3223 140.8206
560 656  0.7335 -0.1546 71.5445
592 656  0.7560  0.1051 163.5715
624 656  0.5578  0.7158 54.9724
656 656  0.0521  0.4854 63.1814
 16 688 -0.0186 -0.0473 21.1175
 48 688 -0.0482 -0.0794 208.5856
 80 688 -0.3561 -0.2326 76.9944
112 688 -0.2815 -0.2426 369.0338
144 688 -0.2474 -0.4766 291.5762
176 688 -0.9842 -1.1946 47.3934
208 688 -0.7909 -0.8423 45.8856
240 688 -0.6908 -0.7298 91.7657
272 688 -0.3697 -0.5849 39.9848
304 688 -0.8100 -0.6726 44.3041
336 688 -0.5663 -1.2381 89.6872
368 688 -0.4678 -0.6409 82.7488
400 688 -0.0373 -0.4843 197.4743
432 688  0.0145 -0.6193 121.3180
464 688  0.2742 -0.8428 95.3487
496 688  1.0317 -1.0526 40.7437
528 688  1.7584 -0.9381 68.3652
560 688  1.9819 -0.1312 67.9350
592 688  1.0636  0.2101 76.7965
624 688  0.2682  0.4514 113.6559
656 688  0.2237  0.6187 78.2075
 16 720 -0.0130 -0.0182 102.4386
 48 720 -0.0539 -0.0668 98.1414
 80 720 -0.1009 -0.2356 178.3103
112 720 -0.0658 -0.2209 90.4419
144 720  0.2587 -0.4593 113.3107
176 720 -0.1872 -0.2716 199.3877
208 720 -0.7479 -0.9152 83.9048
240 720 -0.6389 -0.8383 83.0381
272 720 -0.4887 -0.5509 37.3440
304 720 -0.5180 -0.8365 29.5515
336 720 -0.3510 -1.1061 212.1057
368 720 -0.0723 -0.4730 57.4153
400 720 -0.1069 -0.9097 227.2652
432 720  0.1393 -0.5725 18.7106
464 720  0.3612 -0.4834 23.3852
496 720 -0.2897 -0.3512 24.1977
528 720 -0.7227 -0.1742 17.8780
560 720 -0.2941 -0.3747 21.6303
592 720  1.3519  0.8904 46.3286
624 720  0.2949  0.3458 81.4725
656 720  0.5954  1.3092 91.0401
 16 752  0.0110 -0.0401 76.3270
 48 752 -0.0230 -0.1607 72.2654
 80 752 -0.0027 -0.0415 261.5482
112 752 -0.1483 -0.4478 103.7628
144 752 -0.0691 -0.1576 39.9833
176 752 -0.7234 -0.7278 185.1525
208 752 -0.6350 -0.8591 94.2248
240 752 -0.4324 -0.3647 162.0148
272 752 -0.6536 -0.9311 65.4978
304 752 -0.2596 -0.7279 114.2751
336 752 -0.1647 -0.6532 72.8044
368 752 -0.2690 -0.9590 64.5055
400 752 -0.0433 -0.9392 38.8136
432 752  0.0298 -1.1319 163.2682
464 752  0.1302 -1.5796 79.4743
496 752 -0.3489 -0.0908 13.8222
528 752 -0.3693 -0.3894 12.3061
560 752 -0.1755 -0.1935  9.3584
592 752  0.3616  1.0712 114.4430
624 752  0.2018  1.0897 22.9140
656 752  0.2925  1.0498 80.4382
 16 784 -0.0027 -0.0101 38.3320
 48 784  0.0018 -0.0223 361.2578
 80 784  0.0580 -0.1299 272.1602
112 784  0.0079 -0.1312 162.0844
144 784 -0.0463 -0.1221 65.1753
176 784 -0.3374 -0.1301 132.4282
208 784 -0.1575 -0.4095 27.4379
240 784 -0.4830 -0.8166 114.9747
272 784 -0.1684 -0.3464 24.1593
304 784 -0.5166 -0.8560 101.5396
336 784 -0.2071 -0.7971 54.1590
368 784 -0.2105 -1.4254 171.3933
400 784 -0.1067 -1.3447 144.3799
432 784 -0.0674 -1.1175 57.5490
464 784 -0.0687 -0.2839 12.3670
496 784 -3.1294  0.2608  7.7221
528 784 -0.2592 -0.1931 10.1514
560 784  0.0421 -0.1989 62.3073
592 784  0.3509  0.2981 66.6866
624 784  0.1888  0.8604 45.5933
656 784  0.4439  0.5880 104.8669
 16 816 -0.0035  0.0126 15.5095
 48 816  0.0263 -0.0058 40.6749
 80 816  0.0360 -0.0629 219.7778
112 816  0.0008 -0.0449 77.6468
144 816 -0.0156 -0.1083 198.4058
176 816 -0.0628 -0.2974 243.4737
208 816 -0.1385 -0.3005 51.4579
240 816 -0.3072 -0.4197 59.1149
272 816 -0.7366 -1.1011 281.9490
304 816 -0.5515 -1.1602 49.7128
336 816 -0.5980 -1.5210 112.7491
368 816 -0.2680 -1.1823 139.2502
400 816 -0.1542 -0.6814 17.8306
432 816 -0.1135 -0.9750 11.3207
464 816 -0.1100 -0.1085 14.6603
496 816 -1.2401  0.2036  7.8481
528 816 -0.3817 -0.0570 14.4249
560 816 -0.6909 -0.6585 15.8903
592 816 -0.6578 -0.0224 21.9081
624 816 -0.2105  0.1227 137.6483
656 816  0.0702  0.0691 60.2957
 16 848  0.0357  0.0042 20.1995
 48 848  0.0351 -0.0070 16.6764
 80 848  0.1184 -0.0506 247.2944
112 848  0.0226 -0.0170 43.7642
144 848 -0.0244 -0.0544 72.8519
176 848 -0.0296 -0.0863 364.9147
208 848 -0.0911 -0.1266 132.5719
240 848 -0.2377 -0.5025 179.8580
272 848 -0.1954 -0.1626 113.7707
304 848 -0.6238 -1.2630 110.9417
336 848 -0.4436 -0.9281 146.2833
368 848 -0.4522 -1.5377 130.9534
400 848 -0.0782 -0.9192 56.9793
432 848 -0.0882 -1.2167 15.7311
464 848 -0.0077 -0.1175 12.5561
496 848 -0.1894 -0.1413  7.4607
528 848 -0.1623 -0.0156 15.6522
560 848 -0.0664 -0.1630 34.8914
592 848 -0.1821 -0.0207 54.1855
624 848 -0.0360 -0.1859 59.3024
656 848  0.0219 -0.0401 40.0347
 16 880  0.0577 -0.0124 20.0564
 48 880  0.1760 -0.0025 124.3311
 80 880  0.0631 -0.0106 111.9740
112 880  0.0201 -0.0103 209.6809
144 880  0.0091 -0.1740 102.6177
176 880 -0.0989 -0.0216 387.5516
208 880 -0.0697 -0.0824 154.6607
240 880 -0.2288 -0.3285 99.4141
272 880 -0.2339 -0.1228 190.3883
304 880 -1.3266 -0.8372 47.0342
336 880 -0.9920 -1.4136 103.3293
368 880 -0.0542 -0.2336 16.4923
400 880 -0.0594 -0.2317 15.9389
432 880 -0.0230 -0.0702 17.1575
464 880 -0.1926 -0.2636  8.2922
528 880  0.0370 -0.0286 21.1321
560 880 -0.0535 -0.0125 17.4628
592 880 -0.0425 -0.0547  7.6298
624 880 -0.0391 -0.0936 28.1735
656 880  0.0215 -0.0442 13.3561
 16 912  0.0781 -0.0290 119.3151
 48 912  0.0463 -0.0230 43.6352
 80 912  0.0754  0.0018 66.2915
112 912  0.0838 -0.0325 229.3180
144 912  0.0195 -0.0747 223.2169
176 912 -0.0080 -0.0950 183.2580
208 912 -0.0844 -0.0142 239.8533
240 912 -0.2929 -0.0160 75.0472
272 912 -1.4057  0.0419 353.0789
304 912 -1.2489 -0.3093 131.4222
336 912 -0.3412  0.0220 25.0414
368 912  1.3030 -0.6158 13.4765
400 912 -0.0563 -0.0472 12.6881
432 912 -0.3193 -0.6970  5.9427
464 912 -0.0878 -0.2036  4.4024
528 912  0.0979 -0.1096  5.1477
560 912 -0.0055 -0.0583  6.7919
592 912 -0.0150 -0.0273  4.1839
624 912  0.0423 -0.0477  8.2970
656 912 -0.1110 -0.0561  7.4495
 16 944  0.0925 -0.0005 49.6523
 48 944  0.1442  0.0183 32.6992
 80 944  0.0266 -0.0022 289.9709
112 944  0.0434 -0.0681 212.6377
144 944  0.0099 -0.0382 109.6554
176 944  0.0232  0.0107 284.5014
208 944 -0.1172  0.0161 144.8958
240 944 -0.2032  0.1446 191.8502
272 944 -0.3914  0.1330 15.9669
304 944 -0.0916  0.1866 21.6058
336 944  0.1513  0.3140 10.7272
368 944 -0.2115 -3.7709  6.1687
400 944  0.0000 -2.2502  4.1411
432 944 -0.0430 -0.2640  4.0255
464 944 -0.0804 -0.1217  4.9957
496 944 -0.0209 -0.0608  5.6419
528 944 -0.0150  0.0164  4.0797
624 944  0.1042 -0.0379  5.0057
656 944 -0.1840 -0.0683  4.9135
 16 976  0.0714  0.0041 48.3470
 48 976  0.0516  0.0013 175.8940
 80 976  0.0919 -0.0051 183.7006
112 976  0.0691 -0.0043 151.5653
144 976  0.2026  0.0082 204.3329
176 976  0.0620 -0.0111 169.8332
208 976  0.0259  0.0637 203.6082
240 976 -0.0129  0.2020 68.2322
272 976  0.0195  0.3676 188.8335
304 976 -0.0846  1.8850 100.2660
336 976 -0.3315  0.2317 17.5722
368 976 -0.1060  0.1514 24.2082
400 976  0.4076 -0.4132 27.2507
432 976 -0.3340 -0.3064 36.4059
464 976 -0.0254 -0.0462 28.7149
496 976 -0.0877  0.0526  7.4310
528 976 -0.0350  0.0063  4.7336
 16 1008  0.0491  0.0022 15.9732
 48 1008  0.1569  0.0443 124.5680
 80 1008  0.2434  0.0449 268.8580
112 1008  0.0392  0.0101 224.4680
144 1008  0.0780  0.0334 60.5375
176 1008  0.1098  0.0327 223.4214
208 1008 -0.0144  0.0112 114.7766
240 1008  0.3838  0.0379 59.0043
272 1008  0.1823  0.3196 149.7927
304 1008  0.6269  1.1243 33.3270
336 1008  1.2125  0.0824 190.7368
368 1008  0.2475 -0.4012 39.5230
400 1008 -1.3122 -1.7123 15.5289
432 1008 -0.4878 -0.9381 24.8804
464 1008 -0.0931 -0.2905 13.5468
496 1008 -0.0198 -0.0167 24.1900
528 1008 -0.0449  0.0154 12.0095
560 1008 -0.0652  0.1321  6.6043
592 1008 -0.0164  0.0164  4.0756
 16 1040  0.1710 -0.0110 90.6245
 48 1040  0.1453 -0.0028 62.2051
 80 1040  0.0652 -0.0024 244.7657
112 1040  0.1063  0.0108 185.6693
144 1040  0.0997  0.0129 124.9229
176 1040  0.0954  0.0428 137.6639
208 1040  0.0571  0.0780 21.1060
240 1040  0.2035  0.0549 85.1130
272 1040  0.1689  0.0095 18.8435
304 1040  0.8934  0.0320 44.6876
336 1040  1.4366 -0.2064 123.9825
368 1040  0.8543 -0.5932 160.7384
400 1040  0.0232 -0.3343 11.3001
432 1040  0.0298 -0.2735 14.5034
464 1040 -0.2163 -0.6216 59.3361
496 1040 -0.0188  0.0050 17.0622
528 1040 -0.0107  0.0038 11.1862
560 1040 -0.0273 -0.0356 12.8505
592 1040 -0.1358 -0.0213  6.2935
 16 1072  0.1318  0.0049 74.5494
 48 1072  0.0918  0.0008 61.2643
 80 1072  0.0637  0.0360 109.4896
112 1072  0.0138 -0.0788 16.3598
144 1072  0.1216  0.0047 83.8011
176 1072  0.1413  0.0263 95.9125
208 1072  0.0625  0.0026 94.0694
240 1072  0.7778  0.0232 142.6047
272 1072  0.6123  0.0014 27.6503
304 1072  0.3662 -0.1723 151.4753
336 1072  0.7367 -0.4530 95.2840
368 1072 -0.0119 -0.0711 21.6797
400 1072  0.0447 -0.7640 28.3975
432 1072  0.0463 -0.8149 43.0338
464 1072  0.0030 -0.0179  8.8589
496 1072 -0.0369 -0.0288 14.9274
528 1072 -0.0132 -0.0395 10.9974
560 1072 -0.0548  0.0156  8.5734
592 1072  0.0140  0.0687 10.3835
624 1072 -0.1034  0.0581  5.8576
656 1072  0.0358  0.0673  4.8112
 16 1104  0.0457 -0.0134 14.7259
 48 1104  0.0051 -0.0291 37.5679
 80 1104  0.2615 -0.0037 158.7190
112 1104  0.0239  0.0048 138.7734
144 1104  0.0851  0.0011 37.0692
176 1104  0.3289 -0.0288 136.2576
208 1104  0.1233 -0.0131 279.5405
240 1104  0.1280 -0.0513 43.7963
272 1104  0.2211 -0.0340 188.0826
304 1104  0.4090 -0.1530 74.6626
336 1104  1.2490 -0.2363 164.8186
368 1104  0.4114 -0.3104 102.7489
400 1104  0.1122 -0.4107 80.8738
432 1104  0.0167 -0.0737 22.4210
464 1104  0.0041 -0.0034 19.2176
496 1104  0.0025 -0.0045 14.5748
528 1104  0.0074 -0.0028 11.8404
560 1104 -0.0083 -0.0040 13.0103
592 1104 -0.0009 -0.0049 10.5793
624 1104 -0.0112  0.0340 11.2854
656 1104 -0.0695  0.0784  9.2645
 16 1136 -0.0097 -0.0135 16.3490
 48 1136  0.0177  0.0115 13.3767
 80 1136  0.0720  0.0122 111.1763
112 1136  0.1061  0.0147 113.2345
144 1136  0.0553  0.0004 16.7749
176 1136  0.1592 -0.0283 106.5417
208 1136  0.2854 -0.0201 84.1918
240 1136  0.4375 -0.0081 35.2580
272 1136  0.1976 -0.0397 49.8913
304 1136  0.1490 -0.2637 111.0109
336 1136  0.7615 -0.1684 68.6303
368 1136  0.2816 -0.3638 99.8388
400 1136  0.1669 -0.3430 27.5275
432 1136  0.1194 -0.2177 27.9359
464 1136  0.0056 -0.2627 26.5375
496 1136  0.0262 -0.2871 36.2437
528 1136 -0.0133 -0.0375 15.0782
560 1136 -0.0020 -0.0172 10.7727
592 1136 -0.0562  0.0060 12.8212
624 1136  0.0135  0.0080 14.3622
656 1136 -0.0000 -0.0028 17.3753
 16 1168  0.0381  0.0014 14.4487
 48 1168  0.0324  0.0076 25.1342
 80 1168  0.3702  0.0037 33.4759
112 1168  0.2401 -0.0326 16.9807
144 1168  0.0949 -0.0285 97.4077
176 1168  0.3127  0.0038 87.5130
208 1168  0.5166 -0.2283 139.3779
240 1168  0.1071 -0.0904 204.0405
272 1168  0.0548 -0.0297 41.8521
304 1168  0.1887 -0.0773 145.4872
336 1168  0.3598 -0.3930 90.1215
368 1168  0.1319 -0.7781 78.3166
400 1168  0.1901 -0.2894 204.4428
432 1168  0.0232 -0.0924 14.0932
464 1168  0.1557 -0.2805 175.0087
496 1168  0.0148  0.0231 15.9033
528 1168 -0.0086 -0.0489 19.6585
560 1168  0.0048  0.0018 13.0094
592 1168  0.0025  0.0264 10.8778
624 1168  0.0045  0.0127 14.5544
656 1168 -0.0066 -0.0164 13.6855
 16 1200  0.0101 -0.0244 12.8287
 48 1200  0.0198 -0.0018 21.1868
 80 1200  0.1700  0.0342 256.9790
112 1200  0.1716 -0.0175 135.1048
144 1200  0.1197 -0.0078 124.7623
176 1200  0.2363 -0.0411 196.2092
208 1200  0.1232 -0.0421 180.4029
240 1200  0.0632 -0.0493 312.6971
272 1200  0.3286 -0.1190 65.6461
304 1200  0.2119 -0.0474 52.7388
336 1200  0.1985 -0.3835 120.6614
368 1200  0.1196 -0.3243 128.9699
400 1200  0.0818 -0.0973 32.6741
432 1200  0.0696 -0.2072 22.0124
464 1200  0.0219 -0.0580 17.5074
496 1200  0.0518 -0.0548 16.3859
528 1200 -0.0140 -0.0015 21.3501
560 1200 -0.0015 -0.0144 14.2135
592 1200 -0.0058 -0.0167 13.5352
624 1200  0.0018 -0.0322 16.4932
656 1200  0.0553 -0.0631 27.7061
  0   0  0.1345 -0.1473  0.0000
  0   0  0.0594 -0.2015  0.0000
  0   0  0.0147 -0.2971  0.0000
  0   0 -0.1827 -0.1043  0.0000
  0   0 -0.3048 -0.0205  0.0000
  0   0 -0.3139  0.1031  0.0000
  0   0 -0.3593  0.2233  0.0000
  0   0 -0.4484  0.2635  0.0000
  0   0 -0.3779  0.2781  0.0000
  0   0 -0.2356  0.2676  0.0000
  0   0 -0.0536  0.2641  0.0000
  0   0  0.2314  0.2959  0.0000
