VARIABLES= "X pix", "Y pix", "U pix/dt", "V pix/dt", "CHC", ZONE I=21, J=30
 16 272 -0.1055  0.0047 16.9350
 48 272 -0.4101 -0.2118 149.2060
 80 272 -0.1048 -0.1157 90.6260
112 272 -0.0983 -0.1043 260.2992
144 272 -0.0594 -0.1538 156.3549
176 272 -0.0829 -0.1743 115.7902
208 272 -0.0871 -0.0820 140.7764
240 272 -0.0366 -0.0686 41.4512
272 272 -0.0266 -0.0650 399.4731
304 272 -0.0170 -0.0374 218.2720
336 272  0.0086  0.0045 107.2244
368 272 -0.0120  0.0193 69.3345
400 272  0.0275  0.0504 183.5370
432 272  0.0314  0.0646 119.9962
464 272  0.0252  0.0459 89.6334
496 272  0.0371  0.0732 104.5146
528 272  0.0126  0.0267 158.3818
560 272  0.0408  0.0646 90.0183
592 272 -0.0087  0.0576 339.0481
624 272  0.0219  0.0402 139.0360
656 272  0.0073  0.0915 144.4057
 16 304 -0.3013 -0.2901 100.5733
 48 304 -0.1021 -0.1159 90.7968
 80 304 -0.1628 -0.1549 39.8342
112 304 -0.3694 -0.2640 136.5552
144 304 -0.1382 -0.3362 257.2604
176 304 -0.1246 -0.1367 162.6821
208 304 -0.0517 -0.0541 149.5556
240 304 -0.0858 -0.1120 142.8587
272 304 -0.0575 -0.1052 195.9018
304 304 -0.0400 -0.0379 296.6877
336 304 -0.0438 -0.0304 158.3584
368 304  0.0014 -0.0124 85.8425
400 304  0.0305  0.0147 107.1746
432 304  0.0245  0.0292 164.4072
464 304  0.0556  0.0382 302.7975
496 304  0.0429  0.0669 295.3712
528 304  0.0416  0.0517 88.5214
560 304  0.0599  0.1047 93.8995
592 304  0.0286  0.0731 84.3064
624 304 -0.0186  0.0436 199.4284
656 304  0.0318  0.0601 85.5049
 16 336 -0.1320 -0.4927 257.2208
 48 336 -0.5102 -0.1109 50.8622
 80 336 -0.2005 -0.3058 226.1899
112 336 -0.1467 -0.1245 109.7828
144 336 -0.0984 -0.2308 116.5541
176 336 -0.1435 -0.0480 73.5203
208 336 -0.0710 -0.0382 397.9290
240 336 -0.1052 -0.1002 173.2131
272 336 -0.1106 -0.1950 149.9962
304 336 -0.0730 -0.0667 201.8136
336 336 -0.0351 -0.0566 101.2842
368 336 -0.0232 -0.0011 97.9457
400 336  0.0116  0.0106 145.7040
432 336  0.0203  0.0197 160.1225
464 336  0.0239  0.0523 128.8081
496 336  0.0449  0.0348 38.4370
528 336  0.0409  0.0453 194.1246
560 336  0.0180  0.0358 200.3841
592 336  0.0471  0.0502 189.7655
624 336  0.0119  0.0697 138.9664
656 336  0.0193  0.0244 203.6741
 16 368 -0.3813 -0.2126 141.1984
 48 368 -0.3686 -0.4836 195.2633
 80 368 -0.0678 -0.1216 15.7426
112 368 -0.2835 -0.1391 202.0135
144 368 -0.2264 -0.3168 258.5405
176 368 -0.1764 -0.3195 180.5415
208 368 -0.0803 -0.2407 38.3499
240 368 -0.0696 -0.0627 298.6247
272 368 -0.0606 -0.1224 69.2820
304 368 -0.0443 -0.1953 152.2168
336 368 -0.0258 -0.0530 182.5340
368 368 -0.0036 -0.0369 265.9049
400 368 -0.0074 -0.0424 225.1615
432 368  0.0293  0.0068 105.2695
464 368  0.0138  0.0249 126.1532
496 368  0.0509  0.0520 216.5538
528 368  0.0509  0.0283 202.1419
560 368  0.0134  0.0528 37.2157
592 368  0.0199  0.0697 71.7447
624 368  0.0150  0.0894 174.5090
656 368  0.0495  0.0607 141.4144
 16 400 -0.1399 -0.0953 24.0130
 48 400 -0.3115 -0.1490 129.5146
 80 400 -0.6088 -0.1555 104.5014
112 400 -0.1871 -0.9214 153.7555
144 400 -0.3928 -0.4549 37.2266
176 400 -0.3107 -0.1974 273.7240
208 400 -0.2559 -0.3872 147.7239
240 400 -0.1873 -0.2311 65.2419
272 400 -0.1740 -0.2109 59.4082
304 400 -0.0729 -0.1088 173.8835
336 400 -0.0383 -0.0604 150.9518
368 400 -0.0159 -0.1033 234.0210
400 400  0.0096 -0.0172 69.7639
432 400  0.0064 -0.0003 81.7334
464 400  0.0520  0.0353 197.4239
496 400  0.0436  0.0477 156.1748
528 400  0.0364  0.0458 273.8096
560 400  0.0407  0.0613 86.8662
592 400 -0.0002  0.1315 41.5854
624 400  0.0339  0.0852 121.7254
656 400  0.0219  0.0622 161.1947
 16 432 -0.5426 -0.2476 23.1999
 48 432 -0.5449 -0.4793 206.2924
 80 432 -0.2648 -0.3990 58.4929
112 432 -0.3137 -0.3291 189.9507
144 432 -0.0549 -0.0792 40.7312
176 432 -0.1759 -0.0378 52.4930
208 432 -0.5318 -0.1458 49.1235
240 432 -0.0975 -0.0799 70.0926
272 432 -0.0408 -0.4974 70.9492
304 432 -0.1862 -0.0854 94.0263
336 432 -0.0916 -0.0494 235.6169
368 432 -0.0256 -0.0915 162.8579
400 432 -0.0084 -0.0652 103.7481
432 432  0.0337 -0.0034 61.8216
464 432  0.0659  0.0095 271.2130
496 432  0.0183  0.0239 112.4708
528 432  0.0677  0.0880 98.1538
560 432  0.0492  0.0885 104.3282
592 432  0.0325  0.0767 96.1684
624 432  0.0155  0.0640 32.5502
656 432  0.0486  0.0276 153.1134
 16 464 -0.6685 -0.1872 30.1496
 48 464 -0.5714 -0.3028 27.1478
 80 464 -0.8216 -0.7138 15.3400
112 464 -0.4036 -0.3559 36.0412
144 464 -0.3569 -0.4106 32.4220
176 464 -0.5448 -0.1245 149.7140
208 464 -0.5599 -0.4864 149.7798
240 464 -0.2933 -0.2039 123.0758
272 464 -0.2436 -0.2895 216.0168
304 464 -0.1098 -0.3278 214.2425
336 464 -0.0906 -0.2214 89.0410
368 464 -0.0738 -0.1354 136.6950
400 464 -0.0456 -0.1015 354.1017
432 464  0.0409 -0.0346 179.9209
464 464  0.0263 -0.0206 33.8093
496 464  0.0686  0.0760 165.2146
528 464  0.0416  0.0639 205.2892
560 464  0.0568  0.0867 84.3820
592 464  0.0854  0.0546 148.0926
624 464  0.0708  0.0841 122.7049
656 464  0.0440  0.0390 269.9815
 16 496 -0.3706 -0.3982 198.1759
 48 496 -0.4092 -0.2357 83.3682
 80 496 -0.4195 -0.4126 175.1257
112 496 -0.9950 -1.2618 111.1456
144 496 -0.4759 -1.1071 277.5756
176 496 -0.0432 -0.2085 14.7361
208 496 -0.7044 -0.5398 21.2661
240 496 -0.2516 -0.6571 53.2874
272 496 -0.3125 -0.5389 52.8998
304 496 -0.0217 -0.1228 19.4135
336 496 -0.0264 -0.3421 245.2788
368 496 -0.0276 -0.2133 200.9585
400 496 -0.0056 -0.1405 107.0122
432 496 -0.0043 -0.0678 175.4402
464 496  0.0598 -0.0332 133.6116
496 496  0.0508  0.0007 105.4032
528 496  0.0398  0.0688 59.6700
560 496  0.0598  0.0863 238.4730
592 496  0.0865  0.0646 82.1446
624 496  0.0592  0.0374 155.8645
656 496  0.0159  0.0880 94.9716
 16 528 -0.2375 -0.2467 119.2439
 48 528 -1.2727 -0.7220 60.8447
 80 528 -0.6961 -0.4604 38.7486
112 528 -0.7842 -0.6328 44.7029
144 528 -0.0890 -0.2101  9.4097
176 528 -0.5283 -0.5758 142.0374
208 528 -0.5866 -0.5587 107.9361
240 528 -0.6301 -0.6516 46.2030
272 528 -0.1659 -0.6509 171.1842
304 528 -0.1474 -0.5120 106.2098
336 528 -0.0577 -0.6794 176.0402
368 528  0.0265 -0.2994 178.0390
400 528  0.0419 -0.3374 65.8771
432 528  0.0433 -0.1527 59.1567
464 528  0.1210 -0.0372 159.7392
496 528  0.1135  0.0211 132.3630
528 528  0.1005  0.0431 204.7674
560 528  0.0993  0.0733 89.1527
592 528  0.0370  0.0550 49.8793
624 528  0.0363  0.0181 153.4103
656 528  0.0411  0.0744 134.5566
 16 560 -0.0527 -0.0757 33.8006
 48 560 -0.7557 -0.1831 114.6567
 80 560 -0.6851 -0.4991 118.2150
112 560 -0.4234 -0.3235 145.1782
144 560 -0.8047 -0.6594 22.6865
176 560 -0.2715 -0.3060 26.5543
208 560 -0.7558 -0.5297 113.3988
240 560 -0.3954 -0.6076 64.3729
272 560 -0.3332 -0.6569 48.6980
304 560 -0.3343 -0.8157 143.8748
336 560 -0.0746 -0.4532 131.7748
368 560  0.0998 -0.4106 204.4300
400 560  0.0619 -0.1365 214.5654
432 560  0.1283 -0.2096 110.9547
464 560  0.1283 -0.0783 59.9771
496 560  0.1802  0.0247 200.4689
528 560  0.1645  0.0247 131.8050
560 560  0.1706  0.0791 90.8828
592 560  0.1412  0.1077 118.8023
624 560  0.0222  0.0753 192.1286
656 560  0.0283  0.0242 154.0121
 16 592 -0.2781 -0.1398 22.0682
 48 592 -0.5560 -0.2918 39.7835
 80 592 -0.9382  2.7477 89.3024
112 592 -0.5196 -0.4566 40.4338
144 592 -0.8433 -0.7536 208.2588
176 592 -0.8384 -0.7666 91.3521
208 592 -0.9149 -0.7582 78.2877
240 592 -1.0521 -1.1431 72.0833
272 592 -0.3371 -0.9621 145.9353
304 592  0.0276 -0.5715  1.0000
336 592 -0.0603 -0.8178 194.0113
368 592 -0.0051 -0.9151 182.1360
400 592  0.1161 -0.2913 169.1266
432 592  0.2021 -0.2278 134.9419
464 592  0.1650 -0.0339 98.7732
496 592  0.1801  0.0331 106.4941
528 592  0.2482  0.1425 127.2721
560 592  0.1892  0.1370 177.1868
592 592  0.0403  0.1141 37.1857
624 592  0.0629  0.1279 84.8119
656 592  0.0676  0.0740 187.5332
 16 624 -0.2762 -0.2204 176.0502
 48 624 -0.2879 -0.3718 290.6011
 80 624 -0.1262 -0.2288 14.7381
112 624 -0.4316 -0.1836 46.9276
144 624 -0.9223 -0.9058 189.0101
176 624 -1.0165 -0.9796 33.4965
208 624 -0.8204 -0.2661 39.7907
240 624 -0.1587 -0.1786 12.4641
272 624  0.0989 -0.4602 131.3209
304 624 -0.2049 -0.8876 36.2180
336 624 -0.5255 -1.1262 115.5772
368 624 -0.2708 -1.0011 186.3151
400 624  0.0235 -0.4011 92.8900
432 624  0.1147 -0.4339 143.4474
464 624  0.1185 -0.0856 268.8169
496 624  0.0220 -0.0031 22.3192
528 624  0.1471  0.1602 164.3099
560 624  0.1192  0.1818 126.9002
592 624  0.0662  0.0922 61.1863
624 624  0.0167  0.1458 107.1823
656 624  0.0512  0.1588 124.5650
 16 656 -0.0729 -0.0940 87.5230
 48 656 -0.3422 -0.1959 86.6582
 80 656 -0.3814 -0.4116 150.6432
112 656 -0.3800 -0.4332 181.7169
144 656 -0.9109 -1.1944 179.5424
176 656 -1.0163 -0.8921 154.2039
208 656 -1.2558 -1.2016 85.5138
240 656 -1.0623 -1.9726 36.9934
272 656 -1.4399 -1.7388 101.7921
304 656 -1.7293 -1.9982 91.6859
336 656 -1.0068 -1.1856 63.9810
368 656 -0.7427 -1.3758 121.9520
400 656 -1.0044 -1.2199 56.3802
432 656 -1.1260 -0.9175 35.4164
464 656 -0.2957 -0.3266 121.1874
496 656  0.0163 -0.0151 110.2091
528 656  0.1108  0.1313 184.0932
560 656  0.1493  0.3229 223.9113
592 656  0.0777  0.1621 90.4799
624 656  0.0510  0.1416 76.5489
656 656  0.0457  0.1319 68.6847
 16 688 -0.0963 -0.0621 185.5962
 48 688 -0.2378 -0.0766 84.4347
 80 688 -0.1446 -0.1209 296.2482
112 688 -1.2381 -0.9682 106.6682
144 688 -1.4410 -0.7010 92.7897
176 688 -0.3405 -0.1006 25.7538
208 688 -1.4032 -0.9162 64.8330
240 688 -1.2729 -1.3770 89.3222
272 688 -1.7238 -2.0272 23.1225
304 688 -2.1697 -1.7190 58.9975
336 688 -2.1267 -1.2594 104.5025
368 688 -2.4268 -0.9732 63.7748
400 688 -2.4288 -1.5728 189.2764
432 688 -1.7312 -0.8680 195.7404
464 688 -0.8771 -0.5653 135.3797
496 688 -0.8330 -0.3756 163.0574
528 688 -0.2298 -0.0145 138.8305
560 688 -0.0085  0.2886 146.4432
592 688 -0.0625  0.2284 97.4434
624 688  0.0258  0.2660 84.1741
656 688  0.0313  0.0567 111.8702
 16 720 -0.1644 -0.1118 170.7852
 48 720 -0.4051 -0.1400 55.3682
 80 720 -0.2974 -0.2500 102.2321
112 720 -0.5901 -0.2322 205.1679
144 720 -0.6810 -0.3630 70.3829
176 720 -0.9897 -0.5906 12.8504
208 720 -1.1895 -0.6857 37.2887
240 720 -1.5757 -1.4304 48.8300
272 720 -1.5141 -0.8719 36.0922
304 720 -2.3105 -0.9917 53.7736
336 720 -2.7844 -1.0259 36.4163
368 720 -2.4694 -0.6738 33.1738
400 720 -2.4314 -0.9884 16.7559
432 720 -2.1504 -0.9544 116.3663
464 720 -1.6959 -1.1541 109.4764
496 720 -1.1517 -0.4175 73.4551
528 720 -0.8433 -0.1526 28.1547
560 720 -0.3694 -0.0038 166.2458
592 720 -0.1597  0.2128 137.1923
624 720 -0.0380  0.2887 50.2558
656 720 -0.0371  0.1425 125.2961
 16 752 -0.0240 -0.1020 26.4327
 48 752 -0.0983 -0.1291 125.0370
 80 752 -0.2556 -0.1066 55.4784
112 752 -0.1914  0.0433 205.5174
144 752 -1.1496 -0.1019 75.7790
176 752 -0.2145 -0.1395 191.5491
208 752 -1.4414 -0.8187 63.0517
240 752 -0.0697 -0.0692 15.7316
272 752 -2.6458 -1.8608 53.8349
304 752 -1.8340 -0.9346 52.4205
336 752 -1.3341  0.0412 31.0663
368 752 -2.3400 -0.2212 138.9869
400 752 -2.1885 -0.4310 66.1504
432 752 -2.2269 -0.6840 23.8113
464 752 -1.7398 -0.8217 33.7155
496 752 -1.4822 -0.6704 61.4718
528 752 -1.1664 -0.2690 29.4241
560 752 -0.8506 -0.2604 267.5795
592 752 -0.2299  0.0718 34.7392
624 752 -0.2163  0.2291 74.9935
656 752 -0.1262  0.1936 59.1427
 16 784  0.0090  0.0099 22.6834
 48 784 -0.0478 -0.0229 131.1785
 80 784 -0.0865 -0.0221 97.3673
112 784 -0.2466 -0.0693 48.8232
144 784 -0.2546 -0.1592 106.2394
176 784 -0.4690 -0.0411 59.0536
208 784 -1.1543 -0.6130 203.0188
240 784 -0.7367 -0.2823 77.9914
272 784 -0.3397  0.1126 21.6891
304 784 -0.4361  0.3395 158.1205
336 784 -0.8706  0.4991 36.8038
368 784  0.1581 -0.0777 32.4908
400 784  0.3728 -0.2193 11.7389
432 784  0.5505 -0.0500 21.4862
464 784  0.0470 -0.0207 50.1677
496 784 -1.0733 -0.9388 67.5323
528 784 -0.6945 -0.4738 62.2883
560 784 -0.9912 -0.2721 55.3667
592 784 -0.3554  0.0345 47.9797
624 784 -0.2037  0.1250 67.1984
656 784 -0.0806  0.1599 58.7669
 16 816 -0.0113 -0.0178 34.5373
 48 816 -0.0125 -0.0236 32.3139
 80 816 -0.0638 -0.0285 131.1887
112 816 -0.2013 -0.0137 26.5892
144 816 -0.1678 -0.0271 128.4267
176 816 -0.1181 -0.0189 284.8517
208 816 -0.2243 -0.0348 239.0112
240 816 -0.9952 -1.3268 108.2114
272 816 -1.0972 -1.5293 12.0025
304 816 -0.5408 -1.3801 60.5753
336 816  0.1980  0.1558 11.4511
368 816  0.2917  0.0921  7.9482
400 816  0.0449 -0.0175  4.0554
432 816  0.0476 -0.0543  4.0594
464 816  0.0862 -0.3021  4.4493
496 816  0.3951 -0.2544  8.7481
528 816 -0.7912 -0.6838 36.1626
560 816 -0.5477 -0.2624 54.5402
592 816 -0.4402  0.0370 34.9612
624 816 -0.1517  0.0350 25.0343
656 816 -0.1378  0.1676 24.2579
 16 848 -0.0066 -0.0005 13.5418
 48 848  0.0117 -0.0015 67.9421
 80 848  0.0270 -0.0005 296.4105
112 848 -0.0146  0.0286 80.1328
144 848 -0.1885  0.0099 174.8226
176 848 -0.0964 -0.0103 295.9013
208 848 -0.2585 -0.0347 144.7538
240 848 -0.5627 -0.2492 89.8136
272 848 -0.0386 -0.4752 10.2800
304 848 -0.2581 -1.4001 17.6636
336 848  0.1846 -0.0468 19.8260
368 848  0.1242  0.1556  5.6811
496 848  0.0309 -0.0328  4.0355
528 848  0.1272 -0.2245 32.9925
560 848 -0.2460  0.0243 33.5786
592 848 -0.2075  0.0543 88.9687
624 848 -0.1228  0.1138 60.4545
656 848 -0.0736  0.1079 44.4807
 16 880  0.0207  0.0170 19.9886
 48 880  0.0615  0.0011 159.6153
 80 880  0.0314  0.0127 158.1183
112 880  0.0136  0.0268 191.3102
144 880  0.0141  0.0248 235.9705
176 880 -0.0669 -0.0064 165.1670
208 880 -0.0887 -0.0944 58.9058
240 880 -0.1219 -0.2338 138.9763
272 880 -0.2286 -0.7467 52.8446
304 880  0.0034 -0.0558  9.9299
336 880  0.0397  1.5789 40.9913
368 880 -0.0705  0.1199  4.2791
432 880  0.1662  0.0845  4.6412
464 880 -0.0078  0.0449  4.2225
528 880  0.0492 -0.0275 14.6765
560 880 -0.0922 -0.0396 80.3300
592 880 -0.2163  0.1207 52.4264
624 880 -0.1175  0.2343 52.1277
656 880 -0.1598  0.0443 129.4998
 16 912  0.0363  0.0170 25.7610
 48 912  0.1066  0.0316 29.2818
 80 912  0.0920  0.0069 209.5423
112 912  0.1783  0.0992 179.8444
144 912  0.1168  0.0428 82.8559
176 912  0.0723  0.1252 154.8112
208 912  0.0566  0.0308 225.1205
240 912 -0.0001 -0.4089 120.2888
272 912 -0.0135 -0.9393 30.4961
304 912 -0.1567 -1.3619 53.8479
336 912 -0.2431 -0.5708 18.6107
368 912 -0.4271  0.2995  6.0630
528 912  0.0147 -0.0233  4.5360
560 912 -0.0150  0.0390  9.6530
592 912 -0.0376  0.0467 21.2238
624 912 -0.0636  0.0501 55.9919
656 912 -0.1296  0.0771 50.2238
 16 944  0.0391  0.0192 65.6625
 48 944 -0.0112  0.0159 15.9524
 80 944  0.0564  0.0235 188.1610
112 944  0.1940  0.0350 184.9677
144 944  0.0604  0.0500 76.8069
176 944  0.0904 -0.0223 53.2946
208 944  0.3264 -0.0168 117.6733
240 944  0.1426 -0.1284 209.0090
272 944 -0.0212 -0.3299 13.5275
304 944 -0.1876 -1.0137 72.9900
336 944 -0.4437 -0.7197 42.3588
368 944 -0.4051  0.3219 53.9399
400 944 -0.1870  0.7911  5.0871
432 944  0.0430  0.1099  4.0507
464 944  0.0566  0.0950  5.3189
496 944  0.0076  0.0389  9.8728
528 944 -0.0210  0.0170  4.8969
592 944  0.1039 -0.1134  5.1309
624 944  0.0915 -0.0751 12.8710
656 944 -0.2079  0.0447 28.1263
 16 976  0.0668  0.0441 55.7699
 48 976  0.0859  0.0029 91.0483
 80 976  0.0777  0.0207 120.7246
112 976  0.1082  0.0583 265.4306
144 976  0.2166  0.0172 236.1000
176 976  0.2188  0.0443 45.3529
208 976  0.1307  0.0060 334.6581
240 976  0.3922 -0.0812 70.1845
272 976  0.0289 -0.0374 376.0395
304 976 -0.0378 -0.4434 176.2177
336 976 -0.0923 -0.6342 42.8038
368 976 -0.8171 -0.7694 14.3464
400 976 -0.1200  0.0260 91.0066
432 976  0.3883  0.2841 45.6061
464 976  0.0103 -0.0230 14.1644
496 976  0.2099 -0.1966 26.7799
528 976  0.0038  0.0184 21.4757
560 976 -0.0826 -0.0052  5.9350
592 976 -0.0294  0.0809  4.3433
624 976 -0.1706  0.3112  5.8623
656 976 -0.0718  0.0268  8.7743
 16 1008  0.0810  0.0096 70.0860
 48 1008  0.0467  0.0039 33.3669
 80 1008  0.1520  0.0775 137.6260
112 1008  0.3309  0.0215 106.9166
144 1008  0.0888 -0.0562 262.6952
176 1008  0.4753 -0.0572 165.4247
208 1008  0.3295 -0.0177 114.4191
240 1008  0.5576  0.0349 58.5560
272 1008  0.1887 -0.1179 79.3484
304 1008  0.3835 -0.3553 91.9441
336 1008  0.1470 -0.3643 94.8143
368 1008 -0.0387 -0.2999 163.1612
400 1008  0.0342 -0.0484 16.0774
432 1008  0.1623 -0.2123 23.3227
464 1008  0.2045 -0.2682 130.2985
496 1008  0.0729 -0.0913 26.3118
528 1008  0.0516 -0.0164 12.7103
560 1008 -0.0741  0.1019 10.7421
592 1008 -0.0830  0.0939  4.1207
 16 1040  0.1820 -0.0081 257.7793
 48 1040  0.0642  0.0110 44.0854
 80 1040  0.1176 -0.0001 130.5585
112 1040  0.1131 -0.0477 180.2767
144 1040  0.1090 -0.0084 91.7596
176 1040  0.2637 -0.1079 121.7870
208 1040  0.2467 -0.0822 118.1190
240 1040  0.9417 -0.0174 61.5931
272 1040  0.2034 -0.0332 14.6909
304 1040  0.1078 -0.2193 26.8880
336 1040  0.2440 -0.4239 133.7460
368 1040  0.1131 -0.2203 29.8906
400 1040  0.0563 -0.0337 11.2792
432 1040  0.0776 -0.1015 19.1950
464 1040  0.0237 -0.0329 18.1052
496 1040  0.0359 -0.0346 12.4170
528 1040  0.0509 -0.0304 22.3297
560 1040  0.0273 -0.0892 11.3743
592 1040 -0.2532  0.0548  5.6659
624 1040  0.0992  0.0699  5.4655
656 1040 -0.1783  0.1617  7.7743
 16 1072  0.1294  0.0111 106.6972
 48 1072  0.0515  0.0267 187.0646
 80 1072  0.0862  0.0075 288.2155
112 1072  0.1809 -0.0546 53.7683
144 1072  0.1193 -0.0088 74.0059
176 1072  0.1837 -0.0605 66.1120
208 1072  0.1052 -0.0230 285.1100
240 1072  0.1428 -0.1057 43.2476
272 1072  0.1219 -0.0780 55.6882
304 1072  0.6171 -0.0776 16.1987
336 1072  0.3074 -0.2421 145.9265
368 1072  0.1731 -0.2596 245.3907
400 1072  0.0255 -0.0075 16.6375
432 1072  0.0809 -0.0352 19.1631
464 1072  0.0279 -0.0256 13.3330
496 1072  0.0198 -0.0242 16.8022
528 1072  0.0097 -0.0167 12.9472
560 1072  0.0019  0.0116 15.8575
592 1072  0.0262  0.0424 20.8447
624 1072 -0.0441  0.0034 21.1053
656 1072 -0.0672  0.0084 25.3200
 16 1104  0.0697  0.0169 22.0442
 48 1104  0.0313 -0.0080 41.3429
 80 1104  0.0675  0.0023 171.9283
112 1104  0.0976 -0.0176 70.2990
144 1104  0.1062  0.0126 66.5387
176 1104  0.0558 -0.0249 38.1078
208 1104  0.1108 -0.0725 230.3256
240 1104  0.1972 -0.1155 51.7838
272 1104  0.1198 -0.1532 256.8291
304 1104  0.2727 -0.1056 78.1963
336 1104  0.1528 -0.2253 247.7621
368 1104  0.2930 -0.2299 94.9583
400 1104  0.0030 -0.0369 20.4436
432 1104  0.0658 -0.1015 20.7705
464 1104  0.1828 -0.2500 36.4334
496 1104  0.1043 -0.3963 38.1588
528 1104 -0.0206 -0.0266 16.7125
560 1104 -0.0144 -0.0016 13.7584
592 1104  0.0268 -0.0305 13.1080
624 1104 -0.0018 -0.0849 15.1360
656 1104 -0.0250 -0.0062 18.9307
 16 1136  0.0309  0.0214 15.6910
 48 1136  0.1008  0.0043 101.6070
 80 1136  0.1619  0.0168 44.4091
112 1136  0.1660 -0.0066 144.4181
144 1136  0.1119 -0.0075 60.1143
176 1136  0.1950 -0.0289 144.8864
208 1136  0.0671 -0.2078 176.1833
240 1136  0.1198 -0.0887 106.1496
272 1136  0.0589 -0.0584 47.2972
304 1136  0.1728 -0.3800 164.1846
336 1136  0.0858 -0.0873 75.7961
368 1136  0.1347 -0.1609 282.3247
400 1136 -0.0087 -0.0423 14.0065
432 1136  0.0366 -0.0376 17.6973
464 1136  0.0749 -0.0258 19.3359
496 1136  0.0028  0.0240 13.6786
528 1136 -0.0039 -0.1405 14.8290
560 1136  0.0284 -0.0054 17.4837
592 1136  0.0258 -0.0203 11.7856
624 1136 -0.0049  0.0160 38.7220
656 1136 -0.0044  0.0539 33.5472
 16 1168  0.0346 -0.0074 14.9755
 48 1168  0.0399 -0.0265 16.5168
 80 1168  0.2760 -0.0202 45.4846
112 1168  0.0441  0.0021 95.3127
144 1168  0.0470 -0.0203 325.8934
176 1168  0.0514 -0.0175 96.4474
208 1168  0.1305 -0.0444 103.3366
240 1168  0.2457 -0.0684 170.4987
272 1168  0.3296 -0.0363 48.1557
304 1168  0.2274 -0.1045 29.1033
336 1168  0.1807 -0.0699 150.2481
368 1168  0.1156 -0.2474 66.0970
400 1168 -0.0223  0.0112 10.4324
432 1168  0.0864 -0.1338 22.8933
464 1168  0.0050 -0.0223 16.0299
496 1168  0.0508 -0.0190 19.2086
528 1168  0.0105 -0.0208 11.4630
560 1168 -0.0060  0.0040 10.9982
592 1168  0.0041  0.0047 13.4592
624 1168 -0.0070 -0.0368  9.7261
656 1168  0.0571 -0.0624 27.9693
 16 1200  0.0177  0.0018 12.2776
 48 1200  0.0000 -0.0044 15.6063
 80 1200  0.0839  0.0164 84.0339
112 1200  0.1052 -0.0454 166.6785
144 1200  0.0473 -0.0222 109.6959
176 1200  0.1304 -0.0921 175.2115
208 1200  0.1281 -0.0786 131.1324
240 1200  0.0590 -0.0857 255.9009
272 1200  0.0542 -0.0481 30.3573
304 1200  0.1452 -0.1053 55.5455
336 1200  0.1454 -0.1069 231.2015
368 1200  0.1592 -0.1810 161.2220
400 1200 -0.0095  0.0185 21.9127
432 1200  0.0280 -0.0313 13.3479
464 1200  0.0419 -0.0100 14.1480
496 1200  0.0418 -0.0296 16.7341
528 1200  0.0073  0.0026 19.9591
560 1200 -0.0038 -0.0505 15.1507
592 1200 -0.0012 -0.0033 14.9628
624 1200 -0.0104  0.0055 12.7564
656 1200  0.0493 -0.0037 29.3263
  0   0 -0.0423  0.0138  0.0000
  0   0 -0.0300 -0.0818  0.0000
  0   0 -0.0734 -0.0116  0.0000
  0   0 -0.0512  0.0686  0.0000
  0   0 -0.0807  0.1069  0.0000
  0   0 -0.1076  0.1580  0.0000
  0   0 -0.1194  0.1903  0.0000
  0   0 -0.0935  0.1044  0.0000
  0   0 -0.0312  0.0421  0.0000
  0   0 -0.0155  0.0387  0.0000
  0   0 -0.0151  0.0336  0.0000
  0   0  0.0391  0.0435  0.0000
