VARIABLES= "X pix", "Y pix", "U pix/dt", "V pix/dt", "CHC", ZONE I=21, J=30
 16 272 -0.1591 -0.1888 254.1003
 48 272 -0.2373 -0.2364 142.9376
 80 272 -0.0346 -0.1400 264.1221
112 272 -0.2313 -0.1508 251.2927
144 272 -0.0787 -0.1311 200.3983
176 272 -0.1905 -0.1662 165.1312
208 272 -0.1035 -0.0847 222.7579
240 272 -0.0684 -0.0667 258.7837
272 272 -0.1166 -0.1412 238.5052
304 272 -0.0496 -0.0280 139.1939
336 272 -0.0347 -0.0664 110.5444
368 272 -0.0780 -0.0205 126.0994
400 272 -0.0324 -0.0063 144.9674
432 272 -0.0339  0.0112 113.1782
464 272 -0.0279  0.0034 183.9437
496 272 -0.0274  0.0014 175.8323
528 272 -0.0151  0.0099 177.3866
560 272  0.0113  0.0160 21.5080
592 272 -0.0192  0.0209 105.6907
624 272 -0.0543  0.0259 102.5050
656 272 -0.0508 -0.0753 163.6668
 16 304 -0.2381 -0.2997 283.8460
 48 304 -0.3041 -0.2712 245.8847
 80 304 -0.2993 -0.2293 138.7556
112 304 -0.3445 -0.1529 198.9960
144 304 -0.1561 -0.0744 314.2088
176 304 -0.1155 -0.1197 127.0615
208 304 -0.0689 -0.0610 33.7298
240 304 -0.0555 -0.0441 324.0160
272 304 -0.1011 -0.0929 209.4666
304 304 -0.1249 -0.0426 244.8981
336 304 -0.0595 -0.0395 115.2660
368 304 -0.0607 -0.0311 210.2882
400 304 -0.0633 -0.0143 68.7308
432 304 -0.0362 -0.0188 101.4617
464 304 -0.0346  0.0140 372.1281
496 304 -0.0283  0.0124 140.2505
528 304 -0.0140  0.0212 58.2502
560 304 -0.0152  0.0044 428.3512
592 304  0.0099  0.0079 119.3913
624 304 -0.0208 -0.0180 125.2741
656 304  0.0051 -0.0328 209.2543
 16 336 -0.1057 -0.0654 180.0697
 48 336 -0.2044 -0.3425 171.3252
 80 336 -0.2659 -0.0834 90.5796
112 336 -0.1743 -0.1642 54.9368
144 336 -0.3017 -0.1183 94.0090
176 336 -0.0643 -0.0778 202.6239
208 336 -0.1167 -0.1367 214.9643
240 336 -0.0720 -0.1413 247.6194
272 336 -0.0604 -0.1324 259.5186
304 336 -0.0800 -0.1092 198.4561
336 336 -0.0729 -0.0502 169.3852
368 336 -0.0663 -0.0594 129.3665
400 336 -0.0980 -0.0475 77.0548
432 336 -0.0466 -0.0129 233.2974
464 336 -0.0645 -0.0128 194.3824
496 336 -0.0427 -0.0112 139.7368
528 336 -0.0114  0.0188 160.3380
560 336 -0.0373  0.0012 219.9484
592 336 -0.0449 -0.0317 66.6907
624 336 -0.0167 -0.0138 108.0769
656 336 -0.0165 -0.0415 87.6368
 16 368 -0.2492 -0.2002 42.7833
 48 368 -0.5504 -0.1026 198.1555
 80 368 -0.0859 -0.1326 106.8939
112 368 -0.1405 -0.0886 273.7974
144 368 -0.2353 -0.1748 44.0478
176 368 -0.1899 -0.1618 221.4904
208 368 -0.1923 -0.1075 39.2507
240 368 -0.1217 -0.1590 215.7639
272 368 -0.0291 -0.0291 63.3211
304 368 -0.1167 -0.1147 255.2554
336 368 -0.1444 -0.0613 281.9407
368 368 -0.0559 -0.0348 223.1131
400 368 -0.0597 -0.0307 111.1414
432 368 -0.0445 -0.0319 55.0314
464 368 -0.0600 -0.0672 158.2287
496 368 -0.0472 -0.0129 65.9048
528 368 -0.0439 -0.0048 198.4468
560 368 -0.0361  0.0016 174.0107
592 368 -0.0341 -0.0164 188.9848
624 368  0.0068 -0.0332 151.8293
656 368 -0.0055 -0.0176 61.1445
 16 400 -0.1100 -0.6022 97.3819
 48 400 -0.1310 -0.5849 28.2125
 80 400 -0.3697 -0.6004 178.9787
112 400 -0.3424 -0.3377 185.2619
144 400 -0.1373 -0.2835 255.4723
176 400 -0.1985 -0.4264 158.2073
208 400 -0.5981 -0.0915 54.3543
240 400 -0.0949 -0.3690 263.9520
272 400 -0.1748 -0.1019 26.5775
304 400 -0.1140 -0.1113 173.7424
336 400 -0.0797 -0.1034 180.1908
368 400 -0.1376 -0.1247 232.2381
400 400 -0.0941 -0.0433 103.9721
432 400 -0.0637 -0.0380 153.9708
464 400 -0.0443  0.0031 157.9491
496 400 -0.0687 -0.0156 143.1201
528 400 -0.0768 -0.0382 187.6601
560 400 -0.0185 -0.0320 92.0503
592 400 -0.0266 -0.0828 155.4771
624 400 -0.0194 -0.0297 140.0650
656 400  0.0233 -0.0280 146.6768
 16 432 -0.4137 -0.3374 108.8699
 48 432 -0.1717 -0.3457 157.4055
 80 432 -0.4697 -0.5664 69.7514
112 432 -0.1779 -0.1325 96.6723
144 432 -0.5118 -0.1906 130.7697
176 432 -0.1876 -0.3690 207.1333
208 432 -0.2129 -0.1752 225.5056
240 432 -0.2490 -0.2710 130.3317
272 432 -0.1736 -0.0779 56.7342
304 432 -0.1798 -0.1237 145.5246
336 432 -0.3430 -0.1034 278.1452
368 432 -0.0963 -0.0564 138.6691
400 432 -0.0433 -0.0062 342.8824
432 432 -0.1036 -0.0524 207.6097
464 432 -0.0383 -0.0157 99.9772
496 432 -0.0019  0.0090 26.3944
528 432 -0.0494 -0.0309 125.4512
560 432 -0.0345 -0.0107 112.6358
592 432 -0.0190 -0.0194 125.5214
624 432 -0.0308 -0.0282 119.4648
656 432 -0.0550 -0.0674 100.8879
 16 464 -0.1565 -0.2639 22.7557
 48 464 -0.1930 -0.3237 79.6403
 80 464 -0.7788 -0.4841 123.1412
112 464 -0.6233 -0.3243 75.5592
144 464 -0.6501 -0.2867 124.7969
176 464 -0.6474 -0.1221 210.7418
208 464 -0.3116 -0.4457 172.5820
240 464 -0.1900 -0.1563 328.2725
272 464 -0.1874 -0.2508 151.6257
304 464 -0.1879 -0.1061 289.7500
336 464 -0.1563 -0.2185 128.9247
368 464 -0.0734 -0.0811 128.9833
400 464 -0.0845 -0.0494 142.7175
432 464 -0.0753  0.0094 89.4901
464 464 -0.0503 -0.0782 144.5397
496 464 -0.0537 -0.0539 85.4045
528 464 -0.0491 -0.0894 149.9250
560 464 -0.0442 -0.0415 120.5512
592 464 -0.0351 -0.0722 192.4394
624 464 -0.0109 -0.0432 154.3989
656 464 -0.0096 -0.1031 163.0811
 16 496 -0.2625 -0.2069 91.2742
 48 496 -0.5828 -0.0719 52.3525
 80 496 -0.3131 -0.2100 97.7087
112 496 -0.5787 -0.5675 162.7037
144 496 -0.4141 -0.6707 99.9695
176 496 -0.3818 -0.4647 53.4566
208 496 -0.2269 -0.4625 51.0762
240 496 -0.1001 -0.4342 122.1833
272 496 -0.3970 -0.2976 104.6545
304 496 -0.1551 -0.1965 173.8091
336 496 -0.0545 -0.1527 14.8161
368 496 -0.1812 -0.1553 166.7483
400 496 -0.1209 -0.0525 184.2094
432 496 -0.0994 -0.0946 128.4518
464 496 -0.1140 -0.0994 105.9969
496 496 -0.0514 -0.0635 170.5982
528 496  0.0033  0.0108 125.6042
560 496 -0.0416 -0.0262 137.4796
592 496 -0.0357 -0.0652 83.0596
624 496 -0.0048 -0.0670 71.6709
656 496  0.0094 -0.0893 115.5474
 16 528 -0.8472 -0.7204 23.9650
 48 528 -0.8704 -0.7233 159.2839
 80 528 -0.9552 -0.3909 139.6125
112 528 -0.5698 -0.3390 231.2473
144 528 -0.6273 -0.2624 26.2995
176 528 -0.8538 -0.5652 148.4457
208 528 -1.2219 -1.0320 24.4653
240 528 -0.7965 -0.7470 77.8753
272 528 -0.2657 -0.2522 143.7770
304 528 -0.3056 -0.2750 379.9410
336 528 -0.4147 -0.1719 296.0521
368 528 -0.2446 -0.1875 134.1628
400 528 -0.1370 -0.1534 66.3893
432 528 -0.1445 -0.1529 83.6176
464 528 -0.1205 -0.1309 114.7304
496 528 -0.0505  0.1165 123.1472
528 528 -0.0267 -0.1129 76.5928
560 528 -0.0228 -0.0374 164.1174
592 528 -0.0209  0.0359 226.6937
624 528  0.0232 -0.0807 124.1805
656 528 -0.0142 -0.0909 87.7145
 16 560 -0.4521 -0.1798 45.0579
 48 560 -0.4187 -0.2783 90.7983
 80 560 -0.6669 -0.5214 242.3776
112 560 -0.9069 -0.5142 202.1702
144 560 -0.5966 -0.2173 27.2069
176 560 -1.0514 -0.8174 22.6658
208 560 -1.0348 -0.6420 12.8405
240 560 -0.9955 -0.6158 141.0526
272 560 -0.1105 -0.3704 47.1477
304 560 -0.5434 -0.5212 86.9993
336 560 -0.3315 -0.3492 34.7075
368 560 -0.1612 -0.1366 170.6370
400 560 -0.1388 -0.3656 83.1287
432 560 -0.2389 -0.1607 248.2914
464 560 -0.2074 -0.2153 67.0146
496 560 -0.0498 -0.1484 238.7715
528 560 -0.1132 -0.2107 261.9997
560 560 -0.0322 -0.0751 155.1291
592 560  0.0280 -0.0437 174.6363
624 560 -0.0031 -0.0771 91.1652
656 560 -0.0179 -0.1497 117.2612
 16 592 -0.7816 -0.6852 62.1515
 48 592 -1.0468 -0.7004 175.9021
 80 592 -1.3115 -0.7110 119.9648
112 592 -0.7674 -0.4785 15.7330
144 592 -1.1509 -0.8698 126.8728
176 592 -0.9502 -0.8065 237.4736
208 592 -0.2748 -0.1421  8.5672
240 592 -0.9125 -0.5249 75.5274
272 592 -0.8672 -0.9561 175.5410
304 592 -0.1911 -0.1758 21.5247
336 592 -0.2145 -0.2432 48.9750
368 592 -0.4421 -0.2873 116.8216
400 592 -0.4934 -0.3323 211.6032
432 592 -0.4297 -0.2668 201.3887
464 592 -0.1558 -0.1768 141.0982
496 592 -0.0123 -0.1804 300.3214
528 592 -0.0227 -0.0663 406.4443
560 592  0.0082 -0.1446 163.8591
592 592  0.0476 -0.1015 81.7016
624 592  0.0388 -0.0590 70.6735
656 592 -0.0776 -0.0872 221.1063
 16 624 -0.6655 -0.0373 37.6831
 48 624 -0.3997 -0.1284 279.7771
 80 624 -1.3534 -0.7526 157.8438
112 624 -0.8826 -0.7092 33.6837
144 624 -0.7606 -0.4302 278.8819
176 624 -0.9264 -0.7597 192.1075
208 624 -0.8641 -0.7081 118.9335
240 624 -0.9771 -0.6992 22.9160
272 624 -0.4653 -0.0888 40.3621
304 624 -0.4618 -0.1573 30.8023
336 624 -1.0324 -0.5627 67.8549
368 624 -0.2978 -0.4234 94.4798
400 624 -0.2625 -0.2610 132.9197
432 624 -0.3229 -0.3552 213.6531
464 624 -0.1508 -0.1613 50.5830
496 624  0.0230 -0.4779 145.5380
528 624  0.1040 -0.2270 133.7679
560 624  0.2111 -0.3407 211.5148
592 624  0.1588 -0.0881 113.8667
624 624 -0.0209 -0.0069 276.9207
656 624 -0.0535  0.0322 55.6668
 16 656 -0.1098 -0.0838 221.2156
 48 656 -0.3654 -0.2832 100.2454
 80 656 -0.9812 -0.5028 80.0943
112 656 -0.3522 -0.2731 186.1900
144 656 -0.4555 -0.1927 51.5953
176 656 -0.5635 -0.6317 40.2601
208 656 -1.3310 -1.0564 114.1065
240 656 -0.9789 -1.0602 143.6600
272 656 -0.6159 -0.4739 50.9013
304 656 -0.7832 -0.7112 200.5261
336 656 -0.7252 -0.7362 137.2265
368 656 -0.2722 -0.3534 150.7770
400 656 -0.3299 -0.4212 106.9869
432 656 -0.2313 -0.3750 117.2970
464 656  0.0699 -0.8871 111.3368
496 656  0.1943 -0.8306 154.4683
528 656  0.2232 -0.5059 114.6213
560 656  0.5086 -0.2041 87.4262
592 656  0.2506  0.0293 88.6067
624 656  0.0345  0.3604 199.3094
656 656 -0.1352  0.1871 31.7030
 16 688 -0.1346 -0.0222 30.1749
 48 688 -0.2440 -0.3537 153.0393
 80 688 -0.2991 -0.4835 169.9594
112 688 -0.3115 -0.6015 82.9091
144 688 -0.7761 -0.6966 44.0353
176 688 -0.9361 -0.6128 176.0220
208 688 -0.8467 -0.8130 103.6560
240 688 -0.7606 -0.8096 54.3846
272 688 -0.2732 -0.2814 24.5750
304 688 -0.6088 -0.7716 274.5872
336 688 -0.7623 -0.6444 147.0832
368 688 -0.3663 -0.4230 152.2037
400 688 -0.1794 -0.6089 70.0988
432 688  0.0255 -0.4566 20.7682
464 688  0.3311 -0.7632 168.8478
496 688  0.7353 -0.7365 81.1670
528 688  0.1509 -0.0551 15.2632
560 688  1.7442 -0.1125 56.0988
592 688  1.2631  0.5106 42.5214
624 688  0.1767  0.6533 90.1466
656 688  3.2765 -0.3522 18.2830
 16 720 -0.0280 -0.0473 43.8890
 48 720 -0.0864 -0.0360 149.9424
 80 720 -0.1703 -0.0402 14.3901
112 720 -0.2073 -0.3047 292.9420
144 720 -0.1269 -0.5119 118.2569
176 720 -0.2966 -0.2192 65.5250
208 720 -0.3861 -0.3393 107.2473
240 720 -1.2669 -0.6764 60.2494
272 720 -0.9788 -0.9985 145.1213
304 720 -0.8572 -0.8628 166.2127
336 720 -0.4483 -0.6653 127.7344
368 720 -0.4148 -0.6699 77.0720
400 720 -0.0218 -0.5706 167.8359
432 720  0.0422 -1.2663 241.1932
464 720  0.3508 -1.5770 87.1245
496 720  1.7521 -1.8303 88.7669
528 720  0.1950 -0.1355 22.0782
560 720 -0.2579  0.0586 31.8637
592 720  1.7337  1.3637 89.1010
624 720  0.2970  1.2120 18.2330
656 720  0.4147  0.1769 15.3315
 16 752 -0.0371 -0.0287 81.1559
 48 752 -0.1105 -0.0795 44.7699
 80 752 -0.4366 -0.1953 165.7727
112 752 -0.1344 -0.1587 224.1715
144 752 -0.1341 -0.2744 122.0220
176 752 -0.0060  0.5717 48.0289
208 752 -0.8151 -1.3369 114.5328
240 752 -0.2860 -0.4169 84.6737
272 752 -0.6334 -1.3268 251.1087
304 752 -0.6311 -0.8568 109.8749
336 752 -0.7078 -0.7671 118.5561
368 752 -0.1336 -0.8007 26.3834
400 752 -0.1089 -0.7940 210.3919
432 752  0.0833 -1.2426 37.0359
464 752  0.1601 -1.2921 28.1090
496 752 -0.2498 -0.1735 20.0424
528 752 -3.8481 -2.8735  8.4481
560 752 -0.3527 -3.5080  9.8448
592 752  0.8187  1.5505 21.3196
624 752  0.2091  0.0582 13.4374
656 752  0.4143  1.0420 16.1728
 16 784 -0.0688 -0.0424 95.2298
 48 784  0.0140 -0.0324 115.9652
 80 784 -0.0516 -0.0982 71.0656
112 784 -0.2240 -0.2661 166.1559
144 784 -0.2942 -0.2574 82.1093
176 784 -0.1145 -0.2572 163.1030
208 784 -0.6636 -0.7421 43.0892
240 784 -0.4095 -0.6110 232.8367
272 784 -0.3777 -0.5383 82.5590
304 784 -0.3744 -0.8499 105.5936
336 784 -0.4044 -0.6570 173.5796
368 784 -0.2946 -1.0367 60.2520
400 784 -0.0945 -0.7365 41.3191
432 784 -0.0042 -0.9718 22.2364
464 784 -0.0816  0.1092  9.2667
496 784 -0.2880 -0.1304  9.5026
528 784 -0.3126 -0.2196  6.8617
560 784  0.3024 -0.1366 22.1069
592 784 -0.0000  0.4953 33.4022
624 784  0.1884  0.9604 72.2288
656 784  0.0993  0.6457 153.2047
 16 816  0.0096 -0.0351 23.3016
 48 816 -0.0595 -0.0555 62.7015
 80 816 -0.0229 -0.0602 99.7107
112 816 -0.0466 -0.1290 306.1201
144 816 -0.0786 -0.1972 163.2365
176 816 -0.1334 -0.3106 65.4737
208 816 -0.7014 -0.7224 51.6465
240 816 -0.2434 -0.3534 32.3306
272 816 -0.2264 -0.4353 33.8004
304 816 -0.0345 -0.1853 10.1522
336 816 -0.3128 -1.0541 93.4504
368 816 -0.1494 -0.9866 163.2470
400 816 -0.0121 -1.0606 213.5687
432 816 -0.0440 -0.2069 11.3174
464 816 -0.2197 -1.0638 31.0964
496 816 -0.5438  0.2632  8.0116
528 816 -0.3101 -0.0175 11.3069
560 816 -0.4629 -0.3212 29.8070
592 816 -0.3382  0.1030 53.0672
624 816 -0.0530  0.0957 141.9115
656 816  0.0441  0.0800 20.9729
 16 848  0.0045 -0.0527 61.9104
 48 848  0.0040 -0.1175 60.8509
 80 848  0.0026 -0.0385 181.1853
112 848 -0.0099 -0.2050 161.0601
144 848  0.0173 -0.1073 298.5063
176 848 -0.1283 -0.1215 222.5789
208 848 -0.0942 -0.4050 137.1854
240 848 -0.1764 -0.4399 127.7855
272 848 -0.1967 -0.4320 81.6261
304 848 -0.2571 -1.3665 98.6147
336 848 -0.4580 -1.0547 46.7389
368 848 -0.4091 -1.1425 25.5067
400 848  0.0717 -0.2297 15.4930
432 848 -0.0719 -0.3436 10.2227
464 848 -0.0814 -0.1822 15.1063
496 848 -0.4076 -0.2676  6.0077
528 848 -0.2661 -0.0649 11.6123
560 848 -0.0671 -0.0598 48.2827
592 848 -0.0141 -0.0425 41.4530
624 848 -0.1769 -0.1674 115.3922
656 848  0.1196 -0.1002 19.5254
 16 880  0.0253 -0.0127 29.0154
 48 880  0.0438 -0.0104 117.9504
 80 880  0.0372 -0.0775 145.9425
112 880 -0.0006 -0.0456 196.9374
144 880 -0.0197 -0.1235 39.0412
176 880 -0.0188 -0.1241 237.7590
208 880 -0.1197 -0.2164 73.4141
240 880 -0.2386 -0.2414 49.8929
272 880 -1.2582 -1.2109 117.1519
304 880 -0.7439 -0.7309 71.0375
336 880 -0.9173 -1.1405 46.4344
368 880 -0.1604 -1.7987 14.9278
400 880 -0.0055 -0.4715 11.4926
432 880 -0.0257 -0.0481 13.4304
464 880 -0.0955 -0.1484  8.8000
528 880 -0.0329 -0.0304 21.8340
560 880  0.0508 -0.0129  8.9517
592 880  0.1349 -0.0290  8.1194
624 880  0.0160 -0.0632 36.7272
656 880  0.0182 -0.0290 10.9971
 16 912  0.0703 -0.0300 17.9569
 48 912  0.1159 -0.0223 50.2219
 80 912  0.0321 -0.1093 192.5725
112 912  0.0139 -0.1185 132.1626
144 912  0.0155 -0.0729 240.0587
176 912 -0.0251 -0.0599 78.4236
208 912 -0.0471 -0.0669 35.9006
240 912 -0.2192 -0.0221 42.6065
272 912 -0.7504 -0.3395 138.4645
304 912 -1.5927 -0.8426 79.7724
336 912 -1.0485 -0.9526 115.0140
368 912  0.0455 -0.2046 12.1590
400 912 -0.1662 -1.0334 12.3090
432 912 -0.2031 -0.8128  7.2723
464 912 -0.0724 -0.2001  4.6612
528 912  0.0387 -0.0426  5.1868
560 912  0.0514 -0.0530  5.4899
592 912  0.0416  0.0169  4.0634
624 912  0.0365 -0.0305  9.0297
656 912 -0.0409 -0.0269  5.8350
 16 944  0.0350 -0.0212 75.9212
 48 944 -0.0004 -0.0249 22.5186
 80 944  0.0296 -0.0326 318.0925
112 944  0.0476 -0.0367 274.9766
144 944  0.0005 -0.0307 31.3649
176 944 -0.0196 -0.0353 373.0780
208 944 -0.0432 -0.1060 130.5719
240 944 -0.1651 -0.0484 120.1170
272 944 -0.8241  0.0493 45.5837
304 944 -0.8226  0.3354 28.5773
336 944 -0.1130 -0.3852 14.0854
368 944 -0.2459 -0.3290  7.2118
400 944 -0.0804 -0.3336  6.1124
432 944 -0.1053 -0.1375  4.2270
464 944 -0.0825 -0.0701  4.7468
496 944  0.0060 -0.0350  4.9795
624 944  0.0342 -0.0218  5.0000
656 944 -0.0698 -0.0161  4.3737
 16 976  0.1085 -0.0070 96.7273
 48 976  0.1116 -0.0184 29.7155
 80 976  0.0370 -0.0143 50.0864
112 976  0.0258 -0.0300 206.0297
144 976  0.0960  0.0040 22.6582
176 976  0.0178 -0.0186 154.0704
208 976 -0.0278  0.0243 121.1482
240 976 -0.1673  0.1118 35.2633
272 976 -0.1374  0.1848 170.6215
304 976 -0.1666  0.8777 23.9777
336 976 -2.0908 -0.3727 10.3680
368 976  0.0200 -0.4112 12.2059
400 976  0.0713 -0.4633 12.1733
432 976 -0.3341 -0.3318 19.3348
464 976 -0.0434 -0.0205 29.0007
496 976  0.0057  0.0320  5.8727
528 976  0.0257 -0.0095  4.3093
 16 1008  0.0277  0.0111 26.1685
 48 1008  0.0479 -0.0158 182.1187
 80 1008  0.0442 -0.0114 285.8496
112 1008  0.1123 -0.0014 124.5092
144 1008  0.0702 -0.0101 129.1828
176 1008  0.0378 -0.0016 210.2726
208 1008  0.0111 -0.0012 28.0165
240 1008  0.0214  0.2386 80.3849
272 1008 -0.0293  0.4656 322.7866
304 1008  0.0105  0.2043 15.8137
336 1008  1.1645  0.8086 16.0458
368 1008  0.3192  0.2329 141.5513
400 1008 -0.9677 -1.4737 14.7907
432 1008 -0.0577 -0.0227 11.4285
464 1008 -0.7830 -0.7672 54.6226
496 1008 -0.0027  0.0039 19.0679
528 1008 -0.0154  0.0006  8.5486
560 1008 -0.0195  0.0074  5.1929
 16 1040  0.1266  0.0026 160.3141
 48 1040  0.0703 -0.0155 58.9849
 80 1040  0.0420 -0.0052 209.4136
112 1040  0.0793 -0.0098 44.2137
144 1040  0.0640 -0.0005 321.2330
176 1040  0.0726 -0.0033 314.2155
208 1040  0.3490  0.0820 96.4627
240 1040  0.1083  0.0218 53.4859
272 1040  0.1589  0.0742 116.5506
304 1040  0.7284  0.2262 53.8439
336 1040  0.9798  0.0780 229.8431
368 1040  1.0763 -0.6525 137.4605
400 1040  0.1719 -0.9274 19.8843
432 1040 -0.0988 -1.2090 73.8645
464 1040 -0.0403 -0.1346 44.0052
496 1040  0.0169  0.0100 16.2336
528 1040 -0.0074  0.0077 11.0227
560 1040 -0.0078 -0.0084 10.7852
592 1040 -0.0432 -0.0189  5.1030
 16 1072  0.0754  0.0047 84.6443
 48 1072  0.1173  0.0055 103.4655
 80 1072  0.1319 -0.0217 176.5196
112 1072  0.0408  0.0036 246.0311
144 1072  0.2026  0.0400 23.3128
176 1072  0.0724  0.0137 42.2635
208 1072  0.0814  0.0195 96.5238
240 1072  0.0883  0.0026 141.6675
272 1072  0.1231 -0.0252 209.8607
304 1072  0.2537 -0.0784 66.0137
336 1072  1.4087 -0.0951 145.4684
368 1072  0.9884 -0.6088 158.4389
400 1072  0.1376 -0.8763 34.1982
432 1072  0.0424 -0.4227 24.3401
464 1072 -0.0051 -0.2838  8.4886
496 1072 -0.0316  0.1557 14.2119
528 1072 -0.0232  0.0322 10.6648
560 1072  0.0142  0.0271  6.8537
592 1072 -0.0041 -0.0019  8.2699
624 1072  0.0086  0.0071  4.8326
656 1072  0.0249  0.0279  4.5029
 16 1104  0.0203 -0.0090 17.1011
 48 1104  0.0347 -0.0272 109.5329
 80 1104  0.0689 -0.0518 32.8294
112 1104  0.0352  0.0004 174.6344
144 1104  0.0761 -0.0113 52.7109
176 1104  0.0544 -0.0090 125.1112
208 1104  0.1163 -0.0333 79.8410
240 1104  0.3886 -0.0479 74.4067
272 1104  0.0661 -0.0709 174.2656
304 1104  0.6077 -0.0540 79.4734
336 1104  0.4308 -0.2218 89.6875
368 1104  0.1898 -0.2613 30.7130
400 1104  0.1332 -0.2397 55.2101
432 1104  0.0029 -0.1077 18.9728
464 1104  0.0172 -0.0766 23.7140
496 1104 -0.0094  0.0009 14.4993
528 1104 -0.0134 -0.0427 11.7849
560 1104 -0.0284 -0.0225 13.5873
592 1104 -0.0278 -0.0124  9.3568
624 1104  0.0284  0.0478  9.2117
656 1104 -0.0551  0.0938  8.4414
 16 1136 -0.0127 -0.0331 22.0907
 48 1136  0.0906  0.0049 33.7254
 80 1136  0.0352  0.0168 45.2068
112 1136  0.1638  0.0009 52.6132
144 1136  0.0787 -0.0237 203.6857
176 1136  0.0695  0.0037 110.6624
208 1136  0.0406 -0.0648 309.7953
240 1136  0.0595 -0.0630 57.7551
272 1136  0.1867 -0.0984 38.8167
304 1136  0.2591 -0.2311 178.7231
336 1136  0.2967 -0.2811 128.7621
368 1136  0.1058 -0.1766 166.8518
400 1136  0.1308 -0.3188 152.7683
432 1136  0.0777 -0.1373 17.7376
464 1136  0.0234 -0.5615 107.5850
496 1136  0.0100 -0.1437 19.4430
528 1136  0.0219 -0.0595 17.6465
560 1136 -0.0088  0.0623 11.1266
592 1136  0.0976 -0.0128 13.2542
624 1136  0.0062 -0.0079 13.9888
656 1136 -0.0115  0.0072 17.2564
 16 1168  0.0184 -0.0175 19.9887
 48 1168  0.0295 -0.0189 29.9362
 80 1168  0.0540 -0.0392 62.4709
112 1168  0.0094  0.0026 147.4408
144 1168  0.0755 -0.0080 262.1469
176 1168  0.0691 -0.0370 101.0058
208 1168  0.0730 -0.0489 49.8533
240 1168  0.2628 -0.1259 37.6209
272 1168  0.3267 -0.0954 108.8578
304 1168 -0.0219 -0.1163 209.1025
336 1168  0.1141 -0.2122 146.0522
368 1168  0.0564 -0.1706 154.3768
400 1168  0.0417 -0.1302 20.5558
432 1168 -0.0083 -0.1137 13.6039
464 1168  0.0600 -0.0567 47.2922
496 1168  0.0246  0.0098 18.1548
528 1168  0.0187  0.0126 20.1580
560 1168 -0.0009 -0.0054 12.3438
592 1168  0.0322  0.0299 11.8047
624 1168 -0.0023  0.0166 14.8148
656 1168  0.0275 -0.0087 12.4635
 16 1200  0.0331  0.0298 19.0324
 48 1200  0.0122 -0.0287 31.9015
 80 1200 -0.0099 -0.0194 12.7201
112 1200  0.0638 -0.0161 85.5350
144 1200  0.0475 -0.0031 24.0364
176 1200  0.1337 -0.0337 132.1951
208 1200  0.0446 -0.0361 160.9553
240 1200  0.0940 -0.0427 38.2611
272 1200  0.0747 -0.0927 116.0241
304 1200  0.1396 -0.1970 159.8838
336 1200  0.1295 -0.2170 138.4562
368 1200  0.0977 -0.1155 192.8866
400 1200  0.0349 -0.1167 165.5387
432 1200  0.2742 -0.1820 107.8723
464 1200  0.1296 -0.3050 28.7834
496 1200  0.0180 -0.0240 22.8474
528 1200 -0.0156  0.0170 24.0761
560 1200  0.0341  0.0108 13.9284
592 1200 -0.0044  0.0112 15.1903
624 1200 -0.0088 -0.1039 27.3696
656 1200 -0.0089 -0.0111 14.8058
  0   0 -0.0376 -0.0913  0.0000
  0   0 -0.0468 -0.1353  0.0000
  0   0  0.0042 -0.0801  0.0000
  0   0 -0.0108  0.0283  0.0000
  0   0 -0.0680  0.0976  0.0000
  0   0 -0.1539  0.1553  0.0000
  0   0 -0.1948  0.2398  0.0000
  0   0 -0.2049  0.2692  0.0000
  0   0 -0.1304  0.2606  0.0000
  0   0 -0.0781  0.2886  0.0000
  0   0 -0.0511  0.2624  0.0000
  0   0 -0.0125  0.2782  0.0000
  0   0  0.0735  0.1818  0.0000
  0   0  0.1164  0.0694  0.0000
