VARIABLES= "X pix", "Y pix", "U pix/dt", "V pix/dt", "CHC", ZONE I=21, J=30
 16 272 -0.1290 -0.1486 70.1913
 48 272 -0.2126 -0.1704 97.9426
 80 272 -0.0185 -0.0576 94.9443
112 272 -0.1307 -0.0763 350.4673
144 272 -0.0794 -0.2060 31.6768
176 272 -0.0211 -0.0963 263.1529
208 272 -0.0682 -0.0751 206.4513
240 272 -0.1141 -0.0706 177.1714
272 272 -0.0267 -0.0412 248.1393
304 272  0.0036 -0.0093 252.4110
336 272 -0.0109 -0.0184 143.0084
368 272 -0.0206  0.0087 114.5452
400 272  0.0250  0.0105 222.3540
432 272  0.0083  0.0139 168.8833
464 272  0.0373  0.0696 219.7280
496 272  0.0169  0.0397 158.1980
528 272  0.0453  0.0330 129.9467
560 272  0.0400  0.0747 158.6913
592 272  0.0292  0.0294 66.9446
624 272  0.0312  0.0411 155.0065
656 272  0.0365  0.0274 137.5152
 16 304 -0.0726 -0.1473 158.4949
 48 304 -0.2217 -0.1712 29.7570
 80 304 -0.2612 -0.1210 225.7774
112 304 -0.2034 -0.2286 154.7441
144 304 -0.0852 -0.1960 207.6727
176 304 -0.0622 -0.1742 210.4670
208 304 -0.0663 -0.1046 343.7253
240 304 -0.0743 -0.0756 101.1092
272 304 -0.0429 -0.0293 251.5857
304 304 -0.0075 -0.0255 224.7694
336 304 -0.0247 -0.0216 145.9265
368 304  0.0034 -0.0108 98.3796
400 304 -0.0046  0.0295 39.3057
432 304  0.0199  0.0344 44.7220
464 304  0.0571  0.0443 161.0287
496 304  0.0342  0.0578 85.9245
528 304  0.0562  0.0601 150.0934
560 304  0.0285  0.0541 74.6494
592 304  0.0320  0.0530 68.6293
624 304  0.0249  0.0124 181.4706
656 304  0.0117  0.0329 85.8597
 16 336 -0.1834 -0.1138 66.6662
 48 336 -0.2370 -0.2765 227.8960
 80 336 -0.1666 -0.2240 183.6080
112 336 -0.1289 -0.2725 395.0969
144 336 -0.0948 -0.0474 34.4978
176 336 -0.1608 -0.1637 283.2572
208 336 -0.0606 -0.1006 214.3072
240 336 -0.2080 -0.0965 80.7807
272 336 -0.0683 -0.0140 46.7864
304 336 -0.0277 -0.0318 195.9137
336 336 -0.0295 -0.0423 83.0229
368 336  0.0022 -0.0215 140.5577
400 336  0.0076 -0.0075 195.0893
432 336  0.0414  0.0290 187.6226
464 336  0.0283  0.0325 125.3669
496 336  0.0397  0.0714 94.4294
528 336  0.0527  0.0296 178.0568
560 336  0.0507  0.0263 180.2724
592 336  0.0667  0.0903 149.1323
624 336  0.0408  0.0380 115.2535
656 336  0.0326  0.0180 190.6230
 16 368 -0.3571 -0.3565 148.6869
 48 368 -0.3852 -0.2692 115.6334
 80 368 -0.0469 -0.2259 168.7698
112 368 -0.2654 -0.2127 285.8606
144 368 -0.1653 -0.2011 131.8197
176 368 -0.0232 -0.1610 314.3948
208 368 -0.1047 -0.1601 195.2573
240 368 -0.1262 -0.0803 47.7707
272 368 -0.0202 -0.0243 39.6767
304 368 -0.0491 -0.0802 165.1451
336 368 -0.0673 -0.0555 320.4840
368 368 -0.0118 -0.0342 185.0674
400 368  0.0003 -0.0011 187.8877
432 368  0.0103  0.0265 74.4895
464 368  0.0386  0.0354 180.9710
496 368  0.0419  0.0581 277.9843
528 368  0.0374  0.0395 212.7720
560 368  0.0466  0.0142 221.8047
592 368  0.0321  0.0273 84.0366
624 368  0.0240  0.0188 36.0578
656 368  0.0217  0.0355 109.6965
 16 400 -0.1084 -0.0588 45.7636
 48 400 -0.3956 -0.4598 56.2405
 80 400 -0.8480 -0.2633 213.3248
112 400 -0.1853 -0.2753 243.8001
144 400 -0.2792 -0.2855 187.9966
176 400 -0.0803 -0.2018 261.5998
208 400 -0.1786 -0.2607 255.9646
240 400 -0.1481 -0.2426 77.2645
272 400 -0.0239 -0.2844 175.0756
304 400 -0.0509 -0.0800 240.8410
336 400 -0.0329 -0.0547 122.2612
368 400 -0.0080 -0.0360 240.4400
400 400  0.0014  0.0038 136.9158
432 400  0.0248  0.0225 118.0570
464 400  0.0312  0.0077 270.8858
496 400  0.0484  0.0453 185.3988
528 400  0.0243  0.0528 157.2697
560 400  0.0144  0.0479 190.3608
592 400  0.0092  0.0089 135.6411
624 400  0.0411  0.0084 207.0043
656 400  0.0559  0.0104 158.6498
 16 432 -0.0228 -0.0270 18.6833
 48 432 -0.2114 -0.2825 13.4497
 80 432 -0.2040 -0.6024 105.8746
112 432 -0.4115 -0.4036 197.5958
144 432 -0.3367 -0.3548 145.0215
176 432 -0.1709 -0.1241 30.0161
208 432 -0.0526 -0.0261 13.5325
240 432 -0.1456 -0.2607 236.5744
272 432 -0.2641 -0.0810 117.9516
304 432 -0.0917 -0.1966 175.9678
336 432 -0.0502 -0.0947 177.9526
368 432 -0.0121 -0.0755 202.5558
400 432  0.0065 -0.0166 187.9200
432 432 -0.0012  0.0028 164.7052
464 432  0.0015  0.0267 94.2535
496 432  0.0322  0.0545 222.2630
528 432  0.0431 -0.0111 154.0315
560 432  0.0671  0.0781 197.5245
592 432  0.0440  0.0171 141.6436
624 432  0.0340  0.0067 27.1297
656 432  0.0525  0.0000 105.0900
 16 464 -0.2969 -0.2039 158.7499
 48 464 -0.4393 -0.3584 161.0375
 80 464 -0.6626 -0.3900 113.8791
112 464 -0.2051 -0.7464 187.4718
144 464 -0.2496 -0.3409 283.8645
176 464 -0.3896 -0.3477 188.7730
208 464 -0.1685 -0.2602 55.8173
240 464 -0.1800 -0.3476 47.8735
272 464 -0.2061 -0.3342 216.6806
304 464 -0.2109 -0.2162 356.1502
336 464 -0.0624 -0.1919 166.4268
368 464 -0.0388 -0.0840 251.2861
400 464 -0.0575 -0.0511 107.1245
432 464  0.0003  0.0184 37.7793
464 464  0.0136  0.0040 122.6830
496 464  0.0127  0.0150 204.8038
528 464  0.0150  0.0213 115.4021
560 464  0.0435  0.0453 65.3801
592 464  0.0458  0.0279 256.1544
624 464  0.0528  0.0119 246.3515
656 464  0.0775 -0.0422 180.1962
 16 496 -0.1478 -0.1142 28.6607
 48 496 -0.4789 -0.1487 34.9188
 80 496 -0.2267 -0.0531 286.4471
112 496 -0.1622 -0.2356 37.1767
144 496 -0.2460 -0.2284 48.2421
176 496 -0.3408 -0.5344 158.7916
208 496 -0.1429 -0.4760 151.5219
240 496 -0.2133 -0.4216 114.9752
272 496 -0.1660 -0.3418 155.9460
304 496 -0.1072 -0.2301 160.4469
336 496 -0.0481 -0.1633 157.8428
368 496  0.0031 -0.1226 160.3223
400 496 -0.0087 -0.0290 205.9121
432 496 -0.0331 -0.1016 164.7521
464 496  0.0178  0.0089 185.6779
496 496  0.0183  0.0048 107.9333
528 496  0.0298  0.0073 161.1530
560 496  0.0252  0.0287 55.0297
592 496  0.0551  0.0022 180.2262
624 496  0.0675 -0.0010 38.3222
656 496  0.0685  0.0212 84.1612
 16 528 -0.2276 -0.4124 58.3215
 48 528 -0.5321 -0.6954 63.5037
 80 528 -0.5313 -0.6073 137.9734
112 528 -1.3026 -0.8427 45.0043
144 528 -0.4460 -0.7690 199.2920
176 528 -0.6197 -0.8369 119.0471
208 528 -0.6237 -0.4878 220.6379
240 528 -0.1750 -0.5393 97.3127
272 528 -0.1566 -0.4047 80.1066
304 528 -0.1718 -0.2895 118.7960
336 528 -0.1983 -0.2356 193.9517
368 528 -0.0749 -0.1065 184.1272
400 528 -0.0548 -0.0379 209.5036
432 528 -0.0725 -0.0285 136.5005
464 528 -0.0164  0.0296 116.2791
496 528 -0.0089  0.0265 104.8409
528 528  0.0004  0.0092 216.8744
560 528  0.0219 -0.0259 72.1523
592 528  0.0364  0.0056 75.2938
624 528  0.0221 -0.0583 33.4379
656 528  0.1020 -0.0363 111.8959
 16 560 -0.1201 -0.0712 18.9568
 48 560 -0.2819 -0.2313 59.2973
 80 560 -0.8049 -0.6409 179.8389
112 560 -0.8309 -0.7208 135.9471
144 560 -0.6610 -0.7014 141.7575
176 560 -0.5544 -0.7449 296.3124
208 560 -0.3601 -0.7114 101.9256
240 560 -0.5930 -1.0352 61.1673
272 560 -0.1125 -1.2711 230.4521
304 560 -0.2963 -0.4455 271.9187
336 560 -0.3507 -0.1828 274.1041
368 560 -0.1645 -0.1588 154.8180
400 560 -0.1337 -0.0990 108.2562
432 560 -0.1051 -0.0066 37.4101
464 560 -0.0423 -0.0236 79.5520
496 560 -0.0472 -0.0126 165.3775
528 560 -0.0025 -0.0313 192.6682
560 560  0.0223 -0.0524 149.4117
592 560  0.0358 -0.0677 22.9073
624 560  0.0351 -0.0438 35.8816
656 560  0.1128 -0.0788 140.5725
 16 592 -0.2058 -0.2575 41.0258
 48 592 -0.2130 -0.3244 18.9330
 80 592 -0.7515 -0.3646 226.7738
112 592 -0.7907 -0.2851 39.4952
144 592 -1.3427 -1.0350 100.6783
176 592 -1.1989 -0.8813 85.5081
208 592 -0.9222 -0.9559 169.2917
240 592 -0.6820 -1.1502 178.7424
272 592 -0.3032 -0.3835 29.6113
304 592 -0.3904 -0.2242 128.3204
336 592 -0.4727 -0.3210 138.1922
368 592 -0.3369 -0.2082 162.0986
400 592 -0.4188 -0.0729 179.1385
432 592 -0.1682 -0.0302 114.8566
464 592 -0.1281  0.0344 58.5927
496 592 -0.0345 -0.0633 157.0654
528 592 -0.1039 -0.0571 143.5924
560 592 -0.0632 -0.0830 101.7552
592 592  0.0348 -0.0888 33.0893
624 592  0.1091 -0.1382 261.6381
656 592  0.0995 -0.1233 134.2124
 16 624 -0.1329 -0.0591 248.9406
 48 624 -0.9906 -1.1459 148.1621
 80 624 -0.5773 -0.2441 112.0699
112 624 -0.4005 -0.1378 22.8384
144 624 -1.2717 -1.1552 187.4097
176 624 -1.2604 -0.6172 192.9363
208 624 -0.6263 -1.0076 39.7670
240 624 -1.4643 -0.2944 143.8808
272 624 -0.9428 -1.1697 169.9962
304 624 -0.9766 -0.7581 40.0835
336 624 -0.6023 -0.2642 97.5026
368 624 -0.5843 -0.2097 81.8442
400 624 -0.4858 -0.0304 145.6119
432 624 -0.4345 -0.0276 100.8963
464 624 -0.4185  0.0427 61.8503
496 624 -0.0531 -0.0353 254.1915
528 624 -0.1516 -0.0950 164.8958
560 624 -0.0732 -0.2261 221.5755
592 624  0.0217 -0.1709 56.0339
624 624  0.0502 -0.2065 123.9094
656 624  0.0625 -0.1812 92.7007
 16 656 -0.1472 -0.1245 59.4017
 48 656 -0.2444 -0.1890 302.3871
 80 656 -0.6157 -0.2854 196.5496
112 656 -0.8389 -0.4989 89.3996
144 656 -0.9394 -0.7184 231.6671
176 656 -1.2436 -1.0299 96.7896
208 656 -1.5359 -1.1344 193.4721
240 656 -1.1487 -0.8889 194.5089
272 656 -1.1427 -1.0831 44.8339
304 656 -0.9382 -0.3919 23.0225
336 656 -0.9239 -0.5003 62.1406
368 656 -0.8715 -0.2248 67.0409
400 656 -0.6853 -0.0787 35.9607
432 656 -0.8457 -0.0170 170.9935
464 656 -0.7948  0.0026 184.2092
496 656 -0.6400 -0.1735 229.7003
528 656 -0.3792 -0.1175 32.2946
560 656 -0.2225 -0.3748 95.7582
592 656 -0.0019 -0.1534 28.4138
624 656  0.0475 -0.1773 98.4127
656 656  0.0398 -0.1934 99.0895
 16 688 -0.1009 -0.0978 100.2321
 48 688 -0.1524 -0.1494 281.9663
 80 688 -0.1376 -0.1759 164.6404
112 688 -0.9022 -0.1580 114.9749
144 688 -0.8040 -0.7309 94.4590
176 688 -1.4378 -1.1570 121.3484
208 688 -0.9611 -1.2125 32.6496
240 688 -1.3987 -0.8776 152.2398
272 688 -1.2324 -0.6674 29.7011
304 688 -1.4079 -0.6677 103.3638
336 688 -1.0387 -0.4318 199.1782
368 688 -0.9318 -0.0176 171.7192
400 688 -0.9974  0.1139 127.5883
432 688 -0.8962  0.0936 158.5212
464 688 -0.4636 -0.1197 150.1397
496 688 -0.5109 -0.3437 103.0061
528 688 -0.2841 -0.4306 131.1426
560 688 -0.3027 -0.5156 93.9949
592 688 -0.0964 -0.6602 152.3612
624 688  0.0324 -0.2541 43.6124
656 688  0.0076 -0.1949 109.2562
 16 720 -0.0687 -0.0514 30.2749
 48 720 -0.1862 -0.0445 47.5644
 80 720 -0.0863 -0.0809 274.0384
112 720 -0.1350 -0.0791 37.6025
144 720 -0.2234 -0.0308 232.2357
176 720 -0.9094 -1.4646 181.5033
208 720 -0.9972 -0.3822 141.3368
240 720 -1.2603 -0.9428 208.8258
272 720 -1.0125 -0.9706 27.7766
304 720 -0.9271 -0.6338 100.8985
336 720 -1.0329 -0.2326 170.7309
368 720 -0.2299  0.2321 179.6978
400 720 -0.1838  0.3198 82.3891
432 720 -0.0749  0.2201 23.7586
464 720  0.2741 -0.1117 75.0437
496 720  0.1885 -1.1615 112.3143
528 720  0.0938  0.0783 24.0025
560 720  1.2007  0.0729 12.8258
592 720  0.1197 -0.3031 39.9263
624 720  0.0258 -0.4350 43.7398
656 720 -0.0548 -0.1383 46.5097
 16 752  0.0024 -0.0077 17.5112
 48 752 -0.0171 -0.0271 34.1628
 80 752 -0.0290 -0.1785 431.0211
112 752 -0.0995 -0.0222 284.3435
144 752 -0.2292 -0.0848 175.7959
176 752 -0.3734 -0.4214 88.9889
208 752 -0.8498 -0.7083 98.5139
240 752 -0.9238 -1.1272 120.0193
272 752 -0.2229 -0.2255 16.0839
304 752 -0.4666 -0.3516 187.1785
336 752 -0.3473 -0.2040 102.8842
368 752 -0.0212 -0.0125 35.4788
400 752  0.3606  0.2076 53.0159
432 752  0.5570  0.1668 23.5342
464 752  1.3777 -0.3028 58.5277
496 752 -0.7349 -0.1517 32.7125
528 752  0.1350 -0.0627 12.8926
560 752  1.0244  0.1693  9.8168
592 752  0.1318  0.2565 16.1672
624 752 -0.1033  0.0618  9.1206
656 752 -0.0521 -0.0045 18.3241
 16 784  0.0172  0.0206 30.3660
 48 784  0.0264 -0.0086 97.0219
 80 784  0.0015 -0.0138 178.9041
112 784 -0.0506 -0.1312 280.2419
144 784 -0.0310 -0.1096 71.7940
176 784  1.3487 -0.1361 165.8700
208 784  0.1899 -0.2273 54.9086
240 784 -0.3929 -0.4688 61.3677
272 784 -1.1590 -0.7137 88.1893
304 784 -0.2685 -0.4865 86.5453
336 784  0.0013 -0.1400 179.2793
368 784  0.4986 -0.0530 273.9042
400 784  0.9632  0.1002 21.4365
432 784  1.7016  0.2815 79.7414
464 784  1.7561 -0.3493 89.5879
496 784  0.2708 -0.0571 21.8235
528 784  0.2403  0.0990 11.9574
560 784  0.3732  0.1844  6.8331
592 784  0.0416 -0.0799 14.8297
624 784 -0.0146  0.0158 24.7317
656 784 -0.0289  0.0378  8.1783
 16 816 -0.0304  0.0006 19.0367
 48 816  0.0204 -0.0190 64.2824
 80 816  0.0126 -0.0407 207.2500
112 816  0.0305 -0.0299 207.9292
144 816  0.0379 -0.0426 78.5664
176 816 -0.0002 -0.0934 40.2673
208 816 -0.0081 -0.9703 92.1183
240 816 -0.0749 -0.7032 77.5540
272 816 -0.0242 -0.4563 53.4984
304 816  0.0467 -0.1390 21.0567
336 816  0.6255 -0.3149 127.8752
368 816  0.7267  0.0513 172.8554
400 816  1.4246  0.2836 91.6649
432 816  2.0281  0.5029 17.5647
464 816  2.3741 -0.1625 45.2593
496 816  0.0141  0.0163 16.8074
528 816  0.0826 -0.0014  6.2886
560 816  0.1377  0.1616 12.1117
592 816  0.0534  0.0052 21.5240
624 816  0.0104 -0.0061 10.8002
656 816 -0.0070  0.0136 15.5516
 16 848  0.0164  0.0094 19.3411
 48 848  0.0456  0.0013 21.2400
 80 848  0.0554 -0.0307 175.1161
112 848  0.1187 -0.0296 419.0963
144 848  0.0673 -0.0902 189.9699
176 848  0.1542 -0.3080 150.0360
208 848  0.3063 -0.2812 358.4479
240 848  0.0792 -0.6257 171.4124
272 848  0.1610 -0.2228 22.5116
304 848  0.0564 -0.1920 14.6190
336 848  0.9552 -0.4448 73.4194
368 848  1.1323 -0.0848 74.6541
400 848  2.0180  0.1323 62.6049
432 848  2.0646  0.1869 59.7237
464 848  0.3126 -0.0267 15.0905
496 848  0.0132 -0.0013 12.8102
528 848  0.0924  0.0828  5.3733
560 848  0.0550  0.0712 101.5077
592 848  0.0643  0.0274 55.6258
624 848  0.0407  0.0792 68.4570
656 848 -0.0003  0.0188 25.7753
 16 880  0.0137 -0.0139 14.9170
 48 880  0.0817 -0.0184 217.0297
 80 880  0.0597 -0.0110 230.2262
112 880  0.1508 -0.0436 66.7420
144 880  0.4974 -0.0630 113.3819
176 880  0.5825 -0.3770 61.2883
208 880  0.2122 -0.0052 402.9993
240 880  0.3749 -0.2893 39.9859
272 880  0.6997 -0.5045 132.0642
304 880  0.3388 -0.2318 27.5970
336 880  1.2474 -0.5854 55.5958
368 880  1.7166 -0.2492 42.2528
400 880  1.7888  0.4138 107.3189
432 880  1.1973 -0.0486 46.5061
464 880  1.8849  0.1731 26.9191
496 880 -0.0034 -0.0181  5.7356
528 880  0.0453  0.0236 10.5457
560 880 -0.0040  0.0357 12.7187
592 880 -0.0119  0.1346 39.2037
624 880  0.0137  0.0960 100.9797
656 880 -0.0989  0.1474 108.8757
 16 912  0.0693  0.0192 18.2770
 48 912  0.0711 -0.0261 52.3307
 80 912  0.1501 -0.0660 150.6447
112 912  0.4624 -0.0203 167.1616
144 912  0.2530 -0.1274 113.4351
176 912  0.5813 -0.1067 103.4487
208 912  0.2509 -0.3115 165.4771
240 912  0.2184 -0.6138 52.2682
272 912  0.3957 -0.5769 70.1229
304 912  0.9699 -1.0361 42.0124
336 912  1.2233 -0.6605 49.6181
368 912  1.9548 -0.2371 23.3811
400 912  0.4468  0.0269 18.4777
432 912  0.9926  0.1425 17.6760
464 912  0.0034  0.0035  9.8206
496 912 -0.0774  0.0427  4.0716
528 912  0.0087 -0.0087  4.8837
560 912  0.0321 -0.0235 13.3895
592 912 -0.0088 -0.0287 15.2120
624 912  0.0553 -0.0376 27.5551
656 912 -0.0152  0.0124 67.2284
 16 944  0.0747 -0.0002 57.4402
 48 944 -0.0192 -0.0143 56.8582
 80 944  0.0369 -0.0105 143.0214
112 944  0.1800 -0.0696 101.6586
144 944  0.0732 -0.1252 118.7677
176 944  1.0001 -0.1175 68.5879
208 944  0.1612 -0.4277 94.9148
240 944  0.3560 -0.5671 108.6082
272 944  0.2570 -0.5345 81.2596
304 944  0.7095 -1.0271 23.7346
336 944  0.5811 -0.6970 135.5542
368 944  0.0620 -0.3605 70.6782
400 944  0.1692  0.0462 13.2727
432 944 -0.0139  0.0115 14.1681
464 944  0.0585  0.0168  5.7608
496 944  0.0093 -0.0235  7.8501
528 944  0.0011 -0.0011  4.6591
624 944  0.1321 -0.3838  5.6622
656 944  0.0708 -0.1372  8.6952
 16 976  0.0401 -0.0214 152.3856
 48 976  0.1069 -0.0680 89.5504
 80 976  0.0541 -0.0596 210.6351
112 976  0.2444 -0.0573 159.7366
144 976  0.4014 -0.0965 36.6832
176 976  0.1167 -0.1028 158.1649
208 976  0.2891 -0.2111 56.2709
240 976  0.2457 -0.6021 122.2252
272 976  0.1175 -0.3132 38.0068
304 976  0.7183 -1.0749 77.8155
336 976  0.0623 -0.6543 70.2040
368 976  0.0101 -0.0250 23.0767
400 976 -0.0094 -0.0234 11.6857
432 976  0.0259  0.0061  7.1635
464 976 -0.0206 -0.0209 20.3335
496 976 -0.0337 -0.0017 18.5726
528 976 -0.0295  0.0029 22.0426
560 976 -0.2093  0.0422  4.8663
 16 1008  0.1156 -0.0131 96.5595
 48 1008  0.0983 -0.0928 62.2561
 80 1008  0.1278 -0.0033 53.8958
112 1008  0.0400  0.1122 324.1490
144 1008  0.0430 -0.0898 75.6369
176 1008  0.2135 -0.1525 34.8051
208 1008  0.1678 -0.1362 114.1176
240 1008  0.1890 -0.5939 100.5283
272 1008  0.0780 -0.3858 39.3639
304 1008  0.0218 -0.7367 21.6832
336 1008 -0.0134 -0.4210 18.5586
368 1008  0.0196  0.0524 10.8512
400 1008  0.0326  0.0479  8.1111
432 1008 -0.0003  0.0024 17.3276
464 1008  0.0146 -0.0004 71.5025
496 1008 -0.0213 -0.0379 83.3464
528 1008 -0.0549 -0.0690 14.9142
560 1008 -0.0992  0.0637  7.7190
 16 1040  0.0797 -0.0215 75.9389
 48 1040  0.1214 -0.0317 112.5516
 80 1040  0.0673 -0.0130 64.5078
112 1040  0.0662 -0.0730 235.1219
144 1040  0.1422 -0.0962 167.3356
176 1040  0.0693 -0.0715 333.5982
208 1040  0.1262 -0.2558 108.0107
240 1040  0.0426 -0.4311 153.7805
272 1040  0.0009 -0.3647 23.8214
304 1040  0.0130 -0.2447 44.0043
336 1040 -0.0715 -0.2376 41.8424
368 1040  0.1064  0.0724 12.6581
400 1040  0.0202  0.0098 39.8558
432 1040  0.0191  0.0114 40.8904
464 1040  0.0823 -0.0303 32.2311
496 1040  0.0382 -0.0746 24.5453
528 1040 -0.0644  0.0465 18.2286
560 1040 -0.0015  0.0329 14.1358
592 1040 -0.0745 -0.0138  5.0756
 16 1072  0.0176  0.0086 174.6661
 48 1072  0.0813 -0.0067 189.0572
 80 1072  0.2955 -0.0248 208.0948
112 1072  0.1407 -0.0889 37.3290
144 1072  0.0616 -0.0756 232.3469
176 1072  0.1198 -0.1371 100.7064
208 1072  0.0666 -0.1762 196.1088
240 1072  0.0461 -0.2202 106.2747
272 1072  0.0375 -0.1115 140.0378
304 1072  0.0278 -0.2547 247.5320
336 1072 -0.0496 -0.1018 131.7991
368 1072 -0.0484 -0.0466 329.2807
400 1072 -0.0029 -0.0627 187.0320
432 1072  0.0512 -0.0428 58.4979
464 1072  0.0197 -0.0191 19.4869
496 1072  0.0632 -0.0493 17.7436
528 1072 -0.0438 -0.0874 38.3013
560 1072 -0.0397  0.0175 15.1498
592 1072 -0.0413  0.0500 11.8492
624 1072  0.0887  0.1862  5.8521
656 1072  0.0788  0.1342  9.9685
 16 1104  0.0398 -0.0568 29.8954
 48 1104  0.0355 -0.0200 43.6247
 80 1104  0.0827 -0.0768 106.6212
112 1104  0.0568 -0.1720 205.1071
144 1104  0.0250 -0.0166 37.2066
176 1104  0.0971 -0.0897 47.2223
208 1104  0.0533 -0.3400 221.6339
240 1104  0.0661 -0.1472 230.6636
272 1104  0.0288 -0.0808 44.8722
304 1104  0.0208 -0.1453 97.3006
336 1104  0.0330 -0.1176 157.4082
368 1104  0.0137 -0.1166 144.0581
400 1104  0.0267 -0.0728 128.4582
432 1104  0.0744 -0.0946 149.9469
464 1104  0.0060 -0.0566 34.0665
496 1104  0.1266 -0.1260 37.3170
528 1104  0.0426 -0.0651 18.6351
560 1104 -0.0176  0.0357 16.7187
592 1104  0.0456  0.0472 11.2261
624 1104 -0.0760  0.0230 15.1324
656 1104 -0.0089  0.0031 11.2307
 16 1136 -0.0021  0.0020 17.0612
 48 1136  0.3452 -0.0767 66.7126
 80 1136  0.0717 -0.0230 49.6993
112 1136  0.0669 -0.0094 129.3658
144 1136  0.0400 -0.0812 53.0584
176 1136  0.1495 -0.0613 100.0089
208 1136  0.0493 -0.0636 226.5689
240 1136  0.0254 -0.1748 217.2960
272 1136  0.0442 -0.1189 340.1613
304 1136  0.0131 -0.0955 164.5437
336 1136  0.0780 -0.0533 198.0043
368 1136  0.0411 -0.0639 222.7748
400 1136  0.1103 -0.0355 197.6990
432 1136  0.0624 -0.1399 257.5325
464 1136  0.0359 -0.0502 102.2948
496 1136  0.0292 -0.0490 13.1618
528 1136  0.0510 -0.0392 12.7403
560 1136  0.0105 -0.0087 16.3629
592 1136 -0.0172 -0.0108 16.2725
624 1136 -0.0075  0.0362 16.4821
656 1136  0.0097  0.0498 35.0650
 16 1168 -0.0201 -0.0207 14.8871
 48 1168 -0.0001 -0.0242 20.9256
 80 1168  0.0199 -0.0168 99.0648
112 1168  0.1346 -0.0625 26.7030
144 1168  0.0087 -0.0247 17.9147
176 1168  0.2025 -0.1488 165.0846
208 1168  0.0812 -0.1646 57.0390
240 1168  0.0538 -0.0725 144.2856
272 1168  0.0580 -0.1300 179.3022
304 1168  0.1696 -0.0372 64.2959
336 1168  0.0283 -0.1351 81.5455
368 1168  0.0364 -0.0330 68.7035
400 1168  0.0312 -0.0726 232.4005
432 1168  0.0532 -0.0972 134.0518
464 1168  0.0548 -0.0187 78.3924
496 1168  0.0309 -0.0567 24.9109
528 1168  0.0025 -0.0292 11.6841
560 1168 -0.0088  0.0303 11.0470
592 1168  0.0046 -0.0007 15.3913
624 1168  0.0213  0.0310  9.6690
656 1168 -0.0084  0.0675 28.8257
 16 1200  0.0837 -0.0275 16.2708
 48 1200  0.0064  0.0018 15.7390
 80 1200  0.1075 -0.0206 61.4914
112 1200  0.0991 -0.0709 176.7256
144 1200  0.0911 -0.0414 99.9801
176 1200  0.0192 -0.0641 78.3944
208 1200  0.0856 -0.1287 185.0682
240 1200  0.0447 -0.0814 260.8206
272 1200  0.0624 -0.0569 33.7752
304 1200  0.0370 -0.0824 200.0819
336 1200  0.0719 -0.1084 51.6726
368 1200  0.0805 -0.1569 176.7111
400 1200  0.1153 -0.0749 74.8861
432 1200  0.0429 -0.0664 161.3514
464 1200  0.0779 -0.0525 226.5674
496 1200  0.0040 -0.0251 18.3870
528 1200  0.0043 -0.0019 17.6410
560 1200 -0.0022 -0.0010 11.1824
592 1200  0.0023 -0.0104 13.5842
624 1200  0.0064  0.0320 12.3915
656 1200  0.1007  0.0019 32.6506
  0   0  0.0819 -0.0723  0.0000
  0   0  0.0571 -0.0902  0.0000
  0   0  0.0199 -0.0299  0.0000
  0   0 -0.0065  0.0047  0.0000
  0   0 -0.0334  0.0798  0.0000
  0   0 -0.0483  0.1417  0.0000
  0   0 -0.0430  0.1412  0.0000
  0   0 -0.0473  0.1578  0.0000
  0   0 -0.0554  0.1608  0.0000
  0   0 -0.0033  0.0723  0.0000
