VARIABLES= "X pix", "Y pix", "U pix/dt", "V pix/dt", "CHC", ZONE I=21, J=30
 16 272 -0.0848 -0.0695 35.8231
 48 272 -0.0256 -0.1358 260.0323
 80 272 -0.1200 -0.2463 142.2750
112 272 -0.0941 -0.1446 323.5341
144 272 -0.0419 -0.1474 285.5495
176 272 -0.1138 -0.1468 166.5099
208 272 -0.0919 -0.1624 72.1759
240 272 -0.0839 -0.0688 67.6744
272 272 -0.0968 -0.0799 124.3516
304 272 -0.0484  0.0243 123.6965
336 272 -0.0307  0.0060 161.4268
368 272 -0.0492  0.0193 144.3946
400 272 -0.0523  0.0814 228.8572
432 272 -0.0312  0.0487 123.1910
464 272  0.0007  0.0205 58.7086
496 272  0.0059  0.0480 301.5286
528 272 -0.0079  0.0993 159.0395
560 272 -0.0053  0.0557 17.4092
592 272 -0.0232  0.0150 255.6268
624 272  0.0457  0.0961 149.6472
656 272 -0.0022  0.0218 172.1778
 16 304 -0.3269 -0.2429 98.8742
 48 304 -0.3659 -0.4637 102.1404
 80 304 -0.2843 -0.2128 123.0091
112 304 -0.1226 -0.2486 244.2909
144 304 -0.2205 -0.1086 204.2224
176 304 -0.0779 -0.1116 221.0457
208 304 -0.0957 -0.2144 226.5901
240 304 -0.1072 -0.0896 86.2643
272 304 -0.0643 -0.0812 90.8518
304 304 -0.0305 -0.0389 114.8934
336 304 -0.0212 -0.0214 116.7227
368 304 -0.0272 -0.0056 117.5965
400 304  0.0145 -0.0277 39.3805
432 304 -0.0408  0.0241 45.1779
464 304  0.0444  0.0758 161.5657
496 304  0.0047  0.0718 209.6657
528 304  0.0435  0.1279 105.4665
560 304 -0.0153  0.0845 201.0248
592 304 -0.0151  0.0525 172.2263
624 304 -0.0115  0.0659 228.5257
656 304  0.0192  0.0136 105.6279
 16 336 -0.3970 -0.0734 54.2881
 48 336 -0.2058 -0.2039 49.2826
 80 336 -0.2588 -0.2022 180.7623
112 336 -0.2647 -0.2093 146.9387
144 336 -0.1246 -0.2164 231.7200
176 336 -0.1148 -0.2603 304.3707
208 336 -0.0107 -0.1091 86.6486
240 336 -0.1640 -0.1207 140.6793
272 336 -0.0450 -0.0406 21.6124
304 336 -0.0525 -0.0765 260.4408
336 336 -0.0155 -0.0159 339.2133
368 336 -0.0475 -0.0105 149.5532
400 336 -0.0363 -0.0061 53.2717
432 336 -0.0169  0.0592 142.4636
464 336  0.0029  0.0510 134.6704
496 336 -0.0275  0.0263 63.4298
528 336 -0.0022  0.1543 184.0340
560 336  0.0040  0.0507 104.3086
592 336 -0.0038  0.0373 277.6622
624 336 -0.0087  0.0554 123.4376
656 336 -0.0113  0.0449 132.0392
 16 368 -0.3230 -0.1466 42.1675
 48 368 -0.2376 -0.1378 50.0377
 80 368 -0.3478 -0.3139 163.9318
112 368 -0.0802 -0.1464 64.9751
144 368 -0.1977 -0.1743 49.0283
176 368 -0.1619 -0.3661 103.6164
208 368 -0.1700 -0.3403 75.3280
240 368 -0.2703 -0.1292 69.3981
272 368 -0.0625 -0.0562 101.0901
304 368 -0.1063 -0.0555 293.7142
336 368 -0.1269 -0.0575 200.6647
368 368 -0.0555 -0.0352 252.3810
400 368 -0.0439 -0.0141 423.7839
432 368 -0.0063  0.0053 224.2091
464 368 -0.0010  0.0737 107.2747
496 368  0.0185  0.0688 355.8986
528 368 -0.0131  0.0877 111.0649
560 368  0.0023  0.0503 113.6404
592 368 -0.0048  0.0826 160.4501
624 368 -0.0177  0.0615 123.4909
656 368 -0.0317 -0.0175 153.3042
 16 400 -0.3975 -0.3353 83.3124
 48 400 -0.9109 -0.2992 230.3532
 80 400 -0.2036 -0.3603 238.8272
112 400 -0.1629 -0.4505 58.3699
144 400 -0.1923 -0.1364 25.7024
176 400 -0.3274 -0.2799 174.5470
208 400 -0.1173 -0.2937 171.3426
240 400 -0.2161 -0.2722 301.8230
272 400 -0.1761 -0.2016 118.6551
304 400 -0.0879 -0.2731 194.4651
336 400 -0.0994 -0.1027 120.1972
368 400 -0.0193  0.0181 88.8291
400 400 -0.0094  0.0433 26.0328
432 400 -0.0358  0.0099 252.7948
464 400 -0.0115  0.0541 209.1929
496 400 -0.0085  0.0258 47.2190
528 400  0.0044  0.0335 174.4423
560 400  0.0113  0.0533 183.8959
592 400 -0.0179  0.0350 222.1402
624 400  0.0176  0.0872 145.6437
656 400  0.0660  0.1053 131.5661
 16 432 -0.9654 -0.2003 102.2865
 48 432 -1.0619 -0.2857 198.0720
 80 432 -0.1664 -0.1666 12.8848
112 432 -0.2255 -0.7089 53.7559
144 432 -0.2792 -0.4717 203.3408
176 432 -0.2658 -0.2558 212.9675
208 432 -0.3393 -0.3755 90.4033
240 432 -0.3740 -0.4998 239.9530
272 432 -0.2206 -0.2976 188.4466
304 432 -0.1854 -0.1041 64.0563
336 432 -0.1832 -0.1472 145.2853
368 432 -0.0870 -0.1026 196.7631
400 432 -0.0604 -0.0153 162.5971
432 432  0.0259  0.0171 121.8249
464 432 -0.1052  0.1085 109.8001
496 432 -0.0300  0.0402 123.4471
528 432 -0.0087  0.0459 187.4974
560 432 -0.0048  0.0316 135.9602
592 432 -0.0026  0.0367 81.2209
624 432  0.0142  0.0415 145.0764
656 432  0.0019  0.0105 91.4858
 16 464 -0.3257 -0.2209 124.8660
 48 464 -0.7856 -0.4349 120.4302
 80 464 -0.1423 -0.5953 159.3645
112 464 -0.0375 -0.2797 121.6192
144 464 -0.1847 -0.2948 202.1508
176 464 -0.5108 -0.3747 133.8063
208 464 -0.3592 -0.3900 179.4393
240 464 -0.1774 -0.4159 203.7229
272 464 -0.0415 -0.3007 379.0893
304 464 -0.1498 -0.1538 131.8495
336 464 -0.0451 -0.1112 172.8400
368 464 -0.0704 -0.1128 247.9473
400 464 -0.0927 -0.0516 69.2085
432 464 -0.0998 -0.0076 35.3496
464 464 -0.0372  0.0109 134.0819
496 464  0.0170 -0.0024 13.6831
528 464  0.0132  0.0159 93.9974
560 464  0.0106  0.0618 124.6819
592 464  0.0140  0.0333 116.8933
624 464  0.0271  0.0158 150.9761
656 464  0.0237  0.0116 259.6109
 16 496 -0.8481 -0.6520 65.8138
 48 496 -0.1429 -0.0316 18.7175
 80 496 -0.4372 -0.5037 143.6982
112 496 -0.3840 -0.4411 101.1432
144 496 -0.8302 -1.0249 53.8936
176 496 -0.7202 -0.6852 47.0860
208 496 -0.2294 -0.3247 37.1918
240 496 -0.1495 -0.4048 40.8124
272 496 -0.1416 -0.1563 41.9696
304 496 -0.1156 -0.1300 59.0936
336 496 -0.1241 -0.1428 243.7310
368 496 -0.0575 -0.1016 43.2150
400 496 -0.0631 -0.0166 35.5309
432 496 -0.0372 -0.0119 177.0231
464 496 -0.0711  0.0001 242.5065
496 496 -0.0268  0.0300 225.2741
528 496  0.0012  0.0234 190.0398
560 496  0.0089  0.0177 162.6506
592 496  0.0157  0.0199 30.1123
624 496  0.0279  0.0045 95.0697
656 496  0.0410  0.0225 133.6646
 16 528 -0.1796 -0.1432 87.0551
 48 528 -0.2682 -0.3223 39.1024
 80 528 -0.8543 -0.3801 76.7327
112 528 -0.1228 -0.1793 14.5656
144 528 -0.7737 -0.6122 186.9215
176 528 -0.5925 -0.5915 162.1049
208 528 -0.3114 -0.6334 173.8466
240 528 -0.3265 -0.5489 64.6644
272 528 -0.2684 -0.4891 134.6372
304 528 -0.1787 -0.3078 446.2352
336 528 -0.0317 -0.3277 61.1005
368 528 -0.0763 -0.1112 263.1039
400 528 -0.0772 -0.0299 282.5349
432 528 -0.0503 -0.0209 107.4951
464 528 -0.0531 -0.0056 165.8582
496 528 -0.0181  0.0276 44.3992
528 528 -0.0344  0.0379 208.8774
560 528  0.0504 -0.0136 158.0043
592 528  0.0331 -0.0239 122.1271
624 528  0.0229  0.0050 47.0751
656 528  0.0629  0.0149 138.6831
 16 560 -0.7696 -0.2511 78.6104
 48 560 -0.7371 -0.5936 28.8608
 80 560 -0.8048 -0.3727 126.2587
112 560 -0.4582 -0.5695 40.9460
144 560 -0.9091 -0.9057 98.6840
176 560 -0.1920 -0.2236 17.2390
208 560 -0.6479 -0.8937 164.8088
240 560 -0.7449 -0.6509 80.8832
272 560 -0.2962 -0.5923 67.8023
304 560 -0.3679 -0.3320 135.3498
336 560 -0.2529 -0.2764 285.3171
368 560 -0.1395 -0.1622 77.6151
400 560 -0.0735 -0.0586 17.8020
432 560 -0.1751 -0.0254 35.9361
464 560 -0.1101 -0.0123 214.3589
496 560 -0.0720 -0.0185 64.0277
528 560 -0.0875 -0.0407 195.5499
560 560 -0.0116 -0.0213 166.0826
592 560  0.0465 -0.0608 130.4304
624 560  0.0919 -0.0345 158.7583
656 560  0.0861 -0.0739 58.4843
 16 592 -0.7970 -0.6784 20.8862
 48 592 -0.7222 -0.2139 26.3801
 80 592 -1.4420 -0.9644 191.5958
112 592 -1.3194 -0.4690 207.3163
144 592 -0.8260 -0.8144 122.8780
176 592 -0.9812 -0.8198 123.4291
208 592 -0.3719 -0.1192 71.9834
240 592 -0.5970 -0.9228 110.0828
272 592 -0.4128 -0.3681 78.5072
304 592 -0.1241 -0.1576 18.4987
336 592 -0.3601 -0.3522 77.6203
368 592 -0.3995 -0.2670 113.8026
400 592 -0.3339 -0.0783 165.2216
432 592 -0.2327 -0.1067 178.0792
464 592 -0.1809 -0.1040 192.0844
496 592 -0.2227 -0.0110 127.3718
528 592 -0.0423 -0.0302 145.8766
560 592 -0.0065 -0.0533 238.9151
592 592  0.0096 -0.0763 71.7889
624 592  0.1047 -0.0489 88.5652
656 592  0.0752 -0.0743 216.6590
 16 624 -0.4840 -0.2289 56.1710
 48 624 -0.2176 -0.0591 33.6771
 80 624 -0.1986 -0.1279 31.9896
112 624 -0.6911 -0.3373 156.6855
144 624 -0.9361 -0.9294 182.8223
176 624 -0.8895 -1.0916 126.7346
208 624 -0.7144 -0.9868 54.5180
240 624 -1.2766 -0.8345 20.4610
272 624 -1.1292 -0.8259 58.0647
304 624 -0.7294 -0.4140 152.3041
336 624 -0.5585 -0.5480 142.4505
368 624 -0.7835 -0.3985 110.4806
400 624 -0.5992 -0.0980 198.5925
432 624 -0.5157 -0.0889 224.2054
464 624 -0.4343 -0.0071 83.7475
496 624 -0.5166 -0.0370 146.1669
528 624 -0.3483 -0.2130 108.7079
560 624 -0.0230 -0.1866 83.4541
592 624  0.0299 -0.2564 99.9426
624 624  0.1406 -0.1950 48.2640
656 624  0.0898 -0.0839 18.9854
 16 656 -0.0175 -0.0263 15.4279
 48 656 -0.5732 -0.2173 130.6343
 80 656 -0.4415 -0.3750 97.1014
112 656 -0.2356 -0.1784 22.2923
144 656 -0.9930 -0.8426 36.0635
176 656 -1.0628 -0.9573 126.6982
208 656 -1.1468 -0.8936 112.4366
240 656 -0.8163 -0.9137 191.4297
272 656 -0.5840 -0.8168 54.3809
304 656 -1.0387 -0.6974 39.3860
336 656 -1.0118 -0.4067 24.1361
368 656 -1.1443 -0.3458 264.3676
400 656 -0.9381 -0.2127 115.6165
432 656 -1.0120  0.0017 184.5808
464 656 -0.8066 -0.0456 64.6482
496 656 -0.9465 -0.2540 94.6182
528 656 -0.6079 -0.1239 283.4671
560 656 -0.2226 -0.2260 60.6861
592 656 -0.0428 -0.3513 58.0811
624 656  0.0957 -0.3603 71.6074
656 656  0.1195 -0.5329 134.3913
 16 688 -0.0886 -0.0326 25.0042
 48 688 -0.2518 -0.0902 189.1813
 80 688 -0.1975 -0.2899 210.4582
112 688 -0.1326 -0.0566 154.8693
144 688 -0.8964 -0.6799 53.1286
176 688 -0.9924 -0.7398 128.0477
208 688 -0.9207 -0.8302 317.0170
240 688 -1.0661 -1.4970 136.2712
272 688 -1.1291 -1.2512 115.5979
304 688 -0.8547 -0.3562 27.4054
336 688 -0.8320 -0.3149 27.7505
368 688 -0.9600 -0.2238 75.8012
400 688 -0.9176  0.4352 163.9088
432 688 -1.7178  0.3852 119.4290
464 688 -1.3822  0.0754 76.8406
496 688 -0.9868 -0.0596 50.5824
528 688 -0.6854 -0.2168 101.1655
560 688 -0.2571 -0.8274 143.3067
592 688 -0.0323 -0.5331 156.1403
624 688  0.0002 -0.3467 57.6008
656 688  0.0116 -0.6316 20.5779
 16 720 -0.0768 -0.0211 38.0108
 48 720 -0.0881 -0.0544 29.1916
 80 720 -0.1755 -0.1053 315.6454
112 720 -0.2155 -0.2966 98.9054
144 720 -0.8025 -0.5334 217.5752
176 720 -0.5754 -0.9673 84.7810
208 720 -0.9265 -0.8889 207.3000
240 720 -1.0513 -0.9401 94.7864
272 720 -1.1780 -0.8393 44.6559
304 720 -1.8562 -0.7777 227.4236
336 720 -0.7950 -0.1301 63.5025
368 720 -0.8052  0.2091 49.4971
400 720 -0.2580  0.4080 168.9100
432 720 -0.7416  0.4487 25.5699
464 720 -0.7598 -0.2819 145.7958
496 720  0.2830 -1.4998 16.5327
528 720  0.4803 -0.2732  9.2444
560 720  0.0210 -0.6269 38.9858
592 720 -0.1038 -0.6800 69.0537
624 720 -1.5312  0.1222 14.5051
656 720 -0.2119  0.0976 31.0231
 16 752 -0.0057 -0.0203 18.6651
 48 752 -0.0491 -0.1050 120.4968
 80 752 -0.1313 -0.0490 207.2194
112 752 -0.1596 -0.1372 180.7073
144 752 -0.1899 -0.1177 75.0406
176 752 -0.1222 -0.2496 133.8107
208 752 -0.4130 -0.3537 43.7410
240 752 -1.0057 -0.8243 112.4010
272 752 -0.8636 -0.9636 118.1812
304 752 -0.7211 -0.3567 37.3903
336 752 -0.6562 -0.1236 138.8961
368 752  0.0759  0.9182 112.5359
400 752  0.2043  0.8976 158.4387
432 752  1.4163  0.5839 84.6823
464 752  1.3217  0.0819 134.2215
496 752  0.2982 -0.2700 16.7368
528 752  2.0345  0.1642 11.1125
560 752  0.1113 -0.7644 29.1635
592 752 -0.0159 -0.6787 52.4833
624 752 -0.2197  0.1679 13.4400
656 752 -0.1823 -0.0704 11.2999
 16 784 -0.0027  0.0210 19.3769
 48 784  0.0069 -0.0159 167.0823
 80 784 -0.0155 -0.0808 112.8761
112 784 -0.0335 -0.0846 175.8929
144 784 -0.0645 -0.1542 32.5173
176 784 -0.5607 -0.8290 62.9372
208 784 -0.3138 -0.5037 221.9248
240 784 -0.8638 -0.7911 165.4311
272 784 -0.7557 -0.8366 197.1288
304 784 -0.0849 -0.2819 108.3979
336 784 -0.1862 -0.0479 152.8282
368 784  0.6264  0.5780 115.4276
400 784  1.5275  1.4269 63.1471
432 784  0.6884  0.6815 33.0812
464 784  0.5494  0.0592 27.4756
496 784  0.3088 -0.4572 11.1787
528 784  1.0888 -0.0663 15.3251
560 784  0.2049 -0.0613 32.8930
592 784 -0.0351  0.0514 15.7606
624 784 -0.0517 -0.0433 13.2467
656 784 -0.1776  0.2541  9.6285
 16 816  0.0261 -0.0269 31.4700
 48 816  0.0045 -0.0172 207.7528
 80 816  0.0518 -0.0478 66.4818
112 816  0.0384 -0.0660 128.5211
144 816  0.0154 -0.0478 143.7675
176 816 -0.0220 -0.1215 103.1521
208 816  0.0304 -0.2856 165.5573
240 816 -0.1106 -0.3960 75.4265
272 816 -0.0191 -0.6881 60.2140
304 816 -0.0692 -0.6828 125.7276
336 816  0.8713 -0.1133 102.1220
368 816  0.6989  0.2714 77.8490
400 816  1.4248  0.6876 144.0640
432 816  3.9758  0.7878 15.3974
464 816  0.0686  0.0465 11.5717
496 816  0.0532 -0.0138 13.2986
528 816  0.6507 -0.0606  8.5254
560 816  0.1059  0.0220 83.6247
592 816  0.0158 -0.0713 161.7332
624 816 -0.0260  0.0314 19.7074
656 816 -0.0553  0.0377 10.8574
 16 848  0.0295 -0.0099 24.5698
 48 848  0.0884  0.1378 49.0285
 80 848  0.0794 -0.0150 78.4789
112 848  0.1152 -0.0281 46.3956
144 848  0.1413 -0.1108 142.1566
176 848  0.2442 -0.1086 46.7488
208 848  0.3394 -0.1711 53.2159
240 848  0.1450 -0.6967 193.1205
272 848  0.5958 -1.2795 35.3713
304 848  0.1892 -0.1949 16.2639
336 848  0.7324 -0.1494 22.3558
368 848  2.7372  0.1714 42.0029
400 848  3.1902  0.9700 15.7372
432 848 -0.0383  0.0233 11.3189
464 848  0.4075 -0.1076 10.4916
496 848 -0.0440 -0.0340 16.7152
528 848  0.1621  0.1008  6.7902
560 848  0.0446  0.2043 81.7332
592 848  0.0101  0.0960 137.4734
624 848 -0.0562  0.1333 55.6830
656 848 -0.0248  0.0458 36.2709
 16 880  0.0185  0.0039 15.8827
 48 880  0.1180 -0.0142 27.8782
 80 880  0.0859 -0.0152 196.2528
112 880  0.0702  0.0019 71.1502
144 880  0.1705 -0.1770 185.6725
176 880  0.2543 -0.2145 351.0612
208 880  0.4688 -0.2411 194.2529
240 880  0.2424 -0.5207 60.9480
272 880  0.3729 -0.4610 174.7383
304 880  1.2905 -0.9360 68.2892
336 880  2.1317 -0.6597 36.4147
368 880  2.9336  0.0555 69.1349
400 880  3.6392  0.7382 31.8172
432 880  0.3455  0.0930 13.5318
464 880  0.0253  0.1067 21.4003
496 880 -0.1394 -0.1480  5.9525
528 880  0.0206  0.0277 14.7428
560 880  0.0054  0.1086 22.7152
592 880 -0.0170  0.2366 40.1161
624 880 -0.0290  0.0787 119.2020
656 880 -0.1686  0.0648 172.4642
 16 912  0.4228  0.0022 61.6676
 48 912  0.0675 -0.0040 13.4694
 80 912  0.3289 -0.1235 98.7216
112 912  0.1943 -0.1245 168.6586
144 912  0.4478 -0.0940 44.6551
176 912  0.1568 -0.1225 213.2216
208 912  0.3077 -0.1519 51.1478
240 912  0.7645 -0.6469 64.9283
272 912  1.0504 -1.0088 28.5772
304 912  1.3361 -1.0480 80.3686
336 912  1.0771 -0.4765 38.4395
368 912  1.9941 -0.2213 16.1857
400 912  0.7468  0.4029 17.0903
432 912  0.0467  0.0474 17.8043
464 912 -0.0340 -0.0247  8.4474
528 912  0.0257 -0.0253  4.9228
560 912  0.0388 -0.0325 13.0139
592 912 -0.0310  0.0509 22.7029
624 912 -0.0572  0.0940 39.0642
656 912 -0.0553  0.2330 92.3033
 16 944  0.0296 -0.0036 22.1837
 48 944  0.0483  0.0839 28.4941
 80 944  0.0805 -0.0408 257.6079
112 944  0.3055 -0.0675 165.4301
144 944  0.1991 -0.1056 218.0020
176 944  0.3629 -0.1668 203.8042
208 944  0.3210 -0.5226 209.3822
240 944  1.1845 -0.9249 80.1281
272 944  0.6621 -1.1132 44.6068
304 944  0.4443 -1.1570 154.9937
336 944  0.3456 -1.2113 25.4773
368 944  0.1207 -0.0071 23.9955
400 944  0.0406  0.1642 10.7202
432 944  0.0107 -0.0321 16.1126
464 944 -0.0783  0.0531  5.5417
496 944 -0.0167  0.0283  7.8111
528 944  0.0711 -0.0838  4.5919
592 944  0.0232 -0.0161  6.1879
624 944  0.0518 -0.0470 21.5981
656 944 -0.0583  0.0688 32.3798
 16 976  0.0064  0.0031 20.2673
 48 976  0.1304 -0.0559 43.2520
 80 976  0.1654 -0.0703 72.6464
112 976  0.1498 -0.0972 295.6437
144 976  0.1485 -0.0658 270.8297
176 976  0.0898 -0.3237 137.1852
208 976  0.4203 -0.2429 57.8903
240 976  0.1167 -0.3750 23.4326
272 976  0.2844 -0.6667 47.8663
304 976  0.1759 -0.6827 20.3308
336 976 -0.0708 -0.1394 49.7477
368 976 -0.0710  0.1306 18.8443
400 976  0.0329  0.1019 11.7302
432 976  0.0787  0.2372  5.6380
464 976  0.0243  0.0247 21.9486
496 976  0.0659 -0.0736 27.2011
528 976 -0.0324  0.0181 32.2912
560 976 -0.0589  0.0508  6.9744
592 976 -0.0688 -0.1010  8.0941
624 976  0.0663 -0.0603  7.4635
656 976  0.0349 -0.1162  8.4136
 16 1008  0.2066 -0.0241 84.5653
 48 1008  0.2289 -0.0588 38.1905
 80 1008  0.1532 -0.0745 37.4011
112 1008  0.0695 -0.0438 116.0860
144 1008  0.1558 -0.1811 229.9525
176 1008  0.1862 -0.3482 143.8524
208 1008  0.1820 -0.1953 143.2058
240 1008  0.1516 -0.3973 52.2383
272 1008  0.0987 -1.0888 50.3707
304 1008 -0.0324 -0.8992 40.9204
336 1008  0.0279  0.2431 13.0959
368 1008  0.1468  1.1861 10.3259
400 1008  0.2359  0.3355  7.3636
432 1008  0.1017  0.1032 30.2680
464 1008  0.1590  0.0219 35.2113
496 1008  0.0296  0.0022 25.9893
528 1008  0.0344 -0.0283 15.6576
560 1008 -0.0063  0.0159  7.5581
592 1008 -0.1220  0.1034  8.8105
624 1008 -0.0221  0.1678  5.2338
 16 1040 -0.0015  0.0114 56.9356
 48 1040  0.0362 -0.0186 232.7131
 80 1040  0.2338 -0.0359 216.3679
112 1040  0.1525 -0.0814 133.8234
144 1040  0.0588 -0.1127 79.4590
176 1040  0.1518 -0.1479 176.4555
208 1040 -0.0086 -0.0766 123.4504
240 1040  0.0606 -0.3075 22.2480
272 1040  0.0198 -0.2929 146.5232
304 1040 -0.4895 -1.1085 87.1235
336 1040  0.0391  0.1774 46.1127
368 1040  0.2965  0.2010 40.6471
400 1040 -0.0215  0.0610 39.3454
432 1040  0.0484  0.0528 33.5952
464 1040  0.2422 -0.0047 64.6377
496 1040  0.0804 -0.0372 78.5013
528 1040  0.0366 -0.0675 18.6277
560 1040 -0.0466  0.0204 10.0738
592 1040  0.0120  0.0178 18.4157
624 1040 -0.0229  0.0284 14.8190
656 1040 -0.1991  0.1335  8.2382
 16 1072  0.1076 -0.0333 65.2079
 48 1072  0.1189 -0.0044 87.2974
 80 1072  0.1668 -0.0315 241.8138
112 1072  0.0819 -0.0426 44.1030
144 1072  0.1358 -0.0718 184.0926
176 1072  0.0519 -0.2751 73.5681
208 1072  0.0437 -0.0729 22.1329
240 1072  0.0458 -0.0459 56.8256
272 1072  0.0446 -0.2926 66.3424
304 1072 -0.0337 -0.1144 66.9014
336 1072 -0.0744 -0.1860 171.8971
368 1072 -0.1392 -0.0735 157.9248
400 1072  0.0172  0.0033 65.5610
432 1072  0.0451  0.0482 242.8917
464 1072  0.1061 -0.0179 45.0290
496 1072  0.0180 -0.0284 34.2491
528 1072  0.1186 -0.1716 40.4470
560 1072 -0.0250 -0.0010 14.6032
592 1072 -0.0486 -0.0226  8.4925
624 1072 -0.0604  0.0636 11.6861
656 1072 -0.0333  0.0304 25.1241
 16 1104  0.0808 -0.0440 35.6402
 48 1104  0.0145  0.0123 50.6549
 80 1104  0.0226 -0.0689 41.5791
112 1104  0.2632 -0.0979 43.9397
144 1104  0.0273 -0.0585 127.5003
176 1104  0.0216 -0.1625 68.5424
208 1104  0.0487 -0.0777 85.1623
240 1104  0.0314 -0.2395 225.5801
272 1104  0.0263 -0.2255 77.9207
304 1104 -0.0099 -0.1906 106.6285
336 1104  0.0241 -0.0870 262.7540
368 1104  0.0022 -0.0585 126.1184
400 1104  0.0746 -0.0269 131.0270
432 1104  0.0825 -0.0164 71.5338
464 1104  0.0553 -0.0666 51.6851
496 1104  0.0173 -0.0565 16.7217
528 1104 -0.0297 -0.0120 19.2577
560 1104  0.0096 -0.0120 13.1269
592 1104 -0.0147 -0.0061 17.7695
624 1104  0.0415 -0.0117 14.1298
656 1104  0.0457  0.0276 21.6288
 16 1136  0.0211  0.0207 16.8251
 48 1136  0.0198 -0.0462 125.6961
 80 1136  0.0927 -0.0514 43.5039
112 1136  0.0345 -0.0574 58.1713
144 1136  0.1150 -0.0628 57.0889
176 1136  0.1475 -0.1164 169.7634
208 1136  0.0381 -0.1862 93.3482
240 1136  0.0324 -0.0993 357.7912
272 1136  0.0391 -0.1560 76.5290
304 1136  0.0145 -0.0925 236.8647
336 1136  0.0019 -0.1076 93.7771
368 1136  0.0135 -0.0923 148.2408
400 1136  0.0201 -0.0379 129.0619
432 1136  0.0898 -0.0495 49.0581
464 1136  0.0483 -0.0472 19.6744
496 1136  0.0910 -0.0385 32.0520
528 1136  0.0181  0.0016 15.8672
560 1136  0.0135 -0.0113 16.8704
592 1136  0.0208  0.0184 11.5669
624 1136 -0.0142 -0.0032 28.8133
656 1136  0.0901 -0.0276 36.0338
 16 1168  0.0243  0.0006 16.9324
 48 1168  0.0129 -0.0205 23.8142
 80 1168  0.0311 -0.0376 105.9950
112 1168  0.0417 -0.0482 118.0487
144 1168  0.0465 -0.0468 131.9095
176 1168  0.0397 -0.0944 149.9925
208 1168  0.0262 -0.2187 314.0567
240 1168  0.0785 -0.1142 57.7955
272 1168  0.0138 -0.0665 184.8229
304 1168  0.0032 -0.0769 52.8546
336 1168  0.0719 -0.1007 102.6905
368 1168  0.0303 -0.0949 138.0395
400 1168  0.1330 -0.0380 134.3035
432 1168  0.1659 -0.0448 42.4080
464 1168  0.1003 -0.1201 227.1411
496 1168  0.0191 -0.0084 18.8512
528 1168  0.0342 -0.0228 15.4805
560 1168 -0.0056 -0.0359 15.3357
592 1168  0.0174 -0.0001 14.5553
624 1168  0.0029  0.0190 12.1991
656 1168 -0.0055  0.0128 13.9482
 16 1200 -0.0020 -0.0602 31.8226
 48 1200  0.0161 -0.0024 20.1602
 80 1200  0.0140 -0.0272 13.8160
112 1200  0.0216 -0.0181 32.0557
144 1200  0.0917 -0.1074 131.5551
176 1200  0.0523 -0.0750 40.4092
208 1200 -0.0037 -0.0682 70.6249
240 1200  0.0160 -0.1560 269.9158
272 1200  0.0155 -0.1562 66.2532
304 1200  0.0208 -0.0227 86.0649
336 1200  0.0767 -0.0761 139.1268
368 1200  0.0505 -0.1598 150.9132
400 1200  0.0662 -0.0911 257.6250
432 1200  0.1018 -0.0481 29.9981
464 1200  0.0552 -0.1724 72.1793
496 1200 -0.0016 -0.0323 20.7662
528 1200 -0.0079  0.0135 18.1160
560 1200 -0.0009  0.0250 13.2941
592 1200  0.0306 -0.0421 17.2338
624 1200  0.0080  0.0102 47.1722
656 1200 -0.0013  0.0232 42.6134
  0   0  0.1268  0.0260  0.0000
  0   0  0.1875 -0.0068  0.0000
  0   0  0.1506 -0.0816  0.0000
