VARIABLES= "X pix", "Y pix", "U pix/dt", "V pix/dt", "CHC", ZONE I=21, J=30
 16 272 -0.1195 -0.2409 269.7953
 48 272 -0.1292 -0.1385 165.2826
 80 272 -0.0255 -0.1235 250.3494
112 272 -0.1861 -0.1125 236.3152
144 272 -0.0943 -0.1347 231.9754
176 272 -0.1277 -0.1260 160.5078
208 272 -0.1099 -0.2159 214.9376
240 272 -0.0909 -0.0626 194.4594
272 272 -0.0688 -0.0534 124.7135
304 272 -0.0687 -0.0340 158.4017
336 272 -0.1515 -0.0432 107.8672
368 272 -0.0596 -0.0091 105.1529
400 272 -0.0571  0.0038 86.6635
432 272 -0.0287  0.0209 118.9733
464 272 -0.0444  0.0214 162.5325
496 272 -0.0473  0.0513 186.4120
528 272 -0.0293  0.0386 142.8015
560 272 -0.0340  0.0248 63.3719
592 272 -0.0474  0.0379 123.6285
624 272 -0.0259  0.0167 99.4787
656 272 -0.0127  0.0106 153.4832
 16 304 -0.5762 -0.1834 292.0635
 48 304 -0.1689 -0.3230 219.0200
 80 304 -0.2076 -0.2160 126.4182
112 304 -0.1357 -0.1598 244.8699
144 304 -0.2651 -0.0906 219.1476
176 304 -0.0941 -0.1511 113.6963
208 304 -0.0448 -0.0262 19.5585
240 304 -0.1791 -0.0333 90.2094
272 304 -0.0916 -0.1181 98.6274
304 304 -0.0424 -0.0431 276.3501
336 304 -0.1088 -0.0444 159.9940
368 304 -0.0617 -0.0221 207.9384
400 304 -0.0242  0.0153 65.4558
432 304 -0.0539  0.0075 116.6386
464 304 -0.0057 -0.0084 384.8456
496 304 -0.0536  0.0379 146.3778
528 304 -0.0390  0.0271 56.0471
560 304 -0.0077  0.0049 342.6870
592 304 -0.0423  0.0185 121.7017
624 304 -0.0554  0.0137 145.9740
656 304  0.0025  0.0138 123.5947
 16 336 -0.1298 -0.1823 32.0814
 48 336 -0.3605 -0.3481 104.9250
 80 336 -0.0965 -0.4962 58.5298
112 336 -0.1510 -0.1773 139.4395
144 336 -0.5980 -0.0576 49.9926
176 336 -0.1034 -0.0827 197.0953
208 336 -0.1855 -0.1490 241.2105
240 336 -0.1046 -0.0654 219.9981
272 336 -0.0138 -0.0580 282.7527
304 336 -0.0912 -0.0701 180.3047
336 336 -0.0885 -0.0490 149.2678
368 336 -0.0839 -0.0405 134.7115
400 336 -0.0049 -0.0058 83.8024
432 336 -0.0562 -0.0258 163.3537
464 336 -0.0620 -0.0021 172.4659
496 336 -0.0469 -0.0000 153.8599
528 336 -0.0188  0.0400 79.8764
560 336 -0.0311  0.0267 204.4449
592 336 -0.0311  0.0284 63.8028
624 336 -0.0180 -0.0120 116.8711
656 336 -0.0146 -0.0081 63.4529
 16 368 -0.2172 -0.1371 47.5939
 48 368 -0.1916 -0.3828 220.7233
 80 368 -0.1830 -0.2989 43.9833
112 368 -0.3771 -0.3712 49.9866
144 368 -0.1603 -0.5212 189.3386
176 368 -0.2166 -0.0908 132.6247
208 368 -0.2476 -0.1395 42.1207
240 368 -0.1358 -0.1692 192.9499
272 368 -0.1783 -0.1061 40.3088
304 368 -0.1063 -0.0782 319.3545
336 368 -0.1855 -0.0822 188.7873
368 368 -0.0986 -0.0776 140.7633
400 368 -0.0598 -0.0431 68.5481
432 368 -0.0425 -0.0147 71.7379
464 368 -0.0646 -0.0194 129.1195
496 368 -0.0525  0.0102 140.5841
528 368 -0.0263  0.0224 217.3275
560 368 -0.0312  0.0223 171.0757
592 368 -0.0343  0.0223 179.0240
624 368 -0.0446 -0.0144 121.8259
656 368 -0.0486  0.0135 38.9569
 16 400 -0.2635 -0.2739 105.3980
 48 400 -0.3598 -0.2549 47.6817
 80 400 -0.4002 -0.2617 239.8498
112 400 -0.2805 -0.4714 167.9662
144 400 -0.5677 -0.2755 197.6420
176 400 -0.2058 -0.4566 134.0611
208 400 -0.0666 -0.2899 26.4892
240 400 -0.1678 -0.1951 257.8093
272 400 -0.1460 -0.0726 40.9857
304 400 -0.1366 -0.1058 164.5587
336 400 -0.1554 -0.0776 144.6063
368 400 -0.1357 -0.0559 282.7582
400 400 -0.0648 -0.0454 100.2997
432 400 -0.0545  0.0024 184.2278
464 400 -0.0347  0.0022 163.6824
496 400 -0.0548 -0.0205 125.1552
528 400 -0.0383  0.0081 214.8437
560 400 -0.0399 -0.0061 97.0112
592 400 -0.0614  0.0047 150.0496
624 400 -0.0185 -0.0200 139.1213
656 400 -0.0071 -0.0176 167.0008
 16 432 -0.2788 -0.2475 126.2603
 48 432 -0.4671 -0.3351 110.7398
 80 432 -0.2216 -0.2006 78.3257
112 432 -0.0835 -0.2032 146.9568
144 432 -0.3027 -0.3193 180.2508
176 432 -0.2078 -0.5971 104.1064
208 432 -0.3501 -0.4849 128.2749
240 432 -0.1949 -0.2109 225.5746
272 432 -0.3923 -0.0989 161.4263
304 432 -0.1439 -0.1403 124.6216
336 432 -0.1049 -0.0909 374.0558
368 432 -0.1111 -0.0804 115.7981
400 432 -0.0614 -0.0325 154.7038
432 432 -0.0720 -0.0449 188.2545
464 432 -0.0566 -0.0098 67.6314
496 432 -0.0593  0.0296 33.7333
528 432 -0.0305 -0.0979 121.5583
560 432 -0.0319 -0.0040 142.7608
592 432 -0.0194 -0.0171 121.0320
624 432 -0.0287 -0.0278 95.0072
656 432 -0.0377  0.0348 85.0341
 16 464 -0.4973 -0.1998 16.7464
 48 464 -0.1831 -0.1284 124.3695
 80 464 -0.5798 -0.2872 78.6562
112 464 -0.4469 -0.3272 111.1957
144 464 -0.2206 -0.3162 155.1489
176 464 -0.4458 -0.3388 220.8793
208 464 -0.4211 -0.2801 214.3695
240 464 -0.5835 -0.2477 120.5340
272 464 -0.1610 -0.1415 53.6973
304 464 -0.2107 -0.1556 145.0362
336 464 -0.1250 -0.1813 151.7902
368 464 -0.1058 -0.0978 138.5624
400 464 -0.0975 -0.1027 132.3093
432 464 -0.0581 -0.0503 82.8872
464 464 -0.0453 -0.0328 221.3301
496 464 -0.0566 -0.0202 73.0590
528 464 -0.0416  0.0153 160.8251
560 464 -0.0362  0.0057 148.0278
592 464 -0.0283 -0.0219 254.7684
624 464 -0.0294 -0.0299 108.6762
656 464 -0.0210 -0.0372 187.6284
 16 496 -0.3197 -0.4478 98.3039
 48 496 -0.2405 -0.4136 31.2563
 80 496 -0.7650 -0.4153 121.1425
112 496 -0.6195 -0.4954 152.7820
144 496 -0.4075 -0.3735 102.9798
176 496 -0.3635 -0.2849 77.2635
208 496 -0.1733 -0.2952 60.6828
240 496 -0.3171 -0.2488 60.0536
272 496 -0.2549 -0.3480 100.7217
304 496 -0.2651 -0.3907 113.3096
336 496 -0.1010 -0.0642 19.0830
368 496 -0.2284 -0.1406 165.4893
400 496 -0.1594 -0.0682 138.3616
432 496 -0.1086 -0.1413 132.5735
464 496 -0.0592 -0.0675 118.2711
496 496 -0.0802 -0.0594 127.4511
528 496 -0.0931 -0.0349 221.3637
560 496 -0.0417 -0.0147 122.3090
592 496 -0.0572 -0.0184 120.6538
624 496 -0.0146 -0.0147 88.5400
656 496 -0.0157 -0.0062 133.5183
 16 528 -0.4244 -0.6895 50.1631
 48 528 -0.3517 -0.1329 87.8576
 80 528 -0.7901 -0.7934 185.2187
112 528 -0.8557 -0.6829 80.0774
144 528 -0.6448 -0.5986 35.4652
176 528 -0.6981 -0.6606 47.9515
208 528 -0.5489 -0.8853 109.1866
240 528 -0.5458 -0.3913 99.6684
272 528 -0.4522 -0.4776 69.5047
304 528 -0.4539 -0.2420 309.4059
336 528 -0.2368 -0.3050 230.0117
368 528 -0.2926 -0.1706 109.3897
400 528 -0.1404 -0.1072 55.9748
432 528 -0.1134 -0.0955 80.8758
464 528 -0.1018 -0.1436 133.9720
496 528 -0.1022 -0.1414 145.9710
528 528 -0.0103 -0.0257 62.1488
560 528 -0.0501 -0.0878 174.2403
592 528 -0.0065 -0.0166 223.1306
624 528 -0.0041 -0.0223 116.0905
656 528 -0.0236 -0.0269 84.5279
 16 560 -0.2908 -0.2208 51.4386
 48 560 -1.1412 -0.8610 120.2997
 80 560 -0.8225 -0.5769 161.5819
112 560 -1.3418 -0.4954 195.9792
144 560 -1.3965 -0.7571 89.8340
176 560 -0.9078 -0.4506 129.8516
208 560 -0.3587 -0.0882 10.3858
240 560 -1.0946 -0.8810 66.1183
272 560 -0.4924 -0.4924 86.1756
304 560 -0.3741 -0.2902 122.3369
336 560 -0.3742 -0.4375 48.3182
368 560 -0.3788 -0.1291 172.0220
400 560 -0.1126 -0.1657 23.7160
432 560 -0.1899 -0.1652 241.5065
464 560 -0.1339 -0.2172 93.8313
496 560 -0.0690 -0.0682 267.9847
528 560 -0.0149 -0.0985 256.8987
560 560 -0.0056 -0.0840 110.2899
592 560  0.0118 -0.0377 132.9187
624 560 -0.0075  0.0164 77.9277
656 560 -0.0299 -0.0303 151.3418
 16 592 -1.3114 -0.4025 56.1583
 48 592 -0.9168 -0.7627 103.8312
 80 592 -0.9851 -1.0260 122.2655
112 592 -0.9066 -0.7317 22.6462
144 592 -1.1499 -0.7564 51.1636
176 592 -0.6046 -0.4430 29.4528
208 592 -0.3786 -0.3055 23.0898
240 592 -0.8207 -1.1730 89.1289
272 592 -0.9673 -0.6013 148.8171
304 592 -0.3224 -0.2806 37.0654
336 592 -0.4755 -0.3964 75.2145
368 592 -0.0677 -0.3499 117.8768
400 592 -0.2078 -0.5311 255.1353
432 592 -0.1682 -0.3447 114.3473
464 592 -0.1422 -0.2036 106.2581
496 592  0.0078 -0.2128 285.9941
528 592  0.0420 -0.3070 234.7157
560 592  0.0340 -0.0531 161.6133
592 592  0.0986 -0.0411 135.5691
624 592  0.0106 -0.0199 78.4287
656 592 -0.0235  0.0023 188.6273
 16 624 -0.1309 -0.0679 21.8351
 48 624 -0.6503 -0.3186 159.8600
 80 624 -0.3026 -0.2678 134.6604
112 624 -0.1841 -0.3670 52.1781
144 624 -1.0638 -0.5501 158.9833
176 624 -1.2040 -0.6760 79.7309
208 624 -0.9823 -0.7404 223.4473
240 624 -0.8608 -0.7124 47.1598
272 624 -0.5188 -0.4991 42.8230
304 624 -1.2838 -0.5743 192.1665
336 624 -0.6835 -0.4392 70.5957
368 624 -0.4468 -1.0247 88.0844
400 624 -0.4553 -0.4797 133.2286
432 624 -0.2227 -0.3309 128.5399
464 624 -0.0593 -0.2550 93.6062
496 624  0.2392 -0.2456 157.0898
528 624  0.2750 -0.3217 142.2930
560 624  0.2943 -0.0559 129.7157
592 624  0.2323  0.0775 99.2854
624 624  0.0232  0.0986 193.8544
656 624 -0.0951  0.1712 93.0874
 16 656 -0.4151 -0.0878 32.2700
 48 656 -0.4136 -0.1048 90.6564
 80 656 -0.3832 -0.0799 114.7302
112 656 -0.7202 -0.6362 232.8566
144 656 -1.0286 -0.8551 68.3527
176 656 -0.7193 -0.5279 240.4677
208 656 -1.0334 -0.5788 169.3468
240 656 -1.0130 -0.7554 101.9143
272 656 -1.4579 -0.7459 62.8460
304 656 -1.1044 -0.7556 161.3703
336 656 -0.4961 -0.5397 135.9904
368 656 -0.6887 -0.8969 148.8828
400 656 -0.2207 -1.1592 112.1343
432 656 -0.0399 -0.9200 183.8009
464 656  0.3716 -0.8336 61.1224
496 656  0.6516 -0.7474 57.1847
528 656  0.6384 -0.6035 100.6144
560 656  0.4495  0.0932 103.1846
592 656  0.2663  0.1444 82.8785
624 656  0.1848  0.6791 211.5259
656 656 -0.0462  0.8134 93.3112
 16 688 -0.1508 -0.0429 16.5196
 48 688 -0.2014 -0.1838 147.2063
 80 688 -0.1503 -0.1092 86.8048
112 688 -0.4173 -0.2127 49.6788
144 688 -0.5851 -0.1734 57.9310
176 688 -0.8946 -0.3671 200.8909
208 688 -0.9018 -0.8355 100.9269
240 688 -1.1525 -0.7409 80.3670
272 688 -0.5484 -0.3546 64.9655
304 688 -0.8469 -0.8542 242.0346
336 688 -0.9932 -0.8788 74.7229
368 688 -0.5877 -0.9276 76.7987
400 688 -0.2666 -0.8293 113.3801
432 688  0.0109 -1.1080 27.5910
464 688  0.3548 -0.9699 198.9525
496 688  0.9535 -1.1591 74.8746
528 688  2.5555 -1.1484 98.9465
560 688  1.7423  0.6483 37.7973
592 688  1.0618  1.2398 65.2660
624 688  0.2043  0.9082 53.3839
656 688 -0.3661  0.0230 82.6310
 16 720 -0.0643 -0.0375 30.5430
 48 720 -0.0826 -0.0920 64.7142
 80 720 -0.0757 -0.0695 27.2901
112 720 -0.3237 -0.2637 205.9106
144 720 -1.0495 -0.3560 187.8653
176 720 -0.6358 -0.3295 111.3697
208 720 -0.2700 -0.1722 27.1918
240 720 -0.9300 -0.9310 99.3223
272 720 -1.0471 -0.9777 78.4985
304 720 -1.3154 -1.4422 110.3738
336 720 -0.6329 -0.8611 157.0600
368 720 -0.6442 -1.3545 50.8936
400 720 -0.3658 -1.0982 129.0078
432 720 -0.0511 -1.7854 139.2348
464 720  0.4662 -1.1293 15.7845
496 720 -0.0835 -0.7350 13.4043
528 720  0.0786 -0.2445 13.1020
560 720  2.0369  0.6128 11.0370
592 720  0.9058  0.5269 92.9781
624 720  0.1294  1.2038 22.5781
656 720 -0.1778  0.0934 66.4186
 16 752 -0.0310 -0.0566 49.0166
 48 752 -0.1894 -0.0617 32.4059
 80 752 -0.2877 -0.0829 145.1745
112 752 -0.1812 -0.1997 229.7282
144 752 -0.7777 -0.2155 90.5311
176 752 -0.3842 -0.3041 204.9552
208 752 -0.1271 -0.2242 83.3257
240 752 -1.1015 -0.8629 83.3583
272 752 -1.0256 -0.7866 293.9847
304 752 -0.8236 -1.0176 122.9895
336 752 -0.6943 -1.1593 29.6621
368 752 -0.8257 -1.8419 63.0096
400 752 -0.3343 -0.6275 12.0932
432 752 -0.2493 -1.8838 18.6544
464 752 -0.2066 -0.3874 17.0872
496 752 -0.2895 -0.1953 10.6546
528 752 -0.2218 -0.3124  9.4817
560 752  0.4310  0.2397 28.1674
592 752  0.6613  1.3064 130.5883
624 752  0.2211  1.3543 19.0022
656 752 -0.3184 -0.0534 97.3794
 16 784 -0.0252 -0.0187 58.2807
 48 784 -0.0112 -0.0345 72.4901
 80 784 -0.0402 -0.0926 144.9126
112 784 -0.1584 -0.1165 217.6490
144 784 -0.1958 -0.0880 300.9554
176 784 -0.5487 -0.3210 99.3682
208 784 -0.7360 -0.2977 34.9275
240 784 -1.1479 -0.8054 246.2535
272 784 -0.8187 -0.8660 74.2753
304 784 -0.9323 -1.0195 116.2997
336 784 -1.0245 -1.0812 134.0723
368 784 -0.6768 -1.7020 25.1327
400 784 -1.6878 -0.5816 29.4907
432 784 -4.0197  0.0513  8.4885
464 784 -1.9535 -0.1076 15.0497
496 784 -0.8189 -0.3870  7.5935
528 784 -0.7897 -0.7433 33.6402
560 784 -0.6644 -0.6840 160.6303
592 784  0.0783  1.1166 97.4550
624 784  0.2475  1.0405 75.1435
656 784  0.4074  0.1019 184.3723
 16 816 -0.0204 -0.0290 31.7980
 48 816 -0.0304 -0.0309 97.4821
 80 816 -0.0765 -0.0079 30.8612
112 816 -0.0675 -0.1058 269.7330
144 816 -0.1276 -0.0865 197.8506
176 816 -0.1388 -0.3846 34.5816
208 816 -0.6243 -0.1339 59.1696
240 816 -0.3695 -0.2351 49.5605
272 816 -0.8512 -0.6517 43.4817
304 816 -0.6785 -0.4500 28.4411
336 816 -0.9063 -1.8904 82.9181
368 816 -0.8685 -1.6195 106.8704
400 816 -0.1043 -0.2339 13.7813
432 816 -0.0468  0.0644 10.6292
464 816 -0.2239 -0.2461 11.4079
496 816 -1.9208 -0.1042  6.6888
528 816 -0.2525  0.2500 39.3126
560 816 -0.5613 -0.3592 44.7962
592 816 -0.5547 -0.0726 74.7193
624 816 -0.1928  0.0800 106.7234
656 816  0.3822  0.2632 172.8147
 16 848  0.0242 -0.0061 60.1016
 48 848  0.0213 -0.0050 128.8568
 80 848  0.0029 -0.0767 95.5491
112 848 -0.0102 -0.2488 330.6603
144 848 -0.0324 -0.0483 276.8638
176 848 -0.6009 -0.1312 172.7862
208 848 -0.3245 -0.1202 79.0384
240 848 -1.1778 -0.2541 129.9758
272 848 -0.8367 -0.4272 78.0957
304 848 -1.3889 -0.7279 29.9752
336 848 -0.8075 -1.3259 23.6768
368 848  0.2975 -0.1473 14.2170
400 848  0.1497 -0.3611  9.0973
432 848 -0.0945 -0.0515 13.9717
464 848 -0.4334  0.0105 10.5061
496 848 -0.2880 -0.0780  6.3073
528 848 -0.0566  0.0149 23.2635
560 848 -0.4336 -0.1713 52.3776
592 848  0.0144 -0.0273 44.0723
624 848 -0.1725 -0.1963 158.9805
656 848  0.1075 -0.0858 22.2202
 16 880  0.0174  0.0203 20.9230
 48 880  0.0044 -0.0047 81.2186
 80 880 -0.0034 -0.0290 179.6790
112 880 -0.0248 -0.0007 314.7741
144 880 -0.0522 -0.0275 89.6525
176 880 -0.0899 -0.0508 153.7522
208 880 -0.1547 -0.1191 100.8483
240 880 -0.7163 -0.3667 41.7411
272 880 -1.0748 -0.2167 43.7907
304 880 -1.7229 -0.7914 42.2753
336 880 -0.7013 -1.0512 17.1616
368 880 -0.1679 -1.5177 10.4916
400 880 -0.0122 -0.8733 11.6317
432 880  0.0557 -0.1277 14.6091
464 880 -0.3656 -0.2719  6.5907
528 880  0.0775 -0.0582 21.2906
560 880  0.0352 -0.0523 10.3034
592 880  0.1608 -0.0887  7.4649
624 880  0.0613 -0.0457 34.7599
656 880  0.0025 -0.0733 11.5991
 16 912 -0.0150  0.0193 17.2195
 48 912  0.0293  0.0175 118.7047
 80 912  0.0297 -0.0052 112.6271
112 912 -0.0177 -0.0010 218.4298
144 912 -0.0420 -0.0860 251.4512
176 912 -0.0868  0.0206 45.5468
208 912 -0.0857  0.0498 39.6652
240 912 -0.1038  0.0006 25.5167
272 912 -1.1375  0.0581 146.0598
304 912 -0.3437 -0.4402 32.5120
336 912 -0.0645 -0.4141 12.4578
368 912  0.1324 -0.2692 10.1941
400 912 -0.1821 -0.3852  9.4503
432 912 -0.2433 -0.4637  4.3927
464 912 -0.0272 -0.1828  4.1290
528 912  0.1410 -0.1605  4.9113
560 912  0.0370 -0.1038  5.6360
592 912 -0.0145 -0.0250  4.0919
624 912  0.1296 -0.1143  8.6440
656 912 -0.2383 -0.0996  6.0396
 16 944  0.0265  0.0171 93.8184
 48 944 -0.0036  0.0128 22.6966
 80 944  0.0612  0.0182 159.1006
112 944  0.0489  0.0427 247.2776
144 944  0.0012  0.0121 49.4128
176 944 -0.0741  0.0009 141.1026
208 944 -0.0986  0.1883 56.9281
240 944 -0.1984  0.1061 115.2416
272 944 -0.3901  0.2945 24.5352
304 944 -0.1396  0.0670 22.5568
336 944 -0.2062 -0.4411  9.7384
368 944  0.1139 -1.5934  6.8542
400 944  0.0830 -0.2294  4.2402
432 944 -0.0339 -0.1828  4.1542
464 944 -0.0664 -0.1120  5.1879
496 944  0.0057 -0.0712  5.3513
624 944  0.1794 -0.0972  4.9313
656 944 -0.2197 -0.0526  4.4224
 16 976  0.0655  0.0121 123.1463
 48 976  0.0695 -0.0099 23.5801
 80 976  0.0265  0.0242 102.1401
112 976  0.0348  0.0427 109.0230
144 976  0.0314  0.0158 43.6325
176 976  0.0212  0.0766 127.8741
208 976  0.0037  0.0801 65.6312
240 976 -0.0125  0.2173 133.3246
272 976 -0.0776  0.7834 64.1568
304 976 -0.0714  1.9710 47.0102
336 976 -0.4417  1.5733 23.2991
368 976  0.0082  0.4580 18.0784
400 976  0.3059 -0.3100 49.7635
432 976 -0.3172 -0.3047 44.4369
464 976 -0.0179 -0.0090 30.0602
496 976 -0.0277  0.1125  6.3592
528 976 -0.0364 -0.0448  4.4024
 16 1008  0.0151  0.0000 22.2444
 48 1008  0.1086 -0.0115 83.4828
 80 1008  0.1559  0.0521 122.8970
112 1008  0.0284  0.0469 186.2532
144 1008  0.0594  0.0286 236.5512
176 1008  0.0333  0.1593 182.5825
208 1008  0.0287  0.0260 21.0213
240 1008  0.1097  0.1182 96.9320
272 1008  0.0061  0.4009 319.3845
304 1008  0.9764  1.6996 38.8555
336 1008  0.6002  0.1147 61.7696
368 1008  0.0610 -1.2414 199.5081
400 1008 -0.0842 -1.4128 28.1073
432 1008 -0.1965 -1.0629 26.0040
464 1008 -0.8540 -1.0131 99.8693
496 1008  0.0098 -0.0030 19.7855
528 1008 -0.0569  0.0807  9.2940
560 1008 -0.1246  0.3141  5.3733
 16 1040  0.0684  0.0374 133.1337
 48 1040  0.0354  0.0101 30.2192
 80 1040  0.1403  0.0161 174.1919
112 1040  0.0835  0.0257 49.1207
144 1040  0.1111  0.0155 185.0043
176 1040  0.0763  0.0575 184.7466
208 1040  0.2333  0.1022 86.7331
240 1040  0.2091  0.0178 113.7232
272 1040  0.2451  0.0650 87.7228
304 1040  0.9057  0.0782 114.7482
336 1040  1.1309 -0.3932 118.5096
368 1040  0.5852 -1.1360 110.6823
400 1040  0.0092 -1.4145 13.2106
432 1040 -0.2232 -1.2651 45.6390
464 1040 -0.0636 -0.2474 42.0182
496 1040  0.0113  0.0086 17.3190
528 1040  0.0093 -0.0005 11.2415
560 1040 -0.0536 -0.0356 11.1207
592 1040 -0.2136 -0.0521  5.2324
 16 1072  0.1049  0.0093 140.0086
 48 1072  0.1206  0.0245 115.5586
 80 1072  0.0733  0.0267 249.7554
112 1072  0.1753  0.0167 236.7965
144 1072  0.0492  0.0226 131.2819
176 1072  0.0570  0.0102 44.7996
208 1072  0.1251 -0.0233 47.5491
240 1072  0.3956  0.0014 68.7648
272 1072  0.1794 -0.0765 107.2014
304 1072  0.7521 -0.1624 66.2093
336 1072  0.5771 -0.3049 49.6076
368 1072  0.6426 -1.2934 213.8173
400 1072  0.0321 -0.4647 16.1781
432 1072 -0.0278 -0.1775 19.3953
464 1072 -0.0055  0.0598  8.6523
496 1072 -0.0168  0.0392 13.8300
528 1072 -0.0421  0.0824 10.7829
560 1072 -0.0624  0.1370  7.0645
592 1072 -0.0013  0.1049  8.6215
624 1072 -0.0330  0.0747  4.9044
656 1072 -0.0874  0.1122  4.4252
 16 1104  0.0007  0.0425 21.4058
 48 1104  0.0876  0.0132 158.0502
 80 1104  0.0758  0.0229 46.7182
112 1104  0.0620  0.0170 195.1245
144 1104  0.0619  0.0121 84.6330
176 1104  0.0571  0.0039 172.4902
208 1104  0.0989 -0.0262 99.5094
240 1104  0.0834 -0.0191 176.1605
272 1104  0.3929 -0.0649 89.2576
304 1104  0.3832 -0.1565 47.4773
336 1104  0.5857 -0.3091 84.9627
368 1104  0.1937 -0.1683 157.6721
400 1104  0.0157 -0.1758 18.1574
432 1104  0.0068 -0.2681 17.1719
464 1104 -0.0031 -0.0185 21.7524
496 1104 -0.0011  0.0046 14.6804
528 1104 -0.0014 -0.0475 11.9048
560 1104 -0.0141 -0.0342 13.5359
592 1104 -0.0899  0.0205  9.6999
624 1104  0.1259  0.1337  9.7219
656 1104 -0.1287  0.1521  8.2600
 16 1136  0.0545  0.0142 15.7289
 48 1136  0.0444  0.0035 57.3147
 80 1136  0.1006 -0.0116 60.4480
112 1136  0.0136  0.0187 159.9536
144 1136  0.0973  0.0043 201.7152
176 1136  0.0702 -0.0064 115.5541
208 1136  0.0666 -0.0453 240.3870
240 1136  0.0433 -0.0555 21.8853
272 1136  0.1500 -0.0143 79.7718
304 1136  0.3286 -0.1403 273.2641
336 1136  0.2349 -0.2447 108.2461
368 1136  0.2114 -0.2941 91.7052
400 1136  0.1083 -0.3476 182.5951
432 1136  0.0693 -0.2882 19.8703
464 1136  0.0066 -0.5972 71.7051
496 1136 -0.0072 -0.1698 22.9683
528 1136 -0.0173 -0.0385 18.9583
560 1136 -0.0137  0.0243 10.9279
592 1136  0.1451  0.0189 13.1758
624 1136 -0.0062 -0.0132 14.1242
656 1136  0.0145 -0.0115 17.4630
 16 1168  0.0355 -0.0182 27.5669
 48 1168  0.0586  0.0249 34.7674
 80 1168  0.0799  0.0362 38.8570
112 1168  0.0480 -0.0068 26.8886
144 1168  0.0555  0.0069 209.6543
176 1168  0.0591 -0.0345 259.4385
208 1168  0.0393 -0.0465 52.3797
240 1168  0.3656 -0.0220 44.8902
272 1168  0.1877 -0.0880 141.0598
304 1168  0.0966 -0.1089 151.7784
336 1168  0.1807 -0.1270 135.1520
368 1168  0.0801 -0.2556 113.1241
400 1168  0.1540 -0.3026 29.0228
432 1168  0.0381 -0.2382 58.8606
464 1168 -0.0078 -0.3493 31.4226
496 1168  0.0052 -0.0576 13.9970
528 1168 -0.0016 -0.0433 19.9568
560 1168 -0.0090 -0.0011 12.4937
592 1168  0.1093 -0.0046 11.3532
624 1168  0.0103  0.0013 15.0689
656 1168 -0.0034 -0.0112 13.6004
 16 1200  0.0512 -0.0229 13.9433
 48 1200  0.0982 -0.0094 21.2542
 80 1200 -0.0110 -0.0110 17.1876
112 1200  0.0346  0.0096 88.4862
144 1200  0.0401 -0.0133 22.4889
176 1200  0.1338 -0.0127 163.9578
208 1200  0.0931 -0.1176 101.1703
240 1200  0.0439 -0.0315 230.0110
272 1200  0.0898 -0.1162 71.9722
304 1200  0.4764 -0.2365 131.0077
336 1200  0.1122 -0.2600 122.1770
368 1200  0.2211 -0.4965 119.0813
400 1200  0.0490 -0.1624 30.3758
432 1200  0.0791 -0.3999 66.0195
464 1200  0.0223 -0.1206 21.2221
496 1200  0.0056 -0.0074 16.3004
528 1200  0.0137  0.0159 22.5294
560 1200  0.0077  0.0118 14.3743
592 1200 -0.0080  0.0189 14.5571
624 1200  0.0165 -0.1294 26.9791
656 1200  0.0176  0.0147 14.8511
  0   0  0.0962 -0.2631  0.0000
  0   0  0.0209 -0.4488  0.0000
  0   0 -0.0519 -0.5006  0.0000
  0   0 -0.0777 -0.2328  0.0000
  0   0 -0.1045 -0.0543  0.0000
  0   0 -0.1391  0.0662  0.0000
  0   0 -0.1298  0.1553  0.0000
  0   0 -0.1796  0.2313  0.0000
  0   0 -0.1542  0.2792  0.0000
  0   0 -0.0392  0.3182  0.0000
  0   0  0.0475  0.3593  0.0000
  0   0  0.0286  0.3718  0.0000
  0   0  0.0631  0.2501  0.0000
  0   0  0.0976  0.0702  0.0000
