VARIABLES= "X pix", "Y pix", "U pix/dt", "V pix/dt", "CHC", ZONE I=21, J=30
 16 272 -0.0561 -0.0859 151.8791
 48 272 -0.0979 -0.1005 24.0196
 80 272 -0.0822 -0.1773 158.4216
112 272 -0.0779 -0.1763 234.0421
144 272 -0.2019 -0.1974 102.4536
176 272 -0.0860 -0.1213 188.1189
208 272 -0.0759 -0.1017 234.6734
240 272 -0.0030 -0.0610 115.3439
272 272  0.0061 -0.0938 75.3800
304 272  0.0116 -0.0246 123.2738
336 272  0.0383  0.0140 176.2638
368 272  0.0497  0.0104 131.3267
400 272  0.0150  0.0270 263.0011
432 272  0.0031  0.0275 161.8751
464 272  0.0398  0.0413 47.7786
496 272  0.0281  0.0722 253.6958
528 272  0.0256  0.0771 180.2075
560 272  0.0404  0.0253 64.5361
592 272  0.0565 -0.0003 230.9313
624 272  0.0529  0.0879 137.9489
656 272  0.0208  0.0556 180.2754
 16 304 -0.1077 -0.0991 76.6297
 48 304 -0.0847 -0.1384 25.8347
 80 304 -0.2270 -0.0850 240.7623
112 304 -0.0878 -0.0485 368.4712
144 304 -0.0715 -0.2304 196.4579
176 304 -0.0615 -0.2370 116.7129
208 304 -0.0495 -0.1562 285.3006
240 304 -0.0382 -0.0992 146.4447
272 304  0.0182 -0.0656 77.3676
304 304 -0.0514 -0.0429 257.3703
336 304  0.0106 -0.0175 201.3407
368 304  0.0189 -0.0248 108.1795
400 304  0.0446  0.0293 29.3848
432 304  0.0517  0.0083 61.9273
464 304  0.0347  0.0627 191.3887
496 304  0.0580  0.0801 148.0833
528 304  0.0684  0.0779 102.1509
560 304  0.0369  0.1022 155.5686
592 304  0.0579  0.0018 186.1523
624 304  0.0397  0.0305 131.8034
656 304  0.0663  0.0515 84.7581
 16 336 -0.1817 -0.2675 166.5141
 48 336 -0.2552 -0.1235 31.2079
 80 336 -0.1477 -0.3924 144.9623
112 336 -0.1954 -0.2045 154.0429
144 336 -0.1818 -0.2294 193.5121
176 336 -0.0495 -0.1221 135.7633
208 336 -0.0646 -0.1873 333.1480
240 336 -0.0513 -0.1257 134.9820
272 336 -0.0491 -0.0397 20.9717
304 336 -0.0145 -0.0738 272.3304
336 336  0.0247 -0.0625 211.3810
368 336  0.0483 -0.0150 142.7123
400 336  0.0228 -0.0006 51.5818
432 336  0.0620  0.0178 145.7769
464 336  0.0307  0.0351 90.7002
496 336  0.0315  0.0730 48.1303
528 336  0.0262  0.0992 133.9427
560 336  0.0533  0.0814 84.9655
592 336  0.1224  0.0187 236.6231
624 336  0.0621  0.0615 93.0457
656 336  0.0848  0.0448 103.5306
 16 368 -0.2715 -0.1635 22.6806
 48 368 -0.1756 -0.2685 40.6537
 80 368 -0.2406 -0.5482 113.7712
112 368 -0.1227 -0.2931 33.5806
144 368 -0.1037 -0.1574 76.5456
176 368 -0.0634 -0.2122 20.7711
208 368 -0.1618 -0.2528 90.1488
240 368 -0.1019 -0.1840 47.0525
272 368 -0.0653 -0.0674 132.6886
304 368 -0.0345 -0.0932 150.3258
336 368 -0.0065 -0.1042 277.8969
368 368  0.0136 -0.0404 279.9030
400 368  0.0633 -0.0042 330.6247
432 368  0.0818  0.0082 174.4558
464 368  0.0460  0.0112 107.1459
496 368  0.0972  0.0627 264.6983
528 368  0.0498  0.0552 131.8976
560 368  0.0665  0.0586 98.5837
592 368  0.0453  0.0504 199.2797
624 368  0.0544  0.0044 272.7350
656 368  0.0243 -0.0542 232.0973
 16 400 -0.1215 -0.5707 58.2199
 48 400 -0.1510 -0.1795 38.3824
 80 400 -0.2572 -0.3384 207.7045
112 400 -0.1296 -0.0962 170.5011
144 400 -0.1652 -0.0735 12.4509
176 400 -0.1537 -0.5884 172.2579
208 400 -0.1272 -0.4144 83.3201
240 400 -0.0908 -0.1087 115.5463
272 400 -0.0994 -0.1296 300.8889
304 400 -0.0601 -0.0857 179.6791
336 400 -0.0429 -0.1119 166.9471
368 400  0.0027 -0.0349 141.0742
400 400 -0.0036 -0.0453 50.9167
432 400  0.0667 -0.0034 222.6324
464 400  0.0756  0.0333 161.3612
496 400  0.0532  0.0128 40.9338
528 400  0.0668  0.0222 150.1291
560 400  0.0591  0.0501 229.1574
592 400  0.0661  0.0420 181.4534
624 400  0.0579  0.0019 154.3704
656 400  0.0528  0.0273 109.9543
 16 432 -0.2049 -0.3015 169.3486
 48 432 -0.2595 -0.4969 139.7415
 80 432 -0.6853 -0.3519 184.0677
112 432 -0.2434 -0.2312 32.5504
144 432 -0.1968 -0.3822 382.8997
176 432 -0.1282 -0.4383 129.4803
208 432 -0.1442 -0.1734 54.8995
240 432 -0.3283 -0.2668 379.8983
272 432 -0.1978 -0.2570 169.4950
304 432 -0.3043 -0.1178 115.7004
336 432 -0.0138 -0.1482 207.4497
368 432 -0.0190 -0.0759 195.2473
400 432  0.0183 -0.0460 175.8940
432 432  0.0544 -0.0163 78.2488
464 432  0.0414  0.0080 106.6522
496 432  0.0390  0.0124 162.3370
528 432  0.0258  0.0285 80.9308
560 432  0.0690  0.0528 136.2115
592 432  0.0572  0.0131 81.8042
624 432  0.0494  0.0464 116.5777
656 432  0.0579  0.0326 83.7827
 16 464 -0.0337 -0.0514 25.0522
 48 464 -0.9943 -0.3494 157.5622
 80 464 -0.4178 -0.5665 145.8790
112 464 -0.4206 -0.2408 224.0685
144 464 -0.2781 -0.7493 148.3810
176 464 -0.2210 -0.5839 193.5092
208 464 -0.2843 -0.3903 135.8153
240 464 -0.1829 -0.5594 156.0872
272 464 -0.2369 -0.3246 225.4116
304 464 -0.0787 -0.2996 113.9967
336 464 -0.1054 -0.1391 213.2023
368 464 -0.0250 -0.0880 224.5696
400 464  0.0054 -0.0687 99.1208
432 464 -0.0035 -0.0706 38.9067
464 464  0.0540  0.0071 140.5865
496 464  0.0359  0.0466 18.4400
528 464  0.0294  0.0209 185.3954
560 464  0.0478  0.0260 97.5093
592 464  0.0715  0.0237 119.6297
624 464  0.0748  0.0017 133.6031
656 464  0.0589  0.0303 258.3500
 16 496 -0.2197 -0.3163 120.4743
 48 496 -0.1760 -0.1360 88.1243
 80 496 -0.0389 -0.0028 27.8598
112 496 -0.4185 -0.5760 199.0328
144 496 -0.3402 -1.0599 87.4448
176 496 -0.9364 -0.6746 111.9280
208 496 -0.2806 -0.3984 17.6786
240 496 -0.3459 -0.8467 115.9211
272 496 -0.1303 -0.2430 26.3562
304 496 -0.1733 -0.1691 122.6251
336 496 -0.1255 -0.1784 217.2088
368 496 -0.0503 -0.0954 39.8183
400 496  0.0433 -0.0574 129.7307
432 496  0.0455 -0.0422 171.4747
464 496  0.0374 -0.0515 234.0026
496 496  0.0926  0.0418 177.3387
528 496  0.0885  0.0643 135.7604
560 496  0.0719  0.0396 203.2893
592 496  0.0799  0.0522 32.2694
624 496  0.0919 -0.0130 119.2672
656 496  0.0921  0.0238 98.3372
 16 528 -0.2081 -0.1325 95.4944
 48 528 -0.2285 -0.5825 29.5212
 80 528 -0.1031 -0.1265 26.4325
112 528 -1.0373 -0.5865 152.8153
144 528 -0.7267 -0.5841 143.6899
176 528 -0.4260 -0.5837 107.6639
208 528 -0.3613 -0.4808 212.0377
240 528 -0.1764 -0.3559 51.4538
272 528 -0.1243 -0.2661 253.7049
304 528 -0.4341 -0.3156 25.7952
336 528 -0.1464 -0.3357 244.5643
368 528 -0.0277 -0.2044 174.4781
400 528 -0.0177 -0.1179 254.9084
432 528  0.0324 -0.0313 163.1523
464 528  0.0610 -0.0289 230.0689
496 528  0.0619 -0.0266 63.6426
528 528  0.0563  0.0118 99.2296
560 528  0.1488  0.0526 147.3392
592 528  0.0776  0.0180 105.2759
624 528  0.0742  0.0111 36.5341
656 528  0.0756 -0.0222 127.9086
 16 560 -0.2680 -0.2804 42.5525
 48 560 -0.6872 -0.6244 96.0454
 80 560 -0.7810 -0.4137 95.3508
112 560 -0.7100 -0.5959 104.5216
144 560 -0.3590 -0.3419 102.5756
176 560 -0.3239 -0.5154 72.8664
208 560 -0.3459 -0.6778 102.3394
240 560 -0.7598 -0.7828 179.6153
272 560 -0.2141 -0.2708 53.0476
304 560 -0.2164 -1.1148 255.6926
336 560 -0.1515 -0.3748 191.2692
368 560 -0.1476 -0.3178 174.1469
400 560  0.0033 -0.0744 14.5209
432 560  0.0141 -0.0672 104.9655
464 560  0.0450 -0.0633 223.3744
496 560  0.0463 -0.0189 52.7887
528 560  0.0860 -0.0106 174.5676
560 560  0.0623  0.0147 110.5336
592 560  0.0643 -0.0168 195.2756
624 560  0.0864 -0.0502 120.3886
656 560  0.0887 -0.0534 93.2441
 16 592 -0.7307 -0.2280 109.2457
 48 592 -0.1563 -0.0626 13.7770
 80 592 -0.8583 -0.6733 185.7613
112 592 -0.9549 -1.1419 166.3166
144 592 -0.8444 -1.4027 141.4290
176 592 -0.8403 -0.8316 209.6765
208 592 -0.5996 -0.7870 141.3535
240 592 -0.3884 -0.5990 172.5669
272 592 -0.5887 -0.8597 85.6945
304 592 -0.4404 -0.6064 23.5383
336 592 -0.5591 -0.2088 98.0326
368 592 -0.2983 -0.4701 124.5166
400 592 -0.0852 -0.3060 284.9385
432 592 -0.1290 -0.1659 205.7406
464 592 -0.0572 -0.1337 218.5937
496 592  0.0437 -0.1007 98.7306
528 592  0.0617 -0.0789 146.6531
560 592  0.0832  0.0198 274.7639
592 592  0.0802 -0.0340 73.4169
624 592  0.1584 -0.0406 97.3543
656 592  0.1025 -0.1030 213.5036
 16 624 -0.1833 -0.2084 30.7075
 48 624 -0.7072 -0.1117 104.1054
 80 624 -0.7372 -0.3292 69.4581
112 624 -0.7650 -0.7092 136.6125
144 624 -0.2885 -0.4572 189.5416
176 624 -0.9403 -1.2204 90.9525
208 624 -0.6671 -1.2997 121.8715
240 624 -1.0598 -1.0185 22.5670
272 624 -0.1338 -0.1391 26.6949
304 624 -0.7096 -0.8078 30.9173
336 624 -0.7858 -0.3668 136.8014
368 624 -0.8499 -0.4690 165.2498
400 624 -0.5409 -0.4275 106.4975
432 624 -0.3934 -0.1739 154.3457
464 624 -0.1614 -0.1980 144.3831
496 624 -0.1567 -0.1495 115.1193
528 624 -0.0490 -0.1508 71.5833
560 624  0.1274 -0.0596 103.5427
592 624  0.1348 -0.0641 105.7289
624 624  0.0828 -0.0568 39.4822
656 624  0.1351 -0.2961 56.8140
 16 656 -0.9225 -0.1072 42.3254
 48 656 -0.4392 -0.1729 158.7724
 80 656 -1.0654 -0.6396 150.6387
112 656 -0.3466 -0.1258 58.3774
144 656 -0.3089 -0.2171 20.6318
176 656 -0.9788 -1.2610 57.9545
208 656 -1.0808 -1.0561 119.1218
240 656 -1.2491 -1.1327 113.4563
272 656 -1.0652 -0.9399 28.9927
304 656 -1.1413 -0.7704 24.2659
336 656 -0.9278 -0.7351 62.2267
368 656 -1.5345 -0.4035 124.2063
400 656 -1.2070 -0.1978 182.1307
432 656 -1.4410 -0.1789 88.1878
464 656 -0.3827 -0.3261 23.3825
496 656 -0.2440 -0.2562 104.9759
528 656 -0.0901 -0.0787 13.2303
560 656  0.0579 -0.1857 164.0453
592 656  0.0988 -0.0042 220.0212
624 656  0.0594 -0.2618 133.4948
656 656  0.0867 -0.2590 162.6090
 16 688 -0.0131 -0.0458 16.3029
 48 688 -0.1132 -0.1825 192.9168
 80 688 -0.3513 -0.2875 87.5768
112 688 -0.3235 -0.2538 72.9884
144 688 -0.3793 -0.2680 48.8079
176 688 -0.7255 -0.8735 147.1162
208 688 -0.9837 -0.9541 176.2416
240 688 -1.4015 -1.1841 53.2860
272 688 -1.1438 -0.9613 196.6995
304 688 -1.2960 -0.6135 151.8134
336 688 -1.2967 -0.4648 82.8579
368 688 -1.2319 -0.2936 114.6576
400 688 -1.5287 -0.2276 227.3087
432 688 -1.6521 -0.3618 82.0333
464 688 -1.0514 -0.4009 58.8005
496 688 -0.7919 -0.6342 69.1009
528 688 -0.2344 -0.4433 154.0547
560 688 -0.0735 -0.2266 37.2744
592 688 -0.0487 -0.1979 158.0051
624 688 -0.0166 -0.3010 206.4281
656 688 -0.0958 -0.1863 26.0362
 16 720 -0.0516 -0.1223 54.5705
 48 720 -0.1532 -0.0299 61.5887
 80 720 -0.2406 -0.1148 230.0420
112 720 -0.1814 -0.2316 167.7643
144 720 -0.2515 -0.1126 126.8083
176 720 -0.8709 -0.7143 24.6979
208 720 -1.2701 -0.9033 113.7709
240 720 -1.0078 -0.9682 224.4642
272 720 -1.5529 -1.4912 217.6384
304 720 -1.1658 -1.0214 79.2431
336 720 -1.1181 -0.3934 162.1663
368 720 -0.8176  0.4059 136.5599
400 720 -1.2232  0.9312 52.6836
432 720  0.3696 -0.1638 61.0157
464 720 -2.2660 -0.0741 17.1166
496 720 -1.0501 -0.7316 46.5417
528 720 -0.2736 -0.3404 131.5397
560 720 -0.2323 -0.4136 78.1484
592 720 -0.0154 -0.2084 138.0098
624 720 -0.0347 -0.3186 55.0960
656 720 -2.5510  0.1543  8.4248
 16 752  0.0102 -0.0331 57.3697
 48 752 -0.0176 -0.0798 116.0215
 80 752 -0.0260 -0.0825 180.6112
112 752 -0.1460 -0.0854 197.4299
144 752 -0.2195 -0.1230 198.7833
176 752 -0.8436 -0.3001 99.6377
208 752 -0.9229 -0.7114 40.2880
240 752 -0.2804 -0.1599 47.8012
272 752 -0.1732 -0.0204 14.2109
304 752 -1.0733 -0.3679 107.4761
336 752 -0.8077  0.1259 183.9687
368 752 -0.0584  0.8568 226.8908
400 752 -0.7921  1.4137 24.5716
432 752  0.2545 -1.2341 16.8864
464 752  0.1288 -3.7230  8.9070
496 752  1.8412 -0.4076  8.6858
528 752 -0.3755 -0.8616 106.6597
560 752 -0.2250 -0.7125 117.6118
592 752 -0.2021 -0.1018 203.6063
624 752 -0.0881 -0.2081 96.9697
656 752 -0.2842  0.0722 10.8381
 16 784  0.0671 -0.0195 27.3530
 48 784  0.0281 -0.0367 107.8331
 80 784 -0.0250 -0.0608 26.4620
112 784  0.0040 -0.0396 241.0430
144 784 -0.0435 -0.0960 62.6849
176 784 -0.1513 -0.2936 256.6066
208 784 -0.7042 -0.7332 188.2673
240 784 -0.3357 -0.5758 198.8054
272 784 -0.3803 -0.8506 119.7934
304 784 -0.4392 -0.3345 87.5654
336 784 -0.0833  0.1276 189.8178
368 784  0.4075  1.0052 65.2706
400 784  2.4496  1.9640 15.7119
432 784  0.1001 -0.0546 14.6790
464 784  0.2633 -0.4300 13.9916
496 784  1.8483 -0.3540  8.6764
528 784  0.4022 -0.3992 13.3065
560 784  0.0116 -0.1895 42.4306
592 784 -0.1380 -0.1816 173.4362
624 784 -0.0655 -0.0690 35.9698
656 784 -0.0390  0.0290 14.1598
 16 816  0.1051 -0.0230 25.4860
 48 816  0.0345 -0.0549 305.9872
 80 816  0.0387  0.0052 60.3410
112 816  0.0434 -0.0354 198.3724
144 816  0.0236 -0.0538 254.1235
176 816  0.0659 -0.2489 30.4531
208 816 -0.0194 -0.5760 271.3555
240 816 -0.1295 -0.4007 59.7472
272 816 -0.0275 -0.7637 96.0100
304 816  0.2515 -0.2485 154.7469
336 816  0.4819 -0.0056 27.5948
368 816  1.3228  0.7284 232.7942
400 816  0.5014  0.2692 57.4281
432 816  0.1638 -0.3234  9.6500
464 816  0.6467 -0.0831 11.3329
496 816  0.2336 -0.2601 12.1117
528 816  0.3437 -0.0336  7.7079
560 816 -0.0921 -0.1821 93.9853
592 816 -0.0393 -0.0991 57.1242
624 816 -0.0593  0.0029 54.3377
656 816 -0.0718  0.0271 17.6636
 16 848  0.0155 -0.0105 246.0912
 48 848  0.0604 -0.0155 43.3348
 80 848  0.1416 -0.0025 44.4888
112 848  0.0152 -0.0849 174.4979
144 848  0.0773 -0.0417 326.8072
176 848  0.2305 -0.0643 23.6946
208 848  0.0516 -0.4010 79.1754
240 848  0.4279 -0.5739 204.8751
272 848  0.2791 -0.7790 63.9406
304 848  1.1408 -0.4000 81.4477
336 848  3.0577 -0.0998 28.8687
368 848  0.3208 -0.0387  9.1698
400 848 -0.0832 -0.0186 38.1304
432 848  0.0496 -0.0376 15.2644
464 848  0.0809  0.1630 10.6237
496 848  0.0598 -0.0222  8.8557
528 848  0.0732  0.0349  8.6466
560 848  0.0024  0.0618 30.6626
592 848 -0.0473 -0.0069 100.0683
624 848 -0.0605  0.0480 39.3934
656 848 -0.0496  0.0476 163.6568
 16 880  0.0218 -0.0388 25.7797
 48 880  0.1596 -0.0381 26.1598
 80 880  0.0852 -0.0548 239.8305
112 880  0.1427 -0.0456 252.6512
144 880  0.1387 -0.1530 64.9812
176 880  0.4174 -0.2429 420.8155
208 880  0.3236 -0.2108 90.3611
240 880  0.6659 -0.4215 187.0925
272 880  0.8131 -1.0314 57.0651
304 880  2.1158 -1.1159 34.7968
336 880  2.6802 -0.8732 43.8660
368 880  0.1783 -0.0012 15.4374
400 880  0.0186  0.1018 13.3212
432 880  0.0098  0.0072 14.8910
464 880  0.0296  0.0464 11.9753
496 880  0.0183  0.0074  4.2904
528 880 -0.0102  0.0107 13.9753
560 880 -0.0410  0.1021 19.1585
592 880 -0.0408  0.0753 61.7799
624 880 -0.0073  0.1233 77.2719
656 880 -0.0618  0.0785 68.4348
 16 912  0.2492  0.0115 52.8012
 48 912  0.0632 -0.0074 22.7271
 80 912  0.0799 -0.1062 189.5521
112 912  0.7633 -0.0151 113.4454
144 912  0.0726 -0.0732 32.9251
176 912  0.3788 -0.1290 177.6358
208 912  0.4905 -0.1053 30.6187
240 912  0.4020 -0.3655 109.5908
272 912  0.9119 -1.0740 182.2291
304 912  1.9095 -1.6556 33.9473
336 912  2.1351 -2.0207 240.2892
368 912  0.0261  2.0224 10.1856
400 912  0.1855  0.3474 11.6652
432 912 -0.0508  0.1904 11.4675
464 912  0.0398  0.1258  5.6737
528 912 -0.0147  0.0159  4.6751
560 912  0.0064 -0.0028 11.1272
592 912 -0.0278  0.0419 23.9939
624 912 -0.0088  0.0699 42.8320
656 912 -0.0421  0.0909 84.7735
 16 944  0.0255 -0.0367 25.8736
 48 944  0.0541 -0.0297 96.4491
 80 944  0.3166 -0.0761 129.0100
112 944  0.2659 -0.0578 157.0662
144 944  0.4052 -0.0366 210.7650
176 944  0.2704 -0.1483 210.9403
208 944  0.4313 -0.5287 282.5731
240 944  0.4271 -0.6384 32.5067
272 944  0.1946 -0.6150 39.6140
304 944  0.9325 -2.1302 31.9846
336 944 -0.0578  0.1904 24.3117
368 944 -0.2605  0.1938 14.3829
400 944  0.0158  0.3167 11.5120
432 944  0.1020  0.1610  7.1584
464 944  0.0526  0.0339  4.4522
496 944 -0.0075  0.0724  8.5286
528 944 -0.0307  0.0299  4.7397
592 944  0.0069 -0.0049  5.7696
624 944 -0.0098  0.0184 21.4612
656 944 -0.0616  0.0128 30.0427
 16 976  0.0763  0.0041 83.2465
 48 976  0.3206 -0.0069 36.6718
 80 976  0.1954 -0.0139 12.6337
112 976  0.3489 -0.1810 249.3997
144 976  0.3160 -0.0173 142.0517
176 976  0.1004 -0.0689 14.7159
208 976  0.2174 -0.1857 59.8447
240 976  0.1615 -0.2728 15.8501
272 976  0.1189 -1.0725 80.3412
304 976  0.0441 -1.1822 136.5220
336 976  0.0602  3.5422 10.8205
368 976  0.1535  2.7791  7.3899
400 976  0.0673  0.9829  4.7259
432 976  0.2181  0.3208  5.9196
464 976  0.1281  0.1229 37.7499
496 976  0.2979 -0.1580 28.1956
528 976 -0.0078  0.0065 30.6877
560 976 -0.0641  0.0508  6.6727
592 976  0.0340  0.0781  6.1237
624 976 -0.0948  0.1315  6.3988
656 976 -0.0209  0.0112  7.2162
 16 1008  0.5105 -0.0528 120.0584
 48 1008  0.1958 -0.0043 29.2113
 80 1008  0.1030 -0.1378 42.4117
112 1008  0.0831 -0.0243 155.8063
144 1008  0.2106 -0.1012 239.0756
176 1008  0.2129 -0.1105 226.2581
208 1008  0.2546 -0.1672 117.7073
240 1008  0.1001 -0.3039 18.8071
272 1008  0.0423 -0.5488 113.3559
304 1008 -0.0797 -0.6578 15.7719
336 1008 -0.0489 -0.4119 21.5065
368 1008 -0.6087 -0.2905 30.6121
400 1008 -0.0929  0.2752 51.2387
432 1008  0.5147  0.0692 16.8149
464 1008  0.2508 -0.0143 44.7753
496 1008  0.0498 -0.0279 19.6895
528 1008  0.0360 -0.0547 17.1907
560 1008 -0.0264  0.0031  9.3577
592 1008  0.0643 -0.0559  5.0274
624 1008 -0.1053  0.0198  5.2938
656 1008 -0.1080  0.0427  6.1006
 16 1040  0.1496 -0.0092 32.2645
 48 1040  0.0981 -0.0152 223.2927
 80 1040  0.2087 -0.0774 216.4468
112 1040  0.1758 -0.0068 182.8165
144 1040  0.1751 -0.2066 89.7871
176 1040  0.0925 -0.2031 134.6965
208 1040  0.5404 -0.1662 163.4971
240 1040  0.1268 -0.2764 39.9065
272 1040  0.0532 -0.6996 65.2329
304 1040  0.0300 -0.3108 76.8448
336 1040 -0.2603 -0.0468 35.7548
368 1040 -0.6331 -0.0296 219.8547
400 1040  0.1926  0.0733 48.7714
432 1040  0.3361  0.0087 280.1708
464 1040  0.0501 -0.0017 16.3678
496 1040  0.2085 -0.0687 29.2644
528 1040  0.0405 -0.0999 18.1414
560 1040  0.0027 -0.0026 13.3216
592 1040  0.0054 -0.0324 20.4277
624 1040 -0.0165 -0.0254 14.9776
656 1040 -0.0512  0.0046  8.9644
 16 1072  0.2164 -0.0254 76.7323
 48 1072  0.0394  0.0001 282.9619
 80 1072  0.2392 -0.0761 208.3637
112 1072  0.0994 -0.0202 198.3295
144 1072  0.0382 -0.0303 44.4268
176 1072  0.1062 -0.0901 176.9663
208 1072  0.0925 -0.0226 27.2089
240 1072  0.0196 -0.0664 55.6766
272 1072  0.0377 -0.4041 160.5332
304 1072  0.0518 -0.1260 30.9334
336 1072  0.0488 -0.1293 201.4669
368 1072  0.0257 -0.0818 144.5540
400 1072  0.0451 -0.0239 70.4174
432 1072  0.3722 -0.0173 110.2360
464 1072  0.1050 -0.0436 24.1852
496 1072  0.0974  0.0167 16.4596
528 1072  0.1026 -0.1661 68.6246
560 1072  0.0345 -0.1924 14.7628
592 1072  0.0416  0.0137  9.1379
624 1072 -0.0182 -0.0013 12.5797
656 1072 -0.0291  0.0128 20.5420
 16 1104  0.1294 -0.0201 31.3113
 48 1104  0.0735 -0.0289 83.5114
 80 1104  0.0522 -0.0077 17.9302
112 1104  0.0707 -0.0535 192.4412
144 1104  0.1117 -0.0844 109.5126
176 1104  0.1663 -0.1098 46.9398
208 1104  0.0860 -0.1276 22.5941
240 1104  0.2711 -0.1494 114.0421
272 1104  0.0369 -0.4046 183.3604
304 1104  0.0840 -0.1345 75.6573
336 1104  0.0921 -0.1008 253.6152
368 1104  0.0854 -0.1393 104.6781
400 1104  0.0555 -0.0398 144.5370
432 1104  0.1734 -0.0930 48.3254
464 1104  0.1758 -0.0951 148.8158
496 1104 -0.0222 -0.0302 14.5913
528 1104  0.0205 -0.0008 13.7367
560 1104  0.0289 -0.0640 12.3013
592 1104  0.0648 -0.0082 15.3962
624 1104 -0.0037 -0.0598 20.6881
656 1104  0.0580 -0.0054 19.6212
 16 1136  0.0281 -0.0223 16.6129
 48 1136  0.1176 -0.0140 122.3865
 80 1136  0.0480  0.0062 295.5084
112 1136  0.1208 -0.0414 46.2120
144 1136  0.1476 -0.0402 87.7922
176 1136  0.2597 -0.0792 157.2679
208 1136  0.1584 -0.0336 86.3496
240 1136  0.2076 -0.1057 71.2077
272 1136  0.0504 -0.1152 99.6812
304 1136  0.0467 -0.0763 188.6365
336 1136  0.0507 -0.1751 80.3101
368 1136  0.1231 -0.1495 173.0285
400 1136  0.0831 -0.0708 106.5020
432 1136  0.2350 -0.0162 171.0457
464 1136  0.1284 -0.0572 28.7054
496 1136  0.4906 -0.0736 27.8686
528 1136  0.0431  0.0037 17.0644
560 1136 -0.0029 -0.0257 17.2264
592 1136  0.0202  0.0077 11.8073
624 1136 -0.0048 -0.0314 33.4962
656 1136 -0.0243 -0.0066 32.0765
 16 1168  0.1043  0.0304 39.7124
 48 1168  0.0448 -0.0070 37.2200
 80 1168  0.0201 -0.0140 58.3613
112 1168  0.1041 -0.0836 36.8135
144 1168  0.0391 -0.0166 271.3889
176 1168  0.0455 -0.0368 104.3056
208 1168  0.0789 -0.1030 274.6089
240 1168  0.0628 -0.0443 49.5730
272 1168  0.1373 -0.1415 99.5650
304 1168  0.0871 -0.0507 46.4999
336 1168  0.1487 -0.0710 180.0453
368 1168  0.0847 -0.0924 198.7985
400 1168  0.1670 -0.1849 62.0779
432 1168  0.1343 -0.1275 53.1751
464 1168  0.1234 -0.0592 182.4699
496 1168  0.0072 -0.0142 16.9908
528 1168  0.0607 -0.0115 14.3643
560 1168  0.0051  0.0235 10.8083
592 1168  0.0317 -0.0111 14.3558
624 1168  0.0693  0.0170 15.3452
656 1168 -0.0367 -0.0150 15.8459
 16 1200  0.1794 -0.0447 58.0199
 48 1200  0.0400 -0.0210 39.9493
 80 1200  0.0398  0.0060 18.5326
112 1200  0.0140  0.0175 23.1874
144 1200  0.0687 -0.0405 125.7350
176 1200  0.2429  0.0040 60.3837
208 1200  0.0222 -0.0801 117.6916
240 1200  0.1947 -0.0858 60.2027
272 1200  0.0790 -0.1093 90.3351
304 1200  0.0330 -0.0786 17.1628
336 1200  0.1114 -0.0631 139.0455
368 1200  0.1432 -0.1616 51.4059
400 1200  0.1138 -0.1092 282.2173
432 1200  0.0646 -0.0500 35.8334
464 1200  0.0819 -0.0171 13.6679
496 1200  0.0200  0.0287 18.4237
528 1200 -0.0050 -0.0085 16.9626
560 1200 -0.0035  0.0048 15.3298
592 1200  0.0050  0.0068 16.0432
624 1200  0.0413  0.0208 46.7691
656 1200 -0.0067  0.0215 49.4447
  0   0  0.0969 -0.1623  0.0000
  0   0  0.1608 -0.2805  0.0000
