VARIABLES= "X pix", "Y pix", "U pix/dt", "V pix/dt", "CHC", ZONE I=21, J=30
 16 272 -0.0298 -0.2384 135.5699
 48 272 -0.0840 -0.2122 246.7170
 80 272 -0.0616 -0.2063 302.9225
112 272 -0.0192 -0.0718 303.5782
144 272 -0.0073 -0.0864 28.9801
176 272 -0.0206 -0.0618 88.5910
208 272 -0.0219 -0.0332 374.7257
240 272 -0.0155 -0.0055 68.0248
272 272  0.0322 -0.0114 156.8006
304 272  0.0210 -0.0252 201.0478
336 272  0.0289  0.0245 115.1424
368 272  0.0278  0.0244 132.5008
400 272  0.0178  0.0099 255.3311
432 272  0.0775  0.0790 230.4610
464 272  0.0744  0.0692 80.9516
496 272  0.0572  0.0343 151.1828
528 272  0.0331  0.0624 87.9267
560 272  0.0205  0.0105 51.2890
592 272  0.0581  0.0270 112.9286
624 272  0.0491  0.0582 204.9459
656 272  0.0631  0.0133 204.7229
 16 304 -0.0727 -0.0927 96.2756
 48 304 -0.0292 -0.1476 128.9152
 80 304 -0.0849 -0.0939 164.5875
112 304 -0.0466 -0.1759 151.9308
144 304 -0.0585 -0.1871 157.0222
176 304 -0.0364 -0.1665 57.2603
208 304 -0.0357 -0.0418 209.8560
240 304 -0.0263 -0.0441 166.5211
272 304 -0.0010  0.0360 19.0891
304 304 -0.0001 -0.0165 223.2556
336 304  0.0372  0.0296 341.6732
368 304  0.0069  0.0122 69.0768
400 304  0.0348  0.0497 206.3461
432 304  0.0522  0.0341 288.4969
464 304 -0.0042  0.0397 290.7748
496 304  0.0437  0.0521 118.9219
528 304  0.0261  0.0607 117.0896
560 304  0.0497  0.0373 291.0407
592 304  0.0410  0.0038 171.2859
624 304  0.0107  0.0356 304.8149
656 304  0.0544 -0.0179 82.0464
 16 336 -0.1009 -0.0819 20.8126
 48 336 -0.2534 -0.1713 44.1434
 80 336 -0.0570 -0.0853 158.8608
112 336 -0.0420 -0.4505 182.0867
144 336 -0.0723 -0.1721 301.3181
176 336 -0.1040 -0.2329 72.7166
208 336 -0.1095 -0.0906 95.1112
240 336 -0.0467 -0.0584 198.4290
272 336 -0.0112 -0.0340 190.4367
304 336 -0.0074  0.0029 219.6983
336 336  0.0154 -0.0324 182.7923
368 336  0.0324  0.0331 225.9841
400 336  0.0204  0.0448 179.3048
432 336 -0.0008  0.0330 152.2667
464 336  0.0517  0.0332 106.4147
496 336  0.2308  0.0461 177.3257
528 336  0.0363  0.0706 90.1168
560 336  0.1259  0.0292 189.3248
592 336  0.0528  0.0239 186.5324
624 336  0.0631  0.0150 130.5299
656 336  0.0562 -0.0145 123.3366
 16 368 -0.0905 -0.0658 28.0635
 48 368 -0.0796 -0.0938 232.8811
 80 368 -0.2120 -0.3221 125.5696
112 368 -0.0454 -0.3214 264.7292
144 368 -0.0569 -0.1101 44.9370
176 368 -0.0437 -0.0910 189.5298
208 368 -0.0332 -0.1469 295.0322
240 368 -0.0605 -0.1297 148.4302
272 368 -0.0369 -0.0529 154.9322
304 368  0.0319 -0.0246 299.3679
336 368  0.0116 -0.0272 249.4278
368 368  0.0062  0.0039 236.9247
400 368  0.0195  0.0029 286.9886
432 368  0.0136  0.0288 165.0938
464 368  0.0461  0.0354 139.7950
496 368  0.0497  0.0252 204.7289
528 368  0.0450  0.0383 101.0493
560 368  0.0212 -0.0028 55.3617
592 368  0.0150 -0.0140 90.1587
624 368  0.0773 -0.0175 289.2347
656 368  0.0756  0.0004 104.2006
 16 400 -0.0902 -0.2548 24.1880
 48 400 -0.3474 -0.1313 32.7566
 80 400 -0.1743 -0.3178 323.4315
112 400 -0.0947 -0.1798 119.8040
144 400 -0.0702 -0.1128 203.5889
176 400 -0.0642 -0.1968 169.8624
208 400 -0.0853 -0.1319 34.2242
240 400 -0.0510 -0.1062 104.1200
272 400 -0.0107 -0.0573 73.5497
304 400 -0.0397 -0.0426 92.8815
336 400  0.0213  0.0084 55.2674
368 400 -0.0039 -0.0042 114.8698
400 400  0.0053  0.0258 253.8427
432 400  0.0041  0.0216 151.0985
464 400  0.0155  0.0273 101.1508
496 400  0.0346  0.0361 43.6773
528 400  0.0519  0.0425 113.5648
560 400  0.0426  0.0138 70.9569
592 400  0.0261 -0.0026 188.6161
624 400  0.0534  0.0019 156.3134
656 400  0.0477 -0.0267 161.3765
 16 432 -0.2988 -0.0961 28.2935
 48 432 -0.1038 -0.2454 142.0677
 80 432 -0.1363 -0.2505 232.7722
112 432 -0.1019 -0.2635 263.7933
144 432 -0.2113 -0.1828 203.1787
176 432 -0.0355 -0.0695 230.4344
208 432 -0.2474 -0.1655 238.9526
240 432 -0.2651 -0.1394 165.8497
272 432 -0.0770 -0.1131 34.2321
304 432 -0.0775 -0.1227 169.5622
336 432 -0.0523 -0.0301 89.7856
368 432  0.0023 -0.0513 190.0502
400 432 -0.0007 -0.0226 163.9570
432 432  0.0377  0.0179 122.8942
464 432 -0.0028  0.0227 157.3244
496 432  0.0072  0.0364 66.7458
528 432 -0.0037  0.0279 76.1217
560 432  0.0405  0.0175 128.1197
592 432  0.0507 -0.0021 105.6746
624 432  0.0412 -0.0275 160.2292
656 432  0.0546 -0.0388 95.0823
 16 464 -0.1653 -0.3334 32.5504
 48 464 -0.0120 -0.2441 62.0124
 80 464 -0.1650 -0.2766 211.3721
112 464 -0.5718 -0.7428 175.1329
144 464 -0.2971 -0.5095 170.5474
176 464 -0.3063 -0.4020 269.7220
208 464 -0.0802 -0.1891 143.5755
240 464 -0.1047 -0.2291 82.3587
272 464 -0.0146 -0.1195 46.7459
304 464 -0.0472 -0.0845 248.0654
336 464 -0.0497 -0.0724 258.8268
368 464 -0.0130  0.0116 207.1931
400 464 -0.0137  0.0009 84.1024
432 464 -0.0242  0.0128 96.2107
464 464 -0.0122  0.0262 130.5886
496 464  0.0255  0.0351 197.9579
528 464  0.0439  0.0266 164.5018
560 464  0.0074 -0.0026 190.5694
592 464  0.0058 -0.0269 58.1745
624 464  0.0426 -0.0596 184.7951
656 464  0.0428 -0.0559 314.7017
 16 496 -0.1390 -0.1422 63.4862
 48 496 -0.1334 -0.1201 74.2998
 80 496 -0.1196 -0.1928 175.6885
112 496 -1.0280 -0.7610 44.9896
144 496 -0.1292 -0.6080 139.6221
176 496 -0.2380 -0.2674 289.6139
208 496 -0.2836 -0.2530 86.2299
240 496 -0.2807 -0.3164 37.2439
272 496 -0.0504 -0.1392 26.1097
304 496 -0.0257 -0.1728 105.4300
336 496 -0.0626 -0.0753 104.1487
368 496 -0.0486 -0.0537 63.1704
400 496 -0.0366 -0.0077 187.2388
432 496 -0.0161  0.0179 93.9032
464 496 -0.0633  0.0144 137.6680
496 496 -0.0217  0.0657 105.2477
528 496  0.0019  0.0049 28.4947
560 496 -0.0175  0.0017 49.9984
592 496  0.0040 -0.0393 26.0421
624 496  0.0367 -0.0648 167.1497
656 496  0.0496 -0.1022 145.7906
 16 528 -0.6779 -0.6491 30.6571
 48 528 -0.2134 -0.2603 29.8212
 80 528 -0.1747 -0.4095 248.3688
112 528 -0.1661 -0.3343 28.6675
144 528 -0.4601 -0.3481 62.8474
176 528 -0.5514 -0.6773 109.8024
208 528 -0.2276 -0.2890 221.0347
240 528 -0.2728 -0.3105 90.7295
272 528 -0.1928 -0.1054 20.5060
304 528 -0.2153 -0.3109 213.8998
336 528 -0.0950 -0.1327 122.7427
368 528 -0.1173 -0.0741 33.3053
400 528 -0.1263 -0.0506 108.3527
432 528 -0.0551  0.0199 152.2254
464 528 -0.0699  0.0119 139.1031
496 528 -0.0503  0.0122 214.9658
528 528 -0.0257 -0.0202 297.3883
560 528 -0.0247 -0.0571 186.6776
592 528  0.0252 -0.0483 65.2727
624 528  0.0239 -0.0970 130.2826
656 528  0.0269 -0.1163 170.4528
 16 560 -0.1144 -0.0836 19.7399
 48 560 -0.1695 -0.2073 190.2465
 80 560 -0.2664 -0.2384 142.2749
112 560 -0.2327 -0.1833 26.5401
144 560 -0.3042 -0.4953 89.2291
176 560 -0.1777 -0.3144 19.8266
208 560 -0.2462 -0.4158 54.9895
240 560 -0.6532 -0.6632 151.3170
272 560 -0.1708 -0.2460 35.4023
304 560 -0.2676 -0.1938 61.4432
336 560 -0.1817 -0.1379 261.7159
368 560 -0.5827 -0.0926 44.3005
400 560  0.0059 -0.0347 220.1188
432 560 -0.1338  0.0006 204.7092
464 560 -0.0676  0.0076 48.6164
496 560 -0.0926 -0.0397 109.2074
528 560 -0.0451  0.0400 95.7012
560 560 -0.0207 -0.0797 225.8298
592 560 -0.0307 -0.0964 88.0119
624 560  0.0031 -0.0877 124.4267
656 560 -0.0136 -0.1169 154.8802
 16 592 -0.0072 -0.0426 37.8951
 48 592 -0.4191 -0.2691 159.2250
 80 592 -0.2363 -0.1979 96.4342
112 592 -0.0997 -0.2407 11.6246
144 592 -0.6790 -0.7742 170.6780
176 592 -0.3222 -0.5666 59.4723
208 592 -0.3113 -0.4822 126.6172
240 592 -0.3814 -0.3652 167.8839
272 592 -0.0613 -0.4091 126.6508
304 592 -0.3123 -0.4128 114.0494
336 592 -0.3458 -0.2305 143.0797
368 592 -0.3269 -0.1699 174.1902
400 592 -0.1971 -0.0120 97.9788
432 592 -0.1381 -0.0084 46.5787
464 592 -0.1061  0.0544 198.7850
496 592 -0.1614  0.0153 63.5422
528 592 -0.0800 -0.0516 191.7469
560 592 -0.0797 -0.0617 136.1416
592 592 -0.0748 -0.1357 154.7513
624 592 -0.0141 -0.1932 60.4826
656 592  0.0498 -0.2308 211.0583
 16 624 -0.0572 -0.1130 35.0136
 48 624 -0.2300 -0.1931 54.5015
 80 624 -0.1817 -0.5136 218.7687
112 624 -0.2401 -0.3136 218.8496
144 624 -0.3835 -0.4118 220.0658
176 624 -0.3864 -0.3454 108.0352
208 624 -0.4077 -0.4178 48.3249
240 624 -1.3439 -0.7306 232.2597
272 624 -0.2764 -0.3161 77.7304
304 624 -0.5402 -0.5727 160.5469
336 624 -0.2173 -0.2343 110.9129
368 624 -0.3581 -0.0833 200.9384
400 624 -0.2472 -0.1005 147.0942
432 624 -0.2425 -0.0366 63.0785
464 624 -0.0276 -0.0032 74.0492
496 624 -0.1066  0.0070 244.6918
528 624 -0.0157 -0.0585 232.8788
560 624 -0.0623 -0.0774 153.6284
592 624 -0.0392 -0.1194 152.3367
624 624 -0.0454 -0.1246 26.5271
656 624 -0.0901 -0.2206 99.0940
 16 656 -0.0651 -0.0821 21.9446
 48 656 -0.1439 -0.2794 310.2747
 80 656 -0.2682 -0.0986 180.2509
112 656 -0.2050 -0.3282 101.7504
144 656 -0.4692 -0.3282 102.4178
176 656 -0.5635 -0.2942 188.8354
208 656 -0.6488 -1.0908 223.3620
240 656 -0.1610 -0.5640 120.9786
272 656  0.0535 -0.3198 95.3920
304 656 -0.0384 -0.1659 145.8678
336 656 -0.2536 -0.1624 69.2535
368 656 -0.3115 -0.0288 425.3030
400 656 -0.1424 -0.0304 175.5823
432 656 -0.2199 -0.0285 353.9882
464 656 -0.1474  0.0046 214.5590
496 656 -0.0304 -0.0672 214.6796
528 656 -0.0015 -0.1063 150.0842
560 656  0.0535 -0.1746 162.1784
592 656 -0.0092 -0.1113 123.3153
624 656 -0.1235 -0.0381 69.2419
656 656 -0.1671  0.1056 114.6453
 16 688 -0.0261 -0.0289 22.3082
 48 688 -0.0704 -0.0731 209.8337
 80 688 -0.0553 -0.1085 97.8330
112 688 -0.0510 -0.3188 12.0139
144 688 -0.1839 -0.5498 23.8702
176 688 -0.3407 -0.4185 78.7295
208 688 -0.8945 -0.3475 148.5663
240 688 -0.3595 -0.3710 93.3648
272 688 -0.1948 -0.4645 209.3983
304 688 -0.1302 -0.2335 91.8109
336 688 -0.0462 -0.2271 151.2713
368 688 -0.0920 -0.1128 135.2129
400 688 -0.0133 -0.0326 90.9702
432 688  0.0951  0.0535 122.7677
464 688  0.1812  0.0024 161.2395
496 688  0.0711 -0.0289 58.0683
528 688  0.1479 -0.0535 88.5904
560 688  0.1253 -0.1266 82.3407
592 688  0.0801  0.0024 19.6438
624 688 -0.0117  0.2398 47.7633
656 688 -0.1023  0.0692 56.3592
 16 720 -0.0108 -0.0057 14.9062
 48 720 -0.0141 -0.0619 232.4378
 80 720 -0.0375 -0.1128 199.0096
112 720 -0.0518 -0.1517 60.6468
144 720 -0.0796 -0.2013 341.6357
176 720 -0.0605 -0.2215 138.3977
208 720 -0.1558 -0.1096 110.0040
240 720 -0.3166 -0.4490 42.9800
272 720 -0.2654 -0.2625 392.5053
304 720 -0.2040 -0.4496 164.3771
336 720 -0.0516 -0.1859 70.9091
368 720 -0.0110 -0.1464 78.2683
400 720  0.4313  0.0376 298.0848
432 720  0.2053  0.0345 163.4959
464 720  0.4562 -0.0651 114.5914
496 720  0.7467 -0.0949 127.8024
528 720  0.6904 -0.2133 79.5254
560 720  0.6120 -0.0435 81.2162
592 720  0.9632  0.0982 16.7242
624 720  0.3758 -0.1059 26.7802
656 720  0.0889 -0.1802 10.6083
 16 752  0.0066 -0.0324 36.5377
 48 752  0.0235 -0.0620 26.4950
 80 752  0.0113 -0.0616 142.2056
112 752 -0.0358 -0.3385 239.9832
144 752 -0.0315 -0.3363 124.0336
176 752 -0.0935 -0.2429 201.5455
208 752 -0.0488 -0.1756 310.4807
240 752 -0.0209 -0.3697 306.8567
272 752 -0.0744 -0.2093 67.1963
304 752 -0.1097 -0.2516 71.8613
336 752  0.0339 -0.3373 124.8316
368 752  0.0506 -0.0253 29.8886
400 752  0.3751 -0.0773 165.3481
432 752  0.8241 -0.0064 58.7385
464 752  0.6575 -0.0044 73.4258
496 752  1.1709 -0.2093 70.1274
528 752  0.2091 -0.0542 44.2616
560 752  0.1119  0.0068 14.9142
592 752  0.1355  0.7140 11.6463
624 752  0.1841  0.1584 17.5377
656 752  0.3926  0.3697 10.3165
 16 784  0.0453 -0.0619 23.1221
 48 784  0.0469 -0.0349 191.8498
 80 784  0.0612 -0.0765 259.0132
112 784  0.0723 -0.2699 101.7276
144 784  0.0035 -0.1150 68.7301
176 784  0.0855 -0.1929 35.6090
208 784 -0.0999 -0.3135 43.9988
240 784 -0.0895 -0.2797 111.7289
272 784  0.0032 -0.4343 282.8082
304 784  0.0381 -0.3894 280.9761
336 784  0.1457 -0.1631 143.7668
368 784  0.3238 -0.1438 203.3153
400 784  0.8822 -0.0594 179.5009
432 784  1.1418 -0.1260 64.3213
464 784  0.9628 -0.1595 61.5048
496 784  0.5352 -0.2271 116.6799
528 784  0.2411 -0.0602 23.1831
560 784  0.2122  0.1309  9.9463
592 784  0.1633  0.2622  8.1865
624 784  0.0222  0.0119 23.1504
656 784  0.6149 -0.0474 11.9088
 16 816  0.0094  0.0083 14.4648
 48 816  0.0404 -0.0691 32.7946
 80 816  0.1389 -0.0570 197.2682
112 816  0.0409 -0.0063 20.1837
144 816  0.2069 -0.1844 64.4117
176 816  0.1304 -0.1705 204.3417
208 816 -0.0024 -0.2900 90.1729
240 816  0.0723 -0.2513 84.9858
272 816  0.0345 -0.1901 54.3654
304 816  0.3294 -0.3479 95.1897
336 816  0.4881 -0.2273 78.6680
368 816  0.8201 -0.2597 220.8415
400 816  0.8663 -0.0517 133.8851
432 816  0.6991 -0.0570 24.2194
464 816  1.0545 -0.1937 124.2888
496 816  0.7262 -0.3259 20.6238
528 816 -0.0228 -0.0496  8.6082
560 816  0.0747  0.0411  6.6179
592 816  0.0519  0.0242 83.3168
624 816  0.7769 -0.1372 66.2439
656 816  0.1240 -0.0102 31.1426
 16 848  0.0163 -0.0026 25.9318
 48 848  0.0905 -0.1075 35.5698
 80 848  0.1763 -0.0348 43.2252
112 848  0.1135 -0.0425 33.8615
144 848  0.1737 -0.1950 37.8073
176 848  0.0863 -0.2482 311.4011
208 848  0.1917 -0.3644 137.3305
240 848  0.1677 -0.2645 24.4861
272 848  0.0363 -0.1297 15.3930
304 848  0.1094 -0.0872 20.8205
336 848  0.4221 -0.1884 154.3845
368 848  0.4338 -0.1271 83.0305
400 848  1.0273 -0.0455 53.9463
432 848  0.4348 -0.0412 18.3238
464 848  0.6956 -0.1444 41.2152
496 848  0.0218 -0.0776 21.4805
528 848  0.1597  0.1264  5.5679
560 848  0.0310  0.0200 12.7888
592 848  0.1056  0.0118 39.9127
624 848  0.5115 -0.1594 44.1891
656 848  0.0491  0.0434 17.8319
 16 880  0.0820  0.0272 20.0224
 48 880  0.1838 -0.1894 45.4448
 80 880  0.0700 -0.0531 267.6324
112 880  0.1689 -0.0878 212.4890
144 880  0.0578 -0.0883 79.9060
176 880  0.1434 -0.1621 203.1369
208 880  0.3916 -0.1019 47.2458
240 880  0.5179 -0.3470 55.2266
272 880  0.3418 -0.5328 81.5731
304 880  0.5743 -0.2713 73.6315
336 880  0.8762 -0.4940 108.5826
368 880  0.6569 -0.1476 57.7526
400 880  0.8910 -0.0704 104.2861
432 880  0.7391 -0.0995 51.2875
464 880  0.1005 -0.0505 30.4884
496 880 -0.1180 -0.0866  6.1240
528 880  0.1063  0.0152  9.0371
560 880  0.0509 -0.0311 14.3811
592 880  0.2498 -0.0481  8.6928
624 880  0.2002 -0.0312 26.6719
656 880  0.0334 -0.0086 11.6333
 16 912  0.4414 -0.0670 49.6450
 48 912  0.0973 -0.0472 151.2769
 80 912  0.1119 -0.0656 277.2440
112 912  0.3536 -0.0824 129.8195
144 912  0.2183 -0.1677 97.6034
176 912  0.0920 -0.1482 121.8860
208 912  0.3672 -0.1327 184.8234
240 912  0.1503 -0.2113 133.4225
272 912  0.0906 -0.0670 16.1318
304 912  0.6691 -0.3969 132.9848
336 912  0.6227 -0.3581 131.6596
368 912  0.4961 -0.0914 159.2752
400 912  0.4026 -0.0126 19.2818
432 912  0.0241  0.0003 14.3753
464 912 -0.0668 -0.0661 11.5962
496 912  0.0746 -0.0339  4.0595
528 912  0.0131 -0.0131  5.0360
560 912  0.0374 -0.0210  6.4646
592 912  0.0766  0.0151  4.4743
624 912  0.0388 -0.0404  9.2368
656 912 -0.0880 -0.0627  8.5936
 16 944  0.1867 -0.0438 28.2598
 48 944  0.3187  0.0097 42.9034
 80 944  0.1234 -0.0344 176.2707
112 944  0.1327 -0.0936 115.0817
144 944  0.1365 -0.1246 145.7700
176 944  0.3464 -0.1337 75.1371
208 944  0.2650 -0.2499 154.7095
240 944  0.1486 -0.5405 122.2074
272 944  0.1161 -0.5230 201.2569
304 944  0.4403 -0.3939 40.4574
336 944  0.2826 -0.2809 81.7993
368 944  0.2190 -0.1238 57.3969
400 944  0.1026 -0.0528 17.0116
432 944 -0.0493 -0.0499 15.7920
464 944 -0.0784 -0.0226  6.0605
496 944 -0.0276  0.0285  7.0577
528 944  0.0121  0.0107  4.1626
624 944  0.1353 -0.0639  5.2218
656 944 -0.2173 -0.0648  5.1605
 16 976  0.1784 -0.0160 50.6731
 48 976  0.0448 -0.0287 14.5587
 80 976  0.0910 -0.0347 159.9413
112 976  0.1995 -0.0516 23.3805
144 976  0.2407 -0.1135 164.0777
176 976  0.1081 -0.1078 59.1212
208 976  0.0918 -0.2125 91.8200
240 976  0.1733 -0.2559 68.2785
272 976  0.1099 -0.3625 135.6474
304 976  0.2333 -0.3303 149.6250
336 976  0.2520 -0.1248 93.9411
368 976  0.0087  0.0116 25.8285
400 976 -0.0448 -0.0159 14.2566
432 976  0.0103 -0.0413  8.0524
464 976 -0.0175 -0.0135 16.1354
496 976 -0.1056  0.0279  8.9567
528 976 -0.0480 -0.0158  4.7876
 16 1008  0.0451 -0.0213 19.4398
 48 1008  0.3836 -0.0503 155.6259
 80 1008  0.2340  0.0019 22.9139
112 1008  0.1282 -0.0805 110.5362
144 1008  0.0707 -0.0549 44.9488
176 1008  0.1461 -0.2436 185.7258
208 1008  0.1473 -0.1930 40.1925
240 1008  0.0235 -0.1190 30.3822
272 1008  0.0429 -0.3888 126.8585
304 1008  0.1231 -0.1452 54.9087
336 1008  0.0255 -0.0567 26.7189
368 1008  0.0153  0.0857 11.2185
400 1008 -0.0131  0.0010 12.8341
432 1008 -0.0433 -0.0458 16.8945
464 1008  0.1060 -0.0425 61.2176
496 1008  0.0006  0.0032 20.0927
528 1008 -0.0438  0.0328 12.5846
560 1008 -0.0797  0.1207  6.3504
592 1008 -0.0250  0.0338  4.0635
 16 1040  0.0895 -0.0185 55.9825
 48 1040  0.0807  0.0055 48.5119
 80 1040  0.0900 -0.0791 239.4485
112 1040  0.1114 -0.0325 99.2114
144 1040  0.0638 -0.0677 173.5781
176 1040  0.1272 -0.1124 110.2786
208 1040  0.1350 -0.0848 22.7110
240 1040  0.1863 -0.1500 22.4063
272 1040  0.0632 -0.0784 19.1939
304 1040  0.0846 -0.1586 35.7759
336 1040  0.1157 -0.1543 91.2625
368 1040  0.0445  0.0628 12.6519
400 1040  0.0138  0.0163 24.2437
432 1040  0.1022 -0.0180 16.3155
464 1040  0.0596 -0.0411 119.4242
496 1040  0.0323 -0.0064 18.0492
528 1040 -0.0148 -0.0018 11.6143
560 1040 -0.0067 -0.0118 13.4078
592 1040 -0.1545  0.0069  6.9520
 16 1072  0.1415 -0.0434 49.5235
 48 1072  0.0891 -0.0129 148.9808
 80 1072  0.1961 -0.0611 72.7201
112 1072  0.1480  0.0021 24.0630
144 1072  0.1864 -0.0280 42.5399
176 1072  0.0721 -0.2250 118.0587
208 1072  0.0722 -0.0631 52.1044
240 1072  0.1458 -0.2320 66.1938
272 1072  0.0106 -0.4373 74.3069
304 1072  0.0698 -0.2492 109.6172
336 1072  0.0599 -0.0270 213.2169
368 1072  0.0209 -0.0071 112.1993
400 1072  0.1488 -0.0395 48.9878
432 1072  0.0815 -0.0313 176.8857
464 1072 -0.0063  0.1094  9.5111
496 1072 -0.0373  0.0017 15.2678
528 1072  0.0223  0.0881 11.5697
560 1072 -0.0895  0.0013  9.6967
592 1072  0.0262  0.0628 10.2053
624 1072 -0.0454  0.1782  6.3972
656 1072  0.0390  0.1226  5.2458
 16 1104 -0.0032 -0.0178 15.8021
 48 1104  0.0211 -0.0187 36.7001
 80 1104  0.1327 -0.0876 232.2842
112 1104  0.1614 -0.1052 51.5708
144 1104  0.0955 -0.0448 27.4450
176 1104  0.0897 -0.0982 264.0740
208 1104  0.1680 -0.0366 324.2296
240 1104  0.1778 -0.1155 198.0291
272 1104  0.1320 -0.0098 18.5193
304 1104  0.1073 -0.1408 149.5726
336 1104  0.0551 -0.0791 164.4148
368 1104  0.0506 -0.1478 142.6423
400 1104  0.0627 -0.0452 153.5548
432 1104  0.0495 -0.0466 72.5346
464 1104 -0.0050  0.0046 25.0419
496 1104 -0.0093  0.0084 14.6147
528 1104  0.0001 -0.0039 12.3401
560 1104 -0.0186 -0.0035 13.3714
592 1104  0.0168 -0.0078 11.1379
624 1104  0.0017  0.0339 10.9861
656 1104 -0.0360  0.0373  9.7927
 16 1136  0.0306 -0.0128 17.0921
 48 1136 -0.0160  0.0185 15.6220
 80 1136  0.1778 -0.0005 42.7976
112 1136  0.1255 -0.0139 65.6832
144 1136  0.0606 -0.0221 82.9985
176 1136  0.1109 -0.0872 138.9543
208 1136  0.0824 -0.1239 97.2625
240 1136  0.0486 -0.0880 45.1626
272 1136  0.0954 -0.1787 42.9056
304 1136  0.0534 -0.1090 81.2118
336 1136  0.0341 -0.0996 173.7980
368 1136  0.0591 -0.0980 130.5986
400 1136  0.0599 -0.0549 148.7050
432 1136  0.0325 -0.0757 160.1402
464 1136  0.0121 -0.0625 59.2575
496 1136  0.0333 -0.0836 17.4446
528 1136  0.0219 -0.0055 16.3974
560 1136  0.0009  0.0024 11.7459
592 1136 -0.0152 -0.0103 13.4151
624 1136  0.0193 -0.0001 13.9011
656 1136 -0.0295 -0.0021 18.5359
 16 1168  0.1003  0.0053 37.0052
 48 1168  0.0142  0.0031 14.8254
 80 1168  0.0329 -0.0036 70.2665
112 1168  0.0475 -0.0808 69.5917
144 1168  0.0761 -0.1448 46.7034
176 1168  0.1017 -0.0241 36.2660
208 1168  0.0525 -0.0902 231.6051
240 1168  0.0557 -0.1381 145.7279
272 1168  0.0331 -0.0627 74.5125
304 1168  0.1151 -0.1156 33.4651
336 1168  0.1420 -0.0931 249.2281
368 1168  0.0816 -0.0746 143.4598
400 1168  0.1243 -0.1772 266.6120
432 1168  0.0396 -0.0437 21.6685
464 1168  0.0615 -0.0319 168.1957
496 1168 -0.0007 -0.0440 18.7647
528 1168 -0.0152  0.0193 19.8891
560 1168  0.0043  0.0055 12.2393
592 1168 -0.0159  0.0381 11.8613
624 1168 -0.0052  0.0078 14.1339
656 1168  0.0053 -0.0087 12.0677
 16 1200  0.1196  0.0123 34.7696
 48 1200  0.0027 -0.0051 16.5869
 80 1200  0.0938 -0.0425 257.5887
112 1200  0.0968 -0.0098 66.3009
144 1200  0.0878 -0.0632 122.5589
176 1200  0.1546 -0.1132 194.2708
208 1200  0.1570 -0.0553 45.7859
240 1200  0.1217 -0.0364 286.9010
272 1200  0.0933 -0.0606 42.0250
304 1200  0.0441 -0.0811 43.0420
336 1200  0.0792 -0.1076 277.9670
368 1200  0.0668 -0.1908 230.0582
400 1200  0.1108 -0.0820 86.2353
432 1200  0.1557 -0.0295 40.5604
464 1200  0.0351  0.0225 15.5849
496 1200  0.0135 -0.0354 20.9880
528 1200  0.0043 -0.0045 19.0981
560 1200  0.0273 -0.0123 13.7826
592 1200 -0.0127  0.0047 13.8019
624 1200  0.0264 -0.0524 33.2071
656 1200  0.0169 -0.0471 25.8451
  0   0  0.0559 -0.1470  0.0000
  0   0  0.0241 -0.0807  0.0000
  0   0 -0.0034 -0.0066  0.0000
  0   0 -0.0633  0.0540  0.0000
  0   0 -0.0927  0.1338  0.0000
  0   0 -0.0967  0.1719  0.0000
  0   0 -0.1008  0.1776  0.0000
  0   0 -0.0811  0.1315  0.0000
  0   0 -0.0289  0.0848  0.0000
  0   0  0.1013  0.0589  0.0000
