VARIABLES= "X pix", "Y pix", "U pix/dt", "V pix/dt", "CHC", ZONE I=21, J=30
 16 272 -0.0389 -0.1681 141.1159
 48 272 -0.1053 -0.2117 216.5648
 80 272 -0.0555 -0.0586 43.0168
112 272 -0.0793 -0.1131 26.2380
144 272 -0.1098 -0.0979 50.5414
176 272 -0.0909 -0.1428 208.2833
208 272 -0.0155 -0.1084 180.7228
240 272 -0.0176 -0.0502 241.8536
272 272 -0.0147 -0.0357 280.9423
304 272 -0.0014 -0.0423 235.7696
336 272  0.0206 -0.0186 121.6641
368 272  0.0223 -0.0013 198.0889
400 272  0.0495  0.0098 217.2429
432 272  0.0697  0.0448 106.4666
464 272  0.0835  0.1046 259.6672
496 272  0.0306  0.0539 180.4866
528 272  0.0756  0.0538 147.1529
560 272  0.0938  0.0346 134.3258
592 272  0.0737  0.0756 37.0857
624 272  0.0588  0.0247 140.6296
656 272  0.0276  0.0312 161.3347
 16 304 -0.2998 -0.1577 129.5066
 48 304 -0.0831 -0.1723 67.7705
 80 304 -0.0679 -0.3437 265.0171
112 304 -0.1058 -0.1746 189.0875
144 304 -0.0649 -0.2465 195.0407
176 304 -0.0736 -0.1689 201.8496
208 304 -0.0488 -0.2049 231.9389
240 304 -0.0272 -0.0730 89.9421
272 304 -0.0063 -0.0369 222.0300
304 304  0.0252 -0.0351 218.8632
336 304  0.0236 -0.0269 187.9557
368 304  0.0139 -0.0110 106.2813
400 304  0.0202  0.0106 70.2594
432 304  0.0246  0.0202 75.6265
464 304  0.0408  0.0628 211.0538
496 304  0.0492  0.0539 76.7705
528 304  0.0851  0.0293 150.9863
560 304  0.1120  0.0263 91.6712
592 304  0.0685  0.0311 99.5274
624 304  0.1027  0.0187 221.8643
656 304  0.0324  0.0293 81.9780
 16 336 -0.1053 -0.3150 96.9636
 48 336 -0.3394 -0.3278 251.7707
 80 336 -0.0696 -0.2333 265.2447
112 336 -0.1620 -0.0309 37.4713
144 336 -0.1435 -0.1038 46.3995
176 336 -0.1404 -0.1500 259.2853
208 336 -0.1010 -0.0562 158.0934
240 336 -0.0899 -0.1092 69.5020
272 336 -0.0310 -0.2066 265.3815
304 336 -0.0035 -0.0609 189.0692
336 336  0.0082 -0.0161 172.7221
368 336  0.0327 -0.0075 97.6210
400 336  0.0491 -0.0088 180.6563
432 336  0.0463  0.0148 147.9962
464 336  0.0491  0.0301 124.9700
496 336  0.0469  0.0792 66.9676
528 336  0.0539  0.0188 179.6273
560 336  0.0702  0.0234 174.5067
592 336  0.0743  0.0453 156.1464
624 336  0.0592  0.0031 141.5296
656 336  0.1319  0.0338 194.5877
 16 368 -0.1811 -0.2727 217.3088
 48 368 -0.3122 -0.2051 56.6228
 80 368 -0.1508 -0.3914 114.0424
112 368 -0.1540 -0.3323 295.1534
144 368 -0.2266 -0.2690 93.9135
176 368 -0.1455 -0.4352 123.3043
208 368 -0.1693 -0.1635 102.9367
240 368 -0.0482 -0.1698 34.7354
272 368 -0.0143 -0.2407 55.0833
304 368 -0.0152 -0.0827 148.7597
336 368  0.0160 -0.0597 339.4856
368 368  0.0427 -0.0307 108.5408
400 368  0.0240 -0.0364 131.0334
432 368  0.0665  0.0103 36.1126
464 368  0.0250  0.0231 335.7786
496 368  0.0972  0.0272 260.0548
528 368  0.0843  0.0358 160.7263
560 368  0.0640  0.0243 97.4056
592 368  0.0762  0.0228 72.1414
624 368  0.0506 -0.0050 185.6543
656 368  0.0329  0.0261 143.5145
 16 400 -0.0783 -0.1020 32.2385
 48 400 -0.1481 -0.3324 21.2017
 80 400 -0.4546 -0.3382 179.7096
112 400 -0.1052 -0.4798 112.4262
144 400 -0.1123 -0.3309 203.4820
176 400 -0.0847 -0.2192 290.6501
208 400 -0.1769 -0.1621 270.8663
240 400 -0.0316 -0.3551 92.6969
272 400 -0.0663 -0.1507 124.5178
304 400 -0.0251 -0.1376 167.3972
336 400  0.0423 -0.0640 77.2424
368 400  0.0097 -0.0935 147.5261
400 400  0.1007 -0.0463 137.3882
432 400  0.1001  0.0081 102.0876
464 400  0.1548 -0.0277 201.4042
496 400  0.0873  0.0291 110.7826
528 400  0.0609  0.0412 144.9438
560 400  0.0332  0.0720 104.3167
592 400  0.0645  0.0365 49.5839
624 400  0.0914  0.0186 152.6851
656 400  0.0640 -0.0222 142.9213
 16 432 -0.0922 -0.1564 26.0573
 48 432 -0.0652 -0.1614 15.8254
 80 432 -0.2511 -0.3628 91.4028
112 432 -0.3811 -0.4914 172.7944
144 432 -0.1950 -0.3455 192.3462
176 432 -0.0955 -0.3526 38.8475
208 432 -0.0519 -0.2736 39.5034
240 432 -0.1306 -0.4638 148.4268
272 432 -0.0660 -0.1959 53.1249
304 432 -0.0154 -0.1478 168.0019
336 432 -0.0176 -0.1587 173.3386
368 432  0.0150 -0.0957 251.7443
400 432  0.0470 -0.0461 127.0302
432 432  0.0614 -0.0138 135.9316
464 432  0.0472  0.0072 116.4342
496 432  0.0466  0.0647 210.7778
528 432  0.0547  0.0104 61.6954
560 432 -0.0212 -0.0064 163.7229
592 432  0.1557 -0.0364 98.9344
624 432  0.0486  0.0169 50.4543
656 432  0.0825 -0.0113 103.6396
 16 464 -0.2617 -0.1662 230.7571
 48 464 -0.2428 -0.4346 182.1342
 80 464 -0.2001 -0.1446 201.7757
112 464 -0.2708 -0.3880 123.7954
144 464 -0.2235 -0.4859 301.9795
176 464 -0.3385 -0.8577 161.7443
208 464 -0.1435 -0.8105 55.7212
240 464 -0.1803 -0.3018 373.2926
272 464 -0.1415 -0.2522 220.1629
304 464 -0.1503 -0.2417 457.4318
336 464 -0.0754 -0.1541 228.0161
368 464 -0.0006 -0.0608 240.3909
400 464  0.0106 -0.0283 74.0526
432 464  0.0565 -0.0316 34.4899
464 464  0.0650  0.0061 128.3281
496 464  0.0584 -0.0025 193.2367
528 464  0.0673  0.0318 134.4147
560 464  0.1257  0.0260 52.6792
592 464  0.1352 -0.0130 208.9625
624 464  0.0715 -0.0217 217.5267
656 464  0.0946 -0.0263 107.0968
 16 496 -0.1049 -0.1889 19.7042
 48 496 -0.2312 -0.3537 42.3826
 80 496 -0.4028 -0.3661 88.6147
112 496 -0.1317 -0.1407 12.1291
144 496 -0.3309 -0.7342 125.9616
176 496 -0.5721 -0.9575 54.8062
208 496 -0.1984 -0.5170 145.1975
240 496 -0.2380 -0.4364 91.0176
272 496 -0.0820 -0.4327 199.9608
304 496 -0.1100 -0.3110 163.5273
336 496 -0.0277 -0.1937 196.2261
368 496 -0.0027 -0.1615 169.2203
400 496  0.0579 -0.0375 221.6656
432 496  0.0032 -0.0278 124.1456
464 496  0.0408 -0.0099 193.2764
496 496  0.0561  0.0041 117.0094
528 496  0.0737  0.0194 101.1144
560 496  0.0445  0.0017 219.5670
592 496  0.0548 -0.0034 299.2857
624 496  0.0231 -0.0036 192.5067
656 496  0.0957  0.0065 102.6567
 16 528 -0.0925 -0.1669 21.8072
 48 528 -0.7007 -0.4242 135.1244
 80 528 -0.4768 -0.2425 108.1952
112 528 -0.0985 -0.3195 23.7115
144 528 -0.0813 -0.4593 88.8557
176 528 -0.3369 -1.0657 168.0788
208 528 -0.2267 -0.5821 284.0060
240 528 -0.2088 -0.6913 127.4375
272 528 -0.1188 -0.7309 154.2046
304 528 -0.1044 -0.3863 90.7466
336 528 -0.0359 -0.2052 170.2187
368 528 -0.0226 -0.1287 178.4733
400 528  0.0054 -0.0226 102.1675
432 528  0.0023 -0.0130 87.3814
464 528  0.0391  0.0032 122.1247
496 528  0.0305  0.0025 129.2098
528 528  0.0152  0.0003 198.7242
560 528  0.0609 -0.0246 49.7399
592 528  0.1005 -0.0357 68.9108
624 528  0.0869  0.0437 82.2378
656 528  0.1185 -0.0630 99.0503
 16 560 -0.0754 -0.0817 57.9926
 48 560 -0.2575 -0.2752 65.5123
 80 560 -0.7522 -0.4024 197.8068
112 560 -0.4404 -0.1813 71.8573
144 560 -0.4926 -0.3703 99.5864
176 560 -0.5614 -1.3216 292.1758
208 560 -0.5382 -0.8786 127.9942
240 560 -0.8820 -0.9540 66.2052
272 560 -0.1959 -0.6340 43.9543
304 560 -0.1551 -0.3957 19.3502
336 560 -0.1349 -0.2683 254.3343
368 560 -0.0882 -0.1986 124.5144
400 560 -0.0107 -0.1281 132.2294
432 560 -0.0056 -0.0131 109.2186
464 560 -0.0942 -0.0158 109.4726
496 560 -0.0056 -0.0164 155.3426
528 560  0.0538 -0.0114 167.1134
560 560  0.0306 -0.0483 144.7768
592 560  0.1189 -0.0667 62.7709
624 560  0.0860 -0.0367 14.0330
656 560  0.1074 -0.0109 151.9913
 16 592 -0.1452 -0.2470 56.6127
 48 592 -0.1809 -0.3339 24.7468
 80 592 -0.0441 -0.0761 61.0149
112 592 -0.1749 -0.1695 146.1019
144 592 -1.1077 -0.7951 58.7406
176 592 -0.8044 -0.9371 93.5755
208 592 -0.6325 -0.9089 108.9449
240 592 -0.4913 -0.8224 117.1258
272 592 -0.8186 -1.2626 57.7136
304 592 -0.3198 -0.4104 130.4680
336 592 -0.2464 -0.2787 161.3726
368 592 -0.3571 -0.2337 131.1897
400 592 -0.1469 -0.0718 85.9039
432 592 -0.1286 -0.0723 120.0150
464 592 -0.0809  0.0017 86.3180
496 592 -0.0067 -0.0289 152.8707
528 592 -0.0457 -0.0552 124.3193
560 592 -0.0040 -0.0153 87.1970
592 592  0.0727 -0.0773 56.9954
624 592  0.1135 -0.1693 150.9170
656 592  0.0900 -0.0678 171.9899
 16 624 -0.1190 -0.2311 155.0942
 48 624 -0.6878 -0.2169 225.6447
 80 624 -0.1951 -0.3497 187.3191
112 624 -0.7407 -0.5909 42.9617
144 624 -0.9581 -0.9257 179.6915
176 624 -1.2216 -0.9722 152.2616
208 624 -1.0197 -1.0170 294.2567
240 624 -1.0116 -1.4020 63.4859
272 624 -1.3120 -0.8998 65.9827
304 624 -0.6528 -0.7761 201.7703
336 624 -0.7305 -0.5369 112.4205
368 624 -0.2928 -0.1343 31.2352
400 624 -0.4739 -0.1502 178.2524
432 624 -0.3523 -0.0091 169.0792
464 624 -0.2731 -0.0428 74.4326
496 624 -0.1571 -0.0454 17.1595
528 624 -0.0703 -0.1399 191.8854
560 624 -0.1033 -0.1194 210.7218
592 624  0.0562 -0.1277 29.2556
624 624  0.0610 -0.1840 189.8922
656 624  0.0375 -0.1626 134.9682
 16 656 -0.1721 -0.0971 39.4463
 48 656 -0.2125 -0.3778 262.5650
 80 656 -0.3257 -0.2884 172.0931
112 656 -0.9145 -0.4063 74.6953
144 656 -0.9119 -0.6378 195.6642
176 656 -1.3503 -0.9204 111.4272
208 656 -1.2329 -0.9483 100.3843
240 656 -1.5480 -1.0273 144.0479
272 656 -1.1290 -0.7539 160.0947
304 656 -1.0897 -0.6927 50.8952
336 656 -0.7774 -0.4698 293.2405
368 656 -0.3459 -0.4426 109.0873
400 656 -0.9077 -0.0839 39.4353
432 656 -0.7521  0.0335 53.1597
464 656 -0.8300 -0.0372 153.4404
496 656 -0.9504 -0.1391 286.3848
528 656 -0.1661 -0.2071 87.8737
560 656 -0.1210 -0.4091 109.4810
592 656  0.0227 -0.2638 43.4082
624 656  0.1327 -0.2137 114.1388
656 656  0.1742 -0.1589 26.4648
 16 688 -0.1304 -0.0902 36.7045
 48 688 -0.1316 -0.0566 363.3810
 80 688 -0.1364 -0.1294 195.4964
112 688 -0.1899 -0.1501 120.8451
144 688 -0.3495 -0.2478 29.2941
176 688 -1.0948 -0.8281 169.3578
208 688 -0.5918 -0.4697 59.7935
240 688 -0.1626 -0.0607 16.0396
272 688 -1.1861 -1.2457 100.3678
304 688 -1.2177 -0.6504 161.0239
336 688 -0.3058 -0.4440 57.4670
368 688 -0.8483 -0.3584 184.3767
400 688 -0.8553  0.1062 231.7756
432 688 -1.0735  0.1571 181.5975
464 688 -1.1056  0.0508 169.6861
496 688 -1.0200 -0.3576 123.9419
528 688 -0.7915 -0.4613 51.6656
560 688 -0.2544 -0.7518 75.1270
592 688 -0.0306 -0.5288 49.1676
624 688  0.0437 -0.2348 50.5623
656 688  0.0516 -0.3165 45.6393
 16 720 -0.0298 -0.0360 40.8622
 48 720 -0.0344 -0.0910 121.6244
 80 720 -0.0792 -0.1062 280.4890
112 720 -0.4213 -0.2093 32.8899
144 720 -0.1311 -0.1072 16.4994
176 720 -0.0914 -0.1164  9.8998
208 720 -0.9619 -0.7428 49.8016
240 720 -1.0749 -0.9050 193.6858
272 720 -1.1009 -1.0044 51.4431
304 720 -0.9487 -0.5045 55.5705
336 720 -0.7403 -0.1498 215.3400
368 720 -0.3864  0.3653 151.0828
400 720 -0.7503  0.5364 62.5377
432 720  0.0574  0.1212 37.2178
464 720 -0.7320 -0.4494 167.0820
496 720 -0.0665 -0.5784 24.4056
528 720  2.5434  0.0467 10.4943
560 720  0.2286 -0.2390 17.4664
592 720  0.0275 -0.4745 103.0059
624 720 -0.0315 -0.1643 36.7585
656 720 -0.0248 -0.2513 37.5230
 16 752  0.0023 -0.0055 15.7021
 48 752 -0.0034 -0.0703 41.9586
 80 752 -0.0492 -0.0826 125.7452
112 752 -0.0846 -0.0430 206.2529
144 752 -0.2860 -0.3249 78.3799
176 752 -0.4116 -0.6719 84.2786
208 752 -1.1522 -0.7625 138.7829
240 752 -1.1563 -0.7941 88.0397
272 752 -1.1852 -0.8617 24.5483
304 752 -1.1636 -0.1048 47.9048
336 752 -0.2296 -0.0358 118.7508
368 752  0.0667  0.3462 31.1125
400 752  0.2152  0.5437 65.0283
432 752  0.1296  0.0365 15.2011
464 752  1.1524 -1.1468 65.7686
496 752  0.4918 -1.5676 26.2620
528 752  2.2190 -0.0296 10.4442
560 752  1.7741  0.0403 10.2835
592 752 -0.0133  0.0399 55.1055
624 752 -0.1331  0.0903  8.8245
656 752 -0.0656 -0.0138 16.4829
 16 784  0.0360 -0.0183 73.7325
 48 784  0.0366 -0.0184 54.1845
 80 784  0.0139 -0.0146 370.0951
112 784  0.0123 -0.0497 140.8683
144 784 -0.0030 -0.0526 142.0459
176 784 -0.1304 -0.2917 123.1528
208 784 -0.1166 -0.3206 136.9259
240 784 -0.2286 -0.6786 194.7605
272 784 -0.7646 -0.7380 129.8515
304 784 -0.1992 -0.3159 55.5316
336 784 -0.0126 -0.0537 158.0282
368 784  0.8691  0.2250 199.0995
400 784  2.2191  0.7528 43.9011
432 784  2.4109  0.6051 25.1346
464 784  2.6403 -0.0925 92.1040
496 784  0.1605 -0.0775 14.4747
528 784  1.0012  0.0112 11.5537
560 784  0.3552  0.0748 11.7844
592 784  0.1205 -0.3271 16.4378
624 784 -0.0332  0.0320 28.8951
656 784 -0.0392  0.0343  8.2530
 16 816  0.0148  0.0115 21.1633
 48 816  0.0364 -0.0250 47.8281
 80 816  0.0309 -0.0348 296.4666
112 816  0.0813 -0.0513 301.5416
144 816  0.0323 -0.2356 61.5274
176 816  0.0040 -0.0789 49.4636
208 816  0.0515 -0.4000 97.6290
240 816 -0.1133 -0.5787 96.3868
272 816  0.0558 -0.3746 23.4767
304 816  0.7228 -0.3208 223.2195
336 816  0.5156 -0.0897 20.8231
368 816  1.0751  0.2932 124.8022
400 816  1.6660  0.8153 63.4001
432 816  2.9034  0.4166 53.0301
464 816  0.1394 -0.0001 17.8684
496 816  0.0672 -0.0363 11.6811
528 816  0.7977  0.0050  6.7731
560 816  0.1747  0.2168 34.5039
592 816  0.0721  0.0264 26.2895
624 816 -0.0101 -0.0195 11.3343
656 816  0.0051  0.0273 26.5693
 16 848  0.0182 -0.0173 19.6745
 48 848  0.1447  0.0168 31.9851
 80 848  0.1520 -0.0082 94.9710
112 848  0.6185 -0.0376 360.9940
144 848  0.1696 -0.0207 71.4634
176 848  0.3582 -0.0883 187.7135
208 848  0.1328 -0.9668 124.9673
240 848  0.2011 -0.3114 137.6250
272 848  0.1158 -0.1684 24.1389
304 848  0.1856 -0.3805 28.1101
336 848  1.0664 -0.3209 96.0459
368 848  2.0025  0.0836 49.3608
400 848  2.7791  0.7526 30.6480
432 848  3.1611  0.6685 127.3002
464 848  0.0295  0.0394 15.6667
496 848  0.0037 -0.0190 11.7878
528 848  0.1695  0.1060  6.1254
560 848  0.1100  0.1718 69.1981
592 848  0.0658  0.0539 57.3231
624 848  0.0240  0.0594 101.9731
656 848  0.0013  0.0349 26.2436
 16 880  0.0247 -0.0014 16.7160
 48 880  0.1121 -0.0514 205.8381
 80 880  0.0935 -0.0303 215.3465
112 880  0.1084 -0.0469 125.4459
144 880  0.2855 -0.0761 76.3815
176 880  0.5022 -0.0380 99.4252
208 880  0.5079 -0.3066 239.0638
240 880  0.8016 -0.7557 237.6871
272 880  1.0852 -1.1560 18.6982
304 880  0.2757 -0.0682 14.4436
336 880  0.4244 -0.1565 26.6209
368 880  1.9302 -0.3873 27.4334
400 880  2.8884  0.0838 104.3623
432 880  3.0804  0.7467 51.7612
464 880  0.0399 -0.0192 21.0153
496 880 -0.0114 -0.0342  5.6734
528 880  0.0453  0.0333 13.1696
560 880 -0.0016  0.0739 15.3168
592 880  0.0070  0.1637 36.6887
624 880  0.0134  0.0564 102.2491
656 880 -0.0299  0.4033 115.0776
 16 912  0.2121 -0.0026 42.9075
 48 912  0.0737  0.0005 22.4851
 80 912  0.3448 -0.0457 142.0981
112 912  0.4264 -0.0295 208.3553
144 912  0.1879 -0.2990 152.7792
176 912  0.4755 -0.2706 116.9566
208 912  0.9736 -0.2625 115.3630
240 912  0.5932 -0.7674 91.6990
272 912  0.8701 -0.8607 219.0394
304 912  1.2151 -1.0347 63.9412
336 912  2.1183 -0.8282 32.2023
368 912  1.9138 -0.3431 31.3920
400 912  0.1808  0.0138 15.4710
432 912  0.0173 -0.0035 22.0354
464 912 -0.0126 -0.0096  9.5115
496 912 -0.0081 -0.0081  4.0554
528 912  0.0040 -0.0049  4.9891
560 912  0.0020  0.0035 14.0822
592 912  0.0202  0.0877 34.6069
624 912 -0.0122  0.0936 32.1104
656 912 -0.0212  0.1063 43.3741
 16 944  0.2308  0.0122 40.3302
 48 944  0.0132 -0.0200 32.4495
 80 944  0.0625 -0.0347 161.0578
112 944  0.1868 -0.1027 117.8924
144 944  0.3152 -0.0486 59.2915
176 944  0.1785 -0.3363 44.5372
208 944  0.6559 -0.3381 110.1149
240 944  0.4039 -0.1769 27.7284
272 944  0.8564 -0.8056 47.9125
304 944  1.4595 -1.0486 23.5410
336 944  0.1899 -0.4395 171.9598
368 944  1.5511 -0.1644 35.4319
400 944  0.0338  0.0221 13.7795
432 944  0.0186  0.1272 11.5916
464 944 -0.0597  0.0362  5.9039
496 944  0.0071  0.0105  7.6970
528 944 -0.0025  0.0025  4.5919
592 944  0.0082 -0.0559  6.1519
624 944  0.0611 -0.0739  8.8408
656 944  0.0170 -0.0150 17.4134
 16 976  0.1290 -0.0413 50.0683
 48 976  0.2722 -0.0184 120.3587
 80 976  0.4722 -0.0400 140.3942
112 976  0.5763 -0.0837 177.4887
144 976  0.4023 -0.2111 51.1496
176 976  0.3456 -0.0948 124.8549
208 976  0.2304 -0.2965 109.0203
240 976  0.1443 -0.4158 81.9005
272 976  0.7322 -0.8662 25.5195
304 976  0.1682 -1.2254 66.9894
336 976  0.0895 -0.4517 45.6187
368 976 -0.0134  0.0332 21.0541
400 976 -0.0039  0.0527 11.2583
432 976  0.1069  0.1204  7.2024
464 976  0.0332  0.0295 20.4592
496 976  0.0326  0.0039 17.7821
528 976 -0.0053  0.0009 38.4889
560 976 -0.0266  0.0299  6.6418
592 976 -0.0902 -0.1377  4.1972
656 976  0.0821 -0.3212  4.9805
 16 1008  0.1267 -0.0475 33.6759
 48 1008  0.1515 -0.0207 114.0257
 80 1008  0.2264  0.0278 43.0742
112 1008  0.1661 -0.0480 48.8526
144 1008  0.1388 -0.0840 51.9014
176 1008  0.2222 -0.2195 64.4084
208 1008  0.1264 -0.2867 108.6744
240 1008  0.1634 -0.4891 75.3689
272 1008  0.0604 -0.2512 47.5977
304 1008  0.0182 -0.3778 12.6914
336 1008  0.0214 -0.3329 14.9674
368 1008  0.0495  0.2269 10.9000
400 1008  0.1546  0.2176  7.1874
432 1008  0.0559  0.0547 19.4306
464 1008  0.0985 -0.0030 60.0677
496 1008  0.1775 -0.0949 56.1858
528 1008  0.0182 -0.0101 19.5933
560 1008  0.0130 -0.0337  8.9602
592 1008 -0.5000  0.0622  4.2490
 16 1040  0.0967  0.0268 62.4269
 48 1040  0.1435 -0.0338 97.2698
 80 1040  0.1114 -0.0529 46.1640
112 1040  0.2114 -0.0789 170.8236
144 1040  0.1301 -0.2125 148.9319
176 1040  0.4356 -0.0669 119.9534
208 1040  0.1320 -0.2927 215.3299
240 1040  0.0424 -0.1502 19.8061
272 1040  0.0501 -0.6702 60.7085
304 1040  0.0019 -0.6029 34.0308
336 1040 -0.1222 -0.1045 32.4352
368 1040  0.4703  0.2249 13.8323
400 1040  0.0101  0.0305 79.1893
432 1040  0.1092  0.0318 45.6153
464 1040  0.1306 -0.0066 28.4108
496 1040  0.0396 -0.0864 32.8127
528 1040  0.0120 -0.0318 14.8123
560 1040 -0.0218  0.0557  8.5732
592 1040 -0.1113  0.1168 10.7680
624 1040 -0.0999  0.4801  4.9333
656 1040 -0.0266  0.3104  5.2286
 16 1072  0.0813 -0.0273 98.7280
 48 1072  0.0289 -0.0285 95.9417
 80 1072  0.0497 -0.0429 138.0722
112 1072  0.2216 -0.1388 104.2241
144 1072  0.1045 -0.1179 129.9969
176 1072  0.1218 -0.0648 151.1464
208 1072  0.0648 -0.1151 79.0015
240 1072  0.0677 -0.1172 77.1410
272 1072  0.0207 -0.3226 38.6594
304 1072  0.0566 -0.2238 180.0152
336 1072 -0.0677 -0.2785 169.4324
368 1072 -0.0961 -0.1740 112.2424
400 1072  0.0207 -0.0269 152.8230
432 1072  0.1246 -0.0065 52.9461
464 1072  0.0451 -0.0619 14.4046
496 1072  0.0336 -0.0216 15.0030
528 1072  0.0354 -0.2327 50.5254
560 1072 -0.0022 -0.0175 13.6380
592 1072 -0.0343  0.0044 15.5287
624 1072 -0.0027  0.0109 16.0342
656 1072 -0.0015  0.0074 13.9161
 16 1104  0.0592 -0.0347 26.2371
 48 1104  0.0246  0.0020 30.2029
 80 1104  0.1111 -0.0935 71.1397
112 1104  0.2559 -0.1461 132.0679
144 1104  0.0248 -0.0366 66.1097
176 1104  0.0152 -0.0725 72.6479
208 1104  0.1054 -0.2518 213.2795
240 1104  0.3506 -0.2122 145.3142
272 1104  0.0564 -0.1028 16.8726
304 1104  0.0725 -0.1169 79.6456
336 1104  0.0212 -0.1252 210.6319
368 1104  0.0334 -0.0901 191.3712
400 1104  0.0434 -0.0446 199.4345
432 1104  0.0462 -0.0567 70.5707
464 1104  0.0242 -0.0623 22.9265
496 1104  0.1321 -0.1002 29.8769
528 1104  0.0308 -0.0237 15.7001
560 1104 -0.0155  0.0063 20.0329
592 1104 -0.0021  0.0172 11.8693
624 1104  0.0118  0.0073  8.9896
656 1104  0.0965  0.0309 14.3136
 16 1136  0.0487 -0.0073 14.1494
 48 1136  0.0512 -0.0065 227.8475
 80 1136  0.0518 -0.0361 58.2270
112 1136  0.1610 -0.0557 61.8299
144 1136  0.0582 -0.0481 48.0302
176 1136  0.0601 -0.1025 93.0131
208 1136  0.0650 -0.1789 111.0787
240 1136  0.0741 -0.1449 184.8381
272 1136  0.0659 -0.1496 223.2376
304 1136  0.1018 -0.1548 64.7610
336 1136  0.0373 -0.1114 230.4393
368 1136  0.0996 -0.0911 196.0711
400 1136  0.1515 -0.0678 160.0290
432 1136  0.1205 -0.1170 256.3618
464 1136  0.0548 -0.0276 39.1267
496 1136  0.0311 -0.0074 11.5780
528 1136  0.0323 -0.0195 16.4568
560 1136 -0.0130  0.0092 16.4316
592 1136 -0.0007 -0.0146 12.0309
624 1136  0.0237 -0.0086 25.2873
656 1136  0.0107  0.0620 35.7380
 16 1168  0.0329  0.0150 12.8389
 48 1168  0.0482 -0.0200 17.4731
 80 1168  0.2132 -0.0765 55.8017
112 1168  0.0548 -0.0836 25.3064
144 1168  0.0677 -0.0398 18.3105
176 1168  0.0657 -0.0513 159.9816
208 1168  0.0420 -0.0474 64.3598
240 1168  0.0622 -0.0711 181.8171
272 1168  0.2242 -0.2217 119.9462
304 1168  0.0351 -0.1181 37.8341
336 1168  0.1019 -0.0923 120.5529
368 1168  0.0611 -0.0603 39.0482
400 1168  0.0661 -0.1135 227.0856
432 1168  0.0558 -0.0760 137.7686
464 1168  0.0586 -0.0340 165.6972
496 1168 -0.0015 -0.0901 22.0484
528 1168  0.0045 -0.0086 12.2422
560 1168  0.0087 -0.0036 12.6815
592 1168 -0.0078 -0.0404 13.8154
624 1168 -0.0110  0.0023 10.1463
656 1168  0.0459  0.0490 29.0536
 16 1200  0.0312  0.0031 16.2455
 48 1200  0.0552 -0.0173 14.4080
 80 1200  0.0771 -0.1254 79.8735
112 1200  0.1442 -0.0746 160.0282
144 1200  0.0536 -0.0183 231.1488
176 1200  0.1300 -0.0410 19.5943
208 1200  0.1217 -0.0550 202.4307
240 1200  0.0624 -0.0766 86.3688
272 1200  0.1232 -0.0708 70.7714
304 1200  0.0411 -0.0315 204.1963
336 1200  0.1667 -0.0974 47.0437
368 1200  0.0735 -0.1252 178.8145
400 1200  0.2295 -0.1182 76.5278
432 1200  0.0568 -0.0781 112.2008
464 1200  0.0804 -0.0511 46.1943
496 1200  0.0315  0.0105 25.4084
528 1200  0.0311 -0.0042 12.7772
560 1200 -0.0131  0.0157 12.8401
592 1200  0.0003 -0.0018 15.8347
624 1200  0.0160 -0.0075 12.9301
656 1200  0.0472 -0.0403 25.1146
  0   0  0.0461 -0.0995  0.0000
  0   0  0.0508 -0.0688  0.0000
  0   0  0.0395  0.0061  0.0000
  0   0 -0.0199  0.0398  0.0000
