VARIABLES= "X pix", "Y pix", "U pix/dt", "V pix/dt", "CHC", ZONE I=21, J=30
 16 272 -0.0619 -0.1572 164.3240
 48 272 -0.0905 -0.1402 213.7441
 80 272 -0.0334 -0.0585 22.5959
112 272 -0.2877 -0.2450 237.2155
144 272 -0.0747 -0.1162 49.3638
176 272 -0.1855 -0.0810 232.8986
208 272 -0.1047 -0.0751 202.9786
240 272 -0.0701 -0.0575 167.0657
272 272 -0.0346 -0.0459 284.2381
304 272 -0.0637 -0.0801 156.0499
336 272 -0.0332 -0.0152 55.2364
368 272 -0.0436  0.0117 111.2246
400 272 -0.0279  0.0479 165.9092
432 272  0.0032  0.0372 162.2419
464 272  0.0308  0.0596 196.7416
496 272  0.0078  0.0300 176.3721
528 272 -0.0027  0.0613 88.1786
560 272  0.0422  0.0801 164.4241
592 272  0.0034  0.0347 96.5300
624 272 -0.0070  0.0201 154.8616
656 272 -0.0071  0.0396 148.6983
 16 304 -0.0809 -0.3631 105.6750
 48 304 -0.1972 -0.0842 36.2606
 80 304 -0.1637 -0.1625 247.2830
112 304 -0.1706 -0.1520 220.1048
144 304 -0.1637 -0.1695 239.4989
176 304 -0.2132 -0.1232 224.0396
208 304 -0.0868 -0.1152 305.6093
240 304 -0.0992 -0.1180 134.2014
272 304 -0.0390 -0.1383 133.4823
304 304 -0.0460 -0.0424 182.5354
336 304 -0.0624 -0.0311 127.6028
368 304 -0.0191 -0.0076 127.0046
400 304  0.0128  0.0793 40.4939
432 304 -0.0328  0.0416 47.0721
464 304 -0.0054  0.0488 197.4099
496 304  0.0035  0.0524 84.8905
528 304 -0.0138  0.1056 155.6028
560 304  0.0395  0.0750 74.4135
592 304  0.0311  0.0737 88.6935
624 304  0.0261  0.0199 173.4753
656 304 -0.0139  0.0314 96.3684
 16 336 -0.1115 -0.1578 74.4347
 48 336 -0.2523 -0.3065 198.3979
 80 336 -0.1455 -0.1810 134.9440
112 336 -0.0696 -0.3753 439.6476
144 336 -0.2315 -0.2036 147.0239
176 336 -0.1553 -0.2902 218.8627
208 336 -0.0459 -0.1147 313.4601
240 336 -0.0900 -0.2300 62.7994
272 336 -0.0846 -0.1724 32.9352
304 336 -0.0636 -0.0472 222.6819
336 336 -0.0725 -0.0468 55.4221
368 336 -0.0273 -0.0120 62.3815
400 336 -0.0133  0.0044 150.5771
432 336 -0.0133  0.0255 195.0335
464 336  0.0359  0.0328 128.5941
496 336  0.0325  0.0598 76.7590
528 336  0.0029  0.0922 146.7992
560 336  0.0498 -0.0194 157.3935
592 336  0.0284  0.0527 157.3486
624 336  0.0208  0.0497 117.2189
656 336  0.0311  0.0524 173.0944
 16 368 -0.2437 -0.1548 219.4138
 48 368 -0.1684 -0.5120 131.6563
 80 368 -0.3053 -0.3484 141.6738
112 368 -0.0271 -0.2132 216.8071
144 368 -0.2639 -0.2058 161.5141
176 368 -0.2216 -0.1189 92.5801
208 368 -0.0736 -0.1443 155.1254
240 368 -0.0716 -0.1183 45.0407
272 368 -0.0362 -0.1321 48.2631
304 368 -0.0340 -0.0696 172.6216
336 368 -0.0401 -0.0691 255.7833
368 368 -0.0125 -0.0221 191.2476
400 368 -0.0477 -0.0050 227.1787
432 368 -0.0040  0.0272 57.7523
464 368  0.0097  0.0790 312.2484
496 368  0.0050  0.0300 364.3989
528 368  0.0302  0.0750 121.1655
560 368  0.0089  0.0929 175.0155
592 368 -0.0122  0.0785 68.6759
624 368 -0.0214  0.0159 28.2671
656 368  0.0193  0.0202 119.5362
 16 400 -0.2020 -0.1134 24.6098
 48 400 -0.6285 -0.3301 86.7689
 80 400 -0.4836 -0.2566 117.4102
112 400 -0.1724 -0.2195 234.1455
144 400 -0.4717 -0.3222 98.6851
176 400 -0.1300 -0.2362 207.4856
208 400 -0.0397 -0.5018 205.5869
240 400 -0.1632 -0.2354 134.2202
272 400 -0.0635 -0.1357 227.2493
304 400 -0.1124 -0.1380 146.5194
336 400 -0.0572 -0.0731 168.6775
368 400 -0.0516 -0.0470 50.1859
400 400 -0.0236  0.0130 139.8844
432 400 -0.0052  0.0175 165.3636
464 400  0.0684  0.0167 234.6079
496 400  0.0297  0.0677 142.1734
528 400  0.0219  0.0592 136.7108
560 400  0.0082  0.0708 128.2194
592 400 -0.0002  0.0167 112.7774
624 400  0.0370  0.0250 142.8558
656 400  0.0192  0.0144 136.8196
 16 432  0.0098 -0.0164 19.7107
 48 432 -0.2716 -0.4382 180.0168
 80 432 -0.4802 -0.2230 61.1217
112 432 -0.4411 -0.3755 145.3649
144 432 -0.1606 -0.3982 157.0154
176 432 -0.1590 -0.1836 34.5106
208 432 -0.0485 -0.0681 17.2191
240 432 -0.2350 -0.3635 193.3939
272 432 -0.1189 -0.1623 193.9411
304 432 -0.1104 -0.1809 235.3034
336 432 -0.0753 -0.1571 144.5556
368 432 -0.0510 -0.0248 183.7405
400 432 -0.0184 -0.0164 175.9124
432 432 -0.0268 -0.0115 272.5511
464 432 -0.0085  0.0452 103.2126
496 432 -0.0395  0.0553 189.1590
528 432  0.0002  0.0438 117.1876
560 432  0.0657 -0.0017 155.0726
592 432  0.0243  0.0297 128.9308
624 432  0.0724  0.0255 41.3448
656 432  0.0338  0.0091 104.9472
 16 464 -0.2545 -0.1440 97.5833
 48 464 -0.3058 -0.3092 173.3696
 80 464 -0.3944 -0.3938 101.8301
112 464 -0.9924 -0.2575 287.5545
144 464 -0.7078 -0.7218 156.0847
176 464 -0.1779 -0.5066 232.8346
208 464 -0.4874 -0.2096 83.1097
240 464 -0.1713 -0.3090 46.0624
272 464 -0.3070 -0.3759 121.2773
304 464 -0.1519 -0.2039 320.1611
336 464 -0.0826 -0.0985 228.1778
368 464 -0.0642 -0.0622 237.8665
400 464 -0.0162 -0.0267 125.5132
432 464  0.0058  0.0214 39.7447
464 464  0.0057  0.0214 122.3609
496 464 -0.0114  0.0232 192.8025
528 464  0.0118  0.0353 107.5336
560 464  0.0103  0.0203 138.8829
592 464  0.0654  0.0177 235.0715
624 464  0.0626  0.0093 244.2163
656 464  0.0272 -0.0071 124.3576
 16 496 -0.3424 -0.1708 18.2259
 48 496 -0.8109 -0.7229 180.4977
 80 496 -0.1360 -0.1483 53.9811
112 496 -0.6901 -0.0847 28.8117
144 496 -1.2214 -0.3718 42.7657
176 496 -0.2568 -0.3936 95.9647
208 496 -0.3467 -0.6360 115.4202
240 496 -0.1824 -0.5805 113.8422
272 496 -0.1332 -0.3198 171.3311
304 496 -0.1292 -0.1530 142.3016
336 496 -0.0534 -0.1285 218.6272
368 496 -0.0871 -0.1142 164.7565
400 496 -0.0166 -0.0189 224.6638
432 496 -0.0071  0.0663 177.8373
464 496 -0.0211  0.0110 170.5232
496 496 -0.0225  0.0200 107.0954
528 496  0.0249  0.0188 212.5946
560 496 -0.0042  0.0238 55.3780
592 496  0.0403 -0.0246 232.7159
624 496 -0.0255 -0.0104 63.7565
656 496  0.0595 -0.0183 102.9656
 16 528 -0.3228 -0.2259 71.3433
 48 528 -1.2162 -0.3096 138.9068
 80 528 -0.7017 -0.7616 139.2635
112 528 -0.8641 -0.7561 77.9148
144 528 -0.7002 -1.3502 109.0805
176 528 -0.4832 -0.7274 179.0578
208 528 -0.5179 -0.7185 64.8603
240 528 -0.2508 -0.5997 106.3641
272 528 -0.3024 -0.5246 67.0616
304 528 -0.1818 -0.3034 159.3079
336 528 -0.1874 -0.2348 218.0704
368 528 -0.1142 -0.0573 220.8283
400 528 -0.0906 -0.0703 189.9429
432 528 -0.1125 -0.0114 72.9854
464 528 -0.0379 -0.0089 123.4451
496 528 -0.0425  0.0289 104.6464
528 528 -0.0305  0.0049 184.7782
560 528  0.0048 -0.0073 89.0417
592 528 -0.0026 -0.0322 38.6634
624 528  0.0223 -0.0647 35.0874
656 528  0.0527 -0.0471 114.8001
 16 560 -0.4701 -0.0606 23.9613
 48 560 -0.9322 -1.5410 42.9546
 80 560 -0.3290 -0.2090 50.8588
112 560 -1.1535 -1.0212 116.8604
144 560 -0.7157 -0.8223 49.1673
176 560 -0.6902 -0.7646 38.1202
208 560 -0.8102 -0.8017 176.6750
240 560 -0.9076 -0.7253 170.8301
272 560 -0.4630 -0.4300 34.9879
304 560 -0.5351 -0.6478 331.6924
336 560 -0.3702 -0.4840 160.5866
368 560 -0.1251 -0.1174 191.0160
400 560 -0.1581 -0.0925 101.7210
432 560 -0.0974 -0.0289 34.2212
464 560 -0.1268  0.0468 44.8357
496 560 -0.1362  0.0553 149.8749
528 560 -0.0735 -0.0592 93.1766
560 560 -0.0314  0.0180 177.0823
592 560 -0.0067 -0.0610 60.4313
624 560  0.0213 -0.0432 26.5362
656 560 -0.0196 -0.0475 138.3797
 16 592 -0.1662 -0.0914 32.1246
 48 592 -0.1737 -0.2833 63.9324
 80 592 -0.6704 -0.4267 177.6064
112 592 -0.2524 -0.1192 24.0614
144 592 -0.8689 -0.9825 174.4488
176 592 -0.8592 -1.0281 109.1879
208 592 -0.8667 -0.9050 145.8562
240 592 -0.7984 -0.2439 83.9292
272 592 -0.7680 -0.4630 58.2818
304 592 -0.8638 -0.6074 85.3091
336 592 -0.3421 -0.2537 250.2327
368 592 -0.4429 -0.3387 170.2072
400 592 -0.5801 -0.1017 134.3757
432 592 -0.1009 -0.0516 139.8735
464 592 -0.1494 -0.0037 144.5784
496 592 -0.2091 -0.0451 125.9554
528 592 -0.2270 -0.0596 180.3324
560 592 -0.0390 -0.0573 103.1796
592 592  0.0046 -0.1199 51.4125
624 592  0.0450 -0.1294 153.3551
656 592  0.1690 -0.1283 123.4622
 16 624 -0.1707 -0.1218 53.3713
 48 624 -0.5855 -0.1031 200.0661
 80 624 -1.4112 -0.7055 121.0834
112 624 -0.7078 -0.7875 42.8247
144 624 -0.9221 -1.3567 214.5349
176 624 -1.3821 -0.8749 226.4779
208 624 -1.2186 -0.8974 153.9446
240 624 -1.3712 -0.8850 194.5559
272 624 -0.8743 -1.2642 112.6755
304 624 -0.6564 -0.2771 32.6842
336 624 -0.8791 -0.5964 46.3098
368 624 -0.3715 -0.2804 78.2982
400 624 -0.5747 -0.0740 178.3142
432 624 -0.4840 -0.0490 115.5263
464 624 -0.6685 -0.0653 109.8291
496 624 -0.3834 -0.0155 179.3611
528 624 -0.1383 -0.0540 308.1376
560 624 -0.1903 -0.1662 231.3752
592 624  0.0206 -0.2018 57.4159
624 624  0.0643 -0.0796 98.7242
656 624  0.0414 -0.2014 86.4978
 16 656 -0.1550 -0.1284 38.3595
 48 656 -0.4552 -0.0617 276.8876
 80 656 -0.2377 -0.1758 140.2587
112 656 -0.8061 -0.2204 128.4549
144 656 -0.8874 -0.7292 156.0038
176 656 -1.4338 -0.9207 155.4425
208 656 -1.1605 -1.0562 131.3565
240 656 -1.1420 -0.8088 24.1769
272 656 -1.2265 -0.7956 75.5756
304 656 -1.0468 -0.6426 39.2868
336 656 -0.7485 -0.2416 208.3743
368 656 -0.8363 -0.3004 136.8756
400 656 -0.6241 -0.0467 72.4835
432 656 -0.7574 -0.0141 192.6073
464 656 -0.8313  0.0249 92.6036
496 656 -0.6521 -0.1691 196.1309
528 656 -0.4452 -0.3830 71.5656
560 656 -0.2461 -0.3538 110.0532
592 656 -0.0575 -0.1332 15.1925
624 656  0.0326 -0.0895 110.2533
656 656  0.0342 -0.2034 66.9518
 16 688 -0.0575 -0.0722 247.3791
 48 688 -0.4158 -0.0938 81.7652
 80 688 -0.1394 -0.3304 84.0460
112 688 -0.2137 -0.1282 126.4498
144 688 -1.2423 -0.6782 58.3123
176 688 -1.2665 -1.0568 84.0810
208 688 -1.1524 -0.8739 331.9229
240 688 -1.3728 -0.8687 123.2901
272 688 -1.3704 -0.6858 125.8001
304 688 -0.9900 -0.7247 164.4497
336 688 -0.9522 -0.3832 271.9166
368 688 -0.9154 -0.1117 136.7982
400 688 -0.3020  0.0450 131.5848
432 688 -0.2645  0.1254 84.7163
464 688 -0.7073 -0.0753 178.1957
496 688 -0.2305 -0.4247 124.0949
528 688 -0.1516 -0.7194 123.8716
560 688 -0.2138 -0.3956 53.2035
592 688 -0.1024 -0.3239 73.8128
624 688  0.0008 -0.3006 52.4781
656 688  0.0324 -0.1596 108.8116
 16 720 -0.0565 -0.0178 60.9348
 48 720 -0.0898 -0.0145 128.2765
 80 720 -0.1107 -0.1073 146.8788
112 720 -0.0636 -0.1799 75.7595
144 720 -0.1373 -0.2420 360.3527
176 720 -0.9307 -0.7427 113.7460
208 720  0.7864 -0.6206 52.1626
240 720 -0.4072 -0.8225 203.7248
272 720 -1.1213 -0.7986 94.6863
304 720 -0.7978 -0.5284 137.8975
336 720 -0.8603 -0.3526 157.0099
368 720 -0.2612 -0.0240 208.0253
400 720 -0.1772  0.1009 68.9638
432 720  0.0728  0.1382 31.7799
464 720  0.2859 -0.1545 53.0549
496 720  0.0099 -1.0341 144.9764
528 720  0.1371 -1.5830 33.8122
560 720  1.2300  0.0115 13.9326
592 720  0.3674  0.0440 21.6929
624 720  0.0059 -0.3654 39.7023
656 720 -0.0056 -0.2364 72.4850
 16 752 -0.0059 -0.0137 17.5560
 48 752 -0.0111 -0.0481 60.5770
 80 752 -0.0653 -0.0633 276.5331
112 752 -0.1050 -0.0861 259.6871
144 752 -0.1472 -0.2891 103.1647
176 752 -1.0766 -0.7760 84.6448
208 752 -0.6221 -0.5878 215.9992
240 752 -1.0656 -0.4630 146.4606
272 752 -0.1943 -0.0535 12.2886
304 752 -0.2140 -0.1589 27.7201
336 752 -0.2439 -0.0967 56.8700
368 752 -0.0582 -0.0576 135.3754
400 752  0.4132  0.1351 123.4752
432 752  0.7956  0.1404 44.7522
464 752  1.8285 -0.8996 81.9902
496 752  1.4471 -0.4541 142.6594
528 752  0.1512 -0.1011 23.6438
560 752  0.8050  0.0752  8.6624
592 752  0.2309  0.3957 10.5496
624 752 -0.0845  0.0608  9.3464
656 752 -0.0301 -0.0231 21.2661
 16 784  0.0244  0.0052 184.1030
 48 784  0.0081 -0.0299 63.5772
 80 784  0.0060 -0.0362 121.3027
112 784 -0.0272 -0.1095 295.6765
144 784 -0.0253 -0.0621 88.5378
176 784 -0.1496 -0.0707 34.8497
208 784 -0.6960 -0.8616 38.3118
240 784 -0.2339 -0.4737 96.5411
272 784 -0.1980 -0.1679 75.9113
304 784 -0.3009 -0.4483 104.5918
336 784 -0.0061 -0.1405 175.9652
368 784  0.3680 -0.0150 281.2487
400 784  0.9258  0.1752 35.8252
432 784  1.2894  0.2245 65.4388
464 784  2.3926 -0.2902 90.3335
496 784  1.6150 -0.3148 27.7701
528 784  0.0772 -0.0186 14.4562
560 784  0.3506  0.2599  8.2640
592 784  0.1380  0.1411 34.5264
624 784 -0.0284  0.0280 21.0480
656 784 -0.0402  0.0249  8.1638
 16 816  0.0144 -0.0084 21.7274
 48 816  0.1114 -0.0145 26.1865
 80 816  0.0505 -0.0188 146.2759
112 816  0.0185 -0.0289 217.8372
144 816 -0.0008 -0.0932 90.7418
176 816 -0.0036 -0.1853 46.4281
208 816 -0.0253 -0.2878 63.0376
240 816  0.0077 -0.3471 160.8104
272 816  0.0428 -0.2903 22.0544
304 816  0.0483 -0.3754 21.0247
336 816  0.3001 -0.3128 163.1409
368 816  0.6115  0.0420 181.3518
400 816  1.2775  0.0821 129.4960
432 816  1.7078  0.1463 51.9748
464 816  2.1149 -0.0228 25.9937
496 816  0.3525 -0.0705 14.6379
528 816  0.0355 -0.0155  6.6635
560 816  0.1405  0.1244  8.8394
592 816  0.0167  0.0151 16.9342
624 816 -0.0111 -0.0233  9.9288
656 816 -0.0160  0.0281 12.5033
 16 848 -0.0061 -0.0023 18.9402
 48 848  0.0815 -0.0157 15.8929
 80 848  0.0740  0.0068 164.4894
112 848  0.0865 -0.1936 274.2410
144 848  0.0666 -0.0567 171.7528
176 848  0.1068 -0.1451 218.8407
208 848  0.2019 -0.3608 282.3253
240 848  0.0984 -0.6854 57.8453
272 848  0.0901 -0.3571 29.1586
304 848  0.6469 -1.0704 25.2312
336 848  0.8065 -0.3238 90.7848
368 848  1.4933 -0.0971 73.9678
400 848  1.5821  0.1301 58.7188
432 848  2.3698  0.0823 103.5776
464 848  1.9311 -0.1204 19.1002
496 848  0.0001 -0.0163 15.7064
528 848  0.0766  0.0332  5.2461
560 848  0.0630  0.0629 71.6387
592 848  0.0547  0.0389 91.0765
624 848 -0.0068  0.0320 46.8754
656 848 -0.0138  0.0215 28.6917
 16 880  0.0356 -0.0269 18.5172
 48 880  0.1491 -0.0124 81.9317
 80 880  0.2659 -0.0183 106.1355
112 880  0.0350 -0.0315 268.8753
144 880  0.1433 -0.0822 228.7935
176 880  0.1137 -0.3906 68.7253
208 880  0.0707 -0.1114 14.7497
240 880  0.5007 -0.2723 54.8060
272 880  0.4589 -0.5770 52.6860
304 880  0.3982 -0.3680 21.0973
336 880  1.1557 -0.6944 75.2598
368 880  1.4619 -0.2308 48.3027
400 880  0.2485 -0.0016 18.6169
432 880  1.1758 -0.0268 16.8340
464 880  1.2237 -0.1166 33.3124
496 880 -0.0284 -0.0426  5.7797
528 880  0.0488  0.0175  9.1441
560 880  0.0329  0.0287 12.8651
592 880  0.0025  0.0531 49.0761
624 880  0.0193  0.0689 56.9855
656 880 -0.0043  0.2000 90.7401
 16 912  0.0058  0.0296 27.8037
 48 912  0.0893 -0.0173 40.6829
 80 912  0.0937 -0.0527 113.4109
112 912  0.2849 -0.0165 188.1884
144 912  0.1868 -0.1623 60.0982
176 912  0.1406 -0.1560 243.6316
208 912  0.0923 -0.3161 193.1589
240 912  0.0963 -0.3442 159.0478
272 912  0.6481 -0.8044 45.9370
304 912  0.9706 -0.7272 19.5653
336 912  1.5195 -0.8291 49.9074
368 912  1.3728 -0.1755 21.0785
400 912  0.8563 -0.0140 17.7259
432 912  0.3026  0.0489 15.6241
464 912 -0.0422 -0.0359  9.7119
496 912  0.0000 -0.0000  4.0797
528 912  0.0125 -0.0132  4.8599
560 912 -0.0240 -0.2342  7.7244
592 912 -0.0143 -0.2774  6.9253
624 912  0.0775 -0.1746  7.9426
656 912  0.0925 -0.1013 14.4377
 16 944  0.0481 -0.0124 50.6812
 48 944  0.0307 -0.0297 28.1156
 80 944  0.0939 -0.0454 118.9425
112 944  0.1185 -0.0353 64.2111
144 944  0.0984 -0.0774 148.1267
176 944  0.1119 -0.0881 329.3080
208 944  0.1515 -0.6754 116.0846
240 944  0.3414 -0.2579 105.3926
272 944  0.6644 -0.4677 82.3215
304 944  0.8001 -0.8986 72.2499
336 944  0.2888 -0.4623 79.5336
368 944  0.1569 -0.1941 221.3459
400 944  0.1037  0.0877 16.5949
432 944 -0.0324 -0.0216 14.4221
464 944 -0.0335  0.0017  5.6290
496 944  0.0042  0.0029  8.0838
528 944 -0.0324  0.0226  4.6179
656 944  0.1652 -0.2017  4.3275
 16 976  0.1134 -0.0430 60.2420
 48 976  0.0964 -0.0274 218.2277
 80 976  0.0878 -0.0428 132.7112
112 976  0.0797 -0.1433 87.9708
144 976  0.1130 -0.1098 353.3904
176 976  0.1053 -0.1281 197.5543
208 976  0.1332 -0.2120 72.5869
240 976  0.1998 -0.3784 99.4856
272 976  0.2712 -0.4979 26.1753
304 976  0.3080 -0.7131 62.3044
336 976  0.0299 -0.1426 32.4295
368 976 -0.0071  0.0137 31.5264
400 976 -0.0375 -0.0515 11.5506
432 976  0.0423 -0.0098  7.1480
464 976 -0.0051 -0.0045 21.2669
496 976  0.0158  0.0088 18.8150
528 976 -0.3204  0.0155  7.6512
 16 1008  0.1136 -0.0199 41.1499
 48 1008  0.2512 -0.0232 118.8373
 80 1008  0.0363 -0.0296 13.4336
112 1008  0.1551 -0.1200 360.4447
144 1008  0.1559 -0.0890 91.9408
176 1008  0.0987 -0.1048 70.6753
208 1008  0.1685 -0.2537 99.4393
240 1008  0.3387 -0.2959 103.9853
272 1008  0.0471 -0.4093 52.2125
304 1008  0.0020 -0.2259 15.3559
336 1008 -0.0009 -0.1085 21.5458
368 1008 -0.0060 -0.0232 11.0651
400 1008 -0.0544 -0.0228  8.3794
432 1008  0.0115  0.0155 17.7086
464 1008 -0.0627 -0.0013 83.7659
496 1008 -0.0730 -0.0905 37.8539
528 1008 -0.0311  0.0223 11.7439
560 1008 -0.1426  0.1934  5.9539
 16 1040  0.0833 -0.0423 49.7483
 48 1040  0.1123 -0.0217 111.2140
 80 1040  0.1456 -0.0334 24.5982
112 1040  0.1679 -0.0732 128.3449
144 1040  0.0715 -0.0545 260.5116
176 1040  0.0252 -0.0853 40.3165
208 1040  0.1892 -0.1544 104.7682
240 1040  0.1235 -0.3507 190.9086
272 1040  0.2082 -0.2786 32.1489
304 1040  0.0064 -0.2057 44.2136
336 1040 -0.0546 -0.0864 49.3442
368 1040 -0.0444 -0.0242 12.9116
400 1040  0.0041  0.0093 38.8263
432 1040  0.0079 -0.0401 48.1512
464 1040 -0.0206  0.0079 54.5330
496 1040  0.0235 -0.0268 26.8563
528 1040 -0.0763  0.1333  8.8296
560 1040 -0.0633 -0.0327 13.1104
592 1040 -0.0723  0.0036  5.3039
 16 1072  0.0371 -0.0183 24.0873
 48 1072  0.1280 -0.0332 92.8728
 80 1072  0.0611 -0.0088 211.7663
112 1072  0.0573 -0.0287 102.4633
144 1072  0.0592 -0.0811 265.5231
176 1072  0.0795 -0.0485 218.1871
208 1072  0.0526 -0.0634 82.1008
240 1072  0.0303 -0.1946 153.2876
272 1072  0.0017 -0.1114 16.5010
304 1072 -0.0049 -0.2761 235.7265
336 1072 -0.0448 -0.0988 97.7576
368 1072 -0.0283 -0.0538 331.6542
400 1072 -0.0142 -0.0429 240.1008
432 1072  0.0210 -0.0406 38.7834
464 1072  0.0345 -0.0484 19.8286
496 1072  0.0352 -0.0180 16.0497
528 1072 -0.0462  0.0506 16.3726
560 1072 -0.0785  0.0841 11.0355
592 1072  0.0001  0.0783 10.2812
624 1072  0.0080  0.0735  5.3169
656 1072  0.0989  0.2607  5.5544
 16 1104  0.0474 -0.0287 26.9110
 48 1104  0.1059 -0.0108 62.7134
 80 1104  0.1114 -0.0411 55.9650
112 1104  0.1374 -0.0208 199.5100
144 1104  0.0347 -0.0244 45.4953
176 1104  0.0445 -0.0914 54.2747
208 1104  0.0618 -0.1216 208.0159
240 1104  0.0300 -0.2652 224.0575
272 1104  0.0108 -0.0479 103.1107
304 1104  0.0020 -0.1088 42.8198
336 1104 -0.0323 -0.1149 172.5894
368 1104 -0.0124 -0.1399 162.9892
400 1104  0.0078 -0.0470 225.7564
432 1104  0.0041 -0.1418 107.1787
464 1104 -0.0484 -0.0352 39.6580
496 1104 -0.0022 -0.0304 21.4273
528 1104 -0.0038 -0.0222 21.9962
560 1104 -0.0174  0.4375 11.4882
592 1104  0.0150  0.1367 15.9181
624 1104  0.0336  0.0702 13.4579
656 1104  0.1352  0.0145 13.0355
 16 1136  0.0076  0.0010 15.7043
 48 1136  0.0614 -0.0233 184.8834
 80 1136  0.0434 -0.0226 24.3544
112 1136  0.1186 -0.0610 29.9919
144 1136  0.0666 -0.0596 51.9038
176 1136  0.0720 -0.0765 73.4980
208 1136  0.0340 -0.1141 138.2462
240 1136  0.0288 -0.1334 277.4460
272 1136  0.0412 -0.2519 96.5019
304 1136  0.0269 -0.1489 67.7398
336 1136  0.0109 -0.0911 228.9033
368 1136 -0.0134 -0.0846 281.6832
400 1136  0.0143 -0.0562 232.3791
432 1136  0.0187 -0.1125 197.5889
464 1136  0.0176 -0.0262 23.2968
496 1136 -0.0055 -0.0510 14.6980
528 1136  0.0075  0.0014 18.5684
560 1136 -0.0279  0.0442 24.2356
592 1136 -0.1405  0.0303 11.4781
624 1136 -0.0146  0.0067 11.3301
656 1136  0.1078  0.0484 12.4096
 16 1168  0.0045 -0.0436 15.1997
 48 1168  0.0353 -0.0269 77.0366
 80 1168  0.0250  0.0024 247.0853
112 1168  0.0100 -0.0266 19.4688
144 1168 -0.0154 -0.0117 26.6726
176 1168  0.1273 -0.0859 125.5751
208 1168  0.0751 -0.0765 53.0790
240 1168  0.0623 -0.0918 107.4183
272 1168  0.1003 -0.1283 117.0906
304 1168  0.0147 -0.0621 106.4551
336 1168  0.0367 -0.0700 212.4964
368 1168  0.0035 -0.1054 52.8924
400 1168  0.0159 -0.0889 200.1470
432 1168  0.0426 -0.0767 107.1376
464 1168  0.0863 -0.0250 60.2720
496 1168  0.0254 -0.0146 18.8738
528 1168 -0.0303 -0.0276 18.7720
560 1168  0.0246 -0.0039 11.1357
592 1168  0.0077 -0.0454 15.8019
624 1168  0.0007 -0.0188 10.0107
656 1168 -0.0065  0.1020 30.1854
 16 1200  0.0486 -0.0142 17.3902
 48 1200  0.0189 -0.0213 31.8058
 80 1200  0.1263 -0.0546 49.2844
112 1200  0.0765 -0.1047 127.9597
144 1200  0.0350 -0.0290 112.9432
176 1200  0.0964 -0.0940 39.0873
208 1200  0.0628 -0.0665 237.4542
240 1200  0.1025 -0.0806 61.6805
272 1200  0.0369 -0.0626 50.4978
304 1200  0.0569 -0.1268 64.4645
336 1200  0.0101 -0.0934 99.5863
368 1200  0.0434 -0.1243 172.3533
400 1200  0.0197 -0.1090 233.8010
432 1200  0.0158 -0.0338 187.4974
464 1200  0.0221 -0.1474 108.6389
496 1200 -0.0222 -0.0038 17.2792
528 1200 -0.0052  0.0154 15.7113
560 1200 -0.0185  0.0064 11.9973
592 1200 -0.0160  0.0067 16.2834
624 1200 -0.0285  0.0261 12.6927
656 1200 -0.0239  0.0298 36.4892
  0   0 -0.0180 -0.0282  0.0000
  0   0  0.0253 -0.0401  0.0000
  0   0  0.0590  0.0174  0.0000
  0   0  0.0123  0.0744  0.0000
  0   0 -0.0392  0.1112  0.0000
  0   0 -0.0205  0.1422  0.0000
  0   0 -0.0174  0.1116  0.0000
  0   0 -0.0155  0.1310  0.0000
  0   0 -0.0043  0.1903  0.0000
  0   0  0.0328  0.1076  0.0000
  0   0  0.0550  0.0364  0.0000
  0   0  0.1561 -0.0589  0.0000
