VARIABLES= "X pix", "Y pix", "U pix/dt", "V pix/dt", "CHC", ZONE I=21, J=30
 16 272 -0.0563 -0.1773 38.7615
 48 272 -0.1018 -0.1663 212.7020
 80 272 -0.1233 -0.1934 220.3336
112 272 -0.0726 -0.1059 274.7007
144 272 -0.0451 -0.1180 104.2687
176 272 -0.0712 -0.0676 53.1001
208 272 -0.0793 -0.0721 200.2007
240 272 -0.0299 -0.0184 18.5509
272 272 -0.0089 -0.0029 101.6559
304 272 -0.0126 -0.0226 143.3496
336 272 -0.0151 -0.0110 161.9823
368 272 -0.0002  0.0079 84.9575
400 272 -0.0159 -0.0017 297.5859
432 272 -0.0222  0.0130 235.1042
464 272  0.0226  0.0508 120.4089
496 272  0.0289  0.0652 141.8294
528 272 -0.0239  0.0603 102.4188
560 272  0.0312  0.0036 64.4773
592 272  0.0886  0.0520 127.5058
624 272  0.0194  0.0284 164.8701
656 272 -0.0065  0.0303 147.6543
 16 304 -0.3039 -0.2052 104.2861
 48 304 -0.1180 -0.2303 103.2539
 80 304 -0.1610 -0.0988 195.6512
112 304 -0.0933 -0.1616 235.7263
144 304 -0.1447 -0.0638 144.2269
176 304 -0.0645 -0.0553 269.2508
208 304 -0.0556 -0.0967 276.3715
240 304 -0.1398 -0.0874 179.7750
272 304  0.0328  0.0123 67.6711
304 304 -0.0294 -0.0646 248.0547
336 304 -0.0267 -0.0063 215.6902
368 304 -0.0032 -0.0073 68.9806
400 304 -0.0229  0.0278 80.3024
432 304  0.0108  0.0384 368.7881
464 304 -0.0009  0.0296 200.4981
496 304  0.0140  0.0433 119.0942
528 304  0.0052  0.0453 92.5188
560 304  0.1374  0.0593 170.3895
592 304  0.0014  0.0205 200.1927
624 304  0.0072  0.0548 165.6953
656 304  0.0140 -0.0063 63.5118
 16 336 -0.0698 -0.1177 34.6258
 48 336 -0.1136 -0.1102 224.0108
 80 336 -0.0401 -0.2043 200.3697
112 336 -0.0897 -0.2804 171.6398
144 336 -0.0984 -0.1410 250.4722
176 336 -0.0049 -0.0122 36.6146
208 336 -0.2025 -0.1275 57.3536
240 336 -0.1395 -0.1197 172.3766
272 336 -0.0632 -0.1142 162.8592
304 336 -0.1137 -0.0794 68.9614
336 336 -0.0399 -0.0635 194.2132
368 336 -0.0319 -0.0080 143.6147
400 336  0.0061  0.0025 118.2732
432 336  0.0015  0.0203 140.1387
464 336 -0.0009  0.0143 127.1176
496 336  0.0794  0.0664 84.0284
528 336  0.0199  0.0430 85.3855
560 336  0.0326  0.0502 151.0408
592 336  0.0498  0.0344 186.0518
624 336  0.0205  0.0113 152.4455
656 336  0.0239  0.0032 145.2186
 16 368 -0.2617 -0.0020 20.6340
 48 368 -0.3047 -0.2830 170.1808
 80 368 -0.1316 -0.1751 215.9574
112 368 -0.0201 -0.2135 287.9304
144 368 -0.0262 -0.3419 57.4412
176 368 -0.2168 -0.1990 62.2009
208 368 -0.1172 -0.1016 223.1456
240 368 -0.1735 -0.1013 173.0540
272 368 -0.0604 -0.0811 50.8689
304 368 -0.0321 -0.0901 265.6563
336 368  0.0047 -0.0296 238.1519
368 368 -0.0017 -0.0052 185.2462
400 368 -0.0061  0.0011 92.4865
432 368 -0.0112  0.0335 226.8950
464 368  0.0069  0.0188 128.4093
496 368  0.0011  0.0210 273.7481
528 368  0.0061  0.0596 117.3230
560 368  0.0120  0.0329 44.4186
592 368  0.0289  0.0513 82.7308
624 368  0.0354  0.0118 222.9472
656 368 -0.0106  0.0070 87.8250
 16 400 -0.1079 -0.5113 88.1201
 48 400 -0.2209 -0.0882 317.9944
 80 400 -0.3758 -0.3743 202.8872
112 400 -0.1576 -0.3889 209.1286
144 400 -0.4812 -0.2193 188.9393
176 400 -0.1773 -0.2211 149.7433
208 400 -0.3292 -0.2863 168.3650
240 400 -0.1884 -0.3120 214.9439
272 400 -0.0894 -0.1070 27.3729
304 400 -0.0655 -0.0900 211.4044
336 400 -0.0375  0.0062 43.6049
368 400 -0.0042 -0.0743 109.0970
400 400 -0.0275 -0.0179 121.5651
432 400 -0.0010  0.0105 125.9900
464 400 -0.0092  0.0125 100.4892
496 400  0.0466  0.0313 33.2075
528 400  0.0216  0.0425 114.3131
560 400  0.0156  0.0340 91.3787
592 400  0.0356  0.0425 84.7184
624 400  0.0318  0.0079 165.9414
656 400  0.0788  0.0352 169.2697
 16 432 -0.0956 -0.1753 133.9018
 48 432 -0.5572 -0.2985 115.3332
 80 432 -0.2662 -0.3291 107.8024
112 432 -0.1449 -0.5849 34.5459
144 432 -0.1853 -0.3008 125.5711
176 432 -0.4301 -0.3276 226.1254
208 432 -0.1456 -0.2422 207.8574
240 432 -0.1468 -0.1721 203.2355
272 432 -0.1702 -0.1806 192.4429
304 432 -0.0610 -0.0857 311.3276
336 432 -0.0360 -0.0355 37.5811
368 432 -0.0569 -0.0432 195.2518
400 432  0.0306 -0.0092 270.1220
432 432 -0.0067 -0.0112 207.4295
464 432 -0.0051  0.0006 123.1817
496 432 -0.0093  0.0168 119.7334
528 432 -0.0006  0.0375 92.7375
560 432  0.0073  0.0103 127.5717
592 432  0.0137  0.0104 112.2389
624 432  0.0264 -0.0334 292.5518
656 432  0.0259 -0.1069 118.5544
 16 464 -0.4119 -0.4299 80.3960
 48 464 -0.1472 -0.1459 97.9309
 80 464 -0.2214 -0.3510 166.5340
112 464 -0.1341 -0.1619 129.3186
144 464 -0.3622 -0.4616 43.1792
176 464 -0.1915 -0.3633 121.3791
208 464 -0.3879 -0.2805 70.7855
240 464 -0.1811 -0.3621 265.6847
272 464 -0.3697 -0.1031 29.4851
304 464 -0.2327 -0.1049 215.0772
336 464 -0.0608 -0.0951 221.2383
368 464 -0.0834 -0.0400 298.2107
400 464 -0.0330  0.0002 47.1803
432 464 -0.0158 -0.0229 63.6282
464 464 -0.0282  0.0201 133.6033
496 464 -0.0608 -0.0412 221.0298
528 464  0.0110  0.0355 143.3254
560 464  0.0035  0.0044 180.9502
592 464  0.0165  0.0029 102.4904
624 464  0.0314 -0.0169 156.8077
656 464  0.0195 -0.0416 109.9886
 16 496 -0.1954 -0.3878 39.1115
 48 496 -0.5902 -0.3815 44.5982
 80 496 -0.4510 -0.1908 148.7920
112 496 -0.1242 -0.2164 139.8859
144 496 -0.3202 -0.4482 108.4873
176 496 -0.1736 -0.2070 147.1066
208 496 -0.2557 -0.2968 21.2158
240 496 -0.1923 -0.1684 93.5014
272 496 -0.2651 -0.3430 31.6255
304 496 -0.0717 -0.2112 29.8004
336 496 -0.0564 -0.2718 145.2042
368 496 -0.0861 -0.0938 87.3283
400 496 -0.1231 -0.0072 45.2650
432 496 -0.0552  0.0113 155.1380
464 496 -0.0661 -0.0133 154.1456
496 496 -0.0334 -0.0071 63.9163
528 496  0.0091 -0.0779 91.4374
560 496  0.0097  0.0142 87.8390
592 496  0.0158  0.0108 18.6135
624 496  0.0473 -0.0445 111.3534
656 496  0.0793 -0.0529 136.2552
 16 528 -0.1689 -0.3597 22.2494
 48 528 -0.3237 -0.4484 153.2949
 80 528 -0.2709 -0.3288 49.7312
112 528 -0.3141 -0.2957 227.4032
144 528 -0.5254 -0.4487 22.0628
176 528 -0.5326 -0.2536 231.4050
208 528 -0.3471 -0.5157 56.8299
240 528 -0.3998 -0.3588 90.6568
272 528 -0.2646 -0.2785 58.0481
304 528 -0.2991 -0.1186 192.5663
336 528 -0.1592 -0.1884 178.9468
368 528 -0.0853 -0.0993 87.0478
400 528 -0.0819 -0.0881 76.3001
432 528 -0.0885 -0.0333 148.2494
464 528 -0.0913 -0.0241 197.5528
496 528 -0.0281 -0.0235 96.6891
528 528 -0.0558 -0.0160 220.1385
560 528 -0.0080 -0.0336 152.3436
592 528  0.0287 -0.0630 109.7538
624 528  0.0750 -0.0450 241.8302
656 528  0.0583 -0.0687 109.8719
 16 560 -0.1662 -0.0452 21.0837
 48 560 -0.8554 -0.3415 116.1839
 80 560 -0.9037 -0.2922 163.3580
112 560 -0.4456 -0.0609 22.4222
144 560 -0.7984 -0.2316 104.7353
176 560 -0.6139 -0.5808 292.0034
208 560 -0.1947 -0.5329 114.5830
240 560 -0.2896 -0.3406 75.9391
272 560 -0.2743 -0.3390 118.7221
304 560 -0.4759 -0.3152 261.3096
336 560 -0.2863 -0.2278 91.3889
368 560 -0.0934 -0.1714 106.4884
400 560 -0.1164 -0.0774 46.3355
432 560 -0.1218 -0.0102 33.2168
464 560 -0.1759 -0.0378 120.3954
496 560 -0.0947 -0.0206 71.6817
528 560 -0.0637 -0.0478 100.4643
560 560 -0.0181 -0.1289 185.7007
592 560  0.0330 -0.1186 61.4304
624 560  0.1257 -0.0356 72.1477
656 560  0.0282 -0.0605 121.6205
 16 592 -0.1840 -0.0742 33.0272
 48 592 -0.3270 -0.0993 56.4466
 80 592 -0.4467 -0.4188 129.6234
112 592 -0.9972 -0.6087 143.5366
144 592 -1.1643 -0.5926 140.9388
176 592 -0.5847 -0.2754 61.9881
208 592 -0.4354 -0.3031 155.7467
240 592 -0.5859 -0.5831 43.0924
272 592 -0.5836 -0.5621 118.6802
304 592 -0.2621 -0.5308 100.7430
336 592 -0.7706 -0.2225 131.9090
368 592 -0.3643 -0.2931 215.2554
400 592 -0.2342 -0.0760 78.5425
432 592 -0.2392 -0.0254 179.7803
464 592 -0.2263 -0.0417 112.0812
496 592 -0.1281 -0.0539 113.0918
528 592 -0.1095 -0.0975 183.9952
560 592 -0.0437 -0.0854 219.0585
592 592  0.0498 -0.1207 93.4630
624 592  0.0542 -0.1440 83.5700
656 592  0.1430 -0.2503 144.0605
 16 624 -0.0392 -0.0591 21.6141
 48 624 -0.1798 -0.1281 197.9532
 80 624 -0.1794 -0.0953 38.6811
112 624 -0.3450 -0.2077 21.9197
144 624 -0.4136 -0.2411 88.9968
176 624 -0.1733 -0.1151 165.3651
208 624 -0.0193  0.0050 11.6338
240 624  0.0027 -0.1064 149.5969
272 624 -0.3324 -0.1538 31.3718
304 624 -0.4315 -0.3252 112.5315
336 624 -0.4030 -0.2664 65.6105
368 624 -0.1684 -0.1263 36.7687
400 624 -0.5142 -0.0765 107.2560
432 624 -0.2808 -0.0185 224.4201
464 624 -0.2722 -0.0191 106.3525
496 624 -0.3717 -0.1153 210.0026
528 624 -0.1886 -0.1964 74.3390
560 624 -0.0777 -0.2556 120.0236
592 624  0.0050 -0.2641 179.5276
624 624  0.0508 -0.3261 171.2854
656 624  0.1769 -0.2717 118.2682
 16 656 -0.2976 -0.0653 46.6944
 48 656 -0.1468 -0.1697 38.9639
 80 656 -0.7792 -0.1821 106.8292
112 656 -0.3985 -0.2801 134.8651
144 656 -0.7175 -0.3769 128.0474
176 656 -0.6509 -0.4466 192.1600
208 656 -0.9420 -0.7447 129.2867
240 656 -0.8769 -0.7952 247.0254
272 656 -0.9882 -0.8117 56.6316
304 656 -0.4747 -0.4442 89.2474
336 656 -0.3124 -0.2541 184.1531
368 656 -0.3916 -0.0820 18.7776
400 656 -0.5807  0.1079 83.8410
432 656 -0.3606  0.0279 44.6948
464 656 -0.2803 -0.0907 97.3114
496 656 -0.2924 -0.2148 135.6544
528 656 -0.0921 -0.3715 119.9729
560 656 -0.0589 -0.4494 64.4043
592 656  0.0025 -0.4474 93.6554
624 656  0.0932 -0.4633 39.5602
656 656  0.1323 -0.3105 193.0478
 16 688 -0.0306  0.0032 20.1952
 48 688 -0.0813 -0.0881 185.6024
 80 688 -0.1379 -0.1195 274.1781
112 688 -0.7931 -0.2781 25.2472
144 688 -0.5998 -0.5357 140.3006
176 688 -0.7618 -0.6728 241.2701
208 688 -0.3576 -0.4033 97.4297
240 688 -0.1823 -0.7102 81.1216
272 688 -0.8124 -0.6836 66.7716
304 688 -0.9378 -0.4301 188.1359
336 688 -0.7014 -0.4437 197.0917
368 688 -0.2734 -0.0759 150.5786
400 688 -0.3857 -0.0595 144.7920
432 688 -0.1237  0.0232 23.9029
464 688 -0.1372 -0.2011 235.2352
496 688  0.1105 -0.2079 109.4725
528 688 -0.0060 -0.3682 50.7705
560 688 -0.0310 -0.6699 260.1546
592 688 -0.0496 -0.5342 73.1110
624 688 -0.0612 -0.3670 74.9659
656 688 -0.0256 -0.2503 16.4578
 16 720 -0.0154  0.0082 14.6586
 48 720 -0.2492 -0.0827 101.7492
 80 720 -0.4092 -0.0439 78.4055
112 720 -0.2627 -0.2232 173.6752
144 720 -0.3856 -0.3296 194.7737
176 720 -0.1498 -0.4160 65.1485
208 720 -0.5533 -0.3278 67.0695
240 720 -0.1660 -0.1272 19.9212
272 720 -0.3643 -0.3427 65.4296
304 720 -0.8105 -0.4064 109.9530
336 720 -0.3517 -0.2299 58.6631
368 720 -0.2084 -0.0621 102.1220
400 720  0.0443  0.0163 23.6027
432 720  0.2189  0.0321 118.6619
464 720  0.3529  0.0024 187.9855
496 720  0.3533 -0.5184 111.2955
528 720  0.4993 -0.8107 46.8606
560 720  0.0492 -0.0039 19.8264
592 720  0.1183  0.0254 21.4900
624 720 -0.1091 -0.3984 136.5520
656 720 -0.1025 -0.3757 128.4792
 16 752  0.0117 -0.0007 57.7877
 48 752 -0.0284 -0.0511 144.4333
 80 752 -0.0102 -0.1135 250.2635
112 752 -0.0478 -0.0413 286.0395
144 752 -0.1416 -0.3443 64.5197
176 752 -0.2123 -0.2135 275.6922
208 752 -0.3727 -0.3442 92.3127
240 752 -0.3321 -0.4967 105.8358
272 752 -0.0132 -0.0270  9.7304
304 752 -0.3018 -0.5144 101.4011
336 752 -0.0292 -0.1299 105.9250
368 752 -0.0482 -0.0773 25.7910
400 752  0.2256  0.0025 120.3445
432 752  0.4903  0.0303 107.3888
464 752  0.1545 -0.1543 95.3012
496 752 -0.0681 -0.3525 78.9262
528 752  0.4259 -0.3357 29.1597
560 752  0.1444  0.0846  9.5642
592 752  0.0837  0.0916 10.9525
624 752 -0.0506  0.0218  9.9667
656 752 -0.0266 -0.0035 22.2772
 16 784  0.0317 -0.0647 42.8195
 48 784  0.0511 -0.0375 262.8747
 80 784 -0.0223 -0.0653 337.7520
112 784 -0.0171 -0.1192 199.3477
144 784 -0.0127 -0.1445 178.6968
176 784 -0.0562 -0.1791 152.1079
208 784 -0.0716 -0.4932 174.9789
240 784 -0.1166 -0.3931 254.3829
272 784 -0.0541 -0.1536 15.5201
304 784 -0.0135 -0.4072 40.6316
336 784  0.0432 -0.2812 267.2578
368 784  0.3623  0.0202 172.5604
400 784  0.3572 -0.0166 146.6664
432 784  0.1733 -0.1569 45.0135
464 784  0.3737 -0.2058 90.9170
496 784  0.9780 -0.4850 40.3364
528 784  0.0698 -0.0702 17.0497
560 784  0.1114  0.0957  8.7420
592 784  0.0775  0.0834 14.0580
624 784 -0.0094  0.0096 18.3878
656 784 -0.0464  0.0236  8.3435
 16 816  0.0636 -0.0020 23.1306
 48 816  0.0124 -0.0103 24.9221
 80 816  0.0858 -0.1031 195.9658
112 816  0.0506 -0.0734 39.0715
144 816  0.0431 -0.0950 156.0611
176 816  0.1119 -0.2033 348.8827
208 816  0.0103 -0.2200 21.8989
240 816 -0.0310 -0.4889 56.1412
272 816 -0.0026 -0.3884 265.5615
304 816  0.0460 -0.0420 15.6290
336 816  0.3410 -0.2917 97.3675
368 816  0.7712 -0.0724 84.9428
400 816  0.8909  0.0139 88.2187
432 816  0.3113  0.0396 114.4715
464 816  0.2328 -0.0804 78.0026
496 816  0.4847 -0.1360 12.6988
528 816  0.0684  0.0286  7.3677
560 816  0.0298  0.0501  6.6979
592 816  0.0497 -0.0349 13.8519
624 816  0.0492 -0.0282 11.9043
656 816  0.0086  0.0015 12.5440
 16 848  0.0642 -0.0252 35.1312
 48 848  0.0777 -0.0221 61.2634
 80 848  0.0853  0.0007 16.2968
112 848  0.1102 -0.2291 143.0516
144 848  0.0931 -0.1254 274.0548
176 848  0.0988 -0.2730 236.7127
208 848  0.0530 -0.2455 155.7909
240 848  0.1418 -0.3485 72.9284
272 848  0.0779 -0.1367 18.6681
304 848  0.1919 -0.0871 124.2637
336 848  0.5744 -0.1832 176.8690
368 848  0.8301 -0.0882 92.2571
400 848  0.1450  0.1048 68.1842
432 848  0.3144  0.0174 88.0749
464 848  0.7335 -0.0990 39.7642
496 848  0.0368  0.0416 19.7054
528 848 -0.1282 -0.0721  6.6437
560 848  0.0139  0.0009 25.3768
592 848  0.0251 -0.0315 15.0551
624 848  0.0514 -0.0154 25.5155
656 848 -0.0100  0.0006 23.5152
 16 880  0.1420 -0.0058 82.2495
 48 880  0.0168  0.0153 18.5409
 80 880  0.0916 -0.1027 173.6301
112 880  0.1294 -0.0169 270.2824
144 880  0.2658 -0.1417 204.5248
176 880  0.1059 -0.2354 286.4856
208 880  0.1020 -0.4819 142.7495
240 880  0.0624 -0.1480 107.6269
272 880  0.1325 -0.0598 11.1781
304 880  0.3985 -0.3135 59.6013
336 880  0.7564 -0.1816 86.8592
368 880  0.9767 -0.0846 41.5932
400 880  0.3316 -0.0660 136.4120
432 880  0.0696  0.0293 18.3216
464 880  0.3656  0.0408 30.1630
496 880  0.0742  0.0671  5.8875
528 880 -0.0256  0.0188  8.2977
560 880  0.1032 -0.0854 11.9818
592 880  0.0257 -0.0382 17.1041
624 880  0.0868 -0.0617 14.6747
656 880  0.1941 -0.1208 11.8989
 16 912  0.1424 -0.0194 139.6125
 48 912  0.0526  0.0073 19.5834
 80 912  0.1204 -0.0561 283.9582
112 912  0.0701 -0.0603 262.9565
144 912  0.2882 -0.1581 165.0034
176 912  0.2435 -0.2090 213.7300
208 912  0.0298 -0.0673 20.3251
240 912  0.1217 -0.2096 205.2464
272 912  0.1304 -0.2082 117.6583
304 912  0.3727 -0.3800 69.7778
336 912  0.7197 -0.5237 26.2633
368 912  0.8630 -0.1788 35.9862
400 912  0.2403 -0.0423 24.2200
432 912  0.0231  0.0187 17.1619
464 912  0.0617  0.0468  9.7057
496 912  0.0744 -0.2238  4.0756
528 912 -0.0008  0.0015  4.7784
560 912  0.0084 -0.0051  4.3234
592 912 -0.0349  0.0383  4.6521
624 912  0.1157 -0.0207  9.3868
656 912  0.2386 -0.0238  5.8154
 16 944  0.0861  0.0029 26.8397
 48 944  0.1823 -0.0103 44.3659
 80 944  0.2809 -0.1020 85.1526
112 944  0.2266 -0.0511 59.6662
144 944  0.0633 -0.0924 210.5235
176 944  0.2151 -0.3309 243.5164
208 944  0.5862 -0.4364 100.4021
240 944  0.3121 -0.1936 100.3437
272 944  0.0124 -0.0550 16.0104
304 944  0.2529 -0.4961 46.2270
336 944  0.1206 -0.4993 89.0206
368 944  0.4993 -0.1187 82.5556
400 944  0.0027  0.0076 14.2983
432 944  0.0272  0.0217 14.7537
464 944  0.0595  0.0274  5.8777
496 944 -0.0141 -0.0084  7.3480
624 944  0.0811 -0.0137  5.1043
 16 976  0.1049 -0.0284 21.8914
 48 976  0.0156 -0.0182 36.7519
 80 976  0.0537 -0.0468 186.2897
112 976 -0.0180  0.0626 20.9449
144 976  0.3462 -0.1661 122.5280
176 976  0.0729 -0.2459 55.6791
208 976  0.1647 -0.1745 117.3160
240 976  0.1685 -0.3309 75.0500
272 976  0.1859 -0.2322 64.2422
304 976  0.1090 -0.2837 111.7616
336 976  0.1143 -0.0937 79.2688
368 976 -0.0046 -0.0095 24.1732
400 976  0.0386  0.0002 12.1560
432 976  0.0102  0.0125  8.2622
464 976  0.0254  0.0254 21.7858
496 976 -0.0315 -0.0618 10.7422
528 976  0.0395 -0.0577  4.3145
 16 1008  0.0611 -0.0248 25.4972
 48 1008  0.0880 -0.0168 199.8494
 80 1008  0.0700 -0.0865 60.5025
112 1008  0.1875 -0.0450 131.4978
144 1008  0.0890 -0.1564 297.5535
176 1008  0.1821 -0.1398 202.2560
208 1008  0.0498 -0.2096 79.3445
240 1008  0.2041 -0.1995 83.6720
272 1008  0.0625 -0.3489 45.8075
304 1008  0.0438 -0.2025 186.0504
336 1008  0.0031 -0.0857 23.2259
368 1008  0.0076 -0.0355 11.2018
400 1008  0.0599  0.0175 10.4621
432 1008  0.0061 -0.0044 17.7949
464 1008 -0.0467  0.0230 112.5455
496 1008 -0.0085  0.0232 21.8794
528 1008  0.0636 -0.0016  9.2196
560 1008  0.1147 -0.1459  5.6635
 16 1040  0.0437 -0.0199 51.7618
 48 1040  0.0904 -0.0324 249.2486
 80 1040  0.0440 -0.0379 229.7702
112 1040  0.1798 -0.0532 189.6350
144 1040  0.0433 -0.1232 120.4238
176 1040  0.0539 -0.1056 86.0617
208 1040  0.0759 -0.3499 49.8638
240 1040  0.0215  0.0041 18.0731
272 1040  0.0461 -0.5674 51.2842
304 1040 -0.0096 -0.3650 87.7453
336 1040 -0.0721 -0.1475 49.8680
368 1040 -0.0046  0.0064 12.7827
400 1040  0.0114  0.0153 41.2919
432 1040 -0.0154 -0.0079 26.3204
464 1040 -0.0253 -0.0018 69.2437
496 1040 -0.2601  0.1550 10.5621
528 1040 -0.0008  0.0466  9.4542
560 1040  0.0142  0.0363 10.8412
592 1040  0.1126 -0.0037  6.0972
 16 1072  0.0755 -0.0173 78.8035
 48 1072  0.0631 -0.0340 115.8116
 80 1072  0.0889 -0.0338 47.5878
112 1072  0.0237 -0.0088 41.8347
144 1072  0.1948 -0.0536 63.2051
176 1072  0.0709 -0.1032 180.6124
208 1072 -0.0105 -0.0757 21.0860
240 1072  0.0873 -0.2404 113.7176
272 1072  0.0111 -0.1762 20.1588
304 1072  0.0056 -0.1719 164.8414
336 1072 -0.0277 -0.1455 146.2892
368 1072 -0.0232 -0.0653 75.2455
400 1072 -0.0349 -0.0356 123.9801
432 1072  0.0128  0.0134 289.4344
464 1072  0.0115 -0.0432 33.1118
496 1072 -0.1374  0.1172 13.1017
528 1072  0.0230  0.2533 12.2939
560 1072  0.0254 -0.0059  8.9299
592 1072  0.0025 -0.0317 10.2113
624 1072  0.0710 -0.0380  5.8072
656 1072 -0.0164 -0.1766  5.6458
 16 1104  0.1711 -0.0024 47.1252
 48 1104  0.0324  0.0072 36.5590
 80 1104  0.1851 -0.0281 189.6332
112 1104  0.1111 -0.1119 57.6963
144 1104  0.0372 -0.0291 204.6137
176 1104  0.1067 -0.0800 165.7880
208 1104  0.0513 -0.0539 38.3513
240 1104  0.1158 -0.1753 132.3256
272 1104  0.0588 -0.1990 55.8284
304 1104  0.0507 -0.1564 129.7443
336 1104  0.0170 -0.1210 186.4191
368 1104 -0.0068 -0.0665 130.2340
400 1104 -0.0110 -0.0487 103.4635
432 1104 -0.0078 -0.0338 36.6668
464 1104 -0.0005 -0.0087 21.0546
496 1104 -0.0140 -0.0170 20.9253
528 1104 -0.0163  0.0153 16.7441
560 1104  0.0254  0.0533 12.9773
592 1104  0.0040  0.0252 11.5190
624 1104 -0.0036 -0.0189 12.3863
656 1104  0.0258  0.0032 11.3945
 16 1136  0.0096 -0.0181 20.8667
 48 1136  0.0178 -0.0081 31.9503
 80 1136  0.1956 -0.0732 292.5096
112 1136  0.0795 -0.0823 49.4397
144 1136  0.0221 -0.0172 233.4829
176 1136  0.0992 -0.0551 73.3134
208 1136  0.0376 -0.0485 174.6834
240 1136 -0.0068 -0.2006 72.6971
272 1136  0.0272 -0.0819 42.0084
304 1136  0.0274 -0.1403 99.1994
336 1136  0.1053 -0.0607 101.1729
368 1136  0.0058 -0.0620 157.2593
400 1136  0.0065 -0.0466 155.5078
432 1136 -0.0021 -0.0916 56.4907
464 1136 -0.0136 -0.0431 33.9105
496 1136 -0.0192  0.0177 30.0795
528 1136  0.0018  0.0440 19.7757
560 1136 -0.0349  0.1232  8.1308
592 1136  0.0723  0.0264 15.8149
624 1136 -0.0215  0.0123 15.4612
656 1136  0.0048  0.0282 18.2898
 16 1168  0.0101 -0.0234 16.9879
 48 1168  0.0156 -0.0411 14.3619
 80 1168  0.0636 -0.0336 64.8449
112 1168  0.0728 -0.0498 83.3518
144 1168  0.0407 -0.0640 106.8216
176 1168 -0.0384 -0.0570 106.8177
208 1168  0.1153 -0.0879 190.1197
240 1168  0.0161 -0.0869 284.9563
272 1168  0.0401 -0.0513 65.5375
304 1168  0.0292 -0.0529 95.6729
336 1168  0.0035 -0.1747 219.8218
368 1168  0.0109 -0.1189 150.2803
400 1168  0.0281 -0.0639 204.0699
432 1168  0.0230 -0.0502 37.5337
464 1168  0.0144 -0.0424 248.7292
496 1168  0.0018 -0.0409 14.3481
528 1168  0.0111 -0.0236 21.4080
560 1168 -0.0485  0.0609 18.3817
592 1168 -0.0578  0.0537 13.0083
624 1168 -0.0142  0.0177 11.9670
656 1168  0.0316  0.0116 11.9587
 16 1200  0.0336 -0.0194 32.8617
 48 1200  0.0117 -0.0082 30.7069
 80 1200  0.0330 -0.0076 14.4141
112 1200 -0.0090  0.0047 32.4028
144 1200  0.0312 -0.0550 62.9946
176 1200  0.0284 -0.0248 229.1584
208 1200 -0.0282 -0.0478 91.6273
240 1200  0.0486 -0.0851 170.2638
272 1200  0.0119 -0.1277 74.4179
304 1200  0.0145 -0.1130 108.9492
336 1200  0.0163 -0.1286 209.6038
368 1200  0.0353 -0.0820 184.7417
400 1200  0.0231 -0.0567 219.1341
432 1200  0.0238 -0.0101 63.0258
464 1200 -0.0288 -0.0146 25.2248
496 1200  0.0083 -0.0082 19.8441
528 1200  0.0088 -0.0237 13.4203
560 1200 -0.0142 -0.0307 12.7369
592 1200  0.0195  0.0298 18.7474
624 1200  0.0596  0.0327 46.9629
656 1200  0.0118  0.1462 38.0027
  0   0 -0.0045  0.0812  0.0000
  0   0 -0.0111 -0.0008  0.0000
  0   0 -0.0265 -0.0237  0.0000
  0   0 -0.0307  0.0124  0.0000
  0   0 -0.0432  0.1076  0.0000
  0   0 -0.1092  0.2004  0.0000
  0   0 -0.1325  0.2082  0.0000
  0   0 -0.0825  0.1433  0.0000
  0   0  0.0079  0.0863  0.0000
  0   0  0.0529  0.0404  0.0000
  0   0  0.0597  0.0332  0.0000
  0   0  0.0676  0.0167  0.0000
  0   0  0.0383 -0.0041  0.0000
