VARIABLES= "X pix", "Y pix", "U pix/dt", "V pix/dt", "CHC", ZONE I=21, J=30
 16 272 -0.1157 -0.1198 71.8780
 48 272 -0.1326 -0.1933 146.3095
 80 272 -0.0346 -0.3121 34.5858
112 272 -0.0672 -0.1104 69.5829
144 272 -0.0230 -0.0859 98.9167
176 272 -0.0876 -0.1326 230.6433
208 272 -0.0234 -0.1268 182.0770
240 272 -0.0463 -0.0870 153.9392
272 272  0.0030 -0.0844 220.4768
304 272  0.0106 -0.0346 242.6413
336 272  0.0155 -0.0203 119.2803
368 272  0.0426  0.0067 199.5398
400 272  0.0249 -0.0098 253.8918
432 272  0.0607  0.0294 124.2184
464 272  0.0471  0.0764 232.0411
496 272  0.0375  0.0629 148.6001
528 272  0.0711  0.0768 55.8505
560 272  0.0822  0.0589 136.1152
592 272  0.0308  0.0736 42.1303
624 272  0.0745  0.0226 143.2627
656 272  0.0648  0.0258 157.3852
 16 304 -0.0639 -0.2241 192.8211
 48 304 -0.0734 -0.1625 76.4204
 80 304 -0.1537 -0.1677 258.0294
112 304 -0.1873 -0.1907 167.1848
144 304 -0.0594 -0.2620 187.6498
176 304 -0.1043 -0.1951 151.7064
208 304 -0.0436 -0.1109 259.6972
240 304 -0.0311 -0.0579 99.8716
272 304 -0.0160 -0.0364 316.1668
304 304  0.0148 -0.0503 208.4200
336 304  0.0318 -0.0192 189.9677
368 304  0.0218  0.0073 101.1447
400 304  0.0302  0.0339 52.5171
432 304  0.0392  0.0289 59.6753
464 304  0.0716  0.0630 184.2028
496 304  0.0575  0.0688 57.4889
528 304  0.0687  0.0621 145.9293
560 304  0.0794  0.0449 104.1832
592 304  0.0759  0.0612 78.3648
624 304  0.0523  0.0047 227.4592
656 304  0.0450 -0.0001 87.0181
 16 336 -0.1089 -0.1130 79.5620
 48 336 -0.1614 -0.4855 276.2205
 80 336 -0.1429 -0.2054 190.7267
112 336 -0.1152 -0.1206 15.4366
144 336 -0.0081 -0.8077 81.9721
176 336 -0.1563 -0.3786 247.3702
208 336 -0.0405 -0.1489 129.2773
240 336 -0.0573 -0.0795 79.6405
272 336 -0.0211 -0.0643 397.4503
304 336  0.0052 -0.0520 198.3249
336 336 -0.0002 -0.0436 167.7218
368 336  0.0214 -0.0145 138.2668
400 336  0.0445  0.0049 179.8246
432 336  0.0324  0.0793 145.0079
464 336  0.0485  0.0361 130.0354
496 336  0.0451  0.0763 77.4675
528 336  0.1142  0.0471 157.2899
560 336  0.0876  0.0115 169.9122
592 336  0.0465  0.0316 183.5776
624 336  0.0882  0.0183 131.9773
656 336  0.0761 -0.0460 192.9761
 16 368 -0.2379 -0.2655 199.5762
 48 368 -0.1300 -0.2614 96.7225
 80 368 -0.0674 -0.2123 122.3239
112 368 -0.2089 -0.2427 300.7468
144 368 -0.0239 -0.2517 156.5750
176 368 -0.0823 -0.1484 308.1588
208 368  0.0118 -0.1133 199.0164
240 368 -0.0834 -0.1617 46.8237
272 368 -0.0351 -0.0971 65.5357
304 368 -0.0227 -0.1335 154.6472
336 368  0.0101 -0.0555 332.3800
368 368  0.0285 -0.0516 106.7879
400 368  0.0308 -0.0234 141.4267
432 368  0.0435  0.0065 44.8330
464 368  0.1154  0.0424 276.1798
496 368  0.0520  0.0294 246.1664
528 368  0.0535  0.0371 144.3143
560 368  0.0644  0.0042 126.9312
592 368  0.0534  0.0610 70.8930
624 368  0.0283  0.0129 136.3229
656 368  0.0484  0.0332 118.9047
 16 400 -0.1188 -0.1354 24.5801
 48 400 -0.3655 -0.1743 71.6624
 80 400 -0.2819 -0.3925 208.0571
112 400 -0.3798 -0.4551 78.6521
144 400 -0.2284 -0.2360 213.4939
176 400 -0.4018 -0.5568 195.3706
208 400 -0.2261 -0.2319 229.7039
240 400 -0.1653 -0.1308 124.9397
272 400 -0.1238 -0.1279 106.5233
304 400 -0.0700 -0.1185 163.3071
336 400  0.0238 -0.0591 73.5254
368 400  0.0041 -0.0886 138.2213
400 400  0.0419 -0.0525 145.0655
432 400  0.0196 -0.0503 101.3740
464 400  0.0779  0.0676 198.2785
496 400  0.0332  0.0797 113.9249
528 400  0.0952  0.0293 141.7722
560 400  0.0652  0.0425 104.6159
592 400  0.0705  0.0117 71.1329
624 400  0.0982  0.0086 137.0305
656 400  0.0682  0.0206 130.6528
 16 432 -0.1590 -0.2224 19.3895
 48 432 -0.2577 -0.0249 14.2966
 80 432 -0.0760 -0.9107 94.5905
112 432 -0.2466 -0.3764 189.5715
144 432 -0.1787 -0.4003 181.6446
176 432 -0.1792 -0.2133 29.7978
208 432 -0.0181 -0.0428 24.7571
240 432 -0.2020 -0.3196 118.3594
272 432 -0.0562 -0.1496 54.2923
304 432 -0.0632 -0.0996 172.1932
336 432 -0.0042 -0.0796 188.2564
368 432  0.0183 -0.0777 258.7147
400 432  0.0098 -0.0428 148.3858
432 432  0.0593 -0.0061 162.0879
464 432  0.0663  0.0329 165.0995
496 432  0.0506 -0.0049 225.2558
528 432  0.0749  0.0054 54.1086
560 432  0.1379 -0.0309 134.4989
592 432  0.0717  0.0162 115.6539
624 432  0.0242  0.0357 43.7373
656 432  0.0903  0.0077 102.6588
 16 464 -0.3156 -0.2467 138.1409
 48 464 -0.1651 -0.4789 140.8832
 80 464 -0.1715 -0.0594 179.1305
112 464 -0.2661 -0.3774 195.8880
144 464 -0.5131 -0.3103 218.5075
176 464 -0.1328 -0.5603 162.7945
208 464 -0.1402 -0.2228 35.8314
240 464 -0.1126 -0.2984 446.7269
272 464 -0.2299 -0.2857 229.3246
304 464 -0.0370 -0.2389 418.2518
336 464 -0.0685 -0.1224 290.3894
368 464  0.0063 -0.0973 252.8725
400 464  0.0202 -0.0568 91.4272
432 464  0.0187 -0.0082 31.8750
464 464  0.0581 -0.0024 118.9219
496 464  0.0437  0.0133 184.5194
528 464  0.0633  0.0195 113.7609
560 464  0.0431  0.0349 57.3709
592 464  0.1129 -0.0147 210.2456
624 464  0.0726  0.0150 173.9581
656 464  0.0714 -0.0107 139.9436
 16 496 -0.1223 -0.1953 24.6380
 48 496 -0.6009 -1.0228 35.9703
 80 496 -0.2206 -0.5937 102.0548
112 496 -0.0681 -0.1892 15.2777
144 496 -0.3831 -0.7184 148.3489
176 496 -0.1152 -0.4164 231.9466
208 496 -0.3773 -0.4208 116.1773
240 496 -0.2878 -0.4942 78.0494
272 496 -0.1168 -0.3421 228.6016
304 496 -0.0979 -0.2671 155.4302
336 496  0.0014 -0.1535 195.8992
368 496 -0.0327 -0.1625 162.6369
400 496 -0.0049 -0.0349 219.9330
432 496  0.1250 -0.0272 137.6757
464 496  0.0789  0.0120 181.9223
496 496  0.0284  0.0058 120.2198
528 496  0.0537  0.0037 126.9980
560 496  0.0248 -0.0122 193.3552
592 496  0.0744 -0.0137 240.5115
624 496  0.0158 -0.0158 155.2347
656 496  0.0695 -0.0255 104.2960
 16 528 -0.1411 -0.1697 21.7193
 48 528 -0.8806 -0.3690 124.3403
 80 528 -0.5592 -0.2393 155.4077
112 528 -0.1847 -0.2112 60.8907
144 528 -0.6157 -0.6464 97.7341
176 528 -0.4283 -0.9868 144.3357
208 528 -0.2189 -0.8274 251.2800
240 528 -0.1905 -0.3582 158.1155
272 528 -0.2148 -0.6239 128.0587
304 528 -0.1765 -0.2617 97.7462
336 528 -0.1618 -0.1868 178.2231
368 528 -0.0259 -0.1212 187.5195
400 528  0.0053 -0.0083 91.3521
432 528 -0.0118 -0.0115 161.8267
464 528  0.0282 -0.0029 119.7761
496 528  0.0128  0.0027 111.4739
528 528 -0.0116  0.0005 220.8917
560 528  0.0232 -0.0179 107.0299
592 528  0.0572 -0.0291 51.7554
624 528  0.1425  0.0016 67.1789
656 528  0.1366 -0.0301 110.7856
 16 560 -0.1883 -0.1455 33.2134
 48 560 -0.2252 -0.4294 57.6501
 80 560 -0.5465 -0.4089 177.9536
112 560 -0.8451 -0.7954 148.5159
144 560 -0.3605 -0.6671 106.5829
176 560 -0.5139 -0.7116 280.6064
208 560 -0.5606 -0.8076 109.2983
240 560 -0.5654 -0.9971 66.2015
272 560 -0.3164 -0.3540 44.3558
304 560 -0.1450 -0.3440 15.7588
336 560 -0.3053 -0.6898 134.5036
368 560 -0.0056 -0.1332 242.6156
400 560 -0.0586 -0.1164 125.4814
432 560 -0.0405 -0.0179 92.8672
464 560  0.0082  0.0067 107.2478
496 560 -0.0254  0.0282 146.9360
528 560  0.0269 -0.0239 155.9262
560 560  0.0589 -0.0103 112.4107
592 560  0.0999 -0.0289 29.9464
624 560  0.0358 -0.0429 33.2657
656 560  0.1146 -0.0436 168.3630
 16 592 -0.1068 -0.1914 62.6735
 48 592 -0.2764 -0.2363 27.1560
 80 592 -0.3658 -0.1506 141.3797
112 592 -1.3402 -0.9051 184.0697
144 592 -1.2765 -0.8425 112.3378
176 592 -0.8011 -0.6661 146.9745
208 592 -0.6764 -1.0473 122.2750
240 592 -0.8901 -0.8644 148.2183
272 592 -0.7437 -0.6774 26.5781
304 592 -0.5299 -0.6287 120.5994
336 592 -0.3274 -0.3518 172.5974
368 592 -0.5429 -0.1511 144.1107
400 592 -0.1833 -0.1828 64.9706
432 592 -0.1132 -0.0190 120.8163
464 592 -0.1736 -0.0302 110.8549
496 592 -0.0120  0.0025 197.3674
528 592 -0.0421 -0.0210 122.4483
560 592  0.0290 -0.0045 128.5814
592 592  0.0648 -0.0902 68.2186
624 592  0.1461 -0.0265 174.6254
656 592  0.1057 -0.0665 129.8164
 16 624 -0.3577 -0.1308 137.7002
 48 624 -0.6773 -0.6057 196.0294
 80 624 -0.2384 -0.1176 179.7963
112 624 -0.7027 -0.4039 58.1556
144 624 -0.9224 -0.7756 156.8613
176 624 -0.9768 -0.9557 195.4570
208 624 -0.8946 -1.0090 312.9856
240 624 -1.0530 -0.9735 82.6075
272 624 -1.4588 -1.1472 140.9984
304 624 -0.6767 -0.6264 216.9785
336 624 -0.3435 -0.2791 88.7954
368 624 -0.3376 -0.1175 27.1846
400 624 -0.5526 -0.0534 187.3065
432 624 -0.7449 -0.0258 223.8176
464 624 -0.6629 -0.0587 40.0485
496 624 -0.1811 -0.0426 17.5695
528 624 -0.1224 -0.1409 179.3512
560 624 -0.0581 -0.3407 174.2278
592 624  0.1913 -0.1460 62.2782
624 624 -0.0842 -0.2162 117.1686
656 624  0.0523 -0.2484 160.2587
 16 656 -0.1417 -0.0814 52.3004
 48 656 -0.6220 -0.3006 325.7982
 80 656 -0.3605 -0.1667 177.2728
112 656 -0.4071 -0.1870 80.9478
144 656 -0.9388 -0.8648 193.4865
176 656 -1.3194 -0.8411 104.0919
208 656 -1.0389 -0.6797 105.7061
240 656 -1.1343 -0.9500 153.3526
272 656 -1.1058 -1.0956 138.7047
304 656 -1.2479 -0.8326 36.9544
336 656 -0.9334 -0.4952 290.8644
368 656 -0.9246 -0.2880 65.2403
400 656 -0.8660 -0.0402 42.8404
432 656 -0.9544 -0.0373 41.4885
464 656 -0.9342 -0.0372 98.5635
496 656 -0.8854 -0.1581 240.6036
528 656 -0.2876 -0.2665 164.8073
560 656 -0.2224 -0.4335 117.0897
592 656  0.0121 -0.2923 48.8964
624 656  0.0631 -0.2010 84.4508
656 656  0.0590 -0.2459 60.7796
 16 688 -0.0848 -0.1058 34.6993
 48 688 -0.0980 -0.0435 314.2238
 80 688 -0.6103 -0.1028 294.7445
112 688 -0.6964 -0.0373 61.3793
144 688 -0.8905 -0.5959 63.2386
176 688 -1.2074 -1.2272 235.2337
208 688 -1.1139 -0.8960 103.1125
240 688 -0.0852 -0.0798 14.6496
272 688 -1.2269 -0.7867 83.3130
304 688 -1.1708 -0.6453 113.5410
336 688 -0.8443 -0.2653 269.8240
368 688 -0.3631 -0.1164 83.2448
400 688 -0.9456  0.1107 205.6770
432 688 -1.1342  0.0372 172.6130
464 688 -0.8375  0.0103 120.5131
496 688 -0.8370 -0.2501 156.8222
528 688 -0.7194 -0.5031 65.6283
560 688 -0.2548 -0.6339 70.1618
592 688 -0.0766 -0.4123 59.0723
624 688  0.0284 -0.2443 44.6417
656 688  0.0427 -0.2753 54.4706
 16 720 -0.0947 -0.0706 42.4789
 48 720 -0.0649 -0.0261 141.3776
 80 720 -0.0456 -0.0685 263.3108
112 720 -0.4092 -0.1189 26.9536
144 720 -0.1984 -0.0774 89.9815
176 720  0.5178 -0.4019 32.5272
208 720 -0.4386 -0.1908 107.7572
240 720 -1.0282 -0.8549 156.1055
272 720 -1.2037 -0.8173 76.0408
304 720 -1.0877 -0.8252 33.3244
336 720 -1.1190 -0.1816 205.0487
368 720 -0.3552  0.1688 191.5866
400 720 -0.6012  0.3707 66.7827
432 720 -0.0980  0.0883 61.7349
464 720 -0.6633 -0.0595 170.0518
496 720  0.5031 -0.2847 31.4538
528 720  3.0323 -0.0294 10.3344
560 720  0.4125 -0.0243 13.4640
592 720 -0.0108 -0.6151 115.4799
624 720 -0.0062 -0.1919 34.2618
656 720 -0.0169 -0.0935 36.5214
 16 752  0.0078 -0.0138 15.1796
 48 752  0.0033 -0.0504 25.4554
 80 752 -0.0906 -0.0540 64.9615
112 752 -0.0762 -0.1054 184.7039
144 752 -0.0960 -0.0950 256.7440
176 752 -0.3477 -0.4056 82.2652
208 752 -0.6387 -0.6746 94.8247
240 752 -0.9766 -1.3792 53.2174
272 752 -0.0484 -0.4122 85.2667
304 752 -0.8083 -0.4619 35.7498
336 752 -0.2494 -0.1331 113.9408
368 752  0.0554  0.0895 20.8384
400 752  0.1949  0.3509 93.0748
432 752  0.2259  0.0505 22.8207
464 752  0.8559 -0.5685 39.3346
496 752  0.9259 -1.9070 43.5031
528 752  0.8691 -0.0071  8.8619
560 752  1.2248  0.1663  8.6349
592 752 -0.0043  0.0773 51.3354
624 752 -0.1558  0.1373  8.7378
656 752 -0.0546  0.0003 16.9280
 16 784  0.1211 -0.0157 49.7590
 48 784  0.0242 -0.0342 48.2973
 80 784  0.0002 -0.0162 222.3537
112 784  0.0124 -0.0116 154.9024
144 784  0.0119 -0.0665 96.1338
176 784 -0.1130 -0.5037 139.6257
208 784 -0.1368 -0.3601 59.7033
240 784 -0.2160 -0.3559 115.6062
272 784 -0.3880 -0.4248 89.6413
304 784 -0.1617 -0.4034 73.0162
336 784 -0.0134 -0.0790 143.0659
368 784  0.4481  0.0454 295.0339
400 784  0.5441  0.2388 44.7485
432 784  1.9786  0.5987 37.0464
464 784  2.6229 -0.1097 94.5139
496 784  0.1091 -0.1211 17.1048
528 784  0.9140  0.0175 10.9070
560 784  0.3753  0.0996  9.7829
592 784  0.0287 -0.1950 16.1356
624 784 -0.0080  0.0086 27.8732
656 784 -0.0398  0.0561  8.0468
 16 816  0.0927 -0.0087 41.3573
 48 816  0.0114 -0.0155 30.9005
 80 816  0.0460 -0.0221 220.1872
112 816  0.1214 -0.0617 296.6397
144 816  0.0750 -0.1129 47.2032
176 816  0.0205 -0.2273 55.0714
208 816  0.1250 -0.3586 53.8828
240 816 -0.0137 -0.4060 66.7750
272 816  0.1444 -0.1577 26.4461
304 816  0.5812 -0.3134 161.1502
336 816  0.5556 -0.1861 62.1509
368 816  0.8361  0.1329 169.2776
400 816  2.1332  0.5835 70.7901
432 816  2.5887  0.3085 41.0669
464 816  1.9348 -0.1947 24.3449
496 816  0.0597 -0.0080 12.6976
528 816  0.6771 -0.0158  6.4622
560 816  0.1838  0.2238 24.8368
592 816  0.0485  0.0322 26.8547
624 816  0.0042  0.0051 11.2596
656 816 -0.0034  0.0409 26.0127
 16 848  0.0211 -0.0181 18.3749
 48 848  0.0259 -0.0226 20.6488
 80 848  0.0640 -0.0954 87.5193
112 848  0.1197 -0.0823 359.8694
144 848  0.1696 -0.2098 46.8412
176 848  0.1762 -0.0924 193.8034
208 848  0.4715 -0.1452 72.8246
240 848  0.4009 -0.4529 78.4276
272 848  0.0612 -0.0587 15.9574
304 848  0.1289 -0.2020 18.4327
336 848  1.2534 -0.2807 86.2036
368 848  1.7800  0.0670 74.2147
400 848  2.1985  0.2536 38.2615
432 848  2.8155  0.3677 135.9382
464 848  0.0283  0.0644 16.9011
496 848 -0.0193 -0.0187 10.1188
528 848  0.1484  0.0746  5.9043
560 848  0.1592  0.1444 50.5208
592 848  0.0548  0.0472 52.5606
624 848  0.0147  0.1374 94.2546
656 848  0.0058  0.0316 26.3965
 16 880  0.0112 -0.0142 19.4810
 48 880  0.2373 -0.0011 140.3399
 80 880  0.2155 -0.0538 218.2750
112 880  0.1526 -0.0378 125.0279
144 880  0.1189 -0.0990 217.7025
176 880  0.1841 -0.0235 202.8086
208 880  0.2901 -0.2245 312.9512
240 880  0.7220 -0.7338 230.7791
272 880  0.2705 -0.1770 20.5499
304 880  1.0092 -0.9882 34.7024
336 880  0.9169 -0.0446 128.7923
368 880  2.2311 -0.1596 35.7218
400 880  2.6355  0.0971 135.9259
432 880  2.8424  0.4730 61.0697
464 880  0.0200 -0.0377 19.9324
496 880  0.0212  0.0000  5.5407
528 880  0.0501  0.0267 12.6627
560 880  0.0175  0.0722 15.6529
592 880  0.0230  0.1589 40.3059
624 880  0.0026  0.0944 132.9885
656 880 -0.0053  0.0775 146.1684
 16 912  0.1182  0.0107 35.4775
 48 912  0.1410 -0.0259 21.4184
 80 912  0.1702 -0.0196 166.0878
112 912  0.2208 -0.0511 422.4842
144 912  0.4819 -0.0801 161.7847
176 912  0.7659 -0.0975 184.1848
208 912  0.8538 -0.5198 91.3188
240 912  0.3071 -0.6009 87.2072
272 912  0.7673 -0.7806 70.1575
304 912  1.2786 -0.9149 59.4969
336 912  2.0113 -0.8108 60.2555
368 912  1.7463 -0.2658 35.3523
400 912  0.1871  0.0339 17.1431
432 912  0.0094  0.0231 21.6660
464 912  0.0241  0.0179  9.5353
496 912  0.0164  0.0250  4.0554
528 912  0.0040 -0.0037  4.9605
560 912 -0.0021  0.0083 13.8735
592 912  0.0084  0.0634 27.2061
624 912 -0.0007  0.0238 28.0273
656 912 -0.0345  0.1280 44.7241
 16 944  0.0493 -0.0177 153.9135
 48 944  0.1995 -0.0111 38.8702
 80 944  0.1954  0.0073 102.5818
112 944  0.1680  0.0314 146.1504
144 944  0.3530 -0.1251 31.1210
176 944  0.6553 -0.1059 35.7852
208 944  0.1982 -0.1869 100.1506
240 944  0.1928 -0.3444 30.3803
272 944 -0.1604 -0.2850 37.3840
304 944  0.9213 -1.2913 23.5376
336 944  0.7933 -0.8422 125.5822
368 944  1.0075  0.0005 66.9307
400 944 -0.0014  0.0740 12.4636
432 944  0.0228  0.0920 12.3955
464 944  0.0472  0.0189  5.7284
496 944  0.0056 -0.0105  7.6840
528 944  0.0042 -0.0042  4.5919
592 944  0.0033  0.0009  5.9072
624 944  0.0231 -0.0477  8.0557
656 944  0.0301 -0.0301 15.8160
 16 976  0.0860 -0.0362 59.1866
 48 976  0.1455 -0.0196 207.6208
 80 976  0.1080 -0.0280 266.0886
112 976  0.0970 -0.0850 272.9258
144 976  0.1145 -0.3361 44.1958
176 976  0.2614 -0.2105 137.7471
208 976  0.2152 -0.5424 129.1115
240 976  0.1353 -1.0376 97.7493
272 976  0.0933 -0.1752 30.3458
304 976  0.3989 -1.1337 70.3601
336 976  0.4119 -0.8098 48.4537
368 976  0.0011  0.0061 21.5076
400 976  0.0064  0.0404 11.1008
432 976  0.0779  0.1221  7.4254
464 976  0.0113  0.0076 20.2116
496 976  0.0338 -0.0201 17.0043
528 976  0.0122 -0.0135 37.4080
560 976 -0.0374  0.0101  6.3088
656 976  0.1080 -0.1751  4.4647
 16 1008  0.1217 -0.0148 31.4058
 48 1008  0.1658 -0.0086 87.3603
 80 1008  0.1460 -0.0466 50.3904
112 1008  0.2786 -0.0310 85.9154
144 1008  0.1528 -0.0894 64.3868
176 1008  0.2176 -0.0796 92.6373
208 1008  0.1113 -0.3941 99.3759
240 1008  0.2238 -0.3756 193.7574
272 1008  0.0802 -0.2344 26.8213
304 1008  0.0205 -0.6721 18.6788
336 1008  0.0268 -0.1721 15.8340
368 1008  0.0370  0.1506 10.6906
400 1008  0.1990  0.2300  7.1057
432 1008  0.0346  0.0311 18.4549
464 1008  0.1168  0.0035 64.8715
496 1008  0.0976 -0.1501 85.6238
528 1008 -0.0275 -0.0585 22.9077
560 1008 -0.0623  0.0190 10.0103
 16 1040  0.1644 -0.0333 69.8482
 48 1040  0.1560 -0.0167 82.5005
 80 1040  0.1444 -0.0382 29.4468
112 1040  0.2072 -0.0929 161.3315
144 1040  0.2520 -0.1456 97.9814
176 1040  0.0535 -0.2038 192.5431
208 1040  0.3187 -0.4053 108.8761
240 1040  0.0548 -0.0849 18.6093
272 1040  0.0662 -0.7605 41.9339
304 1040 -0.0346 -0.6615 65.6869
336 1040 -0.0643 -0.2986 34.1564
368 1040  0.3617  0.2427 12.7911
400 1040  0.0129  0.0290 56.4177
432 1040  0.0929  0.0441 38.3426
464 1040  0.1090 -0.0147 43.2691
496 1040  0.0409 -0.0725 34.9123
528 1040  0.0017 -0.0245 18.7338
560 1040 -0.0254  0.0645  8.1663
592 1040 -0.1411  0.1478  7.1195
656 1040 -0.0072  0.2143  4.7858
 16 1072  0.1541 -0.0025 44.9118
 48 1072  0.1720 -0.0372 57.7710
 80 1072  0.0736 -0.0232 173.2561
112 1072  0.1284 -0.1067 68.9425
144 1072  0.2012 -0.1347 142.1602
176 1072  0.1166 -0.1203 74.9819
208 1072  0.1792 -0.1589 42.0246
240 1072  0.0993 -0.1820 93.1696
272 1072  0.0187 -0.1819 40.9702
304 1072  0.0120 -0.5275 138.9534
336 1072 -0.0572 -0.1299 235.0247
368 1072 -0.0570 -0.1043 242.5302
400 1072  0.0384 -0.0374 177.6848
432 1072  0.0821 -0.0791 49.5243
464 1072  0.0800 -0.0176 24.2075
496 1072  0.0088 -0.0240 14.6732
528 1072  0.0239 -0.2375 47.4748
560 1072 -0.0054 -0.0034 14.3751
592 1072 -0.0005 -0.0214 15.4117
624 1072 -0.0315  0.0337 14.4171
656 1072 -0.0456  0.0051 13.1574
 16 1104  0.1222 -0.0092 21.8742
 48 1104  0.0268 -0.0090 40.6617
 80 1104  0.1074 -0.0352 82.9318
112 1104  0.1755 -0.1003 170.5686
144 1104  0.1060 -0.0470 27.4154
176 1104  0.0967 -0.0436 57.6730
208 1104  0.1644 -0.1460 228.5247
240 1104  0.1005 -0.1406 202.8941
272 1104  0.0440 -0.0490 28.7292
304 1104  0.0408 -0.2562 42.0316
336 1104  0.0242 -0.1765 195.5824
368 1104  0.0226 -0.1280 179.1153
400 1104  0.1083 -0.0344 136.7377
432 1104  0.1306 -0.0645 52.0349
464 1104  0.0608 -0.0321 33.4598
496 1104  0.0584 -0.0876 62.3255
528 1104  0.0259 -0.0236 15.9818
560 1104 -0.0200  0.0169 23.2236
592 1104  0.0037  0.0144 11.2404
624 1104 -0.0232 -0.0187  8.5892
656 1104  0.0364  0.0308 12.8149
 16 1136  0.0288 -0.0061 13.0338
 48 1136  0.0406 -0.0021 120.5918
 80 1136  0.1048 -0.0650 101.2954
112 1136  0.0613 -0.0191 218.2056
144 1136  0.0998 -0.1166 31.2441
176 1136  0.1165 -0.1498 55.2766
208 1136  0.1131 -0.2300 167.1874
240 1136  0.0602 -0.1109 207.2802
272 1136  0.0723 -0.2559 272.7757
304 1136  0.0564 -0.0335 50.5732
336 1136  0.0469 -0.1362 244.2386
368 1136  0.1016 -0.0535 207.4612
400 1136  0.1304 -0.0713 148.6526
432 1136  0.1267 -0.1100 248.9942
464 1136  0.0745 -0.0421 51.7168
496 1136  0.0319 -0.0352 11.9979
528 1136  0.0128 -0.0340 15.1886
560 1136  0.0337  0.0142 15.9746
592 1136  0.0039 -0.0001 12.2982
624 1136 -0.0281 -0.0217 21.6396
656 1136 -0.0233 -0.0494 35.3877
 16 1168  0.0046 -0.0020 16.0148
 48 1168  0.0547 -0.0132 15.8504
 80 1168  0.0541 -0.0745 76.7511
112 1168  0.1773 -0.0540 20.5199
144 1168  0.0317 -0.0127 17.3729
176 1168  0.2188 -0.1468 136.3277
208 1168  0.1480 -0.0668 40.8297
240 1168  0.2738 -0.1098 85.6918
272 1168  0.0901 -0.0760 207.1876
304 1168  0.0638 -0.0793 38.2828
336 1168  0.0451 -0.1141 149.8029
368 1168  0.0573 -0.0540 61.0402
400 1168  0.0651 -0.0803 219.2564
432 1168  0.1012 -0.0849 86.2555
464 1168  0.1009 -0.0428 172.7616
496 1168  0.0616 -0.0270 26.3936
528 1168 -0.0011  0.0054 13.6781
560 1168 -0.0094 -0.0145 12.7383
592 1168 -0.0005 -0.0344 14.2743
624 1168 -0.0153 -0.0047 10.3012
656 1168  0.0341  0.0399 29.8418
 16 1200  0.0499 -0.0186 14.3886
 48 1200  0.0217 -0.0279 20.5117
 80 1200  0.0897  0.0130 40.1404
112 1200  0.0744 -0.0864 164.5043
144 1200  0.1037 -0.0382 117.0028
176 1200  0.0663 -0.0772 49.2446
208 1200  0.1198 -0.1224 180.5936
240 1200  0.0282 -0.0895 253.5525
272 1200  0.0670 -0.0352 46.3414
304 1200  0.0431 -0.0635 138.3707
336 1200  0.0943 -0.1159 63.2234
368 1200  0.2002 -0.1551 125.5067
400 1200  0.1109 -0.1276 147.8911
432 1200  0.0483 -0.0871 132.2319
464 1200  0.0307 -0.0419 176.1782
496 1200 -0.0036 -0.0324 21.9356
528 1200 -0.0327  0.0087 20.6333
560 1200  0.0030  0.0319 11.4323
592 1200 -0.0008 -0.0024 15.7761
624 1200 -0.0051 -0.0037 12.3674
656 1200 -0.0667  0.0140 31.4371
  0   0 -0.0036 -0.0363  0.0000
  0   0  0.0684 -0.0229  0.0000
  0   0  0.0773  0.0586  0.0000
  0   0  0.0221  0.1361  0.0000
  0   0 -0.0513  0.1692  0.0000
  0   0 -0.0854  0.1408  0.0000
  0   0 -0.0884  0.0384  0.0000
