VARIABLES= "X pix", "Y pix", "U pix/dt", "V pix/dt", "CHC", ZONE I=21, J=30
 16 272 -0.2069 -0.3323 40.7302
 48 272 -0.2355 -0.1036 128.6329
 80 272 -0.0492 -0.0392 86.8766
112 272 -0.1004 -0.0365 380.0089
144 272 -0.1104 -0.1882 34.8662
176 272 -0.0562 -0.2341 233.5809
208 272 -0.0577 -0.0570 199.1940
240 272 -0.1017 -0.0721 166.5429
272 272 -0.0316 -0.0391 264.7474
304 272 -0.0191 -0.0250 245.9311
336 272  0.0065 -0.0141 141.1234
368 272 -0.0033  0.0115 200.9834
400 272  0.0122  0.0058 231.1072
432 272  0.0112  0.0238 165.7453
464 272  0.0010  0.0849 226.1038
496 272  0.0330  0.0507 160.6600
528 272  0.0414  0.0545 132.4709
560 272  0.0299  0.0854 158.1649
592 272  0.0187  0.0571 66.9178
624 272  0.0545  0.0159 159.2972
656 272  0.0287  0.0767 137.3959
 16 304 -0.1347 -0.1476 108.7533
 48 304 -0.1937 -0.0809 35.0319
 80 304 -0.1940 -0.1941 190.3548
112 304 -0.2225 -0.2188 159.9510
144 304 -0.1119 -0.3047 169.0821
176 304 -0.0938 -0.1721 186.3201
208 304 -0.0789 -0.1584 321.9725
240 304 -0.0485 -0.0686 96.9602
272 304 -0.0302 -0.0328 240.8828
304 304 -0.0291 -0.0333 225.2057
336 304 -0.0078 -0.0228 146.8852
368 304  0.0175  0.0092 114.9117
400 304 -0.0009  0.0533 45.0455
432 304  0.0411  0.0363 48.4434
464 304  0.0339  0.0531 159.0765
496 304  0.0190  0.0523 90.6008
528 304  0.0335  0.0829 146.4751
560 304  0.0198  0.0744 77.4272
592 304  0.0294  0.0304 67.4940
624 304  0.0122  0.0218 174.9753
656 304  0.0234  0.0186 95.2412
 16 336 -0.1624 -0.2658 37.6947
 48 336 -0.3845 -0.2812 202.7122
 80 336 -0.1629 -0.4989 159.0775
112 336 -0.1460 -0.1374 448.1638
144 336 -0.0551 -0.0917 28.2824
176 336 -0.2230 -0.2386 263.0566
208 336 -0.0850 -0.1156 188.9530
240 336 -0.2258 -0.0720 108.3408
272 336 -0.0723 -0.0160 46.0040
304 336 -0.0363 -0.0444 193.4302
336 336 -0.0055 -0.0362 84.1473
368 336  0.0004 -0.0122 114.7533
400 336  0.0182 -0.0043 193.2769
432 336  0.0230  0.0229 177.5593
464 336  0.0212  0.0450 125.3134
496 336 -0.0145  0.0059 85.6732
528 336  0.0390  0.0258 187.0369
560 336  0.0357  0.0130 179.7121
592 336  0.0541  0.0658 161.7148
624 336  0.0266  0.0355 118.5647
656 336  0.0331  0.0145 190.9251
 16 368 -0.2304 -0.1180 217.5617
 48 368 -0.2206 -0.5793 163.1011
 80 368 -0.1612 -0.3658 89.9540
112 368 -0.2048 -0.2992 242.4350
144 368 -0.0504 -0.1938 212.4171
176 368 -0.0553 -0.2160 323.2872
208 368 -0.1401 -0.2078 148.2316
240 368 -0.1190 -0.0946 48.6410
272 368 -0.0671 -0.1114 39.0951
304 368 -0.0525 -0.0724 169.1494
336 368 -0.0475 -0.0404 331.4713
368 368 -0.0220 -0.0404 176.0665
400 368 -0.0080 -0.0107 175.3916
432 368  0.0127  0.0290 76.4077
464 368  0.0435  0.0418 194.0254
496 368  0.0387  0.0778 271.4538
528 368  0.0399  0.0223 226.7380
560 368  0.0565  0.0154 231.0125
592 368  0.0558  0.0458 81.5800
624 368  0.0233  0.0177 34.0976
656 368  0.0230  0.0348 109.2269
 16 400 -0.1195 -0.1277 38.3859
 48 400 -0.5732 -0.4153 40.2188
 80 400 -0.1730 -0.4217 244.3173
112 400 -0.2769 -0.1661 174.0889
144 400 -0.1431 -0.2992 212.7221
176 400 -0.1055 -0.3060 240.7025
208 400 -0.2952 -0.1865 256.5480
240 400 -0.0843 -0.1224 88.8468
272 400 -0.0330 -0.2249 169.9043
304 400 -0.0447 -0.0794 217.1733
336 400 -0.0273 -0.0518 125.3998
368 400 -0.0061 -0.0345 248.0018
400 400 -0.0287 -0.0202 133.3941
432 400 -0.0012 -0.0127 121.0087
464 400  0.0476  0.0321 259.7521
496 400 -0.0077  0.0700 183.1378
528 400  0.0319  0.0496 157.3710
560 400  0.0083  0.0388 198.3121
592 400  0.0393  0.0405 115.7712
624 400  0.0389  0.0296 166.6138
656 400  0.0453 -0.0185 158.0272
 16 432 -0.0613 -0.0274 19.7872
 48 432 -0.0923 -0.1272 20.7636
 80 432 -0.1898 -0.1582 162.7470
112 432 -0.4460 -0.4106 190.5252
144 432 -0.1409 -0.3662 165.9041
176 432 -0.0352 -0.1779 44.6818
208 432 -0.0536 -0.0322 13.7886
240 432 -0.2763 -0.1883 216.1633
272 432 -0.1848 -0.0906 96.7644
304 432 -0.0753 -0.1149 192.9128
336 432 -0.0362 -0.1107 177.5169
368 432 -0.0201 -0.0794 210.5954
400 432  0.0013 -0.0161 179.5672
432 432  0.0111 -0.0093 166.9124
464 432  0.0379  0.0054 95.5325
496 432  0.0188 -0.0285 198.1752
528 432  0.0424  0.0155 114.1967
560 432 -0.0091 -0.0542 198.5065
592 432  0.0422  0.0376 194.7611
624 432  0.0429  0.0158 28.5394
656 432  0.0588  0.0054 100.5601
 16 464 -0.4591 -0.5925 99.2557
 48 464 -0.3232 -0.3942 170.4566
 80 464 -0.2253 -0.2952 136.4202
112 464 -0.6511 -0.2560 111.5241
144 464 -0.2798 -0.4088 289.6759
176 464 -0.1127 -0.5702 226.4496
208 464 -0.1649 -0.5993 54.3627
240 464 -0.1066 -0.1080 84.7623
272 464 -0.1394 -0.3286 386.8584
304 464 -0.1898 -0.2462 366.2099
336 464 -0.0514 -0.4302 111.2686
368 464 -0.0385 -0.0835 246.8609
400 464 -0.0723 -0.0751 102.1965
432 464  0.0223 -0.0145 40.1585
464 464  0.0106  0.0124 125.4785
496 464  0.0021  0.0106 203.2965
528 464  0.0274  0.0375 115.1562
560 464  0.0603  0.0219 65.1885
592 464  0.0635  0.0083 259.8731
624 464  0.0370  0.0144 275.9253
656 464  0.1044 -0.0175 185.7422
 16 496 -0.1964 -0.0730 30.8887
 48 496 -0.3271 -0.5674 43.6350
 80 496 -0.6683 -0.2339 121.9152
112 496 -0.1997 -0.5102 19.7370
144 496 -0.7652 -0.1436 96.4232
176 496 -0.5492 -0.5521 179.3156
208 496 -0.1782 -0.5674 122.3673
240 496 -0.2128 -0.5109 94.1493
272 496 -0.1478 -0.4321 152.1858
304 496 -0.1513 -0.3116 158.3786
336 496 -0.0132 -0.1793 149.9089
368 496 -0.0325 -0.1036 156.1842
400 496 -0.0158 -0.0035 206.0117
432 496 -0.0037 -0.0802 158.4805
464 496  0.0147  0.0071 178.9767
496 496  0.0164  0.0277 111.3027
528 496  0.0174  0.0156 155.8193
560 496 -0.0037  0.0181 64.1884
592 496  0.0640  0.0094 181.1243
624 496  0.0997 -0.0072 43.2543
656 496  0.0997 -0.0426 83.2233
 16 528 -0.6997 -0.4409 62.1791
 48 528 -0.4715 -0.2622 71.5216
 80 528 -0.5734 -0.3726 154.3990
112 528 -0.2916 -0.2360 45.5166
144 528 -0.7940 -0.5517 254.6082
176 528 -0.2696 -1.1492 187.8077
208 528 -0.1770 -0.6140 244.1987
240 528 -0.2251 -0.7120 118.4503
272 528 -0.1598 -0.6155 91.3352
304 528 -0.1412 -0.4101 101.3911
336 528 -0.1204 -0.2039 191.0660
368 528 -0.1047 -0.1551 163.9941
400 528 -0.0435 -0.0175 217.6786
432 528 -0.0651 -0.0021 97.4994
464 528 -0.0172  0.0112 116.4443
496 528  0.0006  0.0137 105.7704
528 528  0.0308  0.0081 212.7024
560 528  0.0351 -0.0009 67.9338
592 528  0.0415 -0.0203 58.6200
624 528  0.0466  0.0003 35.0330
656 528  0.0963 -0.0342 109.9998
 16 560 -0.1293 -0.0694 20.7394
 48 560 -1.2784 -0.6199 60.1338
 80 560 -0.4067 -0.3278 120.9288
112 560 -0.4473 -0.3167 92.3125
144 560 -0.6496 -1.0962 108.9451
176 560 -0.5579 -0.6747 287.7795
208 560 -0.6463 -0.8592 124.6119
240 560 -0.5236 -0.9467 80.1520
272 560 -0.2867 -0.3813 158.5048
304 560 -0.5438 -0.1769 437.4575
336 560 -0.1952 -0.3376 195.6221
368 560 -0.1355 -0.1402 179.2657
400 560 -0.1430 -0.1021 112.3524
432 560 -0.0690 -0.0565 36.2149
464 560 -0.1433  0.0089 93.7690
496 560 -0.0622  0.0080 172.3015
528 560 -0.0072 -0.0291 197.3455
560 560  0.0243 -0.0315 152.6156
592 560  0.0643 -0.0239 21.6391
624 560 -0.0180 -0.0701 26.9651
656 560  0.0633 -0.0640 179.9131
 16 592 -0.4830 -0.3580 38.8926
 48 592 -0.1079 -0.2233 29.1126
 80 592 -0.3765 -0.4128 182.5727
112 592 -0.2622 -0.2454 86.3397
144 592 -0.9111 -0.9312 128.7242
176 592 -0.9188 -0.8761 134.1775
208 592 -0.8693 -0.9384 140.6984
240 592 -0.8001 -1.4185 210.5327
272 592 -0.8657 -0.8132 34.5895
304 592 -0.6326 -0.4403 148.1982
336 592 -0.3458 -0.2607 149.8371
368 592 -0.5391 -0.4170 163.6152
400 592 -0.2666 -0.0279 185.5874
432 592 -0.1216 -0.0434 119.0829
464 592 -0.2315  0.0500 81.0430
496 592 -0.0899 -0.0201 152.7369
528 592 -0.0706 -0.0689 135.6455
560 592 -0.0615 -0.1056 83.9909
592 592  0.0336 -0.0816 39.4704
624 592  0.0970 -0.1639 201.0706
656 592  0.1423 -0.1910 109.5505
 16 624 -0.1810 -0.0859 203.4418
 48 624 -0.6489 -0.1606 243.7172
 80 624 -0.4163 -0.4327 72.8561
112 624 -0.7327 -0.7206 25.7833
144 624 -0.9560 -0.7283 191.3228
176 624 -0.9519 -0.8939 222.8155
208 624 -1.0002 -1.3441 31.9056
240 624 -0.8498 -0.7610 59.0801
272 624 -1.5324 -0.9558 212.7547
304 624 -1.0063 -0.7192 56.2939
336 624 -0.5730 -0.3134 116.0089
368 624 -0.3628 -0.3019 92.1956
400 624 -0.7054 -0.0974 137.0340
432 624 -0.6053 -0.0349 88.1934
464 624 -0.3856 -0.0063 57.2421
496 624 -0.0480 -0.0723 205.2724
528 624 -0.1641 -0.1670 156.7325
560 624 -0.1736 -0.0974 257.0848
592 624  0.0216 -0.1954 59.5197
624 624  0.0667 -0.2194 129.1978
656 624  0.1668 -0.2354 89.6172
 16 656 -0.2237 -0.1381 53.1682
 48 656 -0.1713 -0.1268 275.7196
 80 656 -0.2784 -0.2126 181.1635
112 656 -0.8130 -0.3259 210.3932
144 656 -0.8687 -0.9165 199.5800
176 656 -1.2526 -0.7479 92.3984
208 656 -1.4468 -1.0394 204.3234
240 656 -1.0508 -0.8165 190.1980
272 656 -1.5247 -1.2220 71.0323
304 656 -1.0918 -0.8923 25.6628
336 656 -1.0102 -0.6285 90.7586
368 656 -0.8019 -0.1908 62.7474
400 656 -0.8084 -0.0450 44.0778
432 656 -0.7194  0.0094 176.8157
464 656 -0.8106 -0.0766 175.1829
496 656 -0.5768 -0.1732 201.2280
528 656 -0.4532 -0.1278 27.7255
560 656 -0.3049 -0.4410 81.0965
592 656 -0.0354 -0.0954 34.0807
624 656  0.0476 -0.2686 91.0477
656 656  0.0379 -0.2528 85.0728
 16 688 -0.3371 -0.1157 40.9576
 48 688 -0.1213 -0.0171 192.6529
 80 688 -0.1612 -0.2404 125.3843
112 688 -0.2342 -0.1942 142.4421
144 688 -0.7070 -0.4525 75.8597
176 688 -1.5149 -0.9202 127.0486
208 688 -0.2999 -0.1098 26.2733
240 688 -1.3100 -0.8016 182.0910
272 688 -1.2217 -0.7627 25.9982
304 688 -1.5404 -0.7780 101.1583
336 688 -0.9336 -0.3376 195.4053
368 688 -0.9461 -0.0237 180.6467
400 688 -1.0050 -0.0112 102.6958
432 688 -1.2204  0.1374 143.7303
464 688 -0.8132 -0.2008 181.5815
496 688 -0.8871 -0.2555 117.3345
528 688 -0.2435 -0.7996 145.2468
560 688 -0.4839 -0.5328 88.2130
592 688 -0.0662 -0.3991 146.3994
624 688 -0.0032 -0.2278 39.9524
656 688  0.0186 -0.4355 93.8941
 16 720 -0.0570 -0.0365 45.7113
 48 720 -0.3647 -0.0408 33.8172
 80 720 -0.1491 -0.0672 223.0096
112 720 -0.4279 -0.0750 30.5109
144 720 -0.1692 -0.0574 137.6494
176 720 -0.8464 -0.8576 249.4904
208 720 -1.0965 -0.8159 145.5192
240 720 -1.1279 -1.1082 196.5339
272 720 -1.1476 -0.6677 24.2536
304 720 -1.2818 -0.5407 95.4876
336 720 -0.8399 -0.3570 190.8622
368 720 -0.4423  0.1182 169.5003
400 720 -0.3455  0.2189 72.5661
432 720 -0.0123  0.1418 25.1809
464 720  0.0161 -0.0881 89.8409
496 720  0.6523 -1.1863 82.8347
528 720  0.1034 -0.0032 21.1679
560 720  1.0185  0.0693 13.1359
592 720 -0.0190 -0.5146 47.3086
624 720 -0.0261 -0.3013 49.9567
656 720 -0.0524 -0.1198 42.4512
 16 752 -0.0048 -0.0087 17.8291
 48 752  0.0047 -0.0162 36.9562
 80 752 -0.0284 -0.0551 366.2693
112 752 -0.0924 -0.0289 247.1948
144 752 -0.2084 -0.1672 206.0335
176 752 -0.3133 -0.2486 126.2993
208 752 -0.2662 -0.3018 148.6762
240 752 -0.9400 -0.8819 67.5549
272 752 -0.9263 -0.9144 23.5417
304 752 -0.7404 -0.5200 146.6270
336 752 -0.6192 -0.2498 106.8185
368 752 -0.0060  0.0229 30.9430
400 752  0.6190  0.4908 46.4442
432 752  0.6645  0.3202 21.5000
464 752  1.9220 -0.2819 58.4904
496 752  1.0178 -1.7323 32.5353
528 752  0.1462 -0.0465 12.0637
560 752  1.3003  0.1516  9.9724
592 752  0.1163  0.1645 18.9816
624 752 -0.1062  0.0583  9.0893
656 752 -0.0233 -0.0173 18.0628
 16 784  0.0035 -0.0053 38.5019
 48 784  0.0259 -0.0142 98.0862
 80 784 -0.0028 -0.0278 172.2232
112 784 -0.0381 -0.0749 199.5995
144 784 -0.0311 -0.0945 70.9429
176 784 -0.1125 -0.1468 127.7602
208 784 -0.1148 -0.3945 49.8440
240 784 -0.1000 -0.3766 69.3334
272 784 -0.3228 -0.4847 91.0863
304 784 -0.1970 -0.3199 91.5395
336 784  0.0018 -0.1324 171.1497
368 784  0.4776  0.0866 264.7716
400 784  0.7481  0.4009 20.2379
432 784  2.0561  0.5733 72.6797
464 784  2.7290 -0.6481 89.0781
496 784  0.2840 -0.0058 21.5351
528 784  0.3265  0.0900 11.7148
560 784  0.4826  0.1886  6.8491
592 784  0.0170 -0.1178 14.3140
624 784 -0.0296  0.0173 25.2221
656 784 -0.0506  0.0927  8.1566
 16 816  0.0328  0.0135 28.1035
 48 816  0.0231 -0.0313 60.1850
 80 816  0.0220 -0.0392 219.4177
112 816  0.0322 -0.0809 207.0466
144 816  0.0319 -0.0827 87.4199
176 816  0.0417 -0.1463 30.6273
208 816  0.0162 -0.1301 184.8637
240 816 -0.2719 -0.6728 64.1547
272 816 -0.1756 -0.5066 49.9503
304 816  0.0021 -0.1597 18.2674
336 816  0.3886 -0.4080 143.9727
368 816  0.8725  0.0562 211.1412
400 816  1.3496  0.2637 118.3469
432 816  1.9739  0.2309 14.2000
464 816  2.9722 -0.1306 45.5341
496 816  0.0286 -0.0002 16.4347
528 816  0.1055  0.0110  6.2915
560 816  0.1444  0.1707 12.8253
592 816  0.0536  0.0135 21.4622
624 816  0.0013 -0.0130 10.8670
656 816 -0.0295  0.0167 16.4026
 16 848 -0.0161 -0.0330 17.6587
 48 848 -0.0021 -0.0093 23.2071
 80 848  0.0684 -0.0714 125.6440
112 848  0.3403 -0.0250 387.7754
144 848  0.0362 -0.0533 560.0833
176 848  0.1541 -0.0593 173.4384
208 848  0.3812 -0.0999 254.6957
240 848  0.1473 -0.4169 143.3363
272 848  0.0416 -0.3261 24.1682
304 848  0.0980 -0.1358 16.1837
336 848  1.1124 -0.2518 85.0986
368 848  1.2709 -0.0565 149.9666
400 848  2.1250  0.1346 56.0254
432 848  2.2162  0.3541 40.1936
464 848  0.0133 -0.0596 15.9938
496 848  0.0328  0.0241 12.3049
528 848  0.1067  0.0870  5.4049
560 848  0.0671  0.0570 94.9818
592 848  0.0755  0.0364 51.6107
624 848  0.0162  0.0398 76.1711
656 848  0.0133  0.0074 25.6028
 16 880  0.0351  0.0005 14.5077
 48 880  0.0867 -0.0037 292.0203
 80 880  0.0542 -0.0191 219.2464
112 880  0.1079 -0.0465 89.0993
144 880  0.1727 -0.0918 231.7458
176 880  0.1500 -0.1757 137.6450
208 880  0.3414 -0.0213 456.1001
240 880  0.3156 -0.4116 47.1259
272 880  0.1994 -1.0211 248.1196
304 880  0.3661 -0.7454 27.3328
336 880  1.1312 -0.8666 42.8986
368 880  1.8707 -0.2411 58.6309
400 880  1.8224  0.1008 110.5740
432 880  1.6733  0.0939 52.8246
464 880  1.9135  0.1235 20.5946
496 880  0.0519  0.0383  5.7199
528 880  0.0575  0.0316 10.7937
560 880 -0.0230  0.1014 12.9140
592 880 -0.0124  0.1925 42.9110
624 880  0.0383  0.0820 102.1108
656 880 -0.0586  0.3240 113.9757
 16 912  0.1082  0.0105 17.3436
 48 912  0.1526 -0.0260 31.7904
 80 912  0.0785 -0.0224 224.3419
112 912  0.2469 -0.1545 112.1482
144 912  0.1299 -0.1082 166.6900
176 912  0.1219 -0.1597 272.0083
208 912  0.6141 -0.2995 151.4662
240 912  0.3159 -0.2285 67.4178
272 912  0.3485 -0.3193 58.2474
304 912  0.8775 -0.8617 70.7257
336 912  1.4758 -0.2539 23.1535
368 912  1.2646 -0.1839 27.5442
400 912  0.6475  0.0208 19.2112
432 912  0.6334  0.2315 16.5353
464 912  0.0252  0.0172  9.7902
496 912  0.0568  0.0315  4.0716
528 912  0.0106 -0.0164  4.8901
560 912  0.0197 -0.0131 13.7690
592 912  0.0012 -0.0277 16.4723
624 912  0.0290 -0.0163 32.1575
656 912 -0.0008  0.0815 82.1091
 16 944  0.1936 -0.0024 32.2531
 48 944  0.0179 -0.0216 49.8325
 80 944  0.1204 -0.0006 135.9987
112 944  0.3126 -0.0408 80.7908
144 944  0.4609 -0.1970 35.7628
176 944  0.1014 -0.1549 159.8321
208 944  0.5231 -0.1958 94.8762
240 944  0.1685 -0.2424 181.1916
272 944  0.1506 -1.0408 49.3477
304 944  0.4582 -0.6461 17.7619
336 944  0.2933 -0.4026 119.2052
368 944  0.0240 -0.0763 20.6564
400 944  0.0865  0.0474 13.0419
432 944 -0.0095 -0.0033 14.0107
464 944  0.0617 -0.0052  5.7085
496 944  0.0014 -0.0201  7.8205
528 944  0.0054 -0.0054  4.6554
592 944  0.0314 -0.3761  4.4839
624 944  0.0764 -0.2393  6.2531
656 944  0.0569 -0.1110  9.4772
 16 976  0.0756 -0.0235 123.5071
 48 976  0.2401 -0.0474 70.6535
 80 976  0.0691 -0.0560 160.9520
112 976  0.1412 -0.0790 265.8482
144 976  0.0773 -0.0853 110.9020
176 976  0.3114 -0.1572 82.7714
208 976  0.1209 -0.2185 78.7816
240 976  0.2346 -0.3826 89.9199
272 976  0.2460 -0.2674 28.7222
304 976  0.2766 -0.9514 99.2330
336 976  0.2399 -0.4126 33.7496
368 976  0.0116 -0.0025 23.8808
400 976  0.0032 -0.0074 11.6275
432 976  0.0039  0.0084  7.2220
464 976 -0.0165 -0.0184 20.1990
496 976 -0.0179  0.0001 18.7309
528 976 -0.0111 -0.0152 26.0356
560 976 -0.2026  0.0411  5.1579
 16 1008  0.1349  0.0045 113.3447
 48 1008  0.1616 -0.0210 56.3238
 80 1008  0.1886 -0.0268 40.8497
112 1008  0.1762  0.0516 382.9001
144 1008  0.3180 -0.1752 38.4740
176 1008  0.1655 -0.1919 61.4551
208 1008  0.1239 -0.2633 104.9502
240 1008  0.4367 -0.3108 112.4682
272 1008  0.0129 -0.3520 44.5765
304 1008 -0.0095 -0.3306 14.9155
336 1008  0.0036 -0.1906 19.0431
368 1008  0.0437  0.0430 10.8459
400 1008  0.0437 -0.0051  8.0394
432 1008  0.0023  0.0024 17.3605
464 1008 -0.0026 -0.0239 84.3359
496 1008  0.0015 -0.1028 82.5888
528 1008 -0.0432 -0.0618 16.1792
560 1008 -0.0876  0.0671  8.0313
 16 1040  0.0440  0.0146 86.6660
 48 1040  0.2789 -0.0242 84.3383
 80 1040  0.1174 -0.0706 95.2832
112 1040  0.1567 -0.1126 201.3595
144 1040  0.0763 -0.1184 194.4772
176 1040  0.1027 -0.0858 278.9397
208 1040  0.0888 -0.4217 152.6303
240 1040  0.0472 -0.2304 54.3289
272 1040  0.0645 -0.2016 27.9616
304 1040 -0.0090 -0.7253 43.0829
336 1040 -0.2276 -0.1941 34.2594
368 1040  0.0927  0.0566 12.7012
400 1040  0.0154  0.0184 40.4325
432 1040  0.0211  0.0085 49.1228
464 1040  0.0913 -0.0232 32.4069
496 1040  0.0532 -0.0990 21.5805
528 1040 -0.0660  0.0851 20.6973
560 1040  0.0267  0.0355 12.1761
592 1040 -0.1163 -0.0085  5.0505
 16 1072  0.0486 -0.0032 211.5301
 48 1072  0.0479 -0.0208 221.3560
 80 1072  0.1522 -0.0213 274.4700
112 1072  0.2186 -0.1226 50.2095
144 1072  0.1385 -0.1418 142.0887
176 1072  0.1070 -0.1277 97.3946
208 1072  0.0246 -0.0892 289.7935
240 1072  0.0535 -0.2047 135.9383
272 1072  0.0319 -0.0987 118.0458
304 1072  0.0108 -0.3105 234.2123
336 1072 -0.0453 -0.2497 131.9483
368 1072 -0.0500 -0.0542 312.6479
400 1072  0.0159 -0.0687 172.4286
432 1072  0.0616 -0.0652 51.6673
464 1072  0.0651 -0.0325 23.5190
496 1072 -0.0130 -0.0371 18.6860
528 1072  0.0137 -0.1048 37.5581
560 1072 -0.0204  0.0134 15.0912
592 1072 -0.0970  0.0696 12.3018
624 1072  0.0922  0.2031  6.2091
656 1072  0.0664  0.1298 10.7038
 16 1104  0.0738 -0.0239 26.4386
 48 1104  0.0505 -0.0131 48.0131
 80 1104  0.0519 -0.0428 143.7084
112 1104  0.0284 -0.1037 211.2917
144 1104  0.0352 -0.0374 42.1986
176 1104  0.0807 -0.0545 59.7013
208 1104  0.1936 -0.1119 237.8846
240 1104  0.0511 -0.1765 262.7005
272 1104 -0.0339 -0.0695 32.7663
304 1104  0.0198 -0.4695 55.8557
336 1104  0.0142 -0.1058 161.7022
368 1104  0.0429 -0.1096 154.0760
400 1104  0.0320 -0.0406 163.0633
432 1104  0.0456 -0.1336 139.9928
464 1104  0.0248 -0.1038 34.2964
496 1104 -0.0146 -0.0394 34.3944
528 1104  0.0386 -0.0256 16.8929
560 1104 -0.0128  0.0308 17.6332
592 1104  0.0400  0.0387 10.8845
624 1104  0.0235  0.0104 15.2985
656 1104  0.0306  0.0104 11.6092
 16 1136  0.0254 -0.0106 16.9703
 48 1136  0.0797 -0.0487 78.9609
 80 1136  0.1292 -0.0376 32.9482
112 1136  0.0357 -0.0245 145.7800
144 1136  0.0738 -0.0655 51.3141
176 1136  0.1166 -0.1416 68.0374
208 1136  0.0789 -0.0934 134.8773
240 1136  0.0587 -0.2410 199.3140
272 1136  0.0354 -0.0930 363.0708
304 1136  0.0173 -0.0664 152.3833
336 1136  0.0501 -0.0808 184.5926
368 1136  0.0515 -0.0880 221.9242
400 1136  0.0708 -0.0367 226.8048
432 1136  0.1472 -0.1816 257.0728
464 1136  0.0385 -0.0967 100.4415
496 1136 -0.0104 -0.0472 15.3837
528 1136 -0.0131 -0.0249 12.5984
560 1136  0.0087 -0.0457 16.6836
592 1136 -0.0169 -0.0024 15.4554
624 1136 -0.0660  0.0328 17.2844
656 1136 -0.0745 -0.0526 35.4721
 16 1168  0.0453  0.0327 13.8585
 48 1168  0.0906 -0.0347 20.7087
 80 1168  0.0260 -0.0207 122.8810
112 1168  0.0964 -0.0664 30.3942
144 1168 -0.0091  0.0015 21.5800
176 1168  0.1844 -0.0635 223.7803
208 1168  0.1038 -0.1127 33.8697
240 1168  0.0556 -0.0700 166.5134
272 1168  0.0600 -0.1104 177.8233
304 1168  0.0654 -0.0553 105.2449
336 1168  0.0553 -0.2172 70.2230
368 1168  0.0218 -0.0432 81.8247
400 1168  0.0359 -0.0968 210.5308
432 1168  0.0507 -0.1200 138.2676
464 1168  0.0401 -0.0889 119.5430
496 1168  0.0133 -0.0128 23.2630
528 1168  0.0062 -0.0039 12.8945
560 1168  0.0069 -0.0223 11.2381
592 1168  0.0031 -0.0110 15.4249
624 1168 -0.0068 -0.0203  9.6711
656 1168 -0.0324  0.0051 30.4548
 16 1200  0.0457  0.0005 17.2700
 48 1200  0.0245 -0.0336 13.7660
 80 1200  0.0766 -0.0152 83.7709
112 1200  0.1022 -0.0758 170.7506
144 1200  0.0436 -0.0398 162.5253
176 1200  0.0573 -0.0632 44.4452
208 1200  0.0834 -0.0845 213.1949
240 1200  0.0565 -0.0985 220.7566
272 1200  0.0286 -0.0810 37.0962
304 1200  0.0370 -0.0792 168.8667
336 1200  0.0582 -0.1204 61.5442
368 1200  0.0474 -0.1805 174.8459
400 1200  0.1231 -0.0984 77.6501
432 1200  0.0741 -0.0637 137.9015
464 1200  0.0782 -0.0524 253.4178
496 1200  0.0444 -0.0208 18.4249
528 1200  0.0017 -0.0169 19.2819
560 1200  0.0044  0.0129 11.7403
592 1200  0.0030  0.0241 14.2503
624 1200 -0.0233 -0.0065 12.6741
656 1200 -0.0664 -0.0099 33.2798
  0   0 -0.0295 -0.0971  0.0000
  0   0 -0.0041 -0.1233  0.0000
  0   0 -0.0168 -0.0460  0.0000
  0   0 -0.0371  0.0716  0.0000
  0   0 -0.0380  0.1312  0.0000
  0   0 -0.0271  0.0978  0.0000
  0   0 -0.0283  0.0659  0.0000
  0   0 -0.0555  0.0509  0.0000
  0   0 -0.0995  0.0670  0.0000
