VARIABLES= "X pix", "Y pix", "U pix/dt", "V pix/dt", "CHC", ZONE I=21, J=30
 16 272 -0.0217 -0.3120 178.0493
 48 272 -0.0339 -0.1710 152.1406
 80 272 -0.0941 -0.0888 182.0593
112 272 -0.0605 -0.1924 238.9673
144 272 -0.0502 -0.0857 29.7874
176 272 -0.0644 -0.0521 150.7639
208 272 -0.0805 -0.0971 297.2475
240 272 -0.0049 -0.0538 329.8914
272 272 -0.0248 -0.0482 224.3152
304 272 -0.0632 -0.0216 261.9574
336 272  0.0116 -0.0141 238.2850
368 272 -0.0028  0.0122 68.9050
400 272  0.0171  0.0427 125.4262
432 272  0.0171  0.0731 179.7918
464 272  0.0298  0.0229 219.9506
496 272  0.0245  0.0987 226.3682
528 272  0.0487  0.0878 199.5700
560 272  0.0476  0.1011 94.2448
592 272  0.0408  0.0858 120.1188
624 272  0.0405  0.0268 111.9905
656 272  0.0510  0.0592 223.0551
 16 304 -0.0992 -0.1867 99.8960
 48 304 -0.0750 -0.2689 46.0131
 80 304 -0.1242 -0.2089 283.7481
112 304 -0.0885 -0.0397 61.3173
144 304 -0.1023 -0.1142 248.3878
176 304 -0.0921 -0.1110 225.9757
208 304 -0.0631 -0.0715 261.8016
240 304 -0.0339 -0.0080 34.5468
272 304 -0.0523  0.0026 25.8751
304 304 -0.0163 -0.0301 189.0358
336 304  0.0010  0.0103 38.9085
368 304  0.0110  0.0229 315.3116
400 304  0.0174  0.0523 50.4628
432 304  0.0139  0.0318 220.5460
464 304  0.0254  0.0949 368.5105
496 304  0.0115  0.1193 179.9255
528 304  0.0305  0.0444 112.4041
560 304  0.0330  0.0553 201.4768
592 304  0.0384  0.0533 100.1030
624 304  0.0345  0.0428 167.4831
656 304  0.0215  0.0311 162.0284
 16 336 -0.0243 -0.0486 22.1738
 48 336 -0.0820 -0.1537 107.2392
 80 336 -0.2270 -0.3062 85.0643
112 336 -0.1617 -0.0031 132.5258
144 336 -0.0891 -0.1204 253.7977
176 336 -0.1369 -0.1326 47.7850
208 336 -0.1082 -0.1006 140.1771
240 336 -0.0686 -0.0929 267.4557
272 336 -0.0204 -0.0477 224.5019
304 336 -0.0193 -0.0603 203.2711
336 336 -0.0161  0.0100 177.4344
368 336  0.0011  0.0348 239.6753
400 336  0.0098  0.0276 214.3748
432 336  0.0063  0.0438 200.2977
464 336  0.0244  0.0494 254.6894
496 336  0.0474  0.0892 127.6129
528 336  0.0198  0.0898 68.3393
560 336  0.0717  0.0671 57.2707
592 336  0.0263  0.0308 49.9591
624 336  0.0336  0.0465 86.8230
656 336  0.0333  0.0424 148.2046
 16 368 -0.0814 -0.0707 25.6127
 48 368 -0.2121 -0.4655 62.5988
 80 368 -0.5663 -0.0326 202.0626
112 368 -0.0450 -0.1098 149.8645
144 368 -0.1013 -0.3729 132.8344
176 368 -0.2197 -0.2547 172.1680
208 368 -0.0625 -0.0484 100.6553
240 368 -0.0860 -0.1240 169.6280
272 368 -0.0862 -0.1385 66.9852
304 368 -0.1035 -0.0444 214.4860
336 368 -0.0304 -0.0158 148.4210
368 368  0.0062 -0.0039 187.1420
400 368  0.0015  0.0250 114.7272
432 368 -0.0042  0.0257 74.2410
464 368 -0.0271  0.0447 314.5778
496 368  0.0462  0.0802 173.8255
528 368  0.0168  0.1073 105.5647
560 368  0.0301  0.0382 135.0134
592 368 -0.0003  0.0519 146.6222
624 368  0.0398  0.0362 103.0675
656 368  0.0460  0.0816 215.0866
 16 400 -0.3840 -0.3783 236.2564
 48 400 -0.2630 -0.2619 36.5539
 80 400 -0.1701 -0.3202 239.0555
112 400 -0.0758 -0.1249 109.8250
144 400 -0.1223 -0.1401 305.1349
176 400 -0.1817 -0.3749 145.2770
208 400 -0.1420 -0.1449 192.7901
240 400 -0.1160 -0.1021 234.8507
272 400 -0.0925 -0.0869 70.1642
304 400  0.0014 -0.0489 168.9450
336 400 -0.0245 -0.0482 200.7645
368 400 -0.0019 -0.0310 103.4702
400 400  0.0016  0.0133 176.8011
432 400  0.0114  0.0317 153.0597
464 400  0.0372  0.0646 166.6602
496 400  0.0197  0.0459 134.1061
528 400  0.0190  0.0435 123.2187
560 400  0.0434  0.0611 107.9882
592 400  0.0822  0.0594 155.5599
624 400  0.0349  0.0403 123.4801
656 400  0.0630  0.0668 245.5229
 16 432 -0.2030 -0.2806 111.4036
 48 432 -0.2898 -0.2348 36.6558
 80 432 -0.3601 -0.6303 54.6602
112 432 -0.6387 -0.2887 71.7404
144 432 -0.1726 -0.0935 357.6966
176 432 -0.2831 -0.3995 171.3599
208 432 -0.1538 -0.1432 51.9928
240 432 -0.1971 -0.2136 132.6812
272 432 -0.1642 -0.1808 109.2392
304 432 -0.0748 -0.0544 33.1470
336 432 -0.0442 -0.1216 44.4925
368 432 -0.0291 -0.0279 263.2155
400 432 -0.0196  0.0016 129.0089
432 432  0.0134  0.0020 296.9304
464 432 -0.0073  0.0301 150.4729
496 432  0.0537  0.0765 37.5030
528 432  0.0527  0.0536 131.1692
560 432  0.0518  0.0194 95.6769
592 432  0.0507  0.0410 136.9711
624 432  0.0994  0.1585 79.1111
656 432  0.0325  0.0450 92.5280
 16 464 -0.2048 -0.0417 15.1013
 48 464 -0.6705 -0.4532 24.3175
 80 464 -0.5213 -0.3815 80.4899
112 464 -0.1941 -1.0860 119.1313
144 464 -0.6908 -0.1947 121.2837
176 464 -0.1790 -0.3460 33.1357
208 464 -0.1901 -0.3319 279.3280
240 464 -0.3408 -0.3120 194.0381
272 464 -0.1035 -0.1966 31.0614
304 464 -0.0880 -0.1023 74.3271
336 464 -0.0884 -0.1559 99.4256
368 464 -0.0425 -0.0340 401.0263
400 464 -0.0477  0.0131 213.5037
432 464 -0.0041  0.0301 172.9306
464 464  0.0007  0.0247 139.8727
496 464  0.0179  0.0214 55.8529
528 464  0.0601  0.0881 158.2604
560 464  0.0429  0.0680 163.9369
592 464  0.0780  0.0575 168.6548
624 464  0.0249  0.0243 114.2355
656 464  0.0462  0.0180 170.1927
 16 496 -0.7237 -0.5406 98.9704
 48 496 -0.4231 -0.4253 99.7843
 80 496 -0.4305 -0.4459 167.3883
112 496 -0.6912 -0.8249 122.5565
144 496 -0.4607 -1.0124 50.6893
176 496 -0.7487 -0.2787 176.7228
208 496 -0.2404 -0.3454 160.8819
240 496 -0.1821 -0.2194 269.0168
272 496 -0.3441 -0.3546 205.3020
304 496 -0.1907 -0.2939 240.6515
336 496 -0.0529 -0.0708 210.4899
368 496 -0.0737 -0.0279 95.7005
400 496 -0.0386 -0.0227 165.4850
432 496 -0.0080 -0.0275 207.0066
464 496  0.0027  0.0237 184.3805
496 496  0.0827  0.0872 173.4923
528 496  0.0027  0.0425 67.8508
560 496  0.0442  0.0155 83.5918
592 496  0.1038  0.0327 81.5951
624 496  0.0659  0.0239 73.6067
656 496  0.0731  0.0338 102.6686
 16 528 -0.2999 -0.1383 49.8743
 48 528 -0.6088 -0.3257 83.0905
 80 528 -0.0838 -0.2305 74.6009
112 528 -0.2883 -0.3313 35.1935
144 528 -0.7280 -0.6819 151.6709
176 528 -0.4380 -0.6711 43.4426
208 528 -0.3884 -0.5705 42.5483
240 528 -0.4034 -0.4845 156.6522
272 528 -0.1975 -0.2847 114.4510
304 528 -0.2268 -0.2846 124.8529
336 528 -0.1570 -0.3519 40.1575
368 528 -0.0898 -0.1347 77.7688
400 528  0.0110  0.0088 145.4330
432 528 -0.0696 -0.0527 229.3102
464 528 -0.0366  0.0014 122.0764
496 528 -0.0217 -0.0019 138.8179
528 528 -0.0049  0.0251 188.0828
560 528  0.0744  0.0159 37.9348
592 528  0.0744  0.0311 193.1758
624 528  0.1346 -0.0028 161.0571
656 528  0.0582  0.0139 85.8759
 16 560 -0.3969 -0.1013 48.9454
 48 560 -0.7901 -0.2600 67.6093
 80 560 -0.7787 -0.3896 76.6233
112 560 -0.7493 -0.6192 232.8054
144 560 -1.0184 -0.8050 26.9576
176 560 -0.6643 -0.3626 45.2207
208 560 -1.0567 -0.8403 259.8941
240 560 -0.6021 -0.7471 201.2226
272 560 -0.5461 -0.4424 71.9007
304 560 -0.4176 -0.3989 159.6775
336 560 -0.1385 -0.1032 259.4708
368 560 -0.1369 -0.1454 186.6125
400 560 -0.1283 -0.1026 124.3568
432 560 -0.0739 -0.0249 124.0382
464 560 -0.0766  0.0064 108.5322
496 560 -0.0523  0.0033 209.2464
528 560 -0.0117 -0.0234 196.0011
560 560  0.0211 -0.0856 195.3578
592 560  0.0382 -0.0150 228.0195
624 560  0.0456 -0.0338 90.8117
656 560  0.0453 -0.0611 65.7359
 16 592 -0.4077 -0.1299 24.7577
 48 592 -0.5420 -0.0681 40.4303
 80 592 -1.1807 -0.4019 171.8864
112 592 -0.8945 -0.7158 276.7204
144 592 -0.8521 -0.7033 34.6968
176 592 -0.7051 -0.9273 168.7579
208 592 -0.1088 -0.3347 12.7785
240 592 -0.7432 -0.7364 140.0035
272 592 -0.5835 -0.5577 82.9541
304 592 -0.7121 -0.5627 101.9577
336 592 -0.2619 -0.2729 168.5685
368 592 -0.3311 -0.2081 168.2085
400 592 -0.2604 -0.1482 130.5525
432 592 -0.3672 -0.0263 39.3286
464 592 -0.1637 -0.0108 106.9282
496 592 -0.0920 -0.0084 61.3810
528 592  0.0029  0.0189 89.6770
560 592  0.0249 -0.1133 42.1742
592 592  0.0135 -0.0834 31.2648
624 592  0.1349 -0.0198 113.6705
656 592  0.1867 -0.1033 124.0847
 16 624 -0.1104 -0.0670 22.4730
 48 624 -0.7004 -0.3523 58.4010
 80 624 -0.8360 -0.3207 166.8570
112 624 -0.8345 -0.5019 152.5009
144 624 -0.2123 -0.0789 13.3291
176 624 -0.9206 -0.8313 42.9913
208 624 -0.9672 -0.8904 155.7612
240 624 -1.1112 -0.6162 56.7179
272 624 -1.1560 -0.8413 149.7806
304 624 -1.2587 -0.8914 47.7218
336 624 -0.9728 -0.5118 166.7081
368 624 -0.1941 -0.2327 63.7872
400 624 -0.5733 -0.1337 377.3155
432 624 -0.6968 -0.0222 79.0948
464 624 -0.3962 -0.0581 155.3890
496 624 -0.1462 -0.2731 87.2154
528 624 -0.2930 -0.1932 127.9004
560 624 -0.0449 -0.2142 118.7930
592 624  0.0529 -0.2050 44.6219
624 624  0.1875 -0.0831 230.3991
656 624  0.1843 -0.3596 142.1670
 16 656 -0.1682 -0.1411 116.5702
 48 656 -0.4047 -0.0545 42.2972
 80 656 -0.7572 -0.4899 135.1263
112 656 -0.7411 -0.3905 281.1964
144 656 -1.1679 -0.4446 84.6113
176 656 -1.0580 -0.9509 37.7739
208 656 -0.9276 -0.9091 97.4976
240 656 -0.9284 -1.2298 22.9074
272 656 -1.0395 -1.1236 196.2093
304 656 -0.9890 -0.6724 223.1126
336 656 -0.8861 -0.4818 64.9855
368 656 -0.9323 -0.1151 228.4409
400 656 -0.8384 -0.0108 109.4177
432 656 -1.1530 -0.0648 60.8195
464 656 -0.7308 -0.0932 39.7577
496 656 -0.2934 -0.1439 258.0209
528 656 -0.1824 -0.1401 112.5951
560 656 -0.1416 -0.4208 140.4371
592 656  0.0341 -0.4893 105.2534
624 656  0.1817 -0.3288 199.8955
656 656  0.1922 -0.3268 66.3338
 16 688 -0.1645 -0.2477 45.6605
 48 688 -0.1333 -0.2748 78.5114
 80 688 -0.1748 -0.1393 207.5668
112 688 -0.2744 -0.0900 15.7469
144 688 -0.6427 -0.3891 32.4542
176 688 -0.9764 -0.8141 108.1833
208 688 -1.0338 -0.9519 148.5031
240 688 -1.1894 -0.8445 235.9447
272 688 -1.2590 -0.7334 53.5782
304 688 -0.9260 -0.4757 31.2366
336 688 -0.8211 -0.2728 172.9366
368 688 -0.6005 -0.3738  1.0000
400 688 -0.3838  0.2005 100.4305
432 688 -0.5055  0.1820 44.2577
464 688 -0.2955 -0.4200 63.9972
496 688 -0.6227 -0.1826 211.6521
528 688 -0.2341 -0.5325 60.1124
560 688 -0.1734 -0.5007 53.0718
592 688 -0.0428 -0.7379 80.7171
624 688  0.0567 -0.6141 133.9563
656 688  0.1452 -0.4527 27.5605
 16 720 -0.0422 -0.0104 21.5202
 48 720 -0.0652 -0.0614 109.3065
 80 720 -0.1802 -0.0101 92.5620
112 720 -0.1570 -0.1002 231.1747
144 720 -0.7529 -0.5987 42.1153
176 720 -0.6953 -0.4540 46.6744
208 720 -0.9517 -0.9457 64.2301
240 720 -0.2620 -0.3219 167.7413
272 720 -1.1685 -1.2553 65.7148
304 720 -0.8145 -0.4543 28.1513
336 720 -0.2493 -0.1939 99.2183
368 720 -0.3406 -0.0924 160.4786
400 720 -0.3715  0.3115 198.1018
432 720  0.4049  0.1134 21.2249
464 720  0.2031 -0.1926 53.4508
496 720  0.2019 -1.1508 253.9190
528 720  0.1718 -0.5545 20.2710
560 720  1.1848  0.0922 12.7323
592 720  0.1480 -0.0803 37.5359
624 720  0.0830 -0.0996 32.9919
656 720 -0.0182 -0.5884 139.1126
 16 752  0.0028 -0.0134 16.6060
 48 752 -0.0355 -0.0541 216.8336
 80 752 -0.0739 -0.0630 99.4099
112 752 -0.1597 -0.1049 204.6051
144 752 -0.1139 -0.0897 169.2264
176 752 -0.2500 -0.4105 182.6311
208 752 -0.7310 -0.6816 235.8273
240 752 -0.2740 -0.0091 18.8951
272 752 -0.9383 -0.7153 105.9529
304 752 -0.9233 -0.6062 222.7560
336 752 -0.1953 -0.0122 80.5617
368 752 -0.0095  0.0865 139.4797
400 752  0.4823  0.3031 39.9467
432 752  1.3142  0.2212 47.5458
464 752  1.5644 -0.7682 113.7840
496 752  1.5561 -1.2860 95.5999
528 752  0.3125 -0.4484 11.0380
560 752  1.5791 -0.0393 10.2190
592 752  0.0940  0.0210 18.2746
624 752 -0.3044  0.1425 10.6768
656 752 -0.0666  0.0095 16.5884
 16 784  0.0204 -0.0195 62.5487
 48 784 -0.0150 -0.0266 28.0779
 80 784 -0.0063 -0.0593 208.2031
112 784 -0.0148 -0.0291 288.0324
144 784 -0.0199 -0.0330 44.3116
176 784 -0.2348 -0.1831 73.5415
208 784 -0.3058 -0.4222 29.8988
240 784 -0.0414 -0.1930 68.1840
272 784 -0.1163 -0.3084 65.6014
304 784  0.0113 -0.1966 24.1714
336 784 -0.0200 -0.0555 153.8559
368 784  0.4105  0.0366 48.5288
400 784  1.2457  0.3173 86.1417
432 784  1.9432  0.2742 58.8606
464 784  2.4418 -0.4101 74.9813
496 784  2.0527 -1.5453 45.1258
528 784  0.5871 -0.0775 13.9296
560 784  0.5048  0.0485  7.0883
592 784  0.1152 -0.0612 19.8692
624 784 -0.0409  0.0225 29.5300
656 784 -0.0617  0.1310  9.5102
 16 816  0.0535  0.0092 17.8172
 48 816  0.0455 -0.0197 119.0562
 80 816  0.0758 -0.0670 132.3810
112 816  0.0841 -0.1062 272.4133
144 816  0.0133 -0.0710 159.2550
176 816  0.0703 -0.3956 192.5250
208 816  0.0254 -0.3670 228.5356
240 816  0.0463 -0.6199 79.7010
272 816 -0.0571 -1.1627 86.4308
304 816  0.0652 -0.4470 178.6796
336 816  0.2604 -0.0816 155.4662
368 816  0.9008  0.0355 81.7837
400 816  2.1784  0.4347 75.6455
432 816  1.1265  0.2808 88.4649
464 816  0.8019  0.0932 40.6920
496 816  0.1093 -0.2024 14.6585
528 816  0.2387  0.0824  7.4562
560 816  0.1696  0.1859 13.5694
592 816  0.0962  0.0482 24.8441
624 816  0.0022  0.0928  9.8210
656 816 -0.0170  0.0576 28.2793
 16 848  0.0208 -0.0499 18.1356
 48 848  0.1986 -0.0266 160.6978
 80 848  0.1961 -0.0732 101.4153
112 848  0.1309 -0.2447 171.2771
144 848  0.3788 -0.1047 129.1250
176 848  0.0978 -0.1601 230.1997
208 848  0.1712 -0.4671 296.5118
240 848  0.1812 -0.4644 36.1031
272 848  0.3316 -0.6617 166.7920
304 848  0.3409 -0.2425 46.9621
336 848  1.1099 -0.2395 130.4875
368 848  1.5130 -0.0166 132.3542
400 848  2.3792  0.0291 113.4917
432 848  0.6117  0.0888 43.2835
464 848  0.2894  0.0635 12.8506
496 848  0.0636 -0.0205 13.7338
528 848  0.1522  0.1200  6.2035
560 848  0.1170  0.1581 70.6838
592 848  0.1304  0.1791 118.4138
624 848  0.0620  0.1266 35.6201
656 848  0.0159  0.0300 25.3014
 16 880  0.2174 -0.0087 55.2914
 48 880  0.1806 -0.0313 139.3828
 80 880  0.0990 -0.1479 235.6460
112 880  0.1216 -0.2321 230.9599
144 880  0.2509 -0.1005 21.5673
176 880  0.2356 -0.1927 78.8809
208 880  0.3559 -0.4086 144.4411
240 880  0.9852 -0.7442 99.9345
272 880  0.1329 -0.8602 77.4709
304 880  0.1096 -0.5235 103.8788
336 880  1.4249 -0.3700 103.3847
368 880  2.2733 -0.2777 182.6897
400 880  2.7184  0.1609 122.1817
432 880  2.1913  0.0990 21.0177
464 880  0.7590 -0.1505 24.2948
496 880  0.0048 -0.0124  5.8463
528 880  0.0884  0.0383 11.1752
560 880  0.1428  0.0982 26.1886
592 880  0.0862  0.1984 27.7552
624 880  0.0463  0.1578 76.9011
656 880 -0.0345  0.1557 28.4540
 16 912  0.0593  0.0091 36.6198
 48 912  0.2275 -0.1021 91.0698
 80 912  0.2638 -0.1297 57.3044
112 912  0.2253 -0.1055 208.9046
144 912  0.1960 -0.1192 26.0859
176 912  0.5880 -0.4081 65.2529
208 912  0.3598 -0.1698 139.6184
240 912  0.7686 -0.4892 51.2583
272 912  0.8470 -0.6024 40.4295
304 912  0.2070 -0.0890 14.0770
336 912  1.2826 -0.4493 51.2483
368 912  1.8464 -0.2014 76.0012
400 912  1.1492  0.1143 42.2635
432 912  0.1192  0.0124 16.9487
464 912 -0.0159 -0.0117 10.1413
496 912 -0.0229 -0.0778  4.0554
528 912  0.0283 -0.0235  4.8743
560 912  0.0372 -0.0238 12.7892
592 912  0.0080  0.1108 23.5335
624 912  0.0263  0.0478 15.3659
656 912 -0.0478  0.1361 17.5918
 16 944  0.0346 -0.0170 56.8387
 48 944  0.0702 -0.0035 12.7337
 80 944  0.1167 -0.0806 160.8238
112 944  0.2361 -0.0170 52.5723
144 944  0.3237 -0.0898 75.1229
176 944  0.1851 -0.1512 32.8433
208 944  0.6545 -0.5234 55.4841
240 944  0.3645 -0.3268 53.5242
272 944  0.7642 -0.8071 103.5389
304 944  0.0881 -0.3939 28.8985
336 944  0.9467 -0.8300 40.3259
368 944  0.4339  0.0400 163.7435
400 944 -0.0139  0.5342 14.0874
432 944 -0.0034 -0.0199 15.1038
464 944 -0.0005  0.0099  6.6162
496 944 -0.0067 -0.0080  8.0866
528 944  0.0168 -0.0168  4.6774
592 944  0.0199 -0.0245  5.8329
624 944  0.0162 -0.0221 20.9485
656 944 -0.0162  0.0722 33.4713
 16 976  0.0928  0.0162 78.5000
 48 976  0.0898 -0.0195 25.6479
 80 976  0.1544 -0.1044 75.7789
112 976  0.2563 -0.0724 224.2619
144 976  0.0485 -0.0542 11.2878
176 976  0.2894 -0.2324 75.1926
208 976  0.2309 -0.3112 97.0112
240 976  0.1948 -0.5424 113.1323
272 976  0.7727 -0.7995 51.8415
304 976  0.5309 -1.0206 60.8865
336 976  0.0241 -0.2154 46.7667
368 976  0.0836 -0.0016 24.1261
400 976  0.0002 -0.0069 13.1926
432 976  0.0603  0.0054  8.8762
464 976 -0.0034 -0.0030 21.3946
496 976 -0.0051  0.0025 19.3909
528 976  0.0140 -0.0088 32.9492
560 976 -0.0215 -0.0198  7.4770
592 976 -0.0872 -0.1497  6.5355
624 976 -0.0750 -0.0236  4.4833
656 976  0.0206 -0.0456  6.9561
 16 1008  0.1794 -0.0083 84.9916
 48 1008  0.1216 -0.0170 45.3044
 80 1008  0.1104 -0.0682 33.3665
112 1008  0.3665 -0.1159 69.9690
144 1008  0.0954 -0.1489 152.1860
176 1008  0.1253 -0.1055 31.0596
208 1008  0.7506 -0.1514 189.2695
240 1008  0.6264 -0.1630 82.9905
272 1008  0.1318 -0.3854 107.1173
304 1008 -0.0532 -0.8219 195.3435
336 1008  0.0025  0.0731 19.2331
368 1008  0.0495 -0.0407 10.6297
400 1008  0.0339  0.0580 10.9470
432 1008  0.0074  0.0170 17.7190
464 1008  0.1110 -0.0519 209.7802
496 1008  0.0063 -0.0080 18.1722
528 1008  0.0226 -0.0541 20.7314
560 1008 -0.0319 -0.0017  8.2464
592 1008 -0.0435  0.0593 11.7533
624 1008 -0.0327  0.2518  5.2258
656 1008  0.0658  0.2201  6.3132
 16 1040  0.1308  0.0018 30.2691
 48 1040  0.0916  0.0068 260.7579
 80 1040  0.1201 -0.0354 52.1339
112 1040  0.1506 -0.0663 238.5876
144 1040  0.1960 -0.0815 82.9474
176 1040  0.1920 -0.0959 34.9972
208 1040  0.1441 -0.0859 27.2579
240 1040  0.0457 -0.5421 73.4102
272 1040  0.0193 -0.2203 91.1254
304 1040 -0.0150 -0.6882 179.2526
336 1040 -0.0798 -0.3773 60.3477
368 1040  0.0200  0.0224 11.6405
400 1040  0.0279  0.0114 39.5930
432 1040  0.0236  0.0019 42.5180
464 1040  0.1353 -0.0352 55.1898
496 1040  0.0725 -0.1123 30.9846
528 1040  0.0032 -0.0718 27.5493
560 1040 -0.0641  0.0275  9.5370
592 1040 -0.0155  0.0151 21.0088
624 1040  0.0061 -0.0063 14.7441
656 1040 -0.0130 -0.0004 11.3165
 16 1072  0.0672 -0.0076 27.8754
 48 1072  0.2364 -0.0178 192.7438
 80 1072  0.2477 -0.0934 99.0774
112 1072 -0.0014 -0.1075 111.0281
144 1072  0.0774 -0.0837 277.4260
176 1072  0.2324 -0.1576 100.6992
208 1072  0.2200 -0.1010 146.9277
240 1072  0.0360 -0.1301 30.9023
272 1072  0.0415 -0.2442 134.9901
304 1072 -0.0372 -0.4141 186.5867
336 1072 -0.0287 -0.2011 250.5533
368 1072 -0.0037 -0.1754 255.1126
400 1072  0.0587 -0.1370 68.8427
432 1072  0.1078 -0.0755 64.4234
464 1072  0.0163 -0.0653 104.8683
496 1072  0.0461 -0.0234 22.7268
528 1072  0.0180 -0.0181 15.5502
560 1072 -0.0137 -0.0072 15.4136
592 1072 -0.0838 -0.0389  7.9630
624 1072 -0.0320 -0.0149 12.2991
656 1072 -0.0112  0.0095 31.7870
 16 1104  0.1398 -0.0289 25.9213
 48 1104  0.0349  0.0028 37.6344
 80 1104  0.0643 -0.0249 102.3633
112 1104  0.2785 -0.0539 112.5848
144 1104  0.0923 -0.0293 69.0410
176 1104  0.0421 -0.0500 287.5193
208 1104  0.1403 -0.0543 78.2399
240 1104  0.0241 -0.0588 181.1349
272 1104  0.0540 -0.2984 246.1205
304 1104  0.0324 -0.1303 167.9073
336 1104  0.0126 -0.1059 228.9909
368 1104  0.0404 -0.0523 20.6379
400 1104  0.0342 -0.0298 45.5282
432 1104  0.0245 -0.0056 28.0358
464 1104  0.0678 -0.2174 109.0809
496 1104 -0.0150 -0.0096 14.9040
528 1104 -0.0027 -0.0488 16.4666
560 1104 -0.0032 -0.0172 12.5021
592 1104 -0.0591  0.0107 15.9386
624 1104  0.0466  0.0206 15.5813
656 1104  0.0090  0.0219 20.5246
 16 1136  0.0693 -0.0145 20.6505
 48 1136  0.0659  0.0094 29.0853
 80 1136  0.1643 -0.0157 68.4240
112 1136  0.1123 -0.0602 136.9721
144 1136  0.0408 -0.1021 121.3293
176 1136  0.0680 -0.0956 32.0876
208 1136  0.0356 -0.3799 209.4829
240 1136  0.1031 -0.2246 80.3056
272 1136  0.0397 -0.1918 242.0061
304 1136  0.0681 -0.1382 95.2815
336 1136  0.0717 -0.1507 90.8853
368 1136  0.0571 -0.1102 145.7336
400 1136  0.0755 -0.1723 145.1441
432 1136  0.0496 -0.0939 93.2703
464 1136  0.1009 -0.1916 80.0296
496 1136  0.0813 -0.1903 87.9255
528 1136  0.0372 -0.2034 73.2095
560 1136 -0.0116 -0.1338 46.9067
592 1136  0.0337 -0.0533 15.1159
624 1136  0.0162 -0.0063 25.7225
656 1136  0.0251  0.0007 33.6238
 16 1168  0.0146 -0.0024 22.5116
 48 1168  0.0868 -0.0331 39.2970
 80 1168  0.0756 -0.0130 84.7071
112 1168  0.0778 -0.0302 212.3849
144 1168  0.1790 -0.1362 38.4368
176 1168  0.0739 -0.0856 76.4164
208 1168  0.0380 -0.0747 369.3233
240 1168  0.0336 -0.0484 74.4072
272 1168  0.0357 -0.0814 85.7619
304 1168  0.0529 -0.0668 112.2573
336 1168  0.0832 -0.1454 124.6993
368 1168  0.0538 -0.1264 81.0296
400 1168  0.0583 -0.1170 138.4697
432 1168  0.0691 -0.1076 74.5664
464 1168  0.0491 -0.3280 270.9301
496 1168 -0.0100  0.0164 16.3585
528 1168  0.0116  0.0095 13.9357
560 1168 -0.0040 -0.0271 14.8826
592 1168  0.0180  0.0016 14.6116
624 1168  0.0088 -0.0324 10.5639
656 1168 -0.0005 -0.0363 25.1536
 16 1200  0.0610 -0.0255 15.7604
 48 1200  0.0357 -0.0366 20.8940
 80 1200  0.0013  0.0061 11.1964
112 1200  0.0398 -0.0220 89.3991
144 1200  0.0449 -0.0402 25.2396
176 1200  0.0981 -0.1239 187.2253
208 1200  0.0779 -0.1501 55.4411
240 1200  0.1983 -0.1496 52.5910
272 1200  0.0239 -0.0809 277.8261
304 1200  0.0524 -0.1532 85.3762
336 1200  0.0449 -0.1011 196.1226
368 1200  0.0912 -0.0783 151.9473
400 1200  0.0556 -0.1234 147.1832
432 1200  0.2199 -0.0918 181.4209
464 1200  0.0808 -0.0948 202.1772
496 1200 -0.0215  0.0204 14.6377
528 1200 -0.0096 -0.0096 19.3141
560 1200  0.0074 -0.0166  9.9541
592 1200  0.0302  0.0271 17.2134
624 1200  0.1640  0.0226 26.4877
656 1200  0.0393  0.0286 11.0940
  0   0 -0.0405 -0.0697  0.0000
