VARIABLES= "X pix", "Y pix", "U pix/dt", "V pix/dt", "CHC", ZONE I=21, J=30
 16 272 -0.0144 -0.2041 337.3384
 48 272 -0.0423 -0.1206 220.2388
 80 272 -0.0210 -0.1111 156.6574
112 272 -0.0926 -0.1519 190.0313
144 272 -0.0056 -0.0375 260.8384
176 272  0.0210 -0.0901 279.5555
208 272 -0.0225 -0.1064 269.3269
240 272  0.0256 -0.0594 330.4951
272 272  0.0434 -0.0405 300.2019
304 272  0.1044 -0.0501 239.4487
336 272 -0.0062 -0.0667 203.2777
368 272  0.0643  0.0146 59.1850
400 272  0.0662  0.0004 101.7138
432 272  0.0423  0.0317 162.1756
464 272  0.1240  0.0586 213.9320
496 272  0.0766  0.0342 180.9618
528 272  0.0472  0.0653 147.7379
560 272  0.0418  0.0274 88.6077
592 272  0.0573  0.0449 92.0333
624 272  0.0506  0.0219 119.2614
656 272  0.0790 -0.0018 146.3649
 16 304 -0.0542 -0.2644 229.4668
 48 304 -0.1485 -0.1183 211.9374
 80 304 -0.0497 -0.2632 210.6837
112 304 -0.1017 -0.1823 314.5551
144 304 -0.0567 -0.1747 217.3902
176 304  0.0025 -0.1383 142.4121
208 304  0.0219 -0.0734 460.6830
240 304 -0.0100 -0.0524 52.2648
272 304 -0.0019 -0.0821 319.0450
304 304  0.0248 -0.0031 251.6781
336 304  0.0377  0.0046 32.5982
368 304  0.0983  0.0011 312.3840
400 304  0.0507  0.0248 66.8897
432 304  0.0512  0.0320 61.6346
464 304  0.0644  0.0409 310.0159
496 304  0.0798  0.0426 137.5816
528 304  0.0471  0.0678 101.7206
560 304  0.0350  0.0316 311.9414
592 304  0.1100  0.0464 95.0119
624 304  0.0866  0.0390 131.2304
656 304  0.0860  0.0063 90.0569
 16 336 -0.0278 -0.2160 53.7561
 48 336 -0.1683 -0.1698 142.5445
 80 336 -0.0994 -0.2826 177.9901
112 336 -0.0659 -0.1499 136.8274
144 336 -0.1144 -0.1039 81.0388
176 336 -0.0288 -0.3326 196.3912
208 336 -0.0481 -0.1604 326.4757
240 336  0.0334 -0.1220 315.2127
272 336  0.0417 -0.0987 267.0605
304 336  0.0318 -0.0381 243.3651
336 336  0.0429  0.0041 162.1885
368 336  0.1054 -0.0058 141.7304
400 336  0.0377  0.0122 183.3424
432 336  0.0741  0.0131 206.2772
464 336  0.0547  0.0481 222.8628
496 336  0.0662  0.0328 161.0121
528 336  0.1189  0.0223 85.2694
560 336  0.0768 -0.0023 214.8794
592 336  0.0729  0.0414 46.5674
624 336  0.1300  0.0371 120.3775
656 336  0.0724  0.0218 132.8364
 16 368 -0.5170 -0.9376 124.8492
 48 368 -0.1500 -0.1250 148.6774
 80 368 -0.0780 -0.4280 183.1058
112 368 -0.1410 -0.3005 39.0168
144 368 -0.0832 -0.1592 421.0674
176 368 -0.1126 -0.2021 267.3523
208 368 -0.1111 -0.1834 84.0108
240 368 -0.0460 -0.1610 242.1830
272 368 -0.0172 -0.0926 66.3383
304 368 -0.0064 -0.0498 176.1751
336 368  0.0235 -0.0914 224.7206
368 368  0.0081  0.0786 215.9763
400 368  0.0516  0.0087 164.5031
432 368  0.0397  0.0406 47.1164
464 368  0.0682  0.0685 249.3108
496 368  0.1017  0.0330 52.8972
528 368  0.0781  0.0177 157.9352
560 368  0.0656  0.0253 146.7177
592 368  0.0310  0.0216 150.5941
624 368  0.0894  0.0130 118.1123
656 368  0.0765  0.0298 72.9699
 16 400 -0.1234 -0.2291 26.3142
 48 400 -0.2563 -0.2514 81.8386
 80 400 -0.1742 -0.3848 232.2527
112 400 -0.0900 -0.5912 56.7377
144 400  0.0081 -0.2527 38.9254
176 400 -0.1316 -0.1361 63.5843
208 400 -0.0351 -0.1618 135.4693
240 400 -0.1000 -0.1513 63.2701
272 400 -0.1111 -0.1239 154.8123
304 400 -0.0065 -0.0587 112.5495
336 400  0.0130 -0.0201 257.2077
368 400  0.0187  0.0066 124.0097
400 400  0.0709 -0.0035 156.0043
432 400  0.0737  0.0184 264.2049
464 400  0.0543  0.0596 145.0885
496 400  0.0598  0.0393 136.7677
528 400  0.0729  0.0166 160.9409
560 400  0.0490  0.0314 90.4188
592 400  0.1271  0.0198 150.8226
624 400  0.0750 -0.0001 155.9202
656 400  0.0650 -0.0209 202.5090
 16 432 -0.3630 -0.1551 147.3004
 48 432 -0.1761 -0.0169 21.4971
 80 432 -0.3699 -0.2349 119.8099
112 432 -0.2656 -0.2285 135.1573
144 432 -0.5908 -0.1827 312.9207
176 432 -0.1458 -0.3221 225.0192
208 432 -0.1442 -0.4552 88.9435
240 432 -0.0596 -0.4898 122.1526
272 432 -0.0216 -0.1733 61.8730
304 432 -0.0013 -0.0599 21.6232
336 432  0.0055 -0.0713 60.9182
368 432  0.0188 -0.0308 124.5443
400 432  0.0501 -0.0092 200.9834
432 432  0.0334  0.0087 207.6460
464 432  0.0850  0.0306 101.8735
496 432  0.0452  0.0363 36.8064
528 432  0.0620  0.0067 268.5115
560 432  0.1161  0.0217 81.4808
592 432  0.1099  0.0150 131.2773
624 432  0.1116  0.0210 92.2711
656 432  0.0950  0.0476 71.7026
 16 464 -0.9946  0.8931 55.9091
 48 464 -0.5579 -0.3903 201.4773
 80 464 -0.6163 -0.8671 184.2260
112 464 -0.5302 -0.3039 91.1920
144 464 -0.7419 -0.1512 256.1571
176 464 -0.1856 -0.4992 142.5126
208 464 -0.2208 -0.4598 83.6341
240 464 -0.1355 -0.1762 281.1341
272 464 -0.0889 -0.3846 70.4974
304 464 -0.1404 -0.0994 74.0495
336 464 -0.0566 -0.1147 109.0328
368 464 -0.0348 -0.1003 101.3388
400 464  0.0206 -0.0144 151.7095
432 464  0.0209  0.0226 67.0928
464 464  0.0104 -0.0147 165.6184
496 464  0.0550 -0.0139 71.5152
528 464  0.0886  0.0129 110.5383
560 464  0.0772 -0.0257 148.0411
592 464  0.0799  0.0560 186.1616
624 464  0.0837  0.0039 167.8242
656 464  0.1228 -0.0257 225.9032
 16 496 -0.4433 -0.3292 63.3029
 48 496 -0.2718 -0.6530 91.3523
 80 496 -0.2042 -0.3592 112.5566
112 496 -0.1359 -0.2244 14.0809
144 496 -0.2170 -0.1053 138.5574
176 496 -0.3532 -0.3993 94.5005
208 496 -0.3714 -0.3326 263.5977
240 496 -0.1336 -0.4902 148.6908
272 496 -0.0957 -0.4425 243.6192
304 496 -0.1516 -0.2003 166.8820
336 496 -0.0226 -0.0426 13.1870
368 496 -0.0527 -0.0911 92.4748
400 496  0.0245 -0.0312 146.4434
432 496  0.0155 -0.0392 110.4307
464 496  0.0059 -0.0284 149.1583
496 496  0.0275 -0.0056 224.0688
528 496  0.0835 -0.0027 123.0308
560 496  0.0711 -0.0126 60.2660
592 496  0.1814 -0.0703 91.1191
624 496  0.0848 -0.0372 89.9709
656 496  0.0972 -0.0135 120.6617
 16 528 -0.8346 -0.6134 50.7465
 48 528 -0.7512 -0.2433 29.3576
 80 528 -0.6551 -0.3268 17.8023
112 528 -0.6285 -0.6547 203.6178
144 528 -0.1076 -0.2304 137.7784
176 528 -0.5767 -0.6930 65.1925
208 528 -0.2212 -0.8065 112.2790
240 528 -0.2915 -0.5222 19.9390
272 528 -0.2290 -0.6182 207.0191
304 528 -0.3291 -0.2600 137.1229
336 528 -0.0606 -0.1431 119.6930
368 528 -0.0909 -0.0823 168.5205
400 528 -0.1237 -0.1185 342.5645
432 528 -0.0596 -0.0478 91.3603
464 528 -0.0455 -0.0183 216.8003
496 528  0.0037 -0.0021 103.5358
528 528  0.0565  0.0298 27.5025
560 528  0.0261 -0.0155 38.5658
592 528  0.0757 -0.0334 76.3618
624 528  0.1345 -0.0448 134.3940
656 528  0.0922 -0.0699 33.9189
 16 560 -0.2454 -0.1625 29.8886
 48 560 -0.0605 -0.1643 65.3380
 80 560 -0.2050 -0.4873 173.5812
112 560 -0.3926 -0.6447 172.5216
144 560 -0.7380 -0.6936 263.3553
176 560 -0.9800 -0.7142 65.3844
208 560 -0.5620 -0.6494 47.9343
240 560 -0.6427 -0.7952 70.0000
272 560 -0.7086 -0.3419 184.2784
304 560 -0.3250 -0.0613 90.9891
336 560 -0.1196 -0.0639 30.5159
368 560 -0.1509 -0.1379 203.9919
400 560 -0.0825 -0.0703 483.7549
432 560 -0.0844 -0.0545 176.8043
464 560 -0.0925 -0.0435 72.0015
496 560 -0.0433 -0.0807 172.8993
528 560  0.0084 -0.0729 181.1514
560 560  0.0628 -0.0933 187.6175
592 560  0.1367 -0.1034 160.5325
624 560  0.1926 -0.0684 63.8156
656 560  0.0922  0.0035 62.1681
 16 592 -0.5830 -0.3212 143.1755
 48 592 -0.2964 -0.5080 141.0560
 80 592 -0.4166 -0.4280 151.3663
112 592 -0.6767 -0.3534 18.2655
144 592 -1.2247 -0.6900 68.3226
176 592 -0.8517 -0.8808 47.2529
208 592 -1.2338 -1.1301 158.8659
240 592 -0.5664 -0.6467 98.5079
272 592 -0.3813 -0.6222 85.5986
304 592 -0.5804 -0.3015 146.2787
336 592  0.0063 -0.0072 27.6017
368 592 -0.1152 -0.2100 207.7387
400 592 -0.0720 -0.0822 310.2278
432 592 -0.1937 -0.0994 228.7682
464 592 -0.0972 -0.0857 108.6156
496 592 -0.1293 -0.0595 125.3105
528 592 -0.2739 -0.0742 152.2751
560 592 -0.0202 -0.1601 51.0975
592 592  0.1557 -0.0974 44.5430
624 592  0.1538 -0.1431 35.8358
656 592  0.2723 -0.1977 164.2273
 16 624 -0.1190 -0.0301 21.5524
 48 624 -0.2974 -0.0985 60.3033
 80 624 -0.6644 -0.3666 158.6953
112 624 -1.2016 -0.4857 98.6184
144 624 -0.8056 -0.6970 34.1229
176 624 -0.4313 -0.4186 92.7517
208 624 -0.4128 -0.4891 113.6959
240 624 -0.8282 -0.8620 66.0475
272 624 -0.2998 -0.2134 33.6324
304 624 -0.4693 -0.3845 127.6339
336 624 -0.3941 -0.2518 30.6236
368 624 -0.3949 -0.2792 143.7058
400 624 -0.4355 -0.1058 176.4158
432 624 -0.3352 -0.0863 171.8551
464 624 -0.3266 -0.0819 166.6566
496 624 -0.2614 -0.1004 166.7001
528 624 -0.0913 -0.0843 157.3801
560 624  0.0112 -0.3085 106.7252
592 624  0.0688 -0.3608 59.9352
624 624  0.1536 -0.2736 166.9973
656 624  0.2058 -0.3154 73.3909
 16 656 -0.1292 -0.1946 55.2897
 48 656 -0.2957 -0.0878 19.2560
 80 656 -0.4800 -0.1965 87.4662
112 656 -0.9559 -0.5818 122.6383
144 656 -0.2989 -0.2933 40.0832
176 656 -0.2910 -0.1464 129.6409
208 656 -0.7803 -0.1586 155.7548
240 656 -1.0876 -0.7623 162.5080
272 656 -0.9287 -0.9375 177.2714
304 656 -0.8694 -0.7667 46.7829
336 656 -0.4174 -0.2108 199.3848
368 656 -0.6363 -0.1792 86.9366
400 656 -0.3758 -0.0445 132.0175
432 656 -0.2121 -0.0050 79.5008
464 656 -0.2552 -0.1012 116.0825
496 656 -0.1034 -0.1319 39.1520
528 656 -0.0454 -0.2445 15.9745
560 656  0.0278 -0.6022 121.9040
592 656  0.1472 -0.7924 104.2527
624 656  0.0695 -0.1900 70.7767
656 656  0.1371 -0.1325 52.2251
 16 688 -0.0948 -0.3107 114.4821
 48 688 -0.1614 -0.2015 117.1586
 80 688 -0.0846 -0.1431 203.3461
112 688 -0.1722 -0.1810 40.1536
144 688 -0.4836 -0.1890 73.8592
176 688 -0.1230 -0.1917 29.3549
208 688 -0.7101 -0.4649 78.1957
240 688 -1.0144 -0.7308 63.1743
272 688 -0.7007 -0.6077 227.8827
304 688 -0.8014 -0.8456 59.6982
336 688 -0.5712 -0.4135 146.6532
368 688 -0.3580 -0.1630 197.5014
400 688 -0.1893 -0.0468 257.6668
432 688  0.0913 -0.0351 95.5387
464 688  0.0163 -0.1111 150.6138
496 688 -0.0213 -0.3232 199.5305
528 688  0.2191 -0.7849 133.4751
560 688  0.3590 -0.5859 21.8627
592 688  0.1063 -0.3768 22.9662
624 688  0.0646 -0.2933 159.0869
656 688  0.2012 -0.1056 207.5125
 16 720  0.0081 -0.0401 16.0477
 48 720 -0.0560 -0.0430 87.0282
 80 720 -0.0607 -0.0806 179.9003
112 720 -0.0297 -0.1599 508.6794
144 720 -0.1463 -0.5508 87.7646
176 720 -0.7922 -1.2285 132.2805
208 720 -0.7682 -0.9862 70.4025
240 720 -0.6121 -0.6866 256.9855
272 720 -0.6532 -0.5995 244.0427
304 720 -0.5489 -0.2618 52.5339
336 720 -0.3348 -0.2298 126.9108
368 720 -0.1549 -0.1252 163.6759
400 720  0.0517 -0.0458 246.3627
432 720  0.0859 -0.0272 135.7664
464 720  0.5598 -0.0920 156.2623
496 720  1.5042 -1.0998 41.5043
528 720  0.8659 -0.9785 108.0998
560 720  0.0654 -0.0119 25.2608
592 720  0.1780  0.0436 17.5324
624 720  0.1760 -0.3627 83.5359
656 720  0.0361 -0.0689 112.5731
 16 752 -0.0172 -0.0165 16.5735
 48 752 -0.0040 -0.0358 249.3722
 80 752  0.0043 -0.1096 117.8735
112 752 -0.0170 -0.1305 234.4590
144 752 -0.0318 -0.3635 66.8627
176 752 -0.1061 -0.2361 240.7308
208 752 -0.0543 -0.3381 20.3120
240 752 -0.1865 -0.1232 19.0408
272 752 -0.3519 -0.5694 37.8403
304 752 -0.1503 -0.1683 54.8820
336 752 -0.0555 -0.3042 109.3866
368 752  0.1935 -0.1363 202.9016
400 752  0.4178 -0.0391 86.6107
432 752  0.7752 -0.0798 151.1673
464 752  1.1722 -0.1984 30.5411
496 752  1.6446 -0.7989 45.0371
528 752  0.8604 -0.6901 39.4132
560 752  0.0936 -0.0038 10.4799
592 752  0.0598  0.0449 11.8583
624 752 -0.0384  0.0425 10.9384
656 752 -0.0104  0.0034 25.8587
 16 784  0.2947 -0.0397 183.9450
 48 784  0.0238 -0.0168 17.7108
 80 784  0.0905 -0.0785 132.3571
112 784  0.0489 -0.1899 164.5945
144 784  0.0399 -0.1770 233.3457
176 784  0.0489 -0.2256 61.5785
208 784 -0.0944 -0.6506 51.8946
240 784 -0.0532 -0.4605 200.2449
272 784 -0.0508 -0.3294 34.5035
304 784 -0.0633 -0.3878 142.1963
336 784 -0.0165 -0.4576 209.1297
368 784  0.3395 -0.1127 191.6302
400 784  0.9113 -0.0409 181.3951
432 784  1.3952 -0.0420 59.9630
464 784  1.7887 -0.0882 81.9895
496 784  0.2709 -0.2078 91.9295
528 784  0.0506 -0.0447 19.4442
560 784  0.0952  0.0337 10.3216
592 784  0.0736  0.0855 10.4658
624 784  0.0190  0.0059 16.7879
656 784 -0.0576  0.0838  9.2828
 16 816  0.1060 -0.0053 18.5080
 48 816  0.2511 -0.0636 99.9884
 80 816  0.2705 -0.0676 203.4501
112 816  0.0516 -0.1911 140.1114
144 816  0.1929 -0.1297 209.6063
176 816  0.0801 -0.4388 153.6364
208 816  0.0504 -0.3264 294.0492
240 816  0.0770 -0.6495 89.7148
272 816  0.1266 -0.4510 166.0333
304 816  0.1561 -0.5884 106.6368
336 816  0.2843 -0.3063 27.4133
368 816  0.3727 -0.0794 185.5967
400 816  1.0864 -0.0571 209.0956
432 816  1.8819 -0.1398 236.7393
464 816  1.6956 -0.2613 78.5154
496 816  0.4119 -0.6868 28.2119
528 816  0.0554  0.0261  7.8020
560 816  0.0212  0.0239  6.6383
592 816  0.0378 -0.0023 15.4210
624 816  0.0074  0.0072 11.0833
656 816 -0.0146  0.0109 12.1203
 16 848  0.2412 -0.1104 77.4451
 48 848  0.2422 -0.0285 230.2321
 80 848  0.1098 -0.1324 209.9851
112 848  0.1916 -0.1706 225.9714
144 848  0.1226 -0.1410 140.2587
176 848  0.5671 -0.3449 110.9624
208 848  0.0969 -0.2111 143.5806
240 848  0.1801 -0.4467 72.4908
272 848  0.7417 -1.1503 260.7004
304 848  0.1087 -0.1309 17.0092
336 848  0.6644 -0.3810 220.8120
368 848  1.1980 -0.3141 56.5300
400 848  1.2109 -0.1905 25.6050
432 848  0.3242 -0.1693 13.7579
464 848  1.0860 -0.2995 79.6041
496 848  0.0618  0.0143 21.3519
528 848 -0.0983 -0.0835  6.6229
560 848  0.0077  0.0153 17.8534
592 848  0.1190  0.0572 105.2403
624 848  0.0883  0.0559 52.2673
656 848  0.0234  0.0288 25.1653
 16 880  0.1894 -0.0260 24.1330
 48 880  0.3127 -0.0484 51.9807
 80 880  0.1139 -0.1275 201.2653
112 880  0.1439 -0.1528 85.9660
144 880  0.1998 -0.1025 159.2064
176 880  0.2936 -0.3194 138.6205
208 880  0.3218 -0.1992 111.9335
240 880  0.4251 -0.5898 139.5548
272 880  0.3654 -0.4410 46.7311
304 880  0.6576 -1.0707 106.8842
336 880  0.5685 -0.3405 67.3682
368 880  0.8959 -0.2991 157.4052
400 880  0.4919 -0.0172 19.9404
432 880  0.8043 -0.0536 20.7273
464 880  0.5082 -0.0758 16.6173
496 880  0.0519  0.0165  6.0001
528 880 -0.0330  0.0136  7.8685
560 880  0.0332 -0.0093 19.5680
592 880  0.0516  0.0132 46.7158
624 880  0.0590  0.0088 50.7472
656 880  0.0309  0.0262 33.7663
 16 912  0.0719 -0.0146 139.4859
 48 912  0.2588 -0.1029 68.0898
 80 912  0.1155 -0.1337 275.8773
112 912  0.3155 -0.1617 256.2676
144 912  0.1388 -0.0620 40.4420
176 912  0.1412 -0.3197 110.5263
208 912  0.1462 -0.3293 81.6910
240 912  0.4791 -0.3390 88.4083
272 912  0.7740 -0.3959 118.9609
304 912  0.5298 -0.5707 51.2935
336 912  0.8170 -0.5562 222.5142
368 912  0.7610 -0.6092 87.2656
400 912  0.7652 -0.1478 49.6419
432 912  0.0824 -0.0338 16.3546
464 912  0.0470  0.0484 10.4781
496 912  0.0081  0.0164  4.0595
528 912 -0.0045  0.0045  4.7462
560 912  0.0173 -0.1914  7.2952
592 912  0.0040 -0.2135  7.1701
624 912  0.0756 -0.0744  8.6127
656 912  0.0985 -0.0868 21.7405
 16 944  0.0122 -0.0109 16.5354
 48 944  0.0340 -0.0157 17.3351
 80 944  0.9880 -0.0024 132.5551
112 944  0.0906 -0.0328 285.9374
144 944  0.1131 -0.0883 48.7459
176 944  0.2371 -0.1084 19.5805
208 944  0.1623 -0.1710 213.5731
240 944  0.2783 -0.0665 76.0673
272 944  0.1315 -0.2565 122.6330
304 944  0.7283 -0.3684 58.8568
336 944  0.4050 -0.2435 63.7262
368 944  0.3219 -0.2523 120.4296
400 944  0.2430 -0.0820 19.0149
432 944  0.0359  0.0401 14.7796
464 944  0.0424  0.0267  5.8958
496 944  0.0057 -0.0096  8.7987
528 944 -0.0434  0.0100  4.6862
656 944  0.2282 -0.2522  5.2617
 16 976  0.1730 -0.0136 124.3029
 48 976  0.1337 -0.0002 38.3996
 80 976  0.1163 -0.0305 72.5532
112 976  0.3260 -0.2478 100.9123
144 976  0.6276 -0.1104 38.8030
176 976  0.3618 -0.3497 95.4819
208 976  0.2852 -0.0685 81.5191
240 976  0.2496 -0.2512 59.4665
272 976  0.2004 -0.3436 86.0296
304 976  0.1750 -1.0013 110.2235
336 976  0.1216 -0.2654 75.7435
368 976  0.0122 -0.0254 26.0483
400 976  0.0198  0.0085 12.8507
432 976 -0.0461  0.0180  8.3529
464 976  0.0231  0.0143 21.2825
496 976 -0.0467 -0.0351 18.9264
528 976 -0.3175  0.0147  6.5140
 16 1008  0.1003 -0.0140 45.6330
 48 1008  0.4714 -0.0175 62.4975
 80 1008  0.1487 -0.0518 38.6609
112 1008  0.0880 -0.0746 194.6245
144 1008  0.1664 -0.1697 208.4077
176 1008  0.2078 -0.1792 82.6565
208 1008  0.2375 -0.2260 53.2750
240 1008  0.3648 -0.2213 34.2175
272 1008  0.1429 -0.2963 34.9617
304 1008  0.0367 -0.0602 17.4672
336 1008  0.0100 -0.0481 19.0640
368 1008  0.0263 -0.0173 11.0633
400 1008  0.0556  0.0051 10.8219
432 1008 -0.0128 -0.0041 18.2017
464 1008  0.0102 -0.0038 205.1065
496 1008 -0.0354 -0.0203 29.8879
528 1008 -0.0249 -0.0223 12.9024
560 1008  0.0135 -0.0423  5.7555
 16 1040  0.0531 -0.0256 195.6837
 48 1040  0.3485 -0.0424 185.2923
 80 1040  0.1881 -0.0374 145.5787
112 1040  0.2979 -0.2104 35.4667
144 1040  0.1323 -0.1027 239.1137
176 1040  0.1174 -0.1649 265.4250
208 1040  0.0656 -0.1661 344.4227
240 1040  0.0464 -0.1402 24.1587
272 1040  0.1076 -0.1690 89.7815
304 1040  0.0792 -0.1889 62.2959
336 1040  0.1389 -0.2871 54.5164
368 1040  0.0615 -0.0377 13.1723
400 1040  0.0032  0.0049 36.5211
432 1040  0.0566 -0.0342 28.3101
464 1040  0.1266 -0.0274 49.5392
496 1040 -0.0720  0.0306 27.1560
528 1040 -0.0898  0.1405  9.6412
560 1040  0.0147  0.0316 12.6708
592 1040  0.1183  0.0008  5.3839
 16 1072  0.0915  0.0314 44.4326
 48 1072  0.1307 -0.0650 134.4922
 80 1072  0.2099 -0.0207 162.8092
112 1072  0.1307 -0.0806 47.0949
144 1072  0.6095 -0.0165 101.0025
176 1072  0.0750 -0.0646 217.9306
208 1072  0.0861 -0.0919 75.4658
240 1072  0.0380 -0.1213 139.8733
272 1072  0.2609 -0.2291 98.4919
304 1072  0.0071 -0.1139 259.6393
336 1072  0.0390 -0.0907 250.7546
368 1072  0.0415 -0.1734 161.8438
400 1072  0.0907 -0.0743 50.1363
432 1072  0.0347 -0.0574 64.2172
464 1072  0.0897 -0.0259 31.6494
496 1072  0.0309 -0.0088 17.4754
528 1072 -0.0333  0.0502 15.3564
560 1072 -0.0030  0.0051 10.7252
592 1072 -0.0016 -0.0267 10.6058
624 1072  0.1246 -0.0040  5.5017
656 1072  0.0343 -0.0421  6.7704
 16 1104  0.0306 -0.0029 30.5490
 48 1104  0.2338 -0.0202 45.0288
 80 1104  0.3343 -0.0446 18.7457
112 1104  0.1524 -0.0716 96.7077
144 1104  0.0583 -0.0284 57.6155
176 1104  0.0177 -0.0238 14.1478
208 1104  0.4351 -0.2039 60.7672
240 1104  0.2057 -0.0679 113.6051
272 1104  0.1393 -0.1042 147.1727
304 1104  0.1349 -0.1758 88.2943
336 1104  0.0879 -0.2396 117.5256
368 1104  0.0413 -0.0743 357.3835
400 1104  0.0804 -0.0829 226.7313
432 1104  0.0688 -0.0466 55.9940
464 1104  0.0693 -0.0456 71.6846
496 1104  0.0157  0.0220 13.8413
528 1104 -0.0479 -0.0973 28.9936
560 1104 -0.0058  0.2731 11.8315
592 1104  0.0243  0.1468 15.4096
624 1104  0.0104  0.0014 14.5227
656 1104  0.1995  0.0054 13.0732
 16 1136  0.0653  0.0252 18.3212
 48 1136  0.0872 -0.0357 27.6241
 80 1136  0.1186 -0.0230 41.8537
112 1136  0.0940 -0.0370 116.5437
144 1136  0.1965 -0.0475 171.7980
176 1136  0.0465 -0.0673 105.7129
208 1136  0.0607 -0.2691 347.4837
240 1136  0.0221 -0.0581 104.4366
272 1136  0.0507 -0.0807 162.0088
304 1136  0.0625 -0.1196 133.5096
336 1136  0.0744 -0.0865 180.6151
368 1136  0.0865 -0.1005 128.0994
400 1136  0.0585 -0.1512 142.5763
432 1136  0.1255 -0.0757 68.5770
464 1136  0.0837 -0.0691 93.3990
496 1136  0.0551 -0.0686 17.4923
528 1136  0.0746 -0.1069 53.1935
560 1136 -0.0274  0.0165 21.6215
592 1136 -0.1474  0.0071 11.2338
624 1136 -0.0043 -0.0265 11.2283
656 1136  0.1618  0.0559 11.3116
 16 1168  0.0340 -0.0083 24.5674
 48 1168  0.0302 -0.0394 27.5522
 80 1168  0.0596 -0.0492 140.6077
112 1168  0.1377 -0.0562 130.6207
144 1168  0.0697 -0.0212 219.3909
176 1168  0.1348 -0.0829 60.5233
208 1168  0.1561 -0.1208 73.0553
240 1168  0.1044 -0.1249 64.5812
272 1168  0.0618 -0.1672 205.1125
304 1168  0.0631 -0.1525 98.5841
336 1168  0.0727 -0.1310 119.5412
368 1168  0.0758 -0.1422 145.6866
400 1168  0.0469 -0.0880 116.7384
432 1168  0.0812 -0.1583 35.4982
464 1168  0.1965 -0.1438 43.2437
496 1168 -0.0080  0.0236 19.5491
528 1168  0.0190 -0.0119 13.1024
560 1168 -0.0082 -0.0309 14.2947
592 1168  0.0130 -0.0391 14.5162
624 1168  0.0100 -0.0432 10.5281
656 1168  0.0128  0.0005 11.7332
 16 1200  0.0511 -0.0300 38.0881
 48 1200  0.0509 -0.0229 23.1046
 80 1200  0.0235 -0.0274 10.6985
112 1200  0.0848 -0.0208 119.8003
144 1200  0.0715 -0.0302 25.3726
176 1200  0.0514 -0.0956 172.1519
208 1200  0.1080 -0.0343 152.0812
240 1200  0.0342 -0.1528 34.3744
272 1200  0.0289 -0.1619 91.3477
304 1200  0.0597 -0.1002 164.6273
336 1200  0.0577 -0.0928 184.0279
368 1200  0.0630 -0.0930 201.4469
400 1200  0.0684 -0.0850 154.0984
432 1200  0.0910 -0.1048 212.0420
464 1200  0.0978 -0.1377 233.0896
496 1200 -0.0071  0.0136 19.7622
528 1200 -0.0125 -0.0102 17.2430
560 1200 -0.0369  0.0193 12.1109
592 1200 -0.0167 -0.0006 16.6238
624 1200  0.0896  0.0264 25.6551
656 1200  0.0087 -0.0404  9.6168
  0   0 -0.0023 -0.1209  0.0000
  0   0  0.0637 -0.1881  0.0000
  0   0  0.1529 -0.1087  0.0000
  0   0  0.0325  0.0847  0.0000
  0   0 -0.0170  0.0948  0.0000
  0   0 -0.0556  0.0587  0.0000
  0   0 -0.0566  0.0367  0.0000
  0   0 -0.0531  0.0385  0.0000
  0   0 -0.0341  0.0743  0.0000
  0   0  0.0043  0.0686  0.0000
  0   0  0.0035  0.0468  0.0000
  0   0 -0.0170  0.0197  0.0000
