VARIABLES= "X pix", "Y pix", "U pix/dt", "V pix/dt", "CHC", ZONE I=21, J=30
 16 272 -0.0418 -0.0081 11.8875
 48 272 -0.2657 -0.0976 112.8840
 80 272 -0.4046 -0.1045 96.7072
112 272 -0.1340 -0.1104 85.9058
144 272 -0.1578 -0.0641 129.1821
176 272 -0.1931 -0.0591 60.7158
208 272 -0.0447 -0.1476 234.0883
240 272 -0.0172 -0.1361 176.4529
272 272 -0.0132 -0.0423 61.5041
304 272 -0.0222 -0.0248 236.9149
336 272 -0.0425 -0.0251 149.9068
368 272 -0.0331 -0.0049 102.1349
400 272 -0.0025  0.0333 74.5753
432 272  0.0410  0.0250 155.5910
464 272  0.0141  0.0495 131.5893
496 272  0.0149  0.0192 75.6734
528 272  0.0183  0.0189 119.5432
560 272  0.0068  0.0320 91.1712
592 272  0.0019  0.0099 206.0152
624 272  0.0085 -0.0023 211.3981
656 272  0.0078  0.0372 149.1619
 16 304 -0.1457 -0.1949 68.9917
 48 304 -0.0450 -0.2055 111.3146
 80 304 -0.0616 -0.1477 228.4671
112 304 -0.1249 -0.2016 213.3484
144 304 -0.0852 -0.0989 41.2524
176 304 -0.2345 -0.1209 194.7357
208 304 -0.0315 -0.2171 244.9591
240 304 -0.0285 -0.0504 158.6994
272 304 -0.0474 -0.0209 342.5061
304 304 -0.0380 -0.0714 284.7614
336 304 -0.0427 -0.0505 135.7763
368 304 -0.0188 -0.0268 130.5904
400 304 -0.0018 -0.0032 232.6149
432 304 -0.0027 -0.0014 203.8785
464 304 -0.0053  0.0021 342.3304
496 304 -0.0020  0.0364 95.0484
528 304  0.0154  0.0079 129.2635
560 304  0.0187  0.0135 332.2795
592 304  0.0308  0.0088 158.7657
624 304 -0.0484  0.0190 178.6077
656 304  0.0142  0.0037 53.0021
 16 336 -0.0784 -0.0402 20.6502
 48 336 -0.0571 -0.3405 18.8427
 80 336 -0.0976 -0.1358 93.2746
112 336 -0.1558 -0.2520 285.4409
144 336 -0.1005 -0.1113 259.0112
176 336 -0.0659 -0.2283 27.3317
208 336 -0.1295 -0.3598 82.9599
240 336 -0.1287 -0.2322 149.9125
272 336 -0.1268 -0.1154 243.6745
304 336 -0.1267 -0.1195 196.3543
336 336 -0.0653 -0.0512 193.7663
368 336 -0.0308 -0.0325 236.1474
400 336 -0.0080 -0.0140 196.6534
432 336 -0.0044  0.0164 96.2387
464 336 -0.0102 -0.0059 113.1046
496 336  0.0033  0.0254 12.7432
528 336  0.0157  0.0325 77.2713
560 336  0.0256  0.0043 148.5122
592 336  0.0158  0.0077 171.5842
624 336  0.0273  0.0225 116.6822
656 336  0.0084  0.0036 165.6567
 16 368 -0.1817 -0.2124 21.0708
 48 368 -0.0598 -0.4017 99.1684
 80 368 -0.0685 -0.0154 242.0832
112 368 -0.1004 -0.3545 147.8191
144 368 -0.5853 -0.0579 129.0386
176 368 -0.1902 -0.1691 112.6916
208 368 -0.0970 -0.1192 170.7734
240 368 -0.1411 -0.1644 300.4880
272 368 -0.1429 -0.0862 165.6237
304 368 -0.0355 -0.0550 170.3791
336 368 -0.0641 -0.0717 202.3775
368 368 -0.0328 -0.0395 289.0716
400 368 -0.0030 -0.0415 184.1207
432 368 -0.0073 -0.0333 90.8707
464 368  0.0161  0.0034 108.3183
496 368  0.0095  0.0062 141.3459
528 368  0.0174 -0.0006 206.3902
560 368  0.0196  0.0212 40.2877
592 368  0.0233  0.0297 65.6165
624 368  0.0124  0.0135 335.0733
656 368  0.0587 -0.0119 108.0894
 16 400 -0.2618 -0.0642 16.0732
 48 400 -0.2748 -0.2932 67.7041
 80 400 -0.2913 -0.0521 156.9671
112 400 -0.2943 -0.3143 195.6526
144 400 -0.0065 -0.2590 188.7896
176 400 -0.1042 -0.3046 135.3692
208 400 -0.2347 -0.1043 485.0301
240 400 -0.0939 -0.3405 56.5218
272 400 -0.1116 -0.1551 42.3545
304 400 -0.0859 -0.0772 179.1128
336 400 -0.0960 -0.0567 77.4497
368 400 -0.0220 -0.0709 147.0142
400 400 -0.0374 -0.1638 126.8535
432 400 -0.0118 -0.0333 121.4266
464 400  0.0067 -0.0052 175.4166
496 400  0.0315 -0.0070 75.7698
528 400  0.0174  0.0331 92.5165
560 400  0.0043  0.0190 68.3943
592 400  0.0822  0.0514 57.2154
624 400  0.0455  0.0176 145.4384
656 400  0.0366 -0.0277 178.9811
 16 432 -0.1543 -0.0988 17.1055
 48 432 -0.3887 -0.4163 70.1613
 80 432 -0.2080 -0.4571 227.1916
112 432 -0.3918 -0.3075 208.8448
144 432 -0.1829 -0.2854 85.9924
176 432 -0.5216 -0.3695 131.2564
208 432 -0.1565 -0.3793 84.3888
240 432 -0.1091 -0.4197 229.9127
272 432 -0.0386 -0.1935 33.9949
304 432 -0.1339 -0.1058 328.9282
336 432 -0.1018 -0.1335 164.2579
368 432 -0.0744 -0.0621 114.5837
400 432  0.0046 -0.0957 42.7281
432 432 -0.0246 -0.0473 62.4244
464 432  0.0282 -0.0193 142.4023
496 432  0.0431 -0.0020 107.6161
528 432  0.0330  0.0168 80.3266
560 432  0.0310  0.0144 130.4772
592 432 -0.0025 -0.0160 86.6237
624 432  0.0163  0.0130 141.6811
656 432  0.0190  0.0162 111.2342
 16 464 -0.1195 -0.0206 14.3924
 48 464 -0.3028 -0.0734 11.5378
 80 464 -0.1364 -0.6474 187.0000
112 464 -0.1306 -0.4377 156.2229
144 464 -0.1028 -0.0359 20.3426
176 464 -0.3820 -0.3757 166.6637
208 464 -0.4304 -0.5047 203.3156
240 464  0.0071 -0.1126 23.1335
272 464 -0.1970 -0.2822 108.9898
304 464 -0.1316 -0.1581 98.0480
336 464 -0.1778 -0.1518 190.2146
368 464 -0.0394 -0.2210 139.5820
400 464 -0.0093 -0.1197 162.2695
432 464 -0.0361 -0.1043 207.7039
464 464 -0.0057 -0.0433 38.7057
496 464  0.0215 -0.0350 187.3824
528 464  0.0270  0.0208 165.5731
560 464  0.0507  0.0041 136.0531
592 464  0.0281  0.0404 106.0188
624 464 -0.0181  0.0431 159.1599
656 464  0.0158 -0.0200 194.5114
 16 496 -0.3095 -0.1408 23.6103
 48 496 -0.1496 -0.4188 31.4671
 80 496 -0.4277 -0.8119 74.0500
112 496 -0.1402 -0.1915 17.5764
144 496 -0.8447 -0.0531 111.5089
176 496 -0.4464 -0.1180 54.3566
208 496 -0.4654 -0.4409 174.5898
240 496 -0.2138 -0.6013 132.4683
272 496 -0.2247 -0.3103 220.4304
304 496 -0.0886 -0.3460 48.3978
336 496 -0.1634 -0.2173 53.9555
368 496 -0.2017 -0.1490 39.6819
400 496 -0.0579 -0.1834 142.0437
432 496 -0.0183 -0.0575 261.8337
464 496  0.0295 -0.0855 146.3355
496 496  0.0401 -0.0303 141.0798
528 496  0.0542  0.0008 44.8094
560 496  0.0444  0.0036 67.7292
592 496  0.0413 -0.0031 11.6262
624 496  0.0747  0.0261 194.2365
656 496  0.0139  0.0137 116.2878
 16 528 -0.3025 -0.0594 26.3240
 48 528 -0.2098 -0.3196 174.4811
 80 528 -0.9495 -0.3937 74.0061
112 528 -0.4127 -0.6865 201.2857
144 528 -0.3296 -0.2952 139.7629
176 528 -0.4194 -0.6513 108.9474
208 528 -0.6736 -0.5405 159.3239
240 528 -0.7360 -0.8245 29.5366
272 528 -0.1782 -0.4909 344.6005
304 528 -0.3294 -0.4302 140.6876
336 528 -0.0319 -0.1923 15.6409
368 528 -0.1781 -0.3209 338.9583
400 528 -0.1029 -0.3441 101.4924
432 528 -0.0392 -0.1533 162.7769
464 528  0.0539 -0.1073 141.2077
496 528 -0.0249  0.0040 267.4165
528 528  0.0764 -0.0383 144.8946
560 528  0.1041 -0.0002 162.4974
592 528  0.0726  0.0263 65.2643
624 528  0.0379  0.0198 49.5851
656 528  0.0707 -0.0115 147.4535
 16 560 -0.4102 -0.1147 21.6316
 48 560 -0.5163 -0.2519 62.9707
 80 560 -0.8403 -0.7605 40.8507
112 560 -0.6401 -0.3509 69.9691
144 560 -0.2921 -0.3164 65.6413
176 560 -0.2496 -0.2352 21.0597
208 560 -0.7599 -0.7147 146.7514
240 560 -0.4629 -0.5340 113.5944
272 560 -0.5903 -0.5724 82.9608
304 560 -0.3619 -0.8540 164.1141
336 560 -0.2551 -0.4615 69.9106
368 560 -0.3090 -0.3058 165.1642
400 560 -0.0662 -0.2551 108.2678
432 560  0.0020 -0.3515 95.8943
464 560  0.0435 -0.1287 89.7650
496 560  0.1121 -0.1236 74.1590
528 560  0.2441 -0.0751 111.3123
560 560  0.0942 -0.0492 269.5621
592 560  0.0722  0.0171 52.1455
624 560  0.1009  0.0383 134.6866
656 560  0.0809  0.0650 154.4660
 16 592 -0.1282 -0.1744 48.9685
 48 592 -0.0642 -0.1479 29.7740
 80 592 -0.2954 -0.1847 66.8043
112 592 -0.6762 -0.7278 131.8701
144 592 -0.2583 -0.4406 209.3485
176 592 -0.3328 -0.2890 122.1597
208 592 -0.7532 -0.7400 25.1375
240 592 -0.9642 -0.6173 23.0718
272 592 -0.3933 -0.6457 89.1289
304 592 -0.4725 -0.6398 211.3239
336 592 -0.5155 -0.9313 103.5858
368 592 -0.2410 -0.5343 91.3225
400 592 -0.0581 -0.5295 183.7857
432 592  0.0688 -0.4206 67.6028
464 592  0.1729 -0.2275 173.8055
496 592  0.1698 -0.2256 180.3120
528 592  0.0950 -0.0355 125.3914
560 592  0.1395 -0.0045 189.7247
592 592  0.1861  0.0698 104.8827
624 592  0.0710  0.0828 22.2201
656 592  0.0197  0.1173 83.9521
 16 624 -0.1761 -0.0360 21.7949
 48 624 -0.6864 -0.6401 23.2216
 80 624 -0.8155 -0.6335 135.6900
112 624 -1.1490 -0.7260 67.4660
144 624 -0.6012 -0.2666 157.0581
176 624 -0.7422 -0.8281 66.3052
208 624 -0.8988 -0.7816 244.8242
240 624 -1.2262 -0.8482 124.9376
272 624 -0.5695 -0.7918 54.5116
304 624 -0.4248 -0.7003 205.4779
336 624 -0.7113 -0.8311 136.0783
368 624 -0.3493 -0.7491 68.4451
400 624 -0.1360 -0.8316 140.5814
432 624  0.1209 -0.7543 19.1960
464 624  0.0978 -0.4660 27.8587
496 624  0.4187 -0.2571 118.6225
528 624  0.4762 -0.1630 115.9011
560 624  0.2751  0.0274 421.9430
592 624  0.2196  0.0981 33.8604
624 624  0.1912  0.2046 53.9359
656 624  0.0676  0.3042 93.4051
 16 656 -0.0740 -0.1168 22.0072
 48 656 -0.3222 -0.0994 20.9106
 80 656 -0.2558 -0.1712 117.9959
112 656 -0.1450 -0.1090 18.7303
144 656 -1.2819 -1.1144 134.3172
176 656 -0.8118 -0.7292 130.1511
208 656 -0.3294 -0.1217 117.3401
240 656 -1.5164 -0.9638 176.8859
272 656 -0.7843 -0.8127 30.4928
304 656 -0.5849 -1.3689 111.5232
336 656 -0.3294 -0.3384 38.9059
368 656 -0.4109 -1.0435 128.6283
400 656  0.0742 -1.9675 232.7788
432 656  0.2653 -1.2488 35.5190
464 656  0.6649 -1.1993 154.2480
496 656  1.2227 -0.7609 138.1784
528 656  1.1277 -0.0365 180.7236
560 656  0.8386  0.1287 95.3365
592 656  0.4651  0.2857 192.6895
624 656  0.1071  0.4371 110.9431
656 656  0.0524  0.3840 67.3908
 16 688 -0.2198 -0.1135 23.3931
 48 688 -0.2379 -0.1526 61.8302
 80 688 -0.4994 -0.1259 80.2117
112 688 -0.6677 -0.4572 212.4275
144 688 -0.3799 -0.3195 171.9394
176 688 -0.1385 -0.1564 29.2264
208 688 -0.0673  0.0701 16.9081
240 688 -0.9419 -0.8161 23.9834
272 688 -0.9023 -0.9248 64.7983
304 688 -0.9092 -1.1269 156.0624
336 688 -1.3247 -1.4589 129.8630
368 688 -1.1075 -1.8603 107.6491
400 688 -0.2037 -2.4173 138.9737
432 688  0.3468 -2.2935 58.9118
464 688  0.6508 -2.5752 39.6232
496 688  1.2267 -0.3793 72.6101
528 688  1.1750  0.1608 35.7029
560 688  0.8428  0.3934 70.5400
592 688  0.7139  0.7090 84.7760
624 688  0.3062  0.4894 81.8285
656 688  0.2655  0.7160 84.1002
 16 720 -0.0815 -0.0115 25.5338
 48 720 -0.0613 -0.1412 73.3919
 80 720 -0.1157 -0.3904 103.4747
112 720 -0.7051 -0.2169 26.6952
144 720 -0.8227 -0.6820 94.1896
176 720 -0.7635 -0.8179 111.2054
208 720 -0.2606 -0.4394 110.4670
240 720 -1.1138 -0.7816 46.5004
272 720 -0.8792 -1.3390 52.6296
304 720 -1.2163 -0.9822 32.1084
336 720 -1.1720 -1.5095 55.8894
368 720 -1.0268 -2.3823 62.5880
400 720 -1.4068 -3.0520 49.2361
432 720 -0.4048 -0.1728 12.1552
464 720 -1.1508  0.2031 15.8042
496 720  0.6013 -1.0034 56.1767
528 720 -0.0113 -0.3578 20.7561
560 720  0.4145  0.0768 61.4061
592 720  0.3717  0.6709 122.5376
624 720  0.3480  0.8431 77.8719
656 720  0.2371  0.8762 49.4401
 16 752 -0.0247 -0.0450 61.3905
 48 752 -0.0945  0.0105 17.1095
 80 752 -0.1164 -0.1119 221.3182
112 752 -0.2417 -0.1991 135.0634
144 752 -0.3281 -0.0473 29.5594
176 752 -0.4149 -0.2183 204.6345
208 752 -0.6769 -0.4829 97.0478
240 752 -1.3544 -0.6663 144.3175
272 752 -1.0785 -1.0720 66.6343
304 752 -1.0139 -1.3484 185.7383
336 752 -0.9288 -1.1274 29.3430
368 752 -0.3248 -0.3897 39.5302
400 752 -0.3162 -0.1714 17.8209
432 752 -0.4296  0.1834  8.1219
464 752 -1.9642  0.2508  5.7342
496 752 -1.7326 -1.1235 21.9344
528 752 -1.4804 -1.6640 106.3770
560 752 -0.3457 -0.0743 56.4198
592 752  0.3418  0.7743 46.6812
624 752  0.2828  0.6670 50.8624
656 752  0.2142  0.5630 59.5752
 16 784 -0.0126  0.0118 16.0430
 48 784 -0.0447 -0.0464 56.8990
 80 784 -0.0287 -0.0599 220.2064
112 784 -0.2866 -0.0925 108.5750
144 784 -0.1677 -0.0757 61.7906
176 784 -0.3782 -0.1126 190.2048
208 784 -0.3540 -0.1475 29.9239
240 784 -0.9468 -0.6278 72.3015
272 784 -0.3023 -0.1125 13.6618
304 784 -1.2726 -1.2220 43.3723
336 784 -2.0069 -1.8595 88.5075
368 784 -2.0352 -1.9583 34.2953
400 784 -0.0505  0.0361 10.6728
432 784 -1.2663  1.9999 11.6467
464 784 -0.4379  0.3071  4.2642
496 784 -0.3765  0.3988 14.3843
528 784 -0.8984 -1.4533 54.4789
560 784 -2.4415 -1.5792 118.0905
592 784 -0.6491  0.1354 191.7131
624 784 -0.1489  0.2464 39.4800
656 784  0.0649  0.3687 136.7935
 16 816  0.0079 -0.0275 20.7569
 48 816 -0.0576 -0.0092 63.9065
 80 816 -0.0521 -0.1168 173.5000
112 816 -0.0655 -0.0119 27.2463
144 816 -0.2858 -0.1221 115.5194
176 816 -0.1481 -0.2759 61.4439
208 816 -0.3498 -0.0648 25.8030
240 816 -0.7630 -0.3210 86.4896
272 816 -1.7615 -0.6162 359.4375
304 816 -2.0874 -1.2640 51.4341
336 816 -0.7032 -1.1686 30.1303
368 816 -1.7083 -3.2779 23.3123
400 816 -0.1529  0.0950  8.1854
432 816 -0.2695  0.1018 12.5687
464 816 -0.4038  0.3270  7.2223
496 816 -0.1204  0.1284  4.6438
528 816 -0.1048 -0.3008 83.4314
560 816 -1.1107 -0.8193 16.6718
592 816 -0.7407 -0.2384 80.8476
624 816 -0.4705 -0.0998 37.9104
656 816 -0.0376 -0.0025 74.5231
 16 848  0.0089 -0.0120 22.8757
 48 848  0.0207 -0.0154 52.4039
 80 848 -0.0254  0.0021 238.8894
112 848 -0.0090 -0.0125 95.0430
144 848 -0.1454 -0.0534 176.4581
176 848 -0.3500 -0.0778 261.4047
208 848 -0.8410 -0.1167 89.8898
240 848 -0.2178 -0.1136 111.1676
272 848 -1.2783 -0.1259 33.5233
304 848 -2.4078 -0.2891 37.9312
336 848 -0.0743 -0.2592 14.4013
368 848  0.2002 -0.3406  7.3209
400 848  0.2048 -0.2887 10.8134
432 848  0.0676 -0.1432 16.6304
464 848 -0.2660 -0.1467  7.6439
496 848 -0.1750 -0.0812  5.1196
528 848  0.0140 -0.0225 23.7137
560 848 -0.5479 -0.8656 60.8589
592 848 -0.1345 -0.0389 52.1244
624 848 -0.1885 -0.0847 53.2640
656 848 -0.0075 -0.0101 38.0933
 16 880 -0.0141 -0.0037 13.5917
 48 880  0.0419 -0.0012 98.8747
 80 880  0.0182  0.0058 90.4274
112 880 -0.0194  0.0002 241.1054
144 880 -0.0346 -0.0016 215.9228
176 880 -0.1688 -0.0056 37.1942
208 880 -0.2076  0.0824 140.2823
240 880 -0.4428  0.0710 78.1556
272 880 -1.0678  0.1410 137.0838
304 880 -0.2240 -0.1684  9.0594
336 880  0.5000 -0.5000  8.4919
368 880  0.1418 -0.2826  4.0080
400 880  0.1486 -0.4283  4.8193
432 880  0.1858 -0.2795  8.3360
464 880 -0.0795 -0.1238  8.2265
528 880  0.0733 -0.0516 13.9452
560 880  0.0366 -0.0686 17.0598
592 880  0.0894 -0.0696  7.3574
624 880 -0.0237 -0.0396 26.6132
656 880 -0.0233 -0.0338 13.0738
 16 912  0.0486  0.0149 84.7530
 48 912  0.0583  0.0012 43.8421
 80 912  0.0281  0.0730 91.8331
112 912  0.0148  0.0217 150.7381
144 912 -0.0130  0.0144 204.2657
176 912 -0.0429  0.0652 63.9344
208 912 -0.1205  0.1260 238.7426
240 912 -0.1087  0.1552 15.6118
272 912 -0.2985  0.2990 162.9570
304 912 -1.0706 -2.6055 44.8945
336 912  0.0143 -0.0096 13.8291
368 912  0.4982 -0.4997 12.7567
400 912  0.0830 -0.0623  4.1124
528 912  0.0431 -0.0339  4.4473
560 912  0.0277 -0.0587  5.9273
592 912  0.0074 -0.0150  4.1668
624 912  0.0588 -0.0568  8.0817
656 912 -0.0616 -0.0436  7.3542
 16 944  0.0709  0.0005 33.3323
 48 944  0.0636  0.0078 17.7665
 80 944  0.0398  0.0150 160.4245
112 944  0.0229  0.0222 285.1007
144 944  0.0302  0.0331 144.7205
176 944  0.0235  0.0525 154.6235
208 944 -0.0298  0.1339 191.7049
240 944  0.0108  0.5408 181.5739
272 944  0.0292  0.2006 30.8571
304 944  0.1934  0.0639 13.6913
336 944  0.1431 -0.0056 112.3584
368 944 -0.0438 -0.1174 15.5560
400 944  0.4162 -0.3827 13.5309
432 944 -0.0155 -0.2942  6.7399
464 944 -0.0684 -0.1256  7.6919
496 944 -0.0007 -0.0502  8.6747
528 944  0.0213 -0.0057  4.3208
624 944  0.1076 -0.0576  4.9432
656 944 -0.1139 -0.0410  4.8814
 16 976  0.0568  0.0050 25.6810
 48 976  0.0643  0.0113 86.0304
 80 976  0.0293  0.0086 314.8551
112 976  0.0440  0.0196 451.3876
144 976  0.0896  0.0534 219.5396
176 976  0.0560  0.0394 228.7903
208 976  0.0970  0.0613 212.4068
240 976  0.0567  0.1502 105.8034
272 976  0.0622  0.3456 83.9166
304 976  0.3386 -0.3650 159.2346
336 976 -0.3866 -1.0742 276.1712
368 976 -0.0519 -0.0696 11.3754
400 976 -0.5645 -0.9864 16.7533
432 976 -0.6921 -1.0639 18.3411
464 976 -0.0083 -0.0039 36.1928
496 976 -0.0231 -0.0215 10.4974
528 976 -0.0158  0.0210  5.3682
 16 1008  0.0683  0.0266 14.6123
 48 1008  0.1138 -0.0004 38.6574
 80 1008  0.0518  0.0341 211.9742
112 1008  0.0891  0.0570 46.4732
144 1008  0.0656  0.0268 160.3493
176 1008  0.1600  0.0762 113.4780
208 1008  0.1525  0.0249 271.7741
240 1008  0.6574  0.2653 59.8336
272 1008  0.7095  0.2836 90.8682
304 1008  0.7723  0.0126 78.9900
336 1008  0.4348 -0.1699 23.6099
368 1008 -0.0831 -1.0069 15.2213
400 1008  0.0080 -0.0393 12.2375
432 1008 -0.1098 -0.8516 25.4485
464 1008 -0.0311 -0.0216 13.6893
496 1008 -0.0024 -0.0030 25.5885
528 1008 -0.0423  0.0097 14.0975
560 1008 -0.0517  0.0650  7.3060
592 1008 -0.0258  0.0445  4.1083
 16 1040  0.0968  0.0358 86.0104
 48 1040  0.2110  0.0030 152.3224
 80 1040  0.1859  0.0358 128.8573
112 1040  0.0800 -0.0214 102.8339
144 1040  0.1043  0.0444 128.6969
176 1040  0.1547  0.0469 154.4492
208 1040  0.0806  0.0151 29.0085
240 1040  0.0800 -0.0012 36.2610
272 1040  0.1638 -0.0780 40.4949
304 1040  0.3101 -0.0156 16.8593
336 1040  0.7054 -0.6136 23.3448
368 1040  0.2664 -0.9827 190.5273
400 1040 -0.0005 -0.2685 13.8714
432 1040  0.0500 -0.4340 10.5430
464 1040 -0.0113 -0.0216 33.2405
496 1040  0.0029 -0.0066 16.9260
528 1040 -0.0009 -0.0033 11.1002
560 1040 -0.0185 -0.0253 14.9280
592 1040 -0.0906 -0.0340  6.7304
 16 1072  0.0719  0.0072 106.2456
 48 1072  0.0574  0.0221 88.1002
 80 1072  0.0670  0.0111 92.6793
112 1072  0.0615  0.0365 28.7474
144 1072  0.2339  0.0271 55.3363
176 1072  0.3289 -0.0189 155.5991
208 1072  0.0616 -0.0057 138.4517
240 1072  0.1698  0.0065 29.6530
272 1072  0.4750 -0.0864 50.2248
304 1072  0.1471 -0.1429 197.6713
336 1072  0.2799 -0.3907 67.7330
368 1072  0.1338 -0.2252 36.7907
400 1072  0.0823 -0.3319 22.3223
432 1072 -0.0140 -0.4518 25.6942
464 1072  0.0049 -0.0229  9.2524
496 1072 -0.0037 -0.0012 13.9725
528 1072  0.0273 -0.0081 11.1778
560 1072 -0.0462  0.0124  9.5505
592 1072  0.0080  0.0365 11.5605
624 1072 -0.0974  0.0912  6.4742
656 1072  0.0113  0.0976  5.0773
 16 1104  0.0230 -0.0141 22.6189
 48 1104 -0.0084 -0.0254 28.4268
 80 1104  0.1845  0.0050 149.0248
112 1104  0.0495  0.0609 27.5965
144 1104  0.1028  0.0376 91.5656
176 1104  0.1397  0.0158 110.3510
208 1104  0.2786 -0.0509 157.0927
240 1104  0.0633 -0.0315 72.7586
272 1104  0.2630 -0.1250 153.2804
304 1104  0.3826 -0.1163 103.3960
336 1104  0.1280 -0.0754 89.4812
368 1104  0.0819 -0.1308 37.6266
400 1104  0.0766 -0.2965 53.0972
432 1104  0.0331 -0.0875 32.6447
464 1104  0.0124  0.0002 19.2842
496 1104 -0.0020  0.0012 14.5900
528 1104  0.0020 -0.0068 11.2013
560 1104 -0.0054 -0.0097 12.6662
592 1104 -0.0157 -0.0201 10.6539
624 1104 -0.0122 -0.0149 11.8979
656 1104 -0.0204  0.0532  9.4878
 16 1136  0.0590  0.0213 39.5259
 48 1136  0.0264  0.0023 16.2707
 80 1136  0.0426 -0.0028 112.3655
112 1136  0.0900 -0.0043 75.1530
144 1136  0.0232  0.0143 18.9434
176 1136  0.0992 -0.0311 208.6766
208 1136  0.2620 -0.0437 85.3499
240 1136  0.2005 -0.0913 41.1633
272 1136  0.1075 -0.0350 23.6952
304 1136  0.1304 -0.1791 161.3590
336 1136  0.2734 -0.1297 65.9428
368 1136  0.2060 -0.2152 75.7273
400 1136  0.0756 -0.4820 40.7284
432 1136  0.1854 -0.2579 30.5604
464 1136 -0.0015 -0.2420 32.1759
496 1136  0.0465 -0.0642 13.2008
528 1136 -0.0092 -0.0326 15.1184
560 1136  0.0029 -0.0129 10.8094
592 1136  0.0307  0.0140 12.9067
624 1136  0.0024 -0.0181 13.8765
656 1136  0.0028 -0.0068 17.7899
 16 1168  0.0738  0.0241 23.6435
 48 1168  0.0033 -0.0041 16.2815
 80 1168  0.0699 -0.0211 32.8071
112 1168  0.0819 -0.0168 29.8726
144 1168  0.0489 -0.0058 39.9714
176 1168  0.0784 -0.0418 73.3314
208 1168  0.1161 -0.0039 257.7646
240 1168  0.1338 -0.0499 186.6472
272 1168  0.1381 -0.1399 35.4076
304 1168  0.0784 -0.0325 24.1144
336 1168  0.1090 -0.3606 74.4977
368 1168  0.1633 -0.1849 146.5218
400 1168  0.1266 -0.3219 75.9768
432 1168  0.0108 -0.0397 15.1630
464 1168  0.0342 -0.1021 18.2036
496 1168  0.0267 -0.0406 13.0574
528 1168 -0.0082  0.0006 18.4693
560 1168 -0.0076 -0.0147 12.7603
592 1168  0.0047  0.0105 10.9794
624 1168 -0.0068 -0.0125 14.9343
656 1168  0.0063  0.0201 13.5451
 16 1200  0.0000 -0.0056 11.9155
 48 1200  0.0364 -0.0347 11.9034
 80 1200  0.0950 -0.0496 143.3973
112 1200  0.0462  0.0056 180.0303
144 1200  0.0837 -0.0397 144.7810
176 1200  0.1233 -0.0111 207.9540
208 1200  0.1587 -0.0282 92.9391
240 1200  0.1778 -0.0778 168.3986
272 1200  0.1302 -0.0712 145.4061
304 1200  0.2025 -0.0932 36.6269
336 1200 -0.0264 -0.3472 240.8731
368 1200  0.3289 -0.2203 302.3964
400 1200  0.0226 -0.0528 18.8923
432 1200  0.0105 -0.0529 17.8240
464 1200 -0.0026 -0.0311 17.0712
496 1200  0.0215 -0.0264 16.5826
528 1200  0.0256 -0.0137 21.6247
560 1200  0.0010  0.0037 14.2439
592 1200  0.0017 -0.0029 13.7323
624 1200 -0.0023 -0.0127 15.0730
656 1200 -0.0173 -0.0081 27.8944
  0   0  0.0191 -0.2288  0.0000
  0   0 -0.0294 -0.1645  0.0000
  0   0 -0.0757 -0.1351  0.0000
  0   0 -0.1441 -0.0449  0.0000
  0   0 -0.1832  0.0398  0.0000
  0   0 -0.1787  0.0803  0.0000
  0   0 -0.1852  0.1470  0.0000
  0   0 -0.2133  0.1955  0.0000
  0   0 -0.1853  0.2822  0.0000
  0   0 -0.1220  0.3173  0.0000
  0   0 -0.0326  0.2424  0.0000
  0   0  0.0773  0.1561  0.0000
  0   0  0.1001  0.0887  0.0000
  0   0  0.1497 -0.0127  0.0000
