VARIABLES= "X pix", "Y pix", "U pix/dt", "V pix/dt", "CHC", ZONE I=21, J=30
 16 272 -0.0168 -0.2435 76.7093
 48 272 -0.0124 -0.0615 211.4760
 80 272 -0.1144 -0.2440 252.3364
112 272 -0.0887 -0.0859 129.8567
144 272 -0.0465 -0.0752 160.2989
176 272 -0.0328 -0.1374 144.0754
208 272 -0.0322 -0.0529 315.6673
240 272 -0.0050 -0.0627 264.0339
272 272 -0.0426 -0.0875 124.9974
304 272  0.0365 -0.1292 228.3579
336 272  0.0444 -0.0389 142.1701
368 272  0.0474 -0.0015 195.1507
400 272  0.0145  0.0342 315.1679
432 272  0.0711  0.0413 155.9661
464 272  0.0771  0.0270 133.9813
496 272  0.1087  0.0543 92.0349
528 272  0.0092  0.0474 224.6482
560 272  0.0895  0.0375 26.6803
592 272  0.1383  0.0464 164.0636
624 272  0.0583  0.0274 157.8472
656 272  0.0372  0.0193 133.3423
 16 304 -0.2188 -0.1585 214.4312
 48 304 -0.0346 -0.2973 126.1156
 80 304 -0.0659 -0.3068 180.8248
112 304 -0.0032 -0.2767 194.2853
144 304 -0.0531 -0.1226 245.7970
176 304 -0.0283 -0.1563 38.6194
208 304 -0.0891 -0.1012 209.9975
240 304 -0.0196 -0.0988 357.5913
272 304 -0.0065 -0.0238 63.8358
304 304  0.0149 -0.0677 195.7377
336 304  0.0261 -0.0241 144.2599
368 304  0.0711 -0.0180 181.1233
400 304  0.0676  0.0233 38.5447
432 304  0.0517  0.0148 164.5601
464 304  0.0717  0.0230 127.9395
496 304  0.1046  0.0413 183.1265
528 304  0.0464  0.0389 143.2544
560 304  0.0152  0.0206 175.2333
592 304  0.0591  0.0366 164.7942
624 304  0.0356  0.0204 171.3050
656 304  0.0379 -0.0006 118.3879
 16 336 -0.1991 -0.4066 144.3852
 48 336 -0.0209 -0.1505 237.3973
 80 336 -0.3072 -0.2094 175.1012
112 336 -0.0310 -0.2910 195.7629
144 336 -0.1816 -0.3017 247.6613
176 336 -0.1520 -0.1886 175.7202
208 336 -0.1229 -0.1699 333.8670
240 336 -0.0237 -0.0981 158.3679
272 336  0.0106 -0.0450 27.2488
304 336 -0.0023 -0.0267 413.6345
336 336  0.0192 -0.0421 178.6528
368 336  0.0817 -0.0331 146.1400
400 336 -0.0146  0.0151 34.9517
432 336  0.0940  0.0232 117.0315
464 336  0.0953  0.0410 79.3573
496 336  0.0392  0.0209 237.5517
528 336  0.0454  0.0361 80.1405
560 336  0.0377  0.0395 176.0986
592 336  0.1508 -0.0010 227.8537
624 336  0.0816  0.0310 105.0826
656 336  0.0315  0.0234 119.1923
 16 368 -0.0470 -0.1014 318.5958
 48 368 -0.2913 -0.1349 138.6065
 80 368 -0.0431 -0.2054 246.7523
112 368 -0.0862 -0.1550 64.1023
144 368 -0.0687 -0.2835 105.5554
176 368 -0.0664 -0.2267 122.8573
208 368 -0.1414 -0.2234 97.1545
240 368  0.0239 -0.0738 19.4045
272 368 -0.0073 -0.1837 250.6249
304 368  0.0135 -0.1298 180.9045
336 368  0.0527 -0.0333 32.6553
368 368  0.0736 -0.0740 234.7017
400 368  0.0803  0.0019 128.1007
432 368  0.1155 -0.0072 168.4984
464 368  0.1033  0.0272 154.3593
496 368  0.0895  0.0539 177.0094
528 368  0.1276  0.0367 171.9678
560 368  0.1147  0.0371 204.4983
592 368  0.0461  0.0397 242.5429
624 368  0.0395 -0.0627 152.7880
656 368  0.0575 -0.0325 115.5897
 16 400 -0.1686 -0.1378 109.8035
 48 400 -0.2973 -0.0357 64.8616
 80 400 -0.3492 -0.3938 138.8779
112 400 -0.1170 -0.1677 175.1828
144 400 -0.2083 -0.2634 35.0947
176 400 -0.2600 -0.4001 26.2176
208 400 -0.1419 -0.4237 110.4718
240 400 -0.0966 -0.2375 254.6104
272 400 -0.0781 -0.1533 260.2155
304 400 -0.0239 -0.1374 176.5740
336 400 -0.0119 -0.0808 209.8345
368 400  0.0328 -0.1449 170.4664
400 400  0.0574 -0.0174 75.7517
432 400  0.0536 -0.0077 195.5966
464 400  0.0775  0.0163 223.7604
496 400  0.0861  0.0504 153.3029
528 400  0.1096  0.0589 124.0599
560 400  0.0940  0.0761 197.4157
592 400  0.0466  0.0691 194.4588
624 400  0.0705  0.0470 98.7449
656 400  0.0974 -0.0082 156.3994
 16 432 -0.2495 -0.4852 64.0431
 48 432 -0.1925 -0.4651 24.3968
 80 432 -0.1638 -0.6154 204.9316
112 432 -0.1628 -0.3273 108.4289
144 432 -0.1471 -0.7082 248.7992
176 432 -0.1564 -0.3774 96.2120
208 432 -0.1795 -0.3888 26.1266
240 432 -0.1914 -0.2198 313.6458
272 432 -0.0701 -0.0806 39.2325
304 432 -0.1292 -0.1218 197.6817
336 432 -0.0113 -0.0922 312.3804
368 432  0.0162 -0.1236 140.0330
400 432  0.0579 -0.0369 158.8241
432 432  0.0299 -0.0244 203.3994
464 432  0.0785  0.0159 110.7424
496 432  0.1102  0.0284 113.7548
528 432  0.0950  0.0496 59.9019
560 432  0.0864  0.0404 112.7435
592 432  0.0811  0.0666 154.4232
624 432  0.0817  0.0297 78.2167
656 432  0.1085  0.2057 140.5034
 16 464 -0.1590 -0.1298 54.0584
 48 464 -0.2115 -0.3914 133.2253
 80 464 -0.2030 -0.2529 164.7417
112 464 -0.1972 -0.1874 124.2094
144 464 -0.5302 -0.4629 55.9617
176 464 -0.3259 -0.4596 126.8659
208 464 -0.1198 -0.3272 145.3724
240 464 -0.1972 -0.3320 103.5619
272 464 -0.1520 -0.1705 266.6404
304 464 -0.0575 -0.2830 45.9695
336 464 -0.0085 -0.1648 78.3449
368 464  0.0126 -0.0976 165.3074
400 464  0.0236 -0.0260 132.5234
432 464  0.0753 -0.0457 108.4347
464 464  0.0666 -0.0103 120.1897
496 464  0.0521  0.0275 28.0691
528 464  0.1166  0.0423 139.5240
560 464  0.1422  0.0389 143.5736
592 464  0.0865  0.0634 109.1145
624 464  0.1115  0.0870 110.3288
656 464  0.0964  0.0064 196.7438
 16 496 -1.2363 -0.1381 272.9002
 48 496 -0.2088 -0.3823 320.6964
 80 496 -0.4431 -0.3718 150.1766
112 496 -0.6999 -0.2815 208.2477
144 496 -0.4140 -0.4114 175.6102
176 496 -0.3843 -0.4395 166.2980
208 496 -0.1090 -0.6378 132.4964
240 496 -0.2871 -0.1114 354.3084
272 496 -0.1904 -0.3013 72.3382
304 496 -0.1814 -0.2725 27.4537
336 496 -0.0391 -0.2171 188.2537
368 496 -0.0010 -0.1851 136.6495
400 496  0.0153 -0.1386 32.5827
432 496  0.0467 -0.0280 237.6287
464 496  0.1338 -0.0608 146.3298
496 496  0.1171  0.0722 230.5428
528 496  0.0585  0.0535 184.8341
560 496  0.0849  0.0637 39.0031
592 496  0.1149  0.0265 34.4740
624 496  0.0636  0.0280 94.9550
656 496  0.0694  0.0458 96.4370
 16 528 -0.3324 -0.2061 31.4363
 48 528 -0.3418 -0.2912 177.4756
 80 528 -0.7280 -0.8142 63.5796
112 528 -0.6637 -0.4029 70.8224
144 528 -0.2146 -0.3312 19.0072
176 528 -0.8267 -0.7712 210.6139
208 528 -0.4715 -0.8165 145.2678
240 528 -0.7103 -0.3835 124.6781
272 528 -0.1598 -0.2471 23.9476
304 528 -0.1092 -0.6034 222.0759
336 528 -0.0320 -0.2670 216.3491
368 528  0.0005 -0.1848 260.9172
400 528  0.0795 -0.2221 143.9233
432 528  0.0683 -0.0961 204.9527
464 528  0.1365 -0.0995 174.9155
496 528  0.0928  0.0487 155.4937
528 528  0.1063  0.0169 21.8096
560 528  0.1765  0.0761 157.0785
592 528  0.0742  0.1177 175.2909
624 528  0.0756  0.0518 56.9609
656 528  0.1142  0.1287 133.1093
 16 560 -0.7015 -0.0956 69.5707
 48 560 -0.7432 -0.2868 11.5495
 80 560 -1.2724 -0.3538 93.8428
112 560 -0.7488 -0.8385 54.6005
144 560 -0.2480 -0.2776 71.2042
176 560 -0.6454 -0.6327 34.0049
208 560 -0.6375 -0.7051 153.6136
240 560 -1.1278 -0.7858 190.2426
272 560 -0.1998 -0.4670 47.1502
304 560 -0.1148 -0.9225 227.5693
336 560 -0.0897 -0.4673 250.8544
368 560 -0.0055 -0.3945 104.5027
400 560  0.0264 -0.1935 155.6042
432 560  0.1169 -0.2266 252.6215
464 560  0.1787 -0.0549 75.3081
496 560  0.0813  0.0735 60.6242
528 560  0.2263  0.0586 162.1308
560 560  0.1636  0.1489 74.6070
592 560  0.1444  0.0529 105.3281
624 560  0.0230  0.1342 158.1321
656 560  0.0484  0.1098 70.5352
 16 592 -0.1377 -0.0721 21.3800
 48 592 -0.7503 -0.5968 97.8738
 80 592 -0.4855 -0.7025 240.9133
112 592 -0.6735 -0.6358 111.5028
144 592 -0.8201 -1.1888 103.1583
176 592 -0.8224 -0.8991 129.0532
208 592 -0.7326 -0.8781 58.8489
240 592 -0.4117 -0.8318 268.7694
272 592 -0.5167 -1.1414 38.8848
304 592 -0.3316 -0.8828 166.1001
336 592 -0.0599 -0.8230 82.7407
368 592  0.0661 -0.2591 110.2946
400 592  0.1672 -0.5141 231.2877
432 592  0.2218 -0.1622 243.4957
464 592  0.3078 -0.0429 136.3199
496 592  0.5323 -0.0170 136.9142
528 592  0.2128  0.1061 59.7768
560 592  0.2212  0.0807 189.1193
592 592  0.1644  0.1017 94.5989
624 592  0.0828  0.1379 116.8410
656 592  0.0909  0.1229 217.9826
 16 624 -0.1038 -0.0832 27.3945
 48 624 -0.3608 -0.3338 132.6757
 80 624 -0.3813 -0.2304 82.2426
112 624 -0.3167 -0.2330 72.1196
144 624 -0.8706 -1.3736 203.9150
176 624 -1.3601 -1.0083 145.0659
208 624 -1.0024 -1.0513 119.4596
240 624 -0.6219 -1.1738 75.9309
272 624 -0.4468 -0.5481 18.1190
304 624 -0.3243 -1.2699 40.8135
336 624 -0.1694 -0.4168 25.1663
368 624 -0.0734 -0.8167 102.6766
400 624 -0.0030 -0.3584 71.8671
432 624  0.1564 -0.2257 49.7812
464 624  0.2133 -0.0482 192.8205
496 624  0.3005  0.0633 141.0187
528 624  0.3579  0.1002 149.1804
560 624  0.3086  0.0870 132.6657
592 624  0.2653  0.2489 155.6840
624 624  0.1201  0.1451 41.7766
656 624  0.0031  0.2598 156.2230
 16 656 -0.6439 -0.6538 45.8266
 48 656 -0.6018 -0.2181 173.5890
 80 656 -1.4286 -0.7473 160.5172
112 656 -0.4589 -0.3237 208.4103
144 656 -0.6115 -0.7647 166.2644
176 656 -0.9578 -0.8820 240.8920
208 656 -1.1152 -1.1621 131.7569
240 656 -0.9538 -1.3651 113.7191
272 656  0.0126 -0.0400  7.7497
304 656 -0.9781 -1.3091 20.2647
336 656 -1.0953 -1.3087 165.5213
368 656 -0.8804 -1.3267 131.3617
400 656 -0.7839 -1.0484 32.6476
432 656 -0.0924 -0.1472 15.0362
464 656 -0.0659 -0.1168 230.5414
496 656  0.0063 -0.0957 44.1234
528 656  0.1477  0.1173 172.7266
560 656  0.2116  0.2278 179.6366
592 656  0.3225  0.1776 66.8255
624 656  0.0970  0.2629 136.7721
656 656  0.1895  0.2055 69.9588
 16 688 -0.0073 -0.0188 21.3540
 48 688 -0.4389 -0.1780 135.8025
 80 688 -0.9066 -0.5434 121.8939
112 688 -0.2699 -0.2234 67.2207
144 688 -0.4767 -0.2097 31.9641
176 688 -0.5748 -0.4226 35.3038
208 688 -0.2633 -0.1251 10.2178
240 688 -0.2992 -0.1266 70.9287
272 688 -0.6347 -0.4739 54.2135
304 688 -1.7708 -1.6971 121.3259
336 688 -1.8614 -1.1312 109.3881
368 688 -1.8012 -1.2806 45.4564
400 688 -1.7720 -1.1296 48.3033
432 688 -0.5084 -0.2878 40.7781
464 688 -0.8512 -0.9399 112.0069
496 688 -0.2922 -0.3812 122.7612
528 688  0.1996 -0.0237 137.2443
560 688  0.0707  0.0868 56.6087
592 688  0.1508  0.2190 136.2597
624 688  0.2125  0.2783 177.3249
656 688  0.3944  0.2963 93.2719
 16 720 -0.0673 -0.0856 106.3969
 48 720 -0.0896 -0.1012 36.2199
 80 720 -0.6252 -0.1856 183.1882
112 720 -0.1966 -0.2242 123.2017
144 720 -0.9139 -0.1269 20.2653
176 720 -0.2170 -0.0924 22.6846
208 720 -1.0779 -0.9870 163.0291
240 720 -1.1289 -1.1913 100.1458
272 720 -1.3614 -2.0422 51.6228
304 720 -1.9796 -1.8668 22.7399
336 720 -1.7103 -1.2196 102.8112
368 720 -1.7548 -0.8780 55.7949
400 720 -2.1153 -1.3473 51.6721
432 720 -1.3236 -0.9039 113.1548
464 720 -1.2906 -1.0912 26.6475
496 720 -0.5529 -0.4851 40.8090
528 720 -0.3689 -0.2309 143.2657
560 720 -0.0314  0.0198 164.8731
592 720  0.1469  0.1652 141.0819
624 720  0.2298  0.2837 38.4013
656 720  0.1623  0.1051 123.1809
 16 752 -0.0140 -0.0299 47.1224
 48 752 -0.0141 -0.0171 319.5030
 80 752 -0.2109 -0.1275 163.4195
112 752 -0.1457 -0.1057 253.6649
144 752 -0.4762 -0.2626 60.2795
176 752 -0.8791 -0.5742 249.1467
208 752 -1.1043 -0.9198 59.8050
240 752 -1.1730 -1.4706 114.6470
272 752 -0.0503  0.0044  9.4767
304 752 -1.0893 -1.3200 37.4142
336 752 -1.0063 -0.2568 126.8223
368 752 -0.9463 -0.1712 17.8561
400 752 -1.5017 -0.0490 39.0266
432 752 -1.6471 -0.4920 19.8336
464 752 -1.3179 -0.5304 77.2333
496 752 -1.3071 -0.6235 21.7485
528 752 -0.9945 -0.7536 71.3397
560 752 -0.2291 -0.1166 124.8189
592 752 -0.0721  0.0839 114.0855
624 752  0.0672  0.0937 95.0090
656 752  0.1650  0.1802 25.4466
 16 784 -0.0224 -0.0547 31.1544
 48 784  0.0127 -0.0216 55.8450
 80 784 -0.0683 -0.0626 69.7402
112 784 -0.1228 -0.0347 174.4515
144 784 -0.1520 -0.0899 15.7688
176 784 -0.5431 -0.2099 33.3254
208 784 -1.2389 -1.1511 102.1303
240 784 -0.9793 -1.2582 104.5628
272 784 -1.0110 -1.2797 40.2134
304 784 -0.0274 -0.2696 16.7709
336 784 -0.2329  0.2485 88.0643
368 784  0.2111 -0.1734 38.6428
400 784  0.2839 -0.1892 12.4511
432 784  0.3245 -0.1855 16.8800
464 784 -0.1255 -0.1990 43.1624
496 784 -1.1725 -0.7386 29.5028
528 784 -0.3250 -0.3176 94.0071
560 784 -0.3232 -0.2949 132.9315
592 784 -0.1581 -0.0392 108.5638
624 784  0.0089  0.0809 42.1270
656 784  0.0783  0.2859 41.5175
 16 816  0.0617  0.0066 42.5202
 48 816  0.0172 -0.0172 51.5293
 80 816 -0.0394 -0.0150 106.7932
112 816 -0.0993 -0.0217 201.2799
144 816 -0.0696 -0.0698 208.0434
176 816 -0.0739 -0.0558 22.6617
208 816 -0.3318 -0.3411 55.8547
240 816 -1.0936 -1.2958 43.0838
272 816 -1.0189 -1.5940 29.6708
304 816 -0.2279 -1.3069 68.6519
336 816  0.3559  0.1439 44.8851
368 816  0.3519  0.1689  8.5268
464 816  0.0430 -0.1291  4.1711
496 816  0.3211 -0.2817  7.0857
528 816 -0.2545 -0.3453 45.9066
560 816 -0.1562 -0.1629 90.0136
592 816 -0.1506 -0.0482 82.2482
624 816  0.0312 -0.0348 47.8993
656 816  0.0067  0.0835 27.1440
 16 848  0.0332  0.0005 56.6104
 48 848  0.0329  0.0238 22.5786
 80 848  0.0241 -0.0179 55.6772
112 848 -0.0052 -0.0140 67.9959
144 848 -0.0348 -0.0011 56.6947
176 848 -0.0576 -0.0293 54.0361
208 848 -0.3132 -0.1297 150.0137
240 848 -0.8579 -1.0133 55.0610
272 848 -0.7532 -1.5489 259.1193
304 848 -0.4712 -1.9121 78.9827
336 848  2.1603 -0.2472 48.5701
368 848  0.2700  0.3170  7.0524
528 848  0.1039 -0.2445 26.9692
560 848 -0.0355 -0.0074 64.9402
592 848 -0.0706  0.0571 80.3966
624 848 -0.0111  0.1462 73.3703
656 848  0.0372  0.1242 58.1100
 16 880  0.0148  0.0048 20.1513
 48 880  0.0826  0.0115 100.7761
 80 880  0.0561 -0.0079 207.0759
112 880  0.0323 -0.0549 159.5935
144 880  0.0525 -0.0076 159.7413
176 880  0.0908  0.0097 280.2340
208 880 -0.0328 -0.0734 56.5630
240 880 -0.0429 -0.3725 80.9521
272 880 -0.3625 -1.0875 74.8625
304 880  0.0016 -0.3492 10.9683
336 880 -0.1414  1.7830 21.5991
368 880 -0.0608  0.1069  4.0384
432 880  0.0449  0.0420  4.5764
528 880  0.0348 -0.0013 14.2173
560 880  0.0354  0.1768 14.2668
592 880 -0.0246  0.0831 27.6983
624 880 -0.0868  0.0476 16.5818
656 880 -0.0634  0.1263 33.6580
 16 912  0.0978  0.0045 36.6017
 48 912  0.0953 -0.0034 13.6363
 80 912  0.2796  0.0011 79.1348
112 912  0.2459 -0.0144 84.7017
144 912  0.0997  0.0166 244.5580
176 912  0.0711 -0.0091 113.1281
208 912  0.0720 -0.0453 37.2016
240 912  0.0727 -0.4033 158.5267
272 912 -0.1490 -0.8657 93.1968
304 912 -0.3460 -1.5996 18.0157
336 912 -0.2237  0.2082 37.8379
368 912 -0.3910  0.3659  5.7468
528 912 -0.0107  0.0250  4.3672
592 912 -0.0994  0.2016  7.1499
624 912 -2.4636  0.2506  6.6978
656 912 -0.0340  0.1261 16.6279
 16 944  0.0238 -0.0026 23.6265
 48 944  0.0936 -0.0378 19.8981
 80 944  0.4229 -0.0400 98.4257
112 944  0.0979  0.0006 272.8853
144 944  0.0924 -0.0261 181.1695
176 944  0.2160 -0.0588 151.4652
208 944  0.1547 -0.0221 205.3596
240 944  0.0801 -0.2522 290.3746
272 944 -0.0567 -0.5045 73.2063
304 944 -0.3305 -1.0539 57.5275
336 944 -0.7535 -1.2811 25.2639
368 944 -0.5786  0.0114 58.0906
400 944 -0.1624  0.7483  5.9445
432 944  0.0089  0.1575  4.1793
464 944  0.0566  0.0616  5.5012
496 944 -0.0054  0.0054 10.0494
528 944  0.0078 -0.0043  4.9000
624 944 -0.3501  0.1295  4.5472
656 944 -0.0940  0.0383  9.5204
 16 976  0.1296  0.0052 21.5803
 48 976  0.0928  0.0644 98.1391
 80 976  0.0753 -0.0211 30.7225
112 976  0.1494 -0.0964 218.5945
144 976  0.1858 -0.0474 329.6246
176 976  0.3524 -0.0745 29.3581
208 976  0.2010 -0.0317 60.4021
240 976  0.1745 -0.1601 89.0240
272 976  0.1181 -0.1976 81.3627
304 976  0.1049 -0.8295 58.7285
336 976 -0.1349 -0.7707 177.1551
368 976 -0.6416 -0.8700 32.7189
400 976 -0.2485  0.2648 86.7332
432 976  0.4618  0.2406 72.7228
464 976  0.2021 -0.0833 16.0062
496 976  0.2455 -0.1870 17.9627
528 976  0.0433 -0.0155 13.3473
560 976  0.3515 -0.0431  4.2490
656 976 -0.1715  0.3933  5.1273
 16 1008  0.1150 -0.0139 30.4302
 48 1008  0.1005 -0.0880 80.8602
 80 1008  0.0987  0.0094 281.3868
112 1008  0.0805  0.0110 114.2734
144 1008  0.1299  0.0194 213.4003
176 1008  0.5428  0.0033 163.8893
208 1008  0.2201 -0.0567 173.6860
240 1008  0.4619 -0.2041 60.5875
272 1008  0.1762 -0.3917 211.3429
304 1008  0.0896 -0.0872 12.3165
336 1008  0.0659 -0.5954 69.7934
368 1008  0.3693 -0.5550 35.7033
400 1008  0.0180 -0.1062 13.9916
432 1008  0.0356 -0.0839 14.6672
464 1008  0.0263 -0.0680 12.1913
496 1008  0.0493 -0.0746 25.6987
528 1008  0.0249  0.0475 11.5732
560 1008  0.0746  0.0192  7.7711
 16 1040  0.5229 -0.0266 149.7411
 48 1040  0.0779 -0.0242 30.5941
 80 1040  0.1563  0.0064 296.4502
112 1040  0.2347 -0.0222 156.6883
144 1040  0.1722 -0.0143 54.7488
176 1040  0.2318 -0.0455 186.2241
208 1040  0.1879 -0.2292 163.3810
240 1040  0.1764 -0.0793 96.5796
272 1040  0.2970 -0.1157 134.8635
304 1040  0.5833 -0.3817 27.6989
336 1040  0.3132 -0.1953 36.8964
368 1040  0.1361 -0.1462 22.6726
400 1040  0.0133 -0.0391 14.4335
432 1040  0.0361 -0.0535 12.6819
464 1040  0.0135 -0.0460 19.9999
496 1040  0.0607 -0.1587 15.1338
528 1040  0.0098 -0.0516 11.2138
560 1040  0.0320 -0.1611 10.0009
656 1040 -0.1556 -0.2857  4.9546
 16 1072  0.0493 -0.0310 112.5019
 48 1072  0.0351  0.0332 53.4484
 80 1072  0.4720 -0.0105 176.7210
112 1072  0.3327  0.0134 189.2359
144 1072  0.2407 -0.0297 68.2768
176 1072  0.1383  0.0133 27.1298
208 1072  0.1866 -0.0340 26.4341
240 1072  0.0562 -0.1091 41.1151
272 1072  0.2090 -0.1969 146.2332
304 1072  0.2614 -0.1167 173.3207
336 1072  0.2583 -0.2613 146.2724
368 1072  0.2620 -0.0922 46.4825
400 1072  0.0164  0.0065 18.5236
432 1072  0.0578  0.0154 15.3279
464 1072  0.0489 -0.0063 12.7375
496 1072  0.0133 -0.0055 17.4756
528 1072  0.1438 -0.2055 19.3040
560 1072  0.0041  0.0154 20.1073
592 1072  0.0188 -0.0328 13.9158
624 1072 -0.0304 -0.1333  7.1258
656 1072 -0.0890 -0.0616 13.5133
 16 1104  0.0882 -0.0129 20.6110
 48 1104  0.0766 -0.0025 109.4748
 80 1104  0.2104  0.0229 38.1727
112 1104  0.1670 -0.0076 126.0533
144 1104  0.2635 -0.0256 63.6582
176 1104  0.1428 -0.0186 174.2220
208 1104  0.1223 -0.0256 37.4809
240 1104  0.1665 -0.1198 230.7175
272 1104  0.1639 -0.1886 143.5709
304 1104  0.2040 -0.0819 109.6062
336 1104  0.3611 -0.1394 191.5135
368 1104  0.2678 -0.1972 151.5198
400 1104  0.0886 -0.0660 17.0948
432 1104  0.0114 -0.0152 19.9403
464 1104 -0.0015 -0.0359 15.4922
496 1104  0.1072 -0.1455 23.7346
528 1104  0.0157 -0.0706 17.2594
560 1104 -0.0218 -0.0254 13.5574
592 1104 -0.0138 -0.0095 13.6126
624 1104 -0.0014 -0.0320 10.7114
656 1104 -0.0316 -0.0132 16.2608
 16 1136 -0.0219 -0.0156 16.5642
 48 1136  0.0959 -0.0234 104.5149
 80 1136  0.1133  0.0235 79.2450
112 1136  0.0846 -0.0112 25.8157
144 1136  0.1592 -0.0731 101.6072
176 1136  0.5891 -0.2455 151.6608
208 1136  0.0805 -0.0470 90.7169
240 1136  0.3701 -0.1883 57.8712
272 1136  0.2065 -0.1447 81.2981
304 1136  0.3972 -0.1826 94.1235
336 1136  0.4707 -0.2003 117.1695
368 1136  0.0792 -0.1886 91.6745
400 1136  0.0028 -0.0442 20.6740
432 1136  0.0134 -0.0490 12.3325
464 1136  0.1039 -0.0486 34.2918
496 1136  0.0024  0.0054 11.3167
528 1136  0.0183 -0.0214 20.5962
560 1136  0.0312 -0.0286 18.0653
592 1136  0.0003 -0.0012 11.6228
624 1136  0.0034 -0.0371 27.9613
656 1136 -0.0798  0.0134 29.1679
 16 1168  0.0096 -0.0212 13.2964
 48 1168  0.0505  0.0050 14.6266
 80 1168  0.1416 -0.0094 26.4406
112 1168  0.2630 -0.0048 83.0075
144 1168  0.3676 -0.0284 115.9787
176 1168  0.1765 -0.0278 58.9818
208 1168  0.3126 -0.0628 71.8246
240 1168  0.0890 -0.0309 37.1273
272 1168  0.1356 -0.1459 157.8226
304 1168  0.4287 -0.1195 57.8942
336 1168  0.2292 -0.0878 144.0501
368 1168  0.1922 -0.3259 98.9225
400 1168  0.0015  0.0030 15.7710
432 1168  0.2596 -0.0506 14.2143
464 1168  0.1550 -0.0520 13.0431
496 1168  0.0125 -0.0310 13.1888
528 1168  0.0142 -0.0236 15.4282
560 1168  0.0109 -0.0255 13.5423
592 1168  0.0099 -0.0080 14.4548
624 1168 -0.0254 -0.0425 12.2355
656 1168  0.0019 -0.0091 15.8531
 16 1200  0.1320  0.0373 155.4506
 48 1200  0.0466 -0.0071 29.4912
 80 1200  0.0255 -0.0366 12.5162
112 1200  0.3024 -0.0895 69.7088
144 1200  0.0797  0.0030 50.5787
176 1200  0.0358  0.0068 190.2348
208 1200  0.6026 -0.1554 137.9497
240 1200  0.1127 -0.1591 182.2187
272 1200  0.0921 -0.0715 121.6332
304 1200  0.1222 -0.0877 223.5754
336 1200  0.2195 -0.1562 153.0792
368 1200  0.2125 -0.3223 26.1743
400 1200  0.0245 -0.0726 16.4329
432 1200  0.0443 -0.0229 12.1951
464 1200  0.0717 -0.0517 12.2226
496 1200  0.0401  0.0066 20.0298
528 1200 -0.0130 -0.0123 13.4675
560 1200 -0.0182 -0.0079 10.7674
592 1200 -0.0153 -0.0260 17.5234
624 1200  0.0131 -0.0184 37.9673
656 1200 -0.0371 -0.1923 43.6476
  0   0 -0.0445 -0.0548  0.0000
  0   0  0.0853  0.0054  0.0000
  0   0 -0.0391  0.0544  0.0000
  0   0 -0.1717  0.0724  0.0000
  0   0 -0.2689  0.1047  0.0000
  0   0 -0.3150  0.1226  0.0000
  0   0 -0.3618  0.1433  0.0000
  0   0 -0.3336  0.1354  0.0000
  0   0 -0.1361  0.1432  0.0000
  0   0  0.0748  0.1227  0.0000
  0   0  0.1008  0.0442  0.0000
  0   0  0.1456 -0.0349  0.0000
  0   0  0.3275 -0.0815  0.0000
  0   0  0.2682 -0.0288  0.0000
  0   0  0.3644 -0.0583  0.0000
  0   0  0.7064 -0.2067  0.0000
  0   0  0.4501 -0.2439  0.0000
  0   0  0.3062 -0.2017  0.0000
  0   0  0.2886 -0.2402  0.0000
  0   0  0.3178 -0.3702  0.0000
  0   0  0.1935 -0.4643  0.0000
  0   0 -0.1094 -0.2451  0.0000
  0   0 -0.3457 -0.0216  0.0000
