VARIABLES= "X pix", "Y pix", "U pix/dt", "V pix/dt", "CHC", ZONE I=21, J=30
 16 272 -0.1910 -0.1065 244.4210
 48 272 -0.0387 -0.2994 242.7367
 80 272 -0.0767 -0.2284 129.0992
112 272 -0.0787 -0.2044 180.8146
144 272 -0.1495 -0.0298 217.5901
176 272 -0.0575 -0.0939 129.9397
208 272 -0.1586 -0.1691 329.9777
240 272 -0.0793 -0.0763 215.2254
272 272 -0.1030 -0.0142 185.2026
304 272 -0.1028 -0.0532 189.2196
336 272 -0.0269 -0.0177 193.3399
368 272 -0.0515 -0.0116 165.6081
400 272 -0.0533  0.0153 131.8888
432 272 -0.0120  0.0040 166.7563
464 272 -0.0477  0.0459 162.7256
496 272 -0.0049  0.0477 119.4484
528 272 -0.0076  0.0441 140.8701
560 272 -0.0036  0.0758 30.6088
592 272 -0.0287  0.0328 127.4742
624 272 -0.0273  0.0221 121.7087
656 272 -0.0047  0.0369 164.3484
 16 304 -0.2666 -0.2809 191.8080
 48 304 -0.2043 -0.2142 149.3526
 80 304 -0.2509 -0.1593 167.7582
112 304 -0.2522 -0.2038 204.2173
144 304 -0.1474 -0.2016 260.3784
176 304 -0.1107 -0.0788 199.4877
208 304 -0.1814 -0.0918 183.3792
240 304 -0.0997 -0.1101 256.0331
272 304 -0.0585 -0.0398 33.8418
304 304 -0.0767 -0.0709 270.1321
336 304 -0.0745 -0.0266 182.4550
368 304 -0.0617 -0.0198 284.7449
400 304 -0.0549 -0.0073 61.9506
432 304 -0.0499  0.0141 205.6270
464 304  0.0030  0.0323 267.8199
496 304 -0.0241  0.0635 210.8291
528 304 -0.0445  0.0385 82.9092
560 304 -0.0151  0.0738 236.0088
592 304 -0.0120  0.0354 129.3744
624 304 -0.0274  0.0310 168.2198
656 304 -0.0063  0.0078 92.2995
 16 336 -0.3455 -0.3062 241.7593
 48 336 -0.1382 -0.9400 194.2282
 80 336 -0.6037 -0.0201 259.1245
112 336 -0.2078 -0.2447 240.7585
144 336 -0.2281 -0.1649 74.9186
176 336 -0.0823 -0.0770 62.5168
208 336 -0.2201 -0.2100 246.4015
240 336 -0.1975 -0.1405 194.6973
272 336 -0.0178 -0.1643 49.6482
304 336 -0.0524 -0.1063 102.1304
336 336 -0.0785 -0.0264 183.1397
368 336 -0.0441 -0.0384 123.8444
400 336 -0.0618 -0.0043 69.4888
432 336 -0.0509  0.0106 137.8596
464 336 -0.0172  0.0241 170.5682
496 336 -0.0344  0.0286 194.2705
528 336 -0.0285  0.0449 139.5662
560 336 -0.0394  0.0744 95.7835
592 336 -0.0280  0.0545 67.8803
624 336 -0.0156  0.0542 93.5883
656 336 -0.0167  0.0272 81.8507
 16 368 -0.1570 -0.2006 105.4364
 48 368 -0.1132 -0.4887 79.5845
 80 368 -0.3020 -0.3544 133.5487
112 368 -0.2132 -0.1435 21.7814
144 368 -0.2255 -0.2944 229.7578
176 368 -0.2089 -0.1877 76.6822
208 368 -0.3416 -0.1160 115.7372
240 368 -0.2116 -0.2387 76.0142
272 368 -0.1507 -0.1365 90.5390
304 368 -0.1671 -0.0892 233.6332
336 368 -0.0460 -0.1125 57.9696
368 368 -0.0814 -0.0576 217.2061
400 368 -0.0647 -0.0224 75.6881
432 368 -0.0386 -0.0069 118.8057
464 368 -0.0095  0.0145 130.1420
496 368 -0.0178  0.0276 115.0642
528 368 -0.0107  0.0353 158.9642
560 368 -0.0300  0.0402 235.6789
592 368 -0.0084  0.0535 113.1077
624 368 -0.0292  0.0471 205.7039
656 368 -0.0423 -0.0008 53.6645
 16 400 -0.8500 -0.7861 47.0997
 48 400 -0.7013 -0.2109 126.7980
 80 400 -0.3178 -0.3974 165.9929
112 400 -0.7043 -0.2252 304.4720
144 400 -0.6221 -0.2463 175.1180
176 400 -0.0736 -0.2389 67.6824
208 400 -0.0994 -0.1830 258.4341
240 400 -0.1836 -0.2636 181.0813
272 400 -0.0949 -0.1297 27.4461
304 400 -0.1144 -0.1059 180.7955
336 400 -0.0504 -0.0561 41.5862
368 400 -0.0712 -0.1047 125.1719
400 400 -0.0471 -0.0506 105.9949
432 400 -0.0476 -0.0169 167.0840
464 400  0.0025  0.0246 182.8588
496 400 -0.0186  0.0099 151.7582
528 400 -0.0059  0.0361 173.7870
560 400 -0.0016  0.0244 164.9474
592 400 -0.0069  0.0247 203.0759
624 400 -0.0496  0.0594 115.4972
656 400  0.0360  0.0417 203.5894
 16 432 -0.8387 -0.6314 32.3883
 48 432 -0.4605 -0.3628 40.8907
 80 432 -0.3986 -0.2363 52.4497
112 432 -0.5929 -0.2972 92.6432
144 432 -0.2485 -0.4252 55.6975
176 432 -0.2853 -0.5967 105.8649
208 432 -0.4739 -0.2907 112.0066
240 432 -0.4207 -0.2095 79.2252
272 432 -0.2596 -0.2333 159.7486
304 432 -0.1671 -0.1719 149.5625
336 432 -0.1810 -0.0886 207.1750
368 432 -0.1153 -0.0925 127.2978
400 432 -0.0614 -0.0728 25.2057
432 432 -0.0473 -0.0406 177.9835
464 432 -0.0092  0.0100 103.0628
496 432  0.0231 -0.0010 24.1690
528 432  0.0465 -0.0100 148.6523
560 432 -0.0069  0.0482 125.2773
592 432 -0.0284  0.0415 150.7079
624 432 -0.0198  0.0079 112.0988
656 432 -0.0473  0.0377 147.3963
 16 464 -0.5443 -0.2412 36.3047
 48 464 -0.2277 -0.0752 108.6408
 80 464 -0.5107 -0.1986 89.7410
112 464 -0.7858 -0.6629 192.1623
144 464 -0.3190 -0.2770 117.6369
176 464 -0.4260 -0.3163 257.9839
208 464 -0.3169 -0.2158 78.9511
240 464 -0.1740 -0.2906 161.0625
272 464 -0.1969 -0.2092 315.7831
304 464 -0.3191 -0.2668 139.1704
336 464 -0.1112 -0.1797 282.2027
368 464 -0.1459 -0.1431 146.1760
400 464 -0.0608 -0.1211 142.9995
432 464 -0.0354 -0.0590 66.8543
464 464  0.0001 -0.0235 282.1445
496 464  0.0038 -0.0149 119.8845
528 464  0.0165  0.0277 146.3494
560 464  0.0000  0.0357 226.0307
592 464 -0.0386  0.0434 190.2384
624 464 -0.0122  0.0065 160.9083
656 464 -0.0370  0.0124 238.6757
 16 496 -0.4411 -0.1920 70.4806
 48 496 -0.3443 -0.2220 50.6745
 80 496 -0.7176 -0.3963 138.1096
112 496 -0.3627 -0.4958 48.1583
144 496 -0.7927 -0.4501 171.5162
176 496 -0.1816 -0.5561 146.9386
208 496 -0.3232 -0.6874 114.8241
240 496 -0.4427 -0.2833 233.7082
272 496 -0.1829 -0.1908 37.5977
304 496 -0.2651 -0.4878 65.5078
336 496 -0.0928 -0.4405 189.4466
368 496 -0.1089 -0.2358 153.7158
400 496 -0.0368 -0.1106 71.1828
432 496 -0.0273 -0.1123 155.9193
464 496 -0.0042 -0.0294 176.8252
496 496 -0.0089 -0.0157 147.3643
528 496 -0.0378  0.0802 241.5302
560 496 -0.0069  0.0379 76.6024
592 496  0.0072  0.0468 78.2112
624 496 -0.0221  0.0763 93.5227
656 496 -0.0261  0.0797 115.4490
 16 528 -0.1878 -0.1652 32.9556
 48 528 -0.2490 -0.3011 80.5144
 80 528 -0.5872 -0.6078 167.4826
112 528 -1.1379 -0.6043 63.0846
144 528 -0.6160 -0.4097 262.6674
176 528 -0.6192 -0.6550 18.0397
208 528 -0.3831 -0.3917 33.4897
240 528 -0.9053 -0.3648 80.5576
272 528 -0.4185 -0.4478 61.0867
304 528 -0.2949 -0.4344 172.4291
336 528 -0.1584 -0.2788 236.1931
368 528 -0.1309 -0.2684 234.6445
400 528 -0.1222 -0.2021 42.7572
432 528 -0.0196 -0.1585 129.2344
464 528 -0.0238 -0.1289 170.6280
496 528  0.0345  0.0896 231.4112
528 528  0.0294 -0.0255 37.7520
560 528  0.0402  0.0449 195.3297
592 528  0.1525  0.1197 231.6006
624 528 -0.0176  0.0954 168.9560
656 528 -0.0146  0.0584 90.8652
 16 560 -0.9849 -0.2913 34.4502
 48 560 -0.3760 -0.3967 20.7282
 80 560 -0.8753 -1.4166 82.6526
112 560 -0.9279 -0.7885 130.3553
144 560 -1.0624 -0.6844 44.5013
176 560 -0.1437 -0.1279 25.7730
208 560 -0.7710 -0.7217 240.7469
240 560 -0.7547 -0.6088 149.3416
272 560 -0.6028 -0.4592 113.4392
304 560 -0.4575 -0.6246 78.3727
336 560 -0.2604 -0.6242 90.4930
368 560 -0.3074 -0.5429 200.4669
400 560 -0.0529 -0.2212 109.7816
432 560  0.0073 -0.3144 224.4070
464 560  0.0539 -0.1186 91.8645
496 560  0.0314 -0.0334 228.8128
528 560  0.0481 -0.0241 215.7917
560 560  0.0269  0.0413 73.5973
592 560  0.0695  0.0593 235.8702
624 560  0.0091  0.0487 70.8903
656 560  0.0071  0.0557 84.7592
 16 592 -1.0637 -0.7288 80.3678
 48 592 -0.9670 -0.3949 138.4703
 80 592 -0.4244 -0.3899 96.6848
112 592 -0.9704 -0.8592 16.0641
144 592 -1.2110 -0.8214 158.1953
176 592 -1.3526 -0.7115 112.2399
208 592 -0.9734 -0.6333 61.8345
240 592 -1.0021 -0.6987 174.6986
272 592 -0.5907 -0.6840 233.6970
304 592 -0.2389 -0.3389 12.8672
336 592 -0.3015 -0.5492 63.0193
368 592 -0.1736 -0.5948 125.8049
400 592 -0.0616 -0.6730 65.8261
432 592  0.0768 -0.2807 55.3146
464 592  0.1186 -0.3374 181.0528
496 592  0.1491 -0.1184 31.4178
528 592  0.1569  0.0219 185.5831
560 592  0.1519  0.0777 141.3500
592 592  0.1041  0.0883 62.5900
624 592  0.0181  0.1792 116.9452
656 592 -0.0232  0.1497 95.2534
 16 624 -0.0649 -0.0418 16.4818
 48 624 -0.7253 -0.6232 21.7145
 80 624 -0.7998 -0.3834 40.2691
112 624 -0.4043 -0.2480 131.8439
144 624 -0.8051 -0.4437 188.4783
176 624 -1.1084 -1.2545 153.3377
208 624 -0.8402 -0.8421 115.9262
240 624 -0.9088 -0.4003 131.0480
272 624 -0.9459 -0.9023 31.0880
304 624 -0.9448 -1.0500 64.1396
336 624 -0.3344 -0.8622 90.0673
368 624 -0.1619 -1.1154 134.2146
400 624  0.0405 -0.8058 18.4916
432 624  0.1330 -0.5436 78.7286
464 624  0.7396 -0.4945 120.5439
496 624  0.6710 -0.2124 142.1581
528 624  0.2918 -0.0159 146.5031
560 624  0.2106  0.0503 83.8543
592 624  0.1983  0.2172 69.9752
624 624  0.0005  0.3814 138.4528
656 624 -0.0816  0.2655 220.0430
 16 656 -0.1924 -0.3357 110.5009
 48 656 -0.1443 -0.1228 56.7707
 80 656 -0.6628 -0.7223 139.7663
112 656 -0.3656 -0.2357 179.5114
144 656 -0.8804 -0.7882 124.4512
176 656 -0.9560 -0.9007 134.4467
208 656 -1.0497 -0.8979 106.3614
240 656 -0.8863 -0.1405 100.5765
272 656 -1.1936 -1.1480 85.0834
304 656 -0.8685 -1.0277 189.3754
336 656 -0.5276 -1.3859 108.5626
368 656 -0.1315 -1.3393 120.5919
400 656  0.2277 -1.0953 41.7110
432 656  0.2250 -0.8725 224.1493
464 656  0.2777 -0.7456 223.5116
496 656  1.4512 -0.1481 121.6420
528 656  1.0491  0.1906 80.0208
560 656  0.6072  0.4901 47.6348
592 656  0.4509  0.4197 113.2582
624 656  0.1015  0.4575 153.1736
656 656  0.0244  0.3770 77.7583
 16 688 -0.1756 -0.4161 114.9590
 48 688 -0.1235 -0.0297 23.5945
 80 688 -0.3703 -0.2113 153.6789
112 688 -0.5357 -0.1914 121.7783
144 688 -0.7757 -0.5850 253.9865
176 688 -1.2832 -0.4545 109.6335
208 688 -1.4613 -1.0794 131.7585
240 688 -1.2482 -0.9099 131.1073
272 688 -0.6008 -0.8468 38.2174
304 688 -1.3616 -1.7884 121.6634
336 688 -0.1007 -1.7403 35.2479
368 688 -0.7155 -2.2468 118.8606
400 688 -0.9840 -1.3459 66.3941
432 688 -1.9187 -0.0618 43.6705
464 688  0.0293 -0.3422 12.7168
496 688  0.5113 -0.1531 30.2945
528 688  0.8950  0.0836 87.3271
560 688  0.2930  0.0497 20.0087
592 688  0.4488  0.2503 15.2471
624 688  0.1832  0.9469 163.5556
656 688  0.1758  0.6661 96.9961
 16 720 -0.0855 -0.0870 97.6971
 48 720 -0.1376 -0.0635 94.0080
 80 720 -0.1288 -0.0136 313.8574
112 720 -0.4829 -0.2605 60.4992
144 720 -0.4247 -0.3003 62.7068
176 720 -1.3323 -0.5831 54.4573
208 720 -1.0452 -0.6834 52.7186
240 720 -1.2883 -1.0967 203.1312
272 720 -1.4302 -1.7290 108.9781
304 720 -1.1568 -1.2706 21.8227
336 720 -1.2222 -1.9171 17.6494
368 720 -0.0520 -0.2133 11.4840
400 720 -2.9851 -0.0507 40.5857
432 720 -2.2963 -0.4423 66.1086
464 720 -2.1324 -1.1455 143.9116
496 720 -1.2809 -1.0927 111.2163
528 720 -0.3371 -0.3474 99.0407
560 720  0.1752  0.1575 116.3692
592 720  0.3434  0.8340 31.5300
624 720  0.2524  1.1041 47.9748
656 720  0.1515  0.5710 75.2650
 16 752 -0.0740 -0.0400 157.7998
 48 752 -0.0582 -0.0837 42.0856
 80 752 -0.1201 -0.1111 203.6492
112 752 -0.5384 -0.2137 178.1814
144 752 -0.9607 -0.4740 146.4109
176 752 -0.7803 -0.5094 109.3537
208 752 -1.1498 -0.8281 52.1992
240 752 -1.4958 -1.0167 46.4743
272 752 -1.3491 -1.0104 108.1421
304 752 -2.2463 -2.1878 95.6088
336 752  0.0107  0.0324 11.0265
368 752  0.0237  0.1275 15.9090
400 752 -0.4923  0.2979  5.4314
432 752 -1.5109  0.4142 11.9964
464 752 -1.5830 -0.1441 13.0792
496 752 -2.2586 -1.2507 53.1024
528 752 -1.9812 -1.6644 92.6080
560 752 -1.1777 -0.9764 31.0140
592 752 -0.3669  0.3715 144.7041
624 752  0.1180  0.8387 35.8706
656 752  0.4912  0.3423 126.1743
 16 784 -0.0302 -0.0359 84.0281
 48 784 -0.0812 -0.1067 241.9485
 80 784 -0.1359 -0.1489 81.1813
112 784 -0.1390 -0.1531 258.8200
144 784 -0.3558 -0.1601 91.6072
176 784 -0.6919 -0.4145 154.4864
208 784 -1.1519 -0.5529 20.6753
240 784 -1.6026 -0.8127 20.0850
272 784 -1.6270 -0.9527 37.8816
304 784 -3.4539 -2.5772 78.5208
336 784 -3.9004 -2.7097 23.3515
368 784 -0.2373  0.4693 12.4033
400 784 -0.1613  0.0939  4.0392
432 784 -0.0725  0.0725  4.1124
464 784 -0.4522  0.4467  7.6761
496 784 -0.2027  0.2079 110.9459
528 784 -2.5970 -1.9997 104.1969
560 784 -1.3848 -0.9179 45.3395
592 784 -0.4264  0.1604 178.3039
624 784  0.1526  0.1562 119.7034
656 784  0.0629  0.6921 100.9176
 16 816 -0.0460  0.0188 44.8999
 48 816 -0.0238 -0.0139 136.8858
 80 816 -0.0332 -0.0346 18.0266
112 816 -0.2473 -0.0505 152.2896
144 816 -0.1856 -0.0891 96.5720
176 816 -0.2021 -0.0614 11.9171
208 816 -0.4605 -0.0906 16.0333
240 816 -1.3675 -0.2659 96.0375
272 816 -1.7641 -0.7799 41.9898
304 816 -2.9187 -1.8554 30.2905
336 816  0.0548 -0.2520 18.1282
368 816 -0.0088  0.0073  7.6786
496 816 -0.1613  0.1614  6.2586
528 816 -0.9801 -1.2096 83.3741
560 816 -0.5994 -1.3069 31.5498
592 816 -0.3405 -0.3203 123.6240
624 816 -0.3637 -0.2348 114.5360
656 816  0.0778 -0.0506 98.3707
 16 848 -0.0087  0.0092 132.0700
 48 848 -0.0150 -0.0068 263.9312
 80 848 -0.0271  0.0094 154.1743
112 848 -0.1043 -0.0446 274.3499
144 848 -0.2543  0.0841 47.7080
176 848 -0.1323 -0.1321 147.6618
208 848 -0.7925 -0.0697 187.8966
240 848 -1.0459  0.1177 106.2546
272 848 -0.4885  0.0017 12.5531
304 848 -1.0138 -1.9083 13.4473
336 848  0.2345 -0.4722 14.2138
528 848 -0.0324  0.0506 33.2479
560 848 -0.4279 -0.5238 34.1938
592 848 -0.0356 -0.0532 45.5702
624 848 -0.0909 -0.2790 101.7007
656 848  0.0159 -0.0223 33.9938
 16 880  0.0162  0.0034 32.1888
 48 880  0.0087 -0.0100 168.2953
 80 880 -0.0320  0.0116 188.4982
112 880 -0.0193  0.0187 332.7776
144 880 -0.1653  0.0421 34.1692
176 880 -0.0741  0.0128 121.9002
208 880 -0.6643  0.0907 90.2414
240 880 -0.8185  0.2058 29.5761
272 880 -1.3090 -0.0920 174.3612
304 880  0.0054 -0.1413 11.4252
336 880  0.2344 -0.2519 37.6923
368 880  0.2021 -0.2453  5.0848
528 880  0.0174 -0.0173 13.4938
560 880  0.0793 -0.0698 15.7871
592 880  0.1020 -0.0616  6.4683
624 880  0.0884 -0.0164 25.6014
656 880  0.0010 -0.0357 11.8871
 16 912 -0.0057  0.0519 63.1727
 48 912  0.0630  0.0078 48.6086
 80 912  0.0159 -0.0079 118.0640
112 912 -0.0030  0.0219 225.2579
144 912 -0.0372  0.0338 92.7555
176 912 -0.0473  0.0579 53.8356
208 912 -0.0685  0.0598 132.0145
240 912 -0.2587  0.4546 195.2734
272 912 -1.0168  0.2116 38.2723
304 912 -1.4009 -1.8589 75.9913
336 912 -0.7169 -1.4737 14.6758
368 912  0.2602 -0.2680 61.2025
400 912  0.2131 -0.2269  4.8238
528 912  0.0072 -0.0072  4.3790
560 912  0.0005 -0.0237  5.6919
592 912 -0.0072 -0.0250  4.0837
624 912  0.0646 -0.0328  7.3114
656 912 -0.0527 -0.0207  6.0153
 16 944  0.0353  0.0195 33.4225
 48 944  0.0320  0.0215 16.5640
 80 944  0.0912  0.0425 126.8396
112 944  0.0502  0.0134 332.9222
144 944  0.0062  0.0103 143.4888
176 944  0.0017  0.1133 346.4086
208 944  0.0261  0.2306 45.0853
240 944 -0.0448  0.6905 141.3946
272 944 -0.0349  0.4081 89.4518
304 944 -0.2246 -0.6828 23.6679
336 944  0.0194 -0.3485 36.4043
368 944  0.1214 -0.1344 20.3647
400 944  0.1211 -0.0844 31.1593
432 944  0.0327 -0.0488  9.2716
464 944  0.0033 -0.0100  8.1827
496 944 -0.0031 -0.0186  7.2616
528 944  0.0278 -0.0240  4.2416
624 944  0.0501 -0.0227  4.5448
656 944 -0.0052 -0.0261  4.4813
 16 976  0.0203  0.0124 17.9159
 48 976  0.0263 -0.0108 68.3481
 80 976  0.0367  0.0479 56.5035
112 976  0.0560  0.0236 197.5288
144 976  0.0085  0.0764 62.2087
176 976  0.2289  0.1252 133.7313
208 976  0.0418  0.0806 86.7399
240 976  0.1155  0.3114 123.9996
272 976  0.3478  0.1697 69.0108
304 976  0.1122 -0.4358 73.6245
336 976 -0.2141 -1.2786 45.4693
368 976 -0.9393 -2.7176 22.4676
400 976 -0.0519 -0.0601 11.7665
432 976 -0.0724 -0.1462 15.7044
464 976  0.0046 -0.0121 36.8034
496 976 -0.0094  0.0016  8.0676
528 976  0.0304 -0.0214  4.7909
 16 1008  0.0175  0.0032 14.3517
 48 1008  0.0460  0.0194 185.9412
 80 1008  0.0906  0.0384 107.2213
112 1008  0.1723  0.0501 101.8944
144 1008  0.1904  0.0044 162.3713
176 1008  0.2020  0.0615 120.0153
208 1008  0.0130  0.0479 126.8673
240 1008  0.2384  0.0239 83.4397
272 1008  0.3365 -0.0677 232.7031
304 1008  0.6102 -0.1562 93.9798
336 1008  0.4254 -1.0169 144.2950
368 1008 -0.0657 -1.0968 22.2928
400 1008  0.0376 -0.0451 10.5503
432 1008 -0.1744 -0.5281 16.0742
464 1008 -0.1020 -0.1013 14.9050
496 1008  0.0012 -0.0226 22.8763
528 1008 -0.0522 -0.0125 11.0833
560 1008 -0.0517  0.0810  6.1312
 16 1040  0.1140  0.0186 81.9230
 48 1040  0.0499  0.0001 29.4408
 80 1040  0.0620  0.0288 183.3571
112 1040  0.0768  0.0422 74.2794
144 1040  0.0688  0.0150 190.0831
176 1040  0.1732 -0.0204 312.3662
208 1040  0.1588  0.0210 24.0902
240 1040  0.5857  0.0457 92.1410
272 1040  0.4103 -0.0671 38.5187
304 1040  0.7760 -0.1752 46.2670
336 1040  0.4280 -0.3180 55.1567
368 1040  0.1060 -0.4931 25.0303
400 1040 -0.0034 -0.1296 13.2184
432 1040 -0.0283 -0.1669 10.4928
464 1040 -0.0018 -0.0115 25.8057
496 1040  0.0182 -0.0062 17.3923
528 1040 -0.0108 -0.0089 11.5375
560 1040 -0.0321 -0.0226 11.7103
592 1040 -0.0277 -0.0089  5.4134
 16 1072  0.1190  0.0301 77.4642
 48 1072  0.0133  0.0379 314.1227
 80 1072  0.1396  0.0066 261.2826
112 1072  0.1025  0.0150 144.4597
144 1072  0.0937 -0.0055 35.3936
176 1072  0.1207  0.0026 41.1916
208 1072  0.1602  0.0135 60.1137
240 1072  0.3301 -0.0215 119.4912
272 1072  0.2990 -0.1516 73.7686
304 1072  0.8930 -0.0530 205.7929
336 1072  0.4242 -0.4663 77.9699
368 1072  0.1110 -0.2951 220.4502
400 1072 -0.0310 -0.0005 13.6824
432 1072  0.0079 -0.0183 18.4125
464 1072  0.0164 -0.0131  9.3267
496 1072  0.0147 -0.0228 13.4643
528 1072 -0.0085 -0.0631 11.3653
560 1072 -0.0346 -0.0102  7.7051
592 1072 -0.0071  0.0195  9.1901
624 1072  0.0223  0.0730  4.9898
656 1072 -0.0169  0.0079  4.4981
 16 1104  0.0535  0.0134 33.5148
 48 1104  0.0185  0.0258 154.6100
 80 1104  0.3730  0.0044 56.1798
112 1104  0.2774 -0.0180 53.6458
144 1104  0.0723 -0.0015 120.2954
176 1104  0.1119 -0.0107 69.0287
208 1104  0.1078 -0.0767 88.4412
240 1104  0.1694 -0.0972 91.3365
272 1104  0.1433 -0.1411 100.1851
304 1104  0.3766 -0.2772 118.7076
336 1104  0.2277 -0.3261 87.3078
368 1104 -0.0065 -0.0713 15.3815
400 1104  0.0109 -0.0329 20.4524
432 1104  0.0094  0.0115 16.5778
464 1104  0.0168 -0.0343 19.0326
496 1104  0.0213 -0.0028 14.1361
528 1104 -0.0209 -0.0247 11.0540
560 1104 -0.0227 -0.1368 14.0217
592 1104 -0.0311  0.0312 10.0499
624 1104  0.0759  0.0519 10.0397
656 1104 -0.0550  0.0263  8.0289
 16 1136  0.0111  0.0115 15.2665
 48 1136  0.0667 -0.0062 50.4162
 80 1136  0.0932  0.0357 75.4766
112 1136  0.0466  0.0262 50.2627
144 1136  0.0646 -0.0315 91.8383
176 1136  0.1096 -0.0706 155.4569
208 1136  0.3334 -0.0484 106.0592
240 1136  0.0963 -0.0947 60.0683
272 1136  0.2279 -0.1209 96.6039
304 1136  0.2188 -0.0899 32.7564
336 1136  0.1814 -0.2954 138.8823
368 1136  0.0618 -0.2569 192.2275
400 1136  0.0119 -0.1018 17.1045
432 1136  0.0428 -0.0220 10.6759
464 1136  0.0077 -0.0346 16.7327
496 1136 -0.0093 -0.0304 12.3742
528 1136 -0.0068  0.0079 16.8770
560 1136 -0.0208  0.0245 10.4891
592 1136 -0.0618  0.0404 12.3126
624 1136  0.0112  0.0024 13.8522
656 1136  0.0121  0.0095 17.5491
 16 1168  0.0305  0.0179 15.6278
 48 1168  0.0265 -0.0217 17.0399
 80 1168  0.0727 -0.0316 102.1607
112 1168  0.0381 -0.0011 296.5275
144 1168  0.0522 -0.0168 254.4203
176 1168  0.0705 -0.0308 214.3201
208 1168  0.0832 -0.0740 211.2381
240 1168  0.0939 -0.0203 110.3398
272 1168  0.1374 -0.1070 124.9521
304 1168  0.0981 -0.2431 84.8897
336 1168  0.3315 -0.1785 128.2935
368 1168  0.0075 -0.0369 19.1071
400 1168  0.0375 -0.0273 11.8224
432 1168 -0.0041 -0.0135 13.7945
464 1168  0.0340 -0.0532 152.1942
496 1168 -0.0187 -0.0130 18.4547
528 1168 -0.0373 -0.0005 18.4791
560 1168 -0.0181  0.0079 12.6759
592 1168  0.0848 -0.0090 10.6547
624 1168  0.0075 -0.0019 14.7106
656 1168  0.0071 -0.0059 13.0769
 16 1200  0.0721 -0.0191 13.9502
 48 1200  0.0451 -0.0077 19.5132
 80 1200  0.0132 -0.0143 13.4887
112 1200  0.1266 -0.0099 119.3207
144 1200  0.0600 -0.0130 31.7128
176 1200  0.2570 -0.0291 106.0966
208 1200  0.0845 -0.0398 252.3038
240 1200  0.0259 -0.0362 291.8277
272 1200  0.0796 -0.0904 122.1034
304 1200  0.0546 -0.1029 77.8618
336 1200  0.0778 -0.1345 170.3717
368 1200  0.1185 -0.2285 78.3498
400 1200  0.0128  0.0367 12.4655
432 1200 -0.0283 -0.0242 15.4809
464 1200 -0.0287  0.0162 13.4041
496 1200 -0.0040 -0.0485 15.7873
528 1200  0.0080 -0.0127 20.9887
560 1200 -0.0165 -0.0167 14.6637
592 1200  0.0002 -0.0072 14.1392
624 1200  0.0053 -0.0971 27.3684
656 1200 -0.0042 -0.0902 17.3614
  0   0 -0.0076 -0.0652  0.0000
  0   0 -0.0643 -0.0321  0.0000
  0   0 -0.1260 -0.0205  0.0000
  0   0 -0.2327  0.0303  0.0000
  0   0 -0.2493  0.0855  0.0000
  0   0 -0.2129  0.1301  0.0000
  0   0 -0.1200  0.1615  0.0000
  0   0 -0.1022  0.2086  0.0000
  0   0 -0.0396  0.1871  0.0000
  0   0  0.0463  0.1068  0.0000
  0   0  0.0606  0.0445  0.0000
  0   0  0.0866  0.0097  0.0000
  0   0  0.1990 -0.0082  0.0000
  0   0  0.2598 -0.0345  0.0000
  0   0  0.3743 -0.0677  0.0000
  0   0  0.2511 -0.0932  0.0000
  0   0  0.1289 -0.1164  0.0000
  0   0  0.1125 -0.1842  0.0000
  0   0  0.1059 -0.2439  0.0000
  0   0  0.1263 -0.2905  0.0000
  0   0  0.1159 -0.2798  0.0000
  0   0  0.0021 -0.0618  0.0000
  0   0 -0.0929  0.0085  0.0000
  0   0 -0.1259  0.0385  0.0000
  0   0 -0.1103 -0.0054  0.0000
  0   0 -0.0862 -0.0272  0.0000
