VARIABLES= "X pix", "Y pix", "U pix/dt", "V pix/dt", "CHC", ZONE I=21, J=30
 16 272 -0.0542 -0.0913 41.4960
 48 272 -0.1200 -0.1197 227.2941
 80 272 -0.1732 -0.1561 208.2941
112 272 -0.4342 -0.1034 182.6550
144 272 -0.0644 -0.1050 254.2715
176 272 -0.1279 -0.0866 188.6278
208 272 -0.1516 -0.0760 54.3254
240 272 -0.0984 -0.0283 70.1153
272 272  0.0015 -0.0045 25.9772
304 272 -0.1173 -0.0268 116.9266
336 272 -0.0443 -0.0079 156.7125
368 272 -0.0922 -0.0092 127.7087
400 272 -0.0293  0.0415 262.0340
432 272 -0.0463  0.0375 183.4280
464 272 -0.0280  0.0509 84.7460
496 272  0.0059  0.1097 332.6913
528 272  0.0170  0.0112 178.2814
560 272 -0.0051  0.0585 23.8643
592 272 -0.0274  0.0431 174.8074
624 272 -0.0274  0.0547 99.0755
656 272 -0.0267  0.0243 124.3059
 16 304 -0.0563 -0.0745 151.9189
 48 304 -0.2787 -0.3999 48.3988
 80 304 -0.1564 -0.2946 152.1726
112 304 -0.1629 -0.1204 317.4666
144 304 -0.1367 -0.1049 96.9266
176 304 -0.0705 -0.1062 240.3004
208 304 -0.0701 -0.0896 242.0437
240 304 -0.0838 -0.0885 212.7822
272 304 -0.1124 -0.0362 223.9269
304 304 -0.0795 -0.0317 266.8440
336 304 -0.0779 -0.0274 109.3951
368 304 -0.0755  0.0049 96.7370
400 304 -0.0513  0.0368 37.9014
432 304 -0.0058  0.0153 57.5392
464 304 -0.0140  0.0402 209.1075
496 304 -0.0358  0.0733 135.2494
528 304 -0.0344  0.0696 122.5538
560 304 -0.0099  0.0813 184.8640
592 304 -0.0151 -0.0035 163.9466
624 304 -0.0166  0.0191 241.9524
656 304 -0.0278  0.0299 99.4189
 16 336 -0.1333 -0.4656 82.6033
 48 336 -0.0985 -0.1075 12.8680
 80 336 -0.1327 -0.4915 180.9901
112 336 -0.2140 -0.1935 155.6476
144 336 -0.1277 -0.2611 227.9798
176 336 -0.2891 -0.1133 250.8147
208 336 -0.0357 -0.0614 24.0455
240 336 -0.1090 -0.1075 193.5542
272 336 -0.0303 -0.0461 186.5480
304 336 -0.0491 -0.0584 122.2900
336 336 -0.0696 -0.0615 239.1646
368 336 -0.0833 -0.0072 128.4609
400 336 -0.0372  0.0233 141.3086
432 336 -0.0501  0.0493 152.7523
464 336 -0.0763  0.0943 199.4662
496 336 -0.0013  0.0659 45.2380
528 336 -0.0442  0.1178 147.6499
560 336 -0.0474  0.0677 157.8920
592 336 -0.0303  0.0479 244.3883
624 336 -0.0294  0.0465 109.2097
656 336 -0.0169  0.0287 121.1271
 16 368 -0.0323 -0.0591 19.8571
 48 368 -0.3131 -0.3152 172.2996
 80 368 -0.6511 -0.2040 84.8760
112 368 -0.0484 -0.2940 32.5140
144 368 -0.1590 -0.1894 32.8366
176 368 -0.2524 -0.1588 94.5096
208 368 -0.2377 -0.2183 71.3511
240 368 -0.3344 -0.2425 191.7699
272 368 -0.0921 -0.1213 42.9513
304 368 -0.0373 -0.0997 311.7551
336 368 -0.0409 -0.0264 386.7266
368 368 -0.1326 -0.0235 165.5979
400 368 -0.0409  0.0473 317.7039
432 368 -0.0536  0.0407 162.6485
464 368 -0.0191  0.0648 93.4075
496 368 -0.0140  0.0471 440.8911
528 368 -0.0646  0.0491 134.6037
560 368 -0.0233  0.0661 151.4841
592 368 -0.0142  0.0548 130.5105
624 368 -0.0311  0.0433 265.3185
656 368 -0.0052  0.0441 94.8112
 16 400 -0.3191 -0.3043 86.6317
 48 400 -0.2075 -0.5066 119.8316
 80 400 -0.3332 -0.3048 172.9926
112 400 -0.1318 -0.2154 205.5552
144 400 -0.1153 -0.1912 62.7983
176 400 -0.3000 -0.2864 143.6102
208 400 -0.2164 -0.2882 95.6754
240 400 -0.1476 -0.2329 227.8920
272 400 -0.4233 -0.1440 130.0342
304 400 -0.1546 -0.1151 229.3717
336 400 -0.0733 -0.0767 51.5262
368 400 -0.0613 -0.0315 113.1181
400 400 -0.0543  0.0454 39.8907
432 400 -0.0437  0.0047 190.2415
464 400 -0.0393  0.0307 221.7528
496 400 -0.0173  0.0390 23.0732
528 400 -0.0280  0.0258 158.9957
560 400  0.0056  0.0341 210.7365
592 400  0.0092  0.0493 269.5789
624 400 -0.0109  0.0421 130.5724
656 400 -0.0131  0.0376 132.8077
 16 432 -1.3266 -1.0198 41.7391
 48 432 -0.7376 -0.1519 120.9500
 80 432 -0.2807 -0.2766 139.0336
112 432 -0.2391 -0.1807 98.7454
144 432 -0.3279 -0.3258 278.3768
176 432 -0.7076 -0.3383 150.7712
208 432 -0.2421 -0.2856 111.3730
240 432 -0.0888 -0.4224 276.0775
272 432 -0.1240 -0.2143 170.7059
304 432 -0.1186 -0.0717 23.4583
336 432 -0.1256 -0.1019 264.4219
368 432 -0.1113 -0.0069 180.9630
400 432 -0.0720 -0.0441 181.3086
432 432 -0.0406  0.0068 152.7773
464 432 -0.0735  0.0534 173.0132
496 432 -0.0518  0.0334 164.3541
528 432 -0.0593  0.0137 56.8721
560 432 -0.0457  0.0430 126.4634
592 432 -0.0250 -0.0132 86.0330
624 432 -0.0274  0.0199 213.0762
656 432 -0.0074  0.0361 94.0958
 16 464 -0.4036 -0.1868 70.0191
 48 464 -0.3455 -0.2203 169.4866
 80 464 -0.3994 -0.2925 159.3299
112 464 -0.7835 -0.6740 115.2346
144 464 -0.3604 -0.4585 111.8223
176 464 -0.3052 -0.7552 173.8827
208 464 -0.3301 -0.2183 146.3466
240 464 -0.2742 -0.3383 194.9041
272 464 -0.0429 -0.0250 10.8036
304 464 -0.2406 -0.2546 96.7731
336 464 -0.1103 -0.0332 177.0528
368 464 -0.1446 -0.1278 267.5577
400 464 -0.0401 -0.0227 129.7222
432 464 -0.0779 -0.0080 77.5488
464 464 -0.0371  0.0340 106.2344
496 464 -0.1050  0.0143 121.2669
528 464 -0.0258  0.0474 140.8974
560 464 -0.0202  0.0621 164.2324
592 464 -0.0000  0.0619 123.7352
624 464 -0.0025  0.0266 137.8785
656 464  0.0119 -0.0003 178.0587
 16 496 -0.3777 -0.1997 17.9461
 48 496 -0.4672 -0.3338 96.0484
 80 496 -0.3249 -0.2513 221.8960
112 496 -0.8015 -0.2611 164.1120
144 496 -0.3343 -0.3647 201.5148
176 496 -0.5658 -0.3615 169.0355
208 496 -0.3100 -0.3246 208.0067
240 496 -0.2083 -0.3930 23.6412
272 496 -0.4391 -0.3045 159.0606
304 496 -0.2053 -0.1218 58.8264
336 496 -0.2218 -0.1979 184.9196
368 496 -0.0432 -0.0186 122.0265
400 496 -0.0716 -0.0255 37.8678
432 496 -0.1471  0.0040 153.5249
464 496 -0.0316  0.0284 212.4083
496 496 -0.0208  0.0105 186.1687
528 496 -0.0763  0.0367 102.2336
560 496 -0.0481  0.0317 158.1361
592 496  0.0067  0.0046 32.4106
624 496  0.0065 -0.0027 81.7503
656 496  0.0135 -0.0166 141.7939
 16 528 -0.2585 -0.2816 35.2847
 48 528 -0.1592 -0.1827 197.2503
 80 528 -0.4794 -0.2743 119.6381
112 528 -0.3230 -0.2053 33.1730
144 528 -0.4019 -0.3937 237.8842
176 528 -0.9709 -0.5671 229.6926
208 528 -0.4864 -0.5532 150.7359
240 528 -0.2203 -0.9838 146.9920
272 528 -0.3428 -0.1293 61.9788
304 528 -0.0826 -0.1785 310.4145
336 528 -0.1233 -0.0869 20.4384
368 528 -0.1964 -0.1784 78.9416
400 528 -0.1140 -0.0476 240.1598
432 528 -0.1282 -0.0397 51.8668
464 528 -0.1320  0.0046 205.1558
496 528 -0.0581  0.0189 151.6870
528 528 -0.0926  0.0109 283.6868
560 528 -0.0802 -0.0030 155.6930
592 528 -0.0061 -0.0226 150.0469
624 528 -0.0024 -0.0178 183.2700
656 528  0.0200 -0.0444 114.9021
 16 560 -0.6341 -0.3151 74.0277
 48 560 -0.4474 -0.8674 177.4896
 80 560 -0.8401 -0.6895 74.3903
112 560 -0.8551 -1.0664 108.2839
144 560 -0.1845 -0.3846 10.0480
176 560 -0.4047 -0.7570 130.5917
208 560 -0.4603 -0.6875 215.1088
240 560 -0.7361 -0.8091 146.1233
272 560 -0.3196 -0.3411 43.7160
304 560 -0.2196 -0.3516 82.4196
336 560 -0.2916 -0.1194 250.6960
368 560 -0.2044 -0.1835 102.6994
400 560 -0.1063 -0.0440 16.3654
432 560 -0.1080 -0.0662 44.4899
464 560 -0.1693 -0.0205 197.5582
496 560 -0.1056 -0.0039 74.4586
528 560 -0.0784  0.0046 173.8226
560 560 -0.0583 -0.0426 111.7888
592 560 -0.0315 -0.0380 156.7236
624 560 -0.0188 -0.0791 125.6511
656 560  0.0294 -0.0241 70.0206
 16 592 -0.2748 -0.1183 65.3067
 48 592 -0.2852 -0.0347 11.4274
 80 592 -0.2199 -0.3710 44.3195
112 592 -0.6694 -0.5495 116.7807
144 592 -1.0658 -0.6117 105.6371
176 592 -1.1618 -0.8620 240.4583
208 592 -1.1606 -0.8431 86.3452
240 592 -0.6156 -0.4981 34.8985
272 592 -0.7921 -0.9324 29.5990
304 592 -0.6039 -0.6248 60.3263
336 592 -0.4952 -0.4777 280.5589
368 592 -0.3136 -0.2512 138.2128
400 592 -0.3515 -0.0975 219.7015
432 592 -0.3813 -0.1030 115.7244
464 592 -0.2575  0.0036 192.1329
496 592 -0.2544 -0.0593 174.6485
528 592 -0.1798 -0.1298 125.2674
560 592 -0.1211 -0.0412 115.9039
592 592  0.0325 -0.1032 128.4624
624 592  0.0742 -0.2055 120.7331
656 592  0.0838 -0.2233 113.6694
 16 624 -0.1586 -0.1046 45.1108
 48 624 -0.8756 -0.7083 62.9635
 80 624 -0.2398 -0.0539 188.3552
112 624 -0.7518 -0.7901 110.1297
144 624 -0.9192 -0.8428 34.4844
176 624 -1.0226 -0.9641 75.6576
208 624 -0.9582 -0.8818 202.8673
240 624 -1.2223 -0.8253 62.8831
272 624 -0.4069 -0.2242 31.9359
304 624 -0.9819 -0.6402 168.6146
336 624 -0.2218 -0.2158 36.7839
368 624 -0.5642 -0.2454 114.5733
400 624 -0.4763 -0.1188 77.5922
432 624 -0.4732 -0.0543 202.2677
464 624 -0.6438 -0.0396 127.0996
496 624 -0.5755 -0.0419 180.7527
528 624 -0.5627 -0.1934 136.7991
560 624 -0.1131 -0.1232 132.9305
592 624 -0.0020 -0.2371 119.5102
624 624  0.0511 -0.1803 31.0626
656 624  0.1799 -0.3480 265.6620
 16 656 -0.0897 -0.0479 48.7258
 48 656 -0.1513 -0.0609 250.2723
 80 656 -0.2652 -0.1389 57.0028
112 656 -0.6519 -0.9975 47.5749
144 656 -0.6784 -0.6285 263.9113
176 656 -1.1923 -0.9434 161.9489
208 656 -1.1324 -0.8792 88.7680
240 656 -1.2617 -0.7916 50.6348
272 656 -1.1325 -0.6715 52.4443
304 656 -1.3370 -0.8384 33.5317
336 656 -0.7909 -0.4151 134.6338
368 656 -1.0683 -0.1762 131.5300
400 656 -0.8036 -0.0657 132.9313
432 656 -0.8004  0.0517 163.2150
464 656 -0.4009 -0.0476 77.7199
496 656 -1.4023 -0.0961 142.2398
528 656 -0.8675 -0.2604 40.3202
560 656 -0.3457 -0.2715 55.9706
592 656 -0.0551 -0.4552 103.6633
624 656  0.0217 -0.3690 75.1828
656 656  0.1118 -0.3633 176.7046
 16 688 -0.3549 -0.0616 76.4717
 48 688 -0.6617 -0.0555 53.9575
 80 688 -0.4085 -0.0842 170.3813
112 688 -0.4843 -0.0410 23.5118
144 688 -0.8224 -0.9199 60.6439
176 688 -0.9770 -0.8707 204.2146
208 688 -0.9676 -0.9299 218.9791
240 688 -1.1173 -0.8117 133.2346
272 688 -1.2000 -0.8864 87.9659
304 688 -1.0307 -0.6331 85.9540
336 688 -0.8323 -0.3175 111.4339
368 688 -1.0505 -0.0569 231.9253
400 688 -0.5510  0.2387 109.3010
432 688 -0.9076  0.1832 69.9169
464 688 -0.6487 -0.1760 86.9199
496 688 -0.8191 -0.2775 169.5114
528 688 -0.1148 -0.2884 24.7293
560 688 -0.5049 -0.7696 114.2220
592 688 -0.1673 -0.6091 168.7409
624 688  0.0024 -0.3827 55.2526
656 688 -0.0563 -0.6176 52.4490
 16 720 -0.0619 -0.0404 60.5139
 48 720 -0.0849 -0.0995 29.0373
 80 720 -0.3731 -0.0272 225.0057
112 720 -0.4657 -0.1922 107.3951
144 720 -0.4576 -0.1191 146.4450
176 720 -0.8669 -0.8861 235.0322
208 720 -1.0776 -0.7107 16.8103
240 720 -1.0906 -0.8649 31.2413
272 720 -1.2018 -0.5460 38.7853
304 720 -0.7586 -0.3084 174.9779
336 720 -0.8052 -0.3735 83.6383
368 720 -0.2088  0.0961 173.1746
400 720 -0.1539  0.2261 108.6494
432 720 -0.1023  0.3615 218.4325
464 720 -0.2031 -0.1119 195.4616
496 720 -0.0763 -0.4308 99.3452
528 720  0.0890 -0.6315 23.8912
560 720  1.0175  0.0467 13.0617
592 720  0.0430 -0.1123 38.6629
624 720 -0.0831 -0.0939 45.7061
656 720  0.0123 -0.4175 125.1640
 16 752 -0.0117 -0.0186 17.6226
 48 752 -0.1436 -0.1924 82.1561
 80 752 -0.0851 -0.1052 107.0797
112 752 -0.1346 -0.0921 187.2283
144 752 -0.2366 -0.3824 208.1930
176 752 -0.1907 -0.2707 171.6676
208 752 -0.1724 -0.3074 127.3520
240 752 -0.7554 -0.7554 184.4101
272 752 -0.8167 -0.9186 251.2182
304 752 -0.3267 -0.2359 72.5176
336 752 -0.2065 -0.1925 228.0549
368 752  0.1800  0.2469 171.9737
400 752  0.6967  0.6213 103.7323
432 752  1.0398  0.4603 110.6996
464 752  1.2845 -0.1814 56.3490
496 752  0.7244 -0.8962 114.2092
528 752  0.2347 -0.6325 12.2738
560 752  1.1609  0.1746 10.2728
592 752  0.1440  0.3244 21.1730
624 752 -0.3653  0.3116  8.9231
656 752 -0.0591  0.0227 14.9096
 16 784  0.0038 -0.0083 17.9215
 48 784 -0.0040 -0.0499 270.0151
 80 784 -0.0320 -0.0882 277.8486
112 784 -0.1004 -0.1301 180.6451
144 784 -0.0849 -0.0950 95.0533
176 784 -0.1905 -0.2258 92.8003
208 784 -0.1208 -0.9965 244.7055
240 784 -0.2264 -0.4069 166.1802
272 784 -0.3539 -0.4309 111.6127
304 784 -0.2359 -0.5028 170.6764
336 784 -0.1817 -0.1532 216.8341
368 784  0.3811  0.0649 139.0595
400 784  0.9378  0.3464 209.3375
432 784  1.9070  0.4496 35.1208
464 784  2.0057  0.0531 122.1407
496 784  1.7225 -1.2076 31.4995
528 784  0.3592  0.0923 12.5707
560 784  0.7380  0.0221  7.2750
592 784 -0.0156  0.0401 12.8015
624 784 -0.0345  0.0301 28.9718
656 784 -0.0591  0.0656  8.3185
 16 816  0.0190 -0.0131 91.5881
 48 816 -0.0054 -0.0209 26.1817
 80 816  0.0467 -0.0424 52.4942
112 816  0.0085 -0.0427 127.4920
144 816  0.0042 -0.0750 155.1579
176 816 -0.0033 -0.1370 89.8980
208 816 -0.0470 -0.3554 177.3817
240 816 -0.0467 -0.4385 54.7415
272 816 -0.0454 -0.6608 55.4210
304 816 -0.0054 -0.4002 43.1738
336 816  0.3023 -0.1657 27.7047
368 816  0.8152  0.0836 48.1245
400 816  1.3295  0.2645 54.2785
432 816  2.1026  0.3364 112.8087
464 816  2.6987 -0.0006 171.9742
496 816  0.1954 -0.0686 16.4143
528 816  0.1277  0.0161  6.5395
560 816  0.1524  0.1672 13.1922
592 816  0.0423  0.0326 40.9372
624 816 -0.0033  0.0507 10.3568
656 816 -0.0028  0.0271 15.2200
 16 848  0.1296 -0.0100 30.5573
 48 848  0.0667  0.0105 43.0586
 80 848  0.0138 -0.0178 60.8624
112 848  0.2222 -0.0634 61.1601
144 848  0.1327 -0.0864 115.3876
176 848  0.5386 -0.0966 110.8949
208 848  0.1606 -0.5342 168.1025
240 848  0.0535 -0.5954 154.7515
272 848  0.1160 -0.2474 51.5742
304 848  0.6263 -0.5660 57.9095
336 848  1.0134 -0.2163 89.5431
368 848  1.3780 -0.0537 59.1788
400 848  2.0333  0.4205 154.7739
432 848  2.1964  0.0813 51.6312
464 848  0.3575 -0.0310 17.0652
496 848  0.0795 -0.0389 12.2869
528 848  0.0788  0.0711  5.4296
560 848  0.0121  0.1190 80.2652
592 848  0.0556  0.2674 91.6124
624 848  0.0053  0.1177 54.0303
656 848 -0.0022  0.0223 26.2635
 16 880  0.0072 -0.0447 29.5943
 48 880  0.0389 -0.0296 17.9050
 80 880  0.0650 -0.1100 180.5547
112 880  0.0452 -0.0510 105.2354
144 880  0.0920 -0.0522 315.5236
176 880  0.0931 -0.2563 190.8983
208 880  0.5584 -0.4322 191.5768
240 880  0.3608 -0.4874 99.0189
272 880  0.7392 -0.7974 87.5753
304 880  1.0908 -0.6997 79.2139
336 880  1.1451 -0.5556 153.1063
368 880  1.3698 -0.3045 183.3695
400 880  2.1481  0.2233 69.0593
432 880  1.8798  0.2711 85.9692
464 880  0.7430  0.3938 20.9023
496 880  0.0122  0.0023  5.6524
528 880  0.0692  0.0411 10.8867
560 880  0.0563  0.1474 28.9134
592 880 -0.0158  0.1448 41.2779
624 880 -0.0786  0.1069 99.2063
656 880 -0.0224  0.1583 63.3231
 16 912  0.3947 -0.0464 156.0707
 48 912  0.0023  0.0112 16.1132
 80 912  0.0883 -0.2052 148.4498
112 912  0.0941 -0.0123 220.2794
144 912  0.1535 -0.1198 229.2686
176 912  0.4903 -0.2375 215.0551
208 912  0.1869 -0.2015 28.0321
240 912  0.3525 -0.2697 102.6194
272 912  0.8347 -0.8272 91.3286
304 912  0.7752 -0.4217 21.1894
336 912  1.2898 -0.6897 57.0257
368 912  1.7573 -0.1492 47.0844
400 912  0.3115 -0.0040 16.7147
432 912  0.0878  0.0311 20.3919
464 912 -0.0123 -0.0233  9.1415
496 912  0.1933 -0.1617  4.0355
528 912  0.0085 -0.0124  4.8647
560 912  0.0044 -0.0060 12.3753
592 912 -0.0098  0.0624 23.8770
624 912 -0.0662  0.0887 48.1207
656 912 -0.0749  0.1754 50.8010
 16 944  0.0622  0.0090 15.1283
 48 944  0.0571 -0.0217 79.2492
 80 944  0.0618 -0.0991 295.0663
112 944  0.0859 -0.0871 175.3489
144 944  0.1693 -0.2206 242.2579
176 944  0.3395 -0.2038 283.0415
208 944  0.1067 -0.4800 97.7187
240 944  0.1463 -0.5381 246.2394
272 944  0.6334 -0.6739 28.0230
304 944  0.8417 -1.0866 153.0598
336 944  0.3913 -0.2514 74.9513
368 944  0.5692  0.0249 56.2215
400 944  0.0212  0.3914 14.3980
432 944 -0.0096 -0.0086 13.3286
464 944 -0.0077  0.0144  5.5460
496 944 -0.0063 -0.0014  7.8656
528 944 -0.0023  0.0023  4.6114
592 944  0.0550 -0.0821  5.6234
624 944  0.0631 -0.0661  9.6888
656 944  0.0252 -0.0248 19.7415
 16 976  0.0297 -0.0201 27.3939
 48 976  0.0947 -0.0226 26.7061
 80 976  0.1049 -0.0078 227.2631
112 976  0.1639 -0.2052 357.3703
144 976  0.1273 -0.2270 183.0392
176 976  0.1034 -0.2328 71.6556
208 976  0.1942 -0.2040 85.2199
240 976  0.2561 -0.2420 160.2657
272 976  0.2364 -0.5290 44.1365
304 976  0.2871 -0.8259 47.2297
336 976 -0.0639 -0.1306 90.7803
368 976 -0.0046  0.0142 25.5580
400 976 -0.0257 -0.0455 12.2793
432 976  0.0105 -0.0234  7.4249
464 976 -0.0140 -0.0183 21.3164
496 976  0.0297  0.0245 25.0164
528 976  0.0009  0.0002 35.5578
560 976 -0.1074  0.0405  5.6195
656 976  0.0581 -0.3917  5.3275
 16 1008  0.1331 -0.0082 52.3037
 48 1008  0.0480 -0.0467 57.3701
 80 1008  0.0643 -0.0230 68.0853
112 1008  0.0993 -0.0424 133.1270
144 1008  0.2468 -0.0402 42.5252
176 1008  0.1531 -0.1715 152.6031
208 1008  0.1986 -0.2255 31.3298
240 1008  0.0703 -0.5393 50.7483
272 1008  0.0492 -0.7250 69.2969
304 1008  0.0727 -0.7395 94.6487
336 1008  0.0123 -0.1490 22.6045
368 1008  0.0118  0.0771 10.2084
400 1008 -0.0086 -0.0063  8.0861
432 1008  0.0069  0.0062 17.7380
464 1008  0.0205 -0.0607 37.3845
496 1008  0.0123 -0.0195 35.8815
528 1008 -0.0277 -0.0797 20.8191
560 1008 -0.1230  0.0810 11.9388
 16 1040  0.0295 -0.0139 30.3905
 48 1040  0.0367 -0.0081 221.6645
 80 1040  0.0666 -0.0431 254.1031
112 1040  0.0350 -0.0698 258.2376
144 1040  0.0751 -0.1089 40.3995
176 1040  0.1205 -0.1934 54.1412
208 1040  0.0967 -0.2142 138.4518
240 1040  0.0444 -0.1183 20.6214
272 1040  0.0148 -0.6588 121.2759
304 1040 -0.0567 -0.1968 158.4996
336 1040  0.0019  0.1101 27.8966
368 1040  0.0897  0.0793 12.0450
400 1040  0.0210  0.0173 52.9042
432 1040  0.0160 -0.0231 33.1295
464 1040  0.0510 -0.0047 119.6859
496 1040  0.0052 -0.0684 50.3187
528 1040 -0.0303  0.0227 34.7557
560 1040  0.0103  0.0562  8.1869
592 1040 -0.0574  0.1476  7.1911
624 1040 -0.0019  0.4800  5.0724
656 1040 -0.0374  0.2400  5.0218
 16 1072  0.0597 -0.0466 40.6186
 48 1072  0.1010 -0.0471 66.1584
 80 1072  0.0266  0.0220 109.6692
112 1072  0.0183 -0.0258 284.8970
144 1072  0.0558 -0.0565 386.1108
176 1072  0.0411 -0.1429 223.9354
208 1072  0.0524 -0.0653 24.3241
240 1072  0.0620 -0.1344 96.7455
272 1072 -0.0022 -0.4612 82.7656
304 1072 -0.0637 -0.1572 36.4751
336 1072 -0.0272 -0.0910 232.9143
368 1072 -0.0700 -0.0801 195.0085
400 1072 -0.0101 -0.0130 63.0226
432 1072  0.0180 -0.0097 337.3311
464 1072  0.0661 -0.0164 38.9558
496 1072  0.0263 -0.0332 19.0671
528 1072 -0.0206 -0.1844 43.5329
560 1072 -0.0095  0.0061 14.4787
592 1072  0.0834  0.0244 16.5920
624 1072 -0.0574  0.0323 12.9617
656 1072 -0.0038  0.0103 14.9909
 16 1104  0.1392 -0.0415 42.4918
 48 1104  0.0146  0.0075 29.8658
 80 1104  0.0463 -0.0433 155.8926
112 1104  0.1257 -0.0392 114.2035
144 1104  0.0221 -0.0478 140.2576
176 1104  0.0375 -0.1291 291.0094
208 1104  0.0202 -0.2705 37.6892
240 1104  0.0233 -0.1454 238.1895
272 1104  0.0095 -0.1722 69.9658
304 1104 -0.0110 -0.1166 114.3882
336 1104 -0.0396 -0.0815 222.6162
368 1104 -0.0296 -0.1001 136.1017
400 1104 -0.0000 -0.0895 119.3371
432 1104  0.0082 -0.0389 186.7249
464 1104  0.0315 -0.0291 55.1629
496 1104 -0.0046 -0.0409 14.7205
528 1104  0.0152 -0.0242 15.3619
560 1104 -0.0090  0.0192 22.9995
592 1104 -0.0408  0.0304 11.1675
624 1104 -0.0459 -0.0088  9.5547
656 1104  0.0738  0.0156 14.4078
 16 1136  0.0498 -0.0145 18.9993
 48 1136  0.0731 -0.0002 25.3866
 80 1136  0.1568 -0.0247 140.9388
112 1136  0.1027 -0.0384 25.3907
144 1136  0.0585 -0.0728 101.4906
176 1136  0.0273 -0.1107 205.2885
208 1136  0.0164 -0.0625 129.0831
240 1136 -0.0222 -0.2691 195.3435
272 1136  0.0133 -0.0930 109.1557
304 1136  0.0489 -0.0589 215.9749
336 1136 -0.0112 -0.1029 132.0612
368 1136  0.0129 -0.0694 203.2425
400 1136  0.0158 -0.1084 81.9836
432 1136  0.0074 -0.0477 34.4750
464 1136  0.0310 -0.0327 21.8306
496 1136  0.0451 -0.1397 31.9893
528 1136  0.0035 -0.0378 12.9698
560 1136 -0.0110 -0.0205 17.0458
592 1136 -0.0140 -0.0082 11.6722
624 1136  0.0086 -0.0176 22.9280
656 1136 -0.0547 -0.0449 32.8164
 16 1168  0.0198 -0.0146 16.9532
 48 1168 -0.0021 -0.0292 45.2061
 80 1168  0.0612 -0.0345 44.8038
112 1168  0.0225 -0.0354 171.5942
144 1168  0.0122 -0.0575 164.5494
176 1168  0.0176 -0.0646 131.6090
208 1168  0.0196 -0.2517 280.9840
240 1168  0.1201 -0.0929 72.9677
272 1168  0.0144 -0.0408 104.8053
304 1168  0.0192 -0.1153 50.2871
336 1168  0.0068 -0.0895 222.1691
368 1168  0.0357 -0.1069 122.3419
400 1168  0.0321 -0.0728 235.6115
432 1168  0.0631 -0.0975 36.6009
464 1168  0.0279 -0.0565 299.9213
496 1168  0.0154 -0.0323 15.4507
528 1168  0.0003 -0.0191 12.0120
560 1168  0.0152  0.0050 11.8703
592 1168 -0.0012 -0.0311 13.7480
624 1168 -0.0208 -0.0009 11.6326
656 1168  0.0254  0.0130 11.0206
 16 1200  0.0158 -0.0326 57.7225
 48 1200  0.0206 -0.0350 15.9865
 80 1200  0.0149 -0.0140 18.4769
112 1200  0.0158 -0.0243 22.8902
144 1200  0.0045 -0.0405 135.7097
176 1200  0.0580 -0.0068 140.8131
208 1200  0.0146 -0.1107 47.8784
240 1200  0.0167 -0.1700 259.4272
272 1200  0.0031 -0.1368 75.7730
304 1200  0.0362 -0.0569 125.7682
336 1200  0.0453 -0.0648 134.5168
368 1200  0.0134 -0.2028 176.8382
400 1200  0.0406 -0.1172 241.3736
432 1200  0.0080 -0.0868 14.2678
464 1200  0.0261 -0.0242 203.0134
496 1200  0.0073 -0.0174 18.9427
528 1200 -0.0015  0.0003 17.1352
560 1200  0.0113 -0.0071 11.7749
592 1200 -0.0016 -0.0125 18.0237
624 1200 -0.0034 -0.0345 47.5062
656 1200 -0.0016 -0.0280 45.3189
  0   0  0.0065 -0.0584  0.0000
  0   0  0.0381 -0.0767  0.0000
  0   0  0.0310 -0.0243  0.0000
  0   0  0.0185  0.0464  0.0000
  0   0  0.0086  0.1217  0.0000
  0   0  0.0079  0.1500  0.0000
