VARIABLES= "X pix", "Y pix", "U pix/dt", "V pix/dt", "CHC", ZONE I=21, J=30
 16 272 -0.1197 -0.0857 238.9299
 48 272 -0.3208 -0.2032 188.2733
 80 272 -0.0131 -0.1371 253.6706
112 272 -0.1558 -0.1032 225.6851
144 272 -0.1582 -0.1783 160.9333
176 272 -0.0839 -0.1493 155.3003
208 272 -0.0659 -0.1291 327.3713
240 272 -0.1637 -0.0469 196.3821
272 272 -0.0208 -0.0269 228.4020
304 272 -0.1065 -0.0421 166.9810
336 272 -0.0709 -0.0379 215.7621
368 272 -0.0527 -0.0226 183.8945
400 272 -0.0409 -0.0067 73.8897
432 272 -0.0261  0.0007 133.7081
464 272 -0.0090  0.0413 226.2483
496 272 -0.0500  0.0383 116.8170
528 272 -0.0264  0.0291 118.3145
560 272 -0.0378  0.0293 46.2086
592 272 -0.0327  0.0127 106.5927
624 272 -0.0367  0.0263 109.8803
656 272 -0.0070  0.0048 170.5500
 16 304 -0.1361 -0.1594 294.3149
 48 304 -0.0680 -0.1590 129.0941
 80 304 -0.1837 -0.1889 148.1797
112 304 -0.1484 -0.2692 230.9969
144 304 -0.1576 -0.2785 280.6474
176 304 -0.0926 -0.1409 151.9470
208 304 -0.1001 -0.0516 24.6557
240 304 -0.0691 -0.2279 148.7152
272 304 -0.0095 -0.1281 201.6448
304 304 -0.1062 -0.0886 241.9380
336 304 -0.0928 -0.0417 173.2572
368 304 -0.0959 -0.0105 312.5779
400 304 -0.0564 -0.0233 83.7810
432 304 -0.0224 -0.0144 201.3679
464 304 -0.0201  0.0105 320.7273
496 304 -0.0311  0.0382 169.1702
528 304 -0.0119  0.0308 96.5371
560 304 -0.0459 -0.0080 303.2852
592 304 -0.0380  0.0406 121.4283
624 304 -0.0205  0.0261 123.1886
656 304 -0.0312  0.0036 96.3372
 16 336 -0.4235 -0.3246 208.3819
 48 336 -0.5713 -0.1185 93.9955
 80 336 -0.0271 -0.1016 81.7231
112 336 -0.3308 -0.3981 182.1820
144 336 -0.1606 -0.1988 80.4506
176 336 -0.1312 -0.1981 87.8515
208 336 -0.2034 -0.2517 259.5307
240 336 -0.2176 -0.0868 190.4940
272 336 -0.0475 -0.3803 103.6343
304 336 -0.1255 -0.0758 93.3536
336 336 -0.0835 -0.0702 159.0532
368 336 -0.0928 -0.0119 119.1866
400 336 -0.0455 -0.0067 85.9728
432 336 -0.0475 -0.0180 136.1259
464 336 -0.0296  0.0163 205.7259
496 336 -0.0230  0.0275 173.7141
528 336 -0.0411  0.0254 109.9193
560 336 -0.0302  0.0380 206.6674
592 336  0.0146 -0.0109 97.3648
624 336 -0.0328  0.0438 89.6812
656 336 -0.0191  0.0071 88.8344
 16 368 -0.4272 -0.2313 24.8402
 48 368 -0.6930 -0.6023 115.8533
 80 368 -0.2019 -0.2034 36.6737
112 368 -0.0788 -0.2987 66.6155
144 368 -0.1555 -0.0962 292.4810
176 368 -0.2794 -0.1778 205.8090
208 368 -0.1908 -0.1708 122.3188
240 368 -0.1174 -0.0992 198.9769
272 368 -0.1566 -0.1952 49.1837
304 368 -0.0620 -0.1305 268.8927
336 368 -0.0168 -0.0819 159.8143
368 368 -0.0691 -0.0541 181.2134
400 368 -0.1214 -0.0140 75.2429
432 368 -0.0525 -0.0105 74.8502
464 368 -0.0187 -0.0039 138.6460
496 368 -0.0150  0.0199 107.1606
528 368 -0.0380  0.0050 168.1683
560 368 -0.0170  0.0099 200.9513
592 368 -0.0730  0.0115 197.1932
624 368 -0.0352  0.0133 152.9660
656 368 -0.0297  0.0200 33.2015
 16 400 -0.1818 -0.2325 243.0057
 48 400 -0.2690 -0.3772 60.4277
 80 400 -0.2769 -0.4007 133.4357
112 400 -0.1885 -0.3845 286.3333
144 400 -0.1424 -0.5260 175.8139
176 400 -0.3776 -0.1452 119.7120
208 400 -0.5301 -0.3114 163.0218
240 400 -0.2885 -0.2459 51.8146
272 400 -0.1194 -0.1482 38.7556
304 400 -0.1093 -0.1495 106.6391
336 400 -0.0604 -0.2424 134.5033
368 400 -0.1087 -0.0773 193.3258
400 400 -0.1020 -0.0529 118.1262
432 400 -0.0609 -0.0331 176.6180
464 400 -0.0228 -0.0126 192.3293
496 400 -0.0256 -0.0014 145.6877
528 400  0.0006  0.0360 162.5480
560 400 -0.0057  0.0235 137.1365
592 400 -0.0285  0.0051 170.6853
624 400 -0.0014  0.0023 116.9298
656 400 -0.0219 -0.0012 177.5641
 16 432 -0.1719 -0.1328 53.3253
 48 432 -0.4933 -0.7317 65.0490
 80 432 -0.7090 -0.2447 98.5539
112 432 -0.7224 -0.5400 76.0417
144 432 -0.2275 -0.1689 288.5400
176 432 -0.1753 -0.2219 189.7556
208 432 -0.1902 -0.2344 342.9839
240 432 -0.4179 -0.4464 127.5340
272 432 -0.2779 -0.3898 136.0929
304 432 -0.1337 -0.2415 155.2509
336 432 -0.1874 -0.1166 392.8440
368 432 -0.0912 -0.0598 138.9719
400 432 -0.0744 -0.0455 47.8714
432 432 -0.0502 -0.0918 165.6163
464 432 -0.0526 -0.0010 105.1673
496 432 -0.0071 -0.0198 27.3922
528 432 -0.0603  0.0285 140.2143
560 432 -0.0260  0.0132 161.1593
592 432 -0.0310  0.0195 112.6328
624 432 -0.0404  0.0069 78.5188
656 432 -0.0299 -0.0349 76.2220
 16 464 -0.3094 -0.2588 38.9271
 48 464 -0.3329 -0.1648 48.0454
 80 464 -0.6410 -0.2250 122.7837
112 464 -0.3464 -0.2153 135.2034
144 464 -0.3000 -0.3734 89.8949
176 464 -0.3880 -0.4013 220.5930
208 464 -0.2152 -0.3926 52.1586
240 464 -0.4863 -0.2607 162.7014
272 464 -0.0835 -0.3348 29.1740
304 464 -0.2259 -0.3585 175.5080
336 464 -0.1410 -0.1960 270.4293
368 464 -0.1207 -0.1319 167.2240
400 464 -0.1145 -0.1798 108.2546
432 464 -0.0709 -0.0971 73.1353
464 464 -0.0453 -0.0577 282.4601
496 464 -0.0108 -0.0247 108.8109
528 464 -0.0097 -0.0238 188.3462
560 464 -0.0021  0.0106 184.5598
592 464 -0.0171  0.0092 181.7224
624 464 -0.0105 -0.0308 108.3546
656 464 -0.0267 -0.0339 192.1363
 16 496 -0.2530 -0.1073 153.5130
 48 496 -0.3319 -0.3069 48.2261
 80 496 -0.6935 -0.6165 138.5602
112 496 -0.8760 -0.3259 204.3441
144 496 -0.7445 -0.4512 121.1020
176 496 -0.3659 -0.2700 44.3264
208 496 -0.4245 -0.3298 121.2175
240 496 -0.2678 -0.5027 69.6751
272 496 -0.2790 -0.4558 133.5799
304 496 -0.3485 -0.1898 124.5832
336 496 -0.1045 -0.1974 27.5743
368 496 -0.1349 -0.1982 158.2935
400 496 -0.1293 -0.1494 131.6176
432 496 -0.0486 -0.1455 148.9079
464 496 -0.0172 -0.0365 180.3170
496 496 -0.0312 -0.0330 145.4860
528 496 -0.0583  0.0345 252.7505
560 496 -0.0073  0.0223 69.0378
592 496  0.0010  0.0277 141.8633
624 496 -0.0190  0.0213 100.8014
656 496 -0.0168  0.0188 136.6669
 16 528 -0.1614 -0.2809 29.4407
 48 528 -0.8715 -0.5669 28.9427
 80 528 -0.7161 -0.4076 154.9637
112 528 -0.6595 -0.5918 182.0274
144 528 -0.5323 -0.5697 23.1365
176 528 -0.9961 -0.7109 169.4801
208 528 -1.3496 -0.7437 144.5869
240 528 -0.2258 -0.4528 66.8683
272 528 -0.7841 -0.5537 56.9629
304 528 -0.5413 -0.4976 227.9393
336 528 -0.3400 -0.2620 213.6071
368 528 -0.3413 -0.2441 216.8424
400 528 -0.1131 -0.2266 44.3772
432 528 -0.0191 -0.2072 135.4674
464 528 -0.0150 -0.1561 161.4536
496 528 -0.0040 -0.0447 208.1355
528 528  0.0262 -0.0151 67.2860
560 528 -0.0024  0.0329 196.5639
592 528 -0.0257  0.0767 155.1390
624 528  0.0055  0.0352 157.5908
656 528 -0.0236  0.0296 93.9832
 16 560 -0.5159 -0.3097 88.2830
 48 560 -0.8270 -0.6389 95.6950
 80 560 -0.6325 -0.5077 184.4881
112 560 -0.8086 -0.8745 77.1182
144 560 -0.4415 -0.2493 104.2847
176 560 -0.0982 -0.1060 11.0646
208 560 -0.7791 -0.9255 159.4863
240 560 -0.6852 -0.7124 73.6130
272 560 -0.7013 -0.6874 179.3005
304 560 -0.3196 -0.4277 168.3698
336 560 -0.0605 -0.0549 22.0967
368 560 -0.2284 -0.3326 255.1439
400 560 -0.1209 -0.2593 27.0004
432 560 -0.0960 -0.4446 248.7465
464 560 -0.0435 -0.2005 86.1018
496 560  0.0449 -0.1592 169.9351
528 560  0.0287 -0.0215 224.9020
560 560  0.0426  0.0269 80.8865
592 560  0.0702  0.0297 125.6637
624 560 -0.0133  0.1285 83.6960
656 560 -0.0416  0.0730 91.0501
 16 592 -0.8827 -0.8260 113.6610
 48 592 -0.6088 -0.3981 142.3070
 80 592 -0.8692 -0.6074 123.8107
112 592 -0.4853 -0.1538 40.3485
144 592 -1.3625 -0.7804 169.1086
176 592 -1.3786 -1.0034 120.8306
208 592 -1.3362 -0.6258 194.1911
240 592 -0.8897 -0.7323 155.0532
272 592 -0.6861 -0.7667 231.1232
304 592 -0.3946 -0.4540 27.6067
336 592 -0.3049 -0.7183 126.2929
368 592 -0.2378 -0.2079 176.6419
400 592 -0.1559 -0.6679 105.7126
432 592 -0.0440 -0.5201 56.1544
464 592  0.1216 -0.4074 209.7632
496 592  0.1189 -0.0937 43.1631
528 592  0.1687 -0.0646 171.7549
560 592  0.1071 -0.0139 154.8247
592 592  0.0853  0.1032 77.3955
624 592 -0.0412  0.0502 122.3855
656 592 -0.0389  0.0841 224.4177
 16 624 -0.0360 -0.0317 27.7585
 48 624 -0.6056 -0.2279 25.5788
 80 624 -1.0196 -0.2523 72.0832
112 624 -0.8596 -0.5381 210.0043
144 624 -1.0005 -1.0895 181.4686
176 624 -1.2213 -0.8103 62.9491
208 624 -0.9186 -0.8058 82.4387
240 624 -1.3621 -0.9030 91.9054
272 624 -0.0994 -0.1808 26.6804
304 624 -1.2080 -1.0753 46.0072
336 624 -0.3564 -0.4742 50.7371
368 624 -0.2954 -1.0324 171.9173
400 624 -0.0594 -0.7998 38.9056
432 624  0.0764 -0.9429 81.0313
464 624  0.3776 -0.6055 158.1339
496 624  0.4433 -0.2290 64.6342
528 624  0.4296 -0.0609 132.9170
560 624  0.2607  0.0845 65.7121
592 624  0.3358  0.1305 117.1009
624 624  0.1149  0.2129 108.3367
656 624 -0.0475  0.1811 313.7654
 16 656 -0.2076 -0.0958 83.3890
 48 656 -0.7535  0.0182 88.7751
 80 656 -0.3662 -0.1975 52.3097
112 656 -0.2977 -0.2141 152.1249
144 656 -0.1981 -0.7448  1.0000
176 656 -0.9463 -0.5813 248.3415
208 656 -0.9076 -1.2336 209.0507
240 656 -1.3471 -1.2372 94.8526
272 656 -1.2759 -0.9719 24.9014
304 656 -1.0357 -1.0867 336.1258
336 656 -1.0381 -1.4610 92.9125
368 656 -0.4132 -1.3731 111.8648
400 656  0.0158 -1.4317 61.1731
432 656  0.9344 -1.6394 290.0270
464 656  0.3764 -0.8353 103.3466
496 656  0.6992 -0.2701 119.0636
528 656  1.2242  0.0277 62.0658
560 656  0.5557  0.4070 164.0980
592 656  0.2749  0.4170 101.3948
624 656  0.2377  0.6319 107.7877
656 656  0.0757  0.9290 95.8676
 16 688 -0.3843 -0.0950 138.0717
 48 688 -0.2940 -0.1295 47.7653
 80 688 -0.5853 -1.1796 140.2499
112 688 -0.7658 -0.2893 102.4107
144 688 -0.4425 -0.1955 26.9191
176 688 -1.3617 -0.8111 188.6220
208 688 -1.0763 -0.6620 93.8270
240 688 -1.2632 -0.8787 207.1799
272 688 -1.1581 -1.1868 84.4795
304 688 -0.9958 -1.3580 92.7026
336 688 -0.8402 -0.8293 69.7116
368 688 -0.7233 -1.7376 49.3623
400 688  0.1567 -2.9852 73.0052
432 688  0.7244 -2.3931 57.3548
464 688  1.1978 -1.3280 19.8620
496 688  1.1782 -0.2370 45.2704
528 688  1.3094  0.0477 132.6444
560 688  0.8616  0.3600 76.0699
592 688  0.3169  0.1092 13.2198
624 688  0.0883  0.7688 85.7093
656 688  0.0895  0.8360 137.5058
 16 720 -0.0881 -0.0502 35.4376
 48 720 -0.1174 -0.0953 164.0517
 80 720  0.0869 -0.0922 41.2863
112 720 -0.3126 -0.1219 274.9403
144 720 -0.9007 -0.3575 139.4473
176 720 -0.8662 -0.8477 68.6935
208 720 -1.0927 -0.8638 20.5814
240 720 -1.1192 -0.9071 35.0305
272 720 -1.1575 -1.0113 225.5901
304 720 -1.1191 -1.2306 118.7360
336 720 -1.4169 -1.6219 33.0821
368 720 -1.3461 -2.6871 110.1535
400 720 -0.4631  0.0377 66.9865
432 720 -4.4753  0.3024 13.1755
464 720  0.0213 -0.2477 21.7927
496 720 -1.2637 -1.1480 105.4974
528 720  0.6394  0.0632 126.1217
560 720  0.6003  0.2931 116.5451
592 720  0.8397  1.0999 51.4613
624 720  0.3631  1.1370 38.5303
656 720  0.2398  0.5492 100.9176
 16 752 -0.0439 -0.0940 80.2717
 48 752 -0.0471 -0.1441 51.1465
 80 752 -0.1573 -0.1260 151.2824
112 752 -0.3083 -0.2720 149.8289
144 752 -0.1669 -0.3374 176.5618
176 752 -0.5262 -0.3400 204.2381
208 752 -0.8354 -0.3237 103.0192
240 752  1.0047  2.1669 34.4338
272 752 -1.0637 -0.9808 88.3520
304 752 -2.2736 -1.8816 60.5131
336 752 -1.9273 -1.8091 22.2716
368 752 -0.1196 -0.1868 10.2515
400 752 -0.2940  0.1521 14.2668
432 752 -2.3421  0.2178  4.2814
464 752 -1.0685  0.4434 16.6121
496 752 -1.8454 -1.7407  9.7298
528 752 -0.8798 -1.3501 59.1942
560 752 -0.3704 -0.1691 46.4863
592 752  0.1204  0.9031 144.7607
624 752  0.0722  0.7714 26.1466
656 752  0.4045  0.7066 118.0417
 16 784 -0.0218 -0.0564 328.9233
 48 784 -0.0564 -0.0438 186.8003
 80 784 -0.0703 -0.0948 50.4025
112 784 -0.3538 -0.1513 192.9914
144 784 -0.1985 -0.1205 97.2939
176 784 -0.6254 -0.5929 172.7221
208 784 -0.4951 -0.1320 40.5520
240 784 -1.0486 -0.5646 70.3213
272 784 -1.8812 -0.9589 39.9632
304 784 -2.0132 -1.3054 49.1051
336 784 -2.5327 -2.4371 24.5337
368 784 -0.1560  0.3208 17.7597
400 784 -0.2081  0.2736 10.3278
432 784 -0.4021  0.4227  5.0041
464 784 -0.1830  0.2134  4.5174
496 784 -0.3084  0.2385 25.9618
528 784  3.6475  5.5539 44.7211
560 784 -0.5822 -0.8937 103.9234
592 784 -0.2541  0.4781 147.1321
624 784 -0.0565  0.2187 105.6971
656 784  0.2624  0.2806 83.2165
 16 816 -0.0258 -0.0193 40.8018
 48 816 -0.0377 -0.0430 67.2688
 80 816  0.0147 -0.0279 10.4017
112 816 -0.1022 -0.0722 228.6484
144 816 -0.2124 -0.1123 249.3113
176 816 -0.1182 -0.0480 16.5681
208 816 -0.3440 -0.0687 30.9177
240 816 -0.9661 -0.3583 57.8756
272 816 -1.5435 -0.4333 43.6418
304 816 -2.9960 -1.7084 35.1642
336 816 -4.7505 -2.9427 70.2015
368 816  1.8846 -0.1642 15.6165
400 816  0.6059  0.0121  8.6108
432 816 -0.4560  0.0739  6.9066
496 816 -0.2109  0.1704  5.1266
528 816  0.0322 -0.1859 60.6657
560 816 -1.2920 -1.2710 61.4596
592 816 -0.4597 -0.2883 146.7057
624 816 -0.1817 -0.1677 114.5373
656 816  0.1171  0.0175 170.6495
 16 848 -0.0017  0.0077 132.9751
 48 848 -0.0143 -0.0134 162.9749
 80 848 -0.0558 -0.0085 114.1504
112 848 -0.1283  0.0168 225.9325
144 848 -0.1058 -0.0186 313.2433
176 848 -0.5942 -0.0885 221.7953
208 848 -0.9278 -0.1564 89.0030
240 848 -1.3422 -0.0217 100.7815
272 848 -0.9644  0.0440 50.3919
304 848 -0.0618 -0.0432 12.7342
336 848 -0.0589 -0.3103 14.0711
368 848  0.1848 -0.4167  4.5519
400 848  0.3837 -0.3829  5.7394
432 848 -0.0006 -0.0764 10.0196
464 848 -0.0738 -0.0147  4.3581
528 848 -0.0107  0.0018 28.1394
560 848 -0.0779 -0.2739 61.1021
592 848 -0.0171 -0.0505 49.0985
624 848 -0.0762 -0.2444 86.5983
656 848  0.0184 -0.0500 30.7368
 16 880  0.0265  0.0024 52.1875
 48 880  0.0002  0.0070 123.8144
 80 880 -0.0305 -0.0315 159.9852
112 880 -0.0308  0.0029 206.9478
144 880 -0.0708  0.0052 256.2891
176 880 -0.1679  0.0232 41.9229
208 880 -1.2148  0.0153 76.2044
240 880 -1.3204  0.0828 35.2304
272 880 -1.1996 -0.0538 69.8129
304 880  0.0464 -2.9837 12.6402
336 880  0.3378 -2.5446  7.2349
432 880  0.1097 -0.0510  4.8576
464 880 -0.0552 -0.1059  4.7272
528 880  0.0329 -0.0294 14.3964
560 880  0.0549 -0.0094 13.8531
592 880  0.0880 -0.0078  6.6064
624 880  0.0299 -0.0087 28.0503
656 880  0.0031  0.0071 11.6080
 16 912 -0.0094  0.0248 159.8741
 48 912  0.0503  0.0321 31.4425
 80 912 -0.0029  0.0090 262.8230
112 912 -0.0235  0.0386 137.7909
144 912 -0.0580  0.0282 153.2773
176 912 -0.0841  0.0687 61.5434
208 912 -0.0722  0.2018 70.3991
240 912 -0.6894  0.4087 48.1248
272 912 -0.8907  0.5960 166.0649
304 912 -0.8201 -0.9820 13.4564
336 912 -0.0381  0.1456 15.6687
368 912  0.5000 -0.4996 12.4430
400 912  0.0939 -0.0623  4.1416
528 912  0.0132 -0.0132  4.4468
560 912  0.0214 -0.0175  5.6243
592 912  0.0000  0.0081  4.0797
624 912 -0.0014  0.0008  7.6524
656 912  0.0793  0.0101  5.8568
 16 944 -0.0073  0.0336 101.6056
 48 944  0.0076  0.0108 17.7977
 80 944  0.0144  0.0448 269.6015
112 944  0.0508  0.0282 325.9543
144 944  0.0005  0.0439 127.2898
176 944 -0.0045  0.0565 351.3727
208 944 -0.0157  0.0498 266.7327
240 944 -0.0176  0.5713 146.6055
272 944 -0.0667  0.6911 45.9709
304 944 -0.1087 -0.0293 81.0467
336 944 -1.0343 -1.8352 24.6307
368 944 -0.0481 -0.0876 13.8961
400 944  0.4131 -0.3770 14.2424
432 944 -0.0125 -0.2327  6.8398
464 944 -0.0711 -0.1795  7.5059
496 944  0.0364 -0.0327  7.1999
528 944  0.0023 -0.0052  4.2067
624 944 -0.0052 -0.0040  4.6562
656 944  0.0150  0.0064  4.4415
 16 976  0.0450  0.0095 79.1659
 48 976  0.0197  0.0061 27.4185
 80 976  0.0289  0.0582 115.3958
112 976  0.0120  0.0100 274.7478
144 976 -0.0197 -0.0197 19.0965
176 976  0.0422  0.1090 217.7644
208 976  0.0606  0.1695 87.4920
240 976  0.1144  0.4593 66.4588
272 976  0.4377  0.2976 85.6949
304 976  0.2310 -0.3915 92.9543
336 976 -0.1000 -0.9546 93.8499
368 976 -0.9177 -2.4127 13.9576
400 976 -0.0324 -0.0226 12.2747
432 976 -0.7428 -1.0635 13.2717
464 976 -0.0142 -0.0050 34.2251
496 976  0.0634 -0.0352  8.1320
528 976  0.0434 -0.0089  4.7323
 16 1008  0.0406 -0.0039 19.7232
 48 1008  0.0718  0.0542 60.3739
 80 1008  0.0534  0.0451 175.6661
112 1008  0.1320  0.0142 273.4157
144 1008  0.1855  0.0235 132.6425
176 1008  0.1071  0.0798 185.7725
208 1008  0.0588  0.0121 25.2807
240 1008  0.1473  0.0618 80.6255
272 1008  0.2908  0.0979 223.5518
304 1008  0.1976 -0.0955 158.1879
336 1008  0.5052 -1.0260 25.3654
368 1008  0.3214 -1.2466 189.8358
400 1008  1.7793  0.3079 27.8954
432 1008 -0.2546 -1.0328 22.1815
464 1008 -0.1258 -0.1528 13.4918
496 1008  0.0016 -0.0001 20.9438
528 1008  0.0202 -0.0203 10.9660
560 1008  0.0268 -0.0487  5.9917
 16 1040  0.0583  0.0386 88.1618
 48 1040  0.0197  0.0268 17.8615
 80 1040  0.0454  0.0504 206.3817
112 1040  0.0219  0.0451 129.1012
144 1040  0.2320  0.0276 128.9334
176 1040  0.1548  0.0268 243.7876
208 1040  0.0860 -0.0230 12.9163
240 1040  0.1852 -0.0171 157.6503
272 1040  0.9250 -0.0074 64.1006
304 1040  0.8833 -0.2469 75.3520
336 1040  0.8505 -0.4054 74.4565
368 1040  0.2695 -0.8260 35.0274
400 1040 -0.0273 -0.3241 12.7367
432 1040  0.0068 -0.8221 25.5423
464 1040 -0.0159 -0.0137 28.2165
496 1040  0.0051 -0.0037 17.4679
528 1040  0.0123 -0.0195 11.6166
560 1040  0.0157  0.0114 11.6400
592 1040  0.1005 -0.0075  5.3774
 16 1072  0.1150  0.0169 146.5705
 48 1072  0.0454  0.0256 162.7467
 80 1072  0.0645  0.0014 259.3920
112 1072  0.0650  0.0216 244.9248
144 1072  0.0681  0.0171 113.9017
176 1072  0.1346 -0.0464 44.9759
208 1072  0.2701 -0.0010 48.3786
240 1072  0.0804 -0.0636 146.2924
272 1072  0.6315 -0.0559 92.8368
304 1072  0.4320 -0.1195 69.4470
336 1072  0.2233 -0.2511 33.1054
368 1072  0.0397 -0.0434 12.5902
400 1072 -0.0180 -0.0341 15.2213
432 1072  0.0197 -0.0242 23.8261
464 1072  0.0044 -0.0298  9.1266
496 1072  0.0189  0.0088 13.0398
528 1072  0.0203 -0.0021 11.2283
560 1072  0.0189 -0.0416  7.5457
592 1072  0.0003 -0.0405  8.9228
624 1072 -0.0362 -0.0454  4.9661
656 1072  0.0057 -0.0085  4.4229
 16 1104  0.0036  0.0065 22.2890
 48 1104  0.0677  0.0234 136.6140
 80 1104  0.2550  0.0226 24.2180
112 1104  0.1980 -0.0120 78.2264
144 1104  0.0677  0.0087 139.2464
176 1104  0.0385 -0.0079 67.0192
208 1104  0.0919 -0.0211 177.2678
240 1104  0.3683 -0.0930 111.8442
272 1104  0.2472 -0.1031 95.3763
304 1104  0.2901 -0.1063 155.6708
336 1104  0.2008 -0.2797 119.8865
368 1104  0.0207 -0.2016 17.2803
400 1104 -0.0009 -0.0709 17.1696
432 1104  0.0082 -0.0465 16.9632
464 1104 -0.0039  0.0055 18.4086
496 1104  0.0043 -0.0090 14.2544
528 1104  0.0110 -0.0642 11.4214
560 1104 -0.0046 -0.0911 13.1713
592 1104  0.0215  0.0154  9.8732
624 1104 -0.0096 -0.0313  9.8843
656 1104  0.0039  0.0059  7.8531
 16 1136  0.0164 -0.0235 15.6292
 48 1136  0.0908 -0.0370 31.0265
 80 1136  0.1086  0.0160 72.0553
112 1136  0.0417  0.0443 47.7289
144 1136  0.0632  0.0073 97.4031
176 1136  0.2515 -0.0441 141.3537
208 1136  0.0557 -0.1270 278.0607
240 1136  0.0675 -0.0964 75.1549
272 1136  0.1213 -0.0853 121.5155
304 1136  0.6228  0.0082 75.8319
336 1136  0.1761 -0.3003 121.4053
368 1136  0.0714 -0.2546 57.7864
400 1136  0.0708 -0.2781 28.5231
432 1136  0.0298 -0.1502 19.9096
464 1136 -0.0051 -0.0855 14.2818
496 1136 -0.0170 -0.0144 12.5676
528 1136 -0.0138 -0.0426 14.7529
560 1136 -0.0047 -0.0206 10.6132
592 1136  0.1442  0.0171 13.1167
624 1136 -0.0119 -0.0270 13.9424
656 1136 -0.0046 -0.0192 17.1161
 16 1168  0.0265 -0.0126 13.8710
 48 1168  0.0303  0.0083 18.4952
 80 1168  0.0577 -0.0429 72.4692
112 1168  0.0311 -0.0057 76.3371
144 1168  0.0771 -0.0268 115.6112
176 1168  0.0440 -0.1047 210.8342
208 1168  0.0683 -0.0005 325.6081
240 1168  0.1954 -0.0580 37.6545
272 1168  0.0936 -0.0891 148.4944
304 1168  0.1195 -0.1166 246.1703
336 1168  0.0748 -0.3234 121.3389
368 1168  0.0686 -0.0393 23.7158
400 1168  0.0149 -0.0129 12.8699
432 1168  0.0126 -0.1917 20.9411
464 1168  0.0511 -0.0804 21.3032
496 1168 -0.0078  0.0025 26.2820
528 1168 -0.0134  0.0013 18.7799
560 1168 -0.0076 -0.0186 12.8900
592 1168 -0.0458  0.0307 10.8177
624 1168  0.0083  0.0102 15.3812
656 1168  0.0182 -0.0089 13.3215
 16 1200  0.0658  0.0374 25.4462
 48 1200  0.0445  0.0084 14.4619
 80 1200 -0.0041 -0.0152 13.8656
112 1200  0.0572 -0.0118 130.8600
144 1200  0.1224 -0.0448 43.6091
176 1200  0.0818 -0.0123 214.7703
208 1200  0.0668 -0.1345 224.0170
240 1200  0.0524 -0.0275 135.7803
272 1200  0.1342 -0.1280 55.4048
304 1200  0.0778 -0.1157 271.7578
336 1200  0.1402 -0.1451 131.6511
368 1200  0.0725 -0.2590 63.2054
400 1200  0.0242 -0.0737 18.0028
432 1200  0.0381 -0.0954 14.2207
464 1200  0.0002 -0.0490 14.3224
496 1200  0.0131 -0.0421 13.9489
528 1200  0.0065 -0.0066 21.6163
560 1200  0.0343  0.0211 14.7316
592 1200 -0.0284  0.0105 14.0365
624 1200 -0.0488 -0.1158 27.0912
656 1200  0.0155  0.0064 16.1204
  0   0 -0.0065 -0.0595  0.0000
  0   0 -0.0399 -0.2026  0.0000
  0   0 -0.0671 -0.1170  0.0000
  0   0 -0.1090  0.0248  0.0000
  0   0 -0.1714  0.0794  0.0000
  0   0 -0.2757  0.0944  0.0000
  0   0 -0.3776  0.1558  0.0000
  0   0 -0.2496  0.2343  0.0000
  0   0 -0.0936  0.2672  0.0000
  0   0  0.0233  0.2773  0.0000
  0   0  0.0544  0.1915  0.0000
  0   0  0.0598  0.0877  0.0000
  0   0  0.1316  0.0140  0.0000
  0   0  0.1892 -0.0410  0.0000
  0   0  0.1480 -0.0758  0.0000
  0   0  0.0984 -0.1600  0.0000
  0   0  0.1254 -0.1368  0.0000
  0   0  0.2046 -0.2047  0.0000
  0   0  0.2064 -0.2457  0.0000
