VARIABLES= "X pix", "Y pix", "U pix/dt", "V pix/dt", "CHC", ZONE I=21, J=30
 16 272 -0.0715 -0.0530 43.0485
 48 272 -0.2271 -0.1041 263.7635
 80 272 -0.2523 -0.1803 173.9376
112 272 -0.1209 -0.0886 303.0877
144 272 -0.0451 -0.0793 263.6409
176 272 -0.0701 -0.0655 197.1149
208 272 -0.1184 -0.1133 52.3321
240 272 -0.0304 -0.0223 106.4735
272 272 -0.0057  0.0009 72.1674
304 272 -0.0349 -0.0307 125.8106
336 272 -0.0296  0.0159 99.4378
368 272 -0.0446  0.0243 161.9576
400 272 -0.0358  0.0253 255.4189
432 272 -0.0463  0.0551 192.7191
464 272 -0.0129  0.0519 64.9011
496 272  0.0100  0.1367 130.2430
528 272 -0.0374  0.0241 170.1136
560 272 -0.0390  0.0477 19.0180
592 272 -0.0319  0.0597 158.5520
624 272 -0.0109  0.0676 111.4632
656 272 -0.0397  0.0041 175.4365
 16 304 -0.0572 -0.1212 148.0321
 48 304 -0.1402 -0.0173 194.1211
 80 304 -0.1142 -0.1247 186.9482
112 304 -0.0448 -0.2478 250.0492
144 304 -0.0635 -0.3590 63.9808
176 304 -0.7496 -0.0352 189.5707
208 304 -0.0731 -0.2415 320.9278
240 304 -0.0851 -0.0287 109.0814
272 304 -0.0904 -0.0344 132.1095
304 304 -0.1080 -0.0365 153.9220
336 304 -0.0846 -0.0147 93.4838
368 304 -0.0478  0.0007 82.5590
400 304 -0.0589  0.0191 53.8969
432 304 -0.0240  0.0442 66.8282
464 304 -0.0145  0.0999 135.0429
496 304 -0.0411  0.0866 137.3478
528 304  0.0248  0.0669 150.8761
560 304  0.0683  0.0294 199.9567
592 304  0.0001  0.0428 184.5352
624 304 -0.0183  0.0512 317.3264
656 304 -0.0138  0.0297 54.9611
 16 336 -0.0836 -0.1481 159.2928
 48 336 -0.0048 -0.1091 15.1987
 80 336 -0.1365 -0.3043 187.0045
112 336 -0.1483 -0.0980 194.7156
144 336 -0.3928 -0.1195 207.6221
176 336 -0.1075 -0.1038 340.9972
208 336 -0.1136 -0.0483 32.8383
240 336 -0.1376 -0.0779 189.7234
272 336 -0.0854 -0.0308 44.9280
304 336 -0.0864 -0.0784 130.2122
336 336 -0.0423 -0.0111 272.4098
368 336 -0.0275  0.0081 160.7682
400 336 -0.0623  0.0183 68.8908
432 336 -0.0190  0.0380 168.8117
464 336 -0.0125  0.0569 201.6958
496 336 -0.0267  0.0830 114.9338
528 336 -0.0135  0.0687 170.7980
560 336 -0.0204  0.0220 159.6070
592 336  0.0174  0.0775 249.7410
624 336 -0.0192  0.0650 123.7417
656 336 -0.0087  0.0669 105.0655
 16 368 -0.1218 -0.0499 23.4890
 48 368 -0.1096 -0.3083 307.2150
 80 368 -0.0535 -0.1697 275.4621
112 368 -0.0888 -0.0874 64.7280
144 368 -0.1183 -0.1341 86.5909
176 368 -0.1912 -0.1312 75.3925
208 368 -0.1279 -0.0678 212.5079
240 368 -0.1361 -0.1837 167.7311
272 368 -0.1087 -0.0212 61.1783
304 368 -0.0541 -0.0227 434.9721
336 368 -0.0803 -0.0409 272.1077
368 368 -0.0478 -0.0190 228.7392
400 368 -0.0208  0.0155 218.4035
432 368 -0.0339  0.0382 198.6060
464 368 -0.0152  0.0735 89.5227
496 368 -0.0582  0.0503 293.8883
528 368 -0.0169  0.0689 113.8653
560 368 -0.0080  0.0336 60.9278
592 368 -0.0768  0.0620 183.7326
624 368 -0.0224  0.0348 236.9131
656 368 -0.0218  0.0478 126.9528
 16 400 -0.0740 -0.0728 277.2285
 48 400 -0.1637 -0.1639 218.5111
 80 400 -0.1096 -0.5187 207.4580
112 400 -0.6604 -0.2268 86.0368
144 400 -0.3861 -0.1590 41.8411
176 400 -0.2752 -0.1950 154.6072
208 400 -0.1655 -0.1817 129.6068
240 400 -0.1066 -0.1986 220.0143
272 400 -0.0458 -0.1338 181.5407
304 400 -0.0665 -0.0800 230.5602
336 400 -0.1174 -0.0891 81.5709
368 400 -0.0501 -0.0592 54.4137
400 400 -0.0439  0.0037 18.6805
432 400 -0.0344  0.0626 229.3939
464 400 -0.0489  0.0651 177.5104
496 400 -0.0161  0.0213 27.4124
528 400 -0.0100  0.0916 135.5262
560 400 -0.0179  0.0419 184.8628
592 400  0.0108  0.1354 141.8477
624 400 -0.0162  0.0514 149.6530
656 400  0.0600  0.0206 172.5261
 16 432 -0.2828 -0.3075 111.7669
 48 432 -0.1278 -0.1703 153.2680
 80 432 -0.7257 -0.3346 131.0646
112 432 -0.2199 -0.3378 78.5845
144 432 -0.2357 -0.4021 221.8273
176 432 -0.2311 -0.4762 154.3718
208 432 -0.1156 -0.5574 55.4273
240 432 -0.4361 -0.1911 153.8699
272 432 -0.2913 -0.2469 179.2693
304 432 -0.0588 -0.1530 43.9966
336 432 -0.2007 -0.1135 231.1155
368 432 -0.0996 -0.0784 206.6114
400 432 -0.0440 -0.0499 196.1055
432 432 -0.0106  0.0403 120.6557
464 432 -0.0391  0.0482 135.3389
496 432 -0.0121  0.0334 127.7639
528 432 -0.0146  0.0413 112.8677
560 432 -0.0106  0.0242 98.8302
592 432 -0.0627  0.0465 94.3229
624 432 -0.0381  0.0533 132.0499
656 432  0.0047  0.0386 99.7300
 16 464 -0.1054 -0.0724 276.9860
 48 464 -0.7663 -0.3882 150.8723
 80 464 -0.2095 -0.2136 201.0689
112 464 -0.4497 -0.2798 129.1650
144 464 -0.2419 -0.4405 85.3749
176 464 -0.3470 -0.4234 135.4159
208 464 -0.2633 -0.5435 132.3933
240 464 -0.3213 -0.2035 224.7138
272 464 -0.2661 -0.0068 92.6142
304 464 -0.1559 -0.1073 176.3947
336 464 -0.0444 -0.0342 160.7821
368 464 -0.1713 -0.0466 300.3774
400 464 -0.0391 -0.0338 79.1648
432 464 -0.0320 -0.0053 59.3318
464 464 -0.0693  0.0421 91.7858
496 464 -0.0531  0.0277 144.9160
528 464 -0.0078  0.0513 133.5544
560 464 -0.0381  0.0392 170.6925
592 464 -0.0169  0.0017 145.1379
624 464  0.0133  0.0177 103.2977
656 464 -0.0063  0.0105 219.7727
 16 496 -0.4915 -0.1508 39.9596
 48 496 -0.2011 -0.1610 13.9346
 80 496 -0.5325 -0.4795 128.3341
112 496 -1.2902 -1.2052 131.5789
144 496 -0.3117 -0.6269 187.5451
176 496 -0.7208 -0.5802 168.6341
208 496 -0.5507 -0.4144 53.3613
240 496 -0.3882 -0.3986 43.3573
272 496 -0.5052 -0.0543 106.0824
304 496 -0.1096 -0.1249 51.2020
336 496 -0.1535 -0.0655 287.0222
368 496 -0.1132 -0.0723 55.5535
400 496 -0.0358 -0.0227 26.0549
432 496 -0.0889 -0.0076 140.7004
464 496 -0.0572  0.0025 274.2366
496 496 -0.0439  0.0216 132.4401
528 496 -0.0147  0.0310 108.2948
560 496 -0.0187  0.0287 124.9931
592 496  0.0009 -0.0081 27.0767
624 496  0.0297  0.0266 95.3809
656 496  0.0065  0.0124 155.9972
 16 528 -0.3918 -0.0975 18.5578
 48 528 -0.8097 -0.1631 77.9875
 80 528 -0.5208 -0.1483 213.9602
112 528 -0.9481 -0.8665 24.8563
144 528 -0.4146 -0.1873 13.8196
176 528 -0.3419 -0.4355 164.4802
208 528 -0.4986 -0.5824 117.4071
240 528 -0.3231 -0.4098 116.1989
272 528 -0.3021 -0.4298 88.7215
304 528 -0.1628 -0.2777 359.5993
336 528 -0.0693 -0.0685 42.6829
368 528 -0.0867 -0.0745 158.0900
400 528 -0.1252 -0.0819 233.7428
432 528 -0.0895 -0.0288 72.5075
464 528 -0.0532  0.0169 153.8547
496 528 -0.0398 -0.1282 75.4267
528 528 -0.0589  0.0844 199.2523
560 528 -0.0155  0.0113 158.9996
592 528  0.0007 -0.0082 179.3369
624 528  0.0271 -0.0086 69.5550
656 528 -0.1633 -0.2063 130.2423
 16 560 -0.3076 -0.2415 51.4139
 48 560 -0.6192 -0.3385 284.1767
 80 560 -0.7262 -0.5300 47.0653
112 560 -0.6968 -0.7493 40.4512
144 560 -1.0501 -1.0906 32.1326
176 560 -0.2697 -0.5517 31.1722
208 560 -0.6612 -0.6881 267.4891
240 560 -0.2237 -0.4299 105.5672
272 560 -0.1767 -0.4055 64.1418
304 560 -0.2073 -0.5084 87.6670
336 560 -0.2086 -0.3313 191.3126
368 560 -0.1887 -0.1138 69.2500
400 560 -0.0605 -0.0053 21.1271
432 560 -0.0747 -0.0307 36.4795
464 560 -0.1013  0.0177 228.2466
496 560 -0.0709  0.0269 62.1454
528 560 -0.0586  0.0238 148.0558
560 560 -0.0390 -0.0233 145.5259
592 560 -0.0058 -0.0089 206.2534
624 560  0.0799 -0.0328 144.9765
656 560  0.0420 -0.0339 79.0498
 16 592 -0.7639 -0.2258 38.3970
 48 592 -0.8623 -0.1822 195.7146
 80 592 -0.3634 -0.1607 52.6258
112 592 -0.6417 -0.4801 151.8697
144 592 -0.8539 -0.6759 198.9958
176 592 -1.1734 -0.9795 114.3700
208 592 -0.7802 -0.6235 66.8628
240 592 -0.6329 -1.1502 85.1749
272 592 -0.5112 -0.7493 38.8330
304 592 -0.4182 -0.5015 69.6030
336 592 -0.3129 -0.4541 158.2934
368 592 -0.3592 -0.2031 128.7797
400 592 -0.4452 -0.0577 146.0788
432 592 -0.2625 -0.0495 108.7871
464 592 -0.2606 -0.0047 148.8921
496 592 -0.2106  0.0092 163.8884
528 592 -0.1105 -0.0721 112.2496
560 592 -0.0231 -0.0572 134.8919
592 592  0.0271 -0.0680 118.4135
624 592  0.0638 -0.1786 87.3891
656 592  0.1158 -0.1420 171.9201
 16 624 -0.6938 -0.4297 41.5445
 48 624 -0.2495 -0.2181 25.5568
 80 624 -0.3933 -0.3115 57.0895
112 624 -0.8184 -1.2229 121.9588
144 624 -0.9071 -1.3590 199.0796
176 624 -1.0771 -1.2787 62.2785
208 624 -0.9280 -0.8127 186.4912
240 624 -0.8049 -0.5496 29.6752
272 624 -0.8968 -0.7334 70.6895
304 624 -0.7447 -0.4996 96.8890
336 624 -0.7174 -0.5088 157.2522
368 624 -0.5637 -0.2766 94.8190
400 624 -0.6117 -0.0694 110.3788
432 624 -0.5125 -0.0876 239.5508
464 624 -0.3966 -0.0231 56.8656
496 624 -0.5519 -0.0759 140.6499
528 624 -0.4776 -0.0880 127.3089
560 624 -0.6633 -0.4075 82.8117
592 624 -0.5392 -0.3366 116.1993
624 624  0.0438 -0.1648 48.5984
656 624  0.1449 -0.1593 376.9532
 16 656 -0.0119 -0.0109 18.6680
 48 656 -0.2281 -0.1308 82.0908
 80 656 -0.6383 -0.3073 195.5839
112 656 -0.5830 -0.2486 31.0942
144 656 -1.1014 -1.3287 62.3196
176 656 -1.0206 -0.7348 176.6672
208 656 -0.9191 -0.9242 54.3880
240 656 -1.1957 -0.7899 73.7532
272 656 -1.0991 -0.6866 55.5206
304 656 -1.2369 -0.5158 49.3596
336 656 -0.8776 -0.4594 99.1358
368 656 -0.9468 -0.3157 76.7618
400 656 -0.9220 -0.0344 142.9647
432 656 -0.9400  0.0810 171.6678
464 656 -0.8757 -0.0144 61.0909
496 656 -1.0565 -0.0912 196.2430
528 656 -0.8854 -0.4552 105.7197
560 656 -0.2910 -0.3387 42.3189
592 656 -0.0484 -0.3265 139.6340
624 656  0.0340 -0.3083 126.3728
656 656 -0.0025 -0.3005 153.0683
 16 688 -0.1976 -0.1436 25.0484
 48 688 -0.4949 -0.2335 190.8972
 80 688 -0.3301 -0.0958 258.3260
112 688 -0.9670 -0.0525 59.9005
144 688 -0.6607 -0.6277 181.9260
176 688 -0.9965 -0.6384 203.5140
208 688 -1.1718 -0.6123 301.0835
240 688 -0.9784 -0.7948 123.4539
272 688 -1.2738 -0.8623 66.2450
304 688 -1.0924 -0.5842 27.4952
336 688 -0.1986 -0.0141 14.0264
368 688 -0.8618 -0.2248 146.5719
400 688 -0.8789  0.1717 89.9936
432 688 -0.8711  0.3840 65.4064
464 688 -0.9948  0.0396 93.5144
496 688 -0.8725 -0.2825 168.7592
528 688 -0.8394 -0.6508 45.1909
560 688 -0.4316 -0.8456 120.2141
592 688 -0.2307 -0.6023 236.7315
624 688  0.0133 -0.3480 49.3027
656 688  0.0189 -0.6386 52.8465
 16 720 -0.0402 -0.0242 28.6709
 48 720 -0.0532 -0.0224 25.1870
 80 720 -0.1870  0.0278 303.5312
112 720 -0.2957 -0.2253 100.2866
144 720 -1.2865 -0.6106 120.3283
176 720 -1.2095 -0.5396 189.8433
208 720 -0.7486 -0.7792 83.9040
240 720 -0.8847 -0.8217 22.1839
272 720 -0.4316 -0.1367 14.9304
304 720 -0.7671 -0.1730 202.1942
336 720 -0.7823 -0.2319 79.1454
368 720 -0.3068  0.1312 53.5187
400 720 -0.3074  0.3299 39.9695
432 720 -0.3167  0.3219 151.4812
464 720 -0.4912 -0.1176 201.7547
496 720 -0.6534 -0.9948 23.4324
528 720  1.0498  0.0140 11.1985
560 720  0.2089 -0.0345 11.7066
592 720 -0.1608 -0.7552 74.8200
624 720 -0.4611  0.0856 27.1363
656 720 -0.0526 -0.0746 51.8983
 16 752  0.0383 -0.0040 19.6662
 48 752 -0.0516 -0.0266 253.8262
 80 752 -0.0862 -0.0432 130.2337
112 752 -0.1767 -0.1483 170.6362
144 752 -0.1634 -0.2330 130.3338
176 752 -0.4255 -0.3703 152.6057
208 752 -0.6811 -0.6748 188.8709
240 752 -0.8447 -0.8251 158.8870
272 752 -0.8368 -0.5692 133.5825
304 752 -0.4522 -0.1898 44.5878
336 752 -0.3657 -0.1108 155.4911
368 752  0.1203  0.2589 137.3997
400 752  0.3461  0.4346 138.7318
432 752  0.4142  0.2265 105.3689
464 752 -0.4019 -0.1064 64.9717
496 752  1.1994 -1.7788 142.8982
528 752  0.2045 -0.1946  9.0260
560 752  1.0996  0.0792  8.3249
592 752 -0.0220 -0.4865 60.3708
624 752 -0.4834  0.3867 10.2190
656 752 -0.0834 -0.0646 13.9792
 16 784 -0.0195 -0.0313 26.7822
 48 784  0.0014 -0.1365 229.2653
 80 784 -0.0344 -0.0513 259.7905
112 784 -0.0488 -0.0638 251.4739
144 784 -0.0576 -0.0502 104.1919
176 784 -0.0741 -0.1994 189.3011
208 784 -0.2072 -0.3063 72.0170
240 784 -0.6425 -1.1614 137.0863
272 784 -0.4448 -0.5227 140.9031
304 784 -0.2584 -0.3392 88.1582
336 784 -0.1499 -0.1104 147.5467
368 784  0.3427  0.1279 111.7865
400 784  1.4648  0.5080 220.1739
432 784  1.8854  0.8078 51.4819
464 784  1.4491 -0.2603 80.5660
496 784  0.0504  0.0164 18.1687
528 784  0.9627 -0.0521 13.3345
560 784  0.4162  0.1020  9.7778
592 784 -0.0338  0.1003 13.0293
624 784 -0.0344  0.0026 25.2198
656 784 -0.1063  0.1034  9.3727
 16 816  0.0251 -0.0129 33.8029
 48 816  0.0019 -0.0117 237.9033
 80 816  0.0275 -0.0169 227.4743
112 816  0.0326 -0.0401 91.3671
144 816  0.0166 -0.0839 75.0177
176 816  0.0255 -0.0682 178.7819
208 816 -0.0577 -0.4175 75.0910
240 816 -0.3495 -0.5203 32.4070
272 816 -0.1268 -0.4981 32.4987
304 816 -0.0298 -0.2710 257.2882
336 816  0.4377 -0.0884 21.1464
368 816  0.9032  0.1473 52.4358
400 816  0.2572  0.1680 117.9895
432 816 -0.1310  0.0960 70.2349
464 816 -0.1461  0.0206 62.6334
496 816  0.0459 -0.0065 12.9101
528 816  0.6926 -0.0272  8.3365
560 816  0.1833  0.2003 25.8066
592 816  0.0609  0.0181 82.0736
624 816 -0.0125  0.0405 12.8248
656 816 -0.0346  0.0383 20.8085
 16 848  0.0156  0.0355 19.8751
 48 848  0.0540  0.0221 44.2444
 80 848  0.0220 -0.0034 131.5003
112 848  0.0441 -0.0137 55.0911
144 848  0.1836 -0.1098 64.6499
176 848  0.0941 -0.1814 107.1195
208 848  0.0740 -0.1515 107.1899
240 848  0.1306 -0.6046 222.8053
272 848  0.2926 -0.5363 21.6559
304 848  0.1217 -0.5327 29.1575
336 848  0.6197 -0.3247 38.6570
368 848  0.9720 -0.0491 36.2377
400 848 -0.2029  0.4976 102.8790
432 848 -0.0689  0.1565 39.8898
464 848  0.0305  0.0374 16.9293
496 848  0.0740 -0.0411 10.8157
528 848  0.2539  0.1253  6.4708
560 848  0.1013  0.1645 66.8206
592 848  0.1301  0.0950 99.8646
624 848 -0.0212  0.1055 53.9830
656 848 -0.0179  0.0326 28.1912
 16 880 -0.0018 -0.0304 17.4040
 48 880  0.0302 -0.0266 34.2243
 80 880  0.0573  0.0415 178.8785
112 880  0.0387 -0.0804 65.0541
144 880  0.1880 -0.1745 183.5324
176 880  0.0735 -0.2626 198.0753
208 880  0.3095 -0.2915 225.3677
240 880  0.1117 -0.4739 124.7594
272 880  0.4694 -0.6775 76.9543
304 880  0.9716 -1.2732 105.6993
336 880  1.4756 -0.3659 156.3441
368 880  2.0442 -0.2904 85.8729
400 880  0.9471 -0.1223 109.5018
432 880  0.4086 -0.0249 17.4380
464 880  0.0234  0.0656 22.3870
496 880  0.1118  0.1155  5.9309
528 880  0.0245  0.0208 13.3761
560 880  0.0471  0.1013 37.3021
592 880  0.0084  0.1341 35.2719
624 880  0.0214  0.1582 121.8144
656 880 -0.0556  0.0440 77.0743
 16 912  0.2185 -0.0144 207.9331
 48 912  0.0695  0.0168 17.1475
 80 912  0.0822 -0.0260 377.9366
112 912  0.0323 -0.0964 119.0908
144 912  0.0775 -0.1213 192.6351
176 912  0.3129 -0.1200 164.3979
208 912  0.1676 -0.0861 147.3762
240 912  0.2725 -0.4039 20.6446
272 912  0.5366 -0.7350 54.9114
304 912  1.1493 -0.9129 69.8804
336 912  1.4250 -0.6756 34.5217
368 912  1.3396 -0.1393 15.5199
400 912  0.3975  0.0605 16.1219
432 912  0.0185  0.0033 22.3139
464 912  0.0712  0.0799  9.5605
496 912  0.0000  0.0000  4.0514
528 912 -0.0182  0.0202  4.9595
560 912 -0.0550  0.0435 13.1710
592 912  0.0054  0.0270 24.9790
624 912 -0.0179  0.1151 38.4759
656 912 -0.0972  0.1585 53.1048
 16 944  0.0762 -0.0248 17.0241
 48 944  0.0260  0.0119 32.4790
 80 944  0.0915 -0.0263 150.9071
112 944  0.2290 -0.0589 144.5681
144 944  0.0969 -0.0437 194.3037
176 944  0.2191 -0.1172 288.9257
208 944  0.1813 -0.4172 202.3824
240 944  0.7094 -0.7781 107.2838
272 944  0.2826 -0.6288 28.9858
304 944  0.8330 -1.2668 168.2887
336 944  0.6855 -0.7416 31.0427
368 944  0.4509 -0.0862 43.3980
400 944  0.0651  0.3203 13.6903
432 944  0.0296  0.0981 12.4318
464 944  0.2237  0.0331  6.3499
496 944  0.0152 -0.0211  7.7685
528 944  0.0205 -0.0205  4.5919
592 944 -0.0289  0.0313  6.1677
624 944  0.0020 -0.0126 15.5378
656 944 -0.0436 -0.0048 28.3328
 16 976  0.0366 -0.0047 106.7841
 48 976  0.0736 -0.0135 30.3286
 80 976  0.0649 -0.0518 66.8334
112 976  0.1306 -0.1561 320.3028
144 976  0.1535 -0.1005 173.8349
176 976  0.2104 -0.4465 46.9429
208 976  0.2580 -0.3202 71.4557
240 976  0.1080 -0.5239 86.9675
272 976  0.3288 -0.7416 34.3458
304 976  0.0822 -0.8301 61.4151
336 976 -0.1755 -0.2149 72.9530
368 976  0.0099  0.0179 23.0928
400 976  0.0365  0.0605 12.9028
432 976  0.1141  0.1467  7.1287
464 976 -0.0096 -0.0046 21.3271
496 976 -0.0343  0.0258 25.0364
528 976  0.0352 -0.0259 35.1527
560 976  0.0268 -0.0840  7.2729
592 976 -0.1579 -0.2825  6.1285
624 976 -0.0779  0.0156  4.6042
656 976  0.0745  0.0466  8.9779
 16 1008  0.1194 -0.0054 38.2808
 48 1008  0.0806 -0.0075 182.2484
 80 1008  0.1014  0.0029 75.6538
112 1008  0.0558 -0.0830 120.5399
144 1008  0.0083 -0.1511 93.0628
176 1008  0.0462 -0.2265 206.4040
208 1008  0.0642 -0.1696 146.4415
240 1008  0.0841 -0.3324 44.3131
272 1008  0.1179 -0.7436 37.1794
304 1008 -0.0109 -1.0319 71.2815
336 1008 -0.0295 -0.1501 18.3222
368 1008 -0.0137  0.1408 10.1880
400 1008  0.1416  0.1113  8.5356
432 1008  0.0202  0.0068 20.0189
464 1008  0.0488  0.0532 59.3984
496 1008 -0.0019 -0.0173 31.3387
528 1008  0.0024  0.0029 23.6447
560 1008  0.0264 -0.0260  7.5455
592 1008 -0.1280  0.0283  5.8069
 16 1040  0.0698 -0.0093 24.1024
 48 1040  0.0751 -0.0316 207.3455
 80 1040  0.0695 -0.0397 200.3593
112 1040  0.0668 -0.0747 229.9692
144 1040  0.0775 -0.0661 33.1812
176 1040  0.1276 -0.0863 89.1335
208 1040  0.0456 -0.1608 271.7696
240 1040  0.0277 -0.1526 21.2482
272 1040  0.0289 -0.4929 77.1223
304 1040 -0.0636 -0.7658 110.5697
336 1040  0.0044  0.1859 28.1632
368 1040  0.2767  0.1635 13.0059
400 1040  0.0546  0.0620 77.9056
432 1040  0.0522  0.0260 16.5384
464 1040  0.0755  0.0156 110.0257
496 1040  0.0685 -0.0679 51.5364
528 1040  0.0163 -0.0124 26.4305
560 1040 -0.0044  0.0410  8.1301
592 1040 -0.0507  0.0707 18.9246
624 1040 -0.0323  0.0456 10.3207
656 1040  0.0499 -0.1452  7.2369
 16 1072  0.0574 -0.0036 156.1919
 48 1072  0.0802 -0.0248 54.0941
 80 1072  0.0926 -0.0726 191.6665
112 1072  0.0487 -0.0792 36.2740
144 1072  0.0395 -0.0637 313.3600
176 1072  0.0212 -0.0937 400.9023
208 1072  0.0296 -0.0990 35.8085
240 1072  0.0205 -0.1361 80.6857
272 1072 -0.0326 -0.2827 58.2656
304 1072 -0.0176 -0.2884 38.0789
336 1072 -0.0711 -0.1606 221.3794
368 1072 -0.1574 -0.0914 177.9234
400 1072 -0.0675  0.0528 35.0456
432 1072  0.0497  0.0051 304.3401
464 1072  0.0945 -0.0006 70.1072
496 1072 -0.0014 -0.0197 22.2801
528 1072 -0.0797 -0.1180 39.7959
560 1072 -0.0141 -0.0071 12.9595
592 1072 -0.0671 -0.0040  8.0895
624 1072 -0.0197 -0.0076  9.5099
656 1072  0.0535  0.0222 21.4119
 16 1104  0.0377 -0.0420 53.5996
 48 1104 -0.0026  0.0027 26.6318
 80 1104  0.0501 -0.0240 144.9108
112 1104  0.2045 -0.0497 99.9225
144 1104  0.0115 -0.0641 102.6627
176 1104  0.1020 -0.0822 157.4937
208 1104  0.0101 -0.1148 47.2777
240 1104  0.1436 -0.1138 81.7841
272 1104 -0.0104 -0.1558 66.4463
304 1104 -0.0143 -0.1170 179.0949
336 1104 -0.0095 -0.0919 209.2245
368 1104  0.0040 -0.0813 136.5696
400 1104  0.0201 -0.0672 96.2232
432 1104  0.0734 -0.0556 38.3616
464 1104  0.0329 -0.0302 101.8830
496 1104  0.0007  0.0137 15.6121
528 1104  0.0092 -0.0227 20.2751
560 1104  0.0118  0.0071 18.0843
592 1104 -0.0623  0.0114 13.9681
624 1104  0.0033 -0.0132 11.0559
656 1104  0.0517  0.0238 19.5076
 16 1136  0.0287 -0.0103 14.7423
 48 1136 -0.0176  0.0089 18.6710
 80 1136  0.0202 -0.0705 202.3242
112 1136  0.0295 -0.0145 33.6315
144 1136  0.0472 -0.0613 134.3655
176 1136  0.0899 -0.0491 219.1237
208 1136  0.0034 -0.0684 95.0215
240 1136  0.1205 -0.1267 71.8450
272 1136  0.0156 -0.1006 140.1547
304 1136  0.0047 -0.1509 183.9196
336 1136  0.0058 -0.0846 82.9803
368 1136  0.0057 -0.0483 194.3495
400 1136  0.0177 -0.0662 100.9559
432 1136  0.0079 -0.1198 41.1677
464 1136  0.0185 -0.0170 24.2926
496 1136  0.0803 -0.0744 22.3317
528 1136 -0.0239 -0.0166 15.3002
560 1136 -0.0122 -0.0026 16.8392
592 1136 -0.0096  0.0059 11.3307
624 1136  0.0133  0.0099 30.8661
656 1136  0.1508 -0.0379 31.7358
 16 1168 -0.0063 -0.0087 19.1816
 48 1168  0.0412 -0.0002 15.6505
 80 1168  0.0463 -0.0809 42.1872
112 1168  0.1528 -0.0409 68.1087
144 1168  0.0559 -0.0735 47.5700
176 1168  0.0082 -0.0372 82.6461
208 1168  0.0305 -0.1211 172.7691
240 1168  0.0272 -0.0651 169.0473
272 1168  0.0262 -0.0373 86.4411
304 1168  0.0527 -0.0723 99.9873
336 1168  0.0327 -0.0827 268.7324
368 1168  0.0103 -0.0822 189.6859
400 1168  0.0255 -0.1452 224.7635
432 1168  0.0076 -0.0872 107.3550
464 1168 -0.0013 -0.1102 154.4206
496 1168  0.0035  0.0018 15.2606
528 1168  0.0078 -0.0021 13.5001
560 1168 -0.0003  0.0110 12.9951
592 1168 -0.0116  0.0351 14.5575
624 1168 -0.0206 -0.0066 11.5156
656 1168 -0.0236 -0.0049 11.8619
 16 1200  0.0520 -0.0463 23.5685
 48 1200  0.0390 -0.0104 24.4230
 80 1200  0.0052 -0.0400 25.1857
112 1200  0.0161 -0.0020 27.4727
144 1200  0.0478 -0.0467 128.9858
176 1200 -0.0068 -0.0010 53.3753
208 1200  0.0136 -0.0456 64.0475
240 1200  0.0255 -0.1015 151.6743
272 1200  0.0159 -0.1335 66.3764
304 1200  0.0390 -0.0377 21.1112
336 1200  0.0322 -0.0537 254.5314
368 1200  0.0804 -0.1689 60.1502
400 1200  0.0460 -0.0775 221.7392
432 1200  0.0132 -0.0548 29.4729
464 1200  0.0184 -0.1316 94.7878
496 1200 -0.0015 -0.0138 15.3463
528 1200  0.0085  0.0092 18.3032
560 1200  0.0229  0.0313 16.1794
592 1200 -0.0027 -0.0172 15.8617
624 1200  0.0265  0.1099 47.0084
656 1200 -0.0189  0.1619 41.7411
  0   0 -0.0205 -0.0113  0.0000
  0   0 -0.0441 -0.0998  0.0000
  0   0 -0.0801 -0.1798  0.0000
