VARIABLES= "X pix", "Y pix", "U pix/dt", "V pix/dt", "CHC", ZONE I=21, J=30
 16 272 -0.1177 -0.2924 246.7630
 48 272 -0.1429 -0.2471 191.4859
 80 272 -0.0671 -0.1498 121.2877
112 272 -0.1030 -0.1802 209.9679
144 272 -0.0326 -0.0599 199.7227
176 272 -0.0186 -0.0716 251.7944
208 272 -0.0239 -0.0613 230.8848
240 272 -0.0096 -0.0517 321.3981
272 272  0.0291 -0.0198 214.9382
304 272  0.0288 -0.0481 240.3845
336 272  0.0465 -0.0162 306.6761
368 272  0.0271  0.0255 54.0244
400 272  0.0448  0.0211 106.4923
432 272  0.0439  0.0327 158.9462
464 272  0.0483 -0.0181 216.8391
496 272  0.0600  0.0458 148.9365
528 272  0.0660  0.0737 203.6838
560 272  0.0116  0.0495 54.9496
592 272  0.0507  0.0239 101.1490
624 272  0.0500  0.0416 112.2606
656 272  0.0598  0.0058 182.5287
 16 304 -0.0773 -0.1818 275.9035
 48 304 -0.0554 -0.0664 321.5960
 80 304 -0.1239 -0.1804 281.8872
112 304 -0.1501 -0.1649 252.6472
144 304 -0.0382 -0.1177 230.7984
176 304 -0.0134 -0.1190 153.5521
208 304 -0.0331 -0.0184 475.1149
240 304 -0.0814 -0.0086 104.3546
272 304 -0.0138 -0.0241 418.8742
304 304  0.0241 -0.0318 224.1695
336 304  0.0092 -0.0304 44.1376
368 304  0.0187  0.0078 308.9890
400 304  0.0422  0.0065 71.2786
432 304  0.0310  0.0353 54.1177
464 304  0.0022  0.0829 280.7692
496 304  0.0871  0.0323 232.8556
528 304  0.0337  0.0584 101.4724
560 304  0.0707  0.0519 355.9532
592 304  0.0435  0.0334 112.0750
624 304  0.1086  0.0159 145.2726
656 304  0.0652  0.0072 98.7433
 16 336 -0.1477 -0.1543 22.5849
 48 336 -0.1329 -0.1648 31.2703
 80 336 -0.1502 -0.0912 299.7357
112 336 -0.0535 -0.2747 61.3938
144 336 -0.0996 -0.0627 72.1183
176 336 -0.0570 -0.2603 325.9729
208 336 -0.0844 -0.0921 363.3580
240 336 -0.1010 -0.0636 251.4026
272 336 -0.0350 -0.1221 247.5663
304 336 -0.0517 -0.0249 313.4869
336 336  0.0386 -0.0334 147.3808
368 336  0.0409  0.0027 108.3642
400 336  0.0597  0.0058 142.6396
432 336 -0.0065  0.0064 239.4219
464 336  0.0351  0.0245 201.4841
496 336  0.0362  0.0497 173.4288
528 336  0.0652  0.0538 74.9182
560 336  0.0527  0.0569 242.1339
592 336  0.0704 -0.0059 47.9710
624 336  0.1025  0.0074 135.6275
656 336  0.0798  0.0053 86.2250
 16 368 -0.2662 -0.2779 39.9385
 48 368 -0.0870 -0.1669 150.8923
 80 368 -0.1024 -0.0738 218.4712
112 368 -0.0759 -0.1418 55.2960
144 368 -0.0478 -0.0723 456.6464
176 368 -0.0654 -0.2093 197.8494
208 368 -0.1006 -0.0858 109.8241
240 368 -0.0470 -0.1455 256.3416
272 368 -0.0036 -0.0722 159.0844
304 368 -0.0004 -0.0991 176.3839
336 368  0.0331 -0.0524 293.2920
368 368  0.0404 -0.0158 238.7675
400 368  0.0419  0.0189 140.2018
432 368  0.0235 -0.0002 51.2574
464 368 -0.0267  0.0091 288.6321
496 368  0.0387  0.0191 73.2980
528 368  0.0362  0.0546 154.8438
560 368  0.0686  0.0389 145.7144
592 368  0.0888  0.0426 116.2839
624 368  0.0703 -0.0183 117.9084
656 368  0.0286  0.0142 85.3680
 16 400 -0.1142 -0.1439 84.6060
 48 400 -0.0301 -0.2408 303.1437
 80 400 -0.1318 -0.1387 235.4930
112 400 -0.1443 -0.1887 107.2075
144 400 -0.1553 -0.1621 19.0683
176 400 -0.0602 -0.1634 65.2744
208 400 -0.0772 -0.0624 279.3214
240 400 -0.0397 -0.0699 266.2337
272 400 -0.0314 -0.1898 114.9200
304 400  0.0013 -0.0765 114.1949
336 400  0.0196 -0.0244 237.8670
368 400 -0.0015 -0.0480 132.9126
400 400  0.0032  0.0081 141.8600
432 400  0.0174  0.0178 140.6581
464 400  0.0421  0.0058 138.5013
496 400  0.0638  0.0040 173.4341
528 400  0.0701  0.0204 178.5568
560 400  0.0590  0.0236 78.9833
592 400  0.0847  0.0002 179.4927
624 400  0.0419 -0.0127 205.5890
656 400  0.0224 -0.0087 196.5584
 16 432 -0.1138 -0.5668 66.9930
 48 432 -0.0843 -0.1159 32.3722
 80 432 -0.1177 -0.3016 141.4201
112 432 -0.1792 -0.4901 80.4659
144 432 -0.1103 -0.3842 242.5569
176 432 -0.3233 -0.3636 165.8260
208 432 -0.1337 -0.2009 106.8904
240 432 -0.1175 -0.1226 186.1485
272 432 -0.0937 -0.2112 58.1385
304 432 -0.0284 -0.0611 42.2903
336 432 -0.0447 -0.0155 66.8951
368 432  0.0014 -0.0745 97.4019
400 432 -0.0290 -0.0118 237.9568
432 432 -0.0077 -0.0582 200.6402
464 432  0.0428  0.0137 99.4632
496 432  0.0502  0.0022 36.2434
528 432  0.0748 -0.0347 119.8846
560 432  0.0810  0.0148 83.1533
592 432  0.0742  0.0076 125.4748
624 432  0.0824 -0.0028 91.2859
656 432  0.0624  0.0130 75.5482
 16 464 -0.1722 -0.1594 55.4005
 48 464 -0.1878 -0.3806 187.1166
 80 464 -1.0868 -0.6646 201.4831
112 464 -0.0821 -1.1076 188.6229
144 464 -0.1817 -0.3927 144.0007
176 464 -0.1940 -0.2697 226.6718
208 464 -0.1906 -0.2578 168.5891
240 464 -0.0964 -0.1619 276.2093
272 464 -0.0916 -0.1628 90.2022
304 464 -0.0347 -0.0798 131.7824
336 464 -0.0675 -0.0965 132.6960
368 464 -0.0737 -0.0708 143.6667
400 464 -0.0201 -0.0352 144.0488
432 464 -0.0085  0.0069 37.7476
464 464  0.0092 -0.0209 199.1008
496 464  0.0063  0.0051 55.5636
528 464  0.0242  0.0111 148.7919
560 464  0.0367  0.0112 173.1099
592 464  0.0684 -0.0217 187.6586
624 464  0.0783 -0.0005 125.2271
656 464  0.1091 -0.0109 238.3884
 16 496 -0.2469 -0.1551 49.1541
 48 496 -0.3484 -0.1269 106.5230
 80 496 -0.7205 -0.6956 116.5249
112 496 -0.2260 -0.4047 18.4225
144 496 -0.2589 -0.3199 209.2191
176 496 -0.3184 -0.4154 130.5249
208 496 -0.2281 -0.4107 73.7680
240 496 -0.1228 -0.6565 141.1311
272 496 -0.1809 -0.3244 216.3179
304 496 -0.1091 -0.1944 171.4816
336 496 -0.0619 -0.0348 14.0575
368 496 -0.0177 -0.0529 212.3514
400 496 -0.0392 -0.0685 144.6496
432 496 -0.0107 -0.0516 100.9797
464 496  0.0045 -0.0311 160.7844
496 496 -0.0028  0.0001 270.7345
528 496  0.0485 -0.0161 86.7339
560 496  0.0520 -0.0233 76.9742
592 496  0.0159 -0.0035 136.7429
624 496  0.1182 -0.0257 96.5194
656 496  0.0690 -0.0081 161.6176
 16 528 -0.6898 -0.3645 62.1658
 48 528 -0.6258 -0.1925 33.5541
 80 528 -0.0188 -0.8188 145.3334
112 528 -0.3209 -0.4439 183.2952
144 528 -0.7318 -0.7912 92.3476
176 528 -0.3188 -0.4030 82.7194
208 528 -0.2118 -0.4563 120.9133
240 528 -0.2937 -0.8007 178.2538
272 528 -0.1585 -0.2995 227.5652
304 528 -0.3571 -0.1959 101.1188
336 528 -0.2076 -0.2003 71.2979
368 528 -0.0962 -0.0974 184.2127
400 528 -0.1342 -0.0783 328.8916
432 528 -0.0405 -0.0165 214.0107
464 528 -0.0442 -0.0289 236.0670
496 528 -0.0271 -0.0472 112.2697
528 528  0.0202  0.0072 60.0943
560 528  0.0264 -0.0692 82.7018
592 528  0.1191 -0.0285 90.5306
624 528  0.1152 -0.0816 113.6021
656 528  0.0891 -0.0634 43.0929
 16 560 -0.1663 -0.1323 18.2360
 48 560 -0.7027 -0.5238 94.1868
 80 560 -0.2959 -0.2852 162.1151
112 560 -0.3743 -0.4898 116.4056
144 560 -0.5645 -0.6649 185.3760
176 560 -0.2890 -0.4350 55.7502
208 560 -0.6787 -0.7210 53.1702
240 560 -0.4257 -0.7337 76.2035
272 560 -0.3036 -0.2802 27.7658
304 560 -0.2374 -0.0661 35.3726
336 560 -0.1872 -0.1174 22.8872
368 560 -0.2184 -0.1943 226.6742
400 560 -0.0031 -0.0569 16.4721
432 560 -0.0859 -0.1170 226.3201
464 560 -0.0538 -0.0562 66.3832
496 560 -0.0547 -0.0853 171.5954
528 560 -0.0186 -0.0983 201.8485
560 560 -0.0038 -0.1075 236.4810
592 560  0.1085 -0.2107 185.3763
624 560  0.1490 -0.0866 39.8693
656 560 -0.0003 -0.0458 88.9824
 16 592 -0.1881 -0.1505 252.0465
 48 592 -0.2328 -0.3084 156.1782
 80 592 -0.6648 -0.5341 189.2293
112 592 -1.2997 -0.5480 24.6142
144 592 -1.4011 -1.4174 85.5480
176 592 -0.9202 -0.8325 30.0399
208 592 -1.1477 -0.8178 157.3606
240 592 -0.6016 -0.4054 100.3057
272 592 -0.2111 -0.2538 33.4523
304 592 -0.4238 -0.4479 166.9166
336 592 -0.1157 -0.1175 38.8348
368 592 -0.3992 -0.1516 266.2356
400 592 -0.0177 -0.0572 15.2682
432 592 -0.3490 -0.1181 183.3089
464 592 -0.0940 -0.0531 134.9100
496 592 -0.1790 -0.1558 143.4842
528 592 -0.1495 -0.0359 290.7455
560 592 -0.0185 -0.1204 61.4240
592 592  0.0660 -0.1833 60.8370
624 592  0.1572 -0.3062 41.8003
656 592  0.1640 -0.2560 170.5563
 16 624 -0.1023 -0.3051 35.5402
 48 624 -0.1109 -0.2316 165.7375
 80 624 -0.5800 -0.4192 212.0759
112 624 -0.2497 -0.2601 108.6448
144 624 -0.3218 -0.1964 20.1611
176 624 -0.8761 -1.1258 105.8408
208 624 -0.6561 -1.1160 41.5520
240 624 -0.8019 -0.7733 32.2286
272 624 -0.4046 -0.2873 72.1401
304 624 -0.4253 -0.5510 143.2179
336 624 -0.2097 -0.1549 27.4410
368 624 -0.6067 -0.1829 81.0660
400 624 -0.4033 -0.1284 186.8837
432 624 -0.3695 -0.0657 117.9118
464 624 -0.4041 -0.0893 126.4907
496 624 -0.1882 -0.1762 140.4491
528 624 -0.1394 -0.1437 128.2485
560 624 -0.0131 -0.2638 112.1523
592 624  0.0238 -0.1966 67.5348
624 624  0.1795 -0.2265 94.9191
656 624  0.1676 -0.3140 60.4971
 16 656 -0.1200 -0.0329 73.3045
 48 656 -0.1308 -0.0619 112.0426
 80 656 -0.2473 -0.2360 124.3278
112 656 -0.4256 -0.2729 97.9746
144 656 -0.3106 -0.3171 65.8533
176 656 -1.2978 -0.4900 133.1162
208 656 -0.8529 -1.1278 69.1656
240 656 -1.0485 -0.7727 132.7729
272 656 -0.5020 -0.4222 148.8732
304 656 -0.4005 -0.3219 67.9904
336 656 -0.4192 -0.1515 88.6563
368 656 -0.3261 -0.1737 133.8050
400 656 -0.3961 -0.0876 188.1920
432 656 -0.1536 -0.1028 175.5819
464 656 -0.0877 -0.1344 116.9159
496 656 -0.0462 -0.1416 83.4214
528 656  0.1173 -0.0944 140.7576
560 656  0.0070 -0.4445 125.4797
592 656  0.1664 -0.5503 94.3607
624 656  0.1783 -0.4385 71.5395
656 656  0.0112 -0.2217 71.8245
 16 688 -0.0736 -0.0268 38.7696
 48 688 -0.2883 -0.1192 125.2552
 80 688 -0.2191 -0.2129 90.3614
112 688 -0.1499 -0.1027 27.3240
144 688 -0.2045 -0.2038 246.4792
176 688 -0.0880 -0.3243 24.8894
208 688 -0.4742 -0.5958 96.8292
240 688  0.2108 -0.7042 297.9083
272 688  0.2067 -0.5442 80.3891
304 688 -0.1222 -0.2608 50.2685
336 688 -0.3390 -0.2276 179.1616
368 688 -0.1892 -0.3520 173.4544
400 688 -0.2438 -0.1098 142.9888
432 688 -0.0402 -0.1025 83.1798
464 688  0.0406 -0.0849 126.8712
496 688  0.0447 -0.3610 182.4942
528 688  0.2587 -0.7513 114.1962
560 688  0.0705 -0.4791 24.4199
592 688  0.3312 -0.3773 53.1883
624 688  0.0583 -0.2985 125.9027
656 688 -0.0175 -0.3974 157.7905
 16 720 -0.0149 -0.0238 15.5935
 48 720 -0.1226 -0.0428 32.3873
 80 720 -0.3235 -0.1088 39.7401
112 720 -0.1043 -0.2959 315.4552
144 720 -0.2925 -0.2529 69.3848
176 720 -0.6609 -0.6291 135.3617
208 720 -0.4625 -0.2882 46.7475
240 720 -0.4404 -0.5492 189.2540
272 720 -0.2353 -0.1729 280.4646
304 720 -0.2583 -0.2830 120.5848
336 720 -0.2573 -0.3975 52.1236
368 720 -0.1134 -0.1570 268.7631
400 720  0.1834 -0.1029 63.9378
432 720  0.1606 -0.1525 208.3846
464 720  0.6511 -0.1750 143.2178
496 720  0.7427 -0.6539 37.3601
528 720  0.9100 -0.9460 69.2929
560 720  0.3699 -0.6151 31.4080
592 720  0.0723 -0.3305 17.1140
624 720  0.1467 -0.2739 84.9325
656 720 -0.0214 -0.1672 19.4161
 16 752  0.0174 -0.0028 20.9126
 48 752 -0.0106 -0.0691 109.2494
 80 752 -0.0139 -0.1964 107.1788
112 752 -0.0313 -0.1324 271.3376
144 752 -0.1005 -0.3535 45.7138
176 752 -0.0559 -0.1980 224.0345
208 752 -0.0821 -0.4917 100.6362
240 752 -0.1259 -0.1161 28.1262
272 752 -0.1397 -0.2642 110.1226
304 752 -0.0751 -0.3904 200.7115
336 752 -0.1229 -0.3053 73.3653
368 752  0.0651 -0.1733 84.6055
400 752  0.0730 -0.0855 208.6103
432 752  0.3329 -0.0450 86.9128
464 752  1.1922 -0.2384 30.3833
496 752  1.1915 -0.6737 24.4292
528 752  0.8353 -1.1360 43.1783
560 752  0.0927 -0.0084 10.9542
592 752  0.0505  0.0387 11.9584
624 752 -0.0285  0.0427 11.4512
656 752 -0.0053 -0.0089 26.2386
 16 784  0.1203 -0.0808 170.6342
 48 784  0.0413 -0.0783 21.1423
 80 784  0.0109 -0.0669 334.6143
112 784  0.0018 -0.1201 202.4813
144 784  0.0769 -0.1552 115.3004
176 784  0.0043 -0.2206 91.9568
208 784 -0.1069 -0.2220 209.6625
240 784 -0.0774 -0.4138 214.4385
272 784 -0.1121 -0.3140 45.1001
304 784  0.0081 -0.2393 107.8340
336 784  0.0775 -0.3816 243.4264
368 784  0.2502 -0.1954 220.7216
400 784  0.7440 -0.0921 130.3019
432 784  0.4199 -0.0774 26.5707
464 784  1.1297 -0.1705 186.5492
496 784  1.1594 -0.6210 15.2464
528 784  0.2735 -0.2519 19.4724
560 784  0.0327  0.0057 11.4997
592 784  0.0424  0.0407  9.7294
624 784  0.0012 -0.0090 15.3314
656 784 -0.0381 -0.0068  9.2102
 16 816  0.0933 -0.0425 16.2980
 48 816  0.1013 -0.1207 74.0528
 80 816  0.1353 -0.0500 130.4212
112 816  0.0907 -0.1031 108.8620
144 816  0.0504 -0.0782 192.9314
176 816  0.0192 -0.3946 249.0305
208 816  0.2206 -0.2257 213.2327
240 816  0.0569 -0.4861 117.5046
272 816  0.1330 -0.8078 159.0502
304 816  0.1483 -0.4543 96.4295
336 816  0.1089 -0.5331 37.2821
368 816  0.6276 -0.0791 95.2342
400 816  0.8077 -0.0907 166.9267
432 816  1.0267 -0.2134 85.9703
464 816  0.9743 -0.1031 50.3037
496 816  0.4966 -0.4064 21.2166
528 816  0.0451  0.0215  8.1856
560 816 -0.0333 -0.0228  6.7317
592 816  0.0236  0.0020 14.3730
624 816  0.0997 -0.0263 12.7247
656 816  0.0107  0.0089 12.4405
 16 848  0.0714 -0.0699 89.8708
 48 848  0.0693 -0.1052 92.5670
 80 848  0.3928 -0.0650 141.9911
112 848  0.3303 -0.1225 242.0831
144 848  0.0773 -0.1466 181.7790
176 848  0.0879 -0.7022 182.5194
208 848 -0.0531 -0.2384 73.4366
240 848  0.1800 -0.4076 72.1247
272 848  0.1720 -0.5222 257.7477
304 848  0.0899 -0.1996 33.1644
336 848  0.7808 -0.3775 209.5037
368 848  0.7593 -0.3719 58.6118
400 848  1.3155 -0.2168 53.2286
432 848  0.9160 -0.1170 26.8504
464 848  0.7656 -0.2079 90.8939
496 848  0.0173  0.0117 22.8711
528 848 -0.2113 -0.1273  6.7855
560 848  0.0082 -0.0162 17.8830
592 848  0.0672 -0.0339 130.2419
624 848  0.0361 -0.0157 58.7507
656 848  0.0142 -0.0025 23.9737
 16 880  0.0568 -0.0108 23.3143
 48 880  0.1691 -0.0414 59.7864
 80 880  0.2227 -0.0887 160.5984
112 880  0.0443 -0.0584 185.0948
144 880  0.2684 -0.0806 167.0386
176 880  0.1724 -0.1159 161.1822
208 880  0.0613 -0.0897 17.2632
240 880  0.2138 -0.3411 96.5873
272 880  1.2221 -0.8506 131.7269
304 880  0.2709 -0.5559 65.4091
336 880  0.4041 -0.3944 38.9582
368 880  0.7644 -0.2285 182.2050
400 880  0.2719 -0.0328 26.8232
432 880  0.2094 -0.0269 18.8928
464 880  0.2115 -0.0822 22.6058
496 880  0.0570  0.0293  6.1930
528 880 -0.0994  0.0290  8.1838
560 880  0.0384 -0.0794 16.7719
592 880 -0.0037 -0.0393 21.1673
624 880  0.2150 -0.0668 14.9798
656 880  0.0690 -0.0516 29.7021
 16 912  0.1481 -0.0440 57.1908
 48 912  0.1940 -0.0960 72.8539
 80 912  0.1024 -0.0662 237.3973
112 912  0.2046 -0.1637 265.5349
144 912  0.0967 -0.0480 37.3588
176 912  0.1333 -0.1118 136.7563
208 912  0.0756 -0.0748 43.6262
240 912  0.3694 -0.2394 98.5973
272 912  0.2622 -0.6146 139.8265
304 912  0.6955 -0.6623 74.9593
336 912  0.6153 -0.3720 194.9932
368 912  0.8271 -0.6253 85.6744
400 912  0.4396 -0.0606 55.8312
432 912  0.0457 -0.0087 16.1684
464 912  0.0625  0.0516 11.0377
496 912 -0.0094  0.0455  4.0675
528 912 -0.0388  0.0314  4.7178
560 912  0.0232  0.0123  4.5001
592 912 -0.0441  0.0120  5.1910
624 912  0.2237 -0.0199  8.2658
656 912  0.1180 -0.0446  8.1850
 16 944  0.1218 -0.0490 28.4078
 48 944  0.0314  0.0083 14.1006
 80 944  0.4476 -0.0394 195.4260
112 944  0.0622 -0.0908 99.5827
144 944  0.0487 -0.0875 30.5585
176 944  0.1375 -0.1194 19.9168
208 944  0.1711 -0.2186 116.4412
240 944  0.2094 -0.0878 91.2098
272 944  0.2716 -0.4342 115.8302
304 944  0.5455 -0.4594 24.1197
336 944  0.4578 -0.4300 53.6930
368 944  0.3329 -0.2860 193.7078
400 944  0.2106 -0.1799 19.7826
432 944  0.0190  0.0228 15.4632
464 944  0.0211 -0.1101  6.0613
496 944 -0.0155 -0.0365  8.5014
528 944  0.0338 -0.0076  4.1374
656 944  0.0250 -0.0338  4.0878
 16 976  0.0738  0.0037 125.4915
 48 976  0.1214 -0.0321 24.0236
 80 976  0.1477 -0.0780 47.4962
112 976  0.2392 -0.1532 131.7373
144 976 -0.0205 -0.0665 26.0119
176 976  0.1071 -0.0443 281.4069
208 976  0.0989 -0.1034 57.2163
240 976  0.1707 -0.3474 67.1884
272 976  0.0482 -0.1958 26.8009
304 976  0.3084 -0.3506 81.6748
336 976  0.1162 -0.3563 48.5029
368 976  0.0169 -0.0896 27.5945
400 976  0.0339 -0.0120 13.5069
432 976 -0.1229 -0.0535  8.5649
464 976 -0.0218 -0.0243 21.0689
496 976 -0.0180 -0.0443 13.3281
528 976  0.1130 -0.0775  4.4704
 16 1008  0.1213 -0.0018 32.9431
 48 1008  0.0860 -0.0253 94.1787
 80 1008  0.0996 -0.0451 51.1567
112 1008  0.0644 -0.0544 223.8464
144 1008  0.1236 -0.2028 161.1858
176 1008  0.1287 -0.3221 176.4124
208 1008  0.1992 -0.2301 70.8762
240 1008  0.4254 -0.2919 70.7334
272 1008  0.0780 -0.2650 42.1383
304 1008  0.0348 -0.0729 16.8387
336 1008  0.0039 -0.1081 20.1619
368 1008  0.0188  0.0511 11.3591
400 1008 -0.0100 -0.0431 11.0786
432 1008 -0.0218 -0.0359 17.7746
464 1008  0.0386 -0.0934 228.5443
496 1008 -0.0262  0.0302 23.7624
528 1008  0.0587 -0.0494 10.1354
560 1008  0.1804 -0.3055  5.6455
 16 1040  0.0881 -0.0252 237.4385
 48 1040  0.2381 -0.0980 82.8957
 80 1040  0.2824 -0.0464 112.8205
112 1040  0.0524 -0.1103 49.4825
144 1040  0.3785 -0.0958 85.1303
176 1040  0.1948 -0.2792 220.2973
208 1040  0.1652 -0.1002 216.5956
240 1040  0.0289 -0.1587 33.6226
272 1040  0.0650 -0.1572 91.6994
304 1040  0.0243 -0.2159 189.6893
336 1040  0.0562 -0.2202 82.2495
368 1040  0.0089 -0.0483 13.0269
400 1040  0.0094  0.0102 33.5119
432 1040 -0.0017 -0.0352 38.3987
464 1040 -0.0162 -0.0492 40.9485
496 1040 -0.1349  0.2508 13.4083
528 1040 -0.0343  0.0710  7.7005
560 1040  0.0508  0.0461 11.6412
592 1040  0.1468  0.0193  5.8581
 16 1072  0.1303 -0.0301 101.5605
 48 1072  0.4328 -0.0546 101.1576
 80 1072  0.1101 -0.0536 137.7689
112 1072  0.1047 -0.0810 69.1449
144 1072  0.0758 -0.1620 238.9423
176 1072  0.1488 -0.0845 45.1542
208 1072  0.1176 -0.0979 65.8522
240 1072  0.0560 -0.2361 90.0641
272 1072  0.0758 -0.1895 138.5174
304 1072  0.0255 -0.2113 25.2806
336 1072 -0.0058 -0.2816 240.8757
368 1072 -0.0244 -0.1369 202.8394
400 1072  0.0152 -0.0635 194.3830
432 1072  0.0574 -0.0624 27.0424
464 1072  0.0406 -0.0522 26.0917
496 1072 -0.0871  0.0543 19.9737
528 1072  0.0004  0.2866 10.8855
560 1072  0.0731 -0.0480  9.4780
592 1072 -0.0198 -0.0881 10.4625
624 1072  0.0749 -0.1391  5.7120
656 1072 -0.0478 -0.2576  6.6996
 16 1104  0.0367 -0.0096 16.7413
 48 1104  0.0384 -0.0601 38.1211
 80 1104  0.0285 -0.0532 91.9169
112 1104  0.0306 -0.0552 180.0345
144 1104  0.0114 -0.0276 53.6378
176 1104  0.0687 -0.0397 66.2906
208 1104  0.0437 -0.3191 88.3683
240 1104  0.1010 -0.2339 89.6942
272 1104  0.0387 -0.3813 232.1050
304 1104  0.0605 -0.2012 87.2650
336 1104  0.0367 -0.1229 141.5986
368 1104  0.0855 -0.0616 87.2278
400 1104  0.1039 -0.1157 132.7564
432 1104  0.0258 -0.0549 75.3945
464 1104  0.0012 -0.0968 58.5877
496 1104  0.0104 -0.0057 17.5649
528 1104 -0.0279  0.0175 20.0211
560 1104  0.0049  0.0859 14.0859
592 1104 -0.0021  0.0159 12.5241
624 1104 -0.0180 -0.0321 12.7192
656 1104  0.0615  0.0029 11.6079
 16 1136  0.0383 -0.0120 16.0700
 48 1136  0.0453 -0.0273 26.1329
 80 1136  0.1043 -0.0726 29.2761
112 1136  0.1523 -0.0300 114.5919
144 1136  0.0446 -0.1232 275.9267
176 1136  0.0766 -0.1691 67.7182
208 1136  0.0076 -0.2872 235.9603
240 1136  0.0653 -0.0944 278.9443
272 1136  0.0444 -0.1163 118.0630
304 1136  0.0383 -0.1013 243.9415
336 1136  0.0386 -0.1146 136.6080
368 1136  0.0439 -0.1423 105.2798
400 1136  0.0564 -0.1365 198.0843
432 1136  0.0309 -0.0882 42.3075
464 1136  0.0255 -0.0908 64.8085
496 1136 -0.0070 -0.0669 13.4330
528 1136  0.1952 -0.0085 42.9238
560 1136 -0.0651  0.0467 10.3522
592 1136  0.1790  0.0087 15.4360
624 1136 -0.0022  0.0309 14.6455
656 1136  0.0160  0.0233 17.2306
 16 1168  0.0372  0.0010 16.1310
 48 1168  0.0441 -0.0035 13.7855
 80 1168  0.0752 -0.0922 61.8206
112 1168  0.0965 -0.0552 136.7376
144 1168  0.3053 -0.0996 45.9246
176 1168  0.2339 -0.0674 90.0998
208 1168  0.0321 -0.0850 106.4934
240 1168  0.0281 -0.1780 126.1571
272 1168  0.0191 -0.0642 217.9586
304 1168  0.0299 -0.1338 150.2828
336 1168  0.0315 -0.1071 131.2114
368 1168  0.0466 -0.0673 149.7464
400 1168  0.1087 -0.0516 97.7491
432 1168  0.0152 -0.0524 33.9431
464 1168  0.0251 -0.1669 143.0497
496 1168 -0.0165  0.0162 16.8853
528 1168  0.0000 -0.0149 13.2443
560 1168 -0.0407  0.0397 26.4341
592 1168 -0.1325  0.0458 14.5355
624 1168 -0.0089 -0.0084 10.7419
656 1168  0.0301  0.0274 12.0103
 16 1200  0.0453 -0.0032 21.9414
 48 1200  0.0330 -0.0391 20.9745
 80 1200 -0.0044 -0.0030 13.4375
112 1200  0.0691 -0.0444 102.0418
144 1200  0.0199 -0.0627 31.8567
176 1200  0.0257 -0.2632 234.4229
208 1200  0.1557 -0.0759 70.9578
240 1200  0.0202 -0.0935 32.6468
272 1200  0.1085 -0.1650 85.5242
304 1200  0.0726 -0.0927 123.5025
336 1200  0.0539 -0.0851 170.6233
368 1200  0.0432 -0.0749 212.1092
400 1200  0.0467 -0.1455 131.8308
432 1200  0.0579 -0.1374 199.1538
464 1200  0.1535 -0.0852 262.6237
496 1200  0.0022 -0.0029 14.9355
528 1200 -0.0023  0.0172 21.7000
560 1200 -0.0280 -0.0233 12.5916
592 1200 -0.0025  0.0336 15.4515
624 1200  0.0046 -0.0294 26.0395
656 1200 -0.0318  0.0389  9.4766
  0   0  0.0087  0.0168  0.0000
  0   0 -0.0126 -0.0090  0.0000
  0   0 -0.0229 -0.0248  0.0000
  0   0 -0.0542  0.1237  0.0000
  0   0 -0.0903  0.1535  0.0000
  0   0 -0.1601  0.1915  0.0000
  0   0 -0.2098  0.1901  0.0000
  0   0 -0.1003  0.1545  0.0000
  0   0 -0.0014  0.1527  0.0000
  0   0  0.0456  0.1063  0.0000
  0   0  0.0410  0.0472  0.0000
  0   0  0.0010  0.0365  0.0000
