VARIABLES= "X pix", "Y pix", "U pix/dt", "V pix/dt", "CHC", ZONE I=21, J=30
 16 272 -0.2109 -0.1169 48.8274
 48 272 -0.0232 -0.1067 224.3026
 80 272 -0.2019 -0.1177 122.2540
112 272 -0.3851 -0.0950 384.1905
144 272 -0.1694 -0.0749 257.3429
176 272 -0.0689 -0.1029 183.4886
208 272 -0.0187 -0.0899 283.6862
240 272 -0.0832 -0.0723 73.1071
272 272 -0.0291 -0.0584 203.8974
304 272 -0.0353 -0.0605 125.9818
336 272 -0.0338  0.0397 206.2574
368 272 -0.0244  0.0038 124.5452
400 272  0.0009  0.0299 234.0191
432 272 -0.0061  0.0533 135.0954
464 272 -0.0050  0.0366 93.3877
496 272 -0.0288  0.0592 218.6103
528 272 -0.0130  0.0088 132.4084
560 272 -0.0523  0.0667 53.4628
592 272  0.0113  0.0524 175.5636
624 272  0.0120  0.0552 130.1527
656 272 -0.0681  0.0600 170.9704
 16 304 -0.1808 -0.1752 147.4962
 48 304 -0.3938 -0.2619 40.1995
 80 304 -0.1381 -0.1733 225.5810
112 304 -0.1779 -0.1765 268.3627
144 304 -0.0539 -0.0857 277.6826
176 304 -0.0895 -0.1918 167.9130
208 304 -0.0737 -0.0737 269.4712
240 304 -0.0423 -0.0578 155.8331
272 304 -0.0522 -0.0710 133.5898
304 304 -0.0128 -0.0467 159.5963
336 304 -0.0309 -0.0149 245.3290
368 304 -0.0253 -0.0049 101.8295
400 304 -0.0031  0.0536 30.9448
432 304  0.0082  0.0011 42.2531
464 304 -0.0300  0.0646 191.5458
496 304 -0.0102  0.0809 155.3541
528 304  0.0049  0.0836 105.1225
560 304  0.0688  0.0397 184.2677
592 304 -0.0022  0.1103 151.5177
624 304 -0.0030  0.0357 210.3545
656 304  0.0023  0.0215 148.7028
 16 336 -0.4364 -0.1045 89.6337
 48 336 -0.1165 -0.1888 57.2143
 80 336 -0.2130 -0.2206 127.3495
112 336 -0.2018 -0.1459 141.2489
144 336 -0.1014 -0.1389 258.1082
176 336 -0.1013 -0.1597 298.5832
208 336 -0.0397 -0.1869 292.1655
240 336 -0.0802 -0.1065 224.7930
272 336 -0.0468 -0.0150 17.4128
304 336 -0.0947 -0.1989 118.5257
336 336 -0.0509 -0.0648 327.8164
368 336 -0.0490 -0.0086 147.3720
400 336 -0.0617  0.0177 34.4979
432 336 -0.0038  0.0293 140.6641
464 336  0.0153  0.0531 101.3079
496 336 -0.0123  0.0463 39.9758
528 336  0.0035  0.0227 167.7336
560 336  0.0026  0.0589 110.3144
592 336  0.0149  0.0563 243.3489
624 336  0.0181  0.0332 115.9005
656 336 -0.0071  0.0344 133.1582
 16 368 -0.1190 -0.1354 40.8553
 48 368 -0.2267 -0.1499 69.6139
 80 368 -0.2266 -0.2353 193.8198
112 368 -0.1361 -0.2612 28.8264
144 368 -0.1772 -0.2627 62.0192
176 368 -0.2567 -0.1360 105.5582
208 368 -0.0579 -0.1160 205.5117
240 368 -0.1022 -0.2130 50.8840
272 368 -0.1649 -0.1476 41.1113
304 368 -0.0617 -0.0525 253.6063
336 368 -0.0552 -0.0271 210.7113
368 368 -0.0466 -0.0226 263.8284
400 368 -0.0417 -0.0095 335.3193
432 368 -0.0179  0.0104 209.8577
464 368 -0.0007  0.0431 85.9555
496 368  0.0087  0.0330 331.3023
528 368 -0.0301  0.0652 107.8761
560 368  0.0163  0.0632 205.5015
592 368 -0.0043  0.0234 222.3357
624 368  0.0237  0.0539 265.6556
656 368  0.0056 -0.0191 152.6476
 16 400 -0.7390 -0.5110 93.1938
 48 400 -0.1092 -0.3779 223.9583
 80 400 -0.2182 -0.1971 182.8168
112 400 -0.1481 -0.3637 48.6962
144 400 -0.3148 -0.2818 24.5659
176 400 -0.2863 -0.4283 164.7602
208 400 -0.1696 -0.3682 125.1484
240 400 -0.1132 -0.2410 264.1880
272 400 -0.1110 -0.1951 124.7239
304 400 -0.0711 -0.0919 181.7642
336 400 -0.1120 -0.1381 210.4542
368 400 -0.0182 -0.0208 118.7903
400 400 -0.0247 -0.0102 40.4313
432 400 -0.0187  0.0100 231.6931
464 400 -0.0035  0.0222 208.6475
496 400 -0.0120  0.0589 71.9288
528 400 -0.0013  0.0208 159.3008
560 400  0.0085  0.0231 179.1646
592 400  0.0074  0.0504 157.8589
624 400  0.0199  0.0349 136.8444
656 400  0.0147  0.0181 124.4046
 16 432 -0.1589 -0.1052 212.0444
 48 432 -0.3888 -0.4211 126.3977
 80 432 -0.2733 -0.1756 19.3589
112 432 -0.4687 -0.6524 26.5239
144 432 -0.2288 -0.2887 261.5630
176 432 -0.2703 -0.2458 156.9902
208 432 -0.2537 -0.2796 95.4285
240 432 -0.1803 -0.2610 350.0377
272 432 -0.2146 -0.4030 173.1681
304 432 -0.0276 -0.5193 72.2663
336 432 -0.0776 -0.0930 229.5225
368 432 -0.0193 -0.0333 227.4258
400 432 -0.0215 -0.0328 182.8798
432 432 -0.0088  0.0024 94.5582
464 432  0.0168  0.0470 113.4010
496 432  0.0023  0.0223 149.6250
528 432 -0.0086  0.0054 235.3921
560 432  0.0087  0.0292 127.0967
592 432  0.0037  0.0253 82.0911
624 432  0.0179  0.0240 161.2577
656 432  0.0096  0.0349 84.7263
 16 464 -0.2294 -0.2761 28.0914
 48 464 -0.1784 -0.4471 159.6517
 80 464 -0.9084 -0.5598 113.6575
112 464 -0.6485 -0.4395 141.7062
144 464 -0.2896 -0.2578 130.0227
176 464 -0.3901 -0.3732 131.7601
208 464 -0.2692 -0.3309 156.4318
240 464 -0.1244 -0.2499 201.3294
272 464 -0.1489 -0.4917 310.2472
304 464 -0.1167 -0.1873 105.9196
336 464 -0.0875 -0.1005 163.3803
368 464 -0.0615 -0.0415 233.2327
400 464 -0.0278 -0.0276 105.2682
432 464 -0.0386 -0.0183 38.6717
464 464 -0.0245 -0.0081 128.7597
496 464 -0.0295 -0.0263 25.7766
528 464 -0.0264  0.0642 89.7457
560 464  0.0011  0.0352 127.2049
592 464  0.0177  0.0330 116.7033
624 464  0.0485 -0.0002 112.4922
656 464  0.0104  0.0044 216.6151
 16 496 -0.2266 -0.2466 164.6409
 48 496 -0.2736 -0.0725 17.4612
 80 496 -0.1924 -0.6054 97.7542
112 496 -0.2633 -0.5612 176.6351
144 496 -0.2393 -0.2059 54.6130
176 496 -0.2374 -0.0947 166.9909
208 496 -0.1914 -0.3426 31.1562
240 496 -0.3423 -0.5153 95.0219
272 496 -0.1786 -0.1998 22.5699
304 496 -0.1393 -0.1078 131.6125
336 496 -0.0658 -0.1625 198.1830
368 496 -0.0866 -0.0934 30.3680
400 496 -0.0585 -0.0395 148.4953
432 496 -0.0366 -0.0400 175.1148
464 496 -0.0996  0.0438 186.4468
496 496 -0.0404  0.0033 216.2169
528 496 -0.0060  0.0472 187.9883
560 496  0.0059  0.0109 148.8335
592 496  0.0312 -0.0190 20.8293
624 496  0.0390  0.0017 111.5383
656 496  0.0174  0.0267 111.8250
 16 528 -0.5980 -0.2616 42.2705
 48 528 -0.7354 -0.5366 47.6287
 80 528 -0.7583 -0.5086 38.9867
112 528 -0.1534 -0.0823 23.0826
144 528 -0.3159 -0.3584 162.2570
176 528 -0.5654 -0.8146 112.4045
208 528 -0.6638 -0.6031 137.5960
240 528 -0.3982 -0.3571 51.9519
272 528 -0.2716 -0.5369 98.0413
304 528 -0.0482 -0.3752 584.0559
336 528 -0.0542 -0.3412 283.9757
368 528 -0.1435 -0.2267 137.5299
400 528 -0.1122 -0.0751 205.2614
432 528 -0.0697 -0.0568 84.4500
464 528 -0.0255 -0.0419 208.5082
496 528  0.0132  0.0375 53.2522
528 528 -0.0097 -0.0258 165.2038
560 528 -0.0031 -0.0155 154.4498
592 528  0.0383 -0.0115 121.0985
624 528  0.0439 -0.0708 45.6082
656 528  0.0522 -0.0038 111.3897
 16 560 -0.2367 -0.1191 102.7771
 48 560 -1.2163 -0.5702 64.6698
 80 560 -0.4784 -0.3709 125.0198
112 560 -0.2093 -0.1515 74.6170
144 560 -0.1232 -0.0987 101.1864
176 560 -0.2126 -0.2168 28.3438
208 560 -0.6756 -0.6762 132.8852
240 560 -0.3202 -1.0537 136.9972
272 560 -0.3596 -0.4088 81.9754
304 560 -0.4212 -0.9583 95.6722
336 560 -0.2449 -0.1920 294.1595
368 560 -0.0522 -0.2421 143.4337
400 560  0.0081 -0.0218 13.3686
432 560 -0.0492 -0.0388 61.8930
464 560 -0.0448 -0.0555 214.9440
496 560 -0.0352  0.0094 57.1799
528 560 -0.0244  0.0083 186.1112
560 560 -0.0083 -0.0143 161.3992
592 560  0.0463 -0.0388 130.2227
624 560  0.0718 -0.0259 133.9498
656 560  0.0501 -0.0314 70.9594
 16 592 -0.1283 -0.0315 88.9369
 48 592 -0.2785 -0.1391 25.8187
 80 592 -0.6278 -0.3249 167.8618
112 592 -0.3505 -0.3072 60.5219
144 592 -1.4537 -0.8430 202.6557
176 592 -0.9831 -1.0525 95.1952
208 592 -0.6638 -0.6379 98.6309
240 592 -0.4244 -0.6302 104.0303
272 592 -0.3376 -0.4790 70.1389
304 592 -0.3813 -0.2851 22.2031
336 592 -0.4550 -0.4115 43.6047
368 592 -0.2854 -0.2900 106.3526
400 592 -0.3863 -0.1917 107.4662
432 592 -0.2339 -0.1641 165.6800
464 592 -0.2444 -0.0602 191.8347
496 592 -0.1247 -0.0597 121.8104
528 592 -0.0245 -0.0345 193.8613
560 592  0.0081 -0.0701 245.1737
592 592  0.0288 -0.0888 66.9885
624 592  0.1195 -0.0928 59.9413
656 592  0.1074 -0.0998 273.2676
 16 624 -0.2429 -0.0486 69.6587
 48 624 -0.0636 -0.1350 40.4991
 80 624 -0.2159 -0.1462 23.4216
112 624 -0.7912 -0.7812 183.8554
144 624 -1.0435 -0.8123 192.1449
176 624 -0.8545 -0.9189 91.2652
208 624 -0.9080 -1.0691 147.2037
240 624 -0.3317 -0.0519 18.8435
272 624 -0.8339 -0.7635 36.6460
304 624 -0.9455 -0.6172 151.8477
336 624 -0.8136 -0.6095 143.2628
368 624 -0.7084 -0.4170 141.9605
400 624 -0.4721 -0.1368 213.0096
432 624 -0.5914 -0.0993 228.8108
464 624 -0.4408 -0.0236 104.1498
496 624 -0.3310 -0.1034 138.3043
528 624 -0.2277 -0.2387 93.8141
560 624 -0.0057 -0.1319 159.6441
592 624  0.0685 -0.2144 90.3426
624 624  0.0713 -0.1546 54.1972
656 624  0.1021 -0.1570 35.3207
 16 656 -0.0574 -0.0283 34.5747
 48 656 -0.2205 -0.1344 249.1684
 80 656 -0.5132 -0.3674 147.3167
112 656 -0.1874 -0.1364 59.9323
144 656 -0.3380 -0.3242 18.0096
176 656 -1.0147 -0.8310 120.0357
208 656 -1.1303 -0.9671 96.8144
240 656 -0.9092 -1.2560 48.1512
272 656 -1.1433 -0.5669 186.5249
304 656 -0.9892 -0.7307 32.5689
336 656 -0.5902 -0.4327 49.8164
368 656 -1.4353 -0.2547 208.4672
400 656 -1.2361 -0.1881 163.8425
432 656 -0.9299 -0.0381 228.6785
464 656 -1.0139 -0.1904 62.8577
496 656 -0.8054 -0.2370 101.6811
528 656 -0.2524 -0.1766 15.7357
560 656 -0.0595 -0.3034 29.7649
592 656  0.0495 -0.2471 53.4420
624 656  0.0609 -0.2870 73.2053
656 656  0.2041 -0.2357 154.6337
 16 688 -0.0754 -0.0612 46.3296
 48 688 -0.3316 -0.1751 243.2841
 80 688 -0.2114 -0.0747 277.8924
112 688 -0.3787 -0.1898 36.3645
144 688 -0.8552 -0.7008 44.6735
176 688 -1.2925 -0.6189 180.9926
208 688 -0.9988 -0.9448 223.1499
240 688 -1.4748 -0.8044 77.5207
272 688 -1.4823 -0.8354 137.5181
304 688 -0.4636 -0.0559 13.5583
336 688 -0.8561 -0.2927 28.2432
368 688 -1.1242 -0.3925 111.9712
400 688 -1.1659  0.0785 37.8026
432 688 -1.2954  0.3265 162.2387
464 688 -1.7407 -0.0306 77.4034
496 688 -1.4902 -0.1450 107.7744
528 688 -0.6657 -0.6717 184.5233
560 688 -0.2270 -0.2514 214.0290
592 688 -0.1209 -0.5920 109.2100
624 688  0.0469 -0.2337 48.1869
656 688  0.0319 -0.2584 201.6398
 16 720 -0.1270 -0.0536 46.6129
 48 720 -0.1275 -0.0829 52.4630
 80 720 -0.1297 -0.2925 330.8203
112 720 -0.1439 -0.2177 96.0191
144 720 -0.1326 -0.3079 223.0926
176 720 -0.2341 -0.3005 280.5011
208 720 -0.7684 -0.7117 172.2920
240 720 -1.0998 -0.9041 147.8535
272 720 -1.4165 -0.6656 20.7002
304 720 -0.8442 -0.4025 243.2661
336 720 -0.7101 -0.2597 40.5370
368 720 -0.9386  0.1951 57.7359
400 720 -0.8377  0.6412 67.6133
432 720 -1.0831  0.0206 22.5589
464 720 -1.1470 -0.1477 111.2263
496 720  3.2474 -0.3259  9.8974
528 720  0.4169 -0.2596 15.5808
560 720 -0.1060 -0.3038 172.2447
592 720 -0.0843 -0.4158 70.8618
624 720 -1.0808  0.1842 13.7505
656 720 -0.0934  0.0862 17.3840
 16 752  0.0175  0.0108 18.1464
 48 752 -0.0383 -0.0397 231.2533
 80 752 -0.0986 -0.1030 196.9928
112 752 -0.1362 -0.1594 149.9860
144 752 -0.1393 -0.0023 213.6134
176 752 -0.5917 -0.6828 63.3199
208 752 -1.0225 -0.6602 42.6652
240 752 -0.8168 -0.9290 102.0922
272 752 -0.8065 -0.8050 100.2638
304 752 -0.7642 -0.2827 48.0975
336 752 -0.5737 -0.2264 137.7348
368 752 -0.0596  0.6945 123.1183
400 752 -0.0055  0.9078 130.2096
432 752  0.7392  0.2275 142.5428
464 752 -0.1078 -0.7234 40.3827
496 752  0.2351 -0.1594 12.3387
528 752  2.1290 -0.0190  7.3388
560 752 -0.1205 -0.8174 102.1406
592 752 -0.0544 -0.4288 48.8808
624 752 -0.1213  0.0379 17.5962
656 752 -0.2694  0.1388 10.3355
 16 784 -0.0226 -0.0155 18.7550
 48 784  0.0229 -0.0158 223.8075
 80 784 -0.0213 -0.0341 141.7370
112 784 -0.0274 -0.0520 146.3367
144 784 -0.0193 -0.0558 176.0523
176 784 -0.2077 -0.3659 101.0341
208 784 -0.4481 -0.3760 135.6052
240 784 -0.2196 -0.5957 213.2661
272 784 -0.4689 -0.5260 114.7277
304 784 -0.2778 -0.1609 81.9316
336 784 -0.1671  0.0515 185.8180
368 784  0.6420  0.5462 114.3614
400 784  0.9438  0.3716 52.7013
432 784  1.6895  0.4576 52.7486
464 784  0.3047  0.0089 22.7904
496 784  0.2593 -0.9187 10.0995
528 784  1.4463  0.0592 14.4951
560 784 -0.0017 -0.1983 46.4680
592 784 -0.0574 -0.0301 19.2936
624 784 -0.0638 -0.0540 10.7137
656 784 -0.1755  0.2311 10.1683
 16 816  0.0225 -0.0060 28.4508
 48 816  0.0223 -0.0106 206.8063
 80 816  0.0242 -0.1160 94.9366
112 816  0.0277 -0.0498 128.5223
144 816  0.0086 -0.2654 77.5651
176 816  0.0369 -0.0930 105.1465
208 816  0.0276 -0.3306 155.1122
240 816 -0.2273 -0.5495 63.1131
272 816  0.0181 -0.7551 114.5036
304 816  0.1467 -0.2284 132.0632
336 816  0.4749 -0.1108 101.5422
368 816  2.3915  0.6928 171.6268
400 816  1.4266  0.8140 46.9792
432 816  0.1227 -0.0397 16.4916
464 816  0.1448  0.0114  9.4179
496 816  0.0659 -0.1122 13.5130
528 816  0.4932  0.1144  7.9610
560 816  0.0933 -0.0766 79.3783
592 816  0.0339 -0.0870 174.1228
624 816 -0.0459  0.0252 26.3309
656 816 -0.1168  0.0564 10.3169
 16 848  0.0991 -0.0128 32.1962
 48 848  0.0329  0.0202 65.3472
 80 848  0.0408 -0.0313 141.3842
112 848  0.0480 -0.0360 93.1185
144 848  0.0880 -0.0620 144.2348
176 848  0.1872 -0.1018 43.8827
208 848  0.1546 -0.1804 110.6279
240 848  0.1587 -0.7115 155.9179
272 848  0.8452 -0.8255 33.9651
304 848  0.0611 -0.1050 16.1559
336 848  0.9020 -0.0112 25.4337
368 848  2.5285  0.3971 38.6244
400 848 -0.0098  0.1504 17.0518
432 848  0.0290  0.1868 13.4427
464 848  0.2050 -0.0959  9.1054
496 848  0.0680  0.0648 15.4122
528 848  0.1386  0.0825  7.0065
560 848  0.0093  0.0656 88.2084
592 848  0.0117  0.1002 112.3836
624 848 -0.0499  0.0611 60.9435
656 848 -0.0383  0.0572 41.7043
 16 880  0.0230  0.0085 17.7672
 48 880  0.0576 -0.0145 44.0141
 80 880  0.1055 -0.0525 188.8465
112 880  0.1204  0.0044 145.7851
144 880  0.1635 -0.0389 178.1172
176 880  0.2536 -0.0829 457.8777
208 880  0.3643 -0.2422 158.2697
240 880  0.5815 -0.2664 52.2084
272 880  0.7819 -0.7962 208.9116
304 880  1.4742 -0.6376 79.9297
336 880  1.9502 -0.6124 51.0411
368 880  2.8066 -0.0086 63.0320
400 880  2.3657  0.1769 22.7296
432 880  0.0770 -0.0058 15.1496
464 880  0.0239  0.0636 18.2267
496 880  0.2774  0.1916  5.6355
528 880 -0.0263 -0.0072 14.5855
560 880  0.0097  0.1673 21.0239
592 880  0.0036  0.1132 68.9228
624 880 -0.0379  0.1648 110.1304
656 880 -0.0480  0.0541 192.6459
 16 912  0.0653 -0.0003 133.9271
 48 912  0.0161 -0.0040 14.4667
 80 912  0.1147 -0.0752 154.2454
112 912  0.1929 -0.1545 153.0981
144 912  0.0792 -0.0775 50.0839
176 912  0.3438 -0.2086 193.3646
208 912  0.1349 -0.3389 37.4629
240 912  0.8837 -0.7752 161.5385
272 912  1.0122 -1.1060 26.4318
304 912  0.3434 -0.4335 95.6150
336 912  0.2774 -0.1058 55.3038
368 912  0.4320  0.0182 16.4615
400 912  0.1100  0.0992 17.7433
432 912  0.0485  0.0859 14.6107
464 912  0.0884  0.1365  7.7681
528 912 -0.0390  0.0329  4.8889
560 912 -0.0710  0.0685 12.3771
592 912  0.0012  0.0131 22.3346
624 912 -0.0718  0.1257 29.2419
656 912 -0.0861  0.1367 104.9032
 16 944  0.0775 -0.0115 19.9473
 48 944  0.0372 -0.0066 27.2021
 80 944  0.2582 -0.0572 167.8549
112 944  0.0619 -0.0614 324.0080
144 944  0.1614 -0.2105 207.6942
176 944  0.3738 -0.2158 227.5938
208 944  0.4956 -0.3023 141.2736
240 944  0.3043 -0.4631 49.7967
272 944  0.6888 -1.1129 45.7326
304 944 -0.0195 -0.5682 44.3897
336 944  0.0920  0.0183 18.6258
368 944  0.0497  0.0518 19.1726
400 944  0.0162  0.1699  8.9832
432 944  0.0897  0.0670 15.8884
464 944  0.2642  0.0409  4.7274
496 944 -0.0041 -0.0134  7.8476
528 944  0.0015 -0.0015  4.5994
592 944 -0.0702  0.0825  6.0167
624 944 -0.0354  0.0282 22.5384
656 944 -0.0822  0.0580 32.2613
 16 976  0.0582  0.0013 18.1025
 48 976  0.0822 -0.0096 38.2246
 80 976  0.0432 -0.0913 67.6958
112 976  0.3489 -0.1165 191.0824
144 976  0.1610 -0.1249 264.5440
176 976  0.1317 -0.5508 68.6660
208 976  0.4535 -0.1960 80.0245
240 976  0.0881 -0.0335 20.7474
272 976 -0.0609 -0.0933 36.9453
304 976  0.1781 -0.5017 17.7818
336 976  0.0341 -0.2075 33.8666
368 976 -0.0012  0.2276 15.0395
400 976  0.1138  0.2019  9.6666
432 976  0.1227  0.2088  5.1406
464 976  0.0226  0.0317 22.4048
496 976  0.0305 -0.1036 22.8890
528 976  0.0218 -0.0202 30.7347
560 976  0.0493 -0.0901  6.7062
592 976 -0.0896 -0.1791  7.4443
624 976 -0.0001 -0.1571  7.6911
656 976  0.0764 -0.0175  7.7347
 16 1008  0.0738 -0.0107 161.1862
 48 1008  0.0694 -0.0661 37.6488
 80 1008  0.0973  0.0227 50.6651
112 1008  0.0801 -0.0424 236.9028
144 1008  0.1826 -0.2277 234.3367
176 1008  0.5623 -0.1528 111.2862
208 1008  0.1568 -0.2580 178.9957
240 1008  0.0582 -0.3140 89.1978
272 1008  0.1487 -0.6940 76.3504
304 1008  0.0795 -0.2738 22.8327
336 1008  0.0557 -0.0472 12.2271
368 1008  0.1341  0.0380  8.5785
400 1008  0.2683  0.2243  7.9056
432 1008  0.0775  0.0788 40.8436
464 1008  0.2099 -0.0639 34.3573
496 1008  0.0198  0.0077 20.9880
528 1008  0.0312 -0.0136 17.0912
560 1008 -0.0197  0.0146  7.8723
592 1008  0.2918 -0.2086  7.3094
624 1008 -0.0163 -0.0760  6.1833
656 1008  0.0465 -0.0476  4.6330
 16 1040  0.0784  0.0096 36.9015
 48 1040  0.3881 -0.0466 155.2955
 80 1040  0.0878 -0.0531 172.1389
112 1040  0.1490 -0.1286 136.0248
144 1040  0.1257 -0.1175 80.0596
176 1040  0.1384 -0.1349 182.6033
208 1040  0.0564 -0.5660 260.7908
240 1040 -0.0061 -0.8063 42.0348
272 1040  0.0255 -0.2984 167.6508
304 1040 -0.0603 -0.2744 143.4894
336 1040 -0.2720 -0.0883 58.4944
368 1040 -0.1598  0.0280 36.2509
400 1040  0.0373  0.1692 51.4714
432 1040  0.0915  0.0623 11.5232
464 1040  0.0896 -0.0186 31.8585
496 1040  0.1148 -0.0761 63.1971
528 1040  0.0132 -0.0693 19.2279
560 1040 -0.0355  0.0272 10.9529
592 1040 -0.0093  0.0100 18.5374
624 1040  0.0118 -0.0121 13.9172
656 1040  0.1257 -0.0674  8.4990
 16 1072  0.0614 -0.0112 40.1000
 48 1072  0.3351 -0.0149 50.7455
 80 1072  0.0999 -0.0949 154.3454
112 1072  0.0307 -0.0447 69.4086
144 1072  0.0404 -0.0974 175.5450
176 1072  0.1772 -0.1066 72.5508
208 1072  0.0279 -0.0624 31.1319
240 1072  0.0175 -0.0451 121.9215
272 1072 -0.0020 -0.2238 170.8345
304 1072 -0.0297 -0.2198 25.1965
336 1072 -0.0609 -0.1494 162.4496
368 1072 -0.1497 -0.0962 155.3851
400 1072 -0.0019  0.0193 60.4822
432 1072  0.0417 -0.0775 250.9590
464 1072  0.0492 -0.0279 21.4511
496 1072 -0.0193 -0.0197 20.8722
528 1072  0.0487 -0.2109 49.4305
560 1072 -0.0306 -0.0208 14.4341
592 1072 -0.0171  0.0377  8.7708
624 1072  0.0132  0.0349 12.5763
656 1072  0.0437 -0.0222 22.2465
 16 1104  0.0575 -0.0335 35.5589
 48 1104  0.0192 -0.0403 50.8241
 80 1104  0.0461 -0.0231 18.9263
112 1104  0.0664 -0.0781 170.1831
144 1104  0.0506 -0.0354 204.8073
176 1104  0.0975 -0.0772 40.2587
208 1104  0.0149 -0.1074 37.5667
240 1104  0.0616 -0.3696 189.1962
272 1104 -0.0136 -0.2181 77.5953
304 1104 -0.0035 -0.1585 88.4170
336 1104  0.0207 -0.1378 224.6984
368 1104  0.0148 -0.0695 115.2190
400 1104  0.0322 -0.0710 228.1604
432 1104  0.1021 -0.0237 123.1293
464 1104  0.0466 -0.0901 32.7193
496 1104  0.0513  0.0227 17.7721
528 1104 -0.0087 -0.0210 16.2862
560 1104  0.0004 -0.0646 13.5772
592 1104  0.0074 -0.0567 21.9862
624 1104 -0.0059  0.0002 15.9978
656 1104  0.0200  0.0090 21.3774
 16 1136  0.0180 -0.0271 13.3733
 48 1136  0.1512 -0.0461 70.2271
 80 1136  0.0437 -0.0959 156.3663
112 1136  0.2472 -0.0225 60.0038
144 1136  0.0531 -0.0499 35.4067
176 1136  0.0459 -0.0930 242.0019
208 1136  0.0207 -0.0621 146.2606
240 1136  0.0299 -0.2225 239.9546
272 1136  0.0637 -0.1019 49.0282
304 1136 -0.0067 -0.1039 203.3105
336 1136  0.0315 -0.0333 158.0282
368 1136  0.0188 -0.0850 168.3037
400 1136  0.0397 -0.0874 87.7719
432 1136  0.0332 -0.1985 76.7074
464 1136  0.0324 -0.0121 26.0726
496 1136  0.0701 -0.0248 61.3461
528 1136  0.0010 -0.0102 16.8932
560 1136 -0.0054 -0.0175 15.9334
592 1136 -0.0144 -0.0363 11.0821
624 1136 -0.0043  0.0269 32.2299
656 1136 -0.1275 -0.0815 39.5250
 16 1168  0.0322  0.0035 33.6304
 48 1168  0.0594 -0.0108 16.6997
 80 1168  0.0349 -0.0336 32.1383
112 1168  0.1105 -0.0803 41.1599
144 1168  0.0578 -0.0857 87.0449
176 1168  0.0358 -0.0853 71.3423
208 1168  0.1834 -0.0952 153.3711
240 1168  0.0571 -0.1129 80.0950
272 1168  0.0115 -0.1520 134.2908
304 1168  0.0209 -0.0712 73.1857
336 1168  0.0482 -0.0839 121.7033
368 1168  0.1025 -0.0773 128.3982
400 1168  0.0295 -0.2167 284.3317
432 1168  0.0349 -0.1107 209.1907
464 1168  0.0950 -0.0815 247.8626
496 1168 -0.0011 -0.0190 14.8328
528 1168  0.0328 -0.0249 15.5372
560 1168  0.0023 -0.0030 14.0288
592 1168  0.0010 -0.0330 14.3749
624 1168  0.0198  0.0136 13.1082
656 1168  0.0094  0.0131 14.0237
 16 1200  0.0610 -0.0288 37.1833
 48 1200  0.0091 -0.0387 14.6119
 80 1200 -0.0230 -0.0078 21.1928
112 1200 -0.0014 -0.0242 31.0572
144 1200  0.0314 -0.0448 207.7653
176 1200  0.0119 -0.0757 66.5532
208 1200  0.0373 -0.0623 78.9367
240 1200  0.0261 -0.0569 345.6024
272 1200  0.0167 -0.0483 106.2931
304 1200 -0.0058 -0.2013 32.1956
336 1200  0.0304 -0.0974 148.1078
368 1200  0.0546 -0.0496 226.7214
400 1200  0.0803 -0.1320 231.3165
432 1200  0.0055 -0.0916 28.8097
464 1200  0.0558 -0.0636 123.4190
496 1200  0.0051 -0.0211 19.9452
528 1200 -0.0023 -0.0109 15.3967
560 1200  0.0232 -0.0071 12.7417
592 1200 -0.0032  0.0050 15.8768
624 1200  0.0601 -0.0054 46.3736
656 1200 -0.0002 -0.0101 43.6591
  0   0 -0.0777 -0.2132  0.0000
  0   0 -0.0692 -0.2938  0.0000
