VARIABLES= "X pix", "Y pix", "U pix/dt", "V pix/dt", "CHC", ZONE I=21, J=30
 16 272 -0.0905 -0.1558 255.1857
 48 272 -0.4613 -0.1205 156.8127
 80 272 -0.1457 -0.1352 129.2620
112 272 -0.2639 -0.1324 237.9322
144 272 -0.0510 -0.0929 89.2322
176 272 -0.1468 -0.1128 105.9349
208 272 -0.0472 -0.1168 306.1917
240 272 -0.0402 -0.0441 234.3734
272 272 -0.0437 -0.0800 347.3379
304 272 -0.0556 -0.0113 165.9884
336 272 -0.0168 -0.0315 120.8982
368 272 -0.0176  0.0126 186.0991
400 272 -0.0119  0.0202 189.1666
432 272  0.0027  0.0421 149.5142
464 272 -0.0196  0.0338 145.8263
496 272  0.0007  0.0336 136.0147
528 272 -0.0458  0.0525 141.6346
560 272 -0.0443  0.0352 61.1496
592 272  0.0103  0.0227 146.8598
624 272 -0.0368  0.0624 133.9224
656 272 -0.0178  0.0243 156.4480
 16 304 -0.1942 -0.2489 172.0831
 48 304 -0.0605 -0.1505 190.3815
 80 304 -0.1573 -0.1826 173.1852
112 304 -0.1209 -0.1469 311.2524
144 304 -0.1113 -0.2069 212.2085
176 304 -0.1275 -0.0260 255.8545
208 304 -0.0979 -0.1125 321.9217
240 304 -0.0875 -0.0961 339.6810
272 304 -0.1013  0.0108 35.6713
304 304 -0.0768 -0.0569 235.3327
336 304 -0.0149 -0.0272 185.0560
368 304 -0.0230 -0.0366 312.0075
400 304 -0.0137  0.0123 65.6209
432 304 -0.0052  0.0170 148.8111
464 304  0.0180  0.0744 220.2236
496 304 -0.0083  0.0554 181.4748
528 304 -0.0359  0.0588 102.4095
560 304 -0.0098  0.0564 320.7658
592 304  0.0275  0.0553 140.2150
624 304  0.0155  0.0493 119.5871
656 304 -0.0070  0.0313 85.6442
 16 336 -0.3136 -0.3335 249.2180
 48 336 -0.4980 -0.0887 126.1304
 80 336 -0.5563 -0.0921 137.5558
112 336 -0.1812 -0.2336 320.2349
144 336 -0.1731 -0.1328 67.9935
176 336 -0.1563 -0.0868 50.2053
208 336 -0.1028 -0.1070 311.3336
240 336 -0.0411 -0.0911 200.3239
272 336 -0.0227 -0.0252 49.6486
304 336 -0.0634 -0.0372 78.9576
336 336 -0.0289 -0.0762 132.2054
368 336 -0.0332 -0.0137 132.8711
400 336 -0.0328 -0.0019 60.3155
432 336 -0.0009  0.0289 158.1149
464 336 -0.0009  0.0423 249.1695
496 336 -0.0016  0.0305 214.8177
528 336 -0.0092  0.0478 161.5366
560 336  0.0014  0.0292 163.8346
592 336 -0.0092  0.0310 119.2399
624 336 -0.0194  0.0166 101.6120
656 336 -0.0080  0.0174 73.7045
 16 368 -0.4434 -0.1062 38.3669
 48 368 -0.1350 -0.0655 276.0617
 80 368 -0.2872 -0.2784 134.7274
112 368 -0.1445 -0.1082 24.6132
144 368 -0.2105 -0.2226 226.6224
176 368 -0.2051 -0.1921 136.0485
208 368 -0.1399 -0.1390 173.0880
240 368 -0.3493 -0.1269 79.3584
272 368 -0.1322 -0.2200 74.8410
304 368 -0.1140 -0.1331 264.8271
336 368 -0.0397 -0.0475 56.8080
368 368 -0.0296 -0.0453 258.2416
400 368 -0.0315 -0.0052 94.4989
432 368 -0.0048  0.0144 175.8612
464 368  0.0039  0.0313 140.6093
496 368  0.0122  0.0344 94.9940
528 368 -0.0142  0.0341 154.9206
560 368  0.0082  0.0331 275.2424
592 368  0.0340  0.0294 190.7443
624 368  0.0002  0.0251 136.0583
656 368 -0.0112  0.0179 35.2487
 16 400 -0.0217 -0.0906 17.5796
 48 400 -0.6589 -0.1369 125.6490
 80 400 -0.3435 -0.4274 132.8833
112 400 -0.2480 -0.2055 52.4802
144 400 -0.4541 -0.4388 117.4225
176 400 -0.1028 -0.3700 41.8374
208 400 -0.2262 -0.3665 88.2230
240 400 -0.1753 -0.1740 139.8940
272 400 -0.0493 -0.0882 81.8728
304 400 -0.0702 -0.1288 148.2079
336 400 -0.0470 -0.0788 31.3018
368 400 -0.0542 -0.0493 203.6080
400 400 -0.0131 -0.0329 97.7662
432 400 -0.0350 -0.0227 145.1140
464 400  0.0101  0.0385 192.3010
496 400 -0.0060  0.0206 114.6220
528 400  0.0100  0.0198 171.1446
560 400  0.0081  0.0166 193.4278
592 400 -0.0153  0.0626 190.4747
624 400  0.0335  0.0447 119.6380
656 400 -0.0220  0.0514 188.6115
 16 432 -0.3485 -0.0912 23.4440
 48 432 -0.7445 -0.5354 50.8388
 80 432 -0.2049 -0.4283 80.6300
112 432 -0.9477 -0.2036 92.5501
144 432 -0.3638 -0.2453 46.6174
176 432 -0.1065 -0.5559 129.0736
208 432 -0.2089 -0.4234 179.1715
240 432 -0.0695 -0.5031 158.2337
272 432 -0.3664 -0.1593 288.3625
304 432 -0.1316 -0.1883 200.6143
336 432 -0.1076 -0.0773 219.4805
368 432 -0.0955 -0.1065 159.2926
400 432 -0.0161 -0.0757 89.6704
432 432 -0.0230 -0.0340 194.2685
464 432  0.0091  0.0133 117.7604
496 432  0.0149 -0.0229 71.7546
528 432  0.0228  0.0115 143.0252
560 432  0.0099  0.0448 149.2450
592 432  0.0218  0.0622 130.5284
624 432 -0.0088  0.0382 122.2500
656 432 -0.0160  0.0027 99.8432
 16 464 -0.1440 -0.1647 51.6548
 48 464 -0.2794 -0.3463 65.3348
 80 464 -0.5045 -0.3963 165.5112
112 464 -0.2980 -0.1777 48.0662
144 464 -0.1969 -0.1590 39.5161
176 464 -0.3578 -0.3655 213.9244
208 464 -0.2237 -0.5755 109.4574
240 464 -0.2336 -0.2676 137.8358
272 464 -0.2437 -0.3779 245.3752
304 464 -0.1682 -0.2403 181.8124
336 464 -0.0801 -0.1397 239.2236
368 464 -0.1170 -0.1207 139.8416
400 464 -0.0595 -0.0671 107.7778
432 464 -0.0614 -0.0368 233.3635
464 464  0.0032 -0.0184 244.5785
496 464  0.0154  0.0208 170.1561
528 464 -0.0020  0.0040 136.1633
560 464  0.0158  0.0561 219.3384
592 464  0.0240  0.1020 136.2452
624 464  0.0103  0.0474 110.6936
656 464 -0.0009  0.0245 223.4277
 16 496 -1.3945 -0.9468 39.2011
 48 496 -0.1822 -0.1183 59.5797
 80 496 -0.3678 -0.2969 185.8380
112 496 -0.8995 -0.4593 201.6099
144 496 -0.7091 -0.6057 131.2402
176 496 -0.2385  0.0153 20.3117
208 496 -0.6634 -0.2975 99.4523
240 496 -0.2050 -0.3970 201.5005
272 496 -0.1224 -0.4720 24.4740
304 496 -0.3906 -0.3154 80.5971
336 496 -0.2458 -0.3302 139.2524
368 496 -0.0863 -0.1816 189.4993
400 496 -0.0193 -0.0941 41.3478
432 496 -0.0630 -0.1240 190.0756
464 496 -0.2022 -0.2437 80.9556
496 496  0.0101  0.0155 152.9484
528 496  0.0394  0.1147 239.1754
560 496  0.0189  0.0251 29.6354
592 496  0.0085  0.0559 90.4569
624 496 -0.0154  0.0457 101.8130
656 496  0.0150  0.0576 105.0188
 16 528 -0.7220 -0.4509 46.9985
 48 528 -0.2865 -0.1587 102.7312
 80 528 -0.6626 -0.5025 157.2625
112 528 -1.2409 -0.5956 108.5318
144 528 -0.5538 -0.4564 288.6313
176 528 -0.7897 -0.6948 39.0925
208 528 -0.7194 -0.9426 69.6333
240 528 -0.6687 -0.6491 89.4108
272 528 -0.5407 -0.4509 109.3476
304 528 -0.2325 -0.4190 254.8058
336 528 -0.2873 -0.3326 243.7431
368 528 -0.1715 -0.3639 179.1132
400 528 -0.0163 -0.2141 59.9285
432 528 -0.0028 -0.1385 145.1696
464 528  0.0351 -0.0713 188.8064
496 528  0.0817  0.0376 223.4844
528 528  0.0807  0.0209 34.4219
560 528  0.0523  0.0793 171.4628
592 528 -0.0053  0.0590 185.3606
624 528  0.0268  0.1199 150.0901
656 528 -0.0322  0.0608 134.6395
 16 560 -0.5671 -0.3643 22.4822
 48 560 -0.2152 -0.2989 34.4817
 80 560 -0.5071 -0.6612 116.7582
112 560 -0.9661 -0.7044 113.0538
144 560 -0.2628 -0.2069 46.7506
176 560 -0.3308 -0.3342 146.6055
208 560 -0.6429 -0.6237 165.8598
240 560 -0.6973 -0.7016 194.0606
272 560 -0.2119 -0.3620 234.0414
304 560 -0.3355 -0.5756 88.4676
336 560 -0.6248 -1.0474 74.6247
368 560 -0.1400 -0.5028 87.9487
400 560 -0.0836 -0.3949 107.7646
432 560  0.0510 -0.1848 244.0381
464 560  0.0696 -0.1022 109.9621
496 560  0.0144  0.0069 365.9121
528 560  0.0417 -0.0098 213.2157
560 560  0.0186  0.0678 61.7289
592 560  0.0702  0.0953 212.8342
624 560  0.0439  0.0561 46.0428
656 560  0.0274  0.1304 54.2818
 16 592 -0.1396 -0.1647 154.5531
 48 592 -0.6438 -0.4199 129.1054
 80 592 -1.3542 -0.2838 108.6262
112 592 -0.4002 -0.2543 40.5792
144 592 -0.9158 -0.7760 112.0775
176 592 -0.9963 -0.7473 44.6500
208 592 -0.8817 -1.3530 276.3145
240 592 -0.8433 -0.9111 227.0968
272 592 -0.2332 -0.4937 20.6765
304 592 -0.5543 -0.8767 18.8747
336 592 -0.2827 -0.6017 76.8582
368 592 -0.1229 -0.7691 167.6952
400 592 -0.0177 -0.4122 56.3207
432 592  0.2790 -0.1953 72.1937
464 592  0.2574 -0.1410 205.0759
496 592  0.1138 -0.1456 179.2867
528 592  0.3292  0.0296 198.5782
560 592  0.1222  0.1274 135.4602
592 592  0.1421  0.1188 59.6202
624 592 -0.0030  0.1387 194.9335
656 592  0.0022  0.1874 144.0123
 16 624  0.0074 -0.0202 28.2395
 48 624 -0.3131 -0.2879 33.6181
 80 624 -0.5654 -0.4942 60.9338
112 624 -0.9426 -0.7513 245.3824
144 624 -0.5171 -0.9761 37.3293
176 624 -0.6736 -1.3176 129.7428
208 624 -0.9460 -0.8427 152.5744
240 624 -0.7719 -0.8468 84.6581
272 624 -0.8317 -0.9711 56.9567
304 624 -0.8774 -1.3827 147.4282
336 624 -0.3077 -1.0036 96.2243
368 624  0.0709 -1.0238 198.5330
400 624  0.2982 -0.9644 47.0565
432 624  0.2906 -0.3381 37.4057
464 624  0.3567 -0.2600 164.0508
496 624  0.5151 -0.0139 112.4140
528 624  0.2189  0.0437 85.0873
560 624  0.3938  0.1136 90.9725
592 624  0.2077  0.1991 57.6997
624 624  0.1398  0.3041 173.5686
656 624 -0.0148  0.2774 212.6351
 16 656 -0.3346 -0.1806 81.5036
 48 656 -0.1347 -0.0844 23.3779
 80 656 -0.7939 -0.3747 225.4516
112 656 -1.2720 -0.6028 233.9316
144 656 -0.8663 -0.7848 146.9434
176 656 -0.5268 -0.3749 100.8566
208 656 -0.8921 -1.0011 233.8891
240 656 -1.2171 -0.9878 142.7587
272 656 -0.8774 -1.1569 253.9486
304 656 -0.3898 -1.3621 140.3950
336 656 -0.3296 -1.2976 25.3593
368 656 -0.0127 -1.7591 39.4842
400 656  0.0966 -0.9693 51.9540
432 656  0.1641 -0.9995 77.5815
464 656  0.5858 -0.6099 220.8512
496 656  0.7628 -0.0490 127.1901
528 656  0.6853  0.2137 104.9036
560 656  0.4462  0.2578 63.6571
592 656  0.3333  0.2732 114.9287
624 656  0.1466  0.5581 130.3547
656 656  0.1029  0.4792 196.4563
 16 688 -0.5336 -0.0386 86.5668
 48 688 -0.3657 -0.1303 12.8958
 80 688 -0.4604 -0.1985 170.5552
112 688 -0.2923 -0.1958 93.7713
144 688 -0.5799 -0.2994 112.0963
176 688 -0.9345 -0.7611 146.4228
208 688 -0.9291 -0.8144 174.3889
240 688 -1.1449 -0.6480 46.2397
272 688 -2.8818 -0.2401 63.0229
304 688 -0.1227 -0.2053 11.4280
336 688 -0.4589 -2.1650 22.9240
368 688 -0.8942 -1.9006 34.4930
400 688 -1.2674 -1.1796 102.6456
432 688 -1.7536 -1.1021 34.8620
464 688 -1.4811 -0.6126 80.6250
496 688 -0.0506 -0.3329 74.0567
528 688  0.2182 -0.0073 64.8425
560 688  0.5842  0.3287 55.3166
592 688  0.2608  0.4550 39.5139
624 688  0.1585  0.4506 108.7644
656 688  0.1577  0.6217 102.3164
 16 720 -0.1151  0.0036 140.4126
 48 720 -0.1921 -0.1093 64.4126
 80 720 -1.1637 -0.3636 113.4988
112 720 -0.3537 -0.3059 16.2637
144 720 -0.4984 -0.9061 26.2762
176 720 -1.1127 -0.6922 47.1379
208 720 -1.1936 -0.8225 72.3097
240 720 -1.2579 -0.8664 73.5190
272 720 -1.0917 -0.3233 55.1919
304 720 -1.7374 -1.8313 12.6150
336 720  0.0907 -0.0487 10.9433
368 720 -1.9216 -1.4043 144.7164
400 720 -3.3223 -0.5138 26.1422
432 720 -2.5429 -1.1544 16.4729
464 720 -2.5572 -1.1986 79.6917
496 720 -1.0380 -0.8176 165.9514
528 720 -0.2664 -0.0349 150.6434
560 720 -0.1135  0.0766 166.7608
592 720  0.2718  0.6218 49.9476
624 720  0.2479  0.9138 35.1419
656 720  0.1089  0.2944 96.5116
 16 752 -0.0397 -0.0993 101.0898
 48 752 -0.0743 -0.0125 268.1516
 80 752 -0.1349 -0.0972 107.0140
112 752 -0.6303 -0.1607 154.1877
144 752 -0.4813 -0.2825 152.4544
176 752 -0.4761 -0.5105 122.0403
208 752 -0.8436 -0.4134 93.8950
240 752 -1.4472 -0.8531 26.5207
272 752 -1.9329 -1.0659 85.5475
304 752 -1.3013 -0.6595 12.5649
336 752 -2.5149 -3.0094 40.5800
368 752 -0.0948  0.1366 63.5220
400 752 -2.1640  0.3049 32.4265
432 752 -3.3581 -0.7817 23.1606
464 752 -1.6170 -0.4539 49.8308
496 752 -1.6405 -1.3657 134.2722
528 752 -1.4643 -1.2028 77.9623
560 752 -0.7643 -0.2651 34.6870
592 752 -0.6151  0.1437 149.3978
624 752  0.0303  0.3785 30.4462
656 752  0.1469  0.2672 20.7514
 16 784 -0.1124 -0.0096 102.7369
 48 784 -0.0669 -0.0602 43.9688
 80 784 -0.1447 -0.1909 40.9742
112 784 -0.5058 -0.0846 167.9421
144 784 -0.3409 -0.0473 201.5514
176 784 -1.3741 -0.6451 79.2706
208 784 -1.0104 -0.2605 50.8983
240 784 -2.2534 -0.7013 56.1493
272 784 -1.9459 -0.9297 47.5999
304 784 -2.2418 -1.9664 144.2055
336 784 -1.1635 -1.1394 13.2740
368 784 -0.2271  0.1353  7.9919
400 784 -0.0830  0.1052  4.1514
432 784 -0.7194  0.3187  6.7467
464 784 -0.3324  0.2360 27.1875
496 784 -0.7687 -0.3560 26.0251
528 784 -1.2321 -0.9975 114.8998
560 784 -1.1109 -0.6197 86.4336
592 784 -0.3754 -0.0526 189.9716
624 784 -0.1105  0.0510 73.6972
656 784  0.0444  0.2587 59.2365
 16 816  0.0042  0.0035 41.5318
 48 816 -0.0698 -0.0232 35.3145
 80 816 -0.0494 -0.0293 32.9181
112 816 -0.2278 -0.0443 181.3407
144 816 -0.4318 -0.0456 85.0380
176 816 -0.0927 -0.0261 17.4173
208 816 -0.8425 -0.1383 62.5434
240 816 -1.2221 -0.2595 51.1070
272 816 -2.0025 -0.8025 35.3318
304 816 -0.9106 -2.3235 17.8639
336 816 -0.0292  0.0227 31.7483
368 816 -0.1914  0.1229  5.8068
464 816 -0.0430  0.0430  4.0474
496 816 -0.1950  0.2012  9.2880
528 816 -1.1846 -1.1874 64.3892
560 816 -0.9763 -0.7285 38.8186
592 816 -0.5479 -0.2573 89.1551
624 816 -0.2572 -0.0853 43.1444
656 816  0.0838 -0.0789 35.0749
 16 848  0.0515  0.0103 91.1298
 48 848 -0.0106 -0.0118 48.9478
 80 848 -0.0100 -0.0267 47.8321
112 848 -0.1132 -0.0051 204.8722
144 848 -0.1553 -0.0109 246.3135
176 848 -0.3065 -0.0146 46.5105
208 848 -0.3210  0.0852 106.8896
240 848 -0.8669  0.0045 77.2370
272 848 -1.6262 -1.4921 27.4801
304 848 -0.0113 -0.1157  9.2099
336 848  0.0354 -0.0515 22.9524
368 848  0.0083  0.0154  4.0394
496 848 -0.0237  0.0313  4.1753
528 848 -0.0705 -0.0262 58.0471
560 848 -0.4399 -0.3479 21.7659
592 848  0.0056 -0.0008 48.8136
624 848 -0.1091 -0.3627 84.0972
656 848  0.0061 -0.0039 38.1133
 16 880  0.0026  0.0137 26.8695
 48 880  0.0416  0.0356 71.2035
 80 880 -0.0057  0.0088 175.5779
112 880 -0.0206  0.0081 124.3167
144 880 -0.0228  0.0624 114.5549
176 880 -0.1009  0.0345 141.7728
208 880 -0.4383  0.1135 53.5163
240 880 -0.9311 -0.2019 176.6872
272 880 -1.5295 -1.4888 112.2283
304 880 -1.3676 -1.8660 20.2535
336 880  0.0053 -0.0890 36.4924
368 880  0.0119 -0.0112  6.3266
528 880 -0.0344  0.0393 14.9782
560 880  0.0181  0.0173 17.7705
592 880  0.0276  0.0409  6.3775
624 880 -0.0569 -0.0119 24.2409
656 880 -0.0301 -0.0142 12.2875
 16 912  0.0256  0.0277 200.3778
 48 912  0.0496  0.0170 40.3199
 80 912  0.0241  0.0430 95.7980
112 912  0.0037  0.0297 176.1378
144 912  0.0150  0.1255 53.2454
176 912  0.0028  0.0699 147.2037
208 912 -0.0520  0.0942 142.9836
240 912 -0.1216  0.1360 186.8291
272 912 -0.5183 -0.2745 32.1373
304 912 -0.7376 -1.6901 14.0965
336 912  0.0426 -0.1548 13.8053
368 912  0.0175 -0.0262 83.3628
400 912  0.0387 -0.0374  5.7738
528 912 -0.0036  0.0072  4.4278
560 912 -0.0319  0.0015  5.8501
592 912  0.0076 -0.0081  4.0837
624 912 -0.0129  0.0018  7.2548
656 912 -0.1221 -0.0174  6.0806
 16 944  0.0598 -0.0070 27.3795
 48 944 -0.0058  0.0099 317.0080
 80 944  0.0390  0.0294 334.6827
112 944  0.0834  0.0010 297.4528
144 944  0.0222  0.0807 163.3730
176 944  0.0517  0.0560 347.9963
208 944 -0.0004  0.2252 93.0746
240 944  0.0140  0.1761 163.8641
272 944  0.0115  0.0045 89.5338
304 944 -0.7789 -1.7831 73.7468
336 944 -1.0974 -2.1512 67.8634
368 944 -0.0910 -0.0741 16.8422
400 944  0.0148  0.0088 35.5848
432 944 -0.0299  0.0447  9.4678
464 944  0.0141  0.0343  7.7615
496 944 -0.0780  0.0035  6.7360
528 944 -0.0276  0.0308  4.1711
624 944 -0.0142 -0.0107  4.6206
656 944 -0.1988 -0.0033  4.4306
 16 976  0.0989  0.0219 24.8573
 48 976  0.0776  0.0646 18.9898
 80 976  0.1594  0.0350 46.6032
112 976  0.0653  0.0340 264.5710
144 976  0.1703  0.0307 46.2661
176 976  0.0756  0.1175 216.5949
208 976  0.1087  0.0583 113.0814
240 976  0.1684  0.0720 68.2796
272 976  0.1613 -0.0338 205.0530
304 976  0.2553 -0.6884 62.1848
336 976 -0.0546 -0.9228 227.7221
368 976 -0.2022 -0.9687 22.4101
400 976 -0.0279 -0.0853 13.1342
432 976 -0.0189 -0.0668 13.9476
464 976 -0.0355 -0.0392 37.1330
496 976 -0.1526 -0.0378  7.7496
528 976 -0.0998 -0.0575  4.7424
 16 1008  0.0368 -0.0164 16.8828
 48 1008  0.2167  0.0442 69.8980
 80 1008  0.0983  0.1050 82.5227
112 1008  0.0433  0.0257 210.2321
144 1008  0.0778  0.0201 290.7234
176 1008  0.1247  0.0366 242.8298
208 1008  0.0841 -0.0635 187.4160
240 1008  0.1372  0.0024 122.9618
272 1008  0.6673  0.0527 232.3063
304 1008  0.4898 -0.1390 17.9348
336 1008  0.0187 -1.0960 127.0170
368 1008  0.0718 -0.9632 26.1626
400 1008  0.0081 -0.3812 14.8880
432 1008 -0.0468 -0.1793 12.6948
464 1008 -0.0847 -0.1319 13.2403
496 1008 -0.0014 -0.0631 24.2291
528 1008 -0.1831 -0.1267 10.6777
560 1008 -0.1208  0.0688  6.1797
 16 1040  0.0769  0.0044 189.4283
 48 1040  0.0649  0.0278 20.8210
 80 1040  0.0691  0.0521 208.4138
112 1040  0.0649  0.0006 98.7216
144 1040  0.3851  0.0450 138.4491
176 1040  0.2391 -0.0100 253.5460
208 1040  0.1160 -0.0568 46.6781
240 1040  0.1958 -0.0499 47.6954
272 1040  0.1845 -0.1862 128.7217
304 1040  0.1384 -0.1116 17.2083
336 1040  0.3060 -0.4077 63.7489
368 1040  0.1125 -0.3887 70.6784
400 1040 -0.0178 -0.0460 14.2147
432 1040  0.0000 -0.0757  9.4062
464 1040 -0.0036 -0.0161 31.4084
496 1040 -0.0224 -0.0172 16.8548
528 1040  0.0053 -0.0120 10.9813
560 1040 -0.0289 -0.0181 11.6309
592 1040 -0.0378 -0.0043  5.3311
 16 1072  0.0971  0.0391 102.2265
 48 1072  0.0276  0.0421 134.4720
 80 1072  0.0946 -0.0170 264.1336
112 1072  0.2586  0.0180 131.7953
144 1072  0.0316 -0.0382 45.6573
176 1072  0.1534 -0.0069 52.2916
208 1072  0.3217 -0.0029 25.9953
240 1072  0.1873 -0.0590 134.5416
272 1072  0.2861 -0.0911 121.8502
304 1072  0.6464 -0.1481 177.7971
336 1072  0.4222 -0.2597 97.5603
368 1072  0.2355 -0.8213 71.3364
400 1072  0.0212 -0.0377 12.2282
432 1072 -0.0059 -0.0072 20.6192
464 1072 -0.0139 -0.0053  9.2776
496 1072  0.0085 -0.0965 12.6486
528 1072 -0.0214 -0.1322 11.2274
560 1072 -0.0400 -0.0235  7.8990
592 1072 -0.0116 -0.0101  9.5300
624 1072 -0.0318 -0.0167  5.1132
656 1072 -0.0629  0.0436  4.4860
 16 1104  0.0867 -0.0076 28.6395
 48 1104  0.1038  0.0117 88.2814
 80 1104  0.0423 -0.0009 72.9569
112 1104  0.0402  0.0185 104.4772
144 1104  0.3402  0.0049 105.2257
176 1104  0.0871  0.0005 72.9344
208 1104  0.0406 -0.0390 246.0239
240 1104  0.1444 -0.0931 116.3217
272 1104  0.3599 -0.1688 85.0552
304 1104  0.1843 -0.1810 165.9042
336 1104  0.1493 -0.1758 227.7349
368 1104  0.4844 -0.0090 69.6844
400 1104  0.0157 -0.0351 24.6162
432 1104 -0.0141 -0.0003 18.0701
464 1104  0.0163 -0.0131 18.9056
496 1104 -0.0162  0.0040 14.1462
528 1104 -0.0164 -0.0244 10.8882
560 1104 -0.0405 -0.0101 13.8121
592 1104 -0.0326 -0.0161  9.9617
624 1104  0.0025  0.0059 10.5928
656 1104 -0.0458  0.0284  8.1052
 16 1136  0.0029 -0.0212 13.5148
 48 1136  0.1825 -0.0442 28.1961
 80 1136  0.1537  0.0377 111.2882
112 1136  0.1071  0.0001 26.5627
144 1136  0.3945 -0.0045 67.0752
176 1136  0.1738  0.0238 156.8490
208 1136  0.2173 -0.0846 53.7146
240 1136  0.2417 -0.0626 150.7561
272 1136  0.1417 -0.1179 72.5879
304 1136  0.1102 -0.1100 18.1668
336 1136  0.1731 -0.1863 151.0861
368 1136  0.1672 -0.1407 202.3733
400 1136 -0.0096 -0.0024 18.5220
432 1136  0.0000  0.0006 12.0218
464 1136  0.0084  0.0144 19.9703
496 1136  0.0517 -0.0062 13.7558
528 1136 -0.0047 -0.0187 14.5273
560 1136  0.0144 -0.0221 10.6028
592 1136 -0.1118  0.0098 12.9616
624 1136  0.0082  0.0019 13.7277
656 1136 -0.0135  0.0015 17.3957
 16 1168  0.0223  0.0069 14.7259
 48 1168  0.0405 -0.0076 19.3872
 80 1168  0.0756 -0.0122 137.2505
112 1168  0.1494 -0.0749 36.3536
144 1168  0.0516  0.0109 199.1819
176 1168  0.1090 -0.0852 100.0599
208 1168  0.2767 -0.0734 61.5447
240 1168  0.1007 -0.1156 54.8772
272 1168  0.2309 -0.1842 72.7006
304 1168  0.0787  0.0401 86.4034
336 1168  0.1030 -0.2429 109.6786
368 1168  0.1017 -0.4277 152.7449
400 1168 -0.0118 -0.0275 13.9837
432 1168  0.0593 -0.0983 13.2964
464 1168  0.0497 -0.3388 53.1543
496 1168  0.0065 -0.0072 13.7856
528 1168 -0.0119 -0.0090 18.7987
560 1168 -0.0006 -0.0009 13.0630
592 1168  0.0034 -0.0169 10.8537
624 1168 -0.0046  0.0085 15.4502
656 1168 -0.0313 -0.0063 12.9109
 16 1200  0.0472 -0.0069 11.1579
 48 1200  0.0558  0.0067 19.1973
 80 1200 -0.0287 -0.0280 14.2176
112 1200  0.0742 -0.0533 83.3627
144 1200  0.0520 -0.0013 30.7739
176 1200  0.0913 -0.0579 139.5125
208 1200  0.0455 -0.0140 32.8313
240 1200  0.5554 -0.0519 97.0293
272 1200  0.2846 -0.1547 45.3090
304 1200  0.0163 -0.1419 67.1164
336 1200  0.1955 -0.1350 117.4041
368 1200  0.0855 -0.0996 100.6085
400 1200 -0.0099 -0.0089 15.2249
432 1200  0.0338 -0.0409 15.9260
464 1200 -0.0055 -0.0531 17.6424
496 1200  0.0137  0.0006 18.8820
528 1200  0.0213  0.0028 22.1315
560 1200  0.0056 -0.0166 14.7891
592 1200 -0.0045 -0.0088 13.9868
624 1200  0.0402 -0.1252 27.5260
656 1200 -0.0085  0.0026 18.4845
  0   0 -0.1263  0.0306  0.0000
  0   0 -0.1651 -0.1741  0.0000
  0   0 -0.1661 -0.3593  0.0000
  0   0 -0.2003 -0.1207  0.0000
  0   0 -0.2137  0.0312  0.0000
  0   0 -0.1810  0.1106  0.0000
  0   0 -0.1584  0.1352  0.0000
  0   0 -0.1565  0.1523  0.0000
  0   0 -0.1190  0.1087  0.0000
  0   0  0.0031  0.0425  0.0000
  0   0  0.0432 -0.0029  0.0000
  0   0  0.0052 -0.0525  0.0000
  0   0  0.0544 -0.0670  0.0000
  0   0  0.0980 -0.0346  0.0000
  0   0  0.2102 -0.0540  0.0000
  0   0  0.4146 -0.0646  0.0000
  0   0  0.7777 -0.1461  0.0000
  0   0  0.5985 -0.2693  0.0000
  0   0  0.2820 -0.3002  0.0000
  0   0  0.2145 -0.2613  0.0000
  0   0  0.0632 -0.1600  0.0000
  0   0 -0.0793 -0.0329  0.0000
  0   0 -0.1029  0.0007  0.0000
