VARIABLES= "X pix", "Y pix", "U pix/dt", "V pix/dt", "CHC", ZONE I=25, J=28
 32  32 -0.0362 -0.0329 29.8657
 48  32 -0.0299 -0.0259 34.0431
 64  32 -0.0203 -0.0168 43.1360
 80  32 -0.0178 -0.0116 39.8505
 96  32 -0.0014 -0.0010 94.9012
112  32 -0.0006 -0.0004 62.9942
128  32 -0.0010 -0.0006 52.5182
144  32 -0.0011 -0.0004 46.0804
160  32 -0.0012  0.0000 65.8375
176  32 -0.0014  0.0000 53.3566
192  32 -0.0019 -0.0067 38.2919
208  32 -0.0016 -0.0050 36.9249
224  32 -0.0014 -0.0046 33.9125
240  32 -0.0031 -0.0065 43.8316
256  32 -0.0011  0.0015 53.9644
272  32 -0.0014 -0.0009 50.4222
288  32 -0.0059 -0.0093 49.3625
304  32 -0.0062 -0.0105 57.2670
320  32 -0.0104 -0.0182 76.4291
336  32 -0.0211 -0.0369 97.3504
352  32 -0.0078 -0.0188 103.0162
368  32 -0.0108 -0.0231 96.4332
384  32 -0.0077 -0.0176 86.2465
400  32 -0.0130 -0.0023 64.4317
416  32 -0.0094  0.0099 38.0560
 32  48 -0.0368 -0.0416 23.6647
 48  48 -0.0485 -0.0502 54.9609
 64  48 -0.0425 -0.0453 51.5432
 80  48 -0.0385 -0.0405 56.9783
 96  48 -0.0136 -0.0129 80.6019
112  48 -0.0042 -0.0030 68.3967
128  48 -0.0043 -0.0026 59.3896
144  48 -0.0045 -0.0006 51.8766
160  48 -0.0050  0.0005 67.9082
176  48 -0.0049  0.0012 59.3542
192  48 -0.0049 -0.0067 48.7373
208  48 -0.0049 -0.0063 52.2649
224  48 -0.0033 -0.0057 51.3445
240  48 -0.0076 -0.0081 66.9620
256  48 -0.0040  0.0024 74.2773
272  48 -0.0037 -0.0007 63.4555
288  48 -0.0083 -0.0099 55.8770
304  48 -0.0063 -0.0119 61.0315
320  48 -0.0076 -0.0189 80.2643
336  48 -0.0111 -0.0289 98.3947
352  48 -0.0012 -0.0138 98.9983
368  48 -0.0053 -0.0166 66.2205
384  48 -0.0114 -0.0093 58.0648
400  48 -0.0224 -0.0014 46.2354
416  48 -0.0023  0.0078 85.1830
 32  64 -0.0448 -0.0514 36.7363
 48  64 -0.0503 -0.0530 75.1952
 64  64 -0.0429 -0.0467 87.4821
 80  64 -0.0388 -0.0423 99.1038
 96  64 -0.0207 -0.0208 100.8388
112  64 -0.0089 -0.0072 92.8431
128  64 -0.0079 -0.0046 80.1662
144  64 -0.0072 -0.0015 67.5312
160  64 -0.0071  0.0010 78.6833
176  64 -0.0072  0.0021 75.6496
192  64 -0.0053  0.0049 72.5497
208  64 -0.0045  0.0072 79.7984
224  64 -0.0025  0.0090 77.3445
240  64 -0.0053  0.0069 82.6291
256  64 -0.0079  0.0049 97.6686
272  64 -0.0098 -0.0059 99.1504
288  64 -0.0084 -0.0093 104.7976
304  64 -0.0020 -0.0148 112.9676
320  64 -0.0028 -0.0163 122.5825
336  64 -0.0012 -0.0149 119.0304
352  64 -0.0038 -0.0138 112.6263
368  64 -0.0083 -0.0122 95.5855
384  64 -0.0033 -0.0028 90.3877
400  64 -0.0071  0.0042 86.3932
416  64 -0.0012  0.0101 112.6509
 32  80 -0.0579 -0.0841 93.4376
 48  80 -0.0568 -0.0612 160.8424
 64  80 -0.0503 -0.0552 148.3215
 80  80 -0.0451 -0.0463 138.5506
 96  80 -0.0372 -0.0352 120.8378
112  80 -0.0204 -0.0176 118.7212
128  80 -0.0198 -0.0122 119.2715
144  80 -0.0163 -0.0032 112.1438
160  80 -0.0138  0.0024 128.3840
176  80 -0.0147  0.0051 123.4654
192  80 -0.0098  0.0092 110.3901
208  80 -0.0084  0.0125 125.6120
224  80 -0.0051  0.0156 110.7299
240  80 -0.0128  0.0056 95.7297
256  80 -0.0142  0.0007 96.8785
272  80 -0.0121 -0.0094 93.5950
288  80 -0.0082 -0.0142 94.8160
304  80  0.0017 -0.0193 105.1011
320  80 -0.0005 -0.0196 102.5212
336  80  0.0002 -0.0186 101.1820
352  80 -0.0027 -0.0166 99.0218
368  80 -0.0044 -0.0154 104.8240
384  80  0.0006 -0.0062 103.8748
400  80 -0.0004 -0.0001 104.9287
416  80  0.0005  0.0078 117.1458
 32  96 -0.0610 -0.1025 114.9331
 48  96 -0.0561 -0.0810 145.8110
 64  96 -0.0525 -0.0763 152.4277
 80  96 -0.0467 -0.0643 152.3719
 96  96 -0.0385 -0.0464 121.1748
112  96 -0.0211 -0.0191 114.3185
128  96 -0.0195 -0.0132 111.1476
144  96 -0.0160 -0.0040 109.1528
160  96 -0.0125  0.0020 125.7599
176  96 -0.0147  0.0048 135.9149
192  96 -0.0124  0.0061 121.6226
208  96 -0.0138  0.0065 124.5737
224  96 -0.0112  0.0089 109.6354
240  96 -0.0146  0.0030 95.0273
256  96 -0.0159 -0.0029 98.6529
272  96 -0.0123 -0.0122 95.1673
288  96 -0.0081 -0.0186 100.5553
304  96  0.0010 -0.0255 100.4239
320  96 -0.0007 -0.0238 93.5404
336  96  0.0016 -0.0224 92.4565
352  96 -0.0002 -0.0191 94.1611
368  96 -0.0010 -0.0161 99.9784
384  96  0.0032 -0.0064 99.4769
400  96 -0.0013  0.0008 103.9321
416  96 -0.0014  0.0091 106.5316
 32 112 -0.0714 -0.1142 104.9902
 48 112 -0.0636 -0.0958 140.9817
 64 112 -0.0589 -0.0873 146.5527
 80 112 -0.0602 -0.0682 158.8703
 96 112 -0.0494 -0.0524 131.4391
112 112 -0.0344 -0.0239 120.7999
128 112 -0.0329 -0.0169 114.8734
144 112 -0.0188 -0.0058 99.5088
160 112 -0.0155  0.0020 106.1549
176 112 -0.0164  0.0046 125.1930
192 112 -0.0127  0.0060 123.7159
208 112 -0.0148  0.0065 132.0439
224 112 -0.0126  0.0038 107.0335
240 112 -0.0159 -0.0007 89.6186
256 112 -0.0170 -0.0102 84.6827
272 112 -0.0119 -0.0197 90.8215
288 112 -0.0063 -0.0253 97.4040
304 112  0.0021 -0.0285 92.1193
320 112  0.0003 -0.0271 87.1234
336 112  0.0022 -0.0296 86.9789
352 112  0.0010 -0.0273 90.8363
368 112  0.0011 -0.0248 100.4462
384 112  0.0052 -0.0171 109.4395
400 112  0.0034 -0.0023 109.5225
416 112 -0.0021  0.0088 109.7785
 32 128 -0.0988 -0.1154 111.8938
 48 128 -0.0806 -0.0978 138.8708
 64 128 -0.0783 -0.0927 148.9516
 80 128 -0.0653 -0.0726 177.8058
 96 128 -0.0596 -0.0607 141.4386
112 128 -0.0529 -0.0341 116.8988
128 128 -0.0517 -0.0274 107.6743
144 128 -0.0333 -0.0134 81.1503
160 128 -0.0297 -0.0014 98.2501
176 128 -0.0254 -0.0001 128.0179
192 128 -0.0221  0.0011 126.7638
208 128 -0.0206  0.0008 131.9919
224 128 -0.0137 -0.0045 121.1454
240 128 -0.0174 -0.0092 102.2573
256 128 -0.0148 -0.0157 94.2524
272 128 -0.0124 -0.0234 94.4738
288 128 -0.0076 -0.0316 96.0706
304 128  0.0033 -0.0378 85.7327
320 128  0.0043 -0.0373 86.3209
336 128  0.0052 -0.0395 89.1505
352 128  0.0094 -0.0377 94.0070
368 128  0.0105 -0.0324 107.2853
384 128  0.0111 -0.0260 114.4524
400 128  0.0031 -0.0095 114.8913
416 128 -0.0046  0.0082 113.8611
 32 144 -0.1231 -0.1442 86.8820
 48 144 -0.1019 -0.1309 128.2033
 64 144 -0.1032 -0.1252 133.1516
 80 144 -0.0815 -0.0924 175.1898
 96 144 -0.0724 -0.0696 152.5551
112 144 -0.0620 -0.0364 130.9816
128 144 -0.0572 -0.0263 119.2606
144 144 -0.0430 -0.0218 90.5248
160 144 -0.0370 -0.0095 106.2031
176 144 -0.0279 -0.0052 132.7632
192 144 -0.0247 -0.0026 126.4974
208 144 -0.0207 -0.0013 133.0645
224 144 -0.0135 -0.0052 119.7448
240 144 -0.0107 -0.0083 105.1687
256 144 -0.0088 -0.0153 104.0461
272 144 -0.0106 -0.0267 96.1788
288 144 -0.0078 -0.0402 95.1049
304 144  0.0000 -0.0466 91.3981
320 144  0.0055 -0.0507 84.4977
336 144  0.0087 -0.0522 90.3162
352 144  0.0146 -0.0493 90.3306
368 144  0.0150 -0.0428 91.9919
384 144  0.0110 -0.0308 106.5731
400 144 -0.0003 -0.0141 106.7579
416 144 -0.0070  0.0051 107.5112
 32 160 -0.1958 -0.1829 75.2104
 48 160 -0.1666 -0.1757 121.0108
 64 160 -0.1544 -0.1641 120.3420
 80 160 -0.1040 -0.1071 149.4650
 96 160 -0.0897 -0.0897 145.6614
112 160 -0.0732 -0.0533 126.7504
128 160 -0.0651 -0.0441 113.5217
144 160 -0.0566 -0.0397 95.8070
160 160 -0.0505 -0.0273 97.2153
176 160 -0.0396 -0.0206 102.3736
192 160 -0.0320 -0.0087 104.7818
208 160 -0.0215 -0.0063 106.5480
224 160 -0.0102 -0.0109 108.1431
240 160 -0.0078 -0.0149 108.0858
256 160 -0.0067 -0.0212 111.4967
272 160 -0.0062 -0.0328 103.5486
288 160 -0.0058 -0.0489 94.5118
304 160  0.0029 -0.0561 92.6709
320 160  0.0082 -0.0636 88.0316
336 160  0.0085 -0.0619 102.2595
352 160  0.0133 -0.0538 101.3873
368 160  0.0119 -0.0456 105.0483
384 160  0.0094 -0.0335 130.7987
400 160 -0.0011 -0.0167 108.3342
416 160 -0.0092  0.0057 94.6366
 32 176 -0.2309 -0.2050 90.3412
 48 176 -0.2116 -0.2046 110.8172
 64 176 -0.2009 -0.1978 115.8019
 80 176 -0.1404 -0.1853 99.9729
 96 176 -0.1125 -0.1409 118.6260
112 176 -0.0921 -0.0935 97.3634
128 176 -0.0734 -0.0671 103.3683
144 176 -0.0637 -0.0507 94.8680
160 176 -0.0539 -0.0324 100.3209
176 176 -0.0438 -0.0272 106.4952
192 176 -0.0375 -0.0170 108.6684
208 176 -0.0263 -0.0131 106.4100
224 176 -0.0136 -0.0139 110.1339
240 176 -0.0084 -0.0155 112.2062
256 176 -0.0071 -0.0214 122.3769
272 176 -0.0065 -0.0362 110.3892
288 176 -0.0076 -0.0551 96.3509
304 176  0.0009 -0.0647 97.9000
320 176  0.0063 -0.0754 90.2379
336 176  0.0102 -0.0712 104.3383
352 176  0.0163 -0.0624 109.2491
368 176  0.0142 -0.0504 104.6675
384 176  0.0126 -0.0294 128.9807
400 176 -0.0022 -0.0172 110.5685
416 176 -0.0163  0.0115 101.1314
 32 192 -0.2672 -0.2264 79.4301
 48 192 -0.2426 -0.2214 103.3371
 64 192 -0.2315 -0.2078 113.0054
 80 192 -0.1713 -0.1751 102.2634
 96 192 -0.1552 -0.1583 102.0508
112 192 -0.1347 -0.1168 83.8222
128 192 -0.0830 -0.0777 110.3251
144 192 -0.0741 -0.0612 108.5287
160 192 -0.0639 -0.0529 106.5493
176 192 -0.0540 -0.0510 107.9533
192 192 -0.0503 -0.0450 100.2791
208 192 -0.0364 -0.0386 92.6182
224 192 -0.0217 -0.0308 98.1207
240 192 -0.0079 -0.0221 93.6720
256 192 -0.0051 -0.0269 89.9302
272 192 -0.0026 -0.0601 84.5678
288 192 -0.0016 -0.1001 85.5821
304 192  0.0013 -0.1319 92.7225
320 192  0.0045 -0.1223 89.1284
336 192  0.0104 -0.1211 100.9917
352 192  0.0086 -0.0956 107.5515
368 192  0.0067 -0.0537 102.3274
384 192  0.0038 -0.0367 117.7558
400 192 -0.0075 -0.0177 98.8785
416 192 -0.0198  0.0068 92.2781
 32 208 -0.2981 -0.2388 87.6717
 48 208 -0.2644 -0.2392 94.8651
 64 208 -0.2550 -0.2330 111.3407
 80 208 -0.2250 -0.2236 95.7857
 96 208 -0.2004 -0.2007 111.3209
112 208 -0.1901 -0.1623 105.0840
128 208 -0.1191 -0.1177 111.0783
144 208 -0.0997 -0.0903 113.0145
160 208 -0.0893 -0.0807 106.4635
176 208 -0.0736 -0.0769 114.0727
192 208 -0.0500 -0.0707 107.1912
208 208 -0.0402 -0.0567 97.7575
224 208 -0.0243 -0.0486 112.3089
240 208 -0.0085 -0.0387 109.3160
256 208 -0.0067 -0.0393 100.0094
272 208 -0.0035 -0.0801 98.4865
288 208 -0.0049 -0.1282 86.9019
304 208 -0.0008 -0.1582 91.8823
320 208  0.0029 -0.1542 89.5227
336 208  0.0088 -0.1461 104.2909
352 208  0.0073 -0.1169 103.1342
368 208  0.0011 -0.0593 100.8645
384 208 -0.0040 -0.0248 113.3395
400 208 -0.0149 -0.0070 93.2585
416 208 -0.0248  0.0156 88.7032
 32 224 -0.3059 -0.2306 89.0907
 48 224 -0.3059 -0.2393 96.2455
 64 224 -0.3014 -0.2304 98.5729
 80 224 -0.3092 -0.2568 91.2037
 96 224 -0.2621 -0.2180 137.7629
112 224 -0.2490 -0.2059 113.4347
128 224 -0.1887 -0.1675 118.1205
144 224 -0.1551 -0.1380 120.5595
160 224 -0.1076 -0.1011 113.4320
176 224 -0.0664 -0.1103 129.3532
192 224 -0.0307 -0.1053 114.7469
208 224 -0.0151 -0.0942 111.8557
224 224 -0.0047 -0.0808 103.6099
240 224  0.0011 -0.0469 82.9659
256 224 -0.0059 -0.0463 78.7148
272 224 -0.0100 -0.0951 85.2571
288 224 -0.0047 -0.1242 81.7283
304 224 -0.0019 -0.1364 95.4799
320 224  0.0018 -0.1366 88.5411
336 224 -0.0112 -0.1120 91.6134
352 224 -0.0230 -0.0845 101.1565
368 224 -0.0275 -0.0465 95.1359
384 224 -0.0314 -0.0231 96.6898
400 224 -0.0334 -0.0002 97.2309
416 224 -0.0366  0.0182 93.8423
 32 240 -0.3007 -0.2134 70.6470
 48 240 -0.3128 -0.2463 80.7826
 64 240 -0.3190 -0.2426 93.2359
 80 240 -0.3281 -0.2646 105.0639
 96 240 -0.2901 -0.2416 118.0465
112 240 -0.2711 -0.2348 111.9364
128 240 -0.2074 -0.1913 108.2404
144 240 -0.1835 -0.1699 121.3891
160 240 -0.0983 -0.1538 94.3713
176 240 -0.0448 -0.1448 107.9056
192 240  0.0027 -0.1446 98.6263
208 240  0.0224 -0.1273 90.6932
224 240  0.0152 -0.0849 94.6771
240 240 -0.0369  0.0091 71.5445
256 240 -0.0957  0.0790 59.5603
272 240 -0.0189  0.0402 51.2940
288 240 -0.0264 -0.0003 43.0422
304 240 -0.0274 -0.0755 47.6409
320 240 -0.0314 -0.1004 54.7900
336 240 -0.0627 -0.1075 63.5631
352 240 -0.0737 -0.0935 83.8443
368 240 -0.0419 -0.0324 91.2124
384 240 -0.0402 -0.0189 97.7209
400 240 -0.0410  0.0041 109.6910
416 240 -0.0418  0.0200 99.8755
 32 256 -0.2524 -0.1850 70.1931
 48 256 -0.2686 -0.2154 80.8544
 64 256 -0.2841 -0.2322 88.4417
 80 256 -0.3128 -0.2578 77.6616
 96 256 -0.2838 -0.2467 110.4175
112 256 -0.2697 -0.2471 98.3714
128 256 -0.2049 -0.2263 94.6313
144 256 -0.1714 -0.2165 100.0841
160 256 -0.1314 -0.2558 75.2224
176 256 -0.0753 -0.2111 69.4622
192 256 -0.0540 -0.1076 89.4042
208 256 -0.0270 -0.0905 77.9689
224 256  0.0461 -0.1822 58.7807
240 256  0.2321 -0.2459 38.5859
256 256  0.5154 -1.0372 34.4496
272 256  0.7186 -1.3361 25.7197
288 256  0.4206 -1.0642 21.7490
304 256  0.2826 -1.0102 21.9071
320 256 -0.0491 -0.3625 21.7725
336 256 -0.1016 -0.2016 24.1016
352 256 -0.1035 -0.1557 35.3621
368 256  0.0360 -0.0255 47.8053
384 256 -0.0719  0.0042 86.7099
400 256 -0.0694  0.0207 109.7061
416 256 -0.0600  0.0322 107.2721
 32 272 -0.1572 -0.1482 56.1509
 48 272 -0.1941 -0.1974 73.8317
 64 272 -0.2237 -0.2242 81.4624
 80 272 -0.2642 -0.2703 73.3419
 96 272 -0.2541 -0.2989 122.3476
112 272 -0.2487 -0.2991 104.3521
128 272 -0.2202 -0.2960 84.4396
144 272 -0.1923 -0.2942 84.2935
160 272 -0.2029 -0.3515 41.8811
176 272 -0.2287 -0.2197 63.8252
192 272 -0.0771 -0.3329 33.1346
208 272  0.0241 -0.4370 30.3895
224 272  0.1199 -0.4699 25.8636
240 272  0.2656 -0.5747 21.2949
256 272  0.3606 -0.7880 20.5579
272 272  0.6028 -1.2033 16.5846
288 272  0.4023 -0.9547 14.2530
304 272  0.2158 -0.8458 14.4593
320 272 -0.0558 -0.3745 14.1326
336 272 -0.1121 -0.1973 13.9745
352 272 -0.0446 -0.2347 16.9984
368 272  0.0985 -0.1035 22.5718
384 272  0.0208 -0.0886 42.5233
400 272  0.0121 -0.0868 59.6597
416 272 -0.1085  0.0637 102.6974
 32 288 -0.0671 -0.0927 66.6532
 48 288 -0.1039 -0.1317 87.5266
 64 288 -0.1179 -0.1598 84.6417
 80 288 -0.1670 -0.2083 85.5534
 96 288 -0.2349 -0.3082 93.5475
112 288 -0.2243 -0.3180 85.7949
128 288 -0.1409 -0.3409 80.8659
144 288 -0.0969 -0.3019 59.3573
160 288 -0.0920 -0.1169 39.4344
176 288 -0.8963 -0.1597 29.9022
192 288 -0.5154 -0.4669 21.5277
208 288 -0.1297 -0.7459 20.9541
224 288  0.0189 -0.6257 21.0741
240 288  0.1248 -0.6056 20.7394
256 288  0.1472 -0.6429 16.9322
272 288  0.1605 -0.5777 13.0344
288 288  0.3419 -0.6961 11.8652
304 288  0.1735 -0.6560 12.4049
320 288 -0.0761 -0.3316 13.2220
336 288 -0.1132 -0.2237 11.2533
352 288 -0.0531 -0.3517 12.3768
368 288  0.1503 -0.1870 14.3672
384 288  0.0210 -0.1347 23.8609
400 288 -0.0036 -0.1391 39.5113
416 288 -0.2078  0.1029 79.5368
 32 304 -0.0492 -0.0856 67.5016
 48 304 -0.0689 -0.1102 84.0609
 64 304 -0.0740 -0.1351 115.7431
 80 304 -0.1205 -0.1820 89.8571
 96 304 -0.2110 -0.3151 87.2566
112 304 -0.1943 -0.3325 73.1018
128 304 -0.1011 -0.3310 59.4336
144 304 -0.0689 -0.2895 38.0287
160 304 -0.0656 -0.0363 29.4348
176 304 -0.9776 -0.1356 19.4059
192 304 -0.4847 -0.1902 15.7476
208 304 -0.4393 -0.2103 15.3105
224 304 -1.0133 -0.4777 16.3483
240 304 -0.4514 -0.6310 17.9414
256 304  0.0806 -1.0217 15.4950
272 304  0.2173 -0.7415 11.8976
288 304  0.2450 -0.6085 11.9874
304 304  0.1444 -0.6203 12.9987
320 304 -0.0827 -0.2899 15.1547
336 304 -0.0710 -0.1179 12.3758
352 304 -0.0333 -0.2219 11.6157
368 304  0.1285 -0.1862 11.8249
384 304  0.0120 -0.1515 15.7943
400 304 -0.0105 -0.1362 24.8647
416 304 -0.1603  0.0319 49.3725
 32 320 -0.0215 -0.0638 55.7489
 48 320 -0.0393 -0.0890 84.8159
 64 320 -0.0447 -0.1142 111.3156
 80 320 -0.0964 -0.1465 101.2669
 96 320 -0.2040 -0.2946 82.3934
112 320 -0.1457 -0.2969 56.2532
128 320 -0.0667 -0.3057 39.0399
144 320 -0.0684 -0.1195 28.3586
160 320 -0.0714 -0.0481 22.1071
176 320 -0.2591 -0.1459 14.4931
192 320 -0.5827 -0.1890 11.7456
208 320 -0.6027 -0.1997 10.9402
224 320 -0.2860 -0.1801 11.9714
240 320  0.0167 -0.0937 15.6439
256 320  0.0455 -0.0240 14.6712
272 320  0.0490 -0.0419 11.5207
288 320  0.0189 -0.0243 11.2418
304 320 -0.0045 -0.0247 11.9894
320 320 -0.0279 -0.0212 13.3266
336 320  0.0041  0.0085 14.4279
352 320  0.0455 -0.0865 14.4506
368 320  0.0524 -0.2636 11.9840
384 320  0.0381 -0.3690 12.5497
400 320  0.0231 -0.3951 16.2931
416 320 -0.1108 -0.2491 30.6837
 32 336 -0.0121 -0.0563 60.9720
 48 336 -0.0186 -0.0631 88.3368
 64 336 -0.0241 -0.0875 123.1572
 80 336 -0.0866 -0.1327 102.4832
 96 336 -0.1542 -0.2036 54.5919
112 336 -0.1149 -0.2244 53.5113
128 336 -0.0569 -0.2316 34.1745
144 336 -0.0942 -0.1662 24.9669
160 336 -0.1075 -0.1301 16.4326
176 336 -0.5550 -0.1228 10.0838
192 336 -0.2986 -0.0868  8.5696
208 336 -0.2021 -0.0406  7.9431
224 336 -0.0951 -0.0221  8.7314
240 336  0.0727  0.0165 10.6930
256 336  0.0345  0.0132 10.5027
272 336  0.0129  0.0091  9.3868
288 336 -0.0039  0.0078  9.1754
304 336 -0.0368 -0.0041  9.8201
320 336 -0.0436 -0.0458 10.5732
336 336 -0.0283 -0.1153 13.2629
352 336 -0.0468 -0.3596 14.5696
368 336  0.0184 -0.8134 14.0329
384 336 -0.0103 -1.1807 12.7448
400 336  0.0256 -0.4880 15.2081
416 336  0.0294 -0.2016 25.1763
 32 352  0.0133 -0.0372 42.4925
 48 352  0.0127 -0.0446 70.4925
 64 352  0.0032 -0.0516 83.2868
 80 352 -0.0713 -0.0905 64.5492
 96 352 -0.1077 -0.1228 50.7086
112 352 -0.0562 -0.4665 55.3402
128 352 -0.1190 -0.6497 26.4438
144 352 -0.1227 -1.0982 18.2630
160 352 -0.0299 -0.8038 12.1088
176 352 -0.2157 -0.3948  8.3312
192 352 -0.1172 -0.1487  7.0361
208 352 -0.0468 -0.0464  6.2452
224 352 -0.0026 -0.0076  6.3267
240 352  0.0488  0.0231  6.9700
256 352  0.0280  0.0290  7.2196
272 352  0.0021  0.0172  6.9912
288 352 -0.0150  0.0097  7.0909
304 352 -0.0364 -0.0036  7.8665
320 352 -0.0371 -0.0427  9.0482
336 352 -0.0204 -0.1023 11.6427
352 352 -0.0480 -0.3573 12.9870
368 352  0.0074 -0.7713 13.3235
384 352  0.0203 -0.3447 13.4694
400 352  0.0137 -0.2497 16.8728
416 352  0.0443 -0.2531 26.2433
 32 368  0.0260 -0.0307 36.3672
 48 368  0.0276 -0.0320 58.9937
 64 368 -0.0319 -0.0674 66.5946
 80 368 -0.0631 -0.0502 76.0570
 96 368 -0.0857 -0.1186 56.1682
112 368 -0.1194 -0.1610 50.7701
128 368 -0.1084 -0.1632 25.7759
144 368 -0.1314 -1.1208 17.9211
160 368 -0.0363 -0.7107 12.3705
176 368 -0.1095 -0.3366  8.9591
192 368 -0.0377 -0.1380  6.9454
208 368  0.0242 -0.0310  5.7182
224 368  0.0399 -0.0059  5.3641
240 368  0.0387  0.0230  5.2264
256 368  0.0279  0.0479  5.3104
272 368 -0.0065  0.0451  5.7244
288 368 -0.0136  0.0278  6.1082
304 368 -0.0183  0.0079  7.2988
320 368 -0.0230 -0.0312  8.8952
336 368 -0.0182 -0.0912 11.5135
352 368 -0.0519 -0.2978 13.4586
368 368 -0.0093 -0.5105 13.6963
384 368 -0.0232 -0.8128 14.7533
400 368 -0.0212 -0.7160 19.4519
416 368 -0.0259 -0.4304 32.7831
 32 384  0.0422 -0.0163 41.5612
 48 384  0.0332 -0.0182 60.3337
 64 384  0.0248 -0.0163 79.5378
 80 384 -0.0417 -0.0250 53.4335
 96 384 -0.0508 -0.0685 52.7273
112 384 -0.1302 -0.2282 55.8325
128 384 -0.0938 -0.4384 30.9199
144 384 -0.1257 -0.8830 20.1126
160 384 -0.2110 -0.4407 14.4362
176 384 -0.0680 -0.2088 10.5536
192 384 -0.0333 -0.0607  7.7667
208 384  0.0278 -0.0218  6.1064
224 384  0.0433 -0.0087  5.1303
240 384  0.0248 -0.0099  4.6082
256 384  0.0153 -0.0024  4.4417
272 384 -0.0114  0.0220  4.7776
288 384 -0.0147  0.0049  5.4622
304 384 -0.0118 -0.0027  7.1577
320 384 -0.0103 -0.0322 10.0281
336 384 -0.0189 -0.0768 14.9228
352 384 -0.0603 -0.1573 20.8817
368 384 -0.0539 -0.3021 22.1695
384 384 -0.0831 -0.3682 27.4107
400 384 -0.0943 -0.3690 38.3402
416 384 -0.0907 -0.3518 54.8318
 32 400  0.0428 -0.0118 38.9054
 48 400  0.0404 -0.0141 60.8326
 64 400  0.0373 -0.0125 72.5189
 80 400  0.0252  0.0153 59.2025
 96 400 -0.0087 -0.0620 63.6379
112 400 -0.1110 -0.2549 59.9092
128 400 -0.3029 -0.5715 39.6183
144 400 -0.2090 -0.3199 32.0641
160 400 -0.2329 -0.2713 23.2712
176 400 -0.0335 -0.1338 16.5338
192 400 -0.0103 -0.0543 11.8392
208 400  0.0258 -0.0270  8.2374
224 400  0.0297 -0.0316  6.3085
240 400  0.0157 -0.0275  5.1911
256 400 -0.0028 -0.0197  4.5965
272 400 -0.0021  0.0038  4.5862
288 400 -0.0049  0.0078  5.0730
304 400 -0.0037  0.0047  6.6406
320 400 -0.0059  0.0070 10.1111
336 400 -0.0113  0.0048 17.4562
352 400 -0.0222  0.0039 27.8936
368 400 -0.0390 -0.0060 34.5347
384 400 -0.0787 -0.0076 39.9826
400 400 -0.0858 -0.0092 48.8145
416 400 -0.1509 -0.0248 32.9003
 32 416  0.0443 -0.0084 35.7172
 48 416  0.0419 -0.0079 48.2284
 64 416  0.0413 -0.0063 57.2160
 80 416  0.0481  0.0109 67.0038
 96 416  0.0617 -0.0328 61.4548
112 416  0.0733 -0.1221 68.6420
128 416  0.0767 -0.1301 55.4505
144 416  0.0645 -0.1539 42.7275
160 416  0.0092 -0.1077 37.7014
176 416  0.0039 -0.0034 27.6293
192 416  0.0146 -0.0112 17.3500
208 416  0.0226 -0.0178 11.4624
224 416  0.0270 -0.0261  9.0130
240 416  0.0187 -0.0323  7.0240
256 416  0.0051 -0.0165  5.9089
272 416 -0.0078  0.0213  5.6194
288 416 -0.0071  0.0313  5.9166
304 416 -0.0012  0.0203  6.9080
320 416 -0.0028  0.0141  8.5310
336 416 -0.0028  0.0050 10.6121
352 416 -0.0031  0.0060 11.8361
368 416 -0.0069  0.0103 13.1303
384 416 -0.0069  0.0164 14.8308
400 416 -0.0126  0.0195 16.1036
416 416 -0.0149  0.0141 18.8702
 32 432  0.0374 -0.0071 28.8420
 48 432  0.0443 -0.0117 46.7721
 64 432  0.0463 -0.0123 46.9632
 80 432  0.0696 -0.0263 53.0118
 96 432  0.1091 -0.0526 53.8226
112 432  0.2294 -0.0796 74.8821
128 432  0.2292 -0.0872 61.0776
144 432  0.2182 -0.0902 50.7670
160 432  0.0778 -0.0250 50.3920
176 432  0.0019  0.0551 31.1434
192 432  0.0083  0.0251 19.8531
208 432  0.0175 -0.0032 14.6963
224 432  0.0135 -0.0079 12.5144
240 432  0.0107 -0.0117 10.1458
256 432  0.0018 -0.0052  8.1943
272 432 -0.0086  0.0201  7.4710
288 432 -0.0093  0.0314  7.4806
304 432 -0.0043  0.0281  8.2217
320 432 -0.0056  0.0200  9.3787
336 432  0.0068 -0.0163 10.5570
352 432  0.0088 -0.0358 10.1203
368 432  0.0086 -0.0411  9.5479
384 432  0.0151 -0.0228  9.1228
400 432  0.0028  0.0015  8.8928
416 432  0.0012  0.0056  9.3381
 32 448  0.0372 -0.0051 20.5264
 48 448  0.0411 -0.0093 28.6803
 64 448  0.0437 -0.0112 31.9712
 80 448  0.0590 -0.0263 38.7041
 96 448  0.0816 -0.0605 45.5566
112 448  0.0893 -0.0742 56.6796
128 448  0.0944 -0.0848 64.1928
144 448  0.0866 -0.0849 63.4613
160 448  0.0101 -0.0080 82.0444
176 448  0.0002  0.0022 58.6530
192 448 -0.0033  0.0033 25.3211
208 448  0.0101  0.0015 18.8692
224 448  0.0059  0.0001 16.8890
240 448  0.0067  0.0005 14.9973
256 448  0.0011  0.0045 12.0706
272 448 -0.0090  0.0143 10.4045
288 448 -0.0141  0.0279  9.3050
304 448 -0.0073  0.0229  9.3300
320 448 -0.0090  0.0180  9.7288
336 448  0.0065 -0.0188 10.4507
352 448  0.0090 -0.0361 10.1810
368 448  0.0085 -0.0428  9.7014
384 448  0.0203 -0.0421  9.0940
400 448  0.0097 -0.0282  8.4776
416 448  0.0111 -0.0299  8.3068
 32 464  0.0334 -0.0065 22.0902
 48 464  0.0354 -0.0124 26.2047
 64 464  0.0385 -0.0142 24.1834
 80 464  0.0458 -0.0206 24.3573
 96 464  0.0487 -0.0436 26.8846
112 464  0.0587 -0.0594 36.3828
128 464  0.0683 -0.0740 51.9425
144 464  0.0748 -0.0873 72.8572
160 464  0.0738 -0.0864 65.2643
176 464  0.0410 -0.0906 33.3211
192 464  0.0070  0.0223 40.6601
208 464  0.0186  0.0085 26.3812
224 464  0.0215  0.0070 19.5736
240 464  0.0141  0.0092 17.6943
256 464  0.0003  0.0065 17.7539
272 464 -0.0067  0.0113 16.2438
288 464 -0.0211  0.0078 13.9686
304 464 -0.0109  0.0022 13.8706
320 464 -0.0048 -0.0062 13.9384
336 464  0.0108 -0.0275 14.0346
352 464  0.0194 -0.0322 12.4788
368 464  0.0178 -0.0425 10.6933
384 464  0.0202 -0.0402  9.4995
400 464  0.0105 -0.0332  8.7989
416 464  0.0106 -0.0310  8.4406
