VARIABLES= "X pix", "Y pix", "U pix/dt", "V pix/dt", "CHC", ZONE I=25, J=28
 32  32 -0.0198 -0.0471 30.7324
 48  32 -0.0205 -0.0404 34.1069
 64  32 -0.0162 -0.0331 43.9959
 80  32 -0.0211 -0.0276 39.8018
 96  32 -0.0014 -0.0010 96.3769
112  32 -0.0005 -0.0004 63.2187
128  32 -0.0004 -0.0005 52.4699
144  32 -0.0005 -0.0006 46.0061
160  32 -0.0004 -0.0006 65.8465
176  32 -0.0005 -0.0006 53.3805
192  32 -0.0019  0.0019 38.6814
208  32 -0.0005  0.0012 36.8344
224  32 -0.0005  0.0010 33.8357
240  32 -0.0005  0.0009 44.0789
256  32 -0.0006 -0.0020 53.8022
272  32 -0.0005 -0.0012 50.6522
288  32 -0.0090  0.0026 47.7114
304  32 -0.0106  0.0028 55.0251
320  32 -0.0195  0.0043 71.9254
336  32 -0.0459  0.0085 86.9687
352  32 -0.0009 -0.0145 105.8262
368  32 -0.0007 -0.0115 99.9758
384  32  0.0027 -0.0063 89.9025
400  32 -0.0025 -0.0027 63.9996
416  32 -0.0041  0.0106 36.4309
 32  48 -0.0271 -0.0486 25.0312
 48  48 -0.0257 -0.0568 55.6324
 64  48 -0.0242 -0.0548 52.8248
 80  48 -0.0261 -0.0515 51.4104
 96  48 -0.0112 -0.0144 83.6717
112  48 -0.0062 -0.0042 69.7554
128  48 -0.0043 -0.0026 60.0188
144  48 -0.0036 -0.0012 51.0253
160  48 -0.0041 -0.0004 68.4695
176  48 -0.0039 -0.0002 59.6902
192  48 -0.0054  0.0030 49.0865
208  48 -0.0024  0.0026 52.6155
224  48 -0.0013  0.0022 51.1660
240  48 -0.0026  0.0018 68.9945
256  48 -0.0026 -0.0032 73.8683
272  48 -0.0025 -0.0023 63.4792
288  48 -0.0110  0.0027 53.6017
304  48 -0.0107  0.0005 58.5140
320  48 -0.0158 -0.0010 75.9713
336  48 -0.0247 -0.0018 91.7358
352  48  0.0003 -0.0185 102.5907
368  48 -0.0011 -0.0141 69.8254
384  48  0.0003 -0.0081 63.4211
400  48 -0.0060 -0.0054 50.4465
416  48 -0.0098  0.0127 102.8854
 32  64 -0.0412 -0.0576 39.3686
 48  64 -0.0294 -0.0574 76.0676
 64  64 -0.0322 -0.0587 69.8610
 80  64 -0.0340 -0.0569 107.1149
 96  64 -0.0220 -0.0255 105.0404
112  64 -0.0162 -0.0125 95.6995
128  64 -0.0097 -0.0063 81.3511
144  64 -0.0074 -0.0037 66.9103
160  64 -0.0062 -0.0022 78.8964
176  64 -0.0067 -0.0005 75.2404
192  64 -0.0072  0.0008 73.3806
208  64 -0.0065 -0.0003 79.4343
224  64 -0.0053 -0.0011 77.0312
240  64 -0.0062 -0.0026 80.7444
256  64 -0.0069 -0.0059 92.1988
272  64 -0.0079 -0.0138 101.9070
288  64 -0.0063 -0.0156 110.9966
304  64 -0.0009 -0.0253 106.1222
320  64 -0.0025 -0.0258 127.6459
336  64 -0.0007 -0.0216 124.7430
352  64  0.0009 -0.0217 115.9459
368  64 -0.0013 -0.0159 100.4163
384  64 -0.0017 -0.0061 111.5007
400  64 -0.0042 -0.0012 93.4832
416  64 -0.0116  0.0092 117.7683
 32  80 -0.0656 -0.0785 93.3767
 48  80 -0.0495 -0.0698 139.9369
 64  80 -0.0484 -0.0681 144.7952
 80  80 -0.0456 -0.0628 143.7925
 96  80 -0.0406 -0.0440 126.2150
112  80 -0.0315 -0.0262 125.9631
128  80 -0.0233 -0.0162 123.7359
144  80 -0.0185 -0.0076 110.4128
160  80 -0.0146 -0.0037 130.0883
176  80 -0.0151 -0.0009 123.8660
192  80 -0.0142  0.0015 113.9059
208  80 -0.0122 -0.0009 125.5692
224  80 -0.0111 -0.0018 109.7033
240  80 -0.0083 -0.0113 97.2697
256  80 -0.0083 -0.0149 94.0922
272  80 -0.0070 -0.0218 95.4130
288  80 -0.0047 -0.0246 97.3300
304  80 -0.0013 -0.0305 107.2688
320  80  0.0003 -0.0303 102.1836
336  80  0.0014 -0.0285 101.5973
352  80  0.0029 -0.0260 102.2897
368  80  0.0017 -0.0194 109.9931
384  80 -0.0011 -0.0098 112.0876
400  80 -0.0033 -0.0021 107.6827
416  80 -0.0109  0.0064 122.1508
 32  96 -0.0884 -0.0936 115.7393
 48  96 -0.0628 -0.0730 146.0780
 64  96 -0.0577 -0.0701 142.0524
 80  96 -0.0517 -0.0645 147.4929
 96  96 -0.0447 -0.0467 126.0632
112  96 -0.0343 -0.0268 119.9119
128  96 -0.0307 -0.0191 115.0612
144  96 -0.0235 -0.0086 108.3553
160  96 -0.0184 -0.0038 127.6102
176  96 -0.0214 -0.0001 131.7806
192  96 -0.0185  0.0006 117.4098
208  96 -0.0163  0.0000 121.3404
224  96 -0.0152 -0.0008 107.6711
240  96 -0.0080 -0.0102 98.0891
256  96 -0.0084 -0.0141 93.0982
272  96 -0.0102 -0.0252 97.9102
288  96 -0.0067 -0.0276 99.9015
304  96 -0.0026 -0.0330 99.0765
320  96  0.0010 -0.0345 93.3156
336  96  0.0042 -0.0339 94.5571
352  96  0.0060 -0.0318 93.4353
368  96  0.0045 -0.0260 104.3922
384  96 -0.0013 -0.0111 111.5607
400  96 -0.0036 -0.0012 111.4030
416  96 -0.0091  0.0091 109.8409
 32 112 -0.1034 -0.1010 105.0124
 48 112 -0.0848 -0.0801 138.8337
 64 112 -0.0760 -0.0753 141.8330
 80 112 -0.0714 -0.0719 158.8282
 96 112 -0.0606 -0.0575 126.4932
112 112 -0.0414 -0.0412 116.6055
128 112 -0.0378 -0.0338 109.2990
144 112 -0.0270 -0.0165 99.9704
160 112 -0.0214 -0.0114 102.3264
176 112 -0.0261 -0.0024 117.6204
192 112 -0.0204 -0.0006 126.2798
208 112 -0.0176 -0.0012 133.2227
224 112 -0.0160 -0.0019 110.5295
240 112 -0.0077 -0.0153 90.9089
256 112 -0.0083 -0.0233 87.2565
272 112 -0.0100 -0.0338 91.8120
288 112 -0.0059 -0.0347 100.7434
304 112 -0.0030 -0.0334 90.7902
320 112  0.0016 -0.0359 87.3168
336 112  0.0048 -0.0366 86.5289
352 112  0.0072 -0.0348 92.8151
368 112  0.0071 -0.0323 103.4719
384 112  0.0006 -0.0189 113.0325
400 112 -0.0015 -0.0051 114.2245
416 112 -0.0085  0.0061 112.6595
 32 128 -0.1263 -0.1207 105.9509
 48 128 -0.0992 -0.0935 141.3847
 64 128 -0.0850 -0.0871 147.6050
 80 128 -0.0740 -0.0726 176.6660
 96 128 -0.0666 -0.0629 142.7437
112 128 -0.0527 -0.0521 118.9660
128 128 -0.0521 -0.0491 108.0340
144 128 -0.0396 -0.0244 82.6091
160 128 -0.0295 -0.0118 99.0234
176 128 -0.0311 -0.0060 121.5661
192 128 -0.0274 -0.0042 124.2150
208 128 -0.0216 -0.0061 127.6364
224 128 -0.0179 -0.0118 126.7624
240 128 -0.0077 -0.0227 107.0643
256 128 -0.0072 -0.0286 97.3401
272 128 -0.0103 -0.0356 94.8741
288 128 -0.0048 -0.0402 91.7113
304 128 -0.0051 -0.0411 85.4898
320 128  0.0022 -0.0432 84.8014
336 128  0.0046 -0.0466 87.5980
352 128  0.0048 -0.0452 93.1476
368 128  0.0073 -0.0415 106.7560
384 128  0.0022 -0.0319 117.1731
400 128  0.0002 -0.0123 113.5725
416 128 -0.0057  0.0068 115.4925
 32 144 -0.1463 -0.1478 97.0934
 48 144 -0.1137 -0.1110 140.9248
 64 144 -0.0960 -0.1066 128.9818
 80 144 -0.0807 -0.0839 165.1550
 96 144 -0.0719 -0.0682 162.9342
112 144 -0.0615 -0.0580 128.6084
128 144 -0.0580 -0.0503 114.9263
144 144 -0.0500 -0.0348 90.9622
160 144 -0.0369 -0.0203 99.9153
176 144 -0.0328 -0.0127 125.4704
192 144 -0.0296 -0.0079 123.6935
208 144 -0.0212 -0.0069 128.8533
224 144 -0.0177 -0.0118 126.3099
240 144 -0.0094 -0.0157 110.2596
256 144 -0.0083 -0.0242 107.2720
272 144 -0.0137 -0.0357 98.5330
288 144 -0.0079 -0.0442 95.1712
304 144 -0.0072 -0.0448 88.8861
320 144  0.0006 -0.0530 85.7222
336 144  0.0051 -0.0548 91.7470
352 144  0.0042 -0.0549 91.8142
368 144  0.0082 -0.0545 92.9429
384 144  0.0025 -0.0373 107.2627
400 144  0.0003 -0.0184 104.1486
416 144 -0.0051  0.0065 110.2492
 32 160 -0.1949 -0.2000 83.6755
 48 160 -0.1623 -0.1747 129.2958
 64 160 -0.1394 -0.1624 113.6668
 80 160 -0.1040 -0.1059 135.2458
 96 160 -0.0915 -0.0918 137.8847
112 160 -0.0698 -0.0691 124.1701
128 160 -0.0608 -0.0589 101.5887
144 160 -0.0531 -0.0468 92.6886
160 160 -0.0424 -0.0337 94.7284
176 160 -0.0335 -0.0291 100.0887
192 160 -0.0286 -0.0184 106.3616
208 160 -0.0194 -0.0166 107.9850
224 160 -0.0151 -0.0236 107.5692
240 160 -0.0126 -0.0279 107.7213
256 160 -0.0108 -0.0355 111.0207
272 160 -0.0105 -0.0449 100.9161
288 160 -0.0062 -0.0558 96.0350
304 160 -0.0068 -0.0558 93.8123
320 160  0.0011 -0.0620 85.8180
336 160  0.0031 -0.0616 101.1458
352 160  0.0022 -0.0579 99.8989
368 160  0.0065 -0.0526 105.6751
384 160  0.0031 -0.0397 126.1869
400 160 -0.0007 -0.0247 108.3872
416 160 -0.0067  0.0011 95.0489
 32 176 -0.2204 -0.2382 89.9396
 48 176 -0.2137 -0.2313 125.1221
 64 176 -0.1976 -0.2215 113.7796
 80 176 -0.1617 -0.1645 86.6290
 96 176 -0.1246 -0.1255 116.8157
112 176 -0.0981 -0.0868 101.2473
128 176 -0.0746 -0.0681 100.6439
144 176 -0.0633 -0.0575 93.5558
160 176 -0.0498 -0.0391 92.9924
176 176 -0.0372 -0.0296 104.1180
192 176 -0.0321 -0.0204 103.7066
208 176 -0.0204 -0.0141 107.9775
224 176 -0.0165 -0.0223 113.8914
240 176 -0.0135 -0.0316 114.9814
256 176 -0.0119 -0.0395 113.1605
272 176 -0.0114 -0.0515 106.1896
288 176 -0.0092 -0.0642 97.1890
304 176 -0.0124 -0.0691 99.1304
320 176 -0.0032 -0.0763 85.1427
336 176  0.0004 -0.0774 105.2793
352 176  0.0007 -0.0734 105.8308
368 176  0.0054 -0.0609 105.3969
384 176  0.0025 -0.0418 118.9418
400 176 -0.0022 -0.0293 113.0953
416 176 -0.0131  0.0059 97.5125
 32 192 -0.2577 -0.2547 91.5680
 48 192 -0.2419 -0.2374 118.8997
 64 192 -0.2296 -0.2227 124.9549
 80 192 -0.1829 -0.1603 102.1148
 96 192 -0.1578 -0.1431 101.8294
112 192 -0.1316 -0.1129 87.6415
128 192 -0.0854 -0.0815 105.9028
144 192 -0.0717 -0.0676 100.3081
160 192 -0.0646 -0.0589 105.1832
176 192 -0.0542 -0.0538 105.2462
192 192 -0.0512 -0.0462 102.4307
208 192 -0.0343 -0.0389 95.6597
224 192 -0.0257 -0.0377 92.1691
240 192 -0.0133 -0.0433 88.2723
256 192 -0.0116 -0.0507 95.7871
272 192 -0.0104 -0.0722 86.9958
288 192 -0.0077 -0.0974 88.6453
304 192 -0.0028 -0.1225 95.6246
320 192  0.0036 -0.1166 84.3123
336 192  0.0068 -0.1195 103.1991
352 192  0.0049 -0.1019 108.3836
368 192  0.0040 -0.0625 94.1225
384 192 -0.0014 -0.0493 119.7521
400 192 -0.0116 -0.0314 99.6432
416 192 -0.0231 -0.0032 93.1635
 32 208 -0.2814 -0.2642 101.9251
 48 208 -0.2580 -0.2562 110.7662
 64 208 -0.2472 -0.2467 126.0621
 80 208 -0.2405 -0.2152 94.8359
 96 208 -0.2092 -0.1917 98.4795
112 208 -0.1984 -0.1619 106.3748
128 208 -0.1287 -0.1313 111.2769
144 208 -0.1046 -0.1025 117.5654
160 208 -0.0951 -0.0916 99.2798
176 208 -0.0749 -0.0790 112.5968
192 208 -0.0422 -0.0580 109.8761
208 208 -0.0278 -0.0486 106.4216
224 208 -0.0220 -0.0465 106.2866
240 208 -0.0128 -0.0501 107.3627
256 208 -0.0170 -0.0538 109.4084
272 208 -0.0129 -0.0839 103.7018
288 208 -0.0037 -0.1183 94.7069
304 208  0.0011 -0.1402 98.5807
320 208  0.0022 -0.1343 93.0177
336 208  0.0039 -0.1297 99.9196
352 208  0.0008 -0.1125 107.2785
368 208 -0.0053 -0.0598 103.7507
384 208 -0.0107 -0.0333 111.9917
400 208 -0.0228 -0.0184 97.3749
416 208 -0.0301  0.0056 92.1856
 32 224 -0.2943 -0.2574 106.4893
 48 224 -0.2877 -0.2647 104.6299
 64 224 -0.2810 -0.2574 117.3630
 80 224 -0.2944 -0.2520 85.6076
 96 224 -0.2784 -0.2611 132.8318
112 224 -0.2773 -0.2453 106.9928
128 224 -0.1985 -0.2034 125.3887
144 224 -0.1645 -0.1661 104.0548
160 224 -0.1164 -0.1174 120.5841
176 224 -0.0705 -0.1158 130.6937
192 224 -0.0253 -0.0924 118.6589
208 224 -0.0039 -0.0822 109.8867
224 224 -0.0018 -0.0656 99.9760
240 224 -0.0028 -0.0363 87.8133
256 224 -0.0243 -0.0430 81.3701
272 224 -0.0204 -0.0857 83.0833
288 224 -0.0030 -0.1180 79.4123
304 224 -0.0005 -0.1280 85.7311
320 224  0.0003 -0.1155 86.0258
336 224 -0.0130 -0.0888 90.7144
352 224 -0.0285 -0.0563 106.3192
368 224 -0.0371 -0.0218 90.3086
384 224 -0.0375 -0.0066 102.5135
400 224 -0.0450  0.0116 103.5053
416 224 -0.0473  0.0225 99.0133
 32 240 -0.3034 -0.2327 85.0418
 48 240 -0.3039 -0.2565 84.5775
 64 240 -0.2972 -0.2560 89.7401
 80 240 -0.3087 -0.2690 111.4420
 96 240 -0.3094 -0.2972 109.6004
112 240 -0.3071 -0.2889 101.7720
128 240 -0.2206 -0.2329 92.0628
144 240 -0.2094 -0.2114 103.9525
160 240 -0.1074 -0.1794 102.4041
176 240 -0.0467 -0.1689 110.1055
192 240  0.0138 -0.1494 91.2042
208 240  0.0350 -0.1379 89.2735
224 240  0.0468 -0.1054 89.9711
240 240 -0.0360 -0.0190 77.4520
256 240 -0.0274 -0.1965 95.1011
272 240  0.0486 -0.2099 78.9552
288 240  0.0526 -0.1878 63.4538
304 240  0.0237 -0.2036 57.9495
320 240  0.0050 -0.1274 58.6108
336 240 -0.0378 -0.0730 57.9365
352 240 -0.0744 -0.0686 81.2922
368 240 -0.0496 -0.0035 86.6806
384 240 -0.0450  0.0005 102.6500
400 240 -0.0525  0.0180 115.6865
416 240 -0.0560  0.0265 98.8692
 32 256 -0.2619 -0.1867 66.6210
 48 256 -0.2794 -0.2215 90.4371
 64 256 -0.2889 -0.2408 94.2876
 80 256 -0.3137 -0.2587 89.9110
 96 256 -0.3179 -0.2950 107.6147
112 256 -0.3079 -0.2864 75.2659
128 256 -0.2251 -0.2529 86.8728
144 256 -0.2071 -0.2524 85.2269
160 256  0.0000  0.0000 68.3495
176 256  0.0000  0.0000 86.9343
192 256 -0.1379 -0.1819 81.5959
208 256 -0.1017 -0.1667 81.3371
224 256 -0.0271 -0.1555 62.3294
240 256  0.1197 -0.2333 38.0694
256 256  0.0000  0.0000 34.1938
272 256  0.0000  0.0000 26.5193
288 256  0.4970 -0.9245 21.9884
304 256  0.4168 -0.7273 23.1695
320 256 -0.0110 -0.2383 22.6871
336 256 -0.0446 -0.0878 22.6417
352 256 -0.0941 -0.0526 32.1324
368 256 -0.0256  0.0029 45.2893
384 256 -0.0603  0.0278 79.8718
400 256 -0.0738  0.0392 105.5743
416 256 -0.0718  0.0447 115.5020
 32 272 -0.1817 -0.1485 65.0898
 48 272 -0.2045 -0.1848 75.2085
 64 272 -0.2215 -0.2067 79.3579
 80 272 -0.2594 -0.2658 84.5160
 96 272 -0.2800 -0.3112 118.0390
112 272 -0.2836 -0.3115 81.7874
128 272 -0.2537 -0.3045 81.2289
144 272 -0.2246 -0.2978 72.3968
160 272 -0.0919 -0.2042 46.8436
176 272 -0.4296 -0.3103 48.0898
192 272  0.0000  0.0000 31.2596
208 272  0.0000  0.0000 30.7963
224 272  0.0000  0.0000 29.0772
240 272  0.0000  0.0000 24.0943
256 272  0.0000  0.0000 22.2841
272 272  0.5692 -1.1162 17.1049
288 272  0.4404 -0.7514 14.6810
304 272  0.3002 -0.5415 14.9739
320 272 -0.0260 -0.2228 14.5446
336 272 -0.0633 -0.0604 13.5945
352 272 -0.0795 -0.0879 15.6891
368 272  0.0008 -0.0084 20.5880
384 272 -0.0342 -0.0026 36.5804
400 272 -0.0467  0.0059 52.2596
416 272 -0.1181  0.0685 96.3992
 32 288 -0.0765 -0.0991 76.6046
 48 288 -0.1024 -0.1300 81.6247
 64 288 -0.1091 -0.1683 101.2313
 80 288 -0.1620 -0.2134 77.7993
 96 288 -0.2463 -0.2986 83.2347
112 288 -0.2526 -0.3070 73.0478
128 288 -0.1794 -0.3486 77.0222
144 288 -0.1374 -0.2857 53.4981
160 288 -0.1871 -0.0477 35.6925
176 288 -1.0155 -0.1905 26.0699
192 288  0.0000  0.0000 20.9381
208 288  0.0000  0.0000 21.4412
224 288 -0.9952 -0.6408 23.7254
240 288  0.0000  0.0000 23.3544
256 288  0.0000  0.0000 18.3739
272 288  0.0000  0.0000 13.7334
288 288  0.2618 -0.4506 12.6601
304 288  0.1116 -0.4005 13.3313
320 288 -0.0337 -0.1871 14.3378
336 288 -0.0618 -0.0750 11.6413
352 288 -0.1001 -0.1344 11.4585
368 288  0.0113 -0.0320 13.2701
384 288 -0.0770  0.0004 21.2383
400 288 -0.0894  0.0035 34.9414
416 288 -0.1989  0.0891 72.1752
 32 304 -0.0606 -0.0909 75.6183
 48 304 -0.0714 -0.1056 97.3851
 64 304 -0.0749 -0.1432 137.8809
 80 304 -0.1248 -0.1874 105.3637
 96 304 -0.2190 -0.2961 90.2101
112 304 -0.2085 -0.3091 64.0523
128 304 -0.1205 -0.3065 49.4090
144 304 -0.1038 -0.2808 31.4087
160 304 -0.1441 -0.0400 27.9213
176 304  0.0000  0.0000 18.5084
192 304  0.0000  0.0000 16.1233
208 304  0.0000  0.0000 15.9170
224 304 -0.6176 -0.3659 18.8893
240 304  0.0580 -0.2339 21.4569
256 304  0.1404 -0.1780 16.9857
272 304  0.1788 -0.2179 13.1810
288 304  0.1867 -0.2121 13.0983
304 304  0.1091 -0.1967 14.5117
320 304 -0.0354 -0.1130 16.4576
336 304 -0.0326 -0.0306 13.5010
352 304 -0.0554 -0.0636 11.6075
368 304 -0.0063 -0.1052 11.7744
384 304 -0.0858 -0.0884 14.7745
400 304 -0.1099 -0.0845 21.9787
416 304 -0.1275 -0.0497 48.6598
 32 320 -0.0355 -0.0769 62.4452
 48 320 -0.0449 -0.0905 82.0479
 64 320 -0.0514 -0.1305 134.0861
 80 320 -0.0875 -0.1542 92.2128
 96 320 -0.2194 -0.2851 65.8038
112 320 -0.1437 -0.2981 55.4073
128 320 -0.0619 -0.3292 35.0617
144 320 -0.0661 -0.1404 25.5050
160 320 -0.1278 -0.0772 20.4931
176 320  0.0000  0.0000 13.6945
192 320 -0.5109 -0.1668 11.7869
208 320 -0.4746 -0.1235 11.0796
224 320 -0.2108 -0.1253 13.1137
240 320  0.0703 -0.0518 17.5729
256 320  0.0420 -0.0196 15.5002
272 320  0.0536 -0.0294 12.2451
288 320  0.0368 -0.0238 11.8973
304 320  0.0198 -0.0130 12.7997
320 320  0.0094 -0.0157 14.1169
336 320 -0.0099 -0.0082 14.7329
352 320 -0.0001 -0.0535 15.0441
368 320  0.0141 -0.1754 12.4040
384 320 -0.0483 -0.2102 12.4096
400 320 -0.0656 -0.2250 15.7298
416 320 -0.0741 -0.1843 29.7831
 32 336 -0.0217 -0.0692 66.3570
 48 336 -0.0259 -0.0701 80.3632
 64 336 -0.0361 -0.1154 145.4721
 80 336 -0.1056 -0.1373 91.5196
 96 336 -0.1904 -0.1978 49.2126
112 336 -0.1735 -0.1917 69.6092
128 336 -0.1191 -0.2024 31.2256
144 336 -0.1271 -0.1672 21.4555
160 336 -0.1660 -0.1455 14.1131
176 336 -0.4465 -0.1321  9.5727
192 336 -0.2516 -0.0882  8.3766
208 336 -0.1796 -0.0526  7.9284
224 336 -0.0673 -0.0295  9.0896
240 336  0.0824 -0.0183 10.7532
256 336  0.0333 -0.0195 10.5583
272 336  0.0387 -0.0271  9.5388
288 336  0.0312 -0.0294  9.3669
304 336  0.0169 -0.0260 10.0833
320 336  0.0179 -0.0619 10.9859
336 336 -0.0182 -0.1184 13.6655
352 336 -0.0213 -0.3274 15.2690
368 336  0.0254 -0.7582 14.5486
384 336 -0.0259 -1.1365 13.6753
400 336  0.0000  0.0000 16.2133
416 336  0.0000  0.0000 27.0006
 32 352  0.0112 -0.0384 35.1560
 48 352  0.0052 -0.0426 72.4114
 64 352 -0.0061 -0.0529 62.2754
 80 352 -0.1029 -0.0909 64.5338
 96 352 -0.1217 -0.3361 68.9879
112 352  0.0000  0.0000 49.1075
128 352  0.0000  0.0000 24.1840
144 352 -0.1302 -1.1342 17.0819
160 352 -0.0578 -0.8432 11.2070
176 352 -0.1979 -0.4000  8.1112
192 352 -0.1314 -0.1768  6.8787
208 352 -0.0761 -0.0819  6.2007
224 352 -0.0148 -0.0378  6.4194
240 352  0.0525 -0.0260  6.9810
256 352  0.0261 -0.0221  7.2131
272 352  0.0297 -0.0263  7.0405
288 352  0.0257 -0.0254  7.1935
304 352  0.0086 -0.0143  8.0767
320 352  0.0119 -0.0441  9.3850
336 352 -0.0062 -0.0932 12.1117
352 352 -0.0244 -0.3178 13.6273
368 352  0.0097 -0.7178 13.8325
384 352  0.0000  0.0000 14.2179
400 352  0.0000  0.0000 17.9193
416 352 -0.0856 -0.9596 27.7455
 32 368  0.0235 -0.0253 37.1930
 48 368  0.0000  0.0000 61.2226
 64 368  0.0000  0.0000 69.6371
 80 368  0.0000  0.0000 77.4733
 96 368 -0.1091 -0.2539 73.4282
112 368  0.0000  0.0000 48.9329
128 368  0.0000  0.0000 24.1154
144 368 -0.1295 -1.1377 16.8653
160 368 -0.0502 -0.6906 11.6882
176 368 -0.0832 -0.3111  8.6893
192 368 -0.0497 -0.1345  6.8105
208 368 -0.0039 -0.0338  5.7162
224 368  0.0182 -0.0219  5.3939
240 368  0.0392 -0.0352  5.2380
256 368  0.0254 -0.0300  5.3185
272 368  0.0328 -0.0316  5.7681
288 368  0.0287 -0.0171  6.1722
304 368  0.0159 -0.0024  7.4532
320 368  0.0150 -0.0280  9.1364
336 368  0.0011 -0.0828 11.8926
352 368 -0.0298 -0.2826 14.0985
368 368 -0.0593 -0.4294 14.8557
384 368 -0.1121 -0.4621 16.6136
400 368 -0.1470 -0.3743 22.7352
416 368 -0.0839 -0.2403 38.6510
 32 384  0.0384 -0.0130 33.5706
 48 384  0.0317 -0.0134 61.2295
 64 384  0.0272 -0.0142 82.6062
 80 384 -0.0568  0.0188 54.8106
 96 384 -0.0815 -0.1928 77.5265
112 384  0.0000  0.0000 56.9057
128 384  0.0000  0.0000 30.0050
144 384 -0.1233 -0.8605 19.5977
160 384 -0.1613 -0.4143 14.2055
176 384 -0.0510 -0.1765 10.4861
192 384 -0.0488 -0.0535  7.7574
208 384 -0.0126 -0.0117  6.1523
224 384 -0.0054 -0.0108  5.1665
240 384  0.0072 -0.0095  4.6193
256 384  0.0036 -0.0120  4.4401
272 384  0.0199 -0.0324  4.7617
288 384  0.0259 -0.0137  5.4418
304 384  0.0146 -0.0133  7.1583
320 384  0.0197 -0.0271 10.0569
336 384  0.0005 -0.0596 15.4145
352 384 -0.0454 -0.1244 23.2808
368 384 -0.1023 -0.2071 26.9937
384 384 -0.1396 -0.2269 35.4047
400 384 -0.2195 -0.2015 46.9044
416 384 -0.2196 -0.1945 56.2832
 32 400  0.0415 -0.0127 38.5044
 48 400  0.0360 -0.0120 62.2990
 64 400  0.0340 -0.0080 65.0305
 80 400  0.0183  0.0478 62.4980
 96 400 -0.0597 -0.2065 79.1869
112 400 -0.2280 -0.4776 69.0787
128 400 -0.1475 -0.3526 47.5448
144 400 -0.3767 -0.2703 37.7095
160 400 -0.1058 -0.2172 26.5862
176 400 -0.0169 -0.1069 17.3897
192 400 -0.0288 -0.0373 12.0233
208 400 -0.0140 -0.0008  8.3047
224 400 -0.0181  0.0101  6.3396
240 400 -0.0179  0.0258  5.1616
256 400 -0.0125  0.0526  4.5546
272 400 -0.0016  0.0343  4.5335
288 400  0.0115  0.0058  5.0266
304 400  0.0111 -0.0043  6.6237
320 400  0.0166 -0.0030 10.0429
336 400  0.0066 -0.0087 17.4184
352 400 -0.0112 -0.0184 27.9252
368 400 -0.0417 -0.0205 35.3098
384 400 -0.0909 -0.0223 40.6582
400 400 -0.1111 -0.0230 49.5674
416 400 -0.1872 -0.0388 32.2896
 32 416  0.0418 -0.0072 28.3675
 48 416  0.0412 -0.0101 48.3422
 64 416  0.0442 -0.0112 58.4358
 80 416  0.0378  0.0336 70.8915
 96 416  0.0680  0.0159 47.8114
112 416  0.1471 -0.1090 71.4098
128 416  0.2189 -0.1302 54.8647
144 416  0.2247 -0.1654 35.7822
160 416  0.0669 -0.0893 40.9361
176 416 -0.0000  0.0120 27.5584
192 416 -0.0059  0.0060 17.4384
208 416 -0.0057  0.0042 11.5183
224 416 -0.0154  0.0109  9.0468
240 416 -0.0269  0.0327  6.9520
256 416 -0.0339  0.0895  5.7452
272 416 -0.0147  0.0983  5.4383
288 416  0.0021  0.0786  5.7049
304 416  0.0085  0.0551  6.7168
320 416  0.0107  0.0258  8.4331
336 416  0.0008  0.0033 10.5490
352 416 -0.0124 -0.0084 11.8534
368 416 -0.0036 -0.0125 13.1547
384 416 -0.0018 -0.0111 14.8568
400 416 -0.0008 -0.0070 16.1824
416 416 -0.0055 -0.0052 19.0358
 32 432  0.0385 -0.0049 23.4885
 48 432  0.0494 -0.0147 45.2869
 64 432  0.0509 -0.0178 47.3099
 80 432  0.0706 -0.0300 53.0365
 96 432  0.0970 -0.0542 55.9356
112 432  0.1302 -0.1215 77.2757
128 432  0.2089 -0.1350 62.1407
144 432  0.2023 -0.1341 59.0650
160 432  0.0600 -0.0486 49.7592
176 432 -0.0037  0.0517 30.8844
192 432 -0.0079  0.0204 19.8238
208 432 -0.0094  0.0091 14.7048
224 432 -0.0143  0.0133 12.5169
240 432 -0.0225  0.0280 10.0029
256 432 -0.0269  0.0616  7.9365
272 432 -0.0139  0.0741  7.1172
288 432 -0.0010  0.0756  7.1246
304 432  0.0012  0.0604  7.9009
320 432  0.0022  0.0259  9.1867
336 432 -0.0036  0.0080 10.5511
352 432 -0.0126 -0.0101 10.1964
368 432 -0.0031 -0.0119  9.6328
384 432  0.0011 -0.0081  9.2013
400 432  0.0026 -0.0028  8.9593
416 432  0.0009 -0.0033  9.4041
 32 448  0.0418 -0.0147 18.6722
 48 448  0.0451 -0.0202 28.7504
 64 448  0.0462 -0.0221 32.7123
 80 448  0.0564 -0.0311 33.2150
 96 448  0.0690 -0.0587 37.2324
112 448  0.0775 -0.0930 64.6372
128 448  0.0855 -0.1050 72.1876
144 448  0.0798 -0.1040 71.1795
160 448  0.0136 -0.0260 78.6779
176 448 -0.0075  0.0085 57.1933
192 448 -0.0047  0.0048 24.8037
208 448  0.0002  0.0058 18.6870
224 448 -0.0078  0.0128 16.6773
240 448 -0.0142  0.0217 14.7312
256 448 -0.0182  0.0455 11.7047
272 448 -0.0203  0.0480  9.8959
288 448 -0.0152  0.0612  8.8483
304 448 -0.0086  0.0554  8.9506
320 448 -0.0066  0.0332  9.5123
336 448 -0.0032  0.0101 10.4109
352 448 -0.0132 -0.0080 10.2396
368 448 -0.0036 -0.0100  9.7891
384 448 -0.0001 -0.0016  9.1913
400 448  0.0001  0.0174  8.5872
416 448 -0.0009  0.0083  8.4252
 32 464  0.0365 -0.0136 19.6989
 48 464  0.0360 -0.0195 23.4480
 64 464  0.0359 -0.0223 24.6334
 80 464  0.0432 -0.0283 24.4677
 96 464  0.0477 -0.0434 26.3330
112 464  0.0556 -0.0730 40.0349
128 464  0.0697 -0.0890 58.7974
144 464  0.0764 -0.1025 84.3468
160 464  0.0697 -0.1093 79.9167
176 464  0.0305 -0.0974 34.9145
192 464 -0.0017  0.0219 39.9782
208 464  0.0237  0.0064 25.9654
224 464  0.0164  0.0049 19.5158
240 464  0.0006  0.0056 17.9638
256 464 -0.0017  0.0216 17.7669
272 464 -0.0128  0.0275 15.6273
288 464 -0.0131  0.0294 13.4254
304 464 -0.0073  0.0309 13.4241
320 464 -0.0053  0.0225 13.5961
336 464  0.0001  0.0167 13.9733
352 464 -0.0121  0.0126 12.5667
368 464 -0.0028  0.0126 10.8334
384 464  0.0005  0.0097  9.6300
400 464  0.0011  0.0171  8.9069
416 464 -0.0020  0.0080  8.5422
