VARIABLES= "X pix", "Y pix", "U pix/dt", "V pix/dt", "CHC", ZONE I=25, J=28
 32  32  0.0034 -0.0180 28.5209
 48  32  0.0072 -0.0129 31.6125
 64  32  0.0073 -0.0122 41.6295
 80  32  0.0070 -0.0091 40.4178
 96  32  0.0008 -0.0008 98.5540
112  32  0.0004 -0.0004 62.8720
128  32  0.0007  0.0003 52.3416
144  32  0.0007  0.0004 46.1697
160  32  0.0009  0.0015 65.6376
176  32  0.0011  0.0017 53.5207
192  32  0.0029 -0.0011 38.8102
208  32  0.0025 -0.0011 37.1923
224  32  0.0021 -0.0012 34.3702
240  32  0.0035 -0.0010 45.2320
256  32  0.0009  0.0012 54.3717
272  32  0.0014  0.0014 51.4379
288  32  0.0033 -0.0035 50.3044
304  32  0.0040 -0.0040 58.2404
320  32  0.0068 -0.0076 81.1392
336  32  0.0151 -0.0149 109.4199
352  32  0.0212  0.0026 114.3354
368  32  0.0223 -0.0050 93.4820
384  32  0.0214  0.0051 63.5196
400  32  0.0140  0.0013 48.1390
416  32  0.0184  0.0036 41.7796
 32  48 -0.0152 -0.0210 20.1680
 48  48  0.0007 -0.0415 68.1541
 64  48  0.0029 -0.0379 63.7403
 80  48  0.0021 -0.0344 58.2851
 96  48  0.0020 -0.0110 88.8362
112  48  0.0014 -0.0016 68.2818
128  48  0.0019  0.0010 59.9664
144  48  0.0016  0.0021 51.5747
160  48  0.0029  0.0072 68.8221
176  48  0.0033  0.0072 60.4037
192  48  0.0054  0.0030 49.6758
208  48  0.0060  0.0022 52.9917
224  48  0.0056  0.0005 53.5162
240  48  0.0091  0.0002 70.3525
256  48  0.0050  0.0028 80.1142
272  48  0.0053  0.0026 66.1481
288  48  0.0060 -0.0040 57.2093
304  48  0.0065 -0.0041 62.6687
320  48  0.0106 -0.0084 85.0463
336  48  0.0165 -0.0128 93.5381
352  48  0.0206 -0.0012 89.7856
368  48  0.0193 -0.0056 79.1940
384  48  0.0212  0.0073 55.4130
400  48  0.0184  0.0078 47.2215
416  48  0.0128  0.0133 75.9861
 32  64 -0.0251 -0.0406 27.5245
 48  64 -0.0025 -0.0438 104.3778
 64  64  0.0003 -0.0380 90.7147
 80  64  0.0011 -0.0348 99.8374
 96  64  0.0063 -0.0171 115.9942
112  64  0.0036 -0.0037 94.2431
128  64  0.0040  0.0013 83.6244
144  64  0.0034  0.0032 67.8992
160  64  0.0035  0.0104 79.3779
176  64  0.0060  0.0122 77.1870
192  64  0.0066  0.0132 73.3382
208  64  0.0083  0.0127 82.3396
224  64  0.0080  0.0095 82.2720
240  64  0.0101  0.0078 88.6279
256  64  0.0121  0.0060 107.8001
272  64  0.0197  0.0034 100.1502
288  64  0.0182 -0.0015 106.4641
304  64  0.0198 -0.0020 126.7889
320  64  0.0215 -0.0056 120.7435
336  64  0.0192 -0.0040 123.8617
352  64  0.0197 -0.0030 116.3630
368  64  0.0187 -0.0053 103.7528
384  64  0.0235  0.0032 95.7252
400  64  0.0216  0.0040 84.9543
416  64  0.0184  0.0101 91.0116
 32  80 -0.0371 -0.0635 101.7100
 48  80 -0.0077 -0.0468 171.7268
 64  80 -0.0029 -0.0392 161.4092
 80  80 -0.0000 -0.0352 149.0586
 96  80  0.0074 -0.0276 134.9348
112  80  0.0072 -0.0098 119.3435
128  80  0.0094  0.0018 128.1705
144  80  0.0091  0.0076 120.0093
160  80  0.0081  0.0200 130.5030
176  80  0.0136  0.0241 129.0904
192  80  0.0133  0.0235 116.4293
208  80  0.0149  0.0226 134.3351
224  80  0.0153  0.0190 117.9805
240  80  0.0092  0.0124 102.1647
256  80  0.0097  0.0088 103.4881
272  80  0.0158  0.0041 100.2001
288  80  0.0129 -0.0004 104.3616
304  80  0.0202 -0.0039 109.9995
320  80  0.0218 -0.0076 109.1333
336  80  0.0196 -0.0062 110.2592
352  80  0.0232 -0.0075 105.9801
368  80  0.0230 -0.0100 114.5486
384  80  0.0254 -0.0021 110.7760
400  80  0.0207  0.0001 104.8044
416  80  0.0179  0.0112 111.3366
 32  96 -0.0525 -0.0776 110.3867
 48  96 -0.0180 -0.0646 169.4736
 64  96 -0.0131 -0.0563 166.6000
 80  96 -0.0093 -0.0524 166.1739
 96  96 -0.0015 -0.0406 137.9790
112  96  0.0029 -0.0100 119.8813
128  96  0.0027 -0.0029 114.9064
144  96  0.0041  0.0034 113.4430
160  96  0.0061  0.0185 132.4231
176  96  0.0136  0.0207 138.1166
192  96  0.0137  0.0207 127.2370
208  96  0.0162  0.0206 130.3992
224  96  0.0170  0.0171 117.0302
240  96  0.0097  0.0128 103.9998
256  96  0.0114  0.0094 104.7423
272  96  0.0185  0.0010 102.7335
288  96  0.0156 -0.0038 104.9507
304  96  0.0237 -0.0089 107.8000
320  96  0.0236 -0.0105 100.0662
336  96  0.0213 -0.0093 98.9492
352  96  0.0247 -0.0108 102.9651
368  96  0.0233 -0.0112 108.4566
384  96  0.0265 -0.0052 105.8706
400  96  0.0170  0.0048 114.1195
416  96  0.0124  0.0216 112.4892
 32 112 -0.0543 -0.0857 101.2097
 48 112 -0.0333 -0.0786 158.5011
 64 112 -0.0279 -0.0689 151.2802
 80 112 -0.0185 -0.0601 167.0019
 96 112 -0.0086 -0.0471 151.5766
112 112  0.0009 -0.0152 135.3627
128 112  0.0028 -0.0080 129.7223
144 112  0.0061  0.0013 104.2682
160 112  0.0074  0.0138 111.1645
176 112  0.0180  0.0175 130.7560
192 112  0.0180  0.0185 126.9720
208 112  0.0168  0.0172 138.5035
224 112  0.0179  0.0151 117.5712
240 112  0.0095  0.0165 94.7849
256 112  0.0107  0.0101 91.0038
272 112  0.0199 -0.0017 96.8020
288 112  0.0176 -0.0054 106.5698
304 112  0.0264 -0.0125 99.6062
320 112  0.0269 -0.0136 94.9969
336 112  0.0256 -0.0133 94.5943
352 112  0.0281 -0.0156 95.1880
368 112  0.0265 -0.0143 108.2164
384 112  0.0284 -0.0096 114.3352
400 112  0.0177  0.0022 114.9029
416 112  0.0135  0.0212 123.2453
 32 128 -0.0617 -0.0947 101.0686
 48 128 -0.0375 -0.0838 156.4709
 64 128 -0.0311 -0.0741 173.6433
 80 128 -0.0207 -0.0639 190.4441
 96 128 -0.0174 -0.0558 162.5206
112 128 -0.0056 -0.0262 119.7481
128 128 -0.0038 -0.0201 117.0500
144 128 -0.0008 -0.0088 88.4581
160 128  0.0096  0.0071 103.1142
176 128  0.0117  0.0084 137.8420
192 128  0.0123  0.0090 141.9374
208 128  0.0127  0.0104 148.1224
224 128  0.0174  0.0077 133.2829
240 128  0.0120  0.0090 112.9006
256 128  0.0150  0.0035 101.5697
272 128  0.0197 -0.0037 98.9303
288 128  0.0188 -0.0079 98.4957
304 128  0.0293 -0.0164 91.1774
320 128  0.0296 -0.0172 90.7265
336 128  0.0278 -0.0182 94.9873
352 128  0.0311 -0.0205 101.0362
368 128  0.0294 -0.0182 115.7035
384 128  0.0278 -0.0126 122.4392
400 128  0.0143  0.0045 121.7708
416 128  0.0078  0.0273 127.8414
 32 144 -0.1001 -0.1308 88.2274
 48 144 -0.0709 -0.1172 141.2985
 64 144 -0.0649 -0.1108 143.1481
 80 144 -0.0426 -0.0874 174.7106
 96 144 -0.0328 -0.0742 169.3803
112 144 -0.0127 -0.0364 126.8027
128 144 -0.0077 -0.0214 121.5697
144 144 -0.0076 -0.0109 92.1953
160 144  0.0036  0.0049 109.7636
176 144  0.0083  0.0066 140.0602
192 144  0.0106  0.0075 142.8573
208 144  0.0120  0.0097 144.5223
224 144  0.0164  0.0073 134.1838
240 144  0.0195  0.0053 120.9806
256 144  0.0221 -0.0003 113.4448
272 144  0.0276 -0.0091 98.9093
288 144  0.0319 -0.0163 99.0353
304 144  0.0357 -0.0208 90.2544
320 144  0.0362 -0.0222 87.7789
336 144  0.0336 -0.0241 94.9581
352 144  0.0332 -0.0241 91.9911
368 144  0.0291 -0.0206 100.7788
384 144  0.0255 -0.0134 114.5536
400 144  0.0138  0.0044 112.1730
416 144  0.0047  0.0249 119.0165
 32 160 -0.1272 -0.1727 74.8326
 48 160 -0.1338 -0.1604 115.7888
 64 160 -0.1167 -0.1493 135.4003
 80 160 -0.0778 -0.1096 155.3058
 96 160 -0.0639 -0.0973 151.7966
112 160 -0.0188 -0.0485 120.6889
128 160 -0.0147 -0.0232 110.2972
144 160 -0.0181 -0.0148 96.9836
160 160 -0.0102 -0.0037 105.1767
176 160 -0.0053  0.0018 110.4158
192 160  0.0019  0.0054 119.6874
208 160  0.0094  0.0072 122.2096
224 160  0.0173  0.0023 114.4107
240 160  0.0223 -0.0040 118.7166
256 160  0.0251 -0.0085 112.9304
272 160  0.0277 -0.0146 103.0336
288 160  0.0318 -0.0219 101.3247
304 160  0.0350 -0.0252 96.2572
320 160  0.0365 -0.0301 91.7015
336 160  0.0327 -0.0302 108.2818
352 160  0.0320 -0.0283 101.9322
368 160  0.0272 -0.0228 109.2958
384 160  0.0226 -0.0132 128.1891
400 160  0.0158 -0.0033 113.6604
416 160  0.0061  0.0154 98.4714
 32 176 -0.1892 -0.1917 109.4037
 48 176 -0.1867 -0.1998 126.2171
 64 176 -0.1747 -0.1909 129.8099
 80 176 -0.1386 -0.1666 121.8968
 96 176 -0.1070 -0.1424 107.2209
112 176 -0.0507 -0.0760 101.7911
128 176 -0.0347 -0.0342 101.0245
144 176 -0.0248 -0.0206 98.1693
160 176 -0.0141 -0.0066 100.1467
176 176 -0.0094 -0.0009 105.8055
192 176 -0.0031  0.0017 116.0202
208 176  0.0053  0.0025 115.5428
224 176  0.0145 -0.0021 123.8406
240 176  0.0232 -0.0077 128.2906
256 176  0.0260 -0.0125 125.3730
272 176  0.0294 -0.0186 118.2530
288 176  0.0330 -0.0258 105.2578
304 176  0.0334 -0.0300 100.0443
320 176  0.0345 -0.0370 89.4342
336 176  0.0279 -0.0371 113.1240
352 176  0.0301 -0.0329 109.1582
368 176  0.0243 -0.0249 111.1524
384 176  0.0181 -0.0103 126.3615
400 176  0.0120 -0.0007 113.3762
416 176 -0.0032  0.0167 102.7502
 32 192 -0.2154 -0.2022 92.4439
 48 192 -0.2070 -0.2072 110.0527
 64 192 -0.1934 -0.1996 119.4830
 80 192 -0.1517 -0.1790 116.3409
 96 192 -0.1312 -0.1660 102.3934
112 192 -0.0814 -0.1049 79.1750
128 192 -0.0541 -0.0418 89.8114
144 192 -0.0412 -0.0261 92.1915
160 192 -0.0356 -0.0162 93.4360
176 192 -0.0336 -0.0242 109.7303
192 192 -0.0285 -0.0261 113.2540
208 192 -0.0192 -0.0266 108.7581
224 192 -0.0055 -0.0278 106.0485
240 192  0.0201 -0.0229 93.9880
256 192  0.0239 -0.0238 98.4180
272 192  0.0329 -0.0331 94.1927
288 192  0.0380 -0.0574 83.0643
304 192  0.0422 -0.1024 94.2649
320 192  0.0391 -0.0919 91.2961
336 192  0.0362 -0.0909 101.6278
352 192  0.0331 -0.0665 107.8357
368 192  0.0179 -0.0239 104.8707
384 192  0.0119 -0.0082 124.2856
400 192  0.0063 -0.0010 105.1261
416 192 -0.0085  0.0139 97.2362
 32 208  0.0000  0.0000 100.4512
 48 208 -0.2428 -0.2033 132.7227
 64 208 -0.2102 -0.2295 132.2122
 80 208 -0.1899 -0.2047 114.9463
 96 208 -0.1708 -0.1898 116.5718
112 208 -0.1545 -0.1449 97.7350
128 208 -0.0807 -0.0561 93.1116
144 208 -0.0708 -0.0386 95.0314
160 208 -0.0714 -0.0255 87.4908
176 208 -0.0596 -0.0329 111.8865
192 208 -0.0583 -0.0355 107.5839
208 208 -0.0410 -0.0336 107.1771
224 208 -0.0092 -0.0424 112.7967
240 208  0.0264 -0.0396 96.9063
256 208  0.0323 -0.0406 104.5737
272 208  0.0363 -0.0654 102.1958
288 208  0.0345 -0.1000 88.7754
304 208  0.0335 -0.1375 95.3575
320 208  0.0312 -0.1273 87.5930
336 208  0.0286 -0.1224 86.1899
352 208  0.0276 -0.0936 102.3031
368 208  0.0111 -0.0345 104.8348
384 208  0.0057 -0.0150 121.7731
400 208 -0.0022  0.0003 100.8191
416 208 -0.0141  0.0129 92.9478
 32 224  0.0000  0.0000 109.1859
 48 224 -0.2649 -0.2030 111.7215
 64 224 -0.2382 -0.2398 121.7338
 80 224 -0.2283 -0.2175 101.1159
 96 224 -0.2135 -0.2087 82.7371
112 224 -0.2104 -0.1876 90.4402
128 224 -0.1675 -0.1076 79.8738
144 224 -0.1436 -0.0751 78.5101
160 224 -0.1169 -0.0410 90.2546
176 224 -0.0824 -0.0471 112.3537
192 224 -0.0694 -0.0487 119.7017
208 224 -0.0521 -0.0511 112.7479
224 224 -0.0221 -0.0668 107.8118
240 224  0.0225 -0.0837 73.5463
256 224  0.0341 -0.0814 73.1260
272 224  0.0363 -0.1026 81.4143
288 224  0.0269 -0.1349 78.3959
304 224  0.0140 -0.1594 88.7553
320 224  0.0150 -0.1598 83.5674
336 224  0.0126 -0.1671 89.3434
352 224  0.0212 -0.1391 101.2971
368 224  0.0099 -0.0846 99.5944
384 224  0.0074 -0.0665 100.6707
400 224 -0.0041 -0.0169 97.8689
416 224 -0.0212  0.0101 96.2250
 32 240  0.0000  0.0000 86.6311
 48 240 -0.2769 -0.1855 88.6145
 64 240 -0.2112 -0.2447 97.8291
 80 240 -0.2766 -0.2416 102.8636
 96 240 -0.2672 -0.2212 95.3540
112 240 -0.2352 -0.1860 114.9073
128 240 -0.1827 -0.1319 88.1245
144 240 -0.1608 -0.0967 95.9943
160 240 -0.0974 -0.0645 96.1929
176 240 -0.0614 -0.0638 111.9885
192 240 -0.0457 -0.0661 96.9458
208 240 -0.0273 -0.0701 95.2058
224 240 -0.0136 -0.0879 106.2720
240 240  0.0175 -0.0942 72.4453
256 240  0.0217 -0.0910 69.4668
272 240  0.0060 -0.1059 78.4529
288 240  0.0033 -0.1271 69.1751
304 240 -0.0123 -0.1154 80.7051
320 240 -0.0070 -0.1262 77.1925
336 240 -0.0006 -0.1433 81.4606
352 240  0.0084 -0.1264 82.8039
368 240  0.0095 -0.1054 89.5881
384 240  0.0058 -0.0884 100.3605
400 240 -0.0072 -0.0210 103.7653
416 240 -0.0287  0.0107 104.2911
 32 256  0.0000  0.0000 102.3476
 48 256 -0.2431 -0.1649 98.4898
 64 256 -0.1583 -0.2245 105.0239
 80 256 -0.2565 -0.2196 91.5277
 96 256 -0.2619 -0.2179 91.4157
112 256 -0.2260 -0.1806 99.2555
128 256 -0.1658 -0.1299 85.5395
144 256 -0.1283 -0.0956 97.5787
160 256 -0.0676 -0.0710 86.7465
176 256 -0.0370 -0.0725 81.8035
192 256 -0.0010 -0.0330 91.7480
208 256  0.0393  0.0081 93.1410
224 256  0.0415  0.0080 92.8396
240 256  0.0421  0.0199 78.9288
256 256  0.0840  0.0268 70.2047
272 256  0.1420 -0.0062 72.0432
288 256  0.0750 -0.0227 63.8482
304 256  0.0519  0.0382 43.5094
320 256  0.0573  0.0312 50.8813
336 256  0.0450  0.0292 52.5974
352 256  0.0381  0.0368 56.2013
368 256  0.0197 -0.0623 93.0872
384 256  0.0043 -0.1058 87.8293
400 256 -0.0072 -0.0424 96.1935
416 256 -0.0387  0.0053 95.7512
 32 272 -0.0781 -0.1065 65.1873
 48 272 -0.1196 -0.1380 77.6351
 64 272 -0.1171 -0.1745 97.2766
 80 272 -0.2019 -0.1941 85.0809
 96 272 -0.1545 -0.1755 103.9030
112 272 -0.1499 -0.1633 113.9278
128 272 -0.1058 -0.1385 95.7442
144 272 -0.0861 -0.1207 92.0734
160 272 -0.0122 -0.0821 63.4371
176 272  0.0335 -0.0751 54.2367
192 272  0.0180  0.0078 65.3155
208 272  0.0445  0.0417 36.2823
224 272  0.1021 -0.0240 28.5221
240 272  0.1035  0.0043 23.4967
256 272  0.1120  0.0156 20.2453
272 272  0.1929 -0.0189 19.4572
288 272  0.1578 -0.0777 17.7508
304 272  0.1168 -0.0611 13.6427
320 272  0.1995 -0.0364 16.4902
336 272  0.1824 -0.0479 20.3452
352 272  0.1192  0.0529 27.3049
368 272  0.1155  0.0059 61.7909
384 272  0.0257 -0.1305 63.9884
400 272 -0.0024 -0.0539 73.3463
416 272 -0.0298 -0.0161 86.2850
 32 288 -0.0106 -0.0918 70.1020
 48 288 -0.0226 -0.1042 78.9114
 64 288 -0.0350 -0.1430 104.5067
 80 288 -0.0732 -0.1677 92.4907
 96 288 -0.0904 -0.1683 114.5654
112 288 -0.0771 -0.1544 118.5392
128 288 -0.0061 -0.1338 89.3461
144 288  0.0132 -0.1168 96.3521
160 288  0.1112 -0.0896 50.7815
176 288  0.0645 -0.0133 83.2357
192 288  0.0154  0.0172 32.9190
208 288  0.0329  0.0362 22.9084
224 288  0.0783 -0.0439 18.4610
240 288  0.0831 -0.0689 15.1410
256 288  0.1438 -0.1066 13.5456
272 288  0.2247 -0.1710 11.6180
288 288  0.1899 -0.2460  9.9278
304 288  0.1657 -0.2160  8.4245
320 288  0.2017 -0.1320  9.4690
336 288  0.2356 -0.1369 10.2390
352 288  0.0000  0.0000 13.1239
368 288  0.1755 -0.0559 25.5357
384 288  0.0767 -0.1347 43.6083
400 288  0.0322 -0.0809 84.7421
416 288 -0.0351 -0.0217 71.0986
 32 304  0.0192 -0.0830 69.7077
 48 304  0.0070 -0.0912 82.9368
 64 304 -0.0151 -0.1205 93.0436
 80 304 -0.0124 -0.1451 103.8651
 96 304 -0.0469 -0.1588 111.6123
112 304  0.0003 -0.1496 112.4182
128 304  0.0576 -0.1268 68.4033
144 304  0.0837 -0.1084 54.0344
160 304  0.1407 -0.0669 47.7710
176 304  0.0410 -0.0067 44.7714
192 304  0.0084 -0.0010 21.5802
208 304  0.0200  0.0217 17.8826
224 304  0.0622 -0.0587 15.8193
240 304  0.0794 -0.1303 13.9963
256 304  0.1532 -0.1942 11.7573
272 304  0.2413 -0.2441  9.3060
288 304  0.2081 -0.3349  7.7489
304 304  0.1925 -0.3020  6.9848
320 304  0.1847 -0.1968  7.3337
336 304  0.2372 -0.2871  7.5417
352 304  0.2450 -0.1914  9.1290
368 304  0.2078 -0.2143 15.5443
384 304  0.0000  0.0000 27.0901
400 304  0.0199 -0.1603 70.5473
416 304 -0.0426 -0.0169 66.6752
 32 320  0.0521 -0.0776 49.7886
 48 320  0.0516 -0.0841 70.0397
 64 320  0.0305 -0.1125 112.8149
 80 320  0.0303 -0.1477 93.1420
 96 320 -0.0278 -0.1640 115.8350
112 320  0.0752 -0.1567 102.2630
128 320  0.1230 -0.1348 75.7218
144 320  0.1133 -0.0966 49.0547
160 320  0.0505 -0.0076 58.6254
176 320  0.0216  0.0189 24.8426
192 320  0.0121  0.0173 14.3959
208 320  0.0126  0.0246 12.4274
224 320  0.0585 -0.0331 11.5137
240 320  0.1246 -0.0872 11.5615
256 320  0.1559 -0.1239 10.3584
272 320  0.2384 -0.2058  8.4249
288 320  0.1892 -0.2995  7.6517
304 320  0.2141 -0.2262  7.4142
320 320  0.1620 -0.2106  7.4896
336 320  0.2726 -0.2807  7.3556
352 320  0.2457 -0.2241  8.2918
368 320  0.1725 -0.2830 12.2908
384 320  0.0220 -0.4377 20.6167
400 320  0.0000  0.0000 49.3899
416 320  0.0000  0.0000 63.5615
 32 336  0.0642 -0.0822 52.7324
 48 336  0.0646 -0.0880 70.2942
 64 336  0.0604 -0.1034 91.9058
 80 336  0.0658 -0.1486 93.5551
 96 336  0.0734 -0.1727 78.9477
112 336  0.1737 -0.1564 90.7054
128 336  0.1618 -0.1134 53.8320
144 336  0.0604 -0.0064 55.6332
160 336  0.0433  0.0064 30.2703
176 336  0.0239  0.0361 14.7746
192 336  0.0159  0.0296  9.8307
208 336 -0.0021  0.0324  8.4670
224 336  0.0329  0.0131  8.4130
240 336  0.1000 -0.0368  9.3899
256 336  0.1282 -0.0724  9.3402
272 336  0.1507 -0.0868  8.2913
288 336  0.0740 -0.0909  7.7094
304 336  0.1275 -0.1096  7.6798
320 336  0.0460 -0.1529  8.1589
336 336  0.2017 -0.2619  8.0881
352 336  0.2290 -0.4043  8.1500
368 336  0.2505 -0.5792  9.7164
384 336  0.1652 -0.7159 13.7720
400 336  0.0000  0.0000 26.2462
416 336  0.1262 -0.5872 65.3336
 32 352  0.0789 -0.0616 38.0468
 48 352  0.0924 -0.0748 68.9555
 64 352  0.0886 -0.0852 71.9238
 80 352  0.1096 -0.1388 81.2678
 96 352  0.1317 -0.1723 50.3256
112 352  0.0000  0.0000 60.4890
128 352  0.0500  0.0012 78.6359
144 352  0.0248  0.0115 35.2686
160 352  0.0177  0.0056 20.6009
176 352  0.0104  0.0147 11.0718
192 352  0.0168  0.0030  8.0803
208 352  0.0139  0.0181  6.8313
224 352  0.0397  0.0359  6.3343
240 352  0.0697  0.0383  7.1086
256 352  0.0796  0.0600  7.2173
272 352  0.0622  0.0637  6.9075
288 352 -0.0088  0.0538  7.1146
304 352  0.0215  0.0356  7.1804
320 352 -0.0332 -0.0626  7.9288
336 352  0.0667 -0.1808  8.6744
352 352  0.1355 -0.3473  9.1765
368 352  0.2052 -0.6151  9.7244
384 352  0.2101 -0.7192 12.4849
400 352  0.0000  0.0000 20.2635
416 352  0.0000  0.0000 51.5271
 32 368  0.0000  0.0000 42.1485
 48 368  0.0960 -0.0663 52.8461
 64 368  0.0951 -0.0759 85.4602
 80 368  0.1188 -0.1410 57.2801
 96 368  0.1233 -0.1519 34.2884
112 368  0.0541 -0.0359 72.7581
128 368  0.0127 -0.0155 37.1530
144 368 -0.0118 -0.0406 23.0169
160 368 -0.0017 -0.0314 16.8405
176 368  0.0016 -0.0167 10.7909
192 368  0.0359 -0.0226  7.8582
208 368  0.0685  0.0054  6.2086
224 368  0.0861  0.0551  5.4393
240 368  0.0751  0.0982  5.4293
256 368  0.0512  0.1618  5.4954
272 368  0.0098  0.1109  5.7820
288 368 -0.0285  0.0657  6.3604
304 368  0.0116  0.0360  6.8665
320 368 -0.0273 -0.0355  7.9600
336 368  0.0169 -0.0921  9.5185
352 368  0.0984 -0.4392 10.4055
368 368  0.0000  0.0000 10.2653
384 368  0.0000  0.0000 12.1080
400 368  0.0000  0.0000 17.9265
416 368  0.0000  0.0000 37.0659
 32 384  0.0000  0.0000 28.9456
 48 384  0.0000  0.0000 54.2429
 64 384  0.0913 -0.0563 68.9187
 80 384  0.1168 -0.1320 63.5993
 96 384  0.0986 -0.1361 46.1112
112 384  0.0093 -0.0169 63.4690
128 384 -0.0015 -0.0062 34.7267
144 384 -0.0199 -0.0373 22.5428
160 384 -0.0172 -0.0310 17.6077
176 384  0.0076 -0.0293 12.2914
192 384  0.0343 -0.0238  8.7297
208 384  0.0912 -0.0347  6.5999
224 384  0.1389 -0.0274  5.3138
240 384  0.0733  0.0039  4.7615
256 384  0.0413  0.0520  4.5140
272 384 -0.0141  0.0523  4.8349
288 384 -0.0298  0.0512  5.7162
304 384 -0.0034  0.0020  7.2499
320 384 -0.0029 -0.0273  9.3183
336 384  0.0240 -0.0802 11.5810
352 384  0.2637 -0.2521 11.9936
368 384  0.0000  0.0000 11.0436
384 384  0.0000  0.0000 13.0739
400 384  0.0000  0.0000 19.6428
416 384  0.0000  0.0000 37.8089
 32 400  0.0000  0.0000 31.9795
 48 400  0.0000  0.0000 57.0511
 64 400  0.0889 -0.0574 61.1064
 80 400  0.0784 -0.0907 60.5056
 96 400  0.0594 -0.0964 35.6887
112 400  0.0003 -0.0060 63.0541
128 400 -0.0024 -0.0001 35.8215
144 400 -0.0569 -0.0369 26.3513
160 400 -0.0564 -0.0333 22.2773
176 400 -0.0192 -0.0330 15.8962
192 400  0.0074 -0.0375 12.3387
208 400  0.0772 -0.0416  9.0082
224 400  0.1194 -0.0715  6.8051
240 400  0.0962 -0.1181  5.5856
256 400  0.0630 -0.1365  4.8261
272 400  0.0048 -0.0855  4.7462
288 400  0.0138 -0.0259  5.2230
304 400 -0.0032  0.0013  6.6937
320 400  0.0003  0.0018  9.6711
336 400  0.0140 -0.0092 13.9579
352 400  0.1454 -0.0414 15.5864
368 400  0.0000  0.0000 14.2694
384 400  0.0000  0.0000 17.3253
400 400  0.0000  0.0000 24.5208
416 400  0.2983 -0.2836 34.5430
 32 416  0.0000  0.0000 24.4778
 48 416  0.0000  0.0000 44.8851
 64 416  0.0724 -0.0531 59.1420
 80 416  0.0725 -0.0803 77.4080
 96 416  0.0505 -0.0811 53.9278
112 416  0.0038 -0.0066 65.9459
128 416 -0.0211 -0.0304 43.8203
144 416 -0.1077 -0.0484 40.5893
160 416 -0.1046 -0.0407 34.8877
176 416 -0.0377 -0.0244 23.8273
192 416  0.0107 -0.0194 19.2119
208 416  0.0641 -0.0250 12.9263
224 416  0.0821 -0.0516  9.8665
240 416  0.0969 -0.0937  7.6776
256 416  0.0628 -0.1498  6.4420
272 416  0.0200 -0.1538  6.0343
288 416  0.0214 -0.1236  6.3256
304 416  0.0170 -0.1032  7.0942
320 416  0.0083 -0.0646  8.5751
336 416  0.0055 -0.0271 10.5104
352 416  0.0240 -0.0083 11.5723
368 416  0.0393  0.0007 12.2828
384 416  0.0337  0.0161 13.4863
400 416  0.0207  0.0174 14.9630
416 416  0.0081  0.0185 17.6069
 32 432  0.0490 -0.0254 22.0441
 48 432  0.0648 -0.0352 31.1477
 64 432  0.0623 -0.0499 54.1897
 80 432  0.0516 -0.0623 67.4078
 96 432  0.0404 -0.0706 56.8765
112 432  0.0144 -0.0332 89.5494
128 432  0.0069 -0.0198 84.9733
144 432  0.0054 -0.0168 81.7497
160 432 -0.0434  0.0235 62.6157
176 432 -0.0237  0.1203 36.0246
192 432  0.0177  0.1382 23.6457
208 432  0.0458  0.0225 17.1227
224 432  0.0524 -0.0231 14.2233
240 432  0.0633 -0.0547 11.1691
256 432  0.0571 -0.0964  9.2951
272 432  0.0245 -0.1069  8.3656
288 432  0.0301 -0.1047  8.2443
304 432  0.0246 -0.1072  8.6361
320 432  0.0126 -0.0950  9.5813
336 432  0.0215 -0.1263 10.2981
352 432  0.0321 -0.1544  9.7175
368 432  0.0360 -0.1047  9.1510
384 432  0.0339 -0.0361  8.7067
400 432  0.0065  0.0146  8.6415
416 432 -0.0001  0.0343  9.2794
 32 448  0.0406 -0.0333 20.9790
 48 448  0.0395 -0.0386 27.6573
 64 448  0.0401 -0.0422 37.3012
 80 448  0.0372 -0.0520 44.5275
 96 448  0.0317 -0.0568 48.7546
112 448  0.0314 -0.0608 55.8941
128 448  0.0286 -0.0608 67.8667
144 448  0.0270 -0.0598 78.2655
160 448  0.0114 -0.0358 71.6411
176 448 -0.0201  0.0074 78.9568
192 448 -0.0097  0.0115 30.0695
208 448  0.0290  0.0094 24.1469
224 448  0.0205 -0.0188 20.0724
240 448  0.0379 -0.0369 17.5244
256 448  0.0477 -0.0528 14.1993
272 448  0.0321 -0.0675 12.3602
288 448  0.0404 -0.0781 10.7466
304 448  0.0326 -0.0981 10.2386
320 448  0.0188 -0.1004 10.2292
336 448  0.0255 -0.1401 10.4550
352 448  0.0355 -0.1608  9.9366
368 448  0.0426 -0.1525  9.3159
384 448  0.0484 -0.1516  8.4915
400 448  0.0261 -0.1157  7.9998
416 448  0.0166 -0.0751  7.9558
 32 464  0.0485 -0.0369 24.5584
 48 464  0.0456 -0.0374 32.2292
 64 464  0.0351 -0.0376 26.6449
 80 464  0.0309 -0.0374 26.8779
 96 464  0.0243 -0.0372 28.2025
112 464  0.0254 -0.0464 41.8749
128 464  0.0268 -0.0509 57.2672
144 464  0.0298 -0.0550 74.0750
160 464  0.0283 -0.0547 103.6062
176 464  0.0210 -0.0460 54.3382
192 464  0.0060  0.0202 46.9750
208 464  0.0124  0.0137 32.5098
224 464  0.0146  0.0117 21.1285
240 464  0.0126  0.0073 19.2444
256 464  0.0184 -0.0062 19.0609
272 464  0.0276 -0.0309 18.8516
288 464  0.0241 -0.0457 16.4080
304 464  0.0356 -0.0603 15.5529
320 464  0.0346 -0.0778 14.8737
336 464  0.0437 -0.0992 13.5714
352 464  0.0597 -0.1131 11.5945
368 464  0.0612 -0.1348 10.0034
384 464  0.0544 -0.1479  8.8353
400 464  0.0277 -0.1184  8.2941
416 464  0.0182 -0.0828  8.1261
